Word,Ham Count,Spam Count,Total Count,Spam Ratio
the,182369,108358,290727,0.373
to,129788,83271,213059,0.391
and,83450,74024,157474,0.47
of,77632,70803,148435,0.477
a,65425,52640,118065,0.446
in,60698,45914,106612,0.431
for,49831,34582,84413,0.41
you,34584,47467,82051,0.579
is,38242,33284,71526,0.465
thi,29003,34895,63898,0.546
enron,60917,3,60920,0.0
on,41699,17842,59541,0.3
that,35649,21249,56898,0.373
i,37127,19361,56488,0.343
it,33814,19783,53597,0.369
s,36225,16328,52553,0.311
be,29660,21029,50689,0.415
your,13665,34553,48218,0.717
subject,28680,19216,47896,0.401
with,27231,20388,47619,0.428
we,25706,18100,43806,0.413
have,25251,15168,40419,0.375
as,22463,17811,40274,0.442
from,22930,16608,39538,0.42
will,25828,13199,39027,0.338
are,19906,17305,37211,0.465
ect,35331,341,35672,0.01
or,15954,18665,34619,0.539
at,22287,10819,33106,0.327
not,15724,15768,31492,0.501
by,20391,11013,31404,0.351
compani,14757,13969,28726,0.486
our,9614,16029,25643,0.625
com,12585,11617,24202,0.48
if,15486,8326,23812,0.35
all,10099,11604,21703,0.535
pleas,13344,7752,21096,0.367
can,10752,9552,20304,0.47
an,11652,8587,20239,0.424
ha,12444,7596,20040,0.379
wa,11780,6044,17824,0.339
hou,16946,319,17265,0.018
ani,9166,7709,16875,0.457
me,10406,6136,16542,0.371
e,6773,9192,15965,0.576
time,9160,6671,15831,0.421
price,8316,7444,15760,0.472
would,12534,2995,15529,0.193
no,5764,9765,15529,0.629
new,9899,5375,15274,0.352
inform,6170,8864,15034,0.59
market,10042,4987,15029,0.332
more,6780,7986,14766,0.541
do,6852,7245,14097,0.514
my,5969,8016,13985,0.573
am,11467,2502,13969,0.179
busi,7801,6095,13896,0.439
but,8612,4783,13395,0.357
may,6949,6221,13170,0.472
get,6225,6921,13146,0.526
t,6673,6316,12989,0.486
need,7895,4686,12581,0.372
re,9799,2757,12556,0.22
which,7665,4755,12420,0.383
one,6145,6201,12346,0.502
up,7308,4890,12198,0.401
thank,9385,2762,12147,0.227
about,7882,4257,12139,0.351
ga,9343,2689,12032,0.223
been,7225,4698,11923,0.394
said,10836,1049,11885,0.088
they,8003,3610,11613,0.311
out,5699,5813,11512,0.505
report,6230,5275,11505,0.458
energi,9942,1536,11478,0.134
us,5006,6422,11428,0.562
year,7590,3829,11419,0.335
mail,4466,6942,11408,0.609
http,2392,8784,11176,0.786
email,2523,8598,11121,0.773
trade,8717,2296,11013,0.208
here,2774,8211,10985,0.747
messag,7107,3856,10963,0.352
day,6546,4312,10858,0.397
use,5273,5552,10825,0.513
deal,9607,1066,10673,0.1
other,5912,4683,10595,0.442
forward,7028,3505,10533,0.333
stock,5011,5485,10496,0.523
manag,7758,2692,10450,0.258
secur,2788,7491,10279,0.729
he,7565,2672,10237,0.261
work,6433,3640,10073,0.361
know,7284,2626,9910,0.265
servic,5471,4241,9712,0.437
their,6058,3641,9699,0.375
pm,9406,270,9676,0.028
like,5921,3649,9570,0.381
power,8079,1485,9564,0.155
invest,3194,6352,9546,0.665
these,5224,4317,9541,0.452
product,3665,5807,9472,0.613
make,4691,4745,9436,0.503
cc,9285,105,9390,0.011
there,6163,3179,9342,0.34
now,3550,5737,9287,0.618
also,6315,2918,9233,0.316
look,4160,5067,9227,0.549
onli,3287,5763,9050,0.637
so,5498,3493,8991,0.388
what,5395,3365,8760,0.384
over,3960,4787,8747,0.547
provid,4170,4553,8723,0.522
go,4465,4216,8681,0.486
vinc,8623,32,8655,0.004
m,4575,4067,8642,0.471
week,6411,1974,8385,0.235
hi,4609,3764,8373,0.45
some,5887,2451,8338,0.294
d,4771,3340,8111,0.412
includ,4269,3720,7989,0.466
statement,1046,6920,7966,0.869
corp,7474,482,7956,0.061
call,6127,1789,7916,0.226
number,3586,4328,7914,0.547
want,3994,3842,7836,0.49
share,4940,2835,7775,0.365
million,4322,3445,7767,0.444
www,2346,5403,7749,0.697
receiv,3118,4608,7726,0.596
into,4371,3298,7669,0.43
meet,6789,838,7627,0.11
o,2408,5192,7600,0.683
should,5158,2426,7584,0.32
offic,4869,2694,7563,0.356
group,6217,1205,7422,0.162
just,3351,4070,7421,0.548
inc,3892,3507,7399,0.474
offer,2517,4874,7391,0.659
rate,5478,1889,7367,0.256
account,2693,4654,7347,0.633
could,4611,2733,7344,0.372
who,4472,2859,7331,0.39
list,3822,3494,7316,0.478
see,4411,2844,7255,0.392
oper,5067,2148,7215,0.298
risk,4804,2390,7194,0.332
sent,5451,1726,7177,0.24
order,2661,4504,7165,0.629
interest,3677,3403,7080,0.481
take,3905,3146,7051,0.446
p,4125,2925,7050,0.415
contact,3415,3623,7038,0.515
than,4204,2803,7007,0.4
were,5003,2001,7004,0.286
project,3831,3133,6964,0.45
had,5115,1777,6892,0.258
follow,4884,1989,6873,0.289
money,1229,5626,6855,0.821
chang,5142,1709,6851,0.249
j,6111,674,6785,0.099
when,4239,2526,6765,0.373
system,3493,3221,6714,0.48
after,4188,2361,6549,0.361
c,3850,2635,6485,0.406
let,5305,1163,6468,0.18
schedul,6335,131,6466,0.02
state,3511,2946,6457,0.456
name,2808,3634,6442,0.564
financi,4961,1430,6391,0.224
regard,4222,2166,6388,0.339
month,4007,2254,6261,0.36
through,3022,3200,6222,0.514
de,393,5815,6208,0.937
free,1452,4728,6180,0.765
origin,5398,781,6179,0.126
last,4460,1679,6139,0.273
expect,2627,3492,6119,0.571
develop,4065,2050,6115,0.335
credit,4673,1440,6113,0.236
within,1388,4707,6095,0.772
base,3383,2692,6075,0.443
next,3461,2613,6074,0.43
term,3996,2005,6001,0.334
file,4442,1542,5984,0.258
how,3019,2950,5969,0.494
current,3513,2447,5960,0.411
date,4609,1298,5907,0.22
address,1714,4175,5889,0.709
houston,5804,64,5868,0.011
custom,2663,3202,5865,0.546
gener,3504,2360,5864,0.402
question,5082,759,5841,0.13
plan,4326,1451,5777,0.251
help,3521,2236,5757,0.388
best,2126,3508,5634,0.623
them,3510,2070,5580,0.371
today,2897,2677,5574,0.48
start,3406,2119,5525,0.384
issu,4601,870,5471,0.159
news,2409,3045,5454,0.558
veri,3097,2355,5452,0.432
l,2356,3070,5426,0.566
posit,3090,2306,5396,0.427
two,3698,1688,5386,0.313
send,2240,3113,5353,0.582
billion,4556,764,5320,0.144
right,3317,1977,5294,0.373
result,1992,3232,5224,0.619
contract,4301,914,5215,0.175
attach,4681,530,5211,0.102
avail,2592,2604,5196,0.501
program,1974,3198,5172,0.618
process,3051,2113,5164,0.409
futur,1573,3574,5147,0.694
site,1367,3779,5146,0.734
u,2211,2913,5124,0.569
bank,2209,2898,5107,0.567
th,3338,1748,5086,0.344
transact,3398,1682,5080,0.331
well,3243,1834,5077,0.361
first,3034,2024,5058,0.4
investor,3187,1868,5055,0.37
sale,2837,2200,5037,0.437
peopl,2690,2301,4991,0.461
such,2132,2856,4988,0.573
request,3896,1089,4985,0.218
requir,2885,2069,4954,0.418
click,956,3994,4950,0.807
discuss,4044,860,4904,0.175
data,4034,839,4873,0.172
dynegi,4857,0,4857,0.0
back,3287,1559,4846,0.322
kaminski,4840,0,4840,0.0
net,1733,3096,4829,0.641
befor,2192,2611,4803,0.544
softwar,607,4191,4798,0.873
complet,2673,2112,4785,0.441
review,3416,1331,4747,0.28
most,2468,2277,4745,0.48
mani,2050,2694,4744,0.568
per,2776,1912,4688,0.408
don,2495,2164,4659,0.464
made,2003,2655,4658,0.57
r,1053,3551,4604,0.771
come,2644,1935,4579,0.423
x,1920,2627,4547,0.578
cost,2957,1562,4519,0.346
intern,1827,2687,4514,0.595
onlin,909,3600,4509,0.798
b,1805,2668,4473,0.596
note,2798,1623,4421,0.367
good,2383,2033,4416,0.46
addit,3206,1206,4412,0.273
way,2144,2265,4409,0.514
industri,2439,1956,4395,0.445
hour,2735,1660,4395,0.378
perform,2204,2156,4360,0.494
continu,2945,1411,4356,0.324
line,2609,1725,4334,0.398
fund,1546,2783,4329,0.643
becaus,2367,1900,4267,0.445
commun,2963,1292,4255,0.304
research,3399,840,4239,0.198
buy,2411,1824,4235,0.431
below,2447,1773,4220,0.42
off,2887,1322,4209,0.314
mr,2063,2141,4204,0.509
think,3169,1015,4184,0.243
under,2556,1619,4175,0.388
unit,2639,1505,4144,0.363
home,1250,2879,4129,0.697
much,2360,1743,4103,0.425
close,3429,669,4098,0.163
give,2387,1701,4088,0.416
say,2870,1203,4073,0.295
save,689,3377,4066,0.831
find,2134,1927,4061,0.475
part,1847,2167,4014,0.54
valu,2835,1147,3982,0.288
present,2517,1453,3970,0.366
then,2111,1849,3960,0.467
john,3690,259,3949,0.066
own,1768,2172,3940,0.551
updat,3057,881,3938,0.224
those,2152,1766,3918,0.451
due,2025,1872,3897,0.48
jone,3710,185,3895,0.047
high,1758,2110,3868,0.546
each,2434,1433,3867,0.371
final,2903,940,3843,0.245
long,2403,1410,3813,0.37
sell,2099,1693,3792,0.446
move,2471,1311,3782,0.347
end,2762,1019,3781,0.27
asset,3120,642,3762,0.171
even,1959,1803,3762,0.479
phone,1846,1909,3755,0.508
california,3438,302,3740,0.081
team,2946,792,3738,0.212
person,1724,2003,3727,0.537
sinc,2367,1337,3704,0.361
approv,2193,1508,3701,0.407
cash,2198,1491,3689,0.404
natur,2567,1121,3688,0.304
louis,3664,7,3671,0.002
total,1939,1715,3654,0.469
believ,1625,2025,3650,0.555
execut,2964,678,3642,0.186
increas,1767,1849,3616,0.511
option,3124,476,3600,0.132
doe,1680,1905,3585,0.531
limit,1911,1650,3561,0.463
support,2530,1028,3558,0.289
possibl,2508,1047,3555,0.295
friday,3182,356,3538,0.101
respons,2485,1039,3524,0.295
internet,1021,2501,3522,0.71
act,591,2923,3514,0.832
remov,477,3037,3514,0.864
event,1532,1976,3508,0.563
detail,2043,1464,3507,0.417
place,1784,1722,3506,0.491
financ,2454,1051,3505,0.3
agreement,2645,856,3501,0.245
world,1103,2387,3490,0.684
visit,1479,2000,3479,0.575
down,2608,867,3475,0.249
websit,595,2879,3474,0.829
set,2438,1034,3472,0.298
reserv,2599,857,3456,0.248
tri,1849,1600,3449,0.464
corpor,1932,1510,3442,0.439
pay,1894,1534,3428,0.447
dow,3212,191,3403,0.056
monday,3050,347,3397,0.102
effect,1743,1640,3383,0.485
fax,1968,1409,3377,0.417
point,2694,681,3375,0.202
announc,1853,1490,3343,0.446
employe,3155,186,3341,0.056
both,2200,1134,3334,0.34
where,1903,1419,3322,0.427
while,1919,1398,3317,0.421
technolog,934,2376,3310,0.718
ask,2443,866,3309,0.262
dollar,1032,2271,3303,0.688
analyst,3141,159,3300,0.048
claim,542,2738,3280,0.835
juli,2770,482,3252,0.148
databas,2547,700,3247,0.216
purchas,2282,964,3246,0.297
mark,2889,345,3234,0.107
problem,2269,955,3224,0.296
adob,32,3184,3216,0.99
differ,1433,1779,3212,0.554
oil,1399,1797,3196,0.562
special,872,2323,3195,0.727
co,2011,1180,3191,0.37
opportun,1708,1476,3184,0.464
form,1597,1576,3173,0.497
still,2430,728,3158,0.231
her,1493,1659,3152,0.526
she,2027,1106,3133,0.353
without,916,2215,3131,0.707
talk,2513,606,3119,0.194
volum,2700,386,3086,0.125
access,1940,1145,3085,0.371
profession,332,2738,3070,0.892
electr,2724,334,3058,0.109
ll,1628,1414,3042,0.465
model,2687,340,3027,0.112
director,2125,886,3011,0.294
fact,767,2241,3008,0.745
great,1318,1689,3007,0.562
exchang,1986,1017,3003,0.339
relat,2232,768,3000,0.256
further,1630,1347,2977,0.452
keep,1639,1331,2970,0.448
associ,2327,636,2963,0.215
america,2123,830,2953,0.281
link,872,2075,2947,0.704
presid,2171,754,2925,0.258
g,820,2100,2920,0.719
percent,2462,456,2918,0.156
web,1040,1873,2913,0.643
recent,1823,1085,2908,0.373
real,1423,1471,2894,0.508
him,2029,864,2893,0.299
bill,2162,730,2892,0.252
concern,2265,617,2882,0.214
materi,746,2134,2880,0.741
book,2152,717,2869,0.25
must,1151,1718,2869,0.599
assist,1239,1626,2865,0.568
public,1271,1581,2852,0.554
past,1309,1542,2851,0.541
y,161,2685,2846,0.943
particip,1790,1055,2845,0.371
meter,2803,41,2844,0.014
did,2020,822,2842,0.289
releas,1131,1708,2839,0.602
creat,1848,988,2836,0.348
david,2626,203,2829,0.072
info,685,2143,2828,0.758
,2827,1,2828,0.0
check,1178,1641,2819,0.582
copyright,2599,215,2814,0.076
parti,1214,1596,2810,0.568
ee,2425,357,2782,0.128
earn,1914,864,2778,0.311
involv,1201,1572,2773,0.567
again,1622,1143,2765,0.413
action,1333,1431,2764,0.518
copi,1820,932,2752,0.339
ve,1294,1457,2751,0.53
abov,1495,1255,2750,0.456
debt,2359,391,2750,0.142
few,1571,1162,2733,0.425
thing,1430,1299,2729,0.476
hope,2004,720,2724,0.264
n,636,2086,2722,0.766
confer,2512,197,2709,0.073
confirm,1859,850,2709,0.314
success,1071,1624,2695,0.603
same,1485,1208,2693,0.449
put,1964,707,2671,0.265
estim,1211,1452,2663,0.545
promot,657,2004,2661,0.753
global,2048,610,2658,0.229
full,1018,1622,2640,0.614
until,1803,834,2637,0.316
firm,2173,443,2616,0.169
hpl,2608,4,2612,0.002
partnership,2346,265,2611,0.101
control,1573,1037,2610,0.397
york,2377,227,2604,0.087
sourc,1127,1475,2602,0.567
countri,526,2067,2593,0.797
might,1547,1045,2592,0.403
contain,819,1765,2584,0.683
low,767,1815,2582,0.703
activ,1858,716,2574,0.278
trader,2426,145,2571,0.056
member,1417,1143,2560,0.446
sever,1774,784,2558,0.306
run,1952,605,2557,0.237
util,2258,291,2549,0.114
show,1512,1036,2548,0.407
wednesday,2404,142,2546,0.056
stop,495,2049,2544,0.805
feel,1215,1324,2539,0.521
dure,1826,707,2533,0.279
et,2258,267,2525,0.106
profit,1376,1146,2522,0.454
notic,1019,1494,2513,0.595
mean,811,1687,2498,0.675
howev,2007,476,2483,0.192
repli,565,1918,2483,0.772
three,1445,1036,2481,0.418
chief,2256,215,2471,0.087
repres,1117,1351,2468,0.547
section,622,1845,2467,0.748
thursday,2262,204,2466,0.083
user,1188,1277,2465,0.518
third,1508,955,2463,0.388
v,461,2001,2462,0.813
immedi,1069,1393,2462,0.566
w,1509,947,2456,0.386
everi,843,1612,2455,0.657
tuesday,2227,211,2438,0.087
applic,1232,1204,2436,0.494
life,311,2123,2434,0.872
wish,524,1898,2422,0.784
loss,1822,593,2415,0.246
between,1970,443,2413,0.184
comment,2231,182,2413,0.075
govern,1040,1365,2405,0.568
charg,1701,697,2398,0.291
import,1422,972,2394,0.406
understand,1482,912,2394,0.381
quarter,2026,361,2387,0.151
fw,2172,215,2387,0.09
level,1709,677,2386,0.284
resourc,1674,712,2386,0.298
indic,1096,1269,2365,0.537
advic,199,2166,2365,0.916
read,766,1596,2362,0.676
short,1695,651,2346,0.277
ena,2342,0,2342,0.0
texa,2074,262,2336,0.112
direct,1454,872,2326,0.375
abl,1524,801,2325,0.345
f,974,1349,2323,0.581
payment,1327,993,2320,0.428
top,1074,1241,2315,0.536
comput,622,1691,2313,0.731
propos,1708,600,2308,0.26
alreadi,1553,748,2301,0.325
robert,2108,190,2298,0.083
pill,4,2287,2291,0.998
major,1066,1219,2285,0.533
type,1401,877,2278,0.385
case,1523,753,2276,0.331
potenti,1219,1052,2271,0.463
cent,2000,269,2269,0.119
watch,422,1840,2262,0.813
anoth,1613,646,2259,0.286
onc,1201,1055,2256,0.468
open,1556,698,2254,0.31
capit,1620,634,2254,0.281
actual,1350,899,2249,0.4
plant,1991,252,2243,0.112
area,1287,952,2239,0.425
return,1191,1044,2235,0.467
design,708,1525,2233,0.683
effort,1306,926,2232,0.415
street,1782,448,2230,0.201
document,1557,672,2229,0.301
transfer,630,1598,2228,0.717
k,1343,884,2227,0.397
lead,1302,924,2226,0.415
deliveri,1510,715,2225,0.321
locat,1360,861,2221,0.388
legal,1262,952,2214,0.43
accept,959,1255,2214,0.567
north,1659,552,2211,0.25
lon,1895,306,2201,0.139
select,807,1390,2197,0.633
hold,1345,847,2192,0.386
mmbtu,2189,0,2189,0.0
sure,1504,683,2187,0.312
soon,1236,949,2185,0.434
less,1195,986,2181,0.452
center,1277,894,2171,0.412
interview,2029,139,2168,0.064
commerci,1485,682,2167,0.315
produc,1040,1126,2166,0.52
allow,1327,827,2154,0.384
ad,1208,939,2147,0.437
window,321,1823,2144,0.85
error,1363,774,2137,0.362
octob,1970,167,2137,0.078
dear,944,1193,2137,0.558
pipelin,2090,35,2125,0.016
sign,1354,768,2122,0.362
ship,367,1749,2116,0.827
too,1118,991,2109,0.47
view,1116,988,2104,0.47
london,1869,227,2096,0.108
june,1603,477,2080,0.229
april,1926,149,2075,0.072
amount,1210,860,2070,0.415
partner,942,1127,2069,0.545
regist,532,1536,2068,0.743
la,401,1665,2066,0.806
id,1093,969,2062,0.47
agre,1617,434,2051,0.212
consid,1033,1009,2042,0.494
suppli,1417,624,2041,0.306
januari,1573,465,2038,0.228
lay,1919,119,2038,0.058
enter,980,1051,2031,0.517
mike,1978,52,2030,0.026
kitchen,1996,28,2024,0.014
revenu,756,1261,2017,0.625
flow,1808,206,2014,0.102
growth,749,1264,2013,0.628
build,1246,766,2012,0.381
dbcap,2010,0,2010,0.0
size,404,1603,2007,0.799
featur,317,1690,2007,0.842
morn,1584,413,1997,0.207
target,580,1417,1997,0.71
shall,997,999,1996,0.501
capac,1891,99,1990,0.05
st,782,1204,1986,0.606
caus,664,1321,1985,0.665
el,981,1001,1982,0.505
privat,658,1321,1979,0.668
guarante,476,1503,1979,0.759
distribut,1024,954,1978,0.482
depart,1122,856,1978,0.433
version,952,1020,1972,0.517
equiti,1578,393,1971,0.199
commiss,1564,407,1971,0.206
board,1529,437,1966,0.222
better,1039,918,1957,0.469
remain,1520,435,1955,0.223
decid,769,1172,1941,0.604
medic,114,1826,1940,0.941
reason,975,965,1940,0.497
march,1615,323,1938,0.167
letter,969,966,1935,0.499
daili,1576,358,1934,0.185
individu,1203,730,1933,0.378
demand,1417,513,1930,0.266
content,554,1375,1929,0.713
qualiti,413,1515,1928,0.786
intend,943,983,1926,0.51
na,1654,272,1926,0.141
second,926,992,1918,0.517
daren,1913,5,1918,0.003
given,1168,746,1914,0.39
chairman,1748,158,1906,0.083
confidenti,766,1139,1905,0.598
done,1383,519,1902,0.273
cd,140,1760,1900,0.926
oo,18,1872,1890,0.99
advis,828,1060,1888,0.561
thousand,125,1762,1887,0.934
lot,977,909,1886,0.482
press,867,1014,1881,0.539
august,1660,211,1871,0.113
standard,1366,498,1864,0.267
begin,1292,568,1860,0.305
advertis,132,1727,1859,0.929
iso,1455,397,1852,0.214
becom,841,1010,1851,0.546
paid,642,1207,1849,0.653
newslett,228,1620,1848,0.877
post,1473,371,1844,0.201
network,976,864,1840,0.47
h,732,1107,1839,0.602
ceo,1379,458,1837,0.249
realli,1009,828,1837,0.451
steve,1760,63,1823,0.035
late,926,896,1822,0.492
suggest,1337,479,1816,0.264
big,1001,814,1815,0.448
nation,805,1005,1810,0.555
whi,712,1095,1807,0.606
decemb,1554,252,1806,0.14
respect,658,1142,1800,0.634
write,874,922,1796,0.513
live,492,1303,1795,0.726
around,1150,636,1786,0.356
cut,1487,298,1785,0.167
record,878,904,1782,0.507
accord,1149,628,1777,0.353
award,876,900,1776,0.507
edu,1725,49,1774,0.028
littl,838,933,1771,0.527
jeff,1729,39,1768,0.022
novemb,1604,160,1764,0.091
shirley,1735,23,1758,0.013
refer,741,1017,1758,0.578
michael,1557,194,1751,0.111
publish,402,1346,1748,0.77
later,1128,618,1746,0.354
univers,1415,330,1745,0.189
face,764,974,1738,0.56
identifi,704,1030,1734,0.594
certain,722,1012,1734,0.584
join,1197,536,1733,0.309
hourahead,1733,0,1733,0.0
page,986,740,1726,0.429
express,484,1237,1721,0.719
desk,1515,205,1720,0.119
paper,1329,391,1720,0.227
word,531,1186,1717,0.691
microsoft,316,1400,1716,0.816
viagra,0,1716,1716,1.0
got,873,842,1715,0.491
solut,662,1053,1715,0.614
win,231,1480,1711,0.865
famili,436,1273,1709,0.745
hello,524,1184,1708,0.693
never,513,1192,1705,0.699
ticket,1213,480,1693,0.284
pro,230,1463,1693,0.864
sharehold,1197,495,1692,0.293
decis,1235,451,1686,0.267
sec,1030,656,1686,0.389
html,435,1249,1684,0.742
seek,641,1038,1679,0.618
gain,729,949,1678,0.566
organ,909,758,1667,0.455
test,987,677,1664,0.407
septemb,1476,188,1664,0.113
offici,1046,612,1658,0.369
via,718,935,1653,0.566
expens,892,760,1652,0.46
unknown,1410,240,1650,0.145
anticip,314,1335,1649,0.81
benefit,872,774,1646,0.47
wall,1424,221,1645,0.134
period,1299,344,1643,0.209
minut,542,1101,1643,0.67
experi,826,816,1642,0.497
tax,1069,570,1639,0.348
download,453,1184,1637,0.723
fee,783,853,1636,0.521
yesterday,1583,52,1635,0.032
bankruptci,1304,330,1634,0.202
bond,1511,123,1634,0.075
bring,897,736,1633,0.451
bob,1579,52,1631,0.032
william,1426,198,1624,0.122
larg,1017,606,1623,0.373
head,1123,500,1623,0.308
job,1196,426,1622,0.263
alia,1337,283,1620,0.175
statu,1326,292,1618,0.18
submit,812,805,1617,0.498
card,391,1218,1609,0.757
prior,878,730,1608,0.454
suit,657,942,1599,0.589
found,754,843,1597,0.528
thought,1184,411,1595,0.258
american,972,621,1593,0.39
structur,1295,298,1593,0.187
easi,239,1353,1592,0.85
search,187,1405,1592,0.883
averag,1099,493,1592,0.31
care,609,980,1589,0.617
profil,351,1238,1589,0.779
specif,1070,517,1587,0.326
kevin,1562,23,1585,0.015
engin,721,862,1583,0.545
canada,786,781,1567,0.498
improv,707,859,1566,0.549
ms,335,1230,1565,0.786
balanc,1359,203,1562,0.13
cours,1043,510,1553,0.328
mari,1415,133,1548,0.086
reach,857,691,1548,0.446
factor,526,1019,1545,0.66
necessari,650,895,1545,0.579
sheet,1193,347,1540,0.225
confid,976,563,1539,0.366
uk,759,777,1536,0.506
rememb,335,1198,1533,0.781
ever,448,1085,1533,0.708
client,658,864,1522,0.568
cover,1182,337,1519,0.222
skill,1368,149,1517,0.098
initi,1087,429,1516,0.283
etc,1005,507,1512,0.335
lower,1060,442,1502,0.294
nomin,1236,265,1501,0.177
deliv,809,691,1500,0.461
mention,912,584,1496,0.39
alway,523,972,1495,0.65
kind,541,953,1494,0.638
happen,772,721,1493,0.483
q,566,922,1488,0.62
europ,854,631,1485,0.425
turn,797,686,1483,0.463
committe,1351,130,1481,0.088
key,887,593,1480,0.401
either,1035,437,1472,0.297
negoti,1037,435,1472,0.296
agent,139,1332,1471,0.906
acquisit,567,899,1466,0.613
prefer,1039,424,1463,0.29
wait,533,930,1463,0.636
salli,1443,18,1461,0.012
matter,732,725,1457,0.498
affili,642,815,1457,0.559
hard,704,749,1453,0.515
clear,1007,446,1453,0.307
item,953,500,1453,0.344
arrang,1119,333,1452,0.229
xp,6,1445,1451,0.996
foreign,266,1184,1450,0.817
yet,970,475,1445,0.329
add,861,582,1443,0.403
learn,518,925,1443,0.641
fastow,1431,0,1431,0.0
anyth,928,502,1430,0.351
transport,1267,162,1429,0.113
revis,1336,89,1425,0.062
protect,557,864,1421,0.608
strong,700,720,1420,0.507
readi,470,949,1419,0.669
basi,1143,275,1418,0.194
usa,740,675,1415,0.477
smith,1267,148,1415,0.105
lose,390,1025,1415,0.724
acquir,548,866,1414,0.612
loan,663,747,1410,0.53
hand,625,784,1409,0.556
soft,108,1301,1409,0.923
yahoo,337,1072,1409,0.761
reduc,997,412,1409,0.292
staff,980,426,1406,0.303
logo,47,1357,1404,0.967
non,936,467,1403,0.333
lotteri,16,1385,1401,0.989
normal,518,883,1401,0.63
hear,914,487,1401,0.348
small,622,778,1400,0.556
font,39,1361,1400,0.972
step,808,590,1398,0.422
retail,593,804,1397,0.576
whether,1169,226,1395,0.162
ca,566,822,1388,0.592
attend,1243,145,1388,0.104
packag,501,880,1381,0.637
rais,917,464,1381,0.336
held,841,540,1381,0.391
fall,1141,239,1380,0.173
prescript,40,1339,1379,0.971
ferc,1376,0,1376,0.0
earli,1123,252,1375,0.183
feder,730,645,1375,0.469
code,674,701,1375,0.51
al,273,1101,1374,0.801
pass,788,582,1370,0.425
against,960,407,1367,0.298
exist,833,534,1367,0.391
reuter,1354,13,1367,0.01
uncertainti,322,1044,1366,0.764
togeth,1067,298,1365,0.218
west,1052,311,1363,0.228
consult,589,770,1359,0.567
someth,845,512,1357,0.377
recommend,862,493,1355,0.364
five,551,803,1354,0.593
among,699,654,1353,0.483
deposit,127,1226,1353,0.906
nov,1292,61,1353,0.045
region,898,453,1351,0.335
love,281,1070,1351,0.792
investig,963,386,1349,0.286
brand,131,1217,1348,0.903
resum,1255,87,1342,0.065
subscrib,176,1166,1342,0.869
mobil,336,1001,1337,0.749
enronxg,1335,0,1335,0.0
farmer,1184,151,1335,0.113
polici,904,430,1334,0.322
nd,387,947,1334,0.71
hous,641,691,1332,0.519
grant,783,548,1331,0.412
upon,611,719,1330,0.541
edit,416,914,1330,0.687
unsubscrib,220,1105,1325,0.834
oct,1268,56,1324,0.042
jame,1185,138,1323,0.104
citi,663,655,1318,0.497
away,602,716,1318,0.543
man,207,1110,1317,0.843
answer,810,507,1317,0.385
eb,1298,18,1316,0.014
purpos,554,758,1312,0.578
prepar,889,422,1311,0.322
four,774,535,1309,0.409
titl,410,897,1307,0.686
appreci,1011,292,1303,0.224
sincer,450,851,1301,0.654
leav,958,339,1297,0.261
exampl,695,600,1295,0.463
drive,477,818,1295,0.632
wholesal,1098,196,1294,0.151
mm,1192,99,1291,0.077
properti,323,968,1291,0.75
richard,1183,107,1290,0.083
friend,395,894,1289,0.694
en,82,1206,1288,0.936
analysi,1088,200,1288,0.155
portland,1277,11,1288,0.009
school,953,334,1287,0.26
ago,865,420,1285,0.327
largest,981,302,1283,0.235
south,494,789,1283,0.615
commod,1193,89,1282,0.069
insur,594,687,1281,0.536
februari,1132,149,1281,0.116
invit,916,361,1277,0.283
play,530,745,1275,0.584
law,666,604,1270,0.476
load,975,290,1265,0.229
grow,476,788,1264,0.623
least,831,430,1261,0.341
draw,255,1004,1259,0.797
br,31,1227,1258,0.975
hundr,148,1110,1258,0.882
happi,696,561,1257,0.446
store,212,1044,1256,0.831
lo,236,1018,1254,0.812
bid,1189,65,1254,0.052
told,993,258,1251,0.206
condit,651,599,1250,0.479
fast,280,967,1247,0.775
left,883,364,1247,0.292
summer,1099,147,1246,0.118
idea,864,382,1246,0.307
doc,1211,32,1243,0.026
index,731,511,1242,0.411
xl,1170,72,1242,0.058
senior,1029,212,1241,0.171
drug,58,1182,1240,0.953
box,414,822,1236,0.665
abil,646,588,1234,0.476
appear,944,290,1234,0.235
worldwid,221,1012,1233,0.821
latest,650,582,1232,0.472
travel,591,638,1229,0.519
advanc,579,649,1228,0.529
fail,906,320,1226,0.261
health,189,1036,1225,0.846
seem,959,266,1225,0.217
yourself,139,1085,1224,0.886
discount,427,797,1224,0.651
extend,770,454,1224,0.371
draft,1094,129,1223,0.105
therefor,624,598,1222,0.489
agenc,894,327,1221,0.268
fill,400,820,1220,0.672
merger,1165,53,1218,0.044
competit,602,614,1216,0.505
chri,1169,47,1216,0.039
author,793,420,1213,0.346
mid,1008,204,1212,0.168
nom,1205,7,1212,0.006
deriv,1132,78,1210,0.064
org,434,775,1209,0.641
liquid,919,289,1208,0.239
class,957,251,1208,0.208
congratul,384,820,1204,0.681
ensur,821,380,1201,0.316
feedback,1130,71,1201,0.059
transmiss,1036,164,1200,0.137
ciali,0,1199,1199,1.0
everyon,797,397,1194,0.332
sold,762,429,1191,0.36
tell,606,585,1191,0.491
administr,921,270,1191,0.227
occur,432,759,1191,0.637
storag,982,208,1190,0.175
incom,595,593,1188,0.499
tomorrow,1097,89,1186,0.075
alloc,1134,51,1185,0.043
drop,905,280,1185,0.236
shop,213,972,1185,0.82
object,403,780,1183,0.659
track,642,541,1183,0.457
respond,830,351,1181,0.297
strategi,683,496,1179,0.421
forc,810,368,1178,0.312
won,463,712,1175,0.606
dr,468,704,1172,0.601
higher,724,448,1172,0.382
awar,451,717,1168,0.614
rang,435,733,1168,0.628
probabl,1014,154,1168,0.132
field,811,356,1167,0.305
far,879,288,1167,0.247
consum,616,550,1166,0.472
mw,1085,77,1162,0.066
wide,368,793,1161,0.683
commit,783,377,1160,0.325
server,360,800,1160,0.69
facil,911,247,1158,0.213
noth,370,787,1157,0.68
role,1068,89,1157,0.077
jan,761,394,1155,0.341
counterparti,1155,0,1155,0.0
integr,699,456,1155,0.395
log,971,181,1152,0.157
local,410,738,1148,0.643
prize,124,1024,1148,0.892
avoid,362,786,1148,0.685
med,14,1133,1147,0.988
opinion,339,802,1141,0.703
categori,269,871,1140,0.764
situat,785,354,1139,0.311
quick,357,781,1138,0.686
serv,811,324,1135,0.285
hot,212,923,1135,0.813
impact,860,272,1132,0.24
anyon,691,440,1131,0.389
fuel,959,170,1129,0.151
simpli,334,792,1126,0.703
crenshaw,1125,1,1126,0.001
mx,45,1080,1125,0.96
earlier,1035,89,1124,0.079
vice,982,136,1118,0.122
trust,416,702,1118,0.628
enough,626,492,1118,0.44
appli,602,515,1117,0.461
determin,877,240,1117,0.215
cera,1117,0,1117,0.0
room,889,227,1116,0.203
function,957,158,1115,0.142
fix,624,491,1115,0.44
telephon,547,568,1115,0.509
someon,709,405,1114,0.364
portfolio,780,334,1114,0.3
side,720,394,1114,0.354
declin,1005,106,1111,0.095
assur,325,786,1111,0.707
connect,526,584,1110,0.526
tel,406,703,1109,0.634
signific,782,327,1109,0.295
annual,630,479,1109,0.432
sum,140,968,1108,0.874
huge,281,827,1108,0.746
longer,573,532,1105,0.481
goal,451,650,1101,0.59
econom,803,298,1101,0.271
video,346,752,1098,0.685
game,392,705,1097,0.643
old,567,524,1091,0.48
compens,300,788,1088,0.724
mind,442,646,1088,0.594
media,205,883,1088,0.812
winner,129,958,1087,0.881
td,122,965,1087,0.888
india,925,158,1083,0.146
correct,893,188,1081,0.174
est,256,825,1081,0.763
jim,1038,42,1080,0.039
se,48,1031,1079,0.956
emerg,510,569,1079,0.527
coordin,813,264,1077,0.245
curv,1041,35,1076,0.033
davi,971,105,1076,0.098
choos,257,816,1073,0.76
fyi,1057,14,1071,0.013
termin,947,124,1071,0.116
php,1,1068,1069,0.999
worth,466,602,1068,0.564
train,715,353,1068,0.331
computron,0,1067,1067,1.0
safe,144,918,1062,0.864
stand,394,666,1060,0.628
pc,196,862,1058,0.815
stinson,1052,1,1053,0.001
scott,998,53,1051,0.05
handl,619,431,1050,0.41
half,496,549,1045,0.525
chanc,500,544,1044,0.521
student,886,155,1041,0.149
reader,99,940,1039,0.905
attent,375,661,1036,0.638
broadband,652,384,1036,0.371
measur,706,329,1035,0.318
solicit,145,888,1033,0.86
guy,802,227,1029,0.221
break,364,664,1028,0.646
format,347,681,1028,0.662
weather,980,48,1028,0.047
andrew,925,102,1027,0.099
combin,686,341,1027,0.332
color,166,860,1026,0.838
lost,729,296,1025,0.289
tim,715,310,1025,0.302
altern,588,437,1025,0.426
physic,792,232,1024,0.227
china,98,922,1020,0.904
directli,586,434,1020,0.425
east,753,265,1018,0.26
focu,739,278,1017,0.273
rice,981,32,1013,0.032
licens,406,607,1013,0.599
voip,0,1013,1013,1.0
instruct,248,764,1012,0.755
tom,945,67,1012,0.066
brian,966,45,1011,0.045
though,679,332,1011,0.328
greg,988,21,1009,0.021
variou,576,431,1007,0.428
imag,251,755,1006,0.75
independ,523,483,1006,0.48
plu,466,539,1005,0.536
stay,674,330,1004,0.329
enhanc,318,684,1002,0.683
paul,865,135,1000,0.135
entir,435,561,996,0.563
everyth,441,555,996,0.557
fell,923,70,993,0.07
mg,329,661,990,0.668
near,547,441,988,0.446
compar,449,538,987,0.545
former,747,239,986,0.242
night,635,350,985,0.355
enrononlin,983,0,983,0.0
bloomberg,969,12,981,0.012
enjoy,436,542,978,0.554
pg,951,26,977,0.027
seen,546,430,976,0.441
delay,561,414,975,0.425
conflict,401,574,975,0.589
dave,947,27,974,0.028
approach,832,141,973,0.145
membership,243,728,971,0.75
notif,243,726,969,0.749
georg,866,102,968,0.105
excel,519,448,967,0.463
reflect,734,232,966,0.24
sitara,965,0,965,0.0
eol,964,1,965,0.001
along,650,313,963,0.325
wi,26,934,960,0.973
explor,498,461,959,0.481
didn,717,241,958,0.252
downgrad,946,12,958,0.013
disclos,623,335,958,0.35
assum,792,162,954,0.17
known,292,661,953,0.694
sector,442,510,952,0.536
oblig,650,300,950,0.316
assumpt,217,733,950,0.772
miss,501,447,948,0.472
paso,925,21,946,0.022
tool,439,505,944,0.535
super,180,760,940,0.809
floor,814,124,938,0.132
practic,592,345,937,0.368
cap,537,400,937,0.427
men,55,880,935,0.941
cs,42,891,933,0.955
gari,895,37,932,0.04
pick,398,533,931,0.573
quot,366,565,931,0.607
six,506,423,929,0.455
summari,897,31,928,0.033
san,660,268,928,0.289
session,784,143,927,0.154
ye,485,441,926,0.476
took,649,276,925,0.298
establish,499,425,924,0.46
expand,422,500,922,0.542
weekend,656,266,922,0.289
entiti,792,130,922,0.141
cell,570,351,921,0.381
outsid,732,188,920,0.204
water,615,301,916,0.329
pre,461,455,916,0.497
martin,757,158,915,0.173
manufactur,204,710,914,0.777
ami,884,29,913,0.032
broker,352,561,913,0.614
afternoon,850,63,913,0.069
owner,316,597,913,0.654
tw,884,27,911,0.03
journal,802,108,910,0.119
regul,719,191,910,0.21
came,554,354,908,0.39
text,198,710,908,0.782
oi,3,904,907,0.997
achiev,306,599,905,0.662
exposur,810,95,905,0.105
european,552,353,905,0.39
bodi,83,821,904,0.908
appropri,735,168,903,0.186
predict,249,652,901,0.724
ook,0,900,900,1.0
ce,186,714,900,0.793
contribut,772,127,899,0.141
graphic,90,806,896,0.9
ltd,495,400,895,0.447
outstand,478,414,892,0.464
cheap,55,835,890,0.938
taken,574,315,889,0.354
advantag,247,640,887,0.722
els,624,262,886,0.296
highli,322,564,886,0.637
although,675,211,886,0.238
approxim,612,272,884,0.308
implement,767,117,884,0.132
match,502,381,883,0.431
detect,699,184,883,0.208
premier,95,784,879,0.892
doesn,551,327,878,0.372
speak,644,234,878,0.267
dvd,13,863,876,0.985
stori,408,468,876,0.534
white,509,367,876,0.419
mine,182,693,875,0.792
candid,718,157,875,0.179
critic,698,177,875,0.202
simpl,170,704,874,0.805
creativ,78,794,872,0.911
susan,833,39,872,0.045
die,76,795,871,0.913
carri,452,418,870,0.48
choic,341,528,869,0.608
age,125,743,868,0.856
maintain,560,308,868,0.355
var,833,34,867,0.039
macromedia,1,864,865,0.999
similar,464,401,865,0.464
welcom,392,473,865,0.547
es,55,809,864,0.936
sorri,601,262,863,0.304
technic,699,163,862,0.189
studio,34,828,862,0.961
bad,429,432,861,0.502
studi,553,305,858,0.355
spot,705,152,857,0.177
tab,97,758,855,0.887
epmi,854,0,854,0.0
tx,751,102,853,0.12
quickli,443,407,850,0.479
air,273,577,850,0.679
histori,293,556,849,0.655
receipt,410,438,848,0.517
tabl,506,341,847,0.403
metal,640,206,846,0.243
path,674,171,845,0.202
weekli,653,188,841,0.224
alert,213,627,840,0.746
front,380,456,836,0.545
morgan,790,46,836,0.055
sex,5,829,834,0.994
voic,387,446,833,0.535
electron,537,296,833,0.355
attempt,476,357,833,0.429
print,414,417,831,0.502
mailto,647,184,831,0.221
popular,69,761,830,0.917
moodi,820,10,830,0.012
doctor,67,761,828,0.919
obtain,422,406,828,0.49
rule,558,270,828,0.326
western,499,328,827,0.397
disclosur,733,93,826,0.113
ventur,312,513,825,0.622
monthli,514,311,825,0.377
evalu,682,141,823,0.171
pain,74,746,820,0.91
quit,457,363,820,0.443
relationship,527,291,818,0.356
complianc,196,621,817,0.76
reliabl,212,604,816,0.74
varianc,816,0,816,0.0
michel,773,42,815,0.052
perfect,90,724,814,0.889
hr,622,192,814,0.236
advisor,176,638,814,0.784
equip,407,405,812,0.499
central,515,296,811,0.365
spend,436,374,810,0.462
calcul,659,151,810,0.186
que,7,801,808,0.991
conveni,346,461,807,0.571
·,0,806,806,1.0
gather,410,396,806,0.491
expir,423,381,804,0.474
across,581,223,804,0.277
specul,225,578,803,0.72
urgent,203,597,800,0.746
almost,509,291,800,0.364
ahead,648,152,800,0.19
core,680,119,799,0.149
collect,334,463,797,0.581
hedg,760,36,796,0.045
budget,556,239,795,0.301
biz,27,768,795,0.966
holiday,445,348,793,0.439
none,179,614,793,0.774
photoshop,0,791,791,1.0
dec,620,171,791,0.216
thu,476,314,790,0.397
volatil,735,55,790,0.07
kin,10,780,790,0.987
ken,772,17,789,0.022
excit,283,505,788,0.641
conduct,489,298,787,0.379
biggest,575,212,787,0.269
leader,423,364,787,0.463
enabl,202,584,786,0.743
ebay,29,756,785,0.963
feb,617,168,785,0.214
entertain,119,665,784,0.848
court,653,131,784,0.167
light,419,364,783,0.465
assign,690,93,783,0.119
pec,783,0,783,0.0
invoic,671,110,781,0.141
except,570,211,781,0.27
replac,655,126,781,0.161
doubl,268,513,781,0.657
histor,331,449,780,0.576
dealer,113,666,779,0.855
survey,543,236,779,0.303
nice,257,522,779,0.67
gold,156,622,778,0.799
corel,4,774,778,0.995
mortgag,42,734,776,0.946
nbsp,0,773,773,1.0
aol,607,166,773,0.215
africa,37,736,773,0.952
institut,554,218,772,0.282
construct,472,299,771,0.388
singl,425,345,770,0.448
spam,4,762,766,0.995
convers,565,199,764,0.26
password,555,208,763,0.273
hit,469,294,763,0.385
weight,102,657,759,0.866
employ,464,294,758,0.388
recipi,465,293,758,0.387
lisa,733,24,757,0.032
txt,737,20,757,0.026
uniqu,143,608,751,0.81
fulli,400,350,750,0.467
regulatori,658,92,750,0.123
prc,733,15,748,0.02
bit,363,385,748,0.515
align,102,642,744,0.863
para,12,731,743,0.984
neg,454,288,742,0.388
instal,340,401,741,0.541
women,272,469,741,0.633
stake,457,284,741,0.383
inciud,0,740,740,1.0
sp,215,525,740,0.709
lender,551,188,739,0.254
coupl,592,146,738,0.198
buyer,573,165,738,0.224
common,440,298,738,0.404
fortun,399,338,737,0.459
articl,592,145,737,0.197
launch,451,285,736,0.387
poor,558,178,736,0.242
rose,643,93,736,0.126
taylor,660,76,736,0.103
black,452,283,735,0.385
toward,436,299,735,0.407
english,631,104,735,0.141
rel,345,388,733,0.529
subsidiari,353,379,732,0.518
ii,576,155,731,0.212
extra,182,548,730,0.751
rank,380,350,730,0.479
con,39,691,730,0.947
instead,413,315,728,0.433
verifi,283,445,728,0.611
wysak,0,728,728,1.0
herein,41,686,727,0.944
rick,702,23,725,0.032
lowest,235,489,724,0.675
ph,270,454,724,0.627
wiil,0,724,724,1.0
rest,410,312,722,0.432
introduc,303,418,721,0.58
affect,530,189,719,0.263
usd,266,452,718,0.63
failur,446,272,718,0.379
speed,328,390,718,0.543
whole,420,297,717,0.414
technoiogi,0,716,716,1.0
duke,690,26,716,0.036
watson,660,56,716,0.078
economi,556,160,716,0.223
thoma,611,104,715,0.145
phase,643,72,715,0.101
brown,577,137,714,0.192
settlement,658,55,713,0.077
consist,482,230,712,0.323
pars,696,14,710,0.02
polit,425,285,710,0.401
grade,627,82,709,0.116
fit,369,340,709,0.48
wonder,381,328,709,0.463
saturday,654,54,708,0.076
valid,390,318,708,0.449
rather,541,167,708,0.236
rs,265,441,706,0.625
method,277,429,706,0.608
automat,256,449,705,0.637
digit,135,570,705,0.809
margin,567,138,705,0.196
extrem,327,378,705,0.536
procedur,542,162,704,0.23
rd,395,308,703,0.438
expert,259,444,703,0.632
promis,327,376,703,0.535
steven,646,56,702,0.08
qualifi,157,545,702,0.776
extens,466,235,701,0.335
spreadsheet,670,31,701,0.044
westdesk,700,0,700,0.0
sponsor,280,419,699,0.599
space,469,230,699,0.329
absolut,145,549,694,0.791
monitor,475,219,694,0.316
myself,376,317,693,0.457
recruit,621,71,692,0.103
mix,128,564,692,0.815
beck,674,17,691,0.025
joe,643,47,690,0.068
ok,516,173,689,0.251
premium,309,380,689,0.552
otc,88,600,688,0.872
young,375,313,688,0.455
forecast,555,132,687,0.192
host,303,384,687,0.559
iii,370,314,684,0.459
rm,55,628,683,0.919
audit,435,247,682,0.362
hotel,520,161,681,0.236
ur,1,679,680,0.999
constitut,95,585,680,0.86
multipl,265,414,679,0.61
previou,488,191,679,0.281
da,157,520,677,0.768
valuat,629,48,677,0.071
count,436,240,676,0.355
adjust,607,68,675,0.101
inher,28,646,674,0.958
manual,382,292,674,0.433
master,419,255,674,0.378
green,291,382,673,0.568
afford,65,608,673,0.903
intent,215,457,672,0.68
player,365,307,672,0.457
fire,416,254,670,0.379
main,440,229,669,0.342
border,215,454,669,0.679
lee,630,38,668,0.057
aep,667,0,667,0.0
delet,387,280,667,0.42
ancillari,644,21,665,0.032
girl,57,607,664,0.914
arm,113,551,664,0.83
jeffrey,642,21,663,0.032
depend,437,225,662,0.34
pictur,293,368,661,0.557
heard,415,246,661,0.372
red,271,388,659,0.589
notifi,520,139,659,0.211
met,491,167,658,0.254
edison,642,15,657,0.023
progress,546,111,657,0.169
otherwis,418,239,657,0.364
agenda,609,44,653,0.067
knowledg,398,254,652,0.39
inquiri,562,89,651,0.137
insid,320,331,651,0.508
washington,533,118,651,0.181
trip,496,154,650,0.237
god,90,560,650,0.862
duti,194,454,648,0.701
em,42,605,647,0.935
went,429,217,646,0.336
definit,378,268,646,0.415
pull,478,167,645,0.259
prove,170,475,645,0.736
ed,327,318,645,0.493
crisi,557,87,644,0.135
nor,253,390,643,0.607
season,526,117,643,0.182
wind,290,352,642,0.548
jul,57,585,642,0.911
screen,313,328,641,0.512
frank,515,125,640,0.195
batch,35,605,640,0.945
un,45,595,640,0.93
aggress,228,411,639,0.643
troubl,518,121,639,0.189
throughout,320,319,639,0.499
exclus,146,493,639,0.772
capabl,343,295,638,0.462
secret,59,578,637,0.907
music,71,566,637,0.889
boost,184,452,636,0.711
door,156,480,636,0.755
educ,250,386,636,0.607
correspond,168,467,635,0.735
lunch,607,28,635,0.044
opt,80,554,634,0.874
focus,374,260,634,0.41
surpris,325,308,633,0.487
gibner,633,0,633,0.0
vacat,448,185,633,0.292
karen,621,11,632,0.017
touch,420,211,631,0.334
figur,415,216,631,0.342
proven,51,580,631,0.919
tue,135,495,630,0.786
reduct,478,152,630,0.241
understood,151,478,629,0.76
±,0,628,628,1.0
exactli,170,454,624,0.728
sound,358,265,623,0.425
prospect,257,366,623,0.587
strateg,366,256,622,0.412
favor,259,362,621,0.583
christi,596,25,621,0.04
enterpris,193,428,621,0.689
attack,384,236,620,0.381
challeng,473,147,620,0.237
park,444,175,619,0.283
appoint,316,303,619,0.489
nearli,393,225,618,0.364
explain,455,163,618,0.264
chair,548,69,617,0.112
feet,144,473,617,0.767
behalf,380,236,616,0.383
pat,593,23,616,0.037
stephen,572,43,615,0.07
height,33,582,615,0.946
wrong,287,328,615,0.533
merchant,465,150,615,0.244
wil,19,595,614,0.969
arriv,441,173,614,0.282
spread,521,92,613,0.15
bottom,279,334,613,0.545
,0,613,613,1.0
default,575,37,612,0.06
father,68,544,612,0.889
previous,478,134,612,0.219
amend,446,165,611,0.27
dilig,253,358,611,0.586
sa,287,324,611,0.53
bought,394,217,611,0.355
resuit,0,609,609,1.0
zone,168,439,607,0.723
stanford,592,15,607,0.025
campaign,234,373,607,0.614
itself,390,217,607,0.357
registr,377,229,606,0.378
spokesman,566,38,604,0.063
proceed,489,115,604,0.19
hire,533,69,602,0.115
estat,278,324,602,0.538
ten,175,427,602,0.709
pressur,475,126,601,0.21
seri,473,128,601,0.213
pr,275,325,600,0.542
languag,333,267,600,0.445
gift,184,416,600,0.693
sexual,19,581,600,0.968
width,1,599,600,0.998
treat,183,417,600,0.695
euro,122,477,599,0.796
speaker,525,74,599,0.124
url,405,193,598,0.323
melissa,585,13,598,0.022
sender,362,236,598,0.395
attorney,282,316,598,0.528
car,207,391,598,0.654
movi,75,523,598,0.875
land,260,337,597,0.564
sunday,505,91,596,0.153
prompt,353,243,596,0.408
guid,140,454,594,0.764
dinner,569,25,594,0.042
cooper,322,271,593,0.457
sap,581,11,592,0.019
accuraci,108,484,592,0.818
oem,6,586,592,0.99
wire,331,260,591,0.44
hall,554,37,591,0.063
difficult,479,112,591,0.19
ben,541,49,590,0.083
sport,104,485,589,0.823
describ,378,211,589,0.358
separ,461,126,587,0.215
lavorato,587,0,587,0.0
export,148,439,587,0.748
ew,582,4,586,0.007
dabhol,586,0,586,0.0
si,57,529,586,0.903
environ,369,216,585,0.369
true,267,318,585,0.544
su,111,473,584,0.81
instant,50,533,583,0.914
lucki,32,550,582,0.945
wast,99,482,581,0.83
platform,377,204,581,0.351
effici,341,240,581,0.413
rolex,0,581,581,1.0
dpc,581,0,581,0.0
ne,64,517,581,0.89
basic,429,152,581,0.262
ref,46,534,580,0.921
allen,533,46,579,0.079
eye,172,406,578,0.702
drew,246,331,577,0.574
encourag,418,159,577,0.276
ub,568,8,576,0.014
newswir,507,69,576,0.12
professor,518,57,575,0.099
coal,535,39,574,0.068
fine,380,194,574,0.338
paragraph,295,277,572,0.484
tr,23,548,571,0.96
href,0,571,571,1.0
roll,437,134,571,0.235
pertain,42,529,571,0.926
exercis,302,268,570,0.47
kenneth,529,41,570,0.072
competitor,240,330,570,0.579
discov,74,495,569,0.87
led,441,128,569,0.225
tap,531,37,568,0.065
goe,341,227,568,0.4
overal,450,118,568,0.208
middl,301,265,566,0.468
symbol,53,512,565,0.906
constru,64,501,565,0.887
brief,456,108,564,0.191
sept,547,17,564,0.03
substanti,331,233,564,0.413
harri,472,91,563,0.162
senat,521,39,560,0.07
tie,427,133,560,0.237
mayb,388,171,559,0.306
began,417,141,558,0.253
kim,531,27,558,0.048
cancel,404,154,558,0.276
resolv,475,83,558,0.149
descript,352,206,558,0.369
innov,261,297,558,0.532
especi,343,214,557,0.384
paypal,0,556,556,1.0
children,106,449,555,0.809
coupon,100,455,555,0.82
attract,249,305,554,0.551
rise,351,203,554,0.366
wharton,547,6,553,0.011
ident,60,493,553,0.892
sir,31,521,552,0.944
ail,38,514,552,0.931
lst,355,196,551,0.356
ann,465,86,551,0.156
sometim,333,218,551,0.396
multi,119,431,550,0.784
ene,546,3,549,0.005
privaci,57,492,549,0.896
alon,230,318,548,0.58
pharmaci,0,545,545,1.0
whose,314,231,545,0.424
topic,474,71,545,0.13
litig,237,307,544,0.564
worri,335,209,544,0.384
safeti,129,414,543,0.762
impress,214,329,543,0.606
lawsuit,515,28,543,0.052
primari,414,128,542,0.236
vote,437,105,542,0.194
seminar,423,118,541,0.218
warn,354,187,541,0.346
fear,290,250,540,0.463
wireless,170,370,540,0.685
complex,433,107,540,0.198
stream,167,372,539,0.69
input,470,69,539,0.128
desir,178,360,538,0.669
junk,472,66,538,0.123
browser,114,424,538,0.788
patent,52,485,537,0.903
maker,340,197,537,0.367
eric,497,40,537,0.074
materia,0,537,537,1.0
self,212,324,536,0.604
op,338,197,535,0.368
joint,216,318,534,0.596
entri,344,190,534,0.356
outlook,501,33,534,0.062
death,59,474,533,0.889
jump,289,244,533,0.458
southern,407,125,532,0.235
chicago,433,99,532,0.186
faith,292,240,532,0.451
auction,334,196,530,0.37
laura,507,23,530,0.043
penni,74,456,530,0.86
experienc,216,314,530,0.592
ljm,530,0,530,0.0
refin,188,341,529,0.645
moment,221,308,529,0.582
human,238,290,528,0.549
spoke,483,44,527,0.083
swap,511,16,527,0.03
zimin,527,0,527,0.0
bonu,203,324,527,0.615
familiar,341,186,527,0.353
forese,28,498,526,0.947
turbin,510,15,525,0.029
chase,461,64,525,0.122
owe,364,161,525,0.307
canadian,278,245,523,0.468
le,140,381,521,0.731
peter,412,109,521,0.209
ft,320,200,520,0.385
deadlin,489,31,520,0.06
llc,309,210,519,0.405
northwest,507,11,518,0.021
art,112,405,517,0.783
son,115,401,516,0.777
push,402,114,516,0.221
norton,15,501,516,0.971
deveiop,0,515,515,1.0
eogi,0,515,515,1.0
devic,44,469,513,0.914
finish,315,198,513,0.386
colleagu,310,203,513,0.396
calger,512,0,512,0.0
gave,378,133,511,0.26
vol,212,298,510,0.584
flight,254,256,510,0.502
comfort,255,255,510,0.5
moor,463,47,510,0.092
giant,441,69,510,0.135
wrote,462,47,509,0.092
road,203,306,509,0.601
tammi,501,7,508,0.014
panel,334,174,508,0.343
expans,321,187,508,0.368
wife,101,407,508,0.801
ar,86,422,508,0.831
degre,168,340,508,0.669
particular,358,149,507,0.294
clean,308,199,507,0.393
star,235,272,507,0.536
rich,172,335,507,0.661
style,127,380,507,0.75
prioriti,259,248,507,0.489
rac,435,71,506,0.14
del,62,444,506,0.877
unabl,402,104,506,0.206
stage,289,216,505,0.428
rival,475,30,505,0.059
mb,70,434,504,0.861
miller,470,33,503,0.066
stem,94,409,503,0.813
unless,326,176,502,0.351
barri,354,148,502,0.295
war,164,337,501,0.673
remind,393,107,500,0.214
dose,4,495,499,0.992
rob,342,157,499,0.315
consolid,353,146,499,0.293
consider,348,151,499,0.303
liabil,421,78,499,0.156
logist,431,68,499,0.136
usual,325,173,498,0.347
vanc,491,6,497,0.012
christoph,445,52,497,0.105
husband,58,439,497,0.883
vehicl,314,182,496,0.367
cross,369,127,496,0.256
highest,209,286,495,0.578
greater,283,211,494,0.427
legisl,284,210,494,0.425
divis,326,168,494,0.34
consequ,162,331,493,0.671
peni,1,492,493,0.998
judg,285,208,493,0.422
machin,265,228,493,0.462
ooo,6,486,492,0.988
relief,143,349,492,0.709
sit,233,259,492,0.526
pop,245,247,492,0.502
chapter,462,30,492,0.061
cfo,475,16,491,0.033
strictli,220,271,491,0.552
walk,283,208,491,0.424
tanya,477,13,490,0.027
behind,262,228,490,0.465
½,0,490,490,1.0
seven,206,284,490,0.58
lloyd,470,19,489,0.039
numer,229,260,489,0.532
lng,467,21,488,0.043
nat,131,357,488,0.732
bridg,332,156,488,0.32
assess,423,65,488,0.133
valuabl,205,283,488,0.58
spent,261,227,488,0.465
port,264,223,487,0.458
sens,354,133,487,0.273
cabl,91,394,485,0.812
rea,1,483,484,0.998
ec,110,374,484,0.773
excess,308,174,482,0.361
seller,407,75,482,0.156
transit,381,101,482,0.21
pieas,0,481,481,1.0
doubt,248,232,480,0.483
bush,426,54,480,0.113
becam,337,142,479,0.296
linux,38,441,479,0.921
dale,459,19,478,0.04
brent,466,11,477,0.023
unifi,463,14,477,0.029
edward,406,71,477,0.149
supplier,324,152,476,0.319
ion,3,473,476,0.994
belief,60,414,474,0.873
zero,387,86,473,0.182
lawyer,366,106,472,0.225
seriou,187,285,472,0.604
complic,201,271,472,0.574
written,343,128,471,0.272
male,29,441,470,0.938
pend,290,180,470,0.383
socal,469,0,469,0.0
beth,456,13,469,0.028
ted,445,23,468,0.049
winter,392,76,468,0.162
nigeria,4,464,468,0.991
apolog,241,227,468,0.485
ge,174,293,467,0.627
jay,450,16,466,0.034
mile,292,173,465,0.372
netco,462,2,464,0.004
inch,57,407,464,0.877
reform,122,340,462,0.736
station,358,104,462,0.225
protocol,82,380,462,0.823
formula,146,316,462,0.684
flash,128,333,461,0.722
peak,415,46,461,0.1
japan,394,67,461,0.145
carol,445,16,461,0.035
mi,63,397,460,0.863
charset,24,436,460,0.948
petroleum,174,286,460,0.622
vp,390,69,459,0.15
sun,209,250,459,0.545
easili,128,331,459,0.721
river,231,227,458,0.496
kill,157,301,458,0.657
accomplish,332,126,458,0.275
fun,163,294,457,0.643
fred,414,43,457,0.094
directori,147,310,457,0.678
personnel,320,137,457,0.3
ali,15,441,456,0.967
teco,456,0,456,0.0
leas,246,210,456,0.461
channel,148,307,455,0.675
elimin,230,224,454,0.493
howard,414,39,453,0.086
imagin,94,359,453,0.792
heart,97,356,453,0.786
australia,196,256,452,0.566
memo,448,3,451,0.007
often,232,219,451,0.486
haven,337,113,450,0.251
jacki,432,18,450,0.04
photo,127,322,449,0.717
union,288,161,449,0.359
graduat,394,55,449,0.122
gone,237,212,449,0.472
permit,307,141,448,0.315
iri,425,23,448,0.051
shown,182,266,448,0.594
vasant,448,0,448,0.0
defin,322,125,447,0.28
paliourg,0,447,447,1.0
provis,383,64,447,0.143
perman,114,332,446,0.744
acrobat,34,412,446,0.924
tenaska,445,0,445,0.0
creditor,390,55,445,0.124
kept,205,240,445,0.539
block,269,176,445,0.396
captur,323,121,444,0.273
glad,307,137,444,0.309
andi,404,39,443,0.088
collaps,419,24,443,0.054
parent,272,171,443,0.386
perhap,361,81,442,0.183
autom,106,336,442,0.76
treatment,126,314,440,0.714
mseb,440,0,440,0.0
rto,438,1,439,0.002
extern,243,196,439,0.446
tech,256,183,439,0.417
beiiev,0,438,438,1.0
calendar,343,95,438,0.217
brad,421,17,438,0.039
yo,18,420,438,0.959
wel,0,437,437,1.0
erect,12,425,437,0.973
leadership,396,40,436,0.092
domain,120,316,436,0.725
couid,0,435,435,1.0
van,133,302,435,0.694
incred,55,380,435,0.874
z,124,311,435,0.715
calpin,433,0,433,0.0
hey,146,287,433,0.663
ext,363,70,433,0.162
ut,312,120,432,0.278
engag,298,134,432,0.31
sampl,125,306,431,0.71
pack,93,338,431,0.784
max,210,220,430,0.512
task,260,170,430,0.395
convert,277,153,430,0.356
johnson,312,118,430,0.274
prohibit,289,141,430,0.328
lack,306,123,429,0.287
northern,384,45,429,0.105
yield,291,138,429,0.322
realiz,250,179,429,0.417
sort,321,108,429,0.252
pleasur,117,311,428,0.727
neither,158,270,428,0.631
pound,154,273,427,0.639
aid,119,308,427,0.721
renew,273,154,427,0.361
spring,310,117,427,0.274
assembl,306,120,426,0.282
infrastructur,272,154,426,0.362
usb,3,422,425,0.993
commerc,245,180,425,0.424
charl,301,124,425,0.292
smoke,54,370,424,0.873
dan,324,100,424,0.236
bulk,97,326,423,0.771
jr,391,32,423,0.076
sheila,416,7,423,0.017
rock,154,269,423,0.636
newsiett,0,423,423,1.0
por,13,410,423,0.969
visual,74,348,422,0.825
shipper,420,2,422,0.005
mai,4,418,422,0.991
retir,312,110,422,0.261
rocket,19,402,421,0.955
indian,378,43,421,0.102
button,211,209,420,0.498
ex,125,295,420,0.702
retain,343,76,419,0.181
transwestern,419,0,419,0.0
mexico,352,67,419,0.16
crude,293,125,418,0.299
stationeri,0,418,418,1.0
restrict,307,111,418,0.266
subscript,174,244,418,0.584
prevent,260,158,418,0.378
ownership,207,210,417,0.504
basin,143,274,417,0.657
tv,97,319,416,0.767
congress,163,253,416,0.608
janet,401,15,416,0.036
built,223,192,415,0.463
formal,356,59,415,0.142
plung,397,17,414,0.041
lu,325,89,414,0.215
palmer,409,5,414,0.012
wyom,20,394,414,0.952
unlimit,29,385,414,0.93
pipe,350,64,414,0.155
treasuri,315,99,414,0.239
ground,191,223,414,0.539
anywher,86,328,414,0.792
relev,279,135,414,0.326
aa,225,188,413,0.455
magazin,203,209,412,0.507
woman,95,317,412,0.769
varieti,123,289,412,0.701
tablet,4,407,411,0.99
donna,387,24,411,0.058
proprietari,95,316,411,0.769
broadcast,21,390,411,0.949
pa,253,157,410,0.383
damag,301,109,410,0.266
isn,285,125,410,0.305
asia,136,274,410,0.668
raymond,375,35,410,0.085
wit,35,374,409,0.914
governor,372,36,408,0.088
fresh,77,331,408,0.811
msn,252,156,408,0.382
ballot,50,358,408,0.877
ld,31,377,408,0.924
maximum,173,235,408,0.576
tag,171,237,408,0.581
serial,8,400,408,0.98
wor,0,407,407,1.0
tm,117,290,407,0.713
deregul,396,10,406,0.025
lauraan,0,406,406,1.0
regular,204,202,406,0.498
whatev,226,180,406,0.443
»,0,405,405,1.0
round,257,148,405,0.365
pool,335,70,405,0.173
meyer,383,21,404,0.052
joseph,303,101,404,0.25
iv,366,38,404,0.094
privileg,305,99,404,0.245
breath,31,373,404,0.923
mmcf,375,29,404,0.072
htm,185,219,404,0.542
fourth,361,43,404,0.106
restor,308,96,404,0.238
circul,146,257,403,0.638
chart,294,109,403,0.27
background,285,118,403,0.293
tu,292,111,403,0.275
geec,0,403,403,1.0
oniin,0,402,402,1.0
minimum,214,188,402,0.468
particularli,312,90,402,0.224
sole,211,191,402,0.475
matur,218,183,401,0.456
shell,282,119,401,0.297
club,208,193,401,0.481
,0,401,401,1.0
jennif,362,39,401,0.097
drill,165,236,401,0.589
sleep,37,363,400,0.907
ny,266,134,400,0.335
optim,321,79,400,0.198
fundament,342,57,399,0.143
projecthoneypot,0,398,398,1.0
map,279,119,398,0.299
pretti,285,112,397,0.282
stuff,217,180,397,0.453
essenti,256,141,397,0.355
fat,37,360,397,0.907
im,215,182,397,0.458
andersen,379,18,397,0.045
carlo,363,34,397,0.086
wed,228,168,396,0.424
food,162,234,396,0.591
henc,82,313,395,0.792
,0,395,395,1.0
molli,375,19,394,0.048
pubiish,0,394,394,1.0
toni,350,43,393,0.109
mar,246,147,393,0.374
cindi,364,29,393,0.074
hill,297,95,392,0.242
ibm,122,270,392,0.689
li,144,248,392,0.633
fri,233,159,392,0.406
angel,231,161,392,0.411
anita,374,18,392,0.046
patrick,367,24,391,0.061
shouid,0,391,391,1.0
twenti,53,338,391,0.864
affair,264,127,391,0.325
heavi,191,199,390,0.51
trademark,35,355,390,0.91
tran,382,8,390,0.021
upgrad,222,167,389,0.429
drawn,65,324,389,0.833
plain,83,306,389,0.787
shi,62,327,389,0.841
rx,22,367,389,0.943
pursu,290,98,388,0.253
tradit,226,162,388,0.418
saw,234,154,388,0.397
kno,0,388,388,1.0
instrument,244,144,388,0.371
xanax,0,387,387,1.0
yap,0,386,386,1.0
satisfi,87,299,386,0.775
unfortun,259,126,385,0.327
adult,21,363,384,0.945
medicin,23,361,384,0.94
austin,358,26,384,0.068
conclus,149,234,383,0.611
oniy,0,383,383,1.0
portion,276,107,383,0.279
resid,159,223,382,0.584
dramat,127,255,382,0.668
grand,203,179,382,0.469
jean,357,25,382,0.065
career,255,126,381,0.331
themselv,227,154,381,0.404
blue,212,169,381,0.444
reveal,184,197,381,0.517
referenc,145,235,380,0.618
length,95,285,380,0.75
amaz,54,326,380,0.858
hospit,75,305,380,0.803
beneficiari,25,354,379,0.934
cal,311,68,379,0.179
compiet,0,378,378,1.0
relianc,83,295,378,0.78
dedic,203,175,378,0.463
coverag,241,137,378,0.362
pian,0,378,378,1.0
facilit,251,126,377,0.334
restructur,360,17,377,0.045
weil,146,231,377,0.613
bra,0,377,377,1.0
satisfact,36,341,377,0.905
baylor,363,13,376,0.035
environment,175,201,376,0.535
settl,270,106,376,0.282
invoiv,0,375,375,1.0
equal,230,145,375,0.387
remot,151,224,375,0.597
manner,142,233,375,0.621
kimberli,367,7,374,0.019
mcmahon,364,10,374,0.027
pjm,374,0,374,0.0
percentag,210,164,374,0.439
accur,240,133,373,0.357
clearli,302,71,373,0.19
recogn,255,118,373,0.316
fl,57,315,372,0.847
christian,174,198,372,0.532
dial,136,236,372,0.634
flexibl,292,80,372,0.215
elect,291,80,371,0.216
wellhead,370,1,371,0.003
despit,336,34,370,0.092
utf,0,370,370,1.0
child,117,252,369,0.683
simul,333,36,369,0.098
asap,330,39,369,0.106
enw,368,0,368,0.0
illustr,84,284,368,0.772
hotmail,221,147,368,0.399
cl,155,213,368,0.579
pep,355,12,367,0.033
pois,39,328,367,0.894
ie,91,276,367,0.752
exp,9,358,367,0.975
anjam,367,0,367,0.0
split,269,98,367,0.267
outlin,326,40,366,0.109
oxley,354,12,366,0.033
alex,332,34,366,0.093
ray,332,34,366,0.093
burn,126,240,366,0.656
wn,0,365,365,1.0
citigroup,363,2,365,0.005
amid,333,32,365,0.088
suffer,190,175,365,0.479
workshop,307,58,365,0.159
terri,337,27,364,0.074
dynam,175,189,364,0.519
collater,327,36,363,0.099
easier,157,206,363,0.567
intel,65,298,363,0.821
explos,56,307,363,0.846
bu,182,181,363,0.499
bryan,329,32,361,0.089
meant,102,259,361,0.717
mother,78,283,361,0.784
gr,5,356,361,0.986
aime,361,0,361,0.0
forth,92,269,361,0.745
significantli,243,117,360,0.325
um,3,357,360,0.992
southwest,349,11,360,0.031
slow,262,98,360,0.272
phillip,320,40,360,0.111
anti,59,300,359,0.836
cubic,70,289,359,0.805
mba,287,72,359,0.201
bn,348,11,359,0.031
interact,154,205,359,0.571
whom,226,132,358,0.369
concept,208,150,358,0.419
fight,124,233,357,0.653
aim,168,189,357,0.529
ma,109,248,357,0.695
netscap,71,285,356,0.801
roger,262,94,356,0.264
element,122,234,356,0.657
colleg,159,197,356,0.553
interconnect,352,4,356,0.011
unclaim,0,355,355,1.0
ultim,215,140,355,0.394
elizabeth,328,27,355,0.076
po,162,193,355,0.544
outag,352,2,354,0.006
soar,141,213,354,0.602
caution,77,277,354,0.782
brought,220,134,354,0.379
vi,51,302,353,0.856
potentia,0,353,353,1.0
bandwidth,332,21,353,0.059
vs,275,78,353,0.221
interfac,186,167,353,0.473
pubiic,0,353,353,1.0
refund,263,90,353,0.255
adam,200,152,352,0.432
column,321,31,352,0.088
pharmaceut,47,305,352,0.866
shut,319,32,351,0.091
internationa,0,351,351,1.0
blank,61,288,349,0.825
nyse,277,72,349,0.206
piac,0,349,349,1.0
min,48,301,349,0.862
hesit,242,106,348,0.305
vnbl,0,348,348,1.0
social,101,247,348,0.71
complaint,146,202,348,0.58
spe,9,339,348,0.974
compaq,122,226,348,0.649
edg,126,222,348,0.638
compon,253,95,348,0.273
abus,63,284,347,0.818
denni,317,30,347,0.086
onto,122,224,346,0.647
¡,0,346,346,1.0
contractor,120,226,346,0.653
airlin,277,69,346,0.199
princip,235,111,346,0.321
eight,107,239,346,0.691
verif,119,226,345,0.655
reward,152,192,344,0.558
barrel,141,203,344,0.59
grid,304,40,344,0.116
resign,319,25,344,0.073
pdf,288,56,344,0.163
wood,235,109,344,0.317
vinobl,0,343,343,1.0
subsequ,162,181,343,0.528
takeov,325,18,343,0.052
thru,273,69,342,0.202
militari,95,247,342,0.722
mutual,190,152,342,0.444
bruce,284,58,342,0.17
emerson,1,341,342,0.997
stress,155,186,341,0.545
ratio,197,144,341,0.422
comprehens,110,231,341,0.677
presto,335,6,341,0.018
observ,226,114,340,0.335
grave,284,56,340,0.165
pt,72,268,340,0.788
andmanyoth,0,340,340,1.0
till,111,229,340,0.674
matt,270,70,340,0.206
tra,0,340,340,1.0
sie,81,258,339,0.761
piec,206,133,339,0.392
boy,49,290,339,0.855
bed,44,295,339,0.87
beauti,53,285,338,0.843
drink,83,254,337,0.754
massiv,95,242,337,0.718
fallen,314,23,337,0.068
pl,163,174,337,0.516
bear,175,162,337,0.481
ongo,211,126,337,0.374
dia,14,322,336,0.958
tour,188,148,336,0.44
wasn,224,111,335,0.331
virtual,114,221,335,0.66
faster,86,249,335,0.743
preliminari,317,17,334,0.051
valium,0,334,334,1.0
replica,1,333,334,0.997
hsc,334,0,334,0.0
trial,98,236,334,0.707
bbb,284,49,333,0.147
incorpor,240,93,333,0.279
mainten,229,104,333,0.312
squirrelmail,0,333,333,1.0
patch,32,300,332,0.904
strength,218,114,332,0.343
todd,322,10,332,0.03
sat,168,163,331,0.492
linda,298,33,331,0.1
der,9,322,331,0.973
sc,265,66,331,0.199
restat,327,4,331,0.012
larger,213,118,331,0.356
decad,198,132,330,0.4
couldn,224,106,330,0.321
spur,39,291,330,0.882
cite,307,23,330,0.07
discreet,6,324,330,0.982
appar,294,36,330,0.109
struggl,174,155,329,0.471
memori,168,161,329,0.489
mwh,327,2,329,0.006
certif,145,184,329,0.559
explod,18,311,329,0.945
unsecur,253,76,329,0.231
greet,150,179,329,0.544
domest,188,141,329,0.429
megan,325,4,329,0.012
omit,30,299,329,0.909
counsel,281,47,328,0.143
ou,115,213,328,0.649
nine,197,131,328,0.399
imit,1,327,328,0.997
beyond,228,100,328,0.305
dept,200,128,328,0.39
scienc,125,203,328,0.619
remit,1,327,328,0.997
kate,315,12,327,0.037
renegoti,315,12,327,0.037
eff,41,286,327,0.875
£,0,327,327,1.0
certainli,259,68,327,0.208
maureen,315,11,326,0.034
salari,275,51,326,0.156
chines,39,287,326,0.88
imbal,317,9,326,0.028
xual,0,326,326,1.0
typic,247,79,326,0.242
apr,124,201,325,0.618
knew,108,217,325,0.668
daniel,245,80,325,0.246
mission,124,201,325,0.618
hin,0,325,325,1.0
netherland,12,313,325,0.963
allianc,226,99,325,0.305
ob,4,320,324,0.988
inventori,243,81,324,0.25
brenda,297,27,324,0.083
highlight,253,70,323,0.217
visa,184,139,323,0.43
disput,257,66,323,0.204
suspend,187,136,323,0.421
whalley,323,0,323,0.0
reli,215,108,323,0.334
specialist,207,115,322,0.357
saf,0,322,322,1.0
await,110,212,322,0.658
emai,0,322,322,1.0
cotten,322,0,322,0.0
wouldn,240,81,321,0.252
incur,119,201,320,0.628
cum,19,301,320,0.941
sensit,170,150,320,0.469
exceed,174,146,320,0.456
hewlett,101,218,319,0.683
supervisor,305,14,319,0.044
pacif,263,56,319,0.176
packard,100,219,319,0.687
quarterli,280,39,319,0.122
alleg,258,60,318,0.189
txu,318,0,318,0.0
tariff,300,18,318,0.057
lesli,303,15,318,0.047
overview,253,64,317,0.202
belden,317,0,317,0.0
ppin,0,317,317,1.0
reliant,310,7,317,0.022
confus,266,51,317,0.161
equival,118,198,316,0.627
murphi,308,8,316,0.025
diversifi,70,246,316,0.778
rien,0,315,315,1.0
brother,118,197,315,0.625
intellig,164,151,315,0.479
dell,79,236,315,0.749
swing,300,15,315,0.048
anybodi,64,251,315,0.797
unlik,253,62,315,0.197
reieas,0,314,314,1.0
aci,0,314,314,1.0
redmond,311,3,314,0.01
ls,187,127,314,0.404
difficulti,255,59,314,0.188
spokeswoman,312,2,314,0.006
seat,248,66,314,0.21
quantiti,144,170,314,0.541
worker,231,83,314,0.264
chokshi,314,0,314,0.0
town,206,107,313,0.342
ap,223,90,313,0.288
nymex,307,6,313,0.019
calgari,271,42,313,0.134
resolut,232,81,313,0.259
slide,285,28,313,0.089
egm,313,0,313,0.0
fwd,157,156,313,0.498
declar,107,206,313,0.658
hub,279,34,313,0.109
segment,138,174,312,0.558
jordan,290,22,312,0.071
mon,143,169,312,0.542
therein,10,302,312,0.968
banker,259,53,312,0.17
furthermor,57,254,311,0.817
bcf,272,39,311,0.125
catch,148,163,311,0.524
remedi,96,215,311,0.691
usag,125,186,311,0.598
gov,196,115,311,0.37
andrea,249,62,311,0.199
larri,270,40,310,0.129
repay,286,24,310,0.077
smtp,89,220,309,0.712
urg,113,196,309,0.634
perspect,270,39,309,0.126
auto,62,247,309,0.799
demonstr,199,110,309,0.356
te,5,304,309,0.984
verg,15,293,308,0.951
minist,180,128,308,0.416
tip,67,241,308,0.782
marketplac,172,135,307,0.44
mo,94,212,306,0.693
lock,194,112,306,0.366
comparison,185,121,306,0.395
televis,64,241,305,0.79
luck,110,195,305,0.639
rom,25,280,305,0.918
eas,100,205,305,0.672
thorough,50,255,305,0.836
fair,209,95,304,0.312
ire,6,298,304,0.98
king,138,166,304,0.546
fli,152,152,304,0.5
lokay,304,0,304,0.0
src,0,304,304,1.0
chevrontexaco,297,7,304,0.023
gotten,75,229,304,0.753
dream,38,266,304,0.875
anytim,61,243,304,0.799
revers,187,116,303,0.383
examin,199,104,303,0.343
bigger,115,188,303,0.62
gap,163,140,303,0.462
fitch,297,6,303,0.02
rita,292,10,302,0.033
ag,119,183,302,0.606
stone,203,99,302,0.328
vision,148,154,302,0.51
democrat,207,95,302,0.315
vkamin,301,0,301,0.0
extract,84,217,301,0.721
soma,34,267,301,0.887
depress,28,273,301,0.907
forum,233,68,301,0.226
undervalu,13,288,301,0.957
und,17,284,301,0.944
centr,162,138,300,0.46
kid,135,165,300,0.55
diseas,31,269,300,0.897
commenc,132,168,300,0.56
solv,145,155,300,0.517
shortli,194,106,300,0.353
trend,158,141,299,0.472
kindli,82,217,299,0.726
juan,271,28,299,0.094
correl,273,26,299,0.087
rebecca,276,23,299,0.077
deserv,116,183,299,0.612
float,102,197,299,0.659
blood,55,243,298,0.815
ac,76,222,298,0.745
wilson,232,66,298,0.221
proper,110,188,298,0.631
aspect,182,116,298,0.389
factual,20,277,297,0.933
professionai,0,297,297,1.0
trigger,280,17,297,0.057
coast,194,102,296,0.345
truli,107,189,296,0.639
bgcolor,0,296,296,1.0
borrow,251,45,296,0.152
recoveri,215,81,296,0.274
steel,182,114,296,0.385
guess,225,71,296,0.24
lake,141,155,296,0.524
england,211,84,295,0.285
hplc,295,0,295,0.0
shift,267,28,295,0.095
shankman,295,0,295,0.0
telecommun,141,154,295,0.522
ural,0,295,295,1.0
mistak,177,118,295,0.4
switch,247,48,295,0.163
overnight,57,238,295,0.807
techniqu,157,137,294,0.466
ger,0,294,294,1.0
clearanc,26,268,294,0.912
er,29,265,294,0.901
auditor,170,123,293,0.42
conclud,111,181,292,0.62
kristin,284,8,292,0.027
valley,238,54,292,0.185
treasur,202,89,291,0.306
berkeley,269,22,291,0.076
dpr,289,2,291,0.007
boston,265,26,291,0.089
breach,129,162,291,0.557
thr,0,290,290,1.0
ng,61,229,290,0.79
solid,111,179,290,0.617
obvious,261,29,290,0.1
compet,142,148,290,0.51
dissemin,130,160,290,0.552
interpret,96,193,289,0.668
resel,25,264,289,0.913
madam,7,282,289,0.976
nomad,1,288,289,0.997
chemic,131,158,289,0.547
jason,266,22,288,0.076
greatli,188,100,288,0.347
eastern,212,76,288,0.264
aug,219,69,288,0.24
ume,0,288,288,1.0
wysk,0,287,287,1.0
ppa,286,1,287,0.003
smart,91,196,287,0.683
il,41,246,287,0.857
lp,256,31,287,0.108
soni,39,247,286,0.864
pge,284,2,286,0.007
forget,95,191,286,0.668
sf,63,222,285,0.779
refus,169,115,284,0.405
clyne,284,0,284,0.0
kelli,253,31,284,0.109
stacey,275,9,284,0.032
vendor,183,100,283,0.353
pink,8,275,283,0.972
teach,101,182,283,0.643
impot,0,283,283,1.0
suffici,235,48,283,0.17
maharashtra,282,1,283,0.004
ministri,46,237,283,0.837
scale,190,93,283,0.329
dwr,283,0,283,0.0
presenc,131,152,283,0.537
upcom,207,75,282,0.266
primarili,190,92,282,0.326
asp,159,123,282,0.436
ice,185,97,282,0.344
british,177,105,282,0.372
discoveri,36,246,282,0.872
miliion,0,282,282,1.0
smaller,227,54,281,0.192
donald,214,67,281,0.238
dalla,217,64,281,0.228
violat,228,53,281,0.189
shanbhogu,281,0,281,0.0
currenc,160,121,281,0.431
chip,211,69,280,0.246
pinnacl,17,263,280,0.939
display,146,134,280,0.479
strongli,135,145,280,0.518
mack,278,2,280,0.007
enpow,280,0,280,0.0
conserv,171,109,280,0.389
tiscali,0,280,280,1.0
epson,4,276,280,0.986
nasdaq,212,68,280,0.243
bp,240,39,279,0.14
squar,163,116,279,0.416
ea,182,97,279,0.348
heat,195,84,279,0.301
neil,268,11,279,0.039
influenc,204,75,279,0.269
counti,175,103,278,0.371
credibl,242,35,277,0.126
canon,22,255,277,0.921
vicodin,0,277,277,1.0
beach,76,201,277,0.726
evid,223,54,277,0.195
miilion,0,276,276,1.0
gp,83,193,276,0.699
cultur,214,62,276,0.225
palo,272,4,276,0.014
bradford,259,17,276,0.062
anderson,205,70,275,0.255
artist,20,255,275,0.927
oh,86,189,275,0.687
cisco,93,182,275,0.662
destroy,168,107,275,0.389
ran,206,69,275,0.251
acknowledg,192,82,274,0.299
georgia,83,191,274,0.697
lump,38,236,274,0.861
secretari,221,52,273,0.19
dash,250,23,273,0.084
gross,158,115,273,0.421
eastran,273,0,273,0.0
rfid,0,272,272,1.0
aris,201,71,272,0.261
nick,254,18,272,0.066
vega,138,134,272,0.493
wifi,0,272,272,1.0
bless,39,232,271,0.856
desktop,167,104,271,0.384
enlarg,8,263,271,0.97
hunter,244,27,271,0.1
muscl,15,256,271,0.945
allegheni,259,12,271,0.044
brows,13,258,271,0.952
concentr,133,137,270,0.507
reput,104,166,270,0.615
loui,153,117,270,0.433
crash,68,201,269,0.747
bar,133,136,269,0.506
adopt,178,91,269,0.338
advisori,133,136,269,0.506
exit,234,35,269,0.13
shot,112,157,269,0.584
ejacul,0,269,269,1.0
vl,21,248,269,0.922
franc,166,102,268,0.381
oversea,78,190,268,0.709
statist,215,53,268,0.198
apart,160,108,268,0.403
jack,134,134,268,0.5
audienc,124,143,267,0.536
argu,190,77,267,0.288
craig,216,51,267,0.191
suppos,197,70,267,0.262
pocket,62,205,267,0.768
awesom,23,244,267,0.914
oppos,198,69,267,0.258
lie,69,198,267,0.742
tongu,3,264,267,0.989
transform,147,120,267,0.449
cook,206,61,267,0.228
florida,119,147,266,0.553
sr,186,80,266,0.301
stephani,257,9,266,0.034
nobodi,80,186,266,0.699
gem,8,257,265,0.97
mime,63,202,265,0.762
exclud,179,86,265,0.325
demokrito,0,265,265,1.0
bi,91,174,265,0.657
fraud,65,199,264,0.754
morri,209,55,264,0.208
honor,134,130,264,0.492
toshiba,14,250,264,0.947
mnei,0,263,263,1.0
visitor,37,226,263,0.859
forster,261,2,263,0.008
probe,241,20,261,0.077
listen,119,142,261,0.544
ra,13,248,261,0.95
goldman,236,25,261,0.096
domin,131,130,261,0.498
prime,120,140,260,0.538
branch,50,210,260,0.808
itec,0,260,260,1.0
iit,0,260,260,1.0
modifi,190,69,259,0.266
germani,123,136,259,0.525
heather,251,8,259,0.031
patient,58,201,259,0.776
dysfunct,0,259,259,1.0
ravi,258,0,258,0.0
causey,257,1,258,0.004
matthew,227,31,258,0.12
chuck,247,10,257,0.039
cancer,49,208,257,0.809
collabor,101,156,257,0.607
rr,35,222,257,0.864
arthur,235,22,257,0.086
camp,212,45,257,0.175
spain,67,190,257,0.739
afx,256,0,256,0.0
hardwar,96,160,256,0.625
aggreg,237,19,256,0.074
kathi,237,19,256,0.074
neal,254,2,256,0.008
robot,1,255,256,0.996
weak,221,35,256,0.137
kong,103,153,256,0.598
azurix,256,0,256,0.0
unnecessari,17,239,256,0.934
colwel,256,0,256,0.0
brazil,201,54,255,0.212
movement,124,131,255,0.514
methodolog,238,17,255,0.067
scenario,234,21,255,0.082
mit,107,148,255,0.58
delainey,254,0,254,0.0
delta,198,56,254,0.22
talent,197,57,254,0.224
camera,14,240,254,0.945
citibank,121,133,254,0.524
felt,169,85,254,0.335
foundat,120,134,254,0.528
mislead,49,205,254,0.807
signatur,150,104,254,0.409
specifi,213,41,254,0.161
chronicl,232,21,253,0.083
enquiri,19,234,253,0.925
gb,15,238,253,0.941
shona,253,0,253,0.0
sh,19,234,253,0.925
rotat,176,77,253,0.304
christma,170,83,253,0.328
cold,138,115,253,0.455
extent,210,42,252,0.167
timelin,252,0,252,0.0
diamond,68,184,252,0.73
bet,170,82,252,0.325
departur,236,15,251,0.06
rout,190,61,251,0.243
puc,248,3,251,0.012
homeland,20,231,251,0.92
deceas,4,247,251,0.984
judgment,65,186,251,0.741
possess,80,170,250,0.68
differenti,208,42,250,0.168
ignor,108,142,250,0.568
strike,157,93,250,0.372
rep,160,90,250,0.36
bargain,65,185,250,0.74
ton,72,177,249,0.711
mirant,249,0,249,0.0
elig,127,122,249,0.49
ip,66,182,248,0.734
pdx,248,0,248,0.0
enforc,185,63,248,0.254
prlce,0,248,248,1.0
ine,2,246,248,0.992
ao,1,247,248,0.996
sharp,156,91,247,0.368
â,0,247,247,1.0
somehow,42,205,247,0.83
jackson,211,36,247,0.146
motion,86,161,247,0.652
healthcar,21,226,247,0.915
ideal,106,140,246,0.569
ciick,0,246,246,1.0
disclaim,31,215,246,0.874
traffic,105,141,246,0.573
philipp,206,40,246,0.163
composit,210,35,245,0.143
migrat,239,6,245,0.024
majordomo,41,204,245,0.833
tournament,81,164,245,0.669
tire,20,225,245,0.918
doug,217,28,245,0.114
expertis,156,89,245,0.363
lend,168,77,245,0.314
gtc,245,0,245,0.0
chat,100,145,245,0.592
relax,33,212,245,0.865
accumul,60,185,245,0.755
rapid,127,117,244,0.48
downtown,231,13,244,0.053
defens,100,144,244,0.59
audio,90,154,244,0.631
hong,112,132,244,0.541
affiiiat,0,244,244,1.0
ron,222,22,244,0.09
hank,233,11,244,0.045
coastal,225,19,244,0.078
ave,20,223,243,0.918
bait,3,240,243,0.988
creation,149,94,243,0.387
aren,187,56,243,0.23
royal,168,75,243,0.309
francisco,181,62,243,0.255
bc,183,60,243,0.247
noon,219,24,243,0.099
leverag,162,81,243,0.333
output,192,51,243,0.21
dowjon,243,0,243,0.0
danger,80,163,243,0.671
flat,155,87,242,0.36
donat,143,99,242,0.409
offset,153,89,242,0.368
vincent,224,18,242,0.074
absenc,204,38,242,0.157
deep,105,137,242,0.566
katherin,224,17,241,0.071
ing,26,215,241,0.892
bind,152,89,241,0.369
paulo,229,12,241,0.05
eim,222,19,241,0.079
mechan,165,76,241,0.315
schopp,240,0,240,0.0
kernel,6,234,240,0.975
lotto,0,240,240,1.0
blackberri,228,12,240,0.05
hyatt,236,4,240,0.017
saav,0,240,240,1.0
scope,215,25,240,0.104
ps,127,113,240,0.471
genuin,25,214,239,0.895
gc,222,17,239,0.071
porn,1,238,239,0.996
diet,5,234,239,0.979
golden,160,78,238,0.328
maii,0,238,238,1.0
doorstep,194,44,238,0.185
proce,178,60,238,0.252
republican,230,8,238,0.034
webb,234,4,238,0.017
reject,164,74,238,0.311
dog,73,165,238,0.693
guest,196,42,238,0.176
film,28,210,238,0.882
orgasm,0,237,237,1.0
insight,199,38,237,0.16
offshor,80,157,237,0.662
accessori,4,233,237,0.983
bb,55,182,237,0.768
otcbb,0,237,237,1.0
nt,55,182,237,0.768
toll,130,107,237,0.451
sarah,192,45,237,0.19
anyway,175,62,237,0.262
debbi,205,32,237,0.135
gra,1,236,237,0.996
stabil,160,77,237,0.325
internship,237,0,237,0.0
va,31,206,237,0.869
louisiana,152,85,237,0.359
asid,82,154,236,0.653
carrier,107,129,236,0.547
div,2,234,236,0.992
cynthia,222,14,236,0.059
permiss,102,134,236,0.568
eel,226,9,235,0.038
threat,111,124,235,0.528
microcap,0,235,235,1.0
mill,200,35,235,0.149
britain,186,49,235,0.209
jun,120,115,235,0.489
profii,0,234,234,1.0
folk,199,35,234,0.15
ourselv,69,165,234,0.705
transpar,193,41,234,0.175
texaco,221,12,233,0.052
foot,114,119,233,0.511
cec,230,3,233,0.013
academ,166,67,233,0.288
shape,121,112,233,0.481
ladi,80,153,233,0.657
minim,144,88,232,0.379
henri,176,56,232,0.241
aquila,222,10,232,0.043
thompson,194,37,231,0.16
surviv,140,91,231,0.394
tonight,128,103,231,0.446
bag,113,118,231,0.511
introduct,156,74,230,0.322
laptop,79,151,230,0.657
montana,84,146,230,0.635
recov,181,49,230,0.213
continent,196,34,230,0.148
honest,52,178,230,0.774
celebr,108,122,230,0.53
decreas,155,75,230,0.326
headquart,149,81,230,0.352
counter,169,61,230,0.265
farm,38,191,229,0.834
radar,28,201,229,0.878
encod,16,213,229,0.93
bio,74,155,229,0.677
ford,197,32,229,0.14
inject,195,34,229,0.148
ill,83,145,228,0.636
guidelin,113,115,228,0.504
marshal,209,19,228,0.083
margaret,219,9,228,0.039
himself,113,115,228,0.504
cambridg,208,20,228,0.088
calm,177,51,228,0.224
sea,63,165,228,0.724
plc,103,124,227,0.546
baxter,214,13,227,0.057
hurt,152,75,227,0.33
alcohol,4,223,227,0.982
hydro,211,16,227,0.07
mailer,46,181,227,0.797
island,94,133,227,0.586
discret,66,161,227,0.709
intervent,219,7,226,0.031
ab,139,87,226,0.385
wynn,218,8,226,0.035
qf,219,7,226,0.031
mathemat,215,11,226,0.049
guidanc,155,71,226,0.314
republ,39,186,225,0.827
printer,82,143,225,0.636
jebel,0,225,225,1.0
organiz,224,1,225,0.004
denn,218,7,225,0.031
filter,48,176,224,0.786
tiger,143,81,224,0.362
cpuc,224,0,224,0.0
additiona,0,224,224,1.0
hplno,224,0,224,0.0
,0,223,223,1.0
tadalafil,0,223,223,1.0
aiso,0,223,223,1.0
mailbox,90,133,223,0.596
ride,131,92,223,0.413
upenn,223,0,223,0.0
cool,74,149,223,0.668
exact,95,128,223,0.574
lannou,223,0,223,0.0
chariti,27,196,223,0.879
upward,33,190,223,0.852
sandeep,217,6,223,0.027
brochur,122,100,222,0.45
forev,27,195,222,0.878
tremend,105,117,222,0.527
driver,128,94,222,0.423
babi,93,129,222,0.581
airport,109,113,222,0.509
clayton,208,14,222,0.063
entitl,134,88,222,0.396
corei,0,222,222,1.0
teen,7,215,222,0.968
buyback,222,0,222,0.0
regardless,137,85,222,0.383
mass,101,121,222,0.545
stronger,73,149,222,0.671
harbor,58,163,221,0.738
heaven,13,208,221,0.941
mrha,221,0,221,0.0
duran,218,3,221,0.014
natura,0,221,221,1.0
piper,215,6,221,0.027
phd,125,96,221,0.434
keith,210,11,221,0.05
properli,161,60,221,0.271
beat,111,110,221,0.498
homeown,5,216,221,0.977
masson,221,0,221,0.0
cartridg,5,216,221,0.977
mailwisconsin,0,220,220,1.0
ball,101,119,220,0.541
anim,25,195,220,0.886
webmast,138,82,220,0.373
plane,94,126,220,0.573
authent,3,217,220,0.986
clark,165,55,220,0.25
tamarchenko,220,0,220,0.0
sai,12,208,220,0.945
controversi,159,60,219,0.274
clarifi,195,24,219,0.11
rodriguez,206,13,219,0.059
dri,82,137,219,0.626
sierra,45,174,219,0.795
civil,42,177,219,0.808
campu,205,14,219,0.064
sub,119,99,218,0.454
rc,178,40,218,0.183
toner,9,209,218,0.959
mailman,53,165,218,0.757
librari,111,107,218,0.491
rescu,143,75,218,0.344
temporari,156,62,218,0.284
steff,217,0,217,0.0
signal,147,70,217,0.323
sustain,123,94,217,0.433
bottl,17,200,217,0.922
hair,29,188,217,0.866
shoot,94,122,216,0.565
radio,25,191,216,0.884
succeed,86,130,216,0.602
warranti,31,185,216,0.856
enrol,171,45,216,0.208
kati,199,17,216,0.079
holder,135,81,216,0.375
charli,194,22,216,0.102
stuart,208,7,215,0.033
sue,197,18,215,0.084
maria,175,40,215,0.186
supplement,99,116,215,0.54
surg,133,82,215,0.381
physician,14,201,215,0.935
evp,213,2,215,0.009
tripl,98,117,215,0.544
shiip,0,215,215,1.0
impli,140,75,215,0.349
bpa,214,0,214,0.0
peggi,203,11,214,0.051
silver,55,159,214,0.743
fifti,36,178,214,0.832
micro,12,202,214,0.944
fda,2,212,214,0.991
undu,10,204,214,0.953
specui,0,213,213,1.0
increment,195,18,213,0.085
nelson,194,19,213,0.089
approx,175,38,213,0.178
darren,208,5,213,0.023
bundl,49,164,213,0.77
fernley,213,0,213,0.0
coo,192,21,213,0.099
buyout,203,10,213,0.047
circumst,143,69,212,0.325
patti,197,15,212,0.071
stanley,198,14,212,0.066
greatest,83,129,212,0.608
unwarr,6,206,212,0.972
emir,4,208,212,0.981
cb,115,97,212,0.458
telecom,95,117,212,0.552
®,0,212,212,1.0
dont,41,171,212,0.807
imposs,89,122,211,0.578
nationa,0,211,211,1.0
mkt,210,1,211,0.005
md,132,79,211,0.374
economist,165,46,211,0.218
ubsw,211,0,211,0.0
ring,105,105,210,0.5
orient,112,98,210,0.467
logic,145,65,210,0.31
underli,190,20,210,0.095
richter,207,3,210,0.014
casino,2,208,210,0.99
christin,186,24,210,0.114
dragon,3,207,210,0.986
alberta,82,128,210,0.61
distributor,34,176,210,0.838
convinc,130,80,210,0.381
implic,162,48,210,0.229
aerofoam,0,209,209,1.0
thirti,31,178,209,0.852
todo,2,207,209,0.99
earth,33,176,209,0.842
compil,112,97,209,0.464
matrix,109,100,209,0.478
revolutionari,9,200,209,0.957
superior,80,129,209,0.617
transcript,46,163,209,0.78
volunt,200,9,209,0.043
interrupt,124,84,208,0.404
como,4,204,208,0.981
hat,29,179,208,0.861
feed,146,62,208,0.298
cheryl,194,13,207,0.063
truth,38,169,207,0.816
divers,71,136,207,0.657
adapt,38,169,207,0.816
repair,129,78,207,0.377
barbara,185,22,207,0.106
attn,13,194,207,0.937
megawatt,202,5,207,0.024
sempra,207,0,207,0.0
eu,141,66,207,0.319
px,103,104,207,0.502
dc,87,120,207,0.58
pk,2,205,207,0.99
tree,80,126,206,0.612
accommod,155,51,206,0.248
eventu,139,67,206,0.325
dead,56,150,206,0.728
exampi,0,206,206,1.0
gco,202,4,206,0.019
attende,180,26,206,0.126
hp,59,147,206,0.714
ct,100,105,205,0.512
medium,52,153,205,0.746
belong,59,146,205,0.712
clarif,180,25,205,0.122
dispatch,109,96,205,0.468
minor,153,52,205,0.254
favorit,80,125,205,0.61
blvd,40,165,205,0.805
slightli,187,18,205,0.088
hourli,198,7,205,0.034
waha,204,0,204,0.0
asian,143,61,204,0.299
crystal,55,149,204,0.73
gateway,33,171,204,0.838
deem,75,129,204,0.632
una,1,203,204,0.995
submiss,88,116,204,0.569
adequ,174,30,204,0.147
rnd,0,204,204,1.0
label,53,151,204,0.74
residenti,81,122,203,0.601
sherriff,203,0,203,0.0
peer,169,34,203,0.167
bia,14,189,203,0.931
meg,131,72,203,0.355
withdraw,137,65,202,0.322
sight,38,164,202,0.812
russel,184,18,202,0.089
krishnarao,202,0,202,0.0
legislatur,195,7,202,0.035
forma,90,112,202,0.554
northeast,154,48,202,0.238
backup,95,107,202,0.53
anymor,48,154,202,0.762
norma,176,25,201,0.124
vari,92,109,201,0.542
straight,99,102,201,0.507
german,82,119,201,0.592
retent,173,28,201,0.139
unusu,121,80,201,0.398
infus,183,18,201,0.09
abroad,15,186,201,0.925
expenditur,112,89,201,0.443
customerservic,8,193,201,0.96
instanc,137,64,201,0.318
deni,164,37,201,0.184
victor,175,25,200,0.125
weissman,198,2,200,0.01
maxim,101,99,200,0.495
brec,0,200,200,1.0
cox,143,57,200,0.285
marri,36,164,200,0.82
gulf,161,39,200,0.195
cruis,49,151,200,0.755
everybodi,120,80,200,0.4
alan,180,20,200,0.1
erectil,0,200,200,1.0
versu,150,49,199,0.246
woe,193,6,199,0.03
koch,191,8,199,0.04
cp,184,15,199,0.075
pef,198,1,199,0.005
mitig,185,14,199,0.07
lanc,184,15,199,0.075
blow,99,100,199,0.503
opposit,113,86,199,0.432
principl,99,100,199,0.503
lynch,185,14,199,0.07
deterior,147,51,198,0.258
ingredi,3,195,198,0.985
herod,198,0,198,0.0
folder,156,42,198,0.212
consent,125,73,198,0.369
restaur,88,110,198,0.556
remitt,2,196,198,0.99
identif,43,155,198,0.783
liz,192,5,197,0.025
chain,91,106,197,0.538
repeat,116,81,197,0.411
atlanta,108,89,197,0.452
payout,47,150,197,0.761
recept,160,37,197,0.188
artwork,3,194,197,0.985
mac,25,172,197,0.873
freedom,36,161,197,0.817
batteri,15,182,197,0.924
lewi,179,18,197,0.091
­,0,197,197,1.0
scientif,24,173,197,0.878
tape,67,130,197,0.66
virginia,150,46,196,0.235
climb,98,98,196,0.5
fraction,43,153,196,0.781
grace,153,43,196,0.219
formerli,144,52,196,0.265
inflat,132,64,196,0.327
worst,144,51,195,0.262
avenu,116,79,195,0.405
yr,115,80,195,0.41
symantec,0,195,195,1.0
afraid,58,137,195,0.703
french,38,157,195,0.805
anthoni,130,65,195,0.333
penetr,16,179,195,0.918
qmail,0,195,195,1.0
newspap,129,66,195,0.338
motor,88,107,195,0.549
currentiy,0,195,195,1.0
fr,43,152,195,0.779
terrorist,143,51,194,0.263
publicli,113,81,194,0.418
³,0,194,194,1.0
hottest,9,185,194,0.954
kean,193,1,194,0.005
wealth,38,155,193,0.803
xanaax,0,193,193,1.0
daughter,25,168,193,0.87
regali,0,192,192,1.0
fii,0,192,192,1.0
crawler,187,5,192,0.026
defend,118,74,192,0.385
meanwhil,156,36,192,0.188
district,127,65,192,0.339
oust,187,5,192,0.026
incent,136,56,192,0.292
mount,105,87,192,0.453
flag,118,74,192,0.385
reev,179,12,191,0.063
walker,164,27,191,0.141
stack,182,9,191,0.047
warburg,191,0,191,0.0
ram,73,118,191,0.618
inexpens,16,175,191,0.916
hea,189,2,191,0.01
bln,191,0,191,0.0
intuit,36,155,191,0.812
olson,180,11,191,0.058
faculti,185,6,191,0.031
rapidli,70,121,191,0.634
certifi,55,136,191,0.712
wili,2,189,191,0.99
lobbi,181,9,190,0.047
lift,94,96,190,0.505
hang,98,92,190,0.484
quantit,177,13,190,0.068
consumpt,79,111,190,0.584
broad,129,61,190,0.321
jon,172,18,190,0.095
payrol,158,32,190,0.168
boss,88,102,190,0.537
hplo,190,0,190,0.0
exempt,158,31,189,0.164
fed,159,30,189,0.159
sean,165,24,189,0.127
fifteen,11,178,189,0.942
benchmark,160,29,189,0.153
jpg,61,128,189,0.677
iferc,189,0,189,0.0
login,92,97,189,0.513
alt,52,137,189,0.725
advers,126,62,188,0.33
dispos,65,123,188,0.654
disappoint,105,83,188,0.441
actua,0,188,188,1.0
maya,7,181,188,0.963
eat,51,137,188,0.729
notch,171,17,188,0.09
postal,36,152,188,0.809
wild,66,122,188,0.649
brokerag,115,73,188,0.388
dick,114,74,188,0.394
intens,86,102,188,0.543
outsourc,132,56,188,0.298
bennett,154,33,187,0.176
hoid,0,187,187,1.0
builder,24,163,187,0.872
patricia,172,15,187,0.08
wear,39,148,187,0.791
gray,157,30,187,0.16
lynn,167,20,187,0.107
cycl,133,54,187,0.289
driven,121,66,187,0.353
milnthorp,186,0,186,0.0
offsit,186,0,186,0.0
shock,83,103,186,0.554
sharehoid,0,186,186,1.0
mountain,99,87,186,0.468
acr,31,155,186,0.833
oregon,141,45,186,0.242
marc,175,11,186,0.059
apc,1,185,186,0.995
notebook,13,172,185,0.93
wholli,44,141,185,0.762
optic,107,78,185,0.422
collin,165,20,185,0.108
aopen,0,185,185,1.0
analyz,109,76,185,0.411
correctli,164,21,185,0.114
abandon,128,57,185,0.308
singapor,155,30,185,0.162
marlin,178,7,185,0.038
depth,93,92,185,0.497
commentari,110,75,185,0.405
inde,126,58,184,0.315
gif,18,166,184,0.902
ver,4,180,184,0.978
virus,82,102,184,0.554
tight,128,56,184,0.304
parker,166,18,184,0.098
writer,120,64,184,0.348
visibl,63,121,184,0.658
somewhat,159,24,183,0.131
inconveni,61,122,183,0.667
pledg,156,27,183,0.148
ypil,0,183,183,1.0
hasn,163,20,183,0.109
payabl,157,26,183,0.142
au,44,139,183,0.76
marin,112,71,183,0.388
cotton,150,33,183,0.18
oasi,170,13,183,0.071
antiviru,5,178,183,0.973
organis,142,41,183,0.224
divid,131,52,183,0.284
empresa,2,180,182,0.989
corner,98,84,182,0.462
distanc,70,112,182,0.615
dreamweav,0,182,182,1.0
nl,14,168,182,0.923
lorrain,172,10,182,0.055
ck,1,181,182,0.995
entex,182,0,182,0.0
peac,50,132,182,0.725
distinct,43,139,182,0.764
toronto,119,63,182,0.346
friendli,59,122,181,0.674
phentermin,0,181,181,1.0
admit,123,58,181,0.32
jeremi,139,42,181,0.232
bowen,168,13,181,0.072
dth,179,2,181,0.011
mont,115,66,181,0.365
kick,149,32,181,0.177
foster,161,20,181,0.11
prudenti,168,13,181,0.072
translat,89,92,181,0.508
iomega,2,179,181,0.989
femal,37,144,181,0.796
viewson,0,181,181,1.0
editor,91,90,181,0.497
enclos,137,44,181,0.243
kingdom,36,145,181,0.801
dean,151,29,180,0.161
levitra,0,180,180,1.0
ks,20,160,180,0.889
embarrass,45,135,180,0.75
fastest,22,158,180,0.878
penalti,137,43,180,0.239
amsterdam,41,139,180,0.772
albrecht,167,13,180,0.072
pager,179,1,180,0.006
battl,107,73,180,0.406
¬,1,179,180,0.994
lifetim,42,137,179,0.765
citizen,59,120,179,0.67
hate,45,134,179,0.749
acceler,122,57,179,0.318
hl,60,119,179,0.665
accordingli,137,42,179,0.235
terror,80,99,179,0.553
spike,140,39,179,0.218
reg,33,146,179,0.816
motiv,85,94,179,0.525
regret,43,136,179,0.76
merril,165,14,179,0.078
conting,158,21,179,0.117
nationwid,52,126,178,0.708
fontfont,0,178,178,1.0
sheri,172,6,178,0.034
attribut,128,50,178,0.281
pioneer,74,104,178,0.584
ercot,178,0,178,0.0
appl,8,170,178,0.955
biank,0,178,178,1.0
targu,0,178,178,1.0
cure,37,141,178,0.792
born,47,131,178,0.736
alter,86,91,177,0.514
cheapest,7,170,177,0.96
medica,1,176,177,0.994
intellinet,0,177,177,1.0
modul,140,37,177,0.209
caiso,177,0,177,0.0
miner,20,157,177,0.887
arial,10,167,177,0.944
lone,95,82,177,0.463
intranet,165,12,177,0.068
preserv,93,84,177,0.475
surfac,76,101,177,0.571
sweet,23,154,177,0.87
surround,139,38,177,0.215
cheer,109,68,177,0.384
darrel,162,14,176,0.08
mogi,0,176,176,1.0
lt,31,145,176,0.824
zip,56,120,176,0.682
dutch,140,36,176,0.205
programm,80,96,176,0.545
prozac,1,175,176,0.994
shore,137,39,176,0.222
analyt,153,23,176,0.131
leppard,176,0,176,0.0
deleg,135,41,176,0.233
enorm,89,87,176,0.494
revamp,13,163,176,0.926
carl,134,42,176,0.239
legitim,14,162,176,0.92
spanish,32,143,175,0.817
pilot,116,59,175,0.337
img,0,175,175,1.0
cm,116,59,175,0.337
accus,105,70,175,0.4
cri,41,134,175,0.766
expedit,63,112,175,0.64
painter,2,173,175,0.989
uae,7,167,174,0.96
constant,72,102,174,0.586
sherlyn,174,0,174,0.0
petroieum,0,174,174,1.0
dupont,143,31,174,0.178
spoken,153,21,174,0.121
audrey,153,21,174,0.121
bonus,85,89,174,0.511
shmuel,169,5,174,0.029
updatel,174,0,174,0.0
vocalscap,0,174,174,1.0
nativ,31,143,174,0.822
suspens,61,113,174,0.649
equistar,174,0,174,0.0
twice,101,73,174,0.42
harder,75,99,174,0.569
sharpli,130,43,173,0.249
vibrat,3,170,173,0.983
ranch,167,6,173,0.035
wolf,136,37,173,0.214
ae,135,38,173,0.22
palestinian,15,158,173,0.913
proud,78,95,173,0.549
apach,157,16,173,0.092
argentina,109,64,173,0.37
np,161,12,173,0.069
popul,73,100,173,0.578
fairli,157,16,173,0.092
diagnost,5,167,172,0.971
stimul,39,133,172,0.773
convent,100,72,172,0.419
lauri,156,16,172,0.093
confiict,0,172,172,1.0
realiti,89,83,172,0.483
sandi,150,22,172,0.128
soiution,0,172,172,1.0
nanci,151,21,172,0.122
smooth,65,107,172,0.622
stabl,101,71,172,0.413
closer,137,34,171,0.199
proof,48,123,171,0.719
henwood,171,0,171,0.0
prnewswir,48,123,171,0.719
ot,127,44,171,0.257
xga,0,171,171,1.0
outcom,148,23,171,0.135
momentum,49,122,171,0.713
sql,77,93,170,0.547
ic,126,44,170,0.259
spirit,52,118,170,0.694
mitchel,126,44,170,0.259
philip,102,68,170,0.4
templ,0,170,170,1.0
begun,95,75,170,0.441
seu,0,170,170,1.0
luce,170,0,170,0.0
ser,2,168,170,0.988
increasingli,138,32,170,0.188
bridgelin,170,0,170,0.0
sydney,159,11,170,0.065
glover,163,6,169,0.036
garp,169,0,169,0.0
meantim,157,12,169,0.071
seventh,36,133,169,0.787
emiss,136,33,169,0.195
sick,42,127,169,0.751
mou,161,8,169,0.047
nesa,169,0,169,0.0
angela,148,21,169,0.124
represent,80,89,169,0.527
gordon,148,21,169,0.124
dozen,105,64,169,0.379
crore,169,0,169,0.0
dawn,155,13,168,0.077
vaiue,0,168,168,1.0
gtv,168,0,168,0.0
catalog,22,146,168,0.869
dietrich,156,12,168,0.071
robertson,155,13,168,0.077
buck,41,127,168,0.756
traci,150,18,168,0.107
frequent,109,59,168,0.351
ci,20,148,168,0.881
robinson,151,17,168,0.101
tion,2,166,168,0.988
accid,41,126,167,0.754
peopi,0,167,167,1.0
compris,86,81,167,0.485
score,115,52,167,0.311
curri,151,16,167,0.096
tess,160,7,167,0.042
cn,44,123,167,0.737
forest,102,65,167,0.389
claus,144,23,167,0.138
xx,129,38,167,0.228
complimentari,19,148,167,0.886
pure,102,65,167,0.389
tina,145,22,167,0.132
quark,8,159,167,0.952
solmonson,167,0,167,0.0
hector,158,9,167,0.054
criteria,110,57,167,0.341
sevil,160,6,166,0.036
charlen,164,2,166,0.012
corrupt,93,73,166,0.44
sister,38,128,166,0.771
recognit,71,95,166,0.572
glass,70,96,166,0.578
dilut,123,43,166,0.259
joke,25,141,166,0.849
annuiti,76,90,166,0.542
frustrat,83,83,166,0.5
sander,118,48,166,0.289
merg,132,34,166,0.205
mead,161,5,166,0.03
chevron,142,24,166,0.145
compromis,86,80,166,0.482
dark,57,109,166,0.657
clem,166,0,166,0.0
tower,109,57,166,0.343
shouldn,69,96,165,0.582
ambien,0,165,165,1.0
garden,76,89,165,0.539
command,61,104,165,0.63
os,19,146,165,0.885
bulletin,48,117,165,0.709
zimbabw,0,165,165,1.0
bullet,120,45,165,0.273
ryan,148,17,165,0.103
wallet,14,151,165,0.915
strengthen,97,68,165,0.412
hodg,153,12,165,0.073
stick,101,64,165,0.388
pic,31,133,164,0.811
labor,102,62,164,0.378
exxon,155,9,164,0.055
metric,157,7,164,0.043
deficit,35,129,164,0.787
shlpplng,0,164,164,1.0
incept,78,86,164,0.524
ilug,0,164,164,1.0
breakfast,102,62,164,0.378
raw,22,142,164,0.866
haedick,164,0,164,0.0
archiv,76,88,164,0.537
quest,19,145,164,0.884
warm,78,85,163,0.521
dougla,141,22,163,0.135
©,0,163,163,1.0
forgot,142,21,163,0.129
race,77,86,163,0.528
pulp,151,12,163,0.074
habit,23,140,163,0.859
¨,0,163,163,1.0
sach,151,12,163,0.074
perlman,163,0,163,0.0
healthi,40,123,163,0.755
ciall,0,163,163,1.0
modif,136,27,163,0.166
jenni,134,28,162,0.173
eog,161,1,162,0.006
okay,130,32,162,0.198
cdrw,0,162,162,1.0
hess,150,12,162,0.074
sm,39,123,162,0.759
ronn,92,70,162,0.432
explan,132,30,162,0.185
templat,141,21,162,0.13
cornhusk,162,0,162,0.0
agricultur,59,103,162,0.636
threaten,125,37,162,0.228
oz,13,148,161,0.919
pet,11,150,161,0.932
sperm,0,161,161,1.0
laid,70,91,161,0.565
mgmt,161,0,161,0.0
hook,75,86,161,0.534
african,11,150,161,0.932
crazi,25,136,161,0.845
graph,149,12,161,0.075
sky,18,143,161,0.888
preced,57,103,160,0.644
redeliveri,160,0,160,0.0
utexa,160,0,160,0.0
gen,54,106,160,0.662
commission,153,7,160,0.044
cfm,137,23,160,0.144
ant,8,152,160,0.95
testimoni,26,134,160,0.838
reiat,0,160,160,1.0
aireadi,0,160,160,1.0
plaintiff,151,9,160,0.056
ro,9,151,160,0.944
°,0,160,160,1.0
phil,148,11,159,0.069
proposit,40,119,159,0.748
devon,149,10,159,0.063
mega,18,141,159,0.887
societi,71,88,159,0.553
ebl,158,1,159,0.006
borland,2,157,159,0.987
pinnamaneni,159,0,159,0.0
fiscal,113,46,159,0.289
salomon,159,0,159,0.0
handheld,133,26,159,0.164
sofftwaar,0,158,158,1.0
suspect,117,41,158,0.259
millennium,20,138,158,0.873
zonedubai,0,158,158,1.0
passport,34,124,158,0.785
congest,117,41,158,0.259
enrj,158,0,158,0.0
skin,5,153,158,0.968
val,35,123,158,0.778
exhibit,89,69,158,0.437
barclay,86,72,158,0.456
stoc,0,158,158,1.0
hugh,126,32,158,0.203
reimburs,126,32,158,0.203
ordin,84,74,158,0.468
reorgan,157,1,158,0.006
stewart,142,16,158,0.101
serious,81,76,157,0.484
pagemak,1,156,157,0.994
sav,0,157,157,1.0
sam,129,28,157,0.178
golf,121,36,157,0.229
esta,1,156,157,0.994
aeor,0,157,157,1.0
sought,124,33,157,0.21
vlagra,0,157,157,1.0
cast,71,86,157,0.548
krishna,154,3,157,0.019
besid,72,85,157,0.541
witer,0,157,157,1.0
methanol,135,22,157,0.14
extraordinari,73,84,157,0.535
sobr,2,155,157,0.987
japanes,125,31,156,0.199
proxi,90,66,156,0.423
barney,143,13,156,0.083
authoris,142,14,156,0.09
midcon,156,0,156,0.0
superti,156,0,156,0.0
upsid,87,69,156,0.442
jacobi,152,4,156,0.026
oren,156,0,156,0.0
shortag,133,23,156,0.147
beliz,1,155,156,0.994
arnold,142,14,156,0.09
frame,103,53,156,0.34
viru,25,131,156,0.84
deduct,91,65,156,0.417
brett,142,13,155,0.084
warrant,88,67,155,0.432
columbia,112,43,155,0.277
duplic,79,76,155,0.49
sep,124,31,155,0.2
acton,144,11,155,0.071
kay,137,18,155,0.116
shipment,65,90,155,0.581
colorado,91,64,155,0.413
mandat,58,97,155,0.626
sin,22,133,155,0.858
wrap,86,69,155,0.445
villarr,154,1,155,0.006
rahil,154,0,154,0.0
lesson,104,50,154,0.325
nigerian,2,152,154,0.987
moder,78,76,154,0.494
perri,129,25,154,0.162
fx,110,44,154,0.286
setup,87,67,154,0.435
midwest,143,11,154,0.071
ceil,25,129,154,0.838
utmost,4,150,154,0.974
recess,117,37,154,0.24
disk,36,117,153,0.765
unauthor,100,53,153,0.346
bl,40,113,153,0.739
hidden,28,125,153,0.817
burton,137,16,153,0.105
loo,0,153,153,1.0
thinkgeek,0,153,153,1.0
earl,137,16,153,0.105
rub,105,48,153,0.314
spark,113,39,152,0.257
invok,49,103,152,0.678
russia,38,114,152,0.75
burst,25,127,152,0.836
harvard,129,23,152,0.151
illinoi,103,49,152,0.322
loqo,0,152,152,1.0
copper,79,73,152,0.48
nero,0,152,152,1.0
remark,74,78,152,0.513
crown,67,85,152,0.559
iraq,67,85,152,0.559
reaction,135,17,152,0.112
staf,131,21,152,0.138
pace,107,45,152,0.296
antonio,90,62,152,0.408
instantli,14,138,152,0.908
cf,8,143,151,0.947
zhiyong,151,0,151,0.0
refil,9,142,151,0.94
jo,98,53,151,0.351
pe,10,141,151,0.934
inclus,101,50,151,0.331
sb,133,18,151,0.119
hurri,26,125,151,0.828
loos,55,96,151,0.636
admin,124,27,151,0.179
youth,13,138,151,0.914
trace,21,130,151,0.861
beaumont,140,11,151,0.073
ibuyit,150,0,150,0.0
perceiv,45,105,150,0.7
tent,131,19,150,0.127
row,95,55,150,0.367
mln,146,4,150,0.027
somebodi,70,80,150,0.533
ql,116,34,150,0.227
dlr,150,0,150,0.0
killen,149,1,150,0.007
centuri,42,108,150,0.72
spell,66,84,150,0.56
jinbaek,150,0,150,0.0
blame,132,18,150,0.12
frevert,150,0,150,0.0
,0,150,150,1.0
dissolv,29,121,150,0.807
bo,81,69,150,0.46
wors,122,27,149,0.181
newli,102,47,149,0.315
diploma,8,141,149,0.946
piay,0,149,149,1.0
soul,7,142,149,0.953
gpgfin,149,0,149,0.0
promo,8,141,149,0.946
headcount,149,0,149,0.0
twelv,15,134,149,0.899
techlit,0,148,148,1.0
resist,73,75,148,0.507
muller,51,97,148,0.655
ross,128,20,148,0.135
diego,95,53,148,0.358
appeal,82,66,148,0.446
ba,55,93,148,0.628
beverli,113,35,148,0.236
jose,94,54,148,0.365
walton,136,12,148,0.081
twa,11,137,148,0.926
lou,102,46,148,0.311
ua,75,73,148,0.493
provinc,20,128,148,0.865
ya,44,104,148,0.703
pension,131,17,148,0.115
cartier,1,147,148,0.993
fashion,71,77,148,0.52
vger,0,148,148,1.0
rsvp,138,10,148,0.068
temperatur,103,44,147,0.299
suzann,135,12,147,0.082
ethic,91,56,147,0.381
slip,111,36,147,0.245
fellow,71,76,147,0.517
lindberg,137,10,147,0.068
charlott,116,31,147,0.211
classic,46,101,147,0.687
pour,13,133,146,0.911
patienc,92,54,146,0.37
theresa,142,4,146,0.027
deploy,79,67,146,0.459
edt,102,44,146,0.301
earliest,89,57,146,0.39
§,0,145,145,1.0
creek,106,39,145,0.269
tooi,0,145,145,1.0
mc,24,121,145,0.834
exec,138,7,145,0.048
tk,129,16,145,0.11
unsolicit,9,136,145,0.938
contractu,106,39,145,0.269
underwrit,125,20,145,0.138
realist,53,92,145,0.634
rumor,113,32,145,0.221
sweeney,140,5,145,0.034
gambl,30,115,145,0.793
variabl,116,29,145,0.2
parson,132,13,145,0.09
schneider,142,3,145,0.021
spamassassin,0,145,145,1.0
caught,71,73,144,0.507
hamilton,103,41,144,0.285
bright,76,68,144,0.472
correo,1,143,144,0.993
ward,133,11,144,0.076
ralli,124,20,144,0.139
den,31,113,144,0.785
demo,93,51,144,0.354
lf,0,144,144,1.0
bailout,140,4,144,0.028
ink,14,130,144,0.903
cst,138,6,144,0.042
recur,52,92,144,0.639
boom,43,101,144,0.701
gear,43,101,144,0.701
queri,113,31,144,0.215
wise,41,103,144,0.715
doliar,0,143,143,1.0
shortfal,129,14,143,0.098
drag,83,60,143,0.42
autodesk,0,143,143,1.0
anonym,53,90,143,0.629
bell,54,89,143,0.622
dividend,82,61,143,0.427
celest,134,9,143,0.063
anxieti,15,128,143,0.895
modem,32,111,143,0.776
gmt,127,16,143,0.112
rental,81,62,143,0.434
favour,48,95,143,0.664
plummet,140,3,143,0.021
worid,0,143,143,1.0
nv,27,116,143,0.811
sophist,95,48,143,0.336
ss,16,127,143,0.888
furnish,26,117,143,0.818
recal,127,16,143,0.112
thuraisingham,142,0,142,0.0
llp,138,4,142,0.028
prof,106,36,142,0.254
deffner,142,0,142,0.0
ast,0,142,142,1.0
mirror,109,33,142,0.232
manipul,81,61,142,0.43
steadi,74,68,142,0.479
carthag,132,10,142,0.07
kal,142,0,142,0.0
desper,86,56,142,0.394
procur,91,51,142,0.359
turnaround,44,98,142,0.69
loop,114,28,142,0.197
scan,26,116,142,0.817
cat,32,110,142,0.775
cholesterol,1,141,142,0.993
rio,93,49,142,0.345
santa,40,102,142,0.718
walter,115,27,142,0.19
song,24,118,142,0.831
vain,0,142,142,1.0
addresse,116,26,142,0.183
interst,121,20,141,0.142
architect,18,123,141,0.872
conoco,133,8,141,0.057
tough,101,40,141,0.284
alp,112,29,141,0.206
cgi,63,78,141,0.553
mage,124,17,141,0.121
fulfil,77,64,141,0.454
transmit,69,72,141,0.511
isc,141,0,141,0.0
footbal,63,78,141,0.553
insist,115,26,141,0.184
abb,116,25,141,0.177
randi,127,14,141,0.099
mouth,14,127,141,0.901
wave,76,65,141,0.461
mcconnel,135,6,141,0.043
atleast,2,139,141,0.986
lb,47,94,141,0.667
destin,41,100,141,0.709
ni,30,111,141,0.787
carter,135,6,141,0.043
depot,39,101,140,0.721
expos,71,69,140,0.493
sideback,0,140,140,1.0
shive,140,0,140,0.0
heidi,140,0,140,0.0
vlt,136,4,140,0.029
dyson,140,0,140,0.0
clair,121,19,140,0.136
jp,85,55,140,0.393
fluctuat,79,61,140,0.436
framework,94,46,140,0.329
reportedli,139,1,140,0.007
profess,26,114,140,0.814
sel,4,136,140,0.971
invis,5,135,140,0.964
fare,118,22,140,0.157
soiicit,0,140,140,1.0
everyday,45,95,140,0.679
cv,107,33,140,0.236
btu,127,13,140,0.093
sullivan,126,14,140,0.1
stretch,82,58,140,0.414
somewher,91,48,139,0.345
interim,123,16,139,0.115
lin,124,15,139,0.108
lotu,129,10,139,0.072
disc,12,127,139,0.914
church,46,93,139,0.669
swift,78,61,139,0.439
tast,7,132,139,0.95
jodi,74,65,139,0.468
,0,139,139,1.0
jill,129,10,139,0.072
elena,121,18,139,0.129
portabl,10,129,139,0.928
professiona,0,139,139,1.0
swiss,24,115,139,0.827
shelli,138,1,139,0.007
fitzpatrick,132,7,139,0.05
chonawe,138,0,138,0.0
fifth,123,15,138,0.109
jonathan,119,19,138,0.138
bmxg,0,138,138,1.0
forthcom,81,57,138,0.413
goai,0,138,138,1.0
behavior,107,31,138,0.225
vital,52,86,138,0.623
bay,46,92,138,0.667
jess,108,30,138,0.217
ban,34,104,138,0.754
precis,32,106,138,0.768
dl,57,81,138,0.587
philadelphia,119,19,138,0.138
baker,100,37,137,0.27
sooner,72,65,137,0.474
grown,58,79,137,0.577
pari,85,52,137,0.38
vike,6,131,137,0.956
uma,0,137,137,1.0
wake,95,42,137,0.307
defer,83,54,137,0.394
xpp,0,137,137,1.0
mt,83,54,137,0.394
grew,82,55,137,0.401
peaker,137,0,137,0.0
victoria,80,57,137,0.416
powder,23,114,137,0.832
argument,90,47,137,0.343
abiiiti,0,137,137,1.0
dy,114,23,137,0.168
googl,0,137,137,1.0
bobbi,80,57,137,0.416
globe,81,55,136,0.404
anshuman,136,0,136,0.0
girlfriend,2,134,136,0.985
stranger,107,29,136,0.213
wheel,65,71,136,0.522
ei,99,37,136,0.272
bg,125,11,136,0.081
erm,112,24,136,0.176
lucr,48,88,136,0.647
hotlist,60,76,136,0.559
ose,9,127,136,0.934
halt,111,25,136,0.184
zealand,13,123,136,0.904
weigh,116,20,136,0.147
reassur,128,8,136,0.059
diabet,21,115,136,0.846
formul,45,91,136,0.669
quicken,9,127,136,0.934
briefli,132,4,136,0.029
frequenc,68,68,136,0.5
cheaper,39,97,136,0.713
oliv,92,44,136,0.324
accredit,5,131,136,0.963
schumack,135,0,135,0.0
bug,77,58,135,0.43
pattern,77,58,135,0.43
upstream,131,4,135,0.03
rocki,122,13,135,0.096
par,73,62,135,0.459
amitava,135,0,135,0.0
accompani,90,45,135,0.333
epe,134,1,135,0.007
tumbl,133,2,135,0.015
webmail,0,135,135,1.0
roughli,128,7,135,0.052
cr,47,88,135,0.652
mostli,110,25,135,0.185
listinfo,0,135,135,1.0
highiy,0,135,135,1.0
lago,1,134,135,0.993
wade,121,14,135,0.104
presum,98,37,135,0.274
vcsc,0,135,135,1.0
rewrit,30,105,135,0.778
systemwork,0,135,135,1.0
plenti,81,54,135,0.4
emot,24,110,134,0.821
cnn,17,117,134,0.873
charter,111,23,134,0.172
charact,38,96,134,0.716
champion,38,96,134,0.716
theori,116,18,134,0.134
vest,65,69,134,0.515
coach,65,69,134,0.515
slot,71,63,134,0.47
trillion,41,93,134,0.694
iron,48,86,134,0.642
therapi,3,131,134,0.978
symbo,0,134,134,1.0
pennsylvania,97,37,134,0.276
russian,48,86,134,0.642
ste,48,86,134,0.642
reloc,95,39,134,0.291
tommi,116,17,133,0.128
alumni,62,71,133,0.534
truck,79,54,133,0.406
newpow,133,0,133,0.0
omega,1,132,133,0.992
vicker,132,1,133,0.008
di,21,112,133,0.842
elsewher,97,36,133,0.271
wrongfu,0,133,133,1.0
fertil,22,111,133,0.835
fort,57,76,133,0.571
plll,0,133,133,1.0
municip,87,46,133,0.346
cia,5,128,133,0.962
escap,67,66,133,0.496
mhz,22,111,133,0.835
dot,92,41,133,0.308
protest,93,40,133,0.301
consumm,17,116,133,0.872
nguyen,123,9,132,0.068
conjunct,67,65,132,0.492
franci,104,28,132,0.212
compressor,126,6,132,0.045
wiii,0,132,132,1.0
headlin,61,71,132,0.538
partial,85,47,132,0.356
loi,33,99,132,0.75
mini,34,98,132,0.742
tune,69,63,132,0.477
biospher,0,132,132,1.0
leg,57,75,132,0.568
ear,27,105,132,0.795
shlpp,0,132,132,1.0
delight,77,55,132,0.417
valero,132,0,132,0.0
vast,57,75,132,0.568
throw,54,78,132,0.591
shed,110,22,132,0.167
kern,125,7,132,0.053
quickbook,0,131,131,1.0
thanksgiv,120,11,131,0.084
justic,89,42,131,0.321
shapiro,128,3,131,0.023
voicemail,124,7,131,0.053
oklahoma,71,60,131,0.458
broken,65,66,131,0.504
calif,84,47,131,0.359
winston,73,58,131,0.443
modern,30,101,131,0.771
jacob,86,45,131,0.344
stood,47,84,131,0.641
interchang,125,6,131,0.046
routin,68,63,131,0.481
gate,63,68,131,0.519
denver,100,31,131,0.237
pam,101,30,131,0.229
yard,47,84,131,0.641
toy,29,102,131,0.779
prematur,21,109,130,0.838
baumbach,130,0,130,0.0
reinhardt,130,0,130,0.0
isp,13,117,130,0.9
rig,38,92,130,0.708
presentiy,0,130,130,1.0
jane,103,27,130,0.208
satellit,57,73,130,0.562
monica,63,67,130,0.515
luong,130,0,130,0.0
vioxx,0,130,130,1.0
ho,35,95,130,0.731
jerri,111,19,130,0.146
spec,97,33,130,0.254
syslync,0,130,130,1.0
dual,55,74,129,0.574
plug,63,66,129,0.512
dyn,126,3,129,0.023
reservoir,37,92,129,0.713
arena,80,49,129,0.38
endors,72,57,129,0.442
craft,41,88,129,0.682
billi,94,35,129,0.271
rare,55,74,129,0.574
kindal,129,0,129,0.0
wouid,0,129,129,1.0
ocean,54,75,129,0.581
mp,25,104,129,0.806
ist,1,128,129,0.992
justifi,109,20,129,0.155
tycholiz,129,0,129,0.0
envelop,30,99,129,0.767
dana,114,15,129,0.116
sysiync,0,129,129,1.0
distributorjebel,0,129,129,1.0
cow,48,81,129,0.628
illeg,47,82,129,0.636
notion,118,10,128,0.078
skeptic,75,53,128,0.414
appetit,32,96,128,0.75
chosen,71,57,128,0.445
shirt,57,71,128,0.555
scheme,84,44,128,0.344
rough,108,20,128,0.156
glisan,128,0,128,0.0
millionair,13,115,128,0.898
carson,113,15,128,0.117
confisc,5,123,128,0.961
odd,66,62,128,0.484
brennan,117,11,128,0.086
underway,72,56,128,0.438
absorb,52,76,128,0.594
pose,71,56,127,0.441
castillo,8,119,127,0.937
pair,56,71,127,0.559
harrison,94,33,127,0.26
chamber,26,101,127,0.795
incomplet,92,35,127,0.276
iaagra,0,127,127,1.0
summar,125,2,127,0.016
arizona,58,69,127,0.543
compress,76,51,127,0.402
abacha,0,127,127,1.0
menu,87,40,127,0.315
oversight,125,1,126,0.008
fuller,93,33,126,0.262
stan,118,8,126,0.063
coat,70,56,126,0.444
clip,32,94,126,0.746
wayn,100,26,126,0.206
exotica,118,8,126,0.063
fa,70,56,126,0.444
lsk,123,3,126,0.024
buiider,0,126,126,1.0
paula,120,6,126,0.048
mlm,8,118,126,0.937
plastic,42,84,126,0.667
dreamwav,0,126,126,1.0
reciev,25,101,126,0.802
bounc,66,59,125,0.472
rw,9,116,125,0.928
unsuit,0,125,125,1.0
bull,44,81,125,0.648
miiiion,0,125,125,1.0
wing,15,110,125,0.88
overse,109,16,125,0.128
ioqo,0,125,125,1.0
sensor,5,120,125,0.96
historica,0,125,125,1.0
pig,99,26,125,0.208
warehous,38,87,125,0.696
clinic,14,111,125,0.888
discios,0,125,125,1.0
scene,49,76,125,0.608
papayoti,125,0,125,0.0
mentor,30,95,125,0.76
heavili,104,21,125,0.168
ahmad,121,4,125,0.032
hansen,114,11,125,0.088
wrongfuili,0,125,125,1.0
vou,24,101,125,0.808
dian,97,27,124,0.218
zyban,0,124,124,1.0
bye,21,103,124,0.831
lord,45,79,124,0.637
baron,99,25,124,0.202
ado,0,124,124,1.0
prom,6,118,124,0.952
powerquest,0,124,124,1.0
duffi,117,7,124,0.056
contest,64,60,124,0.484
remaind,114,10,124,0.081
hole,54,70,124,0.565
cargo,56,68,124,0.548
debat,90,34,124,0.274
mode,42,82,124,0.661
suitabl,71,53,124,0.427
cellpad,0,124,124,1.0
lamphier,124,0,124,0.0
hide,80,43,123,0.35
portal,55,68,123,0.553
cloth,29,94,123,0.764
scrutini,110,13,123,0.106
jersey,74,49,123,0.398
smile,34,89,123,0.724
kirste,123,0,123,0.0
impos,84,39,123,0.317
discrep,106,17,123,0.138
helo,0,123,123,1.0
suddenli,65,58,123,0.472
nw,68,55,123,0.447
consign,3,120,123,0.976
inter,76,46,122,0.377
hplnl,122,0,122,0.0
clay,99,23,122,0.189
osprey,112,10,122,0.082
financia,4,118,122,0.967
cumul,101,21,122,0.172
jedi,121,1,122,0.008
disappear,53,69,122,0.566
grab,34,88,122,0.721
disast,61,61,122,0.5
sharon,111,11,122,0.09
µ,0,122,122,1.0
kyle,112,10,122,0.082
zu,3,119,122,0.975
disrupt,84,38,122,0.311
minu,111,11,122,0.09
founder,59,63,122,0.516
seil,0,122,122,1.0
disqualifi,2,120,122,0.984
council,82,39,121,0.322
stockhold,72,49,121,0.405
fea,100,21,121,0.174
cialii,0,121,121,1.0
shalesh,121,0,121,0.0
compel,39,82,121,0.678
compart,0,121,121,1.0
amazon,72,49,121,0.405
conform,30,91,121,0.752
dori,106,15,121,0.124
fate,84,37,121,0.306
gossett,121,0,121,0.0
palm,59,62,121,0.512
eddi,83,38,121,0.314
warner,108,13,121,0.107
materialiy,0,121,121,1.0
eprm,121,0,121,0.0
ia,27,94,121,0.777
mcf,111,10,121,0.083
geograph,71,50,121,0.413
softtab,0,121,121,1.0
sacramento,110,11,121,0.091
irvin,96,24,120,0.2
slash,74,46,120,0.383
curtail,109,11,120,0.092
infect,9,111,120,0.925
throughput,112,8,120,0.067
crunch,94,26,120,0.217
gwyn,117,3,120,0.025
mere,49,71,120,0.592
pp,40,80,120,0.667
hassl,16,104,120,0.867
ashley,99,21,120,0.175
basket,88,32,120,0.267
availabi,0,120,120,1.0
stella,110,10,120,0.083
lcd,12,108,120,0.9
teresa,117,3,120,0.025
dj,16,104,120,0.867
lodg,44,76,120,0.633
monterrey,98,22,120,0.183
weren,101,19,120,0.158
ipp,118,2,120,0.017
baa,117,3,120,0.025
hors,21,99,120,0.825
poland,68,52,120,0.433
persist,62,58,120,0.483
von,8,112,120,0.933
avaiiabl,0,119,119,1.0
evan,95,24,119,0.202
summit,68,51,119,0.429
nineti,7,112,119,0.941
piil,0,119,119,1.0
ein,19,100,119,0.84
lx,24,95,119,0.798
unscrupul,0,119,119,1.0
secondari,71,48,119,0.403
danni,99,20,119,0.168
discontinu,40,79,119,0.664
meaning,104,15,119,0.126
intra,119,0,119,0.0
distress,73,46,119,0.387
barrett,103,16,119,0.134
admir,41,77,118,0.653
gonzalez,100,18,118,0.153
confidentiai,0,118,118,1.0
spywar,1,117,118,0.992
vkaminski,118,0,118,0.0
sugar,27,91,118,0.771
alium,0,118,118,1.0
perfectli,33,85,118,0.72
complain,71,47,118,0.398
dsl,13,105,118,0.89
mtg,105,13,118,0.11
concur,86,32,118,0.271
bin,47,71,118,0.602
du,16,102,118,0.864
bound,48,70,118,0.593
gregori,105,12,117,0.103
circl,44,73,117,0.624
dfarmer,117,0,117,0.0
leon,29,88,117,0.752
picker,109,8,117,0.068
resort,79,38,117,0.325
ep,64,53,117,0.453
victim,56,61,117,0.521
ehud,117,0,117,0.0
sampi,0,117,117,1.0
rush,60,57,117,0.487
beiief,0,117,117,1.0
luncheon,105,12,117,0.103
lea,23,94,117,0.803
ise,9,108,117,0.923
junior,54,63,117,0.538
mason,97,20,117,0.171
clock,27,90,117,0.769
architectur,43,74,117,0.632
viewer,79,37,116,0.319
compat,24,92,116,0.793
arbitr,99,17,116,0.147
consensu,90,26,116,0.224
bold,63,53,116,0.457
bird,26,90,116,0.776
inquir,66,50,116,0.431
wisdom,14,102,116,0.879
compli,77,39,116,0.336
riley,110,6,116,0.052
paint,43,73,116,0.629
sand,25,91,116,0.784
bernard,80,36,116,0.31
issler,116,0,116,0.0
boat,24,92,116,0.793
meridia,1,115,116,0.991
fiber,85,31,116,0.267
fantast,27,89,116,0.767
josey,116,0,116,0.0
cwtd,0,116,116,1.0
context,67,49,116,0.422
sherri,99,17,116,0.147
carnegi,102,14,116,0.121
rolet,0,116,116,1.0
mellon,103,13,116,0.112
cam,7,109,116,0.94
blast,36,79,115,0.687
processor,28,87,115,0.757
rent,86,29,115,0.252
gzo,0,115,115,1.0
huang,112,3,115,0.026
ich,6,109,115,0.948
coffe,71,44,115,0.383
simon,88,27,115,0.235
tier,84,31,115,0.27
ow,3,112,115,0.974
cart,41,74,115,0.643
successful,2,113,115,0.983
atlant,72,43,115,0.374
cheat,16,99,115,0.861
strip,84,31,115,0.27
humbl,35,80,115,0.696
doilar,0,115,115,1.0
yellow,30,85,115,0.739
header,51,64,115,0.557
cleburn,114,0,114,0.0
bankrupt,91,23,114,0.202
comp,83,31,114,0.272
holm,103,11,114,0.096
temporarili,82,32,114,0.281
cathi,93,21,114,0.184
lab,54,60,114,0.526
younger,15,99,114,0.868
kent,105,9,114,0.079
cpr,114,0,114,0.0
brook,75,39,114,0.342
nuclear,75,39,114,0.342
enemi,13,101,114,0.886
constraint,102,12,114,0.105
embed,79,35,114,0.307
pi,5,109,114,0.956
issuanc,104,9,113,0.08
boa,95,18,113,0.159
unwind,112,1,113,0.009
laugh,17,96,113,0.85
botan,0,113,113,1.0
visuai,0,113,113,1.0
devot,46,67,113,0.593
paperwork,38,75,113,0.664
poorman,113,0,113,0.0
disqualif,0,113,113,1.0
obviou,77,36,113,0.319
overst,111,2,113,0.018
obes,1,112,113,0.991
sim,7,106,113,0.938
injuri,10,103,113,0.912
optimist,82,31,113,0.274
seiect,0,113,113,1.0
moreov,65,48,113,0.425
eott,112,0,112,0.0
richardson,101,11,112,0.098
bnp,89,23,112,0.205
carolina,32,80,112,0.714
jafri,112,0,112,0.0
patterson,103,9,112,0.08
ir,50,62,112,0.554
crucial,88,24,112,0.214
gm,92,20,112,0.179
fo,24,88,112,0.786
compound,55,57,112,0.509
gg,10,102,112,0.911
bryce,98,14,112,0.125
russ,107,5,112,0.045
surbey,112,0,112,0.0
faq,29,83,112,0.741
disposit,93,19,112,0.17
omaha,92,20,112,0.179
specialti,18,94,112,0.839
grati,8,104,112,0.929
weaken,105,7,112,0.062
eugenio,111,1,112,0.009
dress,45,66,111,0.595
famiiiar,0,111,111,1.0
modal,2,109,111,0.982
suiss,111,0,111,0.0
cater,37,74,111,0.667
ronald,81,30,111,0.27
jaim,102,9,111,0.081
soldier,7,104,111,0.937
disord,1,110,111,0.991
anna,72,39,111,0.351
centrinol,0,111,111,1.0
barrei,0,111,111,1.0
ong,10,101,111,0.91
laser,5,106,111,0.955
stadium,99,12,111,0.108
stupid,18,93,111,0.838
kristen,111,0,111,0.0
necessarili,90,21,111,0.189
coffey,96,15,111,0.135
prod,95,16,111,0.144
gamma,96,15,111,0.135
satisfactori,71,40,111,0.36
sj,104,7,111,0.063
willing,76,35,111,0.315
franchis,59,52,111,0.468
reiter,109,2,111,0.018
brain,35,76,111,0.685
riski,77,34,111,0.306
cli,0,111,111,1.0
metabol,0,110,110,1.0
mad,23,87,110,0.791
guard,63,47,110,0.427
avon,96,14,110,0.127
herbal,0,110,110,1.0
fallon,107,3,110,0.027
inspect,56,54,110,0.491
hop,6,104,110,0.945
wherebi,60,50,110,0.455
mccoy,102,8,110,0.073
sudden,50,60,110,0.545
desiqn,0,110,110,1.0
fanci,19,91,110,0.827
pastoria,110,0,110,0.0
territori,58,52,110,0.473
prescrib,8,102,110,0.927
disburs,23,87,110,0.791
wine,24,86,110,0.782
roxio,0,110,110,1.0
residu,73,37,110,0.336
gandi,110,0,110,0.0
ment,3,107,110,0.973
retriev,53,57,110,0.518
excius,0,110,110,1.0
occas,54,56,110,0.509
undervaiu,0,110,110,1.0
ega,33,77,110,0.7
lehman,105,5,110,0.045
kit,17,92,109,0.844
gail,104,5,109,0.046
ocat,0,109,109,1.0
flood,79,30,109,0.275
sutton,105,4,109,0.037
heartwarm,2,107,109,0.982
dormant,3,106,109,0.972
bomb,44,65,109,0.596
antidot,1,108,109,0.991
australian,71,38,109,0.349
acadia,0,109,109,1.0
itc,25,84,109,0.771
perez,100,9,109,0.083
itali,61,48,109,0.44
wipe,57,52,109,0.477
ta,19,90,109,0.826
nurs,11,98,109,0.899
taught,30,79,109,0.725
troy,104,5,109,0.046
ere,0,109,109,1.0
thereaft,54,55,109,0.505
nowaday,7,102,109,0.936
excus,44,65,109,0.596
hickerson,109,0,109,0.0
comic,4,105,109,0.963
petrochem,68,41,109,0.376
latin,67,42,109,0.385
waco,106,3,109,0.028
quicker,26,82,108,0.759
drvg,0,108,108,1.0
therebi,65,43,108,0.398
nevada,53,55,108,0.509
postcard,1,107,108,0.991
modular,2,106,108,0.981
jet,47,61,108,0.565
framemak,0,108,108,1.0
lim,86,22,108,0.204
strang,56,52,108,0.481
ticker,39,69,108,0.639
curso,0,108,108,1.0
coral,80,28,108,0.259
carr,103,5,108,0.046
xph,0,108,108,1.0
miilennium,0,108,108,1.0
simultan,67,41,108,0.38
athlet,5,103,108,0.954
hay,58,50,108,0.463
thick,15,93,108,0.861
breakthrough,15,93,108,0.861
encrypt,22,86,108,0.796
convey,69,39,108,0.361
reqard,0,108,108,1.0
alli,27,81,108,0.75
handset,12,95,107,0.888
random,35,72,107,0.673
deutsch,77,30,107,0.28
aircraft,70,37,107,0.346
eileen,96,11,107,0.103
fish,30,77,107,0.72
conni,97,10,107,0.093
encount,43,64,107,0.598
marcu,89,18,107,0.168
regularli,71,36,107,0.336
xara,0,107,107,1.0
root,44,63,107,0.589
gilbert,89,18,107,0.168
pursuant,68,39,107,0.364
expior,0,107,107,1.0
wither,100,7,107,0.065
eiement,0,107,107,1.0
intrast,107,0,107,0.0
insert,52,55,107,0.514
colspan,0,107,107,1.0
storm,75,31,106,0.292
madrid,6,100,106,0.943
contin,41,65,106,0.613
woridwid,0,106,106,1.0
bother,53,53,106,0.5
syme,106,0,106,0.0
powerpoint,88,18,106,0.17
htmlimg,0,106,106,1.0
revert,42,64,106,0.604
pin,44,62,106,0.585
derek,90,16,106,0.151
mom,46,60,106,0.566
decor,20,86,106,0.811
nbc,21,85,106,0.802
cernosek,106,0,106,0.0
lindi,106,0,106,0.0
chemist,0,106,106,1.0
phoenix,37,69,106,0.651
bone,13,93,106,0.877
marketinq,0,106,106,1.0
isra,17,89,106,0.84
ead,18,88,106,0.83
herndon,105,1,106,0.009
sponsorship,48,58,106,0.547
fiduciari,50,56,106,0.528
contend,60,46,106,0.434
danc,21,85,106,0.802
riqht,0,106,106,1.0
fi,50,56,106,0.528
newest,24,82,106,0.774
petit,81,25,106,0.236
covet,27,79,106,0.745
arrest,13,93,106,0.877
italian,27,78,105,0.743
lme,105,0,105,0.0
pued,0,105,105,1.0
abstract,74,31,105,0.295
toler,52,53,105,0.505
yourseif,0,105,105,1.0
fran,91,14,105,0.133
pariba,105,0,105,0.0
sd,41,64,105,0.61
meredith,96,9,105,0.086
promptli,58,47,105,0.448
buffett,55,50,105,0.476
lagrasta,105,0,105,0.0
firework,2,103,105,0.981
showcas,23,82,105,0.781
diiigenc,0,105,105,1.0
burlington,92,13,105,0.124
apollo,94,11,105,0.105
lsp,105,0,105,0.0
kohli,105,0,105,0.0
mcdonald,92,13,105,0.124
impair,69,36,105,0.343
fuck,0,105,105,1.0
immigr,51,54,105,0.514
graham,77,27,104,0.26
io,78,26,104,0.25
passion,18,86,104,0.827
nich,13,91,104,0.875
expiod,0,104,104,1.0
freeman,47,57,104,0.548
durat,75,29,104,0.279
unsuccess,18,86,104,0.827
judi,97,7,104,0.067
magnitud,44,60,104,0.577
dig,37,67,104,0.644
ricki,85,19,104,0.183
whenev,49,55,104,0.529
tokyo,96,8,104,0.077
tend,86,18,104,0.173
lang,17,87,104,0.837
sha,2,102,104,0.981
becki,93,11,104,0.106
christina,87,17,104,0.163
ehronlin,104,0,104,0.0
medz,0,104,104,1.0
revolv,67,37,104,0.356
rev,68,36,104,0.346
evolv,76,28,104,0.269
webcam,0,104,104,1.0
pv,103,1,104,0.01
joann,87,16,103,0.155
seal,48,55,103,0.534
complementari,12,91,103,0.883
hernandez,100,3,103,0.029
warren,67,36,103,0.35
bureau,46,57,103,0.553
eg,66,37,103,0.359
permian,92,11,103,0.107
slump,93,10,103,0.097
henderson,94,9,103,0.087
aiway,0,103,103,1.0
joy,26,77,103,0.748
andr,81,22,103,0.214
intercept,82,21,103,0.204
tagg,103,0,103,0.0
attitud,61,42,103,0.408
badli,45,58,103,0.563
brackett,103,0,103,0.0
paramet,94,9,103,0.087
freez,54,49,103,0.476
fs,15,88,103,0.854
buiid,0,103,103,1.0
reliev,36,67,103,0.65
miliennium,0,103,103,1.0
famou,19,84,103,0.816
navig,56,47,103,0.456
vicki,73,30,103,0.291
relay,33,70,103,0.68
bs,31,72,103,0.699
oprah,56,47,103,0.456
cock,7,96,103,0.932
amongst,10,92,102,0.902
ol,38,64,102,0.627
worksheet,91,11,102,0.108
escrow,62,40,102,0.392
cordial,43,59,102,0.578
materiaili,0,102,102,1.0
fruit,26,76,102,0.745
rem,4,98,102,0.961
laboratori,28,74,102,0.725
bidder,93,9,102,0.088
princeton,87,15,102,0.147
beleagu,102,0,102,0.0
pierc,91,11,102,0.108
strongest,41,61,102,0.598
drift,82,20,102,0.196
buddi,57,45,102,0.441
hazard,16,86,102,0.843
rhythm,10,92,102,0.902
liber,51,51,102,0.5
kathryn,100,2,102,0.02
whiie,0,101,101,1.0
¦,0,101,101,1.0
samuel,56,45,101,0.446
climat,64,37,101,0.366
expedia,93,8,101,0.079
homesit,0,101,101,1.0
finger,37,64,101,0.634
freight,77,24,101,0.238
bal,94,7,101,0.069
hsb,101,0,101,0.0
fatal,13,88,101,0.871
unavail,88,13,101,0.129
crave,3,98,101,0.97
woodland,83,18,101,0.178
exot,90,11,101,0.109
shah,89,12,101,0.119
viaqra,0,101,101,1.0
speech,72,29,101,0.287
upset,67,34,101,0.337
lc,83,18,101,0.178
koehler,100,1,101,0.01
enserch,101,0,101,0.0
fan,52,49,101,0.485
sweepstak,7,94,101,0.931
wang,65,36,101,0.356
vernon,89,12,101,0.119
accru,36,65,101,0.644
yen,84,17,101,0.168
uauthor,0,101,101,1.0
pray,38,63,101,0.624
shine,20,81,101,0.802
michigan,73,28,101,0.277
bore,21,80,101,0.792
icon,71,30,101,0.297
digest,39,62,101,0.614
bellami,95,6,101,0.059
pride,31,69,100,0.69
optout,0,100,100,1.0
cole,64,36,100,0.36
inbox,24,76,100,0.76
breakdown,73,27,100,0.27
ti,37,63,100,0.63
contemporari,4,96,100,0.96
riverdeep,0,100,100,1.0
ust,0,100,100,1.0
avaiiabi,0,100,100,1.0
amateur,7,93,100,0.93
noneedl,0,100,100,1.0
robin,86,14,100,0.14
parallel,71,29,100,0.29
wei,91,9,100,0.09
disolv,0,100,100,1.0
acheiv,4,96,100,0.96
delphi,19,81,100,0.81
verbal,84,16,100,0.16
restart,93,7,100,0.07
scholarship,71,29,100,0.29
eta,91,9,100,0.09
earnest,80,20,100,0.2
valign,0,100,100,1.0
thermal,67,33,100,0.33
burden,76,24,100,0.24
inherit,7,93,100,0.93
fool,17,83,100,0.83
heal,33,67,100,0.67
svc,84,16,100,0.16
abel,68,31,99,0.313
skyrocket,28,71,99,0.717
goodby,8,91,99,0.919
aiert,0,99,99,1.0
mckay,96,3,99,0.03
hereto,70,29,99,0.293
finest,5,94,99,0.949
pad,21,78,99,0.788
cloud,54,45,99,0.455
sheridan,92,7,99,0.071
spl,68,31,99,0.313
seattl,74,25,99,0.253
jm,23,76,99,0.768
incorrect,89,10,99,0.101
strive,10,89,99,0.899
prayer,56,43,99,0.434
wscc,99,0,99,0.0
tank,29,70,99,0.707
router,15,84,99,0.848
hunt,59,40,99,0.404
tenni,5,94,99,0.949
downward,77,22,99,0.222
rabbit,3,96,99,0.97
teja,99,0,99,0.0
centrino,0,99,99,1.0
hedstrom,99,0,99,0.0
costli,54,45,99,0.455
weli,0,99,99,1.0
cabinet,70,29,99,0.293
suppress,17,82,99,0.828
cel,6,93,99,0.939
emphas,71,28,99,0.283
ds,42,57,99,0.576
martha,89,10,99,0.101
oft,1,98,99,0.99
older,31,68,99,0.687
aliv,36,62,98,0.633
unclear,96,2,98,0.02
hitchcock,93,5,98,0.051
ilan,8,90,98,0.918
importantli,65,33,98,0.337
java,71,27,98,0.276
refinanc,19,79,98,0.806
converg,43,55,98,0.561
embattl,91,7,98,0.071
biilion,0,98,98,1.0
crimin,42,56,98,0.571
mcloughlin,98,0,98,0.0
invent,26,72,98,0.735
cinergi,98,0,98,0.0
miami,24,74,98,0.755
reap,61,37,98,0.378
capabii,0,98,98,1.0
glenn,74,24,98,0.245
copier,73,25,98,0.255
cord,46,52,98,0.531
fro,7,91,98,0.929
catherin,43,55,98,0.561
cor,9,89,98,0.908
koi,0,98,98,1.0
chad,86,12,98,0.122
mugab,0,98,98,1.0
affirm,54,44,98,0.449
blond,2,96,98,0.98
cigarett,5,93,98,0.949
ware,6,92,98,0.939
diffus,39,59,98,0.602
indiana,31,67,98,0.684
edgar,5,93,98,0.949
compiianc,0,98,98,1.0
aig,95,2,97,0.021
poi,87,10,97,0.103
ws,2,95,97,0.979
aepin,97,0,97,0.0
jurisdict,66,31,97,0.32
unwant,1,96,97,0.99
errrectlon,0,97,97,1.0
eiectric,0,97,97,1.0
yaman,96,1,97,0.01
cherri,70,27,97,0.278
needl,84,13,97,0.134
cassandra,92,5,97,0.052
trick,18,79,97,0.814
ihr,6,91,97,0.938
anger,36,61,97,0.629
tail,52,45,97,0.464
convini,1,96,97,0.99
broader,86,11,97,0.113
supervis,70,27,97,0.278
delhi,75,22,97,0.227
dad,22,75,97,0.773
merit,82,15,97,0.155
pbx,1,96,97,0.99
aqui,0,97,97,1.0
celebrex,0,97,97,1.0
sage,71,26,97,0.268
fox,65,32,97,0.33
wanda,97,0,97,0.0
worthi,48,49,97,0.505
armstrong,71,26,97,0.268
vmware,0,97,97,1.0
band,32,64,96,0.667
platinum,6,90,96,0.938
captain,11,85,96,0.885
sho,0,96,96,1.0
fedex,29,67,96,0.698
labguard,0,96,96,1.0
osman,96,0,96,0.0
trustworthi,7,89,96,0.927
coleman,69,27,96,0.281
entergi,96,0,96,0.0
mfc,0,96,96,1.0
simiiar,0,96,96,1.0
trevino,95,1,96,0.01
countriesw,0,96,96,1.0
carefui,0,96,96,1.0
blackout,69,27,96,0.281
usernam,80,16,96,0.167
bibi,96,0,96,0.0
qualif,56,40,96,0.417
newco,96,0,96,0.0
roxxi,0,96,96,1.0
pitt,78,18,96,0.188
unsubscript,0,96,96,1.0
merci,27,69,96,0.719
fletcher,62,34,96,0.354
cunningham,84,12,96,0.125
crack,48,48,96,0.5
jen,66,30,96,0.312
macrmedia,0,96,96,1.0
cheaap,0,96,96,1.0
ml,48,48,96,0.5
leach,74,22,96,0.229
analys,77,19,96,0.198
glen,80,16,96,0.167
thur,96,0,96,0.0
ragga,0,95,95,1.0
allevi,32,63,95,0.663
lien,55,40,95,0.421
preciou,29,66,95,0.695
ambieen,0,95,95,1.0
vancouv,17,78,95,0.821
hgh,0,95,95,1.0
polic,34,61,95,0.642
variant,8,87,95,0.916
lean,28,67,95,0.705
script,35,60,95,0.632
garcia,79,16,95,0.168
dagga,0,95,95,1.0
wir,7,88,95,0.926
empir,48,47,95,0.495
boundari,42,53,95,0.558
propecia,0,95,95,1.0
mitch,93,2,95,0.021
preschedul,95,0,95,0.0
rebound,87,8,95,0.084
frozen,47,48,95,0.505
factua,0,95,95,1.0
lan,24,71,95,0.747
banner,36,59,95,0.621
strickland,92,3,95,0.032
duan,81,14,95,0.147
delux,0,95,95,1.0
miracl,13,82,95,0.863
paxil,0,94,94,1.0
antitrust,94,0,94,0.0
stagger,18,76,94,0.809
eprofil,94,0,94,0.0
cdgt,0,94,94,1.0
jeani,92,2,94,0.021
justin,80,14,94,0.149
darial,0,94,94,1.0
sing,22,72,94,0.766
mandatori,61,33,94,0.351
lifestyl,20,74,94,0.787
pda,5,89,94,0.947
postpon,86,8,94,0.085
int,24,70,94,0.745
hormon,0,94,94,1.0
julia,79,15,94,0.16
martinez,69,25,94,0.266
advoc,70,24,94,0.255
math,85,9,94,0.096
scribner,87,7,94,0.074
taiwan,56,38,94,0.404
grate,53,41,94,0.436
jefferi,92,2,94,0.021
seekercent,0,94,94,1.0
perm,88,6,94,0.064
staci,77,17,94,0.181
ore,18,76,94,0.809
gua,0,94,94,1.0
frazier,86,8,94,0.085
benefici,49,45,94,0.479
hydrocodon,0,93,93,1.0
sw,65,28,93,0.301
consortium,51,42,93,0.452
rid,23,70,93,0.753
mumbai,87,6,93,0.065
lamadrid,93,0,93,0.0
gpg,93,0,93,0.0
diplomat,8,85,93,0.914
hardi,82,11,93,0.118
servant,2,91,93,0.978
viabl,53,40,93,0.43
oe,3,90,93,0.968
bubbl,50,43,93,0.462
smallest,12,81,93,0.871
sokolov,93,0,93,0.0
koepk,93,0,93,0.0
puls,60,33,93,0.355
,0,93,93,1.0
kc,90,3,93,0.032
imceanot,93,0,93,0.0
tara,85,8,93,0.086
sentenc,54,39,93,0.419
rl,37,56,93,0.602
moral,46,47,93,0.505
harvey,75,18,93,0.194
undiscov,2,91,93,0.978
programa,0,93,93,1.0
lohman,93,0,93,0.0
johannesburg,0,93,93,1.0
nng,92,1,93,0.011
orlando,68,25,93,0.269
scre,0,93,93,1.0
perkin,81,11,92,0.12
landscap,21,71,92,0.772
multimedia,21,71,92,0.772
orig,92,0,92,0.0
adventur,17,75,92,0.815
oak,58,34,92,0.37
crew,34,58,92,0.63
portcalc,92,0,92,0.0
wessex,92,0,92,0.0
stat,27,65,92,0.707
sandra,71,21,92,0.228
jaeger,10,82,92,0.891
ate,17,75,92,0.815
reluct,82,10,92,0.109
miningnew,0,92,92,1.0
refresh,74,18,92,0.196
kathleen,76,16,92,0.174
deng,91,1,92,0.011
capita,2,90,92,0.978
wigg,92,0,92,0.0
fre,0,92,92,1.0
exxonmobil,29,63,92,0.685
planet,4,88,92,0.957
keyboard,10,82,92,0.891
ciaii,0,92,92,1.0
attain,20,72,92,0.783
intro,14,78,92,0.848
piazz,92,0,92,0.0
hardcor,1,91,92,0.989
hanson,74,18,92,0.196
colleen,92,0,92,0.0
deer,51,41,92,0.446
empti,42,50,92,0.543
bachelor,23,69,92,0.75
cara,91,1,92,0.011
topock,92,0,92,0.0
adipren,0,92,92,1.0
sectionl,0,92,92,1.0
sharad,92,0,92,0.0
quantifi,78,14,92,0.152
virgin,9,83,92,0.902
lane,54,37,91,0.407
sabra,79,12,91,0.132
tock,0,91,91,1.0
itinerari,75,16,91,0.176
wee,3,88,91,0.967
intim,16,75,91,0.824
neighbor,42,49,91,0.538
nj,47,44,91,0.484
eyewear,0,91,91,1.0
iogo,0,91,91,1.0
killer,5,86,91,0.945
ontario,37,54,91,0.593
albani,76,15,91,0.165
custodi,7,84,91,0.923
teacher,29,62,91,0.681
thomson,82,9,91,0.099
festiv,51,40,91,0.44
switzerland,32,59,91,0.648
mainli,78,13,91,0.143
reschedul,90,1,91,0.011
tani,90,1,91,0.011
surgeri,18,73,91,0.802
fork,4,87,91,0.956
zipper,78,13,91,0.143
classifi,13,78,91,0.857
panda,35,56,91,0.615
biotech,6,85,91,0.934
rod,61,30,91,0.33
stoxo,0,91,91,1.0
avila,89,2,91,0.022
seiz,32,59,91,0.648
plate,22,68,90,0.756
db,37,53,90,0.589
forrest,18,72,90,0.8
rlyc,0,90,90,1.0
israel,52,38,90,0.422
knight,64,26,90,0.289
recollect,14,76,90,0.844
murray,89,1,90,0.011
storey,88,2,90,0.022
luxuri,10,80,90,0.889
mileston,38,52,90,0.578
breitl,0,90,90,1.0
liter,15,75,90,0.833
gdvi,0,90,90,1.0
davidson,77,13,90,0.144
moscoso,90,0,90,0.0
hakemack,90,0,90,0.0
equat,49,41,90,0.456
turkey,63,27,90,0.3
ordinari,32,58,90,0.644
calc,89,1,90,0.011
hike,81,9,90,0.1
downstream,76,14,90,0.156
cliff,76,14,90,0.156
viaspac,0,90,90,1.0
bare,40,50,90,0.556
cbm,12,78,90,0.867
roster,31,59,90,0.656
waiv,77,13,90,0.144
spin,52,38,90,0.422
endeavor,33,57,90,0.633
mous,24,66,90,0.733
ass,29,61,90,0.678
catalogu,10,80,90,0.889
giusepp,87,3,90,0.033
dip,64,26,90,0.289
wan,16,74,90,0.822
forti,23,67,90,0.744
donoho,90,0,90,0.0
percept,54,36,90,0.4
widespread,51,38,89,0.427
contributor,71,18,89,0.202
unsuitabi,0,89,89,1.0
savita,89,0,89,0.0
mhi,89,0,89,0.0
cola,42,47,89,0.528
helen,65,24,89,0.27
breakout,41,48,89,0.539
conceal,29,60,89,0.674
campo,74,15,89,0.169
wont,9,80,89,0.899
astro,89,0,89,0.0
gentl,21,68,89,0.764
ridg,59,30,89,0.337
upper,62,27,89,0.303
arab,23,66,89,0.742
nyc,68,21,89,0.236
biliion,0,89,89,1.0
fawcett,89,0,89,0.0
trave,0,89,89,1.0
martinj,89,0,89,0.0
replic,20,69,89,0.775
agra,3,86,89,0.966
clickathom,89,0,89,0.0
reliantenergi,89,0,89,0.0
characterist,64,24,88,0.273
shoe,40,48,88,0.545
wmb,9,79,88,0.898
workstat,37,51,88,0.58
dribbl,2,86,88,0.977
honesti,6,82,88,0.932
engr,11,77,88,0.875
herrera,88,0,88,0.0
ff,16,72,88,0.818
tee,66,22,88,0.25
easttexa,88,0,88,0.0
capillari,0,88,88,1.0
classroom,9,79,88,0.898
cocktail,73,15,88,0.17
bradley,73,15,88,0.17
boe,60,28,88,0.318
litti,0,88,88,1.0
keen,70,18,88,0.205
ciso,88,0,88,0.0
configur,40,48,88,0.545
alaska,36,52,88,0.591
gay,50,38,88,0.432
caribbean,25,63,88,0.716
lex,65,23,88,0.261
reiianc,0,88,88,1.0
scare,63,25,88,0.284
transco,88,0,88,0.0
politician,55,33,88,0.375
albert,50,38,88,0.432
weapon,10,78,88,0.886
cdnow,88,0,88,0.0
cellular,46,42,88,0.477
broke,47,40,87,0.46
eei,86,1,87,0.011
oth,3,84,87,0.966
sterl,20,67,87,0.77
roy,52,35,87,0.402
birthday,54,33,87,0.379
nova,24,63,87,0.724
brazilian,72,15,87,0.172
ellen,72,15,87,0.172
pwc,87,0,87,0.0
esmtp,63,24,87,0.276
retroact,84,3,87,0.034
rodney,75,12,87,0.138
debit,16,71,87,0.816
pump,43,44,87,0.506
ascii,23,64,87,0.736
guaranti,69,18,87,0.207
dismiss,75,12,87,0.138
enymex,87,0,87,0.0
ch,14,73,87,0.839
casual,41,46,87,0.529
harm,36,51,87,0.586
auf,7,80,87,0.92
timothi,79,8,87,0.092
stoke,74,13,87,0.149
abidjan,0,87,87,1.0
medlcat,0,87,87,1.0
pcg,47,40,87,0.46
hesco,87,0,87,0.0
urgenc,31,56,87,0.644
esteem,8,79,87,0.908
keyword,24,63,87,0.724
wound,15,72,87,0.828
rabi,85,2,87,0.023
myer,72,15,87,0.172
atp,0,87,87,1.0
buzz,18,69,87,0.793
inspir,23,64,87,0.736
hull,79,7,86,0.081
virtu,7,79,86,0.919
sce,86,0,86,0.0
ieor,86,0,86,0.0
misiead,0,86,86,1.0
potent,4,82,86,0.953
confront,23,63,86,0.733
tramadol,0,86,86,1.0
horni,0,86,86,1.0
fin,52,34,86,0.395
keynot,78,8,86,0.093
carolin,69,17,86,0.198
gentlemen,62,24,86,0.279
deliber,38,48,86,0.558
fidel,71,15,86,0.174
revel,66,20,86,0.233
lexi,85,1,86,0.012
opec,70,16,86,0.186
pct,86,0,86,0.0
genera,0,86,86,1.0
omiss,65,21,86,0.244
chose,44,42,86,0.488
veteran,21,65,86,0.756
baseload,86,0,86,0.0
belt,15,71,86,0.826
cantekin,86,0,86,0.0
feasibl,63,23,86,0.267
zufferli,86,0,86,0.0
pierr,78,8,86,0.093
fleischer,86,0,86,0.0
iwc,0,86,86,1.0
ecommerc,78,8,86,0.093
quiet,43,42,85,0.494
sym,0,85,85,1.0
mic,0,85,85,1.0
synergi,48,37,85,0.435
wsj,85,0,85,0.0
tudor,0,85,85,1.0
gun,26,59,85,0.694
acni,0,85,85,1.0
contempl,52,33,85,0.388
asylum,1,84,85,0.988
hurrican,71,14,85,0.165
lv,32,53,85,0.624
neutral,68,17,85,0.2
mccarti,82,3,85,0.035
eve,8,77,85,0.906
packet,78,7,85,0.082
bullish,63,22,85,0.259
conferenc,43,42,85,0.494
quaiiti,0,85,85,1.0
trail,60,25,85,0.294
csfb,85,0,85,0.0
roman,58,27,85,0.318
react,59,26,85,0.306
cluster,64,21,85,0.247
bcc,84,1,85,0.012
aluminum,48,37,85,0.435
wgr,6,79,85,0.929
conf,61,24,85,0.282
hell,31,54,85,0.635
dosag,2,83,85,0.976
pnm,85,0,85,0.0
hewitt,77,8,85,0.094
sour,54,31,85,0.365
beer,26,59,85,0.694
cali,22,62,84,0.738
streamlin,61,23,84,0.274
 ,0,84,84,1.0
lsu,84,0,84,0.0
desd,4,80,84,0.952
guangdong,0,84,84,1.0
enthusiast,56,28,84,0.333
genethera,0,84,84,1.0
stochast,80,4,84,0.048
catchi,2,82,84,0.976
photograph,44,40,84,0.476
murder,2,82,84,0.976
sentiment,63,21,84,0.25
franklin,55,29,84,0.345
incid,32,52,84,0.619
wxga,0,84,84,1.0
karpenkov,0,84,84,1.0
nloa,0,84,84,1.0
ennium,0,84,84,1.0
saudi,63,21,84,0.25
exvg,0,84,84,1.0
rain,25,59,84,0.702
bail,62,22,84,0.262
mop,76,8,84,0.095
inabl,67,17,84,0.202
ord,0,84,84,1.0
nois,58,26,84,0.31
naveen,84,0,84,0.0
blake,43,41,84,0.488
algorithm,48,36,84,0.429
randal,73,11,84,0.131
rebel,7,77,84,0.917
durabl,14,70,84,0.833
vgn,0,84,84,1.0
carolyn,69,15,84,0.179
yvett,79,5,84,0.06
massey,52,32,84,0.381
thin,31,53,84,0.631
vspc,0,84,84,1.0
sanction,48,36,84,0.429
campbel,66,18,84,0.214
jana,79,5,84,0.06
vanessa,45,39,84,0.464
placement,46,38,84,0.452
oral,21,63,84,0.75
drove,44,40,84,0.476
bolster,74,9,83,0.108
barrier,48,35,83,0.422
household,37,46,83,0.554
bambo,83,0,83,0.0
tini,8,75,83,0.904
floppi,12,71,83,0.855
thereof,28,55,83,0.663
geoff,81,2,83,0.024
closur,49,34,83,0.41
wow,15,68,83,0.819
bammel,83,0,83,0.0
courag,8,75,83,0.904
escal,62,21,83,0.253
questionnair,67,16,83,0.193
hawkin,78,5,83,0.06
blackston,78,5,83,0.06
mult,1,82,83,0.988
brinq,0,83,83,1.0
bod,76,7,83,0.084
gt,12,71,83,0.855
deshmukh,83,0,83,0.0
realloc,81,2,83,0.024
carrol,64,19,83,0.229
accrual,70,13,83,0.157
debra,67,16,83,0.193
unbeliev,10,73,83,0.88
xxx,3,80,83,0.964
narrow,67,16,83,0.193
allan,68,15,83,0.181
stomach,7,76,83,0.916
janu,76,7,83,0.084
curt,56,27,83,0.325
donahu,71,12,83,0.145
xm,54,29,83,0.349
tribun,57,26,83,0.313
heim,79,4,83,0.048
cayman,77,6,83,0.072
longhorn,14,68,82,0.829
bjorn,82,0,82,0.0
ble,0,82,82,1.0
tata,82,0,82,0.0
prepay,81,1,82,0.012
iraqi,26,56,82,0.683
ration,57,25,82,0.305
parquet,80,2,82,0.024
magic,24,58,82,0.707
suck,10,72,82,0.878
ecom,81,1,82,0.012
priic,0,82,82,1.0
bse,73,9,82,0.11
armi,41,41,82,0.5
hiv,0,82,82,1.0
olsen,75,7,82,0.085
annoy,18,64,82,0.78
roundtabl,80,2,82,0.024
avai,0,82,82,1.0
frontier,31,51,82,0.622
bowl,63,19,82,0.232
debacl,48,34,82,0.415
bailey,74,8,82,0.098
diana,63,19,82,0.232
prosper,18,64,82,0.78
shelley,70,12,82,0.146
span,34,48,82,0.585
mtm,82,0,82,0.0
ulead,0,82,82,1.0
sv,6,76,82,0.927
flower,19,63,82,0.768
disciplin,57,25,82,0.305
latter,48,34,82,0.415
cob,73,9,82,0.11
uncov,29,53,82,0.646
marketpoint,81,0,81,0.0
phrase,32,49,81,0.605
commerzbank,81,0,81,0.0
diagnos,12,69,81,0.852
godbol,81,0,81,0.0
jefferson,69,12,81,0.148
stwbom,81,0,81,0.0
joel,65,16,81,0.198
grigsbi,81,0,81,0.0
comtex,1,80,81,0.988
fourteen,22,59,81,0.728
toda,0,81,81,1.0
allergi,3,78,81,0.963
lawrenc,56,25,81,0.309
lorna,81,0,81,0.0
rove,48,33,81,0.407
dump,62,19,81,0.235
ess,8,73,81,0.901
geek,3,78,81,0.963
slone,81,0,81,0.0
entrepreneur,27,54,81,0.667
versionsfeatur,0,81,81,1.0
wsrm,0,81,81,1.0
bvlgari,0,81,81,1.0
spous,26,55,81,0.679
semi,29,52,81,0.642
pac,79,2,81,0.025
liberia,0,81,81,1.0
undertak,44,37,81,0.457
recycl,34,47,81,0.58
om,11,70,81,0.864
persona,5,76,81,0.938
funni,37,44,81,0.543
randomli,12,69,81,0.852
meal,49,32,81,0.395
clall,0,81,81,1.0
irish,2,79,81,0.975
sy,26,55,81,0.679
eva,45,36,81,0.444
pil,0,81,81,1.0
cyber,6,75,81,0.926
nuke,0,81,81,1.0
elev,57,24,81,0.296
widen,68,13,81,0.16
az,31,50,81,0.617
repurchas,73,7,80,0.087
unser,3,77,80,0.963
intrigu,37,43,80,0.537
bd,23,57,80,0.713
pinion,66,14,80,0.175
horn,53,27,80,0.338
nile,71,9,80,0.113
gerald,69,11,80,0.138
ought,32,48,80,0.6
mall,15,65,80,0.812
comm,52,28,80,0.35
samer,80,0,80,0.0
embrac,21,59,80,0.738
oba,79,1,80,0.013
inact,42,38,80,0.475
tout,50,30,80,0.375
heuer,0,80,80,1.0
viastar,0,80,80,1.0
successfu,0,80,80,1.0
mover,33,47,80,0.588
ceas,34,46,80,0.575
alarm,38,42,80,0.525
vallum,0,80,80,1.0
swnm,0,80,80,1.0
gioba,0,80,80,1.0
xom,0,80,80,1.0
pearl,7,73,80,0.912
empow,35,45,80,0.562
kari,74,6,80,0.075
mexican,58,22,80,0.275
mensaj,4,76,80,0.95
fu,8,72,80,0.9
reconcili,76,4,80,0.05
intellectu,48,32,80,0.4
wendi,65,15,80,0.188
gisb,80,0,80,0.0
divestitur,68,12,80,0.15
gore,76,4,80,0.05
nesbitt,74,6,80,0.075
wagner,73,7,80,0.087
admiss,45,35,80,0.438
herebi,41,39,80,0.487
nicht,4,76,80,0.95
creditworthi,79,1,80,0.013
ze,54,26,80,0.325
hilton,44,36,80,0.45
arthriti,11,68,79,0.861
baughman,79,0,79,0.0
marriag,22,57,79,0.722
nuy,1,78,79,0.987
villag,15,64,79,0.81
lucent,77,2,79,0.025
nervou,51,28,79,0.354
meta,0,79,79,1.0
stipul,22,57,79,0.722
wti,76,3,79,0.038
iali,0,79,79,1.0
wrongfuliy,0,79,79,1.0
tft,1,78,79,0.987
xenic,0,79,79,1.0
regain,37,42,79,0.532
wlndow,0,79,79,1.0
supatgiat,79,0,79,0.0
crow,54,25,79,0.316
lui,45,34,79,0.43
overlook,37,42,79,0.532
rachel,56,23,79,0.291
calibr,62,17,79,0.215
precipit,64,15,79,0.19
nrg,72,7,79,0.089
sof,0,79,79,1.0
onward,18,61,79,0.772
factori,17,62,79,0.785
plot,31,48,79,0.608
curiou,34,45,79,0.57
clara,67,12,79,0.152
outperform,27,52,79,0.658
stamina,1,78,79,0.987
approximateiy,0,79,79,1.0
bonanza,7,72,79,0.911
guarantee,0,79,79,1.0
chapman,62,17,79,0.215
theme,56,23,79,0.291
charm,51,28,79,0.354
tone,35,44,79,0.557
circuit,42,37,79,0.468
blair,64,15,79,0.19
sma,2,76,78,0.974
memorandum,66,12,78,0.154
betray,9,69,78,0.885
salt,33,45,78,0.577
gdp,72,6,78,0.077
tennesse,61,17,78,0.218
engi,78,0,78,0.0
etter,4,74,78,0.949
levi,43,35,78,0.449
amoco,72,6,78,0.077
bike,49,29,78,0.372
occup,13,65,78,0.833
lew,69,9,78,0.115
barrist,1,77,78,0.987
marathon,75,3,78,0.038
whitew,78,0,78,0.0
startup,54,24,78,0.308
scrambl,64,14,78,0.179
savvi,10,68,78,0.872
loser,58,20,78,0.256
methan,11,67,78,0.859
connor,63,15,78,0.192
ralph,63,15,78,0.192
rudi,75,3,78,0.038
nevertheless,61,17,78,0.218
explicit,31,47,78,0.603
fiorina,78,0,78,0.0
promin,57,21,78,0.269
favorabi,0,78,78,1.0
administ,41,37,78,0.474
subpoena,74,4,78,0.051
harass,51,27,78,0.346
df,41,37,78,0.474
elliott,70,8,78,0.103
lydeck,78,0,78,0.0
reconcil,68,10,78,0.128
gro,74,4,78,0.051
debug,24,54,78,0.692
embassi,14,64,78,0.821
secretli,4,74,78,0.949
kopper,73,5,78,0.064
evergreen,69,9,78,0.115
disturb,23,55,78,0.705
quant,78,0,78,0.0
vault,17,61,78,0.782
flyer,38,39,77,0.506
render,27,50,77,0.649
bombay,68,9,77,0.117
sager,76,1,77,0.013
gome,77,0,77,0.0
ponton,77,0,77,0.0
hc,69,8,77,0.104
exploit,37,40,77,0.519
monetari,35,42,77,0.545
album,5,72,77,0.935
concord,2,75,77,0.974
tetco,77,0,77,0.0
desert,23,54,77,0.701
contrast,45,32,77,0.416
horton,71,6,77,0.078
lal,53,24,77,0.312
kerri,45,32,77,0.416
severson,77,0,77,0.0
bedroom,28,49,77,0.636
dorothi,50,27,77,0.351
biolog,6,71,77,0.922
jabber,0,77,77,1.0
rebat,39,38,77,0.494
wincenti,77,0,77,0.0
destruct,25,52,77,0.675
dare,5,72,77,0.935
turmoil,63,14,77,0.182
raptor,69,8,77,0.104
nee,1,76,77,0.987
truste,47,30,77,0.39
array,19,58,77,0.753
espeak,77,0,77,0.0
compliant,12,65,77,0.844
merchandis,15,62,77,0.805
sixth,62,15,77,0.195
kenni,70,7,77,0.091
willi,65,12,77,0.156
overhead,55,22,77,0.286
pete,56,21,77,0.273
nic,7,70,77,0.909
wright,59,17,76,0.224
biometr,0,76,76,1.0
²,0,76,76,1.0
layer,39,37,76,0.487
leth,0,76,76,1.0
icens,0,76,76,1.0
dhar,76,0,76,0.0
forb,56,20,76,0.263
fals,35,41,76,0.539
herba,0,76,76,1.0
enerfin,76,0,76,0.0
cios,0,76,76,1.0
combat,10,66,76,0.868
multilanguag,0,76,76,1.0
concert,41,35,76,0.461
knock,46,30,76,0.395
demon,5,71,76,0.934
mgusa,76,0,76,0.0
pursuit,16,60,76,0.789
rebuild,63,13,76,0.171
era,45,31,76,0.408
beg,20,56,76,0.737
beaver,51,25,76,0.329
birth,35,41,76,0.539
refuge,2,74,76,0.974
immun,16,60,76,0.789
av,19,57,76,0.75
sic,61,15,76,0.197
sqnc,0,76,76,1.0
hitch,16,60,76,0.789
griebl,76,0,76,0.0
mtbe,76,0,76,0.0
coca,28,48,76,0.632
prescripiton,0,76,76,1.0
recharg,4,71,75,0.947
lover,2,73,75,0.973
nommensen,75,0,75,0.0
fallout,69,6,75,0.08
substitut,59,16,75,0.213
unchang,73,2,75,0.027
lpx,1,74,75,0.987
freewar,2,73,75,0.973
sharewar,0,75,75,1.0
shal,0,75,75,1.0
ain,21,54,75,0.72
civilian,3,72,75,0.96
tisdal,75,0,75,0.0
primezon,5,70,75,0.933
sua,0,75,75,1.0
shail,0,75,75,1.0
concius,0,75,75,1.0
marti,67,8,75,0.107
imm,0,75,75,1.0
weightloss,0,75,75,1.0
adher,37,38,75,0.507
initia,0,75,75,1.0
ramp,60,15,75,0.2
terribl,35,40,75,0.533
risktrac,75,0,75,0.0
superb,8,67,75,0.893
reed,53,22,75,0.293
downturn,67,8,75,0.107
creas,0,75,75,1.0
neon,75,0,75,0.0
stud,3,72,75,0.96
donovan,56,19,75,0.253
intraday,72,3,75,0.04
concurr,50,25,75,0.333
clal,0,75,75,1.0
aw,21,54,75,0.72
cail,0,75,75,1.0
smail,0,75,75,1.0
shepherd,59,16,75,0.213
deliver,61,14,75,0.187
oneok,75,0,75,0.0
informacin,0,75,75,1.0
titman,75,0,75,0.0
cline,75,0,75,0.0
sail,26,49,75,0.653
unpreced,27,48,75,0.64
roof,19,56,75,0.747
valor,4,71,75,0.947
exhaust,41,34,75,0.453
compliment,14,61,75,0.813
shoulder,22,53,75,0.707
schultz,65,10,75,0.133
wet,10,64,74,0.865
breguet,0,74,74,1.0
muiti,0,74,74,1.0
joyc,60,14,74,0.189
kansa,53,21,74,0.284
entr,11,63,74,0.851
divert,31,43,74,0.581
het,0,74,74,1.0
costo,0,74,74,1.0
philosophi,32,42,74,0.568
ey,5,69,74,0.932
struck,58,16,74,0.216
pharm,3,71,74,0.959
specia,0,74,74,1.0
scrap,43,31,74,0.419
mor,1,73,74,0.986
smal,0,74,74,1.0
tender,30,44,74,0.595
deli,3,71,74,0.959
distinguish,39,35,74,0.473
consecut,43,31,74,0.419
substanc,25,49,74,0.662
messeng,41,33,74,0.446
rt,34,40,74,0.541
leagu,44,30,74,0.405
gerri,68,6,74,0.081
ffffff,0,74,74,1.0
travi,64,10,74,0.135
netnoteinc,0,74,74,1.0
dunn,62,12,74,0.162
jitter,18,56,74,0.757
pearc,61,13,74,0.176
slowli,40,34,74,0.459
certicom,0,74,74,1.0
pen,26,48,74,0.649
cmu,74,0,74,0.0
walsh,71,3,74,0.041
plaza,46,28,74,0.378
utah,36,38,74,0.514
wt,42,32,74,0.432
deloitt,72,2,74,0.027
practition,52,22,74,0.297
xa,0,74,74,1.0
involuntari,73,1,74,0.014
hrgovcic,74,0,74,0.0
powerhous,40,34,74,0.459
proport,29,45,74,0.608
tear,14,60,74,0.811
lacima,73,0,73,0.0
hora,1,72,73,0.986
pal,13,60,73,0.822
chronic,5,68,73,0.932
intensifi,34,39,73,0.534
avert,14,59,73,0.808
rainbow,1,72,73,0.986
lectur,60,13,73,0.178
airmail,36,37,73,0.507
prevail,60,13,73,0.178
revolut,24,49,73,0.671
clariti,48,25,73,0.342
kabila,0,73,73,1.0
panelist,68,5,73,0.068
,0,73,73,1.0
zenith,1,72,73,0.986
fountain,41,32,73,0.438
driil,0,73,73,1.0
chewco,73,0,73,0.0
moopid,0,73,73,1.0
medlcatlon,0,73,73,1.0
strict,33,40,73,0.548
pcx,73,0,73,0.0
dominion,56,17,73,0.233
referr,42,31,73,0.425
surplu,58,15,73,0.205
fgt,73,0,73,0.0
abc,36,37,73,0.507
modest,48,25,73,0.342
libido,0,73,73,1.0
partli,63,10,73,0.137
adipex,0,72,72,1.0
biotechnolog,19,53,72,0.736
prospectu,40,32,72,0.444
crowd,28,44,72,0.611
pri,13,59,72,0.819
troop,17,55,72,0.764
claudia,59,13,72,0.181
gene,51,21,72,0.292
dispens,5,67,72,0.931
anthrax,72,0,72,0.0
,0,72,72,1.0
bechtel,65,7,72,0.097
halal,0,72,72,1.0
constantli,34,38,72,0.528
ike,0,72,72,1.0
fioricet,0,72,72,1.0
disregard,51,21,72,0.292
onl,0,72,72,1.0
uncertain,70,2,72,0.028
exim,1,71,72,0.986
introductori,17,55,72,0.764
enabi,0,72,72,1.0
ngo,71,1,72,0.014
longest,12,60,72,0.833
baltic,3,69,72,0.958
feygin,72,0,72,0.0
southeast,56,16,72,0.222
probat,6,66,72,0.917
disney,39,33,72,0.458
ay,1,71,72,0.986
interchg,72,0,72,0.0
ronni,52,20,72,0.278
bust,38,34,72,0.472
blend,20,52,72,0.722
neuweil,72,0,72,0.0
seyfri,72,0,72,0.0
writedown,72,0,72,0.0
environmenta,0,72,72,1.0
influenti,23,49,72,0.681
trailer,8,64,72,0.889
stakehold,72,0,72,0.0
archer,59,13,72,0.181
pan,53,18,71,0.254
theoret,63,8,71,0.113
inkjet,0,71,71,1.0
prison,4,67,71,0.944
silent,24,47,71,0.662
fargo,26,45,71,0.634
powel,61,10,71,0.141
surf,11,60,71,0.845
nc,23,48,71,0.676
accumui,0,71,71,1.0
dictat,30,41,71,0.577
counterpart,51,20,71,0.282
basebal,46,25,71,0.352
holland,35,36,71,0.507
fewer,54,17,71,0.239
bondhold,62,9,71,0.127
unaccount,70,1,71,0.014
clerk,52,19,71,0.268
preview,30,41,71,0.577
ineffici,58,13,71,0.183
wive,5,66,71,0.93
cass,71,0,71,0.0
hier,0,71,71,1.0
ohio,44,27,71,0.38
goliv,0,71,71,1.0
egan,59,12,71,0.169
nuestra,1,70,71,0.986
copano,71,0,71,0.0
disabl,34,37,71,0.521
breast,9,62,71,0.873
dispers,12,59,71,0.831
isv,0,71,71,1.0
necess,26,45,71,0.634
nax,0,71,71,1.0
egal,0,71,71,1.0
diebold,59,12,71,0.169
teiecommun,0,71,71,1.0
onshor,22,49,71,0.69
whoever,46,25,71,0.352
mysteri,29,42,71,0.592
mara,69,2,71,0.028
aucoin,71,0,71,0.0
nm,40,31,71,0.437
ubswenergi,71,0,71,0.0
swerzbin,71,0,71,0.0
cornfield,62,9,71,0.127
forgiv,25,46,71,0.648
melinda,66,4,70,0.057
diminish,50,20,70,0.286
daffin,70,0,70,0.0
edi,67,3,70,0.043
tn,10,60,70,0.857
ix,16,54,70,0.771
firstcal,4,66,70,0.943
stimulu,64,6,70,0.086
spinnak,66,4,70,0.057
grass,28,42,70,0.6
devil,45,25,70,0.357
owen,39,31,70,0.443
afp,67,3,70,0.043
pogo,65,5,70,0.071
dental,23,47,70,0.671
faciiiti,0,70,70,1.0
een,0,70,70,1.0
sanchez,54,16,70,0.229
adv,0,70,70,1.0
arg,0,70,70,1.0
smell,16,54,70,0.771
reproduct,17,53,70,0.757
wizard,6,64,70,0.914
rail,42,28,70,0.4
depreci,47,23,70,0.329
scientist,18,52,70,0.743
mercantil,61,9,70,0.129
aof,0,70,70,1.0
tufco,70,0,70,0.0
gina,54,16,70,0.229
grp,3,67,70,0.957
multipli,35,35,70,0.5
flaw,49,21,70,0.3
minnesota,23,47,70,0.671
gd,62,8,70,0.114
sl,20,50,70,0.714
fold,40,29,69,0.42
evil,5,64,69,0.928
caida,68,1,69,0.014
nex,0,69,69,1.0
georgeann,69,0,69,0.0
pavel,68,1,69,0.014
mcgregor,67,2,69,0.029
letsyou,0,69,69,1.0
checkour,0,69,69,1.0
helpdesk,52,17,69,0.246
bert,62,7,69,0.101
sash,0,69,69,1.0
loom,38,31,69,0.449
fap,69,0,69,0.0
signup,9,60,69,0.87
pserc,69,0,69,0.0
surethat,0,69,69,1.0
invalu,17,52,69,0.754
crdito,0,69,69,1.0
patek,0,69,69,1.0
csiko,69,0,69,0.0
walli,64,5,69,0.072
reviv,48,21,69,0.304
adr,61,8,69,0.116
cannon,52,17,69,0.246
brazo,69,0,69,0.0
solo,7,62,69,0.899
liberti,36,33,69,0.478
void,30,39,69,0.565
hancock,61,8,69,0.116
pma,68,1,69,0.014
timet,56,13,69,0.188
visualident,0,69,69,1.0
newsroom,69,0,69,0.0
judici,33,36,69,0.522
sexi,1,68,69,0.986
patel,68,1,69,0.014
aeopublish,0,69,69,1.0
theater,15,54,69,0.783
alto,53,16,69,0.232
mpc,66,3,69,0.043
mktg,69,0,69,0.0
pussi,0,69,69,1.0
secreci,9,60,69,0.87
fiduci,0,69,69,1.0
hotat,0,69,69,1.0
endlogo,0,69,69,1.0
unheard,4,65,69,0.942
pkg,66,3,69,0.043
brink,52,17,69,0.246
shawn,55,14,69,0.203
marjori,52,17,69,0.246
amp,12,56,68,0.824
cowboy,54,14,68,0.206
eras,18,50,68,0.735
strap,29,39,68,0.574
infin,26,42,68,0.618
arbitrag,61,7,68,0.103
schoolcraft,68,0,68,0.0
aiberta,0,68,68,1.0
emphasi,46,22,68,0.324
southwestern,15,53,68,0.779
exponenti,10,58,68,0.853
huntington,55,13,68,0.191
panenergi,68,0,68,0.0
obsf,68,0,68,0.0
skip,37,31,68,0.456
venu,41,27,68,0.397
slim,19,49,68,0.721
od,27,41,68,0.603
layoff,60,8,68,0.118
maryland,34,34,68,0.5
deborah,49,19,68,0.279
aftermath,35,33,68,0.485
verizon,10,58,68,0.853
interfer,29,39,68,0.574
snow,27,41,68,0.603
suppiy,0,68,68,1.0
koenig,59,9,68,0.132
zoloft,0,68,68,1.0
epsc,68,0,68,0.0
bypass,36,32,68,0.471
ty,9,59,68,0.868
app,32,36,68,0.529
má,0,68,68,1.0
xpress,14,54,68,0.794
adsl,0,68,68,1.0
drama,10,58,68,0.853
iot,0,68,68,1.0
conced,50,18,68,0.265
artifici,52,16,68,0.235
pakistan,8,60,68,0.882
xent,0,68,68,1.0
insurancemail,0,68,68,1.0
nasd,5,63,68,0.926
scientech,68,0,68,0.0
vera,38,30,68,0.441
listmast,0,68,68,1.0
shannon,51,17,68,0.25
undercollect,68,0,68,0.0
spa,45,23,68,0.338
greif,68,0,68,0.0
wari,54,14,68,0.206
cup,7,61,68,0.897
ganjoo,68,0,68,0.0
deeper,34,33,67,0.493
evento,0,67,67,1.0
ngpl,66,1,67,0.015
sen,56,11,67,0.164
ambiien,0,67,67,1.0
chicken,31,36,67,0.537
worsen,65,2,67,0.03
vip,8,59,67,0.881
ian,45,22,67,0.328
surprisingli,30,37,67,0.552
exam,29,38,67,0.567
gaza,5,62,67,0.925
valadez,67,0,67,0.0
coincid,42,25,67,0.373
renewabi,0,67,67,1.0
speedi,15,52,67,0.776
marketwatch,53,14,67,0.209
mil,26,41,67,0.612
lopez,21,46,67,0.687
legaci,25,42,67,0.627
rex,53,14,67,0.209
stein,59,8,67,0.119
fiona,62,5,67,0.075
robust,44,23,67,0.343
exxonmobii,0,67,67,1.0
erwin,58,9,67,0.134
porter,55,12,67,0.179
newcom,59,8,67,0.119
alexand,40,27,67,0.403
haga,0,67,67,1.0
sur,13,54,67,0.806
jcc,67,0,67,0.0
hydroelectr,60,7,67,0.104
assert,41,26,67,0.388
gregg,63,4,67,0.06
winfrey,65,2,67,0.03
ridicul,30,37,67,0.552
barn,27,40,67,0.597
veronica,57,10,67,0.149
hammer,44,23,67,0.343
deepen,44,23,67,0.343
princ,19,48,67,0.716
intercontinent,57,10,67,0.149
laurel,55,12,67,0.179
dirti,7,60,67,0.896
venturato,67,0,67,0.0
je,6,61,67,0.91
marcello,65,2,67,0.03
tux,1,66,67,0.985
epgt,67,0,67,0.0
cavern,15,52,67,0.776
garven,67,0,67,0.0
nepool,67,0,67,0.0
holli,57,10,67,0.149
fue,4,63,67,0.94
kerr,54,13,67,0.194
prosecut,30,37,67,0.552
scroll,22,45,67,0.672
sultan,2,64,66,0.97
ppl,57,9,66,0.136
cliqu,0,66,66,1.0
chen,55,11,66,0.167
disagre,57,9,66,0.136
sezgen,66,0,66,0.0
scanner,7,59,66,0.894
skinner,60,6,66,0.091
esther,61,5,66,0.076
eeo,66,0,66,0.0
vuitton,0,66,66,1.0
lori,62,4,66,0.061
intercompani,64,2,66,0.03
soccer,35,31,66,0.47
rakesh,66,0,66,0.0
envis,62,4,66,0.061
ignit,6,60,66,0.909
prototyp,24,42,66,0.636
conglomer,16,50,66,0.758
betsi,51,15,66,0.227
strategist,58,8,66,0.121
ns,5,61,66,0.924
complement,32,34,66,0.515
shult,66,0,66,0.0
buri,13,53,66,0.803
belgium,17,49,66,0.742
quilkey,66,0,66,0.0
bang,9,57,66,0.864
exe,45,21,66,0.318
simplifi,32,34,66,0.515
siteguaarante,0,66,66,1.0
crm,27,39,66,0.591
mental,14,52,66,0.788
paycheck,47,19,66,0.288
lasal,6,60,66,0.909
ruth,49,17,66,0.258
highway,25,41,66,0.621
elsa,65,1,66,0.015
bestow,4,62,66,0.939
ebook,0,66,66,1.0
deed,12,54,66,0.818
brandywin,57,9,66,0.136
entrust,10,56,66,0.848
cautiou,50,16,66,0.242
eo,27,39,66,0.591
coloni,11,55,66,0.833
slid,59,7,66,0.106
utilicorp,66,0,66,0.0
benin,1,65,66,0.985
verdana,0,66,66,1.0
govt,59,7,66,0.106
lkml,0,66,66,1.0
chocol,14,52,66,0.788
allot,15,51,66,0.773
fraudul,9,57,66,0.864
lega,0,66,66,1.0
hel,58,8,66,0.121
ultram,0,65,65,1.0
slate,52,13,65,0.2
easter,46,19,65,0.292
silenc,26,39,65,0.6
reiiabl,0,65,65,1.0
spencer,55,10,65,0.154
vocaiscap,0,65,65,1.0
fm,21,44,65,0.677
indesign,0,65,65,1.0
pgp,4,61,65,0.938
abn,44,21,65,0.323
synthet,42,23,65,0.354
wo,12,53,65,0.815
tota,0,65,65,1.0
motley,55,10,65,0.154
pst,35,30,65,0.462
midstream,59,6,65,0.092
neariy,0,65,65,1.0
ceraweek,65,0,65,0.0
muitipl,0,65,65,1.0
everywher,18,47,65,0.723
wrinkl,2,63,65,0.969
watt,4,61,65,0.938
dir,17,48,65,0.738
echo,35,30,65,0.462
valeri,47,18,65,0.277
idbi,65,0,65,0.0
lengthi,41,24,65,0.369
dealbench,65,0,65,0.0
discreetli,1,64,65,0.985
upto,13,52,65,0.8
capsul,2,63,65,0.969
fossil,11,54,65,0.831
seed,15,50,65,0.769
tin,8,57,65,0.877
kiss,10,55,65,0.846
heighten,53,12,65,0.185
burner,10,55,65,0.846
tl,13,52,65,0.8
egg,23,42,65,0.646
forgotten,31,34,65,0.523
shrink,43,22,65,0.338
jaesoo,65,0,65,0.0
slut,0,65,65,1.0
apprais,16,49,65,0.754
norri,49,16,65,0.246
payback,60,5,65,0.077
refineri,48,17,65,0.262
persuad,55,10,65,0.154
lag,37,28,65,0.431
vaccin,31,34,65,0.523
evolut,42,23,65,0.354
torrey,65,0,65,0.0
sylvia,58,6,64,0.094
knle,0,64,64,1.0
awhil,18,46,64,0.719
incident,33,31,64,0.484
harsh,25,39,64,0.609
sorenson,64,0,64,0.0
tobi,55,9,64,0.141
fleme,61,3,64,0.047
shaw,43,21,64,0.328
ubswarburg,64,0,64,0.0
nb,10,54,64,0.844
swm,0,64,64,1.0
carbon,9,55,64,0.859
piaget,0,64,64,1.0
whitman,61,3,64,0.047
companion,3,61,64,0.953
winfre,64,0,64,0.0
angri,26,38,64,0.594
caller,34,30,64,0.469
kara,60,4,64,0.062
threshold,51,13,64,0.203
yanowski,64,0,64,0.0
vladimir,42,22,64,0.344
beta,44,20,64,0.312
bergstrom,53,11,64,0.172
machineri,9,55,64,0.859
catastroph,36,28,64,0.438
hydrocarbon,50,14,64,0.219
cnbc,56,8,64,0.125
ultra,5,59,64,0.922
klein,29,35,64,0.547
moham,3,61,64,0.953
emma,31,33,64,0.516
steam,36,28,64,0.438
variat,30,34,64,0.531
voluntari,50,14,64,0.219
acid,1,63,64,0.984
hype,26,38,64,0.594
clickpap,64,0,64,0.0
premis,48,16,64,0.25
rgsa,0,64,64,1.0
chilkina,64,0,64,0.0
popt,0,64,64,1.0
nowlan,64,0,64,0.0
redeem,43,21,64,0.328
fma,64,0,64,0.0
ortho,0,64,64,1.0
poll,41,23,64,0.359
checkout,22,42,64,0.656
psycholog,35,29,64,0.453
analog,16,48,64,0.75
richmond,56,8,64,0.125
hood,44,20,64,0.312
calper,64,0,64,0.0
thode,64,0,64,0.0
bibl,14,50,64,0.781
nerc,63,0,63,0.0
svp,56,7,63,0.111
arthurandersen,63,0,63,0.0
leno,63,0,63,0.0
julio,0,63,63,1.0
esq,22,41,63,0.651
pili,0,63,63,1.0
mtr,60,3,63,0.048
oga,0,63,63,1.0
undisclos,59,4,63,0.063
contrari,34,29,63,0.46
certainti,30,33,63,0.524
queen,30,33,63,0.524
¶,0,63,63,1.0
trim,43,20,63,0.317
unemploy,40,23,63,0.365
defici,57,6,63,0.095
reynold,31,32,63,0.508
dasovich,63,0,63,0.0
mahoney,61,2,63,0.032
caso,0,63,63,1.0
rado,0,63,63,1.0
tonn,15,48,63,0.762
resend,54,9,63,0.143
reinsur,50,13,63,0.206
wong,50,13,63,0.206
docket,55,8,63,0.127
perfmgmt,63,0,63,0.0
dynergi,63,0,63,0.0
ndin,0,63,63,1.0
multipart,20,43,63,0.683
protoco,0,63,63,1.0
nickel,19,44,63,0.698
uh,56,7,63,0.111
shane,58,5,63,0.079
automobil,2,61,63,0.968
extel,63,0,63,0.0
salvag,54,9,63,0.143
elabor,47,16,63,0.254
unix,46,17,63,0.27
ata,1,62,63,0.984
condens,32,31,63,0.492
chanel,0,63,63,1.0
jung,58,5,63,0.079
mess,53,10,63,0.159
gaap,51,12,63,0.19
paramount,4,59,63,0.937
meltdown,56,7,63,0.111
wash,19,44,63,0.698
karla,61,2,63,0.032
syndic,41,22,63,0.349
cultiv,25,38,63,0.603
taablet,0,62,62,1.0
snapshot,50,12,62,0.194
precautionari,7,55,62,0.887
inevit,49,13,62,0.21
cote,9,53,62,0.855
gasolin,49,13,62,0.21
contributeto,0,62,62,1.0
bow,25,37,62,0.597
deepli,37,25,62,0.403
cu,21,41,62,0.661
monet,59,3,62,0.048
ffffffstrongfont,0,62,62,1.0
kirk,42,20,62,0.323
footer,27,35,62,0.565
injur,11,51,62,0.823
debtor,34,28,62,0.452
detaii,0,62,62,1.0
regress,39,23,62,0.371
gl,33,29,62,0.468
retrofit,6,56,62,0.903
gloria,41,21,62,0.339
notabl,45,17,62,0.274
oss,22,40,62,0.645
paradigm,35,27,62,0.435
encompass,18,44,62,0.71
ky,19,43,62,0.694
hoc,57,5,62,0.081
giobal,0,62,62,1.0
likelihood,62,0,62,0.0
flake,4,58,62,0.935
krapel,62,0,62,0.0
waiver,59,3,62,0.048
trap,10,52,62,0.839
mesa,46,16,62,0.258
risen,44,18,62,0.29
estabiish,0,62,62,1.0
gil,53,9,62,0.145
moon,24,38,62,0.613
surcharg,59,3,62,0.048
autumn,25,37,62,0.597
bland,52,10,62,0.161
oc,34,28,62,0.452
hardli,42,20,62,0.323
nearbi,27,35,62,0.565
ahm,9,53,62,0.855
sweep,30,32,62,0.516
radic,27,35,62,0.565
petrona,62,0,62,0.0
pelo,0,61,61,1.0
cohen,41,20,61,0.328
anniversari,46,15,61,0.246
jake,56,5,61,0.082
pittsburgh,48,13,61,0.213
afghanistan,51,10,61,0.164
pamela,50,11,61,0.18
widow,0,61,61,1.0
creator,12,49,61,0.803
vertic,24,37,61,0.607
trtd,0,61,61,1.0
recibir,0,61,61,1.0
movado,0,61,61,1.0
hertzberg,61,0,61,0.0
oracl,40,21,61,0.344
dat,27,34,61,0.557
connel,50,11,61,0.18
linger,44,17,61,0.279
isy,61,0,61,0.0
ight,0,61,61,1.0
swaption,61,0,61,0.0
rf,1,60,61,0.984
costa,14,47,61,0.77
apparel,2,59,61,0.967
daiiy,0,61,61,1.0
malaysia,15,46,61,0.754
religi,19,42,61,0.689
wider,46,15,61,0.246
steal,18,43,61,0.705
iain,55,6,61,0.098
crosstex,61,0,61,0.0
millenium,9,52,61,0.852
reveffo,61,0,61,0.0
imperi,40,21,61,0.344
horizon,33,28,61,0.459
vitro,57,4,61,0.066
bass,40,21,61,0.344
clali,0,61,61,1.0
atmospher,25,36,61,0.59
adobb,0,61,61,1.0
berney,61,0,61,0.0
firewal,13,48,61,0.787
footnot,57,4,61,0.066
bueno,23,38,61,0.623
cryogen,1,60,61,0.984
spray,4,57,61,0.934
hillari,61,0,61,0.0
symposium,57,4,61,0.066
vaughn,51,10,61,0.164
collar,45,16,61,0.262
ppt,60,1,61,0.016
envi,14,47,61,0.77
stall,44,17,61,0.279
marta,58,3,61,0.049
alpha,17,44,61,0.721
deplet,25,36,61,0.59
pizza,9,52,61,0.852
string,32,29,61,0.475
corey,48,13,61,0.213
majeur,61,0,61,0.0
nuestro,0,61,61,1.0
entranc,30,31,61,0.508
homepag,24,37,61,0.607
massachusett,26,35,61,0.574
cooi,0,61,61,1.0
reinforc,35,26,61,0.426
pitch,42,19,61,0.311
tailor,26,35,61,0.574
ski,27,34,61,0.557
likewis,32,29,61,0.475
residentia,0,61,61,1.0
rider,25,36,61,0.59
chao,27,34,61,0.557
eml,55,6,61,0.098
valv,56,5,61,0.082
diagram,37,24,61,0.393
griffin,55,6,61,0.098
voter,30,30,60,0.5
derrick,42,18,60,0.3
macintosh,0,60,60,1.0
pleasant,22,38,60,0.633
anxiou,25,35,60,0.583
alisav,0,60,60,1.0
delray,0,60,60,1.0
intact,35,25,60,0.417
brbr,0,60,60,1.0
sanjay,60,0,60,0.0
overwhelm,31,29,60,0.483
auch,6,54,60,0.9
chopard,0,60,60,1.0
huifeng,0,60,60,1.0
ngx,60,0,60,0.0
babe,1,59,60,0.983
mn,10,50,60,0.833
lonestar,60,0,60,0.0
ibrahim,5,55,60,0.917
smuggl,0,60,60,1.0
screw,18,42,60,0.7
stsw,60,0,60,0.0
mcmichael,60,0,60,0.0
degrad,17,43,60,0.717
gottlob,60,0,60,0.0
shari,44,16,60,0.267
episod,12,48,60,0.8
shiiip,0,60,60,1.0
dyer,43,17,60,0.283
cream,12,48,60,0.8
purport,15,45,60,0.75
workspac,23,37,60,0.617
estoppel,60,0,60,0.0
hast,25,35,60,0.583
ciear,0,60,60,1.0
sturm,60,0,60,0.0
nath,60,0,60,0.0
angelid,60,0,60,0.0
hebert,60,0,60,0.0
occupi,34,26,60,0.433
impii,0,60,60,1.0
vista,5,55,60,0.917
amalgam,15,45,60,0.75
mensagem,0,60,60,1.0
augment,17,43,60,0.717
jami,39,21,60,0.35
longin,0,60,60,1.0
eighti,22,38,60,0.633
visibi,0,60,60,1.0
wireiess,0,60,60,1.0
intercours,0,60,60,1.0
bacteria,0,60,60,1.0
regim,13,47,60,0.783
garner,43,17,60,0.283
applianc,21,39,60,0.65
ts,19,41,60,0.683
hdpe,0,60,60,1.0
angl,26,34,60,0.567
choral,0,60,60,1.0
dubai,14,46,60,0.767
condemn,7,53,60,0.883
stockl,0,60,60,1.0
hilli,55,5,60,0.083
centana,60,0,60,0.0
mayor,24,36,60,0.6
shippi,0,60,60,1.0
shield,40,20,60,0.333
esp,24,36,60,0.6
issuealert,60,0,60,0.0
honour,24,36,60,0.6
sistema,0,60,60,1.0
eleven,9,51,60,0.85
backgammon,0,60,60,1.0
coalit,42,18,60,0.3
overcom,43,16,59,0.271
hs,10,49,59,0.831
publishinq,0,59,59,1.0
squeez,51,8,59,0.136
disconnect,42,17,59,0.288
berri,41,18,59,0.305
tissu,1,58,59,0.983
sylvan,3,56,59,0.949
prestigi,8,51,59,0.864
ivoir,0,59,59,1.0
wg,49,10,59,0.169
youcheckk,0,59,59,1.0
postfix,1,58,59,0.983
encina,59,0,59,0.0
viacom,29,30,59,0.508
sad,24,35,59,0.593
overdu,48,11,59,0.186
gh,36,23,59,0.39
demis,35,24,59,0.407
manhattan,40,19,59,0.322
hamper,48,11,59,0.186
malin,59,0,59,0.0
narg,59,0,59,0.0
joan,43,16,59,0.271
distil,51,8,59,0.136
brilliant,27,32,59,0.542
rfp,56,3,59,0.051
pepper,3,56,59,0.949
gucci,0,59,59,1.0
exactiy,0,59,59,1.0
aviat,18,41,59,0.695
iagra,0,59,59,1.0
cpa,39,20,59,0.339
sashok,0,59,59,1.0
ammunit,10,49,59,0.831
greek,21,38,59,0.644
frankfurt,36,23,59,0.39
semest,55,4,59,0.068
appiic,0,59,59,1.0
swell,4,55,59,0.932
rollout,53,6,59,0.102
shopp,0,59,59,1.0
tea,6,53,59,0.898
editori,36,23,59,0.39
hanov,58,1,59,0.017
incorrectli,55,4,59,0.068
werden,3,56,59,0.949
daw,51,8,59,0.136
mastercard,5,54,59,0.915
distort,27,32,59,0.542
invisibi,0,59,59,1.0
dimens,16,43,59,0.729
compra,0,59,59,1.0
garland,53,6,59,0.102
orang,12,47,59,0.797
stun,39,20,59,0.339
bv,3,56,59,0.949
leak,46,12,58,0.207
cashflow,50,8,58,0.138
vo,25,33,58,0.569
kinder,54,4,58,0.069
royalti,34,24,58,0.414
goliad,58,0,58,0.0
benedict,42,16,58,0.276
tenur,22,36,58,0.621
pinpoint,10,48,58,0.828
fabric,14,44,58,0.759
forwardlook,0,58,58,1.0
pgpu,0,58,58,1.0
insolv,44,14,58,0.241
devast,40,18,58,0.31
amex,20,38,58,0.655
beneath,11,47,58,0.81
autocad,1,57,58,0.983
sophi,50,8,58,0.138
teeth,15,43,58,0.741
dolphin,48,10,58,0.172
annua,0,58,58,1.0
upload,23,35,58,0.603
coven,37,21,58,0.362
superviagra,0,58,58,1.0
angi,35,23,58,0.397
sacrific,15,43,58,0.741
pentium,6,52,58,0.897
wealthi,8,50,58,0.862
einer,3,55,58,0.948
cdt,58,0,58,0.0
tension,20,38,58,0.655
nineteen,0,58,58,1.0
carli,53,5,58,0.086
freee,0,58,58,1.0
erol,58,0,58,0.0
cheney,42,16,58,0.276
worthwhil,32,26,58,0.448
prop,20,38,58,0.655
dudley,45,13,58,0.224
lumber,53,5,58,0.086
endur,25,33,58,0.569
sousa,38,20,58,0.345
downsid,41,17,58,0.293
advantaq,0,58,58,1.0
fake,2,56,58,0.966
silicon,26,32,58,0.552
enroncredit,58,0,58,0.0
deputi,29,29,58,0.5
oretech,0,58,58,1.0
seventi,0,58,58,1.0
severa,0,58,58,1.0
eclips,2,56,58,0.966
beverag,25,33,58,0.569
checklist,37,21,58,0.362
norman,46,12,58,0.207
hass,57,1,58,0.017
recours,54,4,58,0.069
arora,57,1,58,0.017
hack,4,54,58,0.931
essenc,24,34,58,0.586
monopoli,48,10,58,0.172
forefront,12,46,58,0.793
ratepay,48,9,57,0.158
doyl,49,8,57,0.14
juno,48,9,57,0.158
contempt,43,14,57,0.246
djinteract,57,0,57,0.0
orderinq,0,57,57,1.0
bryson,56,1,57,0.018
midnight,28,29,57,0.509
tactic,42,15,57,0.263
ceremoni,15,42,57,0.737
foam,4,53,57,0.93
jesu,38,19,57,0.333
mauric,10,47,57,0.825
ramona,57,0,57,0.0
beati,56,1,57,0.018
inv,20,37,57,0.649
dingel,57,0,57,0.0
gissin,0,57,57,1.0
incumb,25,32,57,0.561
sind,6,51,57,0.895
tawney,57,0,57,0.0
metro,42,15,57,0.263
eagl,24,33,57,0.579
forfeit,14,43,57,0.754
desea,0,57,57,1.0
afxnew,57,0,57,0.0
desmond,26,31,57,0.544
leap,23,34,57,0.596
fe,15,42,57,0.737
unpaid,32,25,57,0.439
hemispher,37,20,57,0.351
peco,49,8,57,0.14
ftp,47,10,57,0.175
unhappi,34,23,57,0.404
undermin,52,5,57,0.088
ation,3,54,57,0.947
possib,1,56,57,0.982
ach,10,47,57,0.825
stuck,37,20,57,0.351
apwl,0,57,57,1.0
barr,18,39,57,0.684
medssno,0,57,57,1.0
imper,29,28,57,0.491
oxygen,3,54,57,0.947
loyalti,20,37,57,0.649
cousino,57,0,57,0.0
elliot,27,30,57,0.526
ireland,10,47,57,0.825
presidenti,31,26,57,0.456
tighten,36,21,57,0.368
blanco,54,3,57,0.053
mscf,57,0,57,0.0
commut,22,35,57,0.614
predecessor,42,15,57,0.263
longtim,48,9,57,0.158
blanc,2,55,57,0.965
rj,23,34,57,0.596
motorola,18,39,57,0.684
gmbh,3,54,57,0.947
servicio,3,54,57,0.947
jessica,36,21,57,0.368
panerai,0,57,57,1.0
afxpress,57,0,57,0.0
leff,57,0,57,0.0
goa,0,57,57,1.0
vm,36,21,57,0.368
pena,56,1,57,0.018
ri,0,57,57,1.0
insuffici,35,22,57,0.386
argest,0,57,57,1.0
amonq,0,57,57,1.0
teievis,0,57,57,1.0
commercia,0,57,57,1.0
ggt,0,57,57,1.0
comn,56,1,57,0.018
embargo,2,54,56,0.964
berger,48,8,56,0.143
rli,49,7,56,0.125
easiest,12,44,56,0.786
kw,46,10,56,0.179
unexpect,44,12,56,0.214
courtesi,30,26,56,0.464
mcclellan,50,6,56,0.107
votr,0,56,56,1.0
passeng,22,34,56,0.607
mcmill,56,0,56,0.0
guardian,35,21,56,0.375
gu,18,38,56,0.679
chick,15,41,56,0.732
pact,46,10,56,0.179
keohan,56,0,56,0.0
osborn,11,45,56,0.804
spare,27,29,56,0.518
dashboard,16,40,56,0.714
amita,56,0,56,0.0
molecular,5,51,56,0.911
giga,0,56,56,1.0
vita,29,27,56,0.482
manhood,1,55,56,0.982
npng,56,0,56,0.0
broaden,36,20,56,0.357
consol,13,43,56,0.768
melodick,56,0,56,0.0
seaman,53,3,56,0.054
gage,5,51,56,0.911
ghz,0,56,56,1.0
ium,0,56,56,1.0
theft,9,47,56,0.839
bbl,52,4,56,0.071
cellspac,0,56,56,1.0
tod,38,18,56,0.321
orlean,41,15,56,0.268
connecticut,29,27,56,0.482
diesel,39,17,56,0.304
targer,0,56,56,1.0
uri,1,55,56,0.982
ambul,0,56,56,1.0
nfl,7,49,56,0.875
lavo,56,0,56,0.0
rusti,39,17,56,0.304
cbyi,0,56,56,1.0
dislik,6,50,56,0.893
guadalup,51,5,56,0.089
ruf,50,6,56,0.107
hotlin,46,10,56,0.179
triliion,0,56,56,1.0
baal,56,0,56,0.0
ame,31,25,56,0.446
batter,51,5,56,0.089
laurent,6,50,56,0.893
steer,44,12,56,0.214
pagan,47,9,56,0.161
tunnel,18,38,56,0.679
steadili,40,16,56,0.286
hostil,15,41,56,0.732
globa,0,56,56,1.0
afterward,25,31,56,0.554
«,0,56,56,1.0
casualti,18,38,56,0.679
concret,16,40,56,0.714
ipo,32,24,56,0.429
furnitur,27,29,56,0.518
pfizer,22,34,56,0.607
bolivia,32,24,56,0.429
scream,16,40,56,0.714
ozzi,56,0,56,0.0
lowri,51,5,56,0.089
cartwheel,46,10,56,0.179
carlson,37,19,56,0.339
justif,50,6,56,0.107
tirr,0,56,56,1.0
gbp,49,7,56,0.125
flu,39,16,55,0.291
ssmb,55,0,55,0.0
safeguard,20,35,55,0.636
mediat,45,10,55,0.182
harvest,10,45,55,0.818
duncan,34,21,55,0.382
shaft,2,53,55,0.964
delawar,27,28,55,0.509
egf,55,0,55,0.0
bucket,22,33,55,0.6
apprehens,1,54,55,0.982
clinton,29,26,55,0.473
ter,2,53,55,0.964
attl,55,0,55,0.0
constrain,40,15,55,0.273
indefinit,21,34,55,0.618
dealt,42,13,55,0.236
miscellan,22,33,55,0.6
ambiti,32,23,55,0.418
dolor,45,10,55,0.182
herself,11,44,55,0.8
buckley,49,6,55,0.109
nasti,21,34,55,0.618
ive,3,52,55,0.945
mtnu,0,55,55,1.0
dn,14,41,55,0.745
lipitor,1,54,55,0.982
afloat,27,28,55,0.509
formosa,51,4,55,0.073
thestreet,53,2,55,0.036
dieser,0,55,55,1.0
carey,39,16,55,0.291
arrog,25,30,55,0.545
blind,14,41,55,0.745
marquez,51,4,55,0.073
unproduct,4,51,55,0.927
drgv,0,55,55,1.0
romano,44,11,55,0.2
gatekeep,4,51,55,0.927
braband,55,0,55,0.0
uc,40,15,55,0.273
prais,22,33,55,0.6
fault,25,30,55,0.545
lung,19,36,55,0.655
enthusiasm,37,18,55,0.327
propel,29,26,55,0.473
egypt,6,49,55,0.891
inadequ,46,9,55,0.164
steep,42,13,55,0.236
col,4,51,55,0.927
tutori,21,34,55,0.618
surgic,1,54,55,0.982
congrat,42,13,55,0.236
marvin,40,15,55,0.273
slight,41,14,55,0.255
brutal,14,41,55,0.745
bruceg,0,55,55,1.0
foremost,7,48,55,0.873
shake,32,23,55,0.418
clue,35,20,55,0.364
judgement,35,20,55,0.364
bane,30,25,55,0.455
lincoln,23,32,55,0.582
semiconductor,46,9,55,0.164
cummin,42,13,55,0.236
pfont,0,55,55,1.0
fc,31,24,55,0.436
buoy,16,39,55,0.709
partid,0,55,55,1.0
nasa,9,46,55,0.836
mainlin,53,2,55,0.036
dp,46,9,55,0.164
liabl,25,30,55,0.545
spokesperson,50,4,54,0.074
pornostar,0,54,54,1.0
materiai,0,54,54,1.0
calor,0,54,54,1.0
nichola,48,6,54,0.111
shipman,52,2,54,0.037
federa,0,54,54,1.0
texoma,54,0,54,0.0
dynegydirect,54,0,54,0.0
officia,0,54,54,1.0
paqemak,0,54,54,1.0
malcolm,43,11,54,0.204
byron,32,22,54,0.407
ov,0,54,54,1.0
lindley,54,0,54,0.0
eager,37,17,54,0.315
nwwv,0,54,54,1.0
robertwalt,54,0,54,0.0
cibr,0,54,54,1.0
nicol,39,15,54,0.278
committ,22,32,54,0.593
tripi,0,54,54,1.0
nutraceut,0,54,54,1.0
fossum,54,0,54,0.0
sixti,7,47,54,0.87
bonni,37,17,54,0.315
intermedi,49,5,54,0.093
brendan,20,34,54,0.63
profound,8,46,54,0.852
lnternet,0,54,54,1.0
earthquak,13,41,54,0.759
dakota,12,42,54,0.778
sn,1,53,54,0.981
spectrum,26,28,54,0.519
poullain,54,0,54,0.0
chile,15,39,54,0.722
wpt,0,54,54,1.0
moorer,54,0,54,0.0
stamp,16,38,54,0.704
nail,28,26,54,0.481
removemepleas,0,54,54,1.0
alot,27,27,54,0.5
erhc,0,54,54,1.0
geman,54,0,54,0.0
boulevard,3,51,54,0.944
unbeat,0,54,54,1.0
rcpt,2,52,54,0.963
payn,46,8,54,0.148
bernstein,44,10,54,0.185
bump,39,15,54,0.278
aquí,0,54,54,1.0
personn,1,53,54,0.981
istorag,0,54,54,1.0
cope,27,27,54,0.5
parkhil,54,0,54,0.0
mazowita,54,0,54,0.0
tailgat,53,1,54,0.019
heya,0,54,54,1.0
acquaint,11,43,54,0.796
nascar,3,51,54,0.944
ambl,1,53,54,0.981
bleed,16,38,54,0.704
att,28,26,54,0.481
jolli,48,6,54,0.111
ciean,0,54,54,1.0
melani,43,11,54,0.204
cooki,15,39,54,0.722
benson,26,28,54,0.519
poker,2,51,53,0.962
absent,29,24,53,0.453
ounc,15,38,53,0.717
cogen,53,0,53,0.0
detmer,53,0,53,0.0
diann,37,16,53,0.302
deai,0,53,53,1.0
shepperd,53,0,53,0.0
gorni,53,0,53,0.0
expo,26,27,53,0.509
whilst,32,21,53,0.396
booklet,7,46,53,0.868
flip,32,21,53,0.396
smoker,2,51,53,0.962
hawaii,17,36,53,0.679
shiji,53,0,53,0.0
qui,0,53,53,1.0
berkshir,39,14,53,0.264
elit,7,46,53,0.868
halliburton,52,1,53,0.019
cognit,1,52,53,0.981
erc,50,3,53,0.057
bath,14,39,53,0.736
franck,0,53,53,1.0
fade,24,29,53,0.547
cypru,36,17,53,0.321
zinc,12,41,53,0.774
deviat,44,9,53,0.17
boast,13,40,53,0.755
offlin,26,27,53,0.509
tricoli,53,0,53,0.0
downioad,0,53,53,1.0
tragedi,32,21,53,0.396
shadow,22,31,53,0.585
ongc,53,0,53,0.0
stroke,5,48,53,0.906
volumetr,51,2,53,0.038
cpu,9,44,53,0.83
marlen,48,5,53,0.094
possibi,0,53,53,1.0
headach,13,40,53,0.755
circuiat,0,53,53,1.0
xan,0,53,53,1.0
interv,28,25,53,0.472
stern,37,16,53,0.302
apex,17,36,53,0.679
philippin,29,24,53,0.453
logodent,0,53,53,1.0
portfoiio,0,53,53,1.0
vt,5,48,53,0.906
ption,0,53,53,1.0
butt,29,24,53,0.453
subsidi,36,17,53,0.321
nuevo,6,47,53,0.887
magnet,8,45,53,0.849
passag,30,23,53,0.434
greenhous,0,53,53,1.0
lauderdal,2,51,53,0.962
courier,2,51,53,0.962
cute,9,44,53,0.83
cada,0,53,53,1.0
uncondit,5,48,53,0.906
wallac,42,11,53,0.208
sequoia,1,52,53,0.981
hero,25,28,53,0.528
midday,46,7,53,0.132
montreal,36,17,53,0.321
astound,1,52,53,0.981
seeker,2,51,53,0.962
dd,15,38,53,0.717
hadn,38,15,53,0.283
ethink,53,0,53,0.0
kroll,53,0,53,0.0
butler,39,14,53,0.264
amro,44,9,53,0.17
romeo,45,8,53,0.151
lauren,43,10,53,0.189
needsand,0,53,53,1.0
za,14,39,53,0.736
categor,20,32,52,0.615
viabil,47,5,52,0.096
sherman,43,9,52,0.173
realiy,0,52,52,1.0
accomod,48,4,52,0.077
bunch,32,20,52,0.385
ofth,0,52,52,1.0
viagr,0,52,52,1.0
simpson,39,13,52,0.25
wisconsin,37,15,52,0.288
rip,7,45,52,0.865
caiifornia,0,52,52,1.0
jg,47,5,52,0.096
nombr,0,52,52,1.0
shorter,43,9,52,0.173
mart,21,31,52,0.596
teler,52,0,52,0.0
gss,51,1,52,0.019
eytl,0,52,52,1.0
tibco,52,0,52,0.0
mgltd,52,0,52,0.0
hobbi,7,45,52,0.865
foward,9,43,52,0.827
herm,4,48,52,0.923
mxico,0,52,52,1.0
congression,37,15,52,0.288
caffein,5,47,52,0.904
amus,5,47,52,0.904
certificao,0,52,52,1.0
mild,22,30,52,0.577
dubui,0,52,52,1.0
mann,40,12,52,0.231
abraham,19,33,52,0.635
discomfort,4,48,52,0.923
glanc,26,26,52,0.5
pga,22,30,52,0.577
strand,44,8,52,0.154
benjamin,39,13,52,0.25
bengalla,52,0,52,0.0
passiv,38,14,52,0.269
christ,6,46,52,0.885
humor,30,22,52,0.423
oaxaca,0,52,52,1.0
burk,37,15,52,0.288
withhold,43,9,52,0.173
qerman,0,52,52,1.0
isda,52,0,52,0.0
longview,52,0,52,0.0
poison,4,48,52,0.923
amblen,0,52,52,1.0
erod,38,14,52,0.269
kinsey,52,0,52,0.0
emin,16,36,52,0.692
iti,0,52,52,1.0
deiiveri,0,52,52,1.0
cumshot,0,52,52,1.0
srp,52,0,52,0.0
unregul,52,0,52,0.0
punish,37,15,52,0.288
marcelo,51,1,52,0.019
ugli,29,23,52,0.442
rat,5,47,52,0.904
sich,3,49,52,0.942
outlet,18,34,52,0.654
eiben,52,0,52,0.0
postag,3,49,52,0.942
marilyn,37,15,52,0.288
spi,11,41,52,0.788
erni,29,23,52,0.442
firstli,12,40,52,0.769
sticker,11,41,52,0.788
abbott,37,15,52,0.288
swamp,21,31,52,0.596
coc,7,45,52,0.865
ano,0,52,52,1.0
stare,4,48,52,0.923
powerisk,52,0,52,0.0
wherea,35,17,52,0.327
compact,8,44,52,0.846
uid,0,52,52,1.0
umbrella,44,8,52,0.154
xerox,34,18,52,0.346
logon,45,7,52,0.135
gabriel,32,20,52,0.385
iist,0,51,51,1.0
amanda,45,6,51,0.118
inconsist,45,6,51,0.118
nebraska,32,19,51,0.373
darl,34,17,51,0.333
mcnulti,49,2,51,0.039
isol,35,16,51,0.314
repeatedli,46,5,51,0.098
immin,35,16,51,0.314
heir,9,42,51,0.824
aforement,24,27,51,0.529
tblload,51,0,51,0.0
luca,24,27,51,0.529
cocoa,29,22,51,0.431
ginger,43,8,51,0.157
abdomin,0,51,51,1.0
credenti,6,45,51,0.882
weiss,41,10,51,0.196
whatsoev,16,35,51,0.686
haben,1,50,51,0.98
griffith,46,5,51,0.098
gadd,51,0,51,0.0
crime,5,46,51,0.902
commerciai,0,51,51,1.0
sri,15,36,51,0.706
sg,25,26,51,0.51
westbrook,51,0,51,0.0
dodson,41,10,51,0.196
brave,22,29,51,0.569
bouillion,51,0,51,0.0
fabul,16,35,51,0.686
mate,5,46,51,0.902
evelyn,42,9,51,0.176
constel,44,7,51,0.137
bite,18,33,51,0.647
reactionsnet,51,0,51,0.0
cousin,9,42,51,0.824
goodpastur,51,0,51,0.0
curran,32,19,51,0.373
handi,10,41,51,0.804
forbid,0,51,51,1.0
turner,36,15,51,0.294
ebiz,50,1,51,0.02
museum,33,18,51,0.353
pgev,51,0,51,0.0
badg,29,22,51,0.431
innoc,5,46,51,0.902
canva,2,49,51,0.961
prudent,35,16,51,0.314
semen,0,51,51,1.0
hannon,51,0,51,0.0
eastman,41,10,51,0.196
blachman,51,0,51,0.0
ana,19,32,51,0.627
msnbc,3,48,51,0.941
enqin,0,51,51,1.0
alamo,42,9,51,0.176
undergradu,38,13,51,0.255
gaug,41,10,51,0.196
antiqu,1,50,51,0.98
driscol,46,5,51,0.098
yeah,33,18,51,0.353
successor,40,11,51,0.216
footprint,6,44,50,0.88
frankli,38,12,50,0.24
herbert,18,32,50,0.64
lozano,49,1,50,0.02
pollut,26,24,50,0.48
perscript,0,50,50,1.0
projector,25,25,50,0.5
ef,17,33,50,0.66
fenc,35,15,50,0.3
mumford,43,7,50,0.14
removido,0,50,50,1.0
zivley,50,0,50,0.0
recap,48,2,50,0.04
¤,0,50,50,1.0
optimum,5,45,50,0.9
confess,12,38,50,0.76
elli,35,15,50,0.3
joani,48,2,50,0.04
dam,38,12,50,0.24
pwr,50,0,50,0.0
corman,50,0,50,0.0
theriot,50,0,50,0.0
idaho,10,40,50,0.8
uiead,0,50,50,1.0
virgo,48,2,50,0.04
kysa,50,0,50,0.0
earthlink,31,19,50,0.38
boot,18,32,50,0.64
ramesh,50,0,50,0.0
schole,50,0,50,0.0
amor,1,49,50,0.98
dust,17,33,50,0.66
bread,4,46,50,0.92
nicolay,50,0,50,0.0
houstonenergi,50,0,50,0.0
abi,7,43,50,0.86
oceania,0,50,50,1.0
dent,16,34,50,0.68
concess,36,14,50,0.28
occurr,15,35,50,0.7
conven,35,15,50,0.3
reiiabi,0,50,50,1.0
voor,1,49,50,0.98
surpass,17,33,50,0.66
vb,24,26,50,0.52
contamin,5,45,50,0.9
atianta,0,50,50,1.0
descend,1,49,50,0.98
ai,0,50,50,1.0
gi,32,18,50,0.36
poiici,0,50,50,1.0
entouch,50,0,50,0.0
helvetica,4,46,50,0.92
distant,8,42,50,0.84
holden,45,5,50,0.1
leaf,24,26,50,0.52
gradual,36,14,50,0.28
hillier,48,2,50,0.04
mortar,3,47,50,0.94
´,0,50,50,1.0
thoreau,44,6,50,0.12
systemat,31,19,50,0.38
telegraph,35,15,50,0.3
turnkey,8,42,50,0.84
lillian,34,16,50,0.32
cription,0,50,50,1.0
ax,3,47,50,0.94
citc,0,50,50,1.0
thorn,41,9,50,0.18
automot,22,28,50,0.56
mbd,48,2,50,0.04
belov,3,47,50,0.94
redund,28,22,50,0.44
gentleman,28,22,50,0.44
outright,42,8,50,0.16
kh,31,18,49,0.367
nowher,17,32,49,0.653
vic,4,45,49,0.918
trabajo,0,49,49,1.0
hb,33,16,49,0.327
elain,34,15,49,0.306
stylish,1,48,49,0.98
enov,49,0,49,0.0
mario,33,16,49,0.327
stumbl,40,9,49,0.184
une,0,49,49,1.0
salmon,48,1,49,0.02
derecskey,49,0,49,0.0
expios,0,49,49,1.0
helsinki,45,4,49,0.082
multin,27,22,49,0.449
yale,14,35,49,0.714
tien,0,49,49,1.0
tai,33,16,49,0.327
erisk,49,0,49,0.0
jewel,27,22,49,0.449
corn,22,27,49,0.551
seminario,0,49,49,1.0
bloodstream,0,49,49,1.0
aurora,36,13,49,0.265
madison,25,24,49,0.49
shout,22,27,49,0.551
wm,3,46,49,0.939
commoditylog,49,0,49,0.0
pdt,33,16,49,0.327
reid,40,9,49,0.184
seventeen,2,47,49,0.959
tall,4,45,49,0.918
inn,34,15,49,0.306
nathan,38,11,49,0.224
radisson,39,10,49,0.204
ori,0,49,49,1.0
iter,38,11,49,0.224
yukon,3,46,49,0.939
feldman,40,9,49,0.184
abort,16,33,49,0.673
herb,6,43,49,0.878
lnterest,0,49,49,1.0
pha,6,43,49,0.878
standpoint,43,6,49,0.122
cafe,24,25,49,0.51
gwen,43,6,49,0.122
secondli,36,13,49,0.265
ngi,47,2,49,0.041
gaskil,49,0,49,0.0
inappropri,40,9,49,0.184
sup,2,47,49,0.959
terra,11,38,49,0.776
dior,0,49,49,1.0
eber,49,0,49,0.0
cheddar,49,0,49,0.0
reliabi,0,49,49,1.0
bench,38,11,49,0.224
pornstar,0,49,49,1.0
reef,3,46,49,0.939
eros,31,18,49,0.367
gang,25,24,49,0.49
pie,10,39,49,0.796
netcoonlin,49,0,49,0.0
maggi,41,8,49,0.163
hu,15,34,49,0.694
rofr,49,0,49,0.0
norm,27,22,49,0.449
loyal,10,39,49,0.796
mighti,26,23,49,0.469
cartwright,49,0,49,0.0
arous,1,48,49,0.98
wheeler,47,2,49,0.041
soussan,49,0,49,0.0
motil,0,49,49,1.0
infocast,49,0,49,0.0
lawmak,47,2,49,0.041
downlin,0,49,49,1.0
mitsubishi,37,12,49,0.245
astonish,7,42,49,0.857
williamson,39,10,49,0.204
eli,28,21,49,0.429
cant,8,41,49,0.837
lexmark,0,49,49,1.0
zach,49,0,49,0.0
fuil,0,49,49,1.0
powerlin,2,47,49,0.959
perpetu,5,44,49,0.898
completo,0,49,49,1.0
wc,35,14,49,0.286
shanghai,5,44,49,0.898
tang,42,7,49,0.143
meteor,1,48,49,0.98
constantin,4,45,49,0.918
bulgaria,5,44,49,0.898
jigget,0,48,48,1.0
levitt,42,6,48,0.125
ln,28,20,48,0.417
bilater,29,19,48,0.396
cairn,40,8,48,0.167
brooklyn,30,18,48,0.375
valentin,24,24,48,0.5
wage,30,18,48,0.375
compass,9,39,48,0.812
xana,0,48,48,1.0
,0,48,48,1.0
hagelmann,48,0,48,0.0
nearest,13,35,48,0.729
feroc,1,47,48,0.979
seismic,17,31,48,0.646
thoroughli,38,10,48,0.208
potenc,0,48,48,1.0
castro,34,14,48,0.292
noun,0,48,48,1.0
resent,27,21,48,0.438
thesi,38,10,48,0.208
behav,22,26,48,0.542
whitak,40,8,48,0.167
garrick,45,3,48,0.062
grapevin,8,40,48,0.833
mtv,40,8,48,0.167
fowler,36,12,48,0.25
calvin,12,36,48,0.75
sear,33,15,48,0.312
drili,0,48,48,1.0
dalton,31,17,48,0.354
helm,26,22,48,0.458
spill,37,11,48,0.229
pertin,28,20,48,0.417
jsp,22,26,48,0.542
han,11,37,48,0.771
mug,28,20,48,0.417
ivvo,0,48,48,1.0
centro,0,48,48,1.0
compos,21,27,48,0.562
forg,17,31,48,0.646
uncl,7,41,48,0.854
shame,13,35,48,0.729
suspici,19,29,48,0.604
rp,38,10,48,0.208
victori,23,25,48,0.521
guenter,9,39,48,0.812
requisit,30,18,48,0.375
shawna,48,0,48,0.0
happili,3,45,48,0.938
polish,24,24,48,0.5
monster,8,40,48,0.833
optl,0,48,48,1.0
soid,0,48,48,1.0
avg,28,20,48,0.417
floyd,42,6,48,0.125
sincereiy,0,48,48,1.0
webslt,0,48,48,1.0
hk,7,41,48,0.854
imaq,0,48,48,1.0
mbp,0,48,48,1.0
agrra,0,48,48,1.0
ject,0,48,48,1.0
zhang,47,1,48,0.021
sunni,14,34,48,0.708
tiffani,8,40,48,0.833
regenc,46,2,48,0.042
eugen,25,23,48,0.479
token,31,17,48,0.354
bci,1,47,48,0.979
hplnol,48,0,48,0.0
gase,4,44,48,0.917
muitipi,0,48,48,1.0
duck,8,40,48,0.833
ambigu,21,27,48,0.562
colour,7,41,48,0.854
printabl,9,39,48,0.812
cio,44,4,48,0.083
congo,0,48,48,1.0
speciaili,0,48,48,1.0
amelia,39,9,48,0.188
westinghous,42,6,48,0.125
ddsr,0,47,47,1.0
honestli,17,30,47,0.638
sixteen,9,38,47,0.809
quarante,0,47,47,1.0
significantiy,0,47,47,1.0
dang,9,38,47,0.809
sto,1,46,47,0.979
cashout,42,5,47,0.106
dismantl,28,19,47,0.404
straddl,38,9,47,0.191
mir,38,9,47,0.191
mccall,36,11,47,0.234
exce,30,17,47,0.362
government,13,34,47,0.723
trey,42,5,47,0.106
pixel,0,47,47,1.0
multipi,0,47,47,1.0
jest,40,7,47,0.149
quota,10,37,47,0.787
epa,14,33,47,0.702
straightforward,35,12,47,0.255
nur,10,37,47,0.787
beli,1,46,47,0.979
newav,0,47,47,1.0
doti,45,2,47,0.043
businessweek,37,10,47,0.213
mcgee,37,10,47,0.213
dunhil,0,47,47,1.0
appendix,28,19,47,0.404
laden,36,11,47,0.234
eyo,0,47,47,1.0
aaa,19,28,47,0.596
plz,0,47,47,1.0
carlsbad,32,15,47,0.319
julian,44,3,47,0.064
fond,5,42,47,0.894
highstar,47,0,47,0.0
janel,45,2,47,0.043
flynn,42,5,47,0.106
untap,3,44,47,0.936
clewlow,47,0,47,0.0
roch,37,10,47,0.213
enouqh,0,47,47,1.0
simmon,42,5,47,0.106
schwartz,35,12,47,0.255
dies,3,44,47,0.936
compendia,0,47,47,1.0
stark,36,11,47,0.234
garag,29,18,47,0.383
morrow,33,14,47,0.298
zipter,47,0,47,0.0
janeiro,20,27,47,0.574
prolif,3,44,47,0.936
dive,26,21,47,0.447
dissert,42,5,47,0.106
gsm,0,47,47,1.0
worn,4,43,47,0.915
aram,47,0,47,0.0
aros,20,27,47,0.574
detent,1,46,47,0.979
sheep,4,43,47,0.915
unus,35,12,47,0.255
luckyday,0,47,47,1.0
bate,20,27,47,0.574
launer,47,0,47,0.0
adwar,0,47,47,1.0
laserjet,0,47,47,1.0
aiesec,47,0,47,0.0
banc,47,0,47,0.0
neuner,47,0,47,0.0
yoursit,0,47,47,1.0
funer,10,37,47,0.787
devis,24,23,47,0.489
dome,17,30,47,0.638
triilion,0,47,47,1.0
nepco,47,0,47,0.0
cone,30,17,47,0.362
ancient,1,46,47,0.979
johnston,43,4,47,0.085
unveil,26,21,47,0.447
utiiiz,0,47,47,1.0
marku,42,5,47,0.106
backoffic,47,0,47,0.0
choat,47,0,47,0.0
sti,2,45,47,0.957
workforc,34,13,47,0.277
ove,0,47,47,1.0
hurdl,35,12,47,0.255
algeria,3,44,47,0.936
schwab,45,2,47,0.043
teenag,7,40,47,0.851
cedar,27,20,47,0.426
powerfui,0,47,47,1.0
distract,36,11,47,0.234
georgann,46,0,46,0.0
ent,7,39,46,0.848
navi,25,21,46,0.457
epc,46,0,46,0.0
salv,22,24,46,0.522
oslo,39,7,46,0.152
eshop,0,46,46,1.0
arc,15,31,46,0.674
encyclopedia,0,46,46,1.0
rgd,44,2,46,0.043
friendship,12,34,46,0.739
vacanc,19,27,46,0.587
tex,28,18,46,0.391
encarta,0,46,46,1.0
blockbust,33,13,46,0.283
fontbr,0,46,46,1.0
notar,0,46,46,1.0
efficaci,6,40,46,0.87
buehler,42,4,46,0.087
muslim,6,40,46,0.87
flore,39,7,46,0.152
mcgowan,42,4,46,0.087
tracker,23,23,46,0.5
important,0,46,46,1.0
mood,20,26,46,0.565
ez,0,46,46,1.0
thlt,0,46,46,1.0
pleu,46,0,46,0.0
lecoultr,0,46,46,1.0
atm,14,32,46,0.696
backward,20,26,46,0.565
edmund,3,43,46,0.935
mone,0,46,46,1.0
geniu,7,39,46,0.848
cdyv,0,46,46,1.0
ftar,0,46,46,1.0
anchor,25,21,46,0.457
ectstsw,46,0,46,0.0
galleri,4,42,46,0.913
mariam,0,46,46,1.0
shelbi,40,6,46,0.13
coke,9,37,46,0.804
blown,18,28,46,0.609
hefti,40,6,46,0.13
kmv,46,0,46,0.0
exploratori,31,15,46,0.326
walt,33,13,46,0.283
assimil,26,20,46,0.435
becker,34,12,46,0.261
bitt,0,46,46,1.0
schoolyard,8,38,46,0.826
unwil,44,2,46,0.043
homebuild,1,45,46,0.978
alabama,8,38,46,0.826
tg,28,18,46,0.391
obstacl,29,17,46,0.37
aitern,0,46,46,1.0
insta,0,46,46,1.0
exelon,46,0,46,0.0
puerto,29,17,46,0.37
ytd,44,2,46,0.043
adlpex,0,46,46,1.0
portug,8,38,46,0.826
nosso,0,46,46,1.0
torr,8,38,46,0.826
dock,12,34,46,0.739
tale,30,16,46,0.348
invas,2,44,46,0.957
gister,0,46,46,1.0
intl,32,14,46,0.304
spite,24,22,46,0.478
iam,4,42,46,0.913
keno,0,46,46,1.0
suprem,30,16,46,0.348
gatech,46,0,46,0.0
annex,37,9,46,0.196
foss,38,8,46,0.174
verd,41,5,46,0.109
heritag,5,41,46,0.891
chequ,13,33,46,0.717
montagu,33,13,46,0.283
ghana,0,46,46,1.0
tc,14,32,46,0.696
assassin,1,45,46,0.978
profitabi,0,46,46,1.0
blancpain,0,46,46,1.0
aruba,0,46,46,1.0
korea,19,27,46,0.587
aninher,0,46,46,1.0
teiecom,0,46,46,1.0
literatur,24,22,46,0.478
merri,32,14,46,0.304
ning,9,37,46,0.804
adress,10,36,46,0.783
edmondson,40,6,46,0.13
shale,2,44,46,0.957
peyton,45,1,46,0.022
evel,0,46,46,1.0
discourag,41,5,46,0.109
ativan,0,46,46,1.0
slowdown,44,1,45,0.022
enlighten,26,19,45,0.422
brunei,0,45,45,1.0
nothank,0,45,45,1.0
endeavour,1,44,45,0.978
ly,7,38,45,0.844
hol,41,4,45,0.089
tractebel,45,0,45,0.0
buchanan,34,11,45,0.244
atom,5,40,45,0.889
iogn,0,45,45,1.0
abacu,34,11,45,0.244
cpn,44,1,45,0.022
fla,3,42,45,0.933
lh,5,40,45,0.889
prabhu,45,0,45,0.0
jd,40,5,45,0.111
applaud,30,15,45,0.333
bash,22,23,45,0.511
scalabl,18,27,45,0.6
inclin,24,21,45,0.467
vessel,28,17,45,0.378
splash,30,15,45,0.333
threw,16,29,45,0.644
greenspan,43,2,45,0.044
ege,43,2,45,0.044
moni,20,25,45,0.556
closet,16,29,45,0.644
lg,5,40,45,0.889
cornel,26,19,45,0.422
bradi,23,22,45,0.489
casa,5,40,45,0.889
adio,1,44,45,0.978
ieader,0,45,45,1.0
ello,0,45,45,1.0
aga,44,1,45,0.022
piastic,0,45,45,1.0
karl,26,19,45,0.422
followup,43,2,45,0.044
pnr,45,0,45,0.0
displac,35,10,45,0.222
fascin,17,28,45,0.622
indulg,6,39,45,0.867
plagu,27,18,45,0.4
amort,35,10,45,0.222
naomi,35,10,45,0.222
emili,35,10,45,0.222
backlog,6,39,45,0.867
candi,6,39,45,0.867
valtrex,0,45,45,1.0
poster,25,20,45,0.444
hgm,44,1,45,0.022
dish,5,40,45,0.889
hug,18,27,45,0.6
astronom,2,43,45,0.956
thx,33,12,45,0.267
afflict,5,40,45,0.889
carla,37,8,45,0.178
etcheverri,45,0,45,0.0
bend,8,37,45,0.822
repos,0,45,45,1.0
assunto,0,45,45,1.0
oooo,45,0,45,0.0
fluid,33,12,45,0.267
symptom,11,34,45,0.756
whitsel,45,0,45,0.0
goos,39,6,45,0.133
producto,0,45,45,1.0
decent,25,20,45,0.444
diversif,33,12,45,0.267
penil,0,45,45,1.0
sweden,29,16,45,0.356
coe,45,0,45,0.0
spectacular,22,23,45,0.511
mucho,2,43,45,0.956
keg,2,43,45,0.956
wid,1,44,45,0.978
lyn,39,6,45,0.133
esa,41,4,45,0.089
alphabet,23,22,45,0.489
jointli,29,16,45,0.356
invalid,19,26,45,0.578
helton,43,2,45,0.044
warwick,35,10,45,0.222
nalin,45,0,45,0.0
nahou,45,0,45,0.0
shove,10,35,45,0.778
interven,35,10,45,0.222
goddard,33,12,45,0.267
hare,30,15,45,0.333
columbu,27,18,45,0.4
wrist,3,42,45,0.933
ursula,35,10,45,0.222
pb,33,12,45,0.267
tobacco,18,27,45,0.6
ricardo,10,35,45,0.778
zisman,45,0,45,0.0
deadli,4,41,45,0.911
erot,0,45,45,1.0
def,42,3,45,0.067
backbon,29,15,44,0.341
anatol,36,8,44,0.182
kbp,7,37,44,0.841
diamant,0,44,44,1.0
simplic,4,40,44,0.909
pham,43,1,44,0.023
massag,12,32,44,0.727
shatter,15,29,44,0.659
ihnen,9,35,44,0.795
healthier,0,44,44,1.0
courtney,30,14,44,0.318
considerado,0,44,44,1.0
socalehr,44,0,44,0.0
mst,33,11,44,0.25
pencil,11,33,44,0.75
nacion,13,31,44,0.705
facekey,0,44,44,1.0
egmnom,44,0,44,0.0
pepsi,1,43,44,0.977
sohn,0,44,44,1.0
gorbea,0,44,44,1.0
suresh,44,0,44,0.0
livelink,44,0,44,0.0
bei,7,37,44,0.841
ebb,30,14,44,0.318
quantum,13,31,44,0.705
centerfont,0,44,44,1.0
temper,25,19,44,0.432
brainstorm,30,14,44,0.318
thrown,19,25,44,0.568
lip,11,33,44,0.75
pentagon,31,13,44,0.295
testifi,34,10,44,0.227
inland,39,5,44,0.114
exacerb,37,7,44,0.159
zadorozhni,44,0,44,0.0
welch,38,6,44,0.136
mariann,27,17,44,0.386
mckinsey,44,0,44,0.0
donnelli,29,15,44,0.341
midst,28,16,44,0.364
interior,15,29,44,0.659
expatri,32,12,44,0.273
yanke,13,31,44,0.705
alport,44,0,44,0.0
lightn,9,35,44,0.795
marvel,7,37,44,0.841
nina,37,7,44,0.159
futureev,0,44,44,1.0
ebitda,23,21,44,0.477
corum,0,44,44,1.0
khan,7,37,44,0.841
shutdown,33,11,44,0.25
hung,23,21,44,0.477
revisit,43,1,44,0.023
prescri,0,44,44,1.0
aaron,27,17,44,0.386
loudspeak,0,44,44,1.0
deaier,0,44,44,1.0
phar,0,44,44,1.0
thread,5,39,44,0.886
trunk,7,37,44,0.841
fleet,27,17,44,0.386
eariy,0,44,44,1.0
aiia,0,44,44,1.0
apachi,44,0,44,0.0
apel,44,0,44,0.0
cplex,44,0,44,0.0
etop,44,0,44,0.0
mismo,1,43,44,0.977
bluetooth,0,44,44,1.0
rpi,44,0,44,0.0
cach,16,28,44,0.636
modelo,13,31,44,0.705
creatur,2,42,44,0.955
rxmed,0,44,44,1.0
realnetwork,0,44,44,1.0
lindsay,32,12,44,0.273
bowman,31,13,44,0.295
socaltop,44,0,44,0.0
hplr,44,0,44,0.0
tdtd,0,44,44,1.0
sandwich,19,25,44,0.568
tribolet,44,0,44,0.0
hav,1,43,44,0.977
devri,44,0,44,0.0
jackpot,3,41,44,0.932
alison,31,13,44,0.295
tba,39,5,44,0.114
thresa,44,0,44,0.0
alongsid,18,26,44,0.591
technomarin,0,44,44,1.0
lindsey,36,8,44,0.182
drastic,17,27,44,0.614
darron,42,2,44,0.045
upfront,32,12,44,0.273
unravel,42,2,44,0.045
luci,34,10,44,0.227
thatexpress,0,44,44,1.0
obscur,25,19,44,0.432
adjac,20,24,44,0.545
electrnico,0,44,44,1.0
dentist,6,38,44,0.864
rico,26,18,44,0.409
offfer,1,43,44,0.977
diverg,10,34,44,0.773
affin,1,43,44,0.977
fendi,0,44,44,1.0
mansfield,7,37,44,0.841
illiquid,42,2,44,0.045
oma,21,23,44,0.523
freehand,0,44,44,1.0
arabia,20,24,44,0.545
retreat,38,6,44,0.136
instinct,17,27,44,0.614
dorsey,44,0,44,0.0
gut,19,25,44,0.568
jaquet,44,0,44,0.0
tube,10,34,44,0.773
severai,0,43,43,1.0
iowa,15,28,43,0.651
rh,21,22,43,0.512
erik,30,13,43,0.302
debut,14,29,43,0.674
missouri,21,22,43,0.512
damn,9,34,43,0.791
refurb,0,43,43,1.0
lieuten,8,35,43,0.814
dato,0,43,43,1.0
eur,7,36,43,0.837
searcher,0,43,43,1.0
iquid,0,43,43,1.0
eh,9,34,43,0.791
conscienc,9,34,43,0.791
ruin,20,23,43,0.535
sequenc,13,30,43,0.698
carniv,20,23,43,0.535
carisoprodol,0,43,43,1.0
hayden,31,12,43,0.279
traditiona,0,43,43,1.0
thome,43,0,43,0.0
daddi,4,39,43,0.907
elba,26,17,43,0.395
equiv,2,41,43,0.953
delano,34,9,43,0.209
voium,0,43,43,1.0
closest,30,13,43,0.302
churn,35,8,43,0.186
boca,0,43,43,1.0
dietert,43,0,43,0.0
convict,6,37,43,0.86
ah,17,26,43,0.605
,4,39,43,0.907
blaze,12,31,43,0.721
fixtur,1,42,43,0.977
allegedli,33,10,43,0.233
locker,35,8,43,0.186
som,1,42,43,0.977
ftworth,43,0,43,0.0
yanni,43,0,43,0.0
colett,34,9,43,0.209
dba,40,3,43,0.07
reaili,0,43,43,1.0
anyhow,22,21,43,0.488
oven,0,43,43,1.0
abet,8,35,43,0.814
fisher,30,13,43,0.302
neck,11,32,43,0.744
loqodent,0,43,43,1.0
lncreas,0,43,43,1.0
bent,8,35,43,0.814
postmast,23,20,43,0.465
tobia,42,1,43,0.023
panhandl,41,2,43,0.047
highland,21,22,43,0.512
marina,28,15,43,0.349
allison,28,15,43,0.349
idiot,11,32,43,0.744
arrow,12,31,43,0.721
insul,20,23,43,0.535
realis,32,11,43,0.256
snack,28,15,43,0.349
fingerprint,1,42,43,0.977
lick,5,38,43,0.884
barnett,13,30,43,0.698
grm,43,0,43,0.0
bro,11,32,43,0.744
ina,37,6,43,0.14
azimuth,0,43,43,1.0
loa,7,36,43,0.837
hib,41,2,43,0.047
carpent,12,31,43,0.721
brick,19,24,43,0.558
overwhich,0,43,43,1.0
keeley,43,0,43,0.0
boyfriend,8,35,43,0.814
malibu,0,43,43,1.0
nugget,21,22,43,0.512
ripley,33,10,43,0.233
tropic,26,17,43,0.395
rned,0,43,43,1.0
ampl,19,24,43,0.558
poem,4,39,43,0.907
eleg,1,42,43,0.977
embroideri,0,43,43,1.0
discern,12,31,43,0.721
representacion,0,43,43,1.0
nake,0,43,43,1.0
paig,37,6,43,0.14
meteorolog,33,10,43,0.233
iast,0,43,43,1.0
geneva,15,28,43,0.651
batcheld,11,32,43,0.744
beef,18,25,43,0.581
quadrupl,8,35,43,0.814
walla,0,43,43,1.0
caterpillar,21,22,43,0.512
pavlou,43,0,43,0.0
similarli,40,3,43,0.07
avi,14,29,43,0.674
weaker,40,3,43,0.07
onondaga,40,3,43,0.07
transcanada,43,0,43,0.0
kingerski,43,0,43,0.0
lion,14,29,43,0.674
berman,22,21,43,0.488
shopper,8,35,43,0.814
alvarez,29,14,43,0.326
cial,0,43,43,1.0
hut,0,43,43,1.0
appris,23,20,43,0.465
hampshir,16,27,43,0.628
punit,34,9,43,0.209
stephan,30,13,43,0.302
brandon,29,14,43,0.326
nou,0,43,43,1.0
nsf,40,3,43,0.07
remi,42,1,43,0.023
juic,9,34,43,0.791
shorelin,34,9,43,0.209
lieu,29,14,43,0.326
gomez,41,2,43,0.047
eesi,7,36,43,0.837
neglect,17,26,43,0.605
accret,25,18,43,0.419
osdn,0,43,43,1.0
berlin,13,30,43,0.698
bmw,5,38,43,0.884
assay,0,42,42,1.0
eyeforenergi,42,0,42,0.0
lar,13,29,42,0.69
phenomen,14,28,42,0.667
ambit,15,27,42,0.643
staley,33,9,42,0.214
seemingli,34,8,42,0.19
sleev,32,10,42,0.238
fantasi,2,40,42,0.952
macro,24,18,42,0.429
fitzgerald,33,9,42,0.214
llcens,0,42,42,1.0
suqgest,0,42,42,1.0
unbeiiv,0,42,42,1.0
kenton,7,35,42,0.833
dexter,5,37,42,0.881
wavefront,0,42,42,1.0
theatr,34,8,42,0.19
lpm,42,0,42,0.0
dt,24,18,42,0.429
baltimor,18,24,42,0.571
emf,42,0,42,0.0
prick,3,39,42,0.929
reel,21,21,42,0.5
californian,36,6,42,0.143
discretionari,19,23,42,0.548
budweis,0,42,42,1.0
degeneraci,0,42,42,1.0
nordic,42,0,42,0.0
winfax,0,42,42,1.0
ivori,2,40,42,0.952
scsi,3,39,42,0.929
rxdrug,0,42,42,1.0
revolution,14,28,42,0.667
wnbra,0,42,42,1.0
middlewar,0,42,42,1.0
mv,6,36,42,0.857
dietz,28,14,42,0.333
deton,0,42,42,1.0
kodak,34,8,42,0.19
unsub,1,41,42,0.976
timefram,37,5,42,0.119
catalyst,16,26,42,0.619
althea,30,12,42,0.286
thanx,34,8,42,0.19
cur,1,41,42,0.976
consemiu,42,0,42,0.0
questar,42,0,42,0.0
shun,16,26,42,0.619
benoit,35,7,42,0.167
teessid,42,0,42,0.0
alcoa,28,14,42,0.333
keyston,13,29,42,0.69
kuehl,42,0,42,0.0
toma,29,13,42,0.31
sloan,35,7,42,0.167
gonzal,31,11,42,0.262
patriot,19,23,42,0.548
dev,36,6,42,0.143
rode,31,11,42,0.262
slice,19,23,42,0.548
coop,26,16,42,0.381
articul,29,13,42,0.31
czech,5,37,42,0.881
clicck,0,42,42,1.0
hellman,40,2,42,0.048
darpa,0,42,42,1.0
wp,33,9,42,0.214
sank,31,11,42,0.262
diamet,9,33,42,0.786
urban,17,25,42,0.595
msg,13,29,42,0.69
kulatilaka,42,0,42,0.0
fatah,0,42,42,1.0
occasion,32,10,42,0.238
haul,29,13,42,0.31
goldberg,29,13,42,0.31
alien,9,33,42,0.786
harlan,36,6,42,0.143
mfi,2,40,42,0.952
backdrop,15,27,42,0.643
listbot,42,0,42,0.0
syivan,0,42,42,1.0
bearish,29,13,42,0.31
baseboard,2,40,42,0.952
missil,30,12,42,0.286
footag,1,41,42,0.976
,0,42,42,1.0
nec,5,37,42,0.881
pluto,39,3,42,0.071
keller,37,5,42,0.119
replay,40,2,42,0.048
countrii,0,42,42,1.0
aspir,6,36,42,0.857
empioye,0,42,42,1.0
inaugur,28,14,42,0.333
cabi,0,42,42,1.0
melba,41,1,42,0.024
mundo,1,41,42,0.976
rhode,25,17,42,0.405
gratuit,0,42,42,1.0
appeas,12,30,42,0.714
titan,23,19,42,0.452
dun,31,11,42,0.262
purg,13,29,42,0.69
giron,42,0,42,0.0
curriculum,26,16,42,0.381
speckel,42,0,42,0.0
gcp,42,0,42,0.0
wink,2,40,42,0.952
conceiv,14,28,42,0.667
hindu,39,3,42,0.071
vilasrao,42,0,42,0.0
tan,12,29,41,0.707
energ,14,27,41,0.659
overrid,38,3,41,0.073
misti,30,11,41,0.268
bazaar,0,41,41,1.0
hm,27,14,41,0.341
defect,8,33,41,0.805
dude,7,34,41,0.829
codin,0,41,41,1.0
rollov,36,5,41,0.122
cottonwood,4,37,41,0.902
nome,16,25,41,0.61
buspar,0,41,41,1.0
hungri,11,30,41,0.732
dayzer,0,41,41,1.0
ballroom,29,12,41,0.293
cuenta,0,41,41,1.0
kein,0,41,41,1.0
chunk,26,15,41,0.366
softab,0,41,41,1.0
sake,19,22,41,0.537
marla,38,3,41,0.073
tangibl,24,17,41,0.415
jere,35,6,41,0.146
loretta,36,5,41,0.122
shuttl,33,8,41,0.195
snap,21,20,41,0.488
cilco,41,0,41,0.0
bewar,11,30,41,0.732
ayer,8,33,41,0.805
dictionari,13,28,41,0.683
harmon,26,15,41,0.366
offlc,0,41,41,1.0
bonnevil,27,14,41,0.341
lambert,22,19,41,0.463
horribl,19,22,41,0.537
wird,0,41,41,1.0
discrimin,15,26,41,0.634
marg,20,21,41,0.512
binari,12,29,41,0.707
handler,0,41,41,1.0
islam,5,36,41,0.878
aye,26,15,41,0.366
cibc,35,6,41,0.146
lista,0,41,41,1.0
nicki,38,3,41,0.073
copacabana,0,41,41,1.0
dg,16,25,41,0.61
heizenrad,41,0,41,0.0
inlet,27,14,41,0.341
lydia,29,12,41,0.293
ffo,3,38,41,0.927
dialogu,25,16,41,0.39
portray,23,18,41,0.439
eco,7,34,41,0.829
bbc,0,41,41,1.0
lamb,34,7,41,0.171
harold,29,12,41,0.293
novosel,41,0,41,0.0
trash,30,11,41,0.268
khodorkovski,0,41,41,1.0
avid,3,38,41,0.927
unsur,37,4,41,0.098
penn,32,9,41,0.22
prolong,22,19,41,0.463
cdn,33,8,41,0.195
claal,0,41,41,1.0
humphrey,37,4,41,0.098
aerospac,16,25,41,0.61
oscar,23,18,41,0.439
allah,0,41,41,1.0
flame,15,26,41,0.634
ace,28,13,41,0.317
smoothli,37,4,41,0.098
judith,27,14,41,0.341
crippl,27,14,41,0.341
donnel,31,10,41,0.244
recip,7,34,41,0.829
spiral,33,8,41,0.195
breslau,40,1,41,0.024
chairperson,31,10,41,0.244
ksb,0,41,41,1.0
vigor,17,24,41,0.585
acef,0,41,41,1.0
vector,26,15,41,0.366
appal,6,35,41,0.854
multilingu,0,41,41,1.0
hover,24,17,41,0.415
layout,20,21,41,0.512
flnd,0,41,41,1.0
cpi,21,20,41,0.488
indirectli,34,7,41,0.171
jimmi,25,16,41,0.39
feng,37,4,41,0.098
fbi,15,26,41,0.634
tva,33,8,41,0.195
erectlon,0,41,41,1.0
creatinq,0,41,41,1.0
vail,23,18,41,0.439
journey,3,38,41,0.927
sar,4,37,41,0.902
topica,41,0,41,0.0
dhttp,0,41,41,1.0
trtrtd,0,41,41,1.0
pai,26,15,41,0.366
megola,0,41,41,1.0
rbl,1,40,41,0.976
quietli,14,27,41,0.659
opm,41,0,41,0.0
saddl,20,21,41,0.512
codi,30,11,41,0.268
rippl,34,6,40,0.15
monk,16,24,40,0.6
urs,0,40,40,1.0
bien,8,32,40,0.8
cardiac,5,35,40,0.875
dummi,28,12,40,0.3
cy,20,20,40,0.5
piayer,0,40,40,1.0
grupo,18,22,40,0.55
efm,40,0,40,0.0
redirect,35,5,40,0.125
amr,38,2,40,0.05
controi,0,40,40,1.0
bartlett,27,13,40,0.325
nomina,0,40,40,1.0
aion,0,40,40,1.0
mulligan,30,10,40,0.25
liquefi,33,7,40,0.175
reopen,33,7,40,0.175
schwarz,40,0,40,0.0
olymp,26,14,40,0.35
comedi,8,32,40,0.8
segreg,25,15,40,0.375
licenc,20,20,40,0.5
yzaguirr,40,0,40,0.0
despot,0,40,40,1.0
timber,12,28,40,0.7
overlap,39,1,40,0.025
girard,0,40,40,1.0
orissa,40,0,40,0.0
ibxg,0,40,40,1.0
null,15,25,40,0.625
cement,16,24,40,0.6
whitt,40,0,40,0.0
raytheon,36,4,40,0.1
dea,12,28,40,0.7
seneg,1,39,40,0.975
rehear,40,0,40,0.0
dine,15,25,40,0.625
ney,0,40,40,1.0
corros,21,19,40,0.475
crop,9,31,40,0.775
donor,17,23,40,0.575
offens,24,16,40,0.4
bean,22,18,40,0.45
node,31,9,40,0.225
kg,8,32,40,0.8
iead,0,40,40,1.0
continuo,0,40,40,1.0
helyett,40,0,40,0.0
tipo,0,40,40,1.0
ambient,3,37,40,0.925
alain,1,39,40,0.975
eighteen,2,38,40,0.95
instructor,26,14,40,0.35
nyu,31,9,40,0.225
glow,4,36,40,0.9
annal,3,37,40,0.925
tana,40,0,40,0.0
textil,10,30,40,0.75
cad,28,12,40,0.3
ru,2,38,40,0.95
revoiutionari,0,40,40,1.0
miniatur,1,39,40,0.975
km,18,22,40,0.55
hockey,15,25,40,0.625
sob,0,40,40,1.0
invers,12,28,40,0.7
industria,1,39,40,0.975
inactiv,32,8,40,0.2
taliban,40,0,40,0.0
boil,26,14,40,0.35
trigeorgi,40,0,40,0.0
contro,0,40,40,1.0
fiak,0,40,40,1.0
paus,5,35,40,0.875
christensen,25,15,40,0.375
cokino,40,0,40,0.0
curti,31,9,40,0.225
costco,1,39,40,0.975
realmoney,40,0,40,0.0
hathaway,34,6,40,0.15
hama,0,40,40,1.0
norway,23,17,40,0.425
ciudad,0,40,40,1.0
crosoft,0,40,40,1.0
charla,37,3,40,0.075
scoop,9,31,40,0.775
restrain,20,20,40,0.5
woo,31,9,40,0.225
ipd,0,40,40,1.0
tulsa,27,13,40,0.325
leve,1,39,40,0.975
collector,2,38,40,0.95
quo,10,30,40,0.75
aoffa,0,40,40,1.0
thou,0,40,40,1.0
hilliard,40,0,40,0.0
strain,24,16,40,0.4
dire,28,12,40,0.3
medifi,0,40,40,1.0
multitud,10,30,40,0.75
cabin,9,31,40,0.775
basketbal,25,15,40,0.375
nie,33,7,40,0.175
emov,0,40,40,1.0
chronoswiss,0,40,40,1.0
divest,29,11,40,0.275
affidavit,1,39,40,0.975
decreto,0,40,40,1.0
wherev,14,26,40,0.65
conrad,22,18,40,0.45
panic,21,19,40,0.475
adjourn,29,11,40,0.275
glori,7,33,40,0.825
writeoff,40,0,40,0.0
destini,6,34,40,0.85
horoscop,1,38,39,0.974
briley,39,0,39,0.0
iran,10,29,39,0.744
swain,27,12,39,0.308
perus,17,22,39,0.564
lockhe,24,15,39,0.385
prudenc,39,0,39,0.0
xml,6,33,39,0.846
garrett,27,12,39,0.308
consciou,8,31,39,0.795
broomcorn,0,39,39,1.0
anal,5,34,39,0.872
whomev,36,3,39,0.077
juri,25,14,39,0.359
mammoth,3,36,39,0.923
riskcalc,39,0,39,0.0
oder,7,32,39,0.821
jewelri,7,32,39,0.821
taxpay,37,2,39,0.051
cdwr,39,0,39,0.0
spotlight,19,20,39,0.513
apap,0,39,39,1.0
sizabl,27,12,39,0.308
iou,38,1,39,0.026
vineyard,0,39,39,1.0
biochem,0,39,39,1.0
hirl,39,0,39,0.0
character,35,4,39,0.103
guilti,5,34,39,0.872
uniimit,0,39,39,1.0
peg,21,18,39,0.462
clearer,34,5,39,0.128
tanker,39,0,39,0.0
pond,33,6,39,0.154
sink,30,9,39,0.231
lama,39,0,39,0.0
hollywood,13,26,39,0.667
hijack,14,25,39,0.641
oan,0,39,39,1.0
hyperlink,18,21,39,0.538
slower,38,1,39,0.026
rhonda,31,8,39,0.205
gs,14,25,39,0.641
lesbian,0,39,39,1.0
elektro,36,3,39,0.077
mikhail,4,35,39,0.897
hart,32,7,39,0.179
shlpped,0,39,39,1.0
piu,0,39,39,1.0
arni,39,0,39,0.0
chavez,34,5,39,0.128
shorten,26,13,39,0.333
bracket,19,20,39,0.513
tema,4,35,39,0.897
mojav,39,0,39,0.0
emit,3,36,39,0.923
cnnfn,39,0,39,0.0
syndrom,4,35,39,0.897
turnov,34,5,39,0.128
terrif,22,17,39,0.436
entireti,19,20,39,0.513
lent,28,11,39,0.282
suitor,36,3,39,0.077
luckili,8,31,39,0.795
greed,17,22,39,0.564
apt,19,20,39,0.513
seizur,6,33,39,0.846
fsa,39,0,39,0.0
mccarthi,27,12,39,0.308
startl,5,34,39,0.872
grumbl,5,34,39,0.872
spun,27,12,39,0.308
evacu,13,26,39,0.667
charit,13,26,39,0.667
colombia,23,16,39,0.41
dialog,16,23,39,0.59
moi,0,39,39,1.0
acc,22,17,39,0.436
hdd,4,35,39,0.897
ferri,19,20,39,0.513
intimid,14,25,39,0.641
hawk,11,28,39,0.718
abbrevi,25,14,39,0.359
imer,0,39,39,1.0
erequest,39,0,39,0.0
dilemma,16,23,39,0.59
mehta,38,1,39,0.026
swbell,37,2,39,0.051
len,5,34,39,0.872
documento,0,39,39,1.0
outbound,10,29,39,0.744
tcf,27,12,39,0.308
medi,0,39,39,1.0
utter,4,35,39,0.897
catalytica,39,0,39,0.0
trisha,38,1,39,0.026
booth,25,14,39,0.359
doubletre,38,1,39,0.026
etern,4,35,39,0.897
magna,28,11,39,0.282
sweeter,0,39,39,1.0
doubi,0,39,39,1.0
technician,27,12,39,0.308
unfold,23,16,39,0.41
goiiv,0,39,39,1.0
pti,32,7,39,0.179
ase,33,6,39,0.154
notwithstand,32,7,39,0.179
rigor,29,10,39,0.256
ipi,0,39,39,1.0
conner,28,11,39,0.282
pu,3,36,39,0.923
mae,31,8,39,0.205
proactiv,35,4,39,0.103
puthigai,39,0,39,0.0
conciliatori,0,39,39,1.0
conquer,2,37,39,0.949
magnifi,3,36,39,0.923
centrifug,1,38,39,0.974
alum,12,27,39,0.692
breakup,18,21,39,0.538
influenza,1,38,39,0.974
adrian,19,20,39,0.513
watchdog,36,3,39,0.077
indirect,30,9,39,0.231
alexi,22,17,39,0.436
marriott,14,24,38,0.632
pave,23,15,38,0.395
zwallet,0,38,38,1.0
srr,37,1,38,0.026
npl,37,1,38,0.026
haa,32,6,38,0.158
carbid,26,12,38,0.316
ber,1,37,38,0.974
onlook,1,37,38,0.974
finland,24,14,38,0.368
comstock,38,0,38,0.0
ping,1,37,38,0.974
spradlin,38,0,38,0.0
unsatisfi,4,34,38,0.895
fame,8,30,38,0.789
enviado,4,34,38,0.895
hq,6,32,38,0.842
westlb,38,0,38,0.0
chan,30,8,38,0.211
xim,0,38,38,1.0
mccomb,37,1,38,0.026
mauricio,22,16,38,0.421
bryant,29,9,38,0.237
erp,2,36,38,0.947
effectu,5,33,38,0.868
bharati,38,0,38,0.0
evapor,31,7,38,0.184
greec,17,21,38,0.553
leisur,7,31,38,0.816
btamail,0,38,38,1.0
amonqth,0,38,38,1.0
teleconfer,36,2,38,0.053
notr,12,26,38,0.684
safer,7,31,38,0.816
eassey,38,0,38,0.0
yasheng,0,38,38,1.0
qtr,38,0,38,0.0
schuler,38,0,38,0.0
orderli,34,4,38,0.105
kaufman,36,2,38,0.053
eecc,38,0,38,0.0
waterproof,0,38,38,1.0
calib,12,26,38,0.684
nobl,13,25,38,0.658
tortur,3,35,38,0.921
gkh,37,1,38,0.026
bizarr,15,23,38,0.605
puerco,38,0,38,0.0
ple,8,30,38,0.789
tem,10,28,38,0.737
zimbabwean,0,38,38,1.0
ppv,0,38,38,1.0
yearli,19,19,38,0.5
edith,29,9,38,0.237
icap,36,2,38,0.053
sprint,15,23,38,0.605
itoy,0,38,38,1.0
ekrapel,38,0,38,0.0
kam,36,2,38,0.053
mesmer,1,37,38,0.974
miguel,27,11,38,0.289
static,25,13,38,0.342
conductor,1,37,38,0.974
rear,5,33,38,0.868
suspicion,25,13,38,0.342
oney,0,38,38,1.0
outrag,13,25,38,0.658
stil,0,38,38,1.0
pagina,0,38,38,1.0
cosmet,6,32,38,0.842
visio,1,37,38,0.974
stanc,33,5,38,0.132
slack,29,9,38,0.237
giveaway,8,30,38,0.789
stronq,0,38,38,1.0
pasadena,28,10,38,0.263
bezel,0,38,38,1.0
curvatur,0,38,38,1.0
ascertain,24,14,38,0.368
samson,24,14,38,0.368
versa,14,24,38,0.632
quebec,19,19,38,0.5
usgt,38,0,38,0.0
fossi,0,38,38,1.0
scandal,27,11,38,0.289
baldwin,20,18,38,0.474
statloneri,0,38,38,1.0
tram,1,37,38,0.974
impend,19,19,38,0.5
knudsen,31,7,38,0.184
bldg,35,3,38,0.079
handsom,12,26,38,0.684
qoil,0,38,38,1.0
unparallel,7,31,38,0.816
nigel,37,1,38,0.026
slam,18,20,38,0.526
psa,10,28,38,0.737
vir,0,38,38,1.0
saloonkeep,0,38,38,1.0
homebuy,0,38,38,1.0
lyondel,38,0,38,0.0
platt,30,8,38,0.211
tot,18,20,38,0.526
dcenter,0,38,38,1.0
qwest,34,4,38,0.105
mellencamp,38,0,38,0.0
vajpaye,38,0,38,0.0
sewag,9,29,38,0.763
gardner,23,15,38,0.395
rug,3,35,38,0.921
ko,5,33,38,0.868
gibson,19,19,38,0.5
sidelin,29,9,38,0.237
rodrigo,37,1,38,0.026
geologist,13,25,38,0.658
vacheron,0,38,38,1.0
scholar,29,9,38,0.237
subcommitte,38,0,38,0.0
beman,0,38,38,1.0
socalga,38,0,38,0.0
meat,18,20,38,0.526
rees,32,6,38,0.158
viewpoint,7,31,38,0.816
irregular,16,22,38,0.579
theta,13,25,38,0.658
roberto,23,15,38,0.395
thesepowerfui,0,37,37,1.0
ldc,37,0,37,0.0
teiephon,0,37,37,1.0
vacant,28,9,37,0.243
generlc,0,37,37,1.0
alik,15,22,37,0.595
extravaganza,3,34,37,0.919
haymarket,35,2,37,0.054
plata,35,2,37,0.054
trebuchet,0,37,37,1.0
fortney,37,0,37,0.0
hairi,1,36,37,0.973
aqu,0,37,37,1.0
altogeth,18,19,37,0.514
luther,25,12,37,0.324
mercier,0,37,37,1.0
derail,21,16,37,0.432
statutori,5,32,37,0.865
groom,3,34,37,0.919
idl,19,18,37,0.486
lockyer,37,0,37,0.0
lilli,26,11,37,0.297
turbotax,36,1,37,0.027
sorrow,0,37,37,1.0
clobber,2,35,37,0.946
denot,6,31,37,0.838
santiago,21,16,37,0.432
culmin,21,16,37,0.432
sta,11,26,37,0.703
novo,5,32,37,0.865
lessen,18,19,37,0.514
seneca,31,6,37,0.162
bhlp,37,0,37,0.0
sud,25,12,37,0.324
hip,8,29,37,0.784
bishop,6,31,37,0.838
endless,11,26,37,0.703
enrico,32,5,37,0.135
unanim,20,17,37,0.459
underperform,35,2,37,0.054
ction,0,37,37,1.0
schemat,29,8,37,0.216
preclud,30,7,37,0.189
aliow,0,37,37,1.0
cushion,28,9,37,0.243
arkansa,20,17,37,0.459
ecc,37,0,37,0.0
mgr,27,10,37,0.27
curricular,5,32,37,0.865
grad,27,10,37,0.27
thruway,0,37,37,1.0
nose,16,21,37,0.568
lq,25,12,37,0.324
grasp,27,10,37,0.27
incest,1,36,37,0.973
nude,0,37,37,1.0
immens,19,18,37,0.486
insuranceiq,0,37,37,1.0
cartoon,4,33,37,0.892
styllsh,0,37,37,1.0
mich,11,26,37,0.703
deter,11,26,37,0.703
hei,1,36,37,0.973
ling,22,15,37,0.405
savag,19,18,37,0.486
herman,21,16,37,0.432
rethink,33,4,37,0.108
ignacio,35,2,37,0.054
bootstrap,9,28,37,0.757
domino,11,26,37,0.703
albeit,30,7,37,0.189
wal,19,18,37,0.486
homeiand,0,37,37,1.0
novelti,2,35,37,0.946
asham,6,31,37,0.838
dialup,3,34,37,0.919
maxwel,26,11,37,0.297
sensibl,17,20,37,0.541
wu,17,20,37,0.541
guilt,3,34,37,0.919
entrepreneuri,29,8,37,0.216
solicitor,9,28,37,0.757
chann,0,37,37,1.0
vc,27,10,37,0.27
vanish,23,14,37,0.378
seper,31,6,37,0.162
surbl,0,37,37,1.0
novel,19,18,37,0.486
hybrid,15,22,37,0.595
poder,0,37,37,1.0
exagger,11,26,37,0.703
infer,12,25,37,0.676
genet,10,27,37,0.73
berni,19,18,37,0.486
hogan,26,11,37,0.297
sanford,29,8,37,0.216
netfon,0,37,37,1.0
tog,0,37,37,1.0
coin,4,33,37,0.892
warrior,18,19,37,0.514
poiand,0,37,37,1.0
grief,2,35,37,0.946
nerv,27,10,37,0.27
rec,32,5,37,0.135
sapphir,1,36,37,0.973
withdrawn,32,5,37,0.135
¯,0,37,37,1.0
freshest,0,37,37,1.0
balfour,21,16,37,0.432
hendrick,0,37,37,1.0
vladi,37,0,37,0.0
drum,6,31,37,0.838
goher,0,37,37,1.0
reck,34,3,37,0.081
daytona,0,37,37,1.0
lodgepol,0,37,37,1.0
heel,19,18,37,0.486
adoni,30,7,37,0.189
bronco,0,37,37,1.0
fruitless,1,36,37,0.973
mallori,27,10,37,0.27
signoff,36,0,36,0.0
hubbard,29,7,36,0.194
violenc,4,32,36,0.889
substantia,0,36,36,1.0
hsbc,21,15,36,0.417
bahama,11,25,36,0.694
airway,19,17,36,0.472
underground,16,20,36,0.556
endow,14,22,36,0.611
shower,8,28,36,0.778
ui,8,28,36,0.778
ell,0,36,36,1.0
friedman,27,9,36,0.25
seng,5,31,36,0.861
ock,1,35,36,0.972
piggyback,7,29,36,0.806
carryov,30,6,36,0.167
oranjestad,0,36,36,1.0
previousiy,0,36,36,1.0
headset,0,36,36,1.0
pile,17,19,36,0.528
lightli,12,24,36,0.667
rao,35,1,36,0.028
piant,1,35,36,0.972
swallow,15,21,36,0.583
pearson,30,6,36,0.167
intrins,25,11,36,0.306
addict,4,32,36,0.889
standalon,9,27,36,0.75
spacer,0,36,36,1.0
sao,27,9,36,0.25
registri,10,26,36,0.722
hutchinson,29,7,36,0.194
repriev,24,12,36,0.333
fiow,0,36,36,1.0
hayward,1,35,36,0.972
thindata,0,36,36,1.0
tholan,36,0,36,0.0
denis,26,10,36,0.278
disadvantag,27,9,36,0.25
phenomenon,3,33,36,0.917
agua,31,5,36,0.139
eng,8,28,36,0.778
aiiti,0,36,36,1.0
appointe,26,10,36,0.278
dispar,9,27,36,0.75
montgomeri,15,21,36,0.583
dub,7,29,36,0.806
incluy,0,36,36,1.0
enviar,0,36,36,1.0
facial,2,34,36,0.944
perish,5,31,36,0.861
yourselv,15,21,36,0.583
sabin,28,8,36,0.222
camden,23,13,36,0.361
caddi,0,36,36,1.0
tick,25,11,36,0.306
connevey,36,0,36,0.0
teijin,36,0,36,0.0
eletrnico,0,36,36,1.0
chandeli,0,36,36,1.0
protein,0,36,36,1.0
gram,10,26,36,0.722
clout,31,5,36,0.139
heip,0,36,36,1.0
elector,2,34,36,0.944
bpl,1,35,36,0.972
ric,5,31,36,0.861
ornament,0,36,36,1.0
rutger,35,1,36,0.028
cradl,1,35,36,0.972
siam,32,4,36,0.111
honey,11,25,36,0.694
coalb,4,32,36,0.889
breed,11,25,36,0.694
solidifi,11,25,36,0.694
coton,1,35,36,0.972
earmark,16,20,36,0.556
slaughter,16,20,36,0.556
divin,4,32,36,0.889
dincerl,36,0,36,0.0
flanagan,26,10,36,0.278
boon,12,24,36,0.667
wiliiam,0,36,36,1.0
civic,23,13,36,0.361
uranium,0,36,36,1.0
depositor,3,33,36,0.917
tonk,5,31,36,0.861
outdoor,14,22,36,0.611
goodwil,21,15,36,0.417
betti,21,15,36,0.417
ucla,26,10,36,0.278
jv,30,6,36,0.167
specialiy,0,36,36,1.0
someday,6,30,36,0.833
revok,16,20,36,0.556
assort,9,27,36,0.75
cmo,6,30,36,0.833
milwauke,25,11,36,0.306
pd,17,19,36,0.528
instabl,12,24,36,0.667
expressli,22,14,36,0.389
forego,19,17,36,0.472
bender,0,36,36,1.0
datacent,0,36,36,1.0
é,0,36,36,1.0
sack,24,12,36,0.333
rodeo,23,13,36,0.361
shelton,14,22,36,0.611
hyde,26,10,36,0.278
heartland,36,0,36,0.0
cecil,22,14,36,0.389
clifford,25,11,36,0.306
voltag,20,16,36,0.444
resultado,0,36,36,1.0
pastor,5,31,36,0.861
gruesen,36,0,36,0.0
cation,0,36,36,1.0
recoup,35,1,36,0.028
autonom,8,28,36,0.778
cobra,11,25,36,0.694
lnl,19,17,36,0.472
attest,5,31,36,0.861
cyclist,0,36,36,1.0
alm,1,35,36,0.972
torch,32,4,36,0.111
banist,3,33,36,0.917
outstandinq,0,36,36,1.0
outdat,28,8,36,0.222
takriti,36,0,36,0.0
kennedi,16,20,36,0.556
tor,7,29,36,0.806
esourc,35,1,36,0.028
drain,22,14,36,0.389
crandal,27,9,36,0.25
freeli,17,19,36,0.528
homestead,20,16,36,0.444
binder,33,3,36,0.083
hoffman,26,10,36,0.278
proletariat,0,36,36,1.0
heath,24,12,36,0.333
voc,2,34,36,0.944
induc,17,19,36,0.528
shelf,13,23,36,0.639
beij,5,31,36,0.861
replenish,5,31,36,0.861
inadvert,24,12,36,0.333
huber,24,12,36,0.333
fundrais,22,14,36,0.389
hunger,6,30,36,0.833
wenn,6,30,36,0.833
grim,30,6,36,0.167
valeria,35,1,36,0.028
bee,11,25,36,0.694
homework,11,25,36,0.694
uso,0,36,36,1.0
charybdi,0,36,36,1.0
unbundl,35,0,35,0.0
dublin,15,20,35,0.571
wk,9,26,35,0.743
flee,20,15,35,0.429
bravo,21,14,35,0.4
año,0,35,35,1.0
bureaucrat,17,18,35,0.514
werner,24,11,35,0.314
argentin,34,1,35,0.029
activist,31,4,35,0.114
mccullough,31,4,35,0.114
canopi,1,34,35,0.971
casey,23,12,35,0.343
crook,23,12,35,0.343
chummi,1,34,35,0.971
marketpiac,0,35,35,1.0
taker,12,23,35,0.657
boyl,25,10,35,0.286
celeron,0,35,35,1.0
watcher,20,15,35,0.429
ewc,35,0,35,0.0
ctc,31,4,35,0.114
heretofor,1,34,35,0.971
isguit,0,35,35,1.0
invstment,0,35,35,1.0
igt,0,35,35,1.0
dreyfuss,0,35,35,1.0
pharma,4,31,35,0.886
comcast,9,26,35,0.743
convuls,0,35,35,1.0
pex,0,35,35,1.0
virtualiy,0,35,35,1.0
ici,3,32,35,0.914
ebit,34,1,35,0.029
oberg,35,0,35,0.0
lap,14,21,35,0.6
información,0,35,35,1.0
mcgraw,29,6,35,0.171
pple,0,35,35,1.0
cleveland,15,20,35,0.571
twist,19,16,35,0.457
pope,15,20,35,0.571
scotland,14,21,35,0.6
amigo,0,35,35,1.0
lara,31,4,35,0.114
zonal,6,29,35,0.829
racicot,35,0,35,0.0
dime,7,28,35,0.8
dayao,35,0,35,0.0
haircut,26,9,35,0.257
naphtha,35,0,35,0.0
baptist,6,29,35,0.829
msp,4,31,35,0.886
mbit,0,35,35,1.0
hoop,17,18,35,0.514
leather,6,29,35,0.829
shrivastava,35,0,35,0.0
dirt,5,30,35,0.857
amadeu,23,12,35,0.343
vanderbilt,30,5,35,0.143
etrex,0,35,35,1.0
cattl,2,33,35,0.943
priorit,35,0,35,0.0
fiction,22,13,35,0.371
odonnel,34,1,35,0.029
falcon,17,18,35,0.514
cascad,22,13,35,0.371
kl,9,26,35,0.743
confin,9,26,35,0.743
scratch,15,20,35,0.571
tempt,13,22,35,0.629
johnni,17,18,35,0.514
outing,26,9,35,0.257
telfono,0,35,35,1.0
aunt,2,33,35,0.943
scari,22,13,35,0.371
milk,15,20,35,0.571
superfast,0,35,35,1.0
samantha,32,3,35,0.086
cochran,2,33,35,0.943
stride,29,6,35,0.171
crib,2,33,35,0.943
colin,30,5,35,0.143
meteorologist,35,0,35,0.0
carlton,22,13,35,0.371
jeopard,24,11,35,0.314
linden,28,7,35,0.2
parra,33,2,35,0.057
preston,21,14,35,0.4
fp,19,16,35,0.457
gramm,29,6,35,0.171
avec,0,35,35,1.0
offend,13,22,35,0.629
fanni,22,13,35,0.371
brambl,0,35,35,1.0
nesanet,35,0,35,0.0
mlcro,0,35,35,1.0
sara,22,13,35,0.371
fraser,32,3,35,0.086
cloudburst,0,35,35,1.0
hydrogen,9,26,35,0.743
hectic,27,8,35,0.229
sprang,1,34,35,0.971
zhendong,35,0,35,0.0
cheyenn,5,30,35,0.857
darden,33,2,35,0.057
centera,0,35,35,1.0
viewstori,35,0,35,0.0
vf,15,20,35,0.571
forestri,4,31,35,0.886
alatorr,35,0,35,0.0
designe,35,0,35,0.0
abut,1,34,35,0.971
manuel,11,24,35,0.686
sailor,1,34,35,0.971
sigma,16,19,35,0.543
esto,0,35,35,1.0
imperson,0,35,35,1.0
philosoph,4,31,35,0.886
mercuri,25,10,35,0.286
pico,35,0,35,0.0
kumar,35,0,35,0.0
cloak,6,29,35,0.829
opaqu,31,4,35,0.114
securitiesact,0,35,35,1.0
qood,0,35,35,1.0
grey,12,23,35,0.657
maruti,35,0,35,0.0
realtor,6,29,35,0.829
bingo,2,33,35,0.943
baselin,11,24,35,0.686
gender,3,32,35,0.914
parkway,29,6,35,0.171
mu,8,27,35,0.771
sovereign,26,9,35,0.257
ul,1,34,35,0.971
silberstein,0,35,35,1.0
rand,2,33,35,0.943
aphrodisia,0,35,35,1.0
consuit,0,35,35,1.0
bm,24,11,35,0.314
gloss,10,25,35,0.714
spear,14,21,35,0.6
schroeder,32,3,35,0.086
derecho,0,35,35,1.0
uhc,32,3,35,0.086
invad,1,34,35,0.971
fieid,0,35,35,1.0
halv,18,17,35,0.486
scotia,14,21,35,0.6
kingsley,26,8,34,0.235
buffet,16,18,34,0.529
souza,32,2,34,0.059
packaq,0,34,34,1.0
scout,20,14,34,0.412
zodiac,0,34,34,1.0
arroyo,1,33,34,0.971
rica,3,31,34,0.912
geller,34,0,34,0.0
biota,0,34,34,1.0
ravag,0,34,34,1.0
enviada,0,34,34,1.0
misunderstand,13,21,34,0.618
diflucan,0,34,34,1.0
hacer,0,34,34,1.0
ak,5,29,34,0.853
ikenberri,34,0,34,0.0
workplac,27,7,34,0.206
eex,33,1,34,0.029
peso,24,10,34,0.294
nnpc,0,34,34,1.0
oquinn,34,0,34,0.0
speck,2,32,34,0.941
tradestar,0,34,34,1.0
securit,30,4,34,0.118
direccion,0,34,34,1.0
baitic,0,34,34,1.0
lnstant,0,34,34,1.0
dass,3,31,34,0.912
gym,6,28,34,0.824
synchron,7,27,34,0.794
luv,2,32,34,0.941
oferta,0,34,34,1.0
platelet,4,30,34,0.882
abnorm,7,27,34,0.794
rfc,25,9,34,0.265
doveki,0,34,34,1.0
alfr,10,24,34,0.706
iacut,0,34,34,1.0
longz,0,34,34,1.0
abruptli,31,3,34,0.088
hcl,0,34,34,1.0
saint,10,24,34,0.706
handout,29,5,34,0.147
lemmon,31,3,34,0.088
huntley,1,33,34,0.971
mcnamara,32,2,34,0.059
soil,4,30,34,0.882
nokia,24,10,34,0.294
cockcrow,0,34,34,1.0
denomin,18,16,34,0.471
orphanag,0,34,34,1.0
isquit,0,34,34,1.0
adobechoos,0,34,34,1.0
fcc,5,29,34,0.853
cop,7,27,34,0.794
kilowatt,25,9,34,0.265
cleanup,15,19,34,0.559
needham,0,34,34,1.0
bentley,24,10,34,0.294
canaan,0,34,34,1.0
issuer,24,10,34,0.294
ashcroft,34,0,34,0.0
robe,1,33,34,0.971
alicia,17,17,34,0.5
,34,0,34,0.0
acumen,12,22,34,0.647
ju,0,34,34,1.0
wf,14,20,34,0.588
emil,0,34,34,1.0
irm,6,28,34,0.824
dismal,21,13,34,0.382
grill,20,14,34,0.412
nueva,0,34,34,1.0
vida,0,34,34,1.0
recurso,0,34,34,1.0
bt,12,22,34,0.647
subsid,31,3,34,0.088
recreat,13,21,34,0.618
goto,3,31,34,0.912
youyi,34,0,34,0.0
benifit,4,30,34,0.882
downfal,22,12,34,0.353
butalbit,0,34,34,1.0
agav,26,8,34,0.235
afro,0,34,34,1.0
weldon,32,2,34,0.059
quanta,23,11,34,0.324
jez,33,1,34,0.029
vlagr,0,34,34,1.0
prolifer,24,10,34,0.294
microsoftchoos,0,34,34,1.0
jog,17,17,34,0.5
dentur,0,34,34,1.0
virtuaiiy,0,34,34,1.0
clash,13,21,34,0.618
bellow,5,29,34,0.853
swaziland,0,34,34,1.0
cheerlead,13,21,34,0.618
arafat,2,32,34,0.941
crania,0,34,34,1.0
creditwatch,34,0,34,0.0
supp,32,2,34,0.059
committeemen,0,34,34,1.0
captiv,15,19,34,0.559
stolen,19,15,34,0.441
valdez,34,0,34,0.0
bodybuild,0,34,34,1.0
lindholm,32,2,34,0.059
gpcm,34,0,34,0.0
boyd,20,14,34,0.412
groceri,17,17,34,0.5
timeinc,34,0,34,0.0
bul,0,34,34,1.0
burnham,26,8,34,0.235
tit,2,32,34,0.941
punch,19,15,34,0.441
lisst,0,34,34,1.0
bray,13,21,34,0.618
mejor,0,34,34,1.0
coulter,12,22,34,0.647
overdyk,34,0,34,0.0
lmb,0,34,34,1.0
crankcas,0,34,34,1.0
connot,5,29,34,0.853
rag,10,24,34,0.706
smelter,32,2,34,0.059
buss,22,12,34,0.353
greenfield,24,10,34,0.294
rockhard,0,34,34,1.0
sharron,32,2,34,0.059
ite,2,32,34,0.941
insan,3,31,34,0.912
innogi,34,0,34,0.0
illumin,2,32,34,0.941
coffer,13,21,34,0.618
vintag,25,9,34,0.265
lling,0,34,34,1.0
aliuum,0,34,34,1.0
isva,0,34,34,1.0
tsunami,0,34,34,1.0
lndesiqn,0,34,34,1.0
galveston,28,6,34,0.176
greenberg,21,13,34,0.382
rascal,0,34,34,1.0
enact,24,10,34,0.294
probiem,0,34,34,1.0
indoor,15,19,34,0.559
kn,20,14,34,0.412
pharmacist,0,34,34,1.0
alberto,17,17,34,0.5
tenth,19,15,34,0.441
greedi,2,32,34,0.941
qu,0,34,34,1.0
fn,10,24,34,0.706
dwarf,17,17,34,0.5
keiser,34,0,34,0.0
handbag,0,34,34,1.0
acintosh,0,34,34,1.0
scam,10,24,34,0.706
dusk,0,34,34,1.0
ciaalii,0,34,34,1.0
abat,5,29,34,0.853
junctur,6,28,34,0.824
unresolv,34,0,34,0.0
kristina,32,2,34,0.059
cyberhand,0,34,34,1.0
reproduc,14,19,33,0.576
anecdot,11,22,33,0.667
abhor,1,32,33,0.97
unawar,23,10,33,0.303
bakk,33,0,33,0.0
godpar,0,33,33,1.0
djcustomclip,33,0,33,0.0
spni,0,33,33,1.0
amatu,0,33,33,1.0
newport,12,21,33,0.636
entail,23,10,33,0.303
stub,29,4,33,0.121
cauley,33,0,33,0.0
coaib,0,33,33,1.0
chanq,0,33,33,1.0
janic,24,9,33,0.273
conoc,0,33,33,1.0
offr,0,33,33,1.0
facsimil,23,10,33,0.303
dulc,33,0,33,0.0
nh,7,26,33,0.788
doldrum,7,26,33,0.788
notat,17,16,33,0.485
concis,14,19,33,0.576
mane,7,26,33,0.788
kaiser,28,5,33,0.152
deb,27,6,33,0.182
confrer,0,33,33,1.0
lpt,0,33,33,1.0
shortcut,8,25,33,0.758
overtim,31,2,33,0.061
ree,2,31,33,0.939
sureti,26,7,33,0.212
burdock,0,33,33,1.0
mei,22,11,33,0.333
sbc,33,0,33,0.0
herald,13,20,33,0.606
skel,0,33,33,1.0
normativa,0,33,33,1.0
ming,31,2,33,0.061
mcauliff,33,0,33,0.0
decre,3,30,33,0.909
dod,4,29,33,0.879
brex,0,33,33,1.0
utterli,2,31,33,0.939
ding,23,10,33,0.303
ballet,12,21,33,0.636
owa,33,0,33,0.0
calori,0,33,33,1.0
decim,9,24,33,0.727
brm,33,0,33,0.0
detroit,14,19,33,0.576
hint,16,17,33,0.515
hayslett,33,0,33,0.0
wester,22,11,33,0.333
padr,19,14,33,0.424
piguet,0,33,33,1.0
rosemari,18,15,33,0.455
arco,29,4,33,0.121
milli,18,15,33,0.455
cryobank,0,33,33,1.0
soli,20,13,33,0.394
handicap,11,22,33,0.667
rosenfield,33,0,33,0.0
brandi,20,13,33,0.394
condon,9,24,33,0.727
fur,0,33,33,1.0
sweeten,3,30,33,0.909
solar,18,15,33,0.455
biographi,18,15,33,0.455
telephoni,16,17,33,0.515
overflow,29,4,33,0.121
felicia,25,8,33,0.242
bud,6,27,33,0.818
nave,4,29,33,0.879
iva,0,33,33,1.0
speciaiiz,0,33,33,1.0
burberri,13,20,33,0.606
cyclen,0,33,33,1.0
ciss,0,33,33,1.0
euridyc,0,33,33,1.0
swim,6,27,33,0.818
ide,2,31,33,0.939
yh,0,33,33,1.0
liaison,26,7,33,0.212
temp,21,12,33,0.364
crumbl,25,8,33,0.242
refurbish,7,26,33,0.788
salaam,0,33,33,1.0
mozilla,21,12,33,0.364
ecf,33,0,33,0.0
nonetheless,22,11,33,0.333
mer,15,18,33,0.545
jail,11,22,33,0.667
kri,24,9,33,0.273
cameron,16,17,33,0.515
buildinq,0,33,33,1.0
equit,20,13,33,0.394
druzbik,33,0,33,0.0
medzon,0,33,33,1.0
crush,13,20,33,0.606
phi,27,6,33,0.182
ballpark,32,1,33,0.03
indonesia,9,24,33,0.727
ngl,33,0,33,0.0
grubman,33,0,33,0.0
garrison,26,7,33,0.212
afa,3,30,33,0.909
pretend,6,27,33,0.818
kmi,33,0,33,0.0
ccffo,0,33,33,1.0
covari,12,21,33,0.636
impati,23,10,33,0.303
castaneda,32,1,33,0.03
repeal,24,9,33,0.273
harden,9,24,33,0.727
gort,33,0,33,0.0
celeb,0,33,33,1.0
sniffex,0,33,33,1.0
perfor,1,32,33,0.97
refrain,22,11,33,0.333
department,23,10,33,0.303
audemar,0,33,33,1.0
conceptu,19,14,33,0.424
wsmi,0,33,33,1.0
codein,0,33,33,1.0
viper,0,33,33,1.0
melhor,0,33,33,1.0
cnt,33,0,33,0.0
cbn,0,33,33,1.0
tt,10,23,33,0.697
engel,26,7,33,0.212
stox,0,33,33,1.0
univ,30,3,33,0.091
unrecogn,0,33,33,1.0
edf,33,0,33,0.0
finder,4,29,33,0.879
wellbutrin,0,33,33,1.0
din,0,33,33,1.0
busca,0,33,33,1.0
otro,0,33,33,1.0
bamako,0,33,33,1.0
sooma,0,33,33,1.0
realtim,32,1,33,0.03
clement,16,17,33,0.515
wellesley,30,3,33,0.091
rodger,20,13,33,0.394
nbp,33,0,33,0.0
tide,17,16,33,0.485
reconsid,28,5,33,0.152
tlapek,33,0,33,0.0
esaibo,33,0,33,0.0
labour,12,21,33,0.636
rein,11,22,33,0.667
shave,17,16,33,0.485
vagu,21,12,33,0.364
twin,8,25,33,0.758
zajac,33,0,33,0.0
yu,14,19,33,0.576
mpr,32,1,33,0.03
vinobi,0,33,33,1.0
ja,11,22,33,0.667
sk,22,11,33,0.333
akin,17,16,33,0.485
ev,4,29,33,0.879
sehr,7,26,33,0.788
clinch,5,28,33,0.848
unidentifi,33,0,33,0.0
wildfir,0,33,33,1.0
salut,14,19,33,0.576
ruan,33,0,33,0.0
depriv,11,22,33,0.667
regan,32,1,33,0.03
reflnanc,0,33,33,1.0
energycentr,33,0,33,0.0
thee,1,32,33,0.97
parachut,18,15,33,0.455
doctrin,13,20,33,0.606
ammonia,26,7,33,0.212
gsb,32,0,32,0.0
wh,8,24,32,0.75
lana,26,6,32,0.188
fusion,19,13,32,0.406
kj,0,32,32,1.0
petri,29,3,32,0.094
filenam,24,8,32,0.25
regi,9,23,32,0.719
yea,0,32,32,1.0
explicitli,29,3,32,0.094
mccracken,26,6,32,0.188
discard,7,25,32,0.781
schwieger,32,0,32,0.0
pit,18,14,32,0.438
vaniqa,0,32,32,1.0
beard,15,17,32,0.531
vicent,31,1,32,0.031
shebanow,0,32,32,1.0
toss,13,19,32,0.594
sensat,4,28,32,0.875
spice,3,29,32,0.906
rosen,31,1,32,0.031
prescrlption,0,32,32,1.0
elder,7,25,32,0.781
pid,2,30,32,0.938
spp,32,0,32,0.0
discharg,19,13,32,0.406
moran,28,4,32,0.125
moval,0,32,32,1.0
duel,16,16,32,0.5
transmitt,4,28,32,0.875
landmark,11,21,32,0.656
refid,5,27,32,0.844
nezi,32,0,32,0.0
af,1,31,32,0.969
vvatch,0,32,32,1.0
portrait,6,26,32,0.812
undergo,17,15,32,0.469
raul,24,8,32,0.25
ewe,3,29,32,0.906
colonel,0,32,32,1.0
emb,6,26,32,0.812
spiritu,4,28,32,0.875
aboard,14,18,32,0.562
orbit,11,21,32,0.656
abdv,0,32,32,1.0
fischer,25,7,32,0.219
ghost,5,27,32,0.844
fioat,0,32,32,1.0
supposedli,28,4,32,0.125
suarez,27,5,32,0.156
diari,19,13,32,0.406
forex,10,22,32,0.688
wy,9,23,32,0.719
bookstor,6,26,32,0.812
swept,21,11,32,0.344
famvir,0,32,32,1.0
fist,3,29,32,0.906
estrada,15,17,32,0.531
demagnifi,0,32,32,1.0
levin,15,17,32,0.531
informationto,0,32,32,1.0
carlyl,17,15,32,0.469
rubbl,3,29,32,0.906
fulton,12,20,32,0.625
thumb,20,12,32,0.375
fia,0,32,32,1.0
avers,6,26,32,0.812
precio,1,31,32,0.969
remuner,3,29,32,0.906
tsl,0,32,32,1.0
bitter,22,10,32,0.312
gradi,25,7,32,0.219
mat,13,19,32,0.594
omar,31,1,32,0.031
puzzl,13,19,32,0.594
windfal,24,8,32,0.25
sip,0,32,32,1.0
fiuctuat,0,32,32,1.0
fragil,14,18,32,0.562
ww,4,28,32,0.875
zanaflex,0,32,32,1.0
thesepow,0,32,32,1.0
wefa,32,0,32,0.0
esai,32,0,32,0.0
smallcap,0,32,32,1.0
heavyweight,18,14,32,0.438
ash,4,28,32,0.875
participant,1,31,32,0.969
questionair,7,25,32,0.781
improp,26,6,32,0.188
vlgr,0,32,32,1.0
elsb,32,0,32,0.0
roar,7,25,32,0.781
roi,1,31,32,0.969
extractor,0,32,32,1.0
amic,19,13,32,0.406
vdg,0,32,32,1.0
mmcfd,30,2,32,0.062
ratifi,7,25,32,0.781
harper,13,19,32,0.594
completa,0,32,32,1.0
stink,13,19,32,0.594
iook,0,32,32,1.0
westminst,0,32,32,1.0
reassign,29,3,32,0.094
ffa,0,32,32,1.0
econometr,22,10,32,0.312
gdi,27,5,32,0.156
jealou,7,25,32,0.781
angola,0,32,32,1.0
unchristian,0,32,32,1.0
informa,0,32,32,1.0
amit,29,3,32,0.094
cla,6,26,32,0.812
simpler,23,9,32,0.281
workload,26,6,32,0.188
metr,6,26,32,0.812
oportunidad,0,32,32,1.0
crescent,4,28,32,0.875
rivera,26,6,32,0.188
sdsnom,32,0,32,0.0
coher,3,29,32,0.906
seba,32,0,32,0.0
analges,0,32,32,1.0
bloomfield,24,8,32,0.25
subordin,32,0,32,0.0
uit,0,32,32,1.0
zigzag,1,31,32,0.969
exil,0,32,32,1.0
sdg,31,1,32,0.031
cynic,10,22,32,0.688
instail,0,32,32,1.0
cyclobenzaprin,0,32,32,1.0
finalis,30,2,32,0.062
girth,0,32,32,1.0
hudson,26,6,32,0.188
overweight,6,26,32,0.812
emshwil,32,0,32,0.0
defeat,12,20,32,0.625
embark,8,24,32,0.75
erica,28,4,32,0.125
wick,3,29,32,0.906
utilis,30,2,32,0.062
overpay,11,21,32,0.656
chest,7,25,32,0.781
doll,9,23,32,0.719
queue,19,13,32,0.406
chalcocit,0,32,32,1.0
ackerman,21,11,32,0.344
cowtrap,32,0,32,0.0
faiz,32,0,32,0.0
nexium,0,32,32,1.0
capitol,25,7,32,0.219
geoffrey,11,21,32,0.656
cellulit,0,32,32,1.0
acyclovir,0,32,32,1.0
tiempo,0,32,32,1.0
assault,11,21,32,0.656
carn,24,8,32,0.25
nod,8,24,32,0.75
barnard,26,6,32,0.188
nx,4,28,32,0.875
stepp,1,31,32,0.969
legend,19,13,32,0.406
canm,0,32,32,1.0
miieston,0,32,32,1.0
mordaunt,32,0,32,0.0
irrit,6,26,32,0.812
preço,0,32,32,1.0
exodu,23,9,32,0.281
noch,1,31,32,0.969
darin,29,3,32,0.094
bootleg,1,31,32,0.969
mainstream,6,26,32,0.812
merck,20,12,32,0.375
hasta,0,32,32,1.0
vent,19,12,31,0.387
softnet,0,31,31,1.0
playback,18,13,31,0.419
sybas,27,4,31,0.129
fuer,16,15,31,0.484
theodor,24,7,31,0.226
gerent,0,31,31,1.0
candl,6,25,31,0.806
hearst,27,4,31,0.129
skelaxin,0,31,31,1.0
undeliver,2,29,31,0.935
cleans,5,26,31,0.839
etring,31,0,31,0.0
surveil,8,23,31,0.742
baum,19,12,31,0.387
zzzz,0,31,31,1.0
apac,1,30,31,0.968
tenant,10,21,31,0.677
contigu,7,24,31,0.774
blanch,2,29,31,0.935
trainer,17,14,31,0.452
kwi,31,0,31,0.0
calumni,1,30,31,0.968
milan,2,29,31,0.935
bello,1,30,31,0.968
comprehend,2,29,31,0.935
wirelessli,0,31,31,1.0
zum,7,24,31,0.774
furnac,0,31,31,1.0
bupropion,0,31,31,1.0
proxim,13,18,31,0.581
apapl,0,31,31,1.0
piraci,0,31,31,1.0
haunt,14,17,31,0.548
knox,23,8,31,0.258
rlce,0,31,31,1.0
counselor,5,26,31,0.839
cashier,1,30,31,0.968
airplan,13,18,31,0.581
alstom,31,0,31,0.0
countless,7,24,31,0.774
semperg,31,0,31,0.0
domingo,8,23,31,0.742
guarant,0,31,31,1.0
rave,10,21,31,0.677
scholt,31,0,31,0.0
resili,26,5,31,0.161
dispel,10,21,31,0.677
habe,0,31,31,1.0
jeanett,23,8,31,0.258
playoff,4,27,31,0.871
yang,26,5,31,0.161
fd,8,23,31,0.742
lj,8,23,31,0.742
ari,15,16,31,0.516
esgic,0,31,31,1.0
siguient,0,31,31,1.0
eav,0,31,31,1.0
detach,5,26,31,0.839
nettelton,31,0,31,0.0
nest,12,19,31,0.613
outstandlng,0,31,31,1.0
dupe,0,31,31,1.0
hacker,7,24,31,0.774
ort,0,31,31,1.0
pacificorp,31,0,31,0.0
sheer,7,24,31,0.774
lazi,1,30,31,0.968
harmoni,1,30,31,0.968
tussioneex,0,31,31,1.0
npv,31,0,31,0.0
sideeffect,0,31,31,1.0
wie,0,31,31,1.0
blackjack,1,30,31,0.968
irremov,0,31,31,1.0
ley,3,28,31,0.903
substant,28,3,31,0.097
datren,31,0,31,0.0
rowspan,0,31,31,1.0
bakersfield,13,18,31,0.581
zebut,0,31,31,1.0
reza,10,21,31,0.677
mcclure,25,6,31,0.194
gottesdien,31,0,31,0.0
panama,17,14,31,0.452
quartz,0,31,31,1.0
oxford,20,11,31,0.355
brag,8,23,31,0.742
withheld,16,15,31,0.484
lyric,3,28,31,0.903
communic,0,31,31,1.0
lpplng,0,31,31,1.0
evra,0,31,31,1.0
impass,5,26,31,0.839
hopeless,3,28,31,0.903
lastli,20,11,31,0.355
acquiesc,3,28,31,0.903
xll,28,3,31,0.097
foreman,1,30,31,0.968
baptism,1,30,31,0.968
deiiver,0,31,31,1.0
surrend,7,24,31,0.774
payoff,18,13,31,0.419
realign,29,2,31,0.065
santo,8,23,31,0.742
ete,6,25,31,0.806
flextra,0,31,31,1.0
nathaniel,0,31,31,1.0
ptc,3,28,31,0.903
oval,2,29,31,0.935
colgat,13,18,31,0.581
urbanek,31,0,31,0.0
cove,23,8,31,0.258
pine,25,6,31,0.194
sera,22,9,31,0.29
flexeril,0,31,31,1.0
polem,0,31,31,1.0
hugo,17,14,31,0.452
burgeon,8,23,31,0.742
enronopt,31,0,31,0.0
triphasil,0,31,31,1.0
alley,15,16,31,0.516
amongth,0,31,31,1.0
decommiss,22,9,31,0.29
anax,0,31,31,1.0
tenuat,0,31,31,1.0
unti,2,29,31,0.935
beginn,5,26,31,0.839
overhaul,29,2,31,0.065
gbm,31,0,31,0.0
conceito,0,31,31,1.0
arlen,7,24,31,0.774
ionamin,0,31,31,1.0
bardzo,31,0,31,0.0
eavesdrop,1,30,31,0.968
obsolet,12,19,31,0.613
turk,1,30,31,0.968
unservic,0,31,31,1.0
wolak,31,0,31,0.0
firmli,14,17,31,0.548
focuss,21,10,31,0.323
ocal,0,31,31,1.0
broadway,13,18,31,0.581
cab,13,18,31,0.581
nal,0,31,31,1.0
rack,17,14,31,0.452
overload,25,6,31,0.194
gilli,29,2,31,0.065
lauer,31,0,31,0.0
varou,0,31,31,1.0
adequaci,18,13,31,0.419
pellecchia,31,0,31,0.0
meritocraci,31,0,31,0.0
nu,13,18,31,0.581
beng,0,31,31,1.0
cutler,22,9,31,0.29
sunshin,19,12,31,0.387
nevil,31,0,31,0.0
quickest,6,25,31,0.806
businessman,5,26,31,0.839
jacket,9,22,31,0.71
annul,0,31,31,1.0
vitamin,1,30,31,0.968
fay,18,13,31,0.419
collegi,8,23,31,0.742
cyberspac,4,27,31,0.871
leo,11,20,31,0.645
blew,12,19,31,0.613
heap,14,17,31,0.548
equivil,0,31,31,1.0
tackl,22,9,31,0.29
kaplan,25,6,31,0.194
kenn,31,0,31,0.0
redeploy,27,4,31,0.129
popup,5,26,31,0.839
sunris,14,17,31,0.548
kraft,22,9,31,0.29
infring,13,18,31,0.581
enfant,0,31,31,1.0
nayan,31,0,31,0.0
redhead,0,31,31,1.0
hooser,31,0,31,0.0
kilgor,23,8,31,0.258
knee,6,25,31,0.806
irv,13,18,31,0.581
sfx,0,31,31,1.0
deiray,0,31,31,1.0
congresso,0,31,31,1.0
embedd,0,31,31,1.0
vulner,23,8,31,0.258
tragic,19,12,31,0.387
booster,6,25,31,0.806
intermediari,16,15,31,0.484
dimitri,11,20,31,0.645
constitu,18,13,31,0.419
murki,23,8,31,0.258
notebookplu,0,31,31,1.0
falter,20,11,31,0.355
indianapoli,5,26,31,0.839
diaz,23,8,31,0.258
dattani,31,0,31,0.0
ghosh,31,0,31,0.0
ture,1,30,31,0.968
mxl,0,31,31,1.0
xiao,29,2,31,0.065
eot,30,1,31,0.032
eis,0,31,31,1.0
saguaro,24,7,31,0.226
dole,2,28,30,0.933
xi,1,29,30,0.967
xavier,1,29,30,0.967
zapata,29,1,30,0.033
washbowl,0,30,30,1.0
whitehead,22,8,30,0.267
cethr,0,30,30,1.0
pickup,4,26,30,0.867
ireand,0,30,30,1.0
equilibrium,21,9,30,0.3
citrat,0,30,30,1.0
cryptogram,0,30,30,1.0
scarc,15,15,30,0.5
canyon,13,17,30,0.567
underscor,29,1,30,0.033
badeer,30,0,30,0.0
biliana,30,0,30,0.0
orphan,5,25,30,0.833
pinnaci,0,30,30,1.0
ditch,13,17,30,0.567
trevor,28,2,30,0.067
sund,30,0,30,0.0
ldwi,0,30,30,1.0
greas,2,28,30,0.933
myrrh,0,30,30,1.0
impuls,4,26,30,0.867
slap,26,4,30,0.133
shook,9,21,30,0.7
tuition,17,13,30,0.433
eetim,0,30,30,1.0
aec,30,0,30,0.0
shrug,20,10,30,0.333
loud,8,22,30,0.733
overli,24,6,30,0.2
thailand,5,25,30,0.833
skype,0,30,30,1.0
mississippi,17,13,30,0.433
objetivo,0,30,30,1.0
eyebrow,8,22,30,0.733
gwit,0,30,30,1.0
dem,10,20,30,0.667
bathtub,0,30,30,1.0
gallant,0,30,30,1.0
debrief,14,16,30,0.533
championship,26,4,30,0.133
coursework,13,17,30,0.567
stockbrok,8,22,30,0.733
peterson,14,16,30,0.533
neglig,14,16,30,0.533
nomine,22,8,30,0.267
canal,13,17,30,0.567
heck,9,21,30,0.7
cig,24,6,30,0.2
cogener,30,0,30,0.0
miertschin,30,0,30,0.0
hackney,21,9,30,0.3
serif,0,30,30,1.0
excerpt,14,16,30,0.533
ador,7,23,30,0.767
peek,9,21,30,0.7
hamburg,10,20,30,0.667
evidenc,27,3,30,0.1
almighti,1,29,30,0.967
disdain,9,21,30,0.7
aluminium,21,9,30,0.3
eslon,0,30,30,1.0
dyndn,0,30,30,1.0
fac,22,8,30,0.267
workflow,9,21,30,0.7
deshi,0,30,30,1.0
ppi,30,0,30,0.0
rope,8,22,30,0.733
dodg,8,22,30,0.733
everett,22,8,30,0.267
umebi,0,30,30,1.0
instil,21,9,30,0.3
mend,16,14,30,0.467
marit,2,28,30,0.933
defraud,17,13,30,0.433
willow,26,4,30,0.133
pryor,30,0,30,0.0
lpga,0,30,30,1.0
singh,28,2,30,0.067
boatload,0,30,30,1.0
coil,5,25,30,0.833
toxic,1,29,30,0.967
cleaner,11,19,30,0.633
nutrit,2,28,30,0.933
instali,0,30,30,1.0
jazz,11,19,30,0.633
bergwat,0,30,30,1.0
antibiot,0,30,30,1.0
lubric,0,30,30,1.0
multibillion,24,6,30,0.2
bricklay,0,30,30,1.0
formato,0,30,30,1.0
alic,11,19,30,0.633
nut,7,23,30,0.767
pseg,30,0,30,0.0
mohan,27,3,30,0.1
grandma,6,24,30,0.8
deacero,30,0,30,0.0
conspir,3,27,30,0.9
expel,4,26,30,0.867
shelter,7,23,30,0.767
geror,0,30,30,1.0
shen,29,1,30,0.033
coreldraw,0,30,30,1.0
westcoast,30,0,30,0.0
correio,0,30,30,1.0
kk,4,26,30,0.867
nemec,30,0,30,0.0
hd,5,25,30,0.833
sooth,12,18,30,0.6
mig,0,30,30,1.0
nomor,0,30,30,1.0
curios,4,26,30,0.867
cao,25,5,30,0.167
riversid,21,9,30,0.3
accentu,2,28,30,0.933
atkin,7,23,30,0.767
meridian,13,17,30,0.567
scotti,23,7,30,0.233
yof,0,30,30,1.0
favourit,5,25,30,0.833
eliabl,0,30,30,1.0
novak,1,29,30,0.967
recyci,0,30,30,1.0
gimmecredit,30,0,30,0.0
nosi,0,30,30,1.0
xuald,0,30,30,1.0
hopkin,25,5,30,0.167
disco,2,28,30,0.933
janett,29,1,30,0.033
muni,29,1,30,0.033
neill,23,7,30,0.233
laci,22,8,30,0.267
dietari,3,27,30,0.9
pretax,30,0,30,0.0
beemer,28,2,30,0.067
yosemit,27,3,30,0.1
tampon,0,30,30,1.0
kewl,0,30,30,1.0
darialfont,0,30,30,1.0
codifi,4,26,30,0.867
bretz,30,0,30,0.0
antenna,0,30,30,1.0
renda,26,4,30,0.133
thrive,17,13,30,0.433
quasar,0,30,30,1.0
korean,11,19,30,0.633
housewif,0,30,30,1.0
mathew,14,16,30,0.533
trickl,20,10,30,0.333
ndow,0,30,30,1.0
subtot,30,0,30,0.0
,6,24,30,0.8
deeff,0,30,30,1.0
irrat,18,12,30,0.4
schema,23,7,30,0.233
capacit,0,30,30,1.0
jar,2,28,30,0.933
unbelivabi,0,30,30,1.0
tci,2,28,30,0.933
intrus,2,28,30,0.933
quentin,29,1,30,0.033
nike,8,22,30,0.733
jetzt,1,29,30,0.967
anthropomorph,0,30,30,1.0
shaken,18,12,30,0.4
incon,0,30,30,1.0
unlaw,23,7,30,0.233
poten,30,0,30,0.0
benefic,0,30,30,1.0
ecr,28,2,30,0.067
donni,23,7,30,0.233
interpol,19,11,30,0.367
withdrew,20,10,30,0.333
ttowel,0,30,30,1.0
paleologo,30,0,30,0.0
gosalia,30,0,30,0.0
gwih,0,30,30,1.0
signer,23,7,30,0.233
bancorp,30,0,30,0.0
mulong,30,0,30,0.0
negat,11,19,30,0.633
inaccuraci,15,15,30,0.5
electrolyt,0,30,30,1.0
reilli,28,2,30,0.067
disguis,19,11,30,0.367
beiow,0,30,30,1.0
aspermont,0,30,30,1.0
linear,21,9,30,0.3
powerex,30,0,30,0.0
overa,0,30,30,1.0
coincident,17,13,30,0.433
rmvol,0,30,30,1.0
rovar,30,0,30,0.0
concierg,3,27,30,0.9
prefac,20,10,30,0.333
sonar,0,30,30,1.0
wrigley,1,29,30,0.967
sarco,30,0,30,0.0
harwood,30,0,30,0.0
bonn,9,21,30,0.7
erland,30,0,30,0.0
crtc,0,30,30,1.0
dataset,30,0,30,0.0
ecn,29,1,30,0.033
immediateiy,0,30,30,1.0
welfar,4,26,30,0.867
abbi,13,17,30,0.567
grain,17,13,30,0.433
lm,13,17,30,0.567
riek,30,0,30,0.0
stengel,30,0,30,0.0
unreason,29,1,30,0.033
puget,29,1,30,0.033
bing,7,23,30,0.767
customari,15,15,30,0.5
frantic,12,18,30,0.6
hottlist,0,30,30,1.0
rohauer,30,0,30,0.0
reprint,24,6,30,0.2
moscow,9,21,30,0.7
rosenberg,16,14,30,0.467
burchfield,30,0,30,0.0
broadli,26,4,30,0.133
uraland,0,30,30,1.0
agora,13,17,30,0.567
ug,3,27,30,0.9
rework,26,3,29,0.103
alla,5,24,29,0.828
gagliardi,29,0,29,0.0
hangov,1,28,29,0.966
potter,25,4,29,0.138
sdgl,28,1,29,0.034
chano,29,0,29,0.0
infinit,11,18,29,0.621
absurd,12,17,29,0.586
gallup,24,5,29,0.172
bansal,29,0,29,0.0
felip,27,2,29,0.069
dim,12,17,29,0.586
jenkin,20,9,29,0.31
aii,0,29,29,1.0
lebeau,29,0,29,0.0
shebl,29,0,29,0.0
bauer,21,8,29,0.276
geir,29,0,29,0.0
lintner,0,29,29,1.0
nichol,19,10,29,0.345
supervisori,23,6,29,0.207
midsess,29,0,29,0.0
gustafson,24,5,29,0.172
elementari,16,13,29,0.448
janin,28,1,29,0.034
exert,14,15,29,0.517
portz,29,0,29,0.0
westin,29,0,29,0.0
profici,10,19,29,0.655
karin,24,5,29,0.172
pharmacia,29,0,29,0.0
shit,6,23,29,0.793
chm,0,29,29,1.0
predomin,2,27,29,0.931
thrill,11,18,29,0.621
blanchard,17,12,29,0.414
uncomfort,25,4,29,0.138
emeet,29,0,29,0.0
cough,9,20,29,0.69
tgobk,0,29,29,1.0
excis,2,27,29,0.931
freelotto,0,29,29,1.0
josh,10,19,29,0.655
ascend,5,24,29,0.828
erin,26,3,29,0.103
agel,0,29,29,1.0
amt,19,10,29,0.345
cruz,10,19,29,0.655
tilney,29,0,29,0.0
mock,14,15,29,0.517
lengthen,2,27,29,0.931
havinq,0,29,29,1.0
fled,12,17,29,0.586
graand,0,29,29,1.0
biood,0,29,29,1.0
mesh,8,21,29,0.724
handheldm,0,29,29,1.0
pronounc,15,14,29,0.483
opera,13,16,29,0.552
asst,24,5,29,0.172
amerada,21,8,29,0.276
timepiec,0,29,29,1.0
bog,11,18,29,0.621
stodgi,24,5,29,0.172
dakar,0,29,29,1.0
,29,0,29,0.0
hometown,25,4,29,0.138
whistl,4,25,29,0.862
ejaculaton,0,29,29,1.0
inflict,11,18,29,0.621
brasil,1,28,29,0.966
cecilia,13,16,29,0.552
disciplinari,12,17,29,0.586
gladli,11,18,29,0.621
cordless,0,29,29,1.0
dll,18,11,29,0.379
redlin,29,0,29,0.0
natali,16,13,29,0.448
dlp,1,28,29,0.966
logan,10,19,29,0.655
aba,3,26,29,0.897
isomorph,0,29,29,1.0
ltc,1,28,29,0.966
ereect,0,29,29,1.0
nortel,29,0,29,0.0
fragment,9,20,29,0.69
lyon,24,5,29,0.172
principai,0,29,29,1.0
arsen,4,25,29,0.862
cbsmarketwatch,29,0,29,0.0
peniss,0,29,29,1.0
busiest,19,10,29,0.345
horizont,9,20,29,0.69
parad,8,21,29,0.724
kentucki,6,23,29,0.793
alpin,18,11,29,0.379
groundbreak,1,28,29,0.966
aronowitz,29,0,29,0.0
fuli,0,29,29,1.0
acryl,0,29,29,1.0
collat,5,24,29,0.828
veget,3,26,29,0.897
moussa,0,29,29,1.0
messi,18,11,29,0.379
garment,0,29,29,1.0
vastli,11,18,29,0.621
certificado,0,29,29,1.0
roland,6,23,29,0.793
directiy,0,29,29,1.0
rab,28,1,29,0.034
demur,1,28,29,0.966
stm,1,28,29,0.966
stair,2,27,29,0.931
burgher,13,16,29,0.552
midway,21,8,29,0.276
dora,14,15,29,0.517
munk,29,0,29,0.0
centernbsp,0,29,29,1.0
firefight,11,18,29,0.621
ninth,22,7,29,0.241
manera,3,26,29,0.897
bayport,10,19,29,0.655
darrin,25,4,29,0.138
ranger,26,3,29,0.103
busch,3,26,29,0.897
britt,19,10,29,0.345
iost,0,29,29,1.0
togo,0,29,29,1.0
richest,3,26,29,0.897
nonsens,2,27,29,0.931
bout,7,22,29,0.759
dtomi,0,29,29,1.0
crawford,19,10,29,0.345
schmidt,13,16,29,0.552
enzym,0,29,29,1.0
ledger,27,2,29,0.069
wserv,29,0,29,0.0
plank,21,8,29,0.276
claudio,15,14,29,0.483
combo,9,20,29,0.69
bluish,0,29,29,1.0
receb,0,29,29,1.0
bitch,0,29,29,1.0
balloon,13,16,29,0.552
radiat,7,22,29,0.759
provinci,5,24,29,0.828
nica,2,27,29,0.931
ethanol,3,26,29,0.897
mlcrosoft,0,29,29,1.0
abound,9,20,29,0.69
dauphin,20,9,29,0.31
montovano,29,0,29,0.0
rosi,16,13,29,0.448
goid,0,29,29,1.0
vcd,0,29,29,1.0
gappi,29,0,29,0.0
fasb,29,0,29,0.0
magnific,6,23,29,0.793
disposa,0,29,29,1.0
lli,0,29,29,1.0
bookkeep,21,8,29,0.276
amer,8,21,29,0.724
bernardo,10,19,29,0.655
pub,20,9,29,0.31
repris,17,12,29,0.414
axe,2,27,29,0.931
belinda,26,3,29,0.103
maci,1,28,29,0.966
optra,0,29,29,1.0
dlscreet,0,29,29,1.0
pliant,0,29,29,1.0
sitio,0,29,29,1.0
llodra,29,0,29,0.0
pinto,23,6,29,0.207
aquagen,0,29,29,1.0
entrepreneurship,28,1,29,0.034
eyewar,0,29,29,1.0
myriad,19,10,29,0.345
wrongdo,20,9,29,0.31
adip,0,29,29,1.0
mask,19,10,29,0.345
hawthorn,11,18,29,0.621
happenst,0,29,29,1.0
hdtv,0,29,29,1.0
trauma,0,29,29,1.0
polymeras,0,29,29,1.0
sva,0,29,29,1.0
stead,0,29,29,1.0
cake,12,17,29,0.586
recover,8,21,29,0.724
stealth,13,16,29,0.552
antioch,19,10,29,0.345
conn,19,10,29,0.345
invidi,0,29,29,1.0
casari,29,0,29,0.0
lateiy,0,29,29,1.0
kendal,24,5,29,0.172
gillespi,19,10,29,0.345
sturdi,6,23,29,0.793
teamwork,25,4,29,0.138
tessi,29,0,29,0.0
twit,0,29,29,1.0
dann,2,27,29,0.931
hidalgo,22,7,29,0.241
artpric,0,29,29,1.0
doze,1,28,29,0.966
abreast,14,15,29,0.517
athen,16,13,29,0.448
ipod,0,29,29,1.0
muito,0,29,29,1.0
religion,4,25,29,0.862
locust,22,7,29,0.241
ethan,10,19,29,0.655
abu,12,17,29,0.586
drought,18,11,29,0.379
icici,29,0,29,0.0
eneh,29,0,29,0.0
compuls,1,28,29,0.966
vandenberg,0,29,29,1.0
petti,16,13,29,0.448
guangzhou,0,29,29,1.0
despond,0,29,29,1.0
shortiy,0,29,29,1.0
bedim,0,29,29,1.0
dinari,29,0,29,0.0
inflow,17,12,29,0.414
antoinett,16,13,29,0.448
breathtak,6,23,29,0.793
misl,21,7,28,0.25
redeliv,28,0,28,0.0
illus,7,21,28,0.75
romanc,2,26,28,0.929
jacquelin,16,12,28,0.429
pplng,0,28,28,1.0
eldest,0,28,28,1.0
plea,9,19,28,0.679
timesheet,28,0,28,0.0
kemp,24,4,28,0.143
embodi,8,20,28,0.714
strictest,2,26,28,0.929
mischiev,0,28,28,1.0
divorc,4,24,28,0.857
marco,6,22,28,0.786
broderick,20,8,28,0.286
deferr,12,16,28,0.571
leari,25,3,28,0.107
alamac,28,0,28,0.0
eduardo,15,13,28,0.464
libor,28,0,28,0.0
buil,0,28,28,1.0
infant,7,21,28,0.75
dampen,16,12,28,0.429
bartend,0,28,28,1.0
resco,28,0,28,0.0
trochta,28,0,28,0.0
frost,11,17,28,0.607
smartmortgageusa,0,28,28,1.0
odor,4,24,28,0.857
timberland,3,25,28,0.893
workabl,23,5,28,0.179
flew,4,24,28,0.857
sprl,0,28,28,1.0
decept,5,23,28,0.821
bussel,28,0,28,0.0
spadea,0,28,28,1.0
preformat,0,28,28,1.0
scardino,28,0,28,0.0
custo,0,28,28,1.0
roldana,0,28,28,1.0
barkley,28,0,28,0.0
sore,9,19,28,0.679
wesley,24,4,28,0.143
ecthou,28,0,28,0.0
dmitri,26,2,28,0.071
fffont,0,28,28,1.0
regal,3,25,28,0.893
shlppl,0,28,28,1.0
tenor,24,4,28,0.143
uncommon,6,22,28,0.786
undeliv,1,27,28,0.964
cod,8,20,28,0.714
pcmcia,0,28,28,1.0
climax,0,28,28,1.0
prioritis,28,0,28,0.0
vinson,22,6,28,0.214
jiri,0,28,28,1.0
neural,16,12,28,0.429
useless,7,21,28,0.75
rutin,0,28,28,1.0
biotec,0,28,28,1.0
siemen,15,13,28,0.464
mcfarland,24,4,28,0.143
iaf,28,0,28,0.0
dowel,18,10,28,0.357
diaper,6,22,28,0.786
quando,0,28,28,1.0
dpi,5,23,28,0.821
omw,7,21,28,0.75
nikki,19,9,28,0.321
ving,0,28,28,1.0
rejuven,0,28,28,1.0
weari,7,21,28,0.75
geophys,12,16,28,0.571
rwe,28,0,28,0.0
amber,10,18,28,0.643
russo,20,8,28,0.286
sttc,0,28,28,1.0
dowlnoad,0,28,28,1.0
prosaic,0,28,28,1.0
abund,9,19,28,0.679
einfach,0,28,28,1.0
mal,1,27,28,0.964
anthem,11,17,28,0.607
aunch,0,28,28,1.0
retai,0,28,28,1.0
speciaiti,0,28,28,1.0
dewpoint,28,0,28,0.0
lozeng,0,28,28,1.0
cid,0,28,28,1.0
wbu,0,28,28,1.0
gallantri,0,28,28,1.0
clitori,0,28,28,1.0
deck,11,17,28,0.607
agil,2,26,28,0.929
brush,9,19,28,0.679
carpet,4,24,28,0.857
newton,12,16,28,0.571
nag,19,9,28,0.321
ader,28,0,28,0.0
kenya,0,28,28,1.0
unrel,24,4,28,0.143
austria,6,22,28,0.786
demarc,15,13,28,0.464
barcelona,6,22,28,0.786
presentabi,0,28,28,1.0
unaccept,28,0,28,0.0
precari,24,4,28,0.143
à,0,28,28,1.0
sani,0,28,28,1.0
makeup,18,10,28,0.357
mpeg,1,27,28,0.964
seppi,28,0,28,0.0
rangel,28,0,28,0.0
nicotin,0,28,28,1.0
keel,18,10,28,0.357
transalta,28,0,28,0.0
cedric,19,9,28,0.321
medio,1,27,28,0.964
costilla,28,0,28,0.0
cheeap,0,28,28,1.0
alvin,10,18,28,0.643
nui,26,2,28,0.071
commonwealth,18,10,28,0.357
astronaut,0,28,28,1.0
shrinkag,19,9,28,0.321
wavefrtl,0,28,28,1.0
iceberg,10,18,28,0.643
quirt,0,28,28,1.0
awaken,2,26,28,0.929
novv,0,28,28,1.0
bodisen,0,28,28,1.0
patrol,5,23,28,0.821
suicid,6,22,28,0.786
paradis,4,24,28,0.857
ihrer,0,28,28,1.0
departamento,0,28,28,1.0
shelv,21,7,28,0.25
nitrat,0,28,28,1.0
sdfuoisduf,0,28,28,1.0
rn,6,22,28,0.786
aesthet,0,28,28,1.0
balk,17,11,28,0.393
webpag,6,22,28,0.786
bantu,0,28,28,1.0
creoleart,0,28,28,1.0
gottspon,28,0,28,0.0
lat,7,21,28,0.75
finalist,10,18,28,0.643
coup,6,22,28,0.786
plight,14,14,28,0.5
boo,3,25,28,0.893
yf,15,13,28,0.464
barbar,0,28,28,1.0
shtml,0,28,28,1.0
nicknam,21,7,28,0.25
sogomonian,28,0,28,0.0
nkiy,0,28,28,1.0
bridgett,26,2,28,0.071
taxat,12,16,28,0.571
pant,6,22,28,0.786
defil,0,28,28,1.0
tempo,0,28,28,1.0
spradl,28,0,28,0.0
setback,18,10,28,0.357
keenan,16,12,28,0.429
workbook,19,9,28,0.321
diatom,0,28,28,1.0
lgb,1,27,28,0.964
tyson,18,10,28,0.357
banco,6,22,28,0.786
eronn,28,0,28,0.0
deflat,6,22,28,0.786
statesmen,0,28,28,1.0
houstonian,28,0,28,0.0
fernando,17,11,28,0.393
colon,0,28,28,1.0
depioy,0,28,28,1.0
hopley,28,0,28,0.0
cumberland,12,16,28,0.571
writ,12,16,28,0.571
eix,28,0,28,0.0
epng,28,0,28,0.0
iren,22,6,28,0.214
lesser,14,14,28,0.5
kishkil,28,0,28,0.0
ukrain,3,25,28,0.893
brussel,5,23,28,0.821
drugstor,2,26,28,0.929
martina,24,4,28,0.143
pronghorn,28,0,28,0.0
incap,8,20,28,0.714
shl,0,28,28,1.0
texan,25,3,28,0.107
teeter,16,12,28,0.429
crap,6,22,28,0.786
glo,24,4,28,0.143
terceiro,0,28,28,1.0
hail,10,18,28,0.643
milit,2,26,28,0.929
dwell,3,25,28,0.893
swaim,28,0,28,0.0
cargil,19,9,28,0.321
carv,11,17,28,0.607
textbook,17,11,28,0.393
cpm,9,19,28,0.679
raton,1,27,28,0.964
mec,28,0,28,0.0
underlin,25,3,28,0.107
rim,2,26,28,0.929
epl,0,28,28,1.0
chill,9,19,28,0.679
inhabit,3,25,28,0.893
hlavati,28,0,28,0.0
hookup,0,27,27,1.0
ccprod,20,7,27,0.259
rupe,22,5,27,0.185
levenson,27,0,27,0.0
fore,7,20,27,0.741
bebop,0,27,27,1.0
postion,16,11,27,0.407
elsi,13,14,27,0.519
donato,25,2,27,0.074
mip,27,0,27,0.0
blink,12,15,27,0.556
str,8,19,27,0.704
reaffirm,27,0,27,0.0
costello,17,10,27,0.37
tweak,19,8,27,0.296
zurich,13,14,27,0.519
gecko,0,27,27,1.0
deboisblanc,27,0,27,0.0
unreal,13,14,27,0.519
seb,25,2,27,0.074
dickinson,5,22,27,0.815
aton,1,26,27,0.963
doom,8,19,27,0.704
unstabl,11,16,27,0.593
emap,0,27,27,1.0
zuma,0,27,27,1.0
frenzi,9,18,27,0.667
schlesing,22,5,27,0.185
biotechnoiogi,0,27,27,1.0
soap,6,21,27,0.778
pci,2,25,27,0.926
oppel,27,0,27,0.0
laud,15,12,27,0.444
benevid,27,0,27,0.0
laughter,2,25,27,0.926
myway,0,27,27,1.0
quickset,0,27,27,1.0
payperview,0,27,27,1.0
sizzl,2,25,27,0.926
morningstar,27,0,27,0.0
allay,15,12,27,0.444
mathwork,27,0,27,0.0
aprovado,0,27,27,1.0
pf,3,24,27,0.889
resembl,11,16,27,0.593
crane,15,12,27,0.444
steinberg,16,11,27,0.407
freddi,6,21,27,0.778
arch,2,25,27,0.926
syring,0,27,27,1.0
tabloidez,0,27,27,1.0
invite,22,5,27,0.185
xenlcal,0,27,27,1.0
delect,0,27,27,1.0
rene,18,9,27,0.333
vor,5,22,27,0.815
submarin,4,23,27,0.852
straighten,4,23,27,0.852
extol,1,26,27,0.963
ipe,27,0,27,0.0
tapti,27,0,27,0.0
uecker,27,0,27,0.0
majesti,1,26,27,0.963
tj,16,11,27,0.407
dwight,14,13,27,0.481
solomon,10,17,27,0.63
primariiy,0,27,27,1.0
riskwat,27,0,27,0.0
nanc,20,7,27,0.259
rattl,17,10,27,0.37
windsor,14,13,27,0.481
tidi,6,21,27,0.778
heaithi,0,27,27,1.0
applaus,4,23,27,0.852
devalu,24,3,27,0.111
plead,13,14,27,0.519
katz,19,8,27,0.296
sheryl,23,4,27,0.148
redistribut,20,7,27,0.259
alland,27,0,27,0.0
oa,13,14,27,0.519
allium,0,27,27,1.0
medcom,0,27,27,1.0
psco,26,1,27,0.037
gget,0,27,27,1.0
spontan,3,24,27,0.889
weathereffect,27,0,27,0.0
signifi,7,20,27,0.741
wrangl,24,3,27,0.111
prodigi,15,12,27,0.444
nn,2,25,27,0.926
callahan,16,11,27,0.407
tweed,20,7,27,0.259
castleman,27,0,27,0.0
drn,27,0,27,0.0
horario,0,27,27,1.0
diamondflo,0,27,27,1.0
repel,2,25,27,0.926
aicohol,0,27,27,1.0
guru,10,17,27,0.63
clic,0,27,27,1.0
artemi,13,14,27,0.519
erction,0,27,27,1.0
fcdh,0,27,27,1.0
pluperfect,0,27,27,1.0
keyspan,27,0,27,0.0
accra,0,27,27,1.0
elbow,3,24,27,0.889
carib,1,26,27,0.963
wv,0,27,27,1.0
cooler,22,5,27,0.185
praveen,27,0,27,0.0
listserv,27,0,27,0.0
reguiatori,0,27,27,1.0
sunk,16,11,27,0.407
localhost,4,23,27,0.852
tdp,0,27,27,1.0
clyatt,27,0,27,0.0
foley,18,9,27,0.333
dickerson,11,16,27,0.593
che,0,27,27,1.0
flavor,3,24,27,0.889
stumpag,0,27,27,1.0
librarian,1,26,27,0.963
labb,27,0,27,0.0
advert,5,22,27,0.815
reievant,0,27,27,1.0
rder,0,27,27,1.0
qualit,21,6,27,0.222
stripe,14,13,27,0.481
pol,0,27,27,1.0
esquir,23,4,27,0.148
aborigin,1,26,27,0.963
leann,26,1,27,0.037
awak,5,22,27,0.815
implor,0,27,27,1.0
imparti,7,20,27,0.741
avistar,27,0,27,0.0
durrel,0,27,27,1.0
rey,25,2,27,0.074
handbook,5,22,27,0.815
indict,1,26,27,0.963
hwi,16,11,27,0.407
noe,26,1,27,0.037
buttock,0,27,27,1.0
geof,27,0,27,0.0
chef,5,22,27,0.815
maisonett,0,27,27,1.0
attir,20,7,27,0.259
miser,3,24,27,0.889
usp,1,26,27,0.963
energet,7,20,27,0.741
untim,2,25,27,0.926
cfe,27,0,27,0.0
eop,25,2,27,0.074
misrepres,24,3,27,0.111
hick,23,4,27,0.148
strenuou,0,27,27,1.0
intang,19,8,27,0.296
astut,3,24,27,0.889
vlaagrra,0,27,27,1.0
dread,5,22,27,0.815
marqu,14,13,27,0.481
ttulo,0,27,27,1.0
beau,17,10,27,0.37
veloc,11,16,27,0.593
siratu,0,27,27,1.0
ifhsc,27,0,27,0.0
cualquier,0,27,27,1.0
contrit,3,24,27,0.889
remarket,25,2,27,0.074
dua,0,27,27,1.0
taint,7,20,27,0.741
duli,2,25,27,0.926
grossli,10,17,27,0.63
tonnag,13,14,27,0.519
petro,25,2,27,0.074
barg,14,13,27,0.481
dizzi,4,23,27,0.852
garza,26,1,27,0.037
nightli,16,11,27,0.407
transplant,6,21,27,0.778
sunset,8,19,27,0.704
reciproc,11,16,27,0.593
lit,6,21,27,0.778
detriment,14,13,27,0.481
delici,2,25,27,0.926
trivia,5,22,27,0.815
exemplifi,11,16,27,0.593
legislao,0,27,27,1.0
hbo,2,25,27,0.926
sze,26,1,27,0.037
cincinnati,11,16,27,0.593
propag,0,27,27,1.0
brace,15,12,27,0.444
rage,9,18,27,0.667
dull,12,15,27,0.556
sword,9,18,27,0.667
chanley,27,0,27,0.0
foilow,0,27,27,1.0
bowc,0,27,27,1.0
sarmiento,27,0,27,0.0
calvert,11,16,27,0.593
baton,22,5,27,0.185
delic,11,16,27,0.593
amen,12,15,27,0.556
nopr,27,0,27,0.0
ttc,21,6,27,0.222
kellih,27,0,27,0.0
loc,22,5,27,0.185
veto,23,4,27,0.148
kristi,23,4,27,0.148
rozen,27,0,27,0.0
ulyss,0,27,27,1.0
superflu,6,21,27,0.778
elpaso,27,0,27,0.0
vacuum,4,23,27,0.852
mileag,9,18,27,0.667
bridegroom,0,27,27,1.0
dna,5,22,27,0.815
sympathi,11,16,27,0.593
resal,22,5,27,0.185
lauvergeon,26,0,26,0.0
eleph,11,15,26,0.577
sunwin,0,26,26,1.0
bastard,9,17,26,0.654
survivor,13,13,26,0.5
discriminatori,9,17,26,0.654
instinet,26,0,26,0.0
anglo,8,18,26,0.692
smi,26,0,26,0.0
loophol,10,16,26,0.615
oftwar,0,26,26,1.0
genentech,26,0,26,0.0
centrica,26,0,26,0.0
adhes,5,21,26,0.808
hershey,1,25,26,0.962
demit,0,26,26,1.0
ecp,18,8,26,0.308
tele,7,19,26,0.731
cuba,6,20,26,0.769
steiner,22,4,26,0.154
sigh,14,12,26,0.462
internacionai,0,26,26,1.0
newel,13,13,26,0.5
contacto,0,26,26,1.0
annum,11,15,26,0.577
fuili,0,26,26,1.0
barbizet,26,0,26,0.0
pervers,2,24,26,0.923
ellinghau,26,0,26,0.0
tsung,26,0,26,0.0
cathol,6,20,26,0.769
asthma,0,26,26,1.0
afor,0,26,26,1.0
lec,1,25,26,0.962
moshou,26,0,26,0.0
railway,18,8,26,0.308
nell,18,8,26,0.308
digniti,3,23,26,0.885
bluecom,0,26,26,1.0
conjectur,6,20,26,0.769
ziplip,26,0,26,0.0
workout,11,15,26,0.577
wpd,26,0,26,0.0
vh,7,19,26,0.731
skew,24,2,26,0.077
reset,23,3,26,0.115
gaylard,26,0,26,0.0
hng,25,1,26,0.038
haarder,0,26,26,1.0
redraft,26,0,26,0.0
plauch,26,0,26,0.0
backlash,15,11,26,0.423
mese,1,25,26,0.962
mull,22,4,26,0.154
goldeditor,0,26,26,1.0
hilari,9,17,26,0.654
optinrealbig,0,26,26,1.0
hilgert,26,0,26,0.0
kines,0,26,26,1.0
ool,0,26,26,1.0
shade,16,10,26,0.385
necessit,13,13,26,0.5
beaten,13,13,26,0.5
nashvil,4,22,26,0.846
loca,0,26,26,1.0
buik,0,26,26,1.0
dazzl,4,22,26,0.846
altavista,1,25,26,0.962
percel,26,0,26,0.0
siriu,1,25,26,0.962
ranabir,26,0,26,0.0
credul,0,26,26,1.0
cobb,14,12,26,0.462
provok,16,10,26,0.385
congratulatori,1,25,26,0.962
carmen,8,18,26,0.692
pheromon,0,26,26,1.0
bakken,0,26,26,1.0
additionai,1,25,26,0.962
harsher,26,0,26,0.0
apologis,8,18,26,0.692
candac,11,15,26,0.577
kwh,26,0,26,0.0
panna,26,0,26,0.0
linha,0,26,26,1.0
idg,21,5,26,0.192
nighthawk,0,26,26,1.0
brooker,26,0,26,0.0
takeoff,1,25,26,0.962
tf,12,14,26,0.538
chung,20,6,26,0.231
xanaa,0,26,26,1.0
erupt,8,18,26,0.692
rectiion,0,26,26,1.0
economia,0,26,26,1.0
viiagrra,0,26,26,1.0
sunsail,26,0,26,0.0
peril,16,10,26,0.385
cco,5,21,26,0.808
tickl,0,26,26,1.0
pana,26,0,26,0.0
suburb,11,15,26,0.577
kono,26,0,26,0.0
jl,14,12,26,0.462
larre,26,0,26,0.0
ceg,22,4,26,0.154
melt,6,20,26,0.769
tray,18,8,26,0.308
tranni,15,11,26,0.423
pilewort,0,26,26,1.0
tionlimit,0,26,26,1.0
fingertip,9,17,26,0.654
abid,12,14,26,0.538
janzen,26,0,26,0.0
cz,1,25,26,0.962
entrega,0,26,26,1.0
antisemit,0,26,26,1.0
samsung,3,23,26,0.885
pricess,0,26,26,1.0
astigmat,0,26,26,1.0
plng,0,26,26,1.0
netmus,0,26,26,1.0
actor,2,24,26,0.923
safeway,26,0,26,0.0
awkward,8,18,26,0.692
haber,18,8,26,0.308
bighorn,1,25,26,0.962
amplifi,0,26,26,1.0
gratitud,4,22,26,0.846
aggi,26,0,26,0.0
soda,5,21,26,0.808
hing,9,17,26,0.654
arfsten,26,0,26,0.0
bertil,26,0,26,0.0
luggag,4,22,26,0.846
wholiy,0,26,26,1.0
dempsey,17,9,26,0.346
mdq,26,0,26,0.0
quier,0,26,26,1.0
nam,17,9,26,0.346
neuro,0,26,26,1.0
flw,18,8,26,0.308
fininvest,26,0,26,0.0
creditsight,26,0,26,0.0
infra,5,21,26,0.808
openli,16,10,26,0.385
circumv,4,22,26,0.846
neat,17,9,26,0.346
cllick,0,26,26,1.0
tark,26,0,26,0.0
bicycl,4,22,26,0.846
dobbin,5,21,26,0.808
stubblefield,24,2,26,0.077
cmiller,26,0,26,0.0
claud,11,15,26,0.577
saie,0,26,26,1.0
meridiia,0,26,26,1.0
albuquerqu,19,7,26,0.269
includinq,0,26,26,1.0
spearhead,23,3,26,0.115
ful,0,26,26,1.0
bess,10,16,26,0.615
polo,4,22,26,0.846
ccd,0,26,26,1.0
muehlstein,0,26,26,1.0
nort,4,22,26,0.846
cartel,15,11,26,0.423
,0,26,26,1.0
reai,23,3,26,0.115
neighborhood,11,15,26,0.577
disgust,10,16,26,0.615
unwound,25,1,26,0.038
vivendi,26,0,26,0.0
shlp,0,26,26,1.0
dreamt,2,24,26,0.923
unexpectedli,25,1,26,0.038
varga,26,0,26,0.0
tbg,26,0,26,0.0
esophag,0,26,26,1.0
weird,13,13,26,0.5
sena,22,4,26,0.154
stronach,26,0,26,0.0
areva,26,0,26,0.0
accustom,6,20,26,0.769
clint,16,10,26,0.385
kahn,16,10,26,0.385
aqua,4,22,26,0.846
yeow,26,0,26,0.0
plli,0,26,26,1.0
guaaraante,0,26,26,1.0
retali,14,12,26,0.462
agn,14,12,26,0.462
gloomi,19,7,26,0.269
flex,13,13,26,0.5
pancanadian,26,0,26,0.0
roper,24,2,26,0.077
filthi,0,26,26,1.0
worthless,20,6,26,0.231
rectifi,13,13,26,0.5
eiko,26,0,26,0.0
lk,1,25,26,0.962
avant,3,23,26,0.885
putnam,22,4,26,0.154
deform,1,25,26,0.962
tori,13,13,26,0.5
ambi,0,26,26,1.0
carrington,26,0,26,0.0
uy,1,25,26,0.962
bermuda,8,18,26,0.692
winni,12,14,26,0.538
hierarchi,20,6,26,0.231
whitney,9,17,26,0.654
systcom,0,26,26,1.0
behaviour,13,13,26,0.5
niamh,26,0,26,0.0
lugar,0,26,26,1.0
fiorida,0,26,26,1.0
partir,0,26,26,1.0
soup,15,11,26,0.423
levltrra,0,26,26,1.0
nonparticip,0,26,26,1.0
seks,26,0,26,0.0
pamphlet,0,26,26,1.0
divulg,11,15,26,0.577
unfair,19,7,26,0.269
misplac,23,3,26,0.115
lagomasino,26,0,26,0.0
shlppln,0,26,26,1.0
clog,6,20,26,0.769
ieee,5,21,26,0.808
freed,12,14,26,0.538
belli,10,16,26,0.615
meadow,10,16,26,0.615
fpl,26,0,26,0.0
pale,7,19,26,0.731
regina,16,10,26,0.385
joanni,26,0,26,0.0
acrimoni,3,23,26,0.885
embanet,26,0,26,0.0
ale,17,9,26,0.346
geld,0,26,26,1.0
francesconi,26,0,26,0.0
methodist,19,7,26,0.269
junction,11,15,26,0.577
newsstand,18,8,26,0.308
siaou,26,0,26,0.0
denial,20,6,26,0.231
obra,0,26,26,1.0
hyster,0,26,26,1.0
abe,0,26,26,1.0
manageri,20,6,26,0.231
afl,25,1,26,0.038
refriger,16,10,26,0.385
manuscript,9,17,26,0.654
autocrat,0,26,26,1.0
arti,0,26,26,1.0
humili,8,18,26,0.692
não,0,26,26,1.0
beset,2,24,26,0.923
pedro,10,16,26,0.615
envio,0,26,26,1.0
automaticaliy,0,26,26,1.0
walc,26,0,26,0.0
anheus,2,24,26,0.923
berlusconi,26,0,26,0.0
saludo,0,26,26,1.0
nivert,26,0,26,0.0
suffic,11,15,26,0.577
wasaff,26,0,26,0.0
bruno,10,16,26,0.615
kb,4,22,26,0.846
dobe,0,26,26,1.0
cakewalk,0,26,26,1.0
dove,6,20,26,0.769
oec,26,0,26,0.0
odin,0,26,26,1.0
dichotom,0,26,26,1.0
overvalu,25,1,26,0.038
saber,1,25,26,0.962
joao,23,3,26,0.115
corpu,13,13,26,0.5
mehr,0,26,26,1.0
uol,0,26,26,1.0
romin,26,0,26,0.0
worm,2,24,26,0.923
mao,20,6,26,0.231
ella,12,14,26,0.538
passcod,26,0,26,0.0
dee,6,20,26,0.769
nox,23,3,26,0.115
genierc,0,26,26,1.0
deput,2,24,26,0.923
inlin,14,12,26,0.462
guatemala,4,22,26,0.846
pvr,25,1,26,0.038
ira,11,15,26,0.577
coilect,0,26,26,1.0
throat,7,19,26,0.731
conscript,0,26,26,1.0
steilmann,26,0,26,0.0
pediatr,2,23,25,0.92
ribbon,10,15,25,0.6
jeopardi,19,6,25,0.24
tal,1,24,25,0.96
chronolog,11,14,25,0.56
convalesc,0,25,25,1.0
hamlin,19,6,25,0.24
fetch,12,13,25,0.52
tga,0,25,25,1.0
playboy,6,19,25,0.76
bir,0,25,25,1.0
britta,25,0,25,0.0
harrington,19,6,25,0.24
zimmerman,15,10,25,0.4
bloodi,4,21,25,0.84
drexel,17,8,25,0.32
digimedia,0,25,25,1.0
tol,2,23,25,0.92
blanket,15,10,25,0.4
lnk,0,25,25,1.0
breadth,15,10,25,0.4
curdl,0,25,25,1.0
energycast,25,0,25,0.0
standaion,0,25,25,1.0
ark,12,13,25,0.52
sate,2,23,25,0.92
itsp,0,25,25,1.0
crawl,5,20,25,0.8
livestock,14,11,25,0.44
cogniz,4,21,25,0.84
gahn,25,0,25,0.0
polk,12,13,25,0.52
cyclic,12,13,25,0.52
titoni,0,25,25,1.0
development,14,11,25,0.44
phentermln,0,25,25,1.0
fiexibl,0,25,25,1.0
decrement,12,13,25,0.52
unbeliv,0,25,25,1.0
hardship,19,6,25,0.24
vez,0,25,25,1.0
mercado,2,23,25,0.92
baun,0,25,25,1.0
burnt,5,20,25,0.8
valnek,25,0,25,0.0
bottleneck,20,5,25,0.2
buggi,2,23,25,0.92
tissto,0,25,25,1.0
decrypt,2,23,25,0.92
dkni,0,25,25,1.0
aliium,0,25,25,1.0
ssl,3,22,25,0.88
davenport,6,19,25,0.76
experiment,17,8,25,0.32
versac,0,25,25,1.0
tow,16,9,25,0.36
tyler,17,8,25,0.32
agnihotri,25,0,25,0.0
,1,24,25,0.96
bvgari,0,25,25,1.0
purpl,3,22,25,0.88
produto,0,25,25,1.0
aristocrat,0,25,25,1.0
yasser,1,24,25,0.96
vall,6,19,25,0.76
anomali,10,15,25,0.6
psp,1,24,25,0.96
sharma,25,0,25,0.0
howald,25,0,25,0.0
zy,1,24,25,0.96
scada,25,0,25,0.0
thelma,0,25,25,1.0
rena,14,11,25,0.44
entrant,20,5,25,0.2
dupr,25,0,25,0.0
agaln,0,25,25,1.0
saver,13,12,25,0.48
enl,15,10,25,0.4
stimuiat,0,25,25,1.0
dina,20,5,25,0.2
rtp,22,3,25,0.12
repatri,3,22,25,0.88
enrich,13,12,25,0.48
bori,5,20,25,0.8
partisan,17,8,25,0.32
olusegun,0,25,25,1.0
bf,5,20,25,0.8
soonest,4,21,25,0.84
coliect,0,25,25,1.0
sci,10,15,25,0.6
galvan,15,10,25,0.4
uacp,0,25,25,1.0
gratifi,1,24,25,0.96
limp,8,17,25,0.68
seo,0,25,25,1.0
specificaili,0,25,25,1.0
concili,16,9,25,0.36
swli,22,3,25,0.12
renam,20,5,25,0.2
dane,7,18,25,0.72
prerequisit,18,7,25,0.28
milton,5,20,25,0.8
stiff,7,18,25,0.72
mendoza,20,5,25,0.2
martial,0,25,25,1.0
viaagrra,0,25,25,1.0
supersed,14,11,25,0.44
beig,9,16,25,0.64
disastr,13,12,25,0.48
candlestick,10,15,25,0.6
ema,3,22,25,0.88
croatia,14,11,25,0.44
woodward,0,25,25,1.0
alexei,8,17,25,0.68
obi,8,17,25,0.68
iaiiti,0,25,25,1.0
gracia,0,25,25,1.0
allur,6,19,25,0.76
strait,16,9,25,0.36
conduit,4,21,25,0.84
echol,24,1,25,0.04
ponder,14,11,25,0.44
saunder,17,8,25,0.32
wiley,8,17,25,0.68
filtrat,1,24,25,0.96
marrow,5,20,25,0.8
safeharbor,0,25,25,1.0
misstat,25,0,25,0.0
bangalor,17,8,25,0.32
kuwait,0,25,25,1.0
keoni,25,0,25,0.0
slinger,25,0,25,0.0
kowalk,25,0,25,0.0
dendrit,0,25,25,1.0
gw,3,22,25,0.88
roosevelt,8,17,25,0.68
sid,22,3,25,0.12
ement,0,25,25,1.0
burnett,14,11,25,0.44
mcallist,0,25,25,1.0
cinm,0,25,25,1.0
elbertson,25,0,25,0.0
vjestika,0,25,25,1.0
webisit,0,25,25,1.0
coco,0,25,25,1.0
joshua,13,12,25,0.48
sunbeam,23,2,25,0.08
dixi,8,17,25,0.68
memor,9,16,25,0.64
befit,0,25,25,1.0
pot,11,14,25,0.56
rankin,11,14,25,0.56
airfar,14,11,25,0.44
allegra,0,25,25,1.0
buiit,0,25,25,1.0
foothil,15,10,25,0.4
assinatura,0,25,25,1.0
mob,0,25,25,1.0
registro,1,24,25,0.96
brass,4,21,25,0.84
carriag,2,23,25,0.92
iconfer,25,0,25,0.0
sculptur,7,18,25,0.72
wiiliam,0,25,25,1.0
yoder,24,1,25,0.04
choi,21,4,25,0.16
koolrx,0,25,25,1.0
epow,15,10,25,0.4
cheng,16,9,25,0.36
actuari,12,13,25,0.52
videoconfer,25,0,25,0.0
deanna,10,15,25,0.6
precaut,11,14,25,0.56
gmm,25,0,25,0.0
felix,18,7,25,0.28
palavra,0,25,25,1.0
tkpt,0,25,25,1.0
oop,11,14,25,0.56
vers,11,14,25,0.56
ejecutivo,0,25,25,1.0
fuzzi,15,10,25,0.4
rue,5,20,25,0.8
persuas,5,20,25,0.8
washingtonpost,25,0,25,0.0
beam,2,23,25,0.92
arctic,8,17,25,0.68
dcp,0,25,25,1.0
heinrich,18,7,25,0.28
rtg,19,6,25,0.24
andrzej,25,0,25,0.0
lighter,9,16,25,0.64
louisa,0,25,25,1.0
vowel,0,25,25,1.0
prosaka,0,25,25,1.0
newsprint,25,0,25,0.0
msa,23,2,25,0.08
defunct,6,19,25,0.76
lse,23,2,25,0.08
hein,16,9,25,0.36
proceso,0,25,25,1.0
webcast,25,0,25,0.0
wrestl,5,20,25,0.8
indign,2,23,25,0.92
woodwork,8,17,25,0.68
happier,1,24,25,0.96
wtc,20,5,25,0.2
parrot,18,7,25,0.28
vet,10,15,25,0.6
dond,0,25,25,1.0
bauli,25,0,25,0.0
mitra,22,3,25,0.12
leland,16,9,25,0.36
presc,0,25,25,1.0
gilley,25,0,25,0.0
farther,9,16,25,0.64
pivot,11,14,25,0.56
yokel,0,25,25,1.0
gsia,25,0,25,0.0
decomposit,11,14,25,0.56
bowsher,25,0,25,0.0
bedford,2,23,25,0.92
buddha,0,25,25,1.0
aiarm,0,25,25,1.0
atlanti,0,25,25,1.0
operatorship,23,2,25,0.08
yeager,20,5,25,0.2
confidentiaii,0,25,25,1.0
kelley,12,13,25,0.52
alfonso,10,15,25,0.6
cougar,10,15,25,0.6
hypertens,0,25,25,1.0
pgt,24,1,25,0.04
ebel,0,25,25,1.0
agosto,0,25,25,1.0
absorpt,3,22,25,0.88
vat,3,22,25,0.88
bundi,0,25,25,1.0
sulfur,13,12,25,0.48
forbear,16,9,25,0.36
foto,3,22,25,0.88
unidirect,2,23,25,0.92
concepto,0,25,25,1.0
malici,5,20,25,0.8
hoy,1,24,25,0.96
mercurio,0,25,25,1.0
cual,1,24,25,0.96
checksum,0,25,25,1.0
wgo,23,2,25,0.08
mukta,25,0,25,0.0
benefactor,2,23,25,0.92
nikkei,25,0,25,0.0
franz,4,21,25,0.84
quadrant,0,25,25,1.0
gbn,20,5,25,0.2
awe,2,23,25,0.92
nazareth,17,8,25,0.32
propon,19,6,25,0.24
proje,0,25,25,1.0
brunett,0,25,25,1.0
renov,7,18,25,0.72
borrett,0,25,25,1.0
whichev,12,13,25,0.52
grove,18,7,25,0.28
cellar,0,25,25,1.0
computer,5,20,25,0.8
forbidden,3,22,25,0.88
edmond,14,11,25,0.44
decay,7,18,25,0.72
apx,25,0,25,0.0
bliss,1,24,25,0.96
repuls,0,25,25,1.0
parish,0,25,25,1.0
degen,1,24,25,0.96
barrag,11,14,25,0.56
byzantin,9,16,25,0.64
shallow,10,15,25,0.6
babysit,2,23,25,0.92
poet,1,24,25,0.96
beit,0,25,25,1.0
pnbsp,0,25,25,1.0
aberr,0,25,25,1.0
appendic,7,17,24,0.708
ohn,0,24,24,1.0
hoard,19,5,24,0.208
wichai,24,0,24,0.0
cnnest,0,24,24,1.0
upbeat,22,2,24,0.083
kukkonen,0,24,24,1.0
haley,13,11,24,0.458
brew,11,13,24,0.542
tingleaf,24,0,24,0.0
agreeabl,15,9,24,0.375
friction,7,17,24,0.708
roseman,24,0,24,0.0
lousi,13,11,24,0.458
cramer,15,9,24,0.375
europa,0,24,24,1.0
confirmlog,24,0,24,0.0
circular,12,12,24,0.5
riesgo,0,24,24,1.0
monthiy,0,24,24,1.0
vagra,0,24,24,1.0
dank,4,20,24,0.833
tre,1,23,24,0.958
blatant,1,23,24,0.958
dame,14,10,24,0.417
vigil,12,12,24,0.5
oca,0,24,24,1.0
restraint,13,11,24,0.458
soie,0,24,24,1.0
frighten,5,19,24,0.792
digress,2,22,24,0.917
conduc,3,21,24,0.875
ostdiek,24,0,24,0.0
,0,24,24,1.0
xia,17,7,24,0.292
endang,22,2,24,0.083
dumb,13,11,24,0.458
loraazepam,0,24,24,1.0
luvu,0,24,24,1.0
brbrbrbr,0,24,24,1.0
estado,0,24,24,1.0
yuko,3,21,24,0.875
inroad,7,17,24,0.708
clutter,2,22,24,0.917
seksan,24,0,24,0.0
fidget,0,24,24,1.0
medsal,0,24,24,1.0
spector,20,4,24,0.167
noncor,24,0,24,0.0
outro,0,24,24,1.0
stricken,9,15,24,0.625
dominiqu,14,10,24,0.417
emori,10,14,24,0.583
abdul,4,20,24,0.833
amino,0,24,24,1.0
howel,18,6,24,0.25
wechsler,24,0,24,0.0
yuan,22,2,24,0.083
carton,0,24,24,1.0
iq,1,23,24,0.958
deiay,0,24,24,1.0
eda,7,17,24,0.708
specifica,0,24,24,1.0
ferrel,24,0,24,0.0
buffalo,12,12,24,0.5
uno,0,24,24,1.0
aoa,0,24,24,1.0
hal,16,8,24,0.333
ripe,14,10,24,0.417
vla,0,24,24,1.0
amnm,0,24,24,1.0
pathway,0,24,24,1.0
frontlin,18,6,24,0.25
cobalt,3,21,24,0.875
heathman,22,2,24,0.083
barton,16,8,24,0.333
burch,0,24,24,1.0
wachovia,14,10,24,0.417
anew,5,19,24,0.792
baggag,6,18,24,0.75
anxious,7,17,24,0.708
tattoo,7,17,24,0.708
talli,17,7,24,0.292
lunat,1,23,24,0.958
bw,8,16,24,0.667
ig,13,11,24,0.458
fratern,7,17,24,0.708
busbi,23,1,24,0.042
palac,7,17,24,0.708
perfectiy,0,24,24,1.0
aloud,1,23,24,0.958
guam,9,15,24,0.625
btc,0,24,24,1.0
fray,9,15,24,0.625
acquit,0,24,24,1.0
dodd,9,15,24,0.625
ht,0,24,24,1.0
dickson,16,8,24,0.333
crater,13,11,24,0.458
centra,0,24,24,1.0
priicc,0,24,24,1.0
billow,0,24,24,1.0
canopu,0,24,24,1.0
sol,6,18,24,0.75
wager,2,22,24,0.917
mcsherri,24,0,24,0.0
leonardo,15,9,24,0.375
perfum,0,24,24,1.0
vaiuabl,0,24,24,1.0
blade,3,21,24,0.875
loughridg,24,0,24,0.0
ztop,0,24,24,1.0
woertz,24,0,24,0.0
runshi,0,24,24,1.0
addendum,16,8,24,0.333
chahal,24,0,24,0.0
lenart,24,0,24,0.0
req,8,16,24,0.667
tramadool,0,24,24,1.0
czi,24,0,24,0.0
marion,20,4,24,0.167
repetit,3,21,24,0.875
loterij,0,24,24,1.0
err,4,20,24,0.833
dm,10,14,24,0.583
isa,14,10,24,0.417
liverpool,4,20,24,0.833
lium,0,24,24,1.0
daschl,24,0,24,0.0
queensland,14,10,24,0.417
envisag,16,8,24,0.333
bjk,0,24,24,1.0
annuaiiz,0,24,24,1.0
kilmer,24,0,24,0.0
jam,7,17,24,0.708
sher,8,16,24,0.667
tapscott,24,0,24,0.0
beckman,0,24,24,1.0
biochemistri,0,24,24,1.0
ambllen,0,24,24,1.0
teb,23,1,24,0.042
gestur,12,12,24,0.5
bulwark,0,24,24,1.0
caall,0,24,24,1.0
slave,4,20,24,0.833
blueprint,10,14,24,0.583
denud,0,24,24,1.0
sq,11,13,24,0.542
xo,10,14,24,0.583
swisher,23,1,24,0.042
fervent,3,21,24,0.875
heaithcar,0,24,24,1.0
narcot,1,23,24,0.958
jensen,14,10,24,0.417
ankara,0,24,24,1.0
femi,0,24,24,1.0
needless,13,11,24,0.458
redesign,13,11,24,0.458
lndesign,0,24,24,1.0
flowgat,24,0,24,0.0
irrespect,15,9,24,0.375
alprazzolam,0,24,24,1.0
chop,10,14,24,0.583
causat,1,23,24,0.958
qa,10,14,24,0.583
melbourn,9,15,24,0.625
vivian,17,7,24,0.292
yana,23,1,24,0.042
combust,7,17,24,0.708
nytim,21,3,24,0.125
wowgao,0,24,24,1.0
dossier,12,12,24,0.5
ondernem,0,24,24,1.0
caliph,0,24,24,1.0
nrmm,0,24,24,1.0
bayou,17,7,24,0.292
perturb,3,21,24,0.875
deport,0,24,24,1.0
jin,23,1,24,0.042
procod,0,24,24,1.0
pervas,16,8,24,0.333
everthyth,1,23,24,0.958
asymptot,0,24,24,1.0
assuag,16,8,24,0.333
delc,0,24,24,1.0
romania,5,19,24,0.792
honeywel,4,20,24,0.833
iona,11,13,24,0.542
anadarko,21,3,24,0.125
acut,9,15,24,0.625
omnipag,0,24,24,1.0
exud,1,23,24,0.958
drown,3,21,24,0.875
brietil,0,24,24,1.0
thirteen,3,21,24,0.875
plnnacl,0,24,24,1.0
nylon,0,24,24,1.0
redefin,16,8,24,0.333
clever,4,20,24,0.833
phylli,14,10,24,0.417
aerosol,1,23,24,0.958
darlen,17,7,24,0.292
rndmtn,24,0,24,0.0
acceso,0,24,24,1.0
tougher,23,1,24,0.042
olivi,2,22,24,0.917
gccc,0,24,24,1.0
thompsonvil,24,0,24,0.0
hubco,24,0,24,0.0
razor,1,23,24,0.958
peripher,8,16,24,0.667
cactu,3,21,24,0.875
pleasantli,1,23,24,0.958
chin,7,17,24,0.708
poston,24,0,24,0.0
aluum,0,24,24,1.0
shan,9,15,24,0.625
semana,0,24,24,1.0
eaton,14,10,24,0.417
blocker,1,23,24,0.958
chandler,7,17,24,0.708
mire,16,8,24,0.333
indow,0,24,24,1.0
vein,3,21,24,0.875
espacio,0,24,24,1.0
twain,5,19,24,0.792
lebroc,24,0,24,0.0
jelli,0,24,24,1.0
misc,22,2,24,0.083
entellig,24,0,24,0.0
ivanho,16,8,24,0.333
stab,13,11,24,0.458
fog,1,23,24,0.958
bat,7,17,24,0.708
huaguang,0,24,24,1.0
rdi,23,1,24,0.042
decompress,0,24,24,1.0
lassen,5,19,24,0.792
ifsl,0,24,24,1.0
sag,15,9,24,0.375
worldcom,21,3,24,0.125
commend,7,17,24,0.708
emptiv,23,1,24,0.042
convolut,9,15,24,0.625
oy,0,24,24,1.0
stellar,10,14,24,0.583
kitagawa,24,0,24,0.0
unseren,0,24,24,1.0
voluntarili,24,0,24,0.0
cesar,2,22,24,0.917
ruptur,16,8,24,0.333
bleak,15,9,24,0.375
starv,6,18,24,0.75
eubank,5,19,24,0.792
krish,24,0,24,0.0
ego,8,16,24,0.667
darn,4,20,24,0.833
newer,17,7,24,0.292
inflamm,0,24,24,1.0
llgra,0,24,24,1.0
brake,9,15,24,0.625
merldlla,0,24,24,1.0
improperli,17,7,24,0.292
xiguan,0,24,24,1.0
ctg,24,0,24,0.0
mort,0,24,24,1.0
diphtheria,0,24,24,1.0
audaci,15,9,24,0.375
microphon,10,14,24,0.583
gigant,3,21,24,0.875
srivastav,24,0,24,0.0
elut,0,24,24,1.0
dye,2,22,24,0.917
manfr,13,11,24,0.458
leigh,15,9,24,0.375
ud,0,24,24,1.0
tome,15,9,24,0.375
towel,10,13,23,0.565
pela,0,23,23,1.0
usta,23,0,23,0.0
amass,6,17,23,0.739
seamless,14,9,23,0.391
pekisko,0,23,23,1.0
chaperon,1,22,23,0.957
appr,0,23,23,1.0
dunton,22,1,23,0.043
almeida,23,0,23,0.0
riskmetr,23,0,23,0.0
subtract,16,7,23,0.304
caneum,0,23,23,1.0
sock,3,20,23,0.87
mandatorili,23,0,23,0.0
hz,1,22,23,0.957
diffeomorph,0,23,23,1.0
elisabeth,11,12,23,0.522
basil,0,23,23,1.0
sialkot,0,23,23,1.0
eogresourc,23,0,23,0.0
ortiz,20,3,23,0.13
apodaca,23,0,23,0.0
anterior,0,23,23,1.0
moyez,23,0,23,0.0
alhaji,0,23,23,1.0
datelin,2,21,23,0.913
realizar,0,23,23,1.0
maestra,0,23,23,1.0
susi,14,9,23,0.391
reinstat,16,7,23,0.304
chew,6,17,23,0.739
poetri,3,20,23,0.87
apposit,0,23,23,1.0
backpack,1,22,23,0.957
discon,0,23,23,1.0
lax,10,13,23,0.565
bribe,5,18,23,0.783
indispens,6,17,23,0.739
burleson,23,0,23,0.0
hutchin,16,7,23,0.304
kingwood,23,0,23,0.0
coiorado,0,23,23,1.0
proportion,13,10,23,0.435
chi,10,13,23,0.565
northrop,16,7,23,0.304
fina,2,21,23,0.913
buffer,5,18,23,0.783
alonso,23,0,23,0.0
increase,0,23,23,1.0
maynard,14,9,23,0.391
prepaid,5,18,23,0.783
arteri,0,23,23,1.0
binomi,14,9,23,0.391
evt,23,0,23,0.0
tiaiiti,0,23,23,1.0
fmc,17,6,23,0.261
parliament,8,15,23,0.652
antoin,4,19,23,0.826
chromium,0,23,23,1.0
blaster,0,23,23,1.0
higgin,12,11,23,0.478
coker,9,14,23,0.609
contenti,14,9,23,0.391
qin,0,23,23,1.0
nach,0,23,23,1.0
durham,7,16,23,0.696
lamar,20,3,23,0.13
valet,14,9,23,0.391
mmc,20,3,23,0.13
clare,8,15,23,0.652
marsh,14,9,23,0.391
journalist,22,1,23,0.043
fritz,10,13,23,0.565
fsd,3,20,23,0.87
yell,8,15,23,0.652
dessert,12,11,23,0.478
confiden,0,23,23,1.0
negro,2,21,23,0.913
ramif,20,3,23,0.13
gepl,23,0,23,0.0
nyt,23,0,23,0.0
cretin,0,23,23,1.0
rosevil,23,0,23,0.0
ferrou,17,6,23,0.261
brant,10,13,23,0.565
tussl,0,23,23,1.0
tentacl,5,18,23,0.783
fiie,0,23,23,1.0
smack,3,20,23,0.87
cling,5,18,23,0.783
jacquelyn,23,0,23,0.0
gran,4,19,23,0.826
roug,20,3,23,0.13
ssa,0,23,23,1.0
octan,15,8,23,0.348
ineffect,11,12,23,0.522
burrough,7,16,23,0.696
ablaz,0,23,23,1.0
bronx,2,21,23,0.913
comport,1,22,23,0.957
enmax,23,0,23,0.0
undertaken,13,10,23,0.435
jpl,0,23,23,1.0
appel,3,20,23,0.87
inner,6,17,23,0.739
bjp,22,1,23,0.043
seldom,4,19,23,0.826
mannheim,22,1,23,0.043
afiliado,0,23,23,1.0
biject,0,23,23,1.0
railroad,13,10,23,0.435
eme,11,12,23,0.522
weekday,13,10,23,0.435
jessi,16,7,23,0.304
censu,2,21,23,0.913
yvonn,18,5,23,0.217
decontrol,0,23,23,1.0
paradox,4,19,23,0.826
miranda,10,13,23,0.565
flatul,0,23,23,1.0
referendum,21,2,23,0.087
doiiar,0,23,23,1.0
fosdick,23,0,23,0.0
sourceforg,0,23,23,1.0
axi,11,12,23,0.522
urin,1,22,23,0.957
,20,3,23,0.13
sede,0,23,23,1.0
consul,4,19,23,0.826
crcommun,23,0,23,0.0
ero,14,9,23,0.391
fujitsu,5,18,23,0.783
envo,0,23,23,1.0
amazingli,5,18,23,0.783
westport,9,14,23,0.609
trylogo,0,23,23,1.0
grubert,23,0,23,0.0
downtim,16,7,23,0.304
wakefield,22,1,23,0.043
fourti,0,23,23,1.0
despis,1,22,23,0.957
adolesc,1,22,23,0.957
eighth,16,7,23,0.304
tbodi,0,23,23,1.0
bimetal,0,23,23,1.0
grape,4,19,23,0.826
befog,0,23,23,1.0
malowney,23,0,23,0.0
bj,5,18,23,0.783
leonard,12,11,23,0.478
ellenberg,23,0,23,0.0
colt,6,17,23,0.739
earthmov,0,23,23,1.0
abbey,12,11,23,0.478
worldexpo,0,23,23,1.0
cheesi,1,22,23,0.957
maneuv,17,6,23,0.261
reservado,0,23,23,1.0
photosh,0,23,23,1.0
dixon,14,9,23,0.391
caltech,2,21,23,0.913
platter,17,6,23,0.261
lester,17,6,23,0.261
ddr,1,22,23,0.957
waterhous,3,20,23,0.87
medzonlin,0,23,23,1.0
shortest,10,13,23,0.565
puma,0,23,23,1.0
rmb,0,23,23,1.0
brownsvil,23,0,23,0.0
mli,0,23,23,1.0
darveaux,23,0,23,0.0
hacienda,0,23,23,1.0
fob,16,7,23,0.304
summaris,23,0,23,0.0
fresco,0,23,23,1.0
statem,0,23,23,1.0
concoct,0,23,23,1.0
virtuaili,0,23,23,1.0
rash,4,19,23,0.826
junip,17,6,23,0.261
curs,3,20,23,0.87
bern,2,21,23,0.913
xaanax,0,23,23,1.0
kidwarm,0,23,23,1.0
ry,0,23,23,1.0
daytim,6,17,23,0.739
externa,0,23,23,1.0
har,9,14,23,0.609
tutor,11,12,23,0.522
generos,12,11,23,0.478
clarissa,23,0,23,0.0
advocaci,15,8,23,0.348
adjunct,5,18,23,0.783
stearn,18,5,23,0.217
ting,1,22,23,0.957
phot,0,23,23,1.0
furrow,16,7,23,0.304
winhundr,0,23,23,1.0
cw,11,12,23,0.522
soften,12,11,23,0.478
collong,23,0,23,0.0
circu,5,18,23,0.783
microbi,0,23,23,1.0
dsp,3,20,23,0.87
jak,21,2,23,0.087
hennessi,23,0,23,0.0
imped,11,12,23,0.522
brees,23,0,23,0.0
accent,1,22,23,0.957
hinder,18,5,23,0.217
coalesc,0,23,23,1.0
nicosia,18,5,23,0.217
für,0,23,23,1.0
renown,6,17,23,0.739
garri,14,9,23,0.391
grandson,4,19,23,0.826
opp,7,16,23,0.696
rubber,10,13,23,0.565
gon,9,14,23,0.609
churchil,4,19,23,0.826
commer,19,4,23,0.174
ermi,23,0,23,0.0
pyramid,1,22,23,0.957
quotat,3,20,23,0.87
asphalt,7,16,23,0.696
livermor,19,4,23,0.174
lutz,16,7,23,0.304
shippinq,0,23,23,1.0
codeiin,0,23,23,1.0
grossman,12,11,23,0.478
muy,0,23,23,1.0
sildenafil,0,23,23,1.0
reminisc,10,13,23,0.565
segurana,0,23,23,1.0
brien,18,5,23,0.217
strauss,21,2,23,0.087
roth,8,15,23,0.652
kiodex,23,0,23,0.0
motsing,23,0,23,0.0
sfa,23,0,23,0.0
fer,1,22,23,0.957
depict,12,11,23,0.478
retak,1,22,23,0.957
identiai,0,23,23,1.0
elicit,8,15,23,0.652
jani,20,3,23,0.13
rosman,23,0,23,0.0
outfit,17,6,23,0.261
lokey,22,1,23,0.043
optimis,19,4,23,0.174
pigment,0,23,23,1.0
ellipsoid,0,23,23,1.0
amarillo,12,11,23,0.478
lightweight,3,20,23,0.87
clasp,0,23,23,1.0
deceiv,3,20,23,0.87
recaptur,6,17,23,0.739
clamp,3,20,23,0.87
fallback,15,8,23,0.348
artichok,5,18,23,0.783
powergen,23,0,23,0.0
inteliig,0,23,23,1.0
vittal,23,0,23,0.0
gimmick,8,15,23,0.652
vinay,23,0,23,0.0
postur,17,6,23,0.261
informacion,0,23,23,1.0
exhibitor,7,16,23,0.696
castl,1,22,23,0.957
lure,18,5,23,0.217
violent,4,19,23,0.826
biddi,7,16,23,0.696
powerbal,0,23,23,1.0
gleason,15,8,23,0.348
crescendo,18,5,23,0.217
iwon,20,3,23,0.13
auth,20,3,23,0.13
crise,9,14,23,0.609
hydroxyl,0,23,23,1.0
comptrol,9,14,23,0.609
mcgrath,21,2,23,0.087
abba,0,23,23,1.0
speci,8,15,23,0.652
abigail,18,5,23,0.217
proudli,3,20,23,0.87
thai,7,16,23,0.696
guild,2,21,23,0.913
oatt,23,0,23,0.0
opic,21,2,23,0.087
vivo,0,23,23,1.0
webi,22,1,23,0.043
kmo,0,23,23,1.0
whourli,23,0,23,0.0
incub,2,21,23,0.913
unlist,8,15,23,0.652
aguilar,15,8,23,0.348
verb,0,23,23,1.0
toolbar,7,16,23,0.696
softphon,0,23,23,1.0
abram,6,17,23,0.739
dart,3,20,23,0.87
kinneman,23,0,23,0.0
spoil,0,23,23,1.0
forgo,18,5,23,0.217
cowork,9,14,23,0.609
lmp,23,0,23,0.0
ratnala,23,0,23,0.0
gaseou,0,23,23,1.0
sycamor,17,6,23,0.261
irda,0,23,23,1.0
cautionari,15,8,23,0.348
fide,6,17,23,0.739
fairway,10,13,23,0.565
loung,8,15,23,0.652
nline,0,23,23,1.0
citat,4,19,23,0.826
siva,19,4,23,0.174
luke,4,19,23,0.826
howdi,6,16,22,0.727
hereinaft,0,22,22,1.0
artista,0,22,22,1.0
biomed,0,22,22,1.0
gallagh,7,15,22,0.682
emboss,0,22,22,1.0
unbeiivabi,0,22,22,1.0
safekeep,0,22,22,1.0
draper,16,6,22,0.273
pragmat,12,10,22,0.455
unoffici,19,3,22,0.136
tmxt,0,22,22,1.0
stiil,0,22,22,1.0
ke,0,22,22,1.0
uni,11,11,22,0.5
deliquesc,0,22,22,1.0
ftr,22,0,22,0.0
minneapoli,12,10,22,0.455
alec,10,12,22,0.545
foriegn,0,22,22,1.0
reggi,11,11,22,0.5
ang,1,21,22,0.955
hammond,4,18,22,0.818
nightmar,13,9,22,0.409
avril,19,3,22,0.136
eyefon,0,22,22,1.0
baja,15,7,22,0.318
butch,5,17,22,0.773
vai,0,22,22,1.0
seit,0,22,22,1.0
betancourt,22,0,22,0.0
argonn,17,5,22,0.227
foolish,1,21,22,0.955
quadrupi,0,22,22,1.0
controversia,0,22,22,1.0
oppon,14,8,22,0.364
herp,0,22,22,1.0
fuliy,0,22,22,1.0
dialect,0,22,22,1.0
commensur,4,18,22,0.818
undergon,7,15,22,0.682
magnesium,0,22,22,1.0
rata,17,5,22,0.227
requestor,22,0,22,0.0
herd,10,12,22,0.545
fdiebold,22,0,22,0.0
dari,14,8,22,0.364
bunni,2,20,22,0.909
grandmoth,4,18,22,0.818
anchorit,0,22,22,1.0
banburi,0,22,22,1.0
teologa,0,22,22,1.0
rearrang,22,0,22,0.0
caveat,9,13,22,0.591
rivkin,22,0,22,0.0
hath,0,22,22,1.0
durant,3,19,22,0.864
thinkpad,2,20,22,0.909
emerald,4,18,22,0.818
roe,11,11,22,0.5
westmoreland,22,0,22,0.0
picl,22,0,22,0.0
fraught,6,16,22,0.727
viacut,0,22,22,1.0
multilevel,0,22,22,1.0
kyoto,6,16,22,0.727
confound,6,16,22,0.727
pob,19,3,22,0.136
hostag,9,13,22,0.591
inhibit,1,21,22,0.955
ibp,21,1,22,0.045
rebekah,19,3,22,0.136
dado,3,19,22,0.864
muse,15,7,22,0.318
conceit,0,22,22,1.0
slew,17,5,22,0.227
borneo,0,22,22,1.0
generalist,22,0,22,0.0
goug,22,0,22,0.0
rtgage,0,22,22,1.0
ministerio,0,22,22,1.0
telefon,2,20,22,0.909
dtd,0,22,22,1.0
hipaa,0,22,22,1.0
overcharg,22,0,22,0.0
bienenstock,22,0,22,0.0
mckinney,15,7,22,0.318
dirk,10,12,22,0.545
ferromagnet,0,22,22,1.0
ander,7,15,22,0.682
uplift,4,18,22,0.818
flirt,5,17,22,0.773
boatman,11,11,22,0.5
rawhid,15,7,22,0.318
wapa,22,0,22,0.0
niet,0,22,22,1.0
golosko,0,22,22,1.0
dogmat,0,22,22,1.0
scription,0,22,22,1.0
tdimg,0,22,22,1.0
lvlt,1,21,22,0.955
lamin,2,20,22,0.909
indel,0,22,22,1.0
wakeham,22,0,22,0.0
angei,0,22,22,1.0
bestddeal,0,22,22,1.0
oyster,1,21,22,0.955
gn,7,15,22,0.682
hassan,0,22,22,1.0
speedway,4,18,22,0.818
rede,15,7,22,0.318
outgo,13,9,22,0.409
lrc,22,0,22,0.0
heartfelt,5,17,22,0.773
inaccur,9,13,22,0.591
equiva,22,0,22,0.0
adsero,0,22,22,1.0
ada,3,19,22,0.864
freeway,18,4,22,0.182
rmm,0,22,22,1.0
wner,0,22,22,1.0
porqu,0,22,22,1.0
staab,22,0,22,0.0
conspiraci,5,17,22,0.773
ahora,0,22,22,1.0
coward,1,21,22,0.955
emc,20,2,22,0.091
colder,22,0,22,0.0
bulldoz,3,19,22,0.864
windowxp,0,22,22,1.0
tecnologia,0,22,22,1.0
mihalik,22,0,22,0.0
qpix,0,22,22,1.0
bauxit,0,22,22,1.0
shdh,22,0,22,0.0
adsorpt,0,22,22,1.0
visionari,18,4,22,0.182
suttl,22,0,22,0.0
actividad,0,22,22,1.0
worldnet,22,0,22,0.0
daisi,2,20,22,0.909
hydra,0,22,22,1.0
jeann,13,9,22,0.409
caucu,14,8,22,0.364
chap,6,16,22,0.727
bark,6,16,22,0.727
tb,1,21,22,0.955
bookbind,0,22,22,1.0
hannah,10,12,22,0.545
seli,0,22,22,1.0
armm,0,22,22,1.0
physica,0,22,22,1.0
kellogg,14,8,22,0.364
profitabii,0,22,22,1.0
deze,0,22,22,1.0
viiagra,0,22,22,1.0
learnt,12,10,22,0.455
administracin,0,22,22,1.0
geographi,8,14,22,0.636
qb,0,22,22,1.0
areaway,0,22,22,1.0
whip,11,11,22,0.5
fiim,0,22,22,1.0
tglo,22,0,22,0.0
athena,10,12,22,0.545
dubili,22,0,22,0.0
retire,16,6,22,0.273
swiftli,11,11,22,0.5
lame,5,17,22,0.773
brigg,11,11,22,0.5
imprison,0,22,22,1.0
schafer,14,8,22,0.364
commonli,11,11,22,0.5
fujita,22,0,22,0.0
noninvest,22,0,22,0.0
interoffic,21,1,22,0.045
acm,1,21,22,0.955
induct,2,20,22,0.909
oiivier,0,22,22,1.0
rosalinda,20,2,22,0.091
pregnant,3,19,22,0.864
ciacut,0,22,22,1.0
meson,0,22,22,1.0
purif,0,22,22,1.0
andrei,8,14,22,0.636
isoverwheim,0,22,22,1.0
silva,18,4,22,0.182
ridia,0,22,22,1.0
propuls,0,22,22,1.0
hardest,7,15,22,0.682
blacklist,0,22,22,1.0
champ,7,15,22,0.682
fierc,3,19,22,0.864
joanna,13,9,22,0.409
recit,4,18,22,0.818
grado,0,22,22,1.0
visiongain,0,22,22,1.0
offload,12,10,22,0.455
newark,11,11,22,0.5
bco,0,22,22,1.0
hippa,0,22,22,1.0
moneyback,0,22,22,1.0
intestin,2,20,22,0.909
spoon,1,21,22,0.955
ericsson,6,16,22,0.727
comor,0,22,22,1.0
jia,21,1,22,0.045
realm,8,14,22,0.636
wheat,12,10,22,0.455
cowan,10,12,22,0.545
yy,9,13,22,0.591
annuaili,0,22,22,1.0
newsweek,5,17,22,0.773
wgm,22,0,22,0.0
injunct,9,13,22,0.591
servidor,0,22,22,1.0
danmark,0,22,22,1.0
neubauer,22,0,22,0.0
genex,0,22,22,1.0
sith,22,0,22,0.0
predic,8,14,22,0.636
xeril,0,22,22,1.0
petrochemica,0,22,22,1.0
centert,0,22,22,1.0
dissoci,1,21,22,0.955
spsc,0,22,22,1.0
cutback,14,8,22,0.364
oling,21,1,22,0.045
anni,11,11,22,0.5
nnm,21,1,22,0.045
durch,0,22,22,1.0
pharmaceuticai,0,22,22,1.0
mankind,0,22,22,1.0
backwat,3,19,22,0.864
gallon,11,11,22,0.5
dcenterfont,0,22,22,1.0
dit,2,20,22,0.909
kidnap,0,22,22,1.0
sugqest,0,22,22,1.0
nota,0,22,22,1.0
dsi,21,1,22,0.045
crt,5,17,22,0.773
vaiium,0,22,22,1.0
critica,1,21,22,0.955
monument,12,10,22,0.455
getaway,6,16,22,0.727
defiant,16,6,22,0.273
relinquish,7,15,22,0.682
jare,11,11,22,0.5
geolog,0,22,22,1.0
cushman,10,12,22,0.545
isoverwhelminq,0,22,22,1.0
singer,8,14,22,0.636
egpfc,22,0,22,0.0
prorat,19,3,22,0.136
aquariu,0,22,22,1.0
annualiy,0,22,22,1.0
proverb,2,20,22,0.909
codon,0,22,22,1.0
vie,4,18,22,0.818
craze,1,21,22,0.955
bilberri,22,0,22,0.0
entic,9,13,22,0.591
otto,11,11,22,0.5
midpoint,18,4,22,0.182
reassess,22,0,22,0.0
dk,0,22,22,1.0
alhambra,8,14,22,0.636
bitten,0,22,22,1.0
debar,0,22,22,1.0
breastplat,0,22,22,1.0
costum,3,19,22,0.864
matrimoni,0,22,22,1.0
nba,3,19,22,0.864
camino,2,20,22,0.909
socket,4,18,22,0.818
impetu,8,14,22,0.636
necesario,0,22,22,1.0
tzamourani,22,0,22,0.0
deadlock,5,17,22,0.773
aliacut,0,22,22,1.0
prone,6,16,22,0.727
flagship,14,8,22,0.364
vargo,22,0,22,0.0
guerrero,19,3,22,0.136
alguno,0,22,22,1.0
polar,0,22,22,1.0
marsha,16,6,22,0.273
spit,4,18,22,0.818
mailpound,0,22,22,1.0
pn,1,21,22,0.955
cave,9,13,22,0.591
softswitch,0,22,22,1.0
stir,12,10,22,0.455
debe,0,22,22,1.0
blain,6,16,22,0.727
spu,4,18,22,0.818
behold,0,22,22,1.0
lace,10,12,22,0.545
ipaq,11,11,22,0.5
millon,0,22,22,1.0
extraordinarili,16,6,22,0.273
zap,0,22,22,1.0
grandchildren,2,20,22,0.909
taxi,12,10,22,0.455
licensor,12,10,22,0.455
anbsp,0,22,22,1.0
indent,1,21,22,0.955
insulin,7,15,22,0.682
layla,22,0,22,0.0
scriptur,2,20,22,0.909
neighbour,5,17,22,0.773
solder,0,22,22,1.0
cassett,0,22,22,1.0
piecem,19,3,22,0.136
isaac,3,19,22,0.864
yate,16,6,22,0.273
oxid,0,22,22,1.0
tttp,0,22,22,1.0
reboot,12,10,22,0.455
sunncomm,0,22,22,1.0
decompos,5,17,22,0.773
epi,22,0,22,0.0
nate,5,17,22,0.773
atft,0,22,22,1.0
batik,0,22,22,1.0
bom,22,0,22,0.0
nixon,9,13,22,0.591
boreali,8,14,22,0.636
oxi,20,2,22,0.091
vu,15,7,22,0.318
riot,10,12,22,0.545
dorcheu,22,0,22,0.0
finess,0,22,22,1.0
obsess,3,19,22,0.864
diagnosi,1,21,22,0.955
upw,0,22,22,1.0
intersect,14,8,22,0.364
sddp,22,0,22,0.0
cain,4,18,22,0.818
churchyard,0,22,22,1.0
charger,1,21,22,0.955
mitosi,0,21,21,1.0
bower,17,4,21,0.19
daugherti,10,11,21,0.524
gretchen,11,10,21,0.476
astrophys,1,20,21,0.952
decision,2,19,21,0.905
salesperson,13,8,21,0.381
tp,1,20,21,0.952
ethernet,1,20,21,0.952
pavilion,11,10,21,0.476
pvc,5,16,21,0.762
juliet,13,8,21,0.381
ister,0,21,21,1.0
mcluca,21,0,21,0.0
reinhard,0,21,21,1.0
chrome,4,17,21,0.81
fiala,21,0,21,0.0
starter,16,5,21,0.238
mj,12,9,21,0.429
petersburg,8,13,21,0.619
gillett,11,10,21,0.476
lawn,7,14,21,0.667
improvis,0,21,21,1.0
larson,11,10,21,0.476
hoff,16,5,21,0.238
phenomena,4,17,21,0.81
martel,21,0,21,0.0
robbin,8,13,21,0.619
therapeut,2,19,21,0.905
cheung,1,20,21,0.952
cleric,6,15,21,0.714
symanntec,0,21,21,1.0
hermann,10,11,21,0.524
planner,12,9,21,0.429
,0,21,21,1.0
oscil,10,11,21,0.524
chemistri,4,17,21,0.81
elc,20,1,21,0.048
crawfish,21,0,21,0.0
ajello,21,0,21,0.0
brim,0,21,21,1.0
acyc,0,21,21,1.0
afforest,0,21,21,1.0
intak,4,17,21,0.81
improprieti,10,11,21,0.524
emperor,3,18,21,0.857
redempt,11,10,21,0.476
rational,16,5,21,0.238
prada,0,21,21,1.0
inclui,0,21,21,1.0
husain,21,0,21,0.0
ansi,6,15,21,0.714
vika,21,0,21,0.0
karima,21,0,21,0.0
holocaust,9,12,21,0.571
qsl,0,21,21,1.0
bereav,0,21,21,1.0
pardon,1,20,21,0.952
insult,7,14,21,0.667
salisburi,17,4,21,0.19
brighten,2,19,21,0.905
backout,21,0,21,0.0
koo,10,11,21,0.524
chalk,7,14,21,0.667
sapsford,21,0,21,0.0
dtoi,0,21,21,1.0
lpg,21,0,21,0.0
specificaliy,0,21,21,1.0
paz,16,5,21,0.238
impel,0,21,21,1.0
deceit,3,18,21,0.857
kidney,4,17,21,0.81
eyefontm,0,21,21,1.0
venezuela,11,10,21,0.476
minn,17,4,21,0.19
scaiabi,0,21,21,1.0
anaheim,4,17,21,0.81
eke,9,12,21,0.571
foo,20,1,21,0.048
einstein,0,21,21,1.0
fcv,21,0,21,0.0
gull,1,20,21,0.952
gerard,11,10,21,0.476
bpub,20,1,21,0.048
ernest,11,10,21,0.476
metropolitan,11,10,21,0.476
agentl,0,21,21,1.0
alden,2,19,21,0.905
entiaiiti,0,21,21,1.0
repaid,17,4,21,0.19
motorcycl,5,16,21,0.762
knife,3,18,21,0.857
dystrophi,4,17,21,0.81
synopsi,12,9,21,0.429
inciudinq,0,21,21,1.0
dynast,0,21,21,1.0
sway,14,7,21,0.333
xinhua,0,21,21,1.0
dobb,11,10,21,0.476
bart,8,13,21,0.619
clyde,5,16,21,0.762
geil,0,21,21,1.0
profesion,0,21,21,1.0
chug,0,21,21,1.0
genco,21,0,21,0.0
algebra,2,19,21,0.905
brunch,5,16,21,0.762
kurt,7,14,21,0.667
whirligig,0,21,21,1.0
rui,0,21,21,1.0
oakland,13,8,21,0.381
datecod,0,21,21,1.0
mallik,21,0,21,0.0
ced,2,19,21,0.905
pago,0,21,21,1.0
alga,0,21,21,1.0
anglican,0,21,21,1.0
antena,0,21,21,1.0
freeport,16,5,21,0.238
cognat,0,21,21,1.0
sketch,10,11,21,0.524
jathon,21,0,21,0.0
iptv,21,0,21,0.0
wireiessli,0,21,21,1.0
mesquita,21,0,21,0.0
demurrag,0,21,21,1.0
konto,2,19,21,0.905
tampa,8,13,21,0.619
hari,19,2,21,0.095
confi,0,21,21,1.0
transpiant,0,21,21,1.0
timekeep,21,0,21,0.0
hindranc,4,17,21,0.81
goat,1,20,21,0.952
cybernet,0,21,21,1.0
subvert,2,19,21,0.905
epri,21,0,21,0.0
itseif,0,21,21,1.0
chantel,19,2,21,0.095
dearth,3,18,21,0.857
showroom,3,18,21,0.857
uss,0,21,21,1.0
uniform,11,10,21,0.476
jungl,4,17,21,0.81
bajo,0,21,21,1.0
fest,4,17,21,0.81
homolog,0,21,21,1.0
vivid,1,20,21,0.952
brash,7,14,21,0.667
surfer,3,18,21,0.857
hardcopi,19,2,21,0.095
ecth,21,0,21,0.0
sludg,0,21,21,1.0
newyork,19,2,21,0.095
cosst,0,21,21,1.0
bestsel,3,18,21,0.857
guatemaia,0,21,21,1.0
choru,6,15,21,0.714
vv,5,16,21,0.762
piti,6,15,21,0.714
rourk,16,5,21,0.238
lament,5,16,21,0.762
uniprim,21,0,21,0.0
witch,11,10,21,0.476
lazaru,15,6,21,0.286
lipiitor,0,21,21,1.0
monkey,10,11,21,0.524
offsystem,21,0,21,0.0
preach,12,9,21,0.429
prrice,0,21,21,1.0
nev,1,20,21,0.952
mayo,5,16,21,0.762
hostess,4,17,21,0.81
xt,2,19,21,0.905
sengupta,20,1,21,0.048
cleco,21,0,21,0.0
antispam,0,21,21,1.0
bicep,0,21,21,1.0
chaney,20,1,21,0.048
scuttl,14,7,21,0.333
turbul,17,4,21,0.19
gop,17,4,21,0.19
cursor,1,20,21,0.952
hepburn,2,19,21,0.905
augustin,5,16,21,0.762
guzman,21,0,21,0.0
fret,12,9,21,0.429
classif,11,10,21,0.476
blanca,18,3,21,0.143
psalm,16,5,21,0.238
pirat,4,17,21,0.81
vy,9,12,21,0.571
implod,15,6,21,0.286
parcel,4,17,21,0.81
fy,5,16,21,0.762
usman,0,21,21,1.0
kouri,21,0,21,0.0
recentiy,0,21,21,1.0
aso,4,17,21,0.81
aspirin,2,19,21,0.905
adsorb,0,21,21,1.0
rickard,2,19,21,0.905
incredul,0,21,21,1.0
jingm,21,0,21,0.0
ack,5,16,21,0.762
ham,6,15,21,0.714
shakeout,21,0,21,0.0
invari,2,19,21,0.905
reactiv,8,13,21,0.619
playstat,3,18,21,0.857
ianquag,0,21,21,1.0
boardroom,18,3,21,0.143
avow,0,21,21,1.0
mintz,21,0,21,0.0
oom,13,8,21,0.381
ainsley,21,0,21,0.0
landown,13,8,21,0.381
unpredict,14,7,21,0.333
aver,1,20,21,0.952
accident,10,11,21,0.524
tarzan,1,20,21,0.952
avalanch,5,16,21,0.762
nce,0,21,21,1.0
wrapup,18,3,21,0.143
eea,13,8,21,0.381
glucophag,0,21,21,1.0
preprint,21,0,21,0.0
ji,7,14,21,0.667
midwestern,15,6,21,0.286
brogan,21,0,21,0.0
abey,6,15,21,0.714
gag,2,19,21,0.905
tamara,20,1,21,0.048
macrom,0,21,21,1.0
sese,0,21,21,1.0
aggressor,1,20,21,0.952
corral,4,17,21,0.81
glashut,0,21,21,1.0
daylight,6,15,21,0.714
aka,14,7,21,0.333
unforeseen,15,6,21,0.286
aqgi,0,21,21,1.0
homogen,2,19,21,0.905
cll,0,21,21,1.0
assidu,4,17,21,0.81
galleria,21,0,21,0.0
predica,7,14,21,0.667
yourman,21,0,21,0.0
youngberg,21,0,21,0.0
newsl,3,18,21,0.857
cerebr,0,21,21,1.0
wyndham,19,2,21,0.095
kuo,21,0,21,0.0
sari,13,8,21,0.381
capston,2,19,21,0.905
glitch,11,10,21,0.476
imprint,1,20,21,0.952
deirdr,17,4,21,0.19
freebsd,4,17,21,0.81
assail,4,17,21,0.81
tranch,20,1,21,0.048
mellacheruvu,21,0,21,0.0
sukali,21,0,21,0.0
dentiaiiti,0,21,21,1.0
bogdan,21,0,21,0.0
antipod,0,21,21,1.0
bel,1,20,21,0.952
insignific,15,6,21,0.286
darwin,7,14,21,0.667
solberg,21,0,21,0.0
unilater,17,4,21,0.19
overpr,19,2,21,0.095
rofession,0,21,21,1.0
ipanema,0,21,21,1.0
patsi,13,8,21,0.381
poverti,5,16,21,0.762
fpa,16,5,21,0.238
flush,9,12,21,0.571
unter,0,21,21,1.0
clearinghous,21,0,21,0.0
specialis,12,9,21,0.429
foliow,0,21,21,1.0
tycoon,2,19,21,0.905
forens,5,16,21,0.762
plil,0,21,21,1.0
barbado,0,21,21,1.0
wsi,20,1,21,0.048
personai,0,21,21,1.0
mould,1,20,21,0.952
delin,10,11,21,0.524
pea,0,21,21,1.0
karthik,21,0,21,0.0
derbi,3,18,21,0.857
tonya,16,5,21,0.238
curb,9,12,21,0.571
armor,4,17,21,0.81
upland,0,21,21,1.0
voyag,6,15,21,0.714
shipplng,0,21,21,1.0
contradistinct,0,21,21,1.0
stingray,8,13,21,0.619
brownel,14,7,21,0.333
bequest,0,21,21,1.0
tighter,12,9,21,0.429
duct,2,19,21,0.905
tao,4,17,21,0.81
wilkinson,15,6,21,0.286
vestment,0,21,21,1.0
prey,1,20,21,0.952
burglar,0,21,21,1.0
juliu,4,17,21,0.81
nuhan,0,21,21,1.0
dilat,0,21,21,1.0
bedsid,0,21,21,1.0
synergist,1,20,21,0.952
insead,21,0,21,0.0
cyru,14,7,21,0.333
toolkit,7,14,21,0.667
williston,7,14,21,0.667
recognis,13,8,21,0.381
guillermo,16,5,21,0.238
giovannini,21,0,21,0.0
dewar,4,17,21,0.81
titi,0,21,21,1.0
wangfa,21,0,21,0.0
bald,0,21,21,1.0
languish,7,14,21,0.667
cierp,0,21,21,1.0
mold,4,17,21,0.81
canfield,9,12,21,0.571
spenc,17,4,21,0.19
karri,21,0,21,0.0
sneak,5,16,21,0.762
circumcis,0,21,21,1.0
anc,9,12,21,0.571
kneisley,21,0,21,0.0
manifest,7,14,21,0.667
bowi,3,18,21,0.857
vpn,16,5,21,0.238
irrelev,8,13,21,0.619
phantom,7,14,21,0.667
turkish,13,8,21,0.381
merced,11,10,21,0.476
ost,0,21,21,1.0
doesnt,1,20,21,0.952
tucson,6,15,21,0.714
endocrin,0,21,21,1.0
enronavailso,21,0,21,0.0
autonomi,3,18,21,0.857
sculpt,0,21,21,1.0
campion,2,19,21,0.905
stereo,2,19,21,0.905
kilduff,21,0,21,0.0
hy,7,14,21,0.667
birefring,0,21,21,1.0
cush,13,8,21,0.381
benni,2,19,21,0.905
retrospect,18,3,21,0.143
sequenti,11,10,21,0.476
hoecker,21,0,21,0.0
bestir,0,21,21,1.0
stamer,21,0,21,0.0
lind,2,19,21,0.905
inflex,8,13,21,0.619
procrastin,6,15,21,0.714
ernst,12,9,21,0.429
cartograph,0,21,21,1.0
dew,10,11,21,0.524
snore,1,20,21,0.952
arbitrari,13,8,21,0.381
rehabilit,3,18,21,0.857
workgroup,3,18,21,0.857
maior,0,21,21,1.0
flicker,21,0,21,0.0
statut,16,5,21,0.238
mcmullen,17,4,21,0.19
bev,19,2,21,0.095
balli,1,20,21,0.952
dwindl,11,10,21,0.476
lvc,16,5,21,0.238
thesecur,0,21,21,1.0
userid,11,10,21,0.476
loft,6,15,21,0.714
auxiliari,10,11,21,0.524
dleftfont,0,21,21,1.0
emilio,8,13,21,0.619
festa,3,18,21,0.857
breathitt,21,0,21,0.0
dyke,5,16,21,0.762
eia,17,4,21,0.19
lft,20,1,21,0.048
cram,1,20,21,0.952
cantrel,20,1,21,0.048
calam,1,20,21,0.952
prosz,21,0,21,0.0
tumultu,17,4,21,0.19
frusco,21,0,21,0.0
pode,0,21,21,1.0
pepco,21,0,21,0.0
exl,21,0,21,0.0
gaze,4,17,21,0.81
mum,6,15,21,0.714
foresaw,4,17,21,0.81
abridg,5,16,21,0.762
cretac,0,21,21,1.0
emigr,0,20,20,1.0
amput,1,19,20,0.95
rtfm,20,0,20,0.0
sarimah,20,0,20,0.0
sportak,0,20,20,1.0
abomin,0,20,20,1.0
squeal,0,20,20,1.0
ghastli,0,20,20,1.0
hastili,16,4,20,0.2
reyna,18,2,20,0.1
boiler,19,1,20,0.05
gelber,20,0,20,0.0
kmart,12,8,20,0.4
withstand,8,12,20,0.6
retard,12,8,20,0.4
reconfirm,19,1,20,0.05
satisfactorili,8,12,20,0.6
trafficmagnet,0,20,20,1.0
eor,0,20,20,1.0
ambler,20,0,20,0.0
reaiiz,0,20,20,1.0
temo,0,20,20,1.0
infom,14,6,20,0.3
pargrafo,0,20,20,1.0
pepsico,16,4,20,0.2
caress,0,20,20,1.0
barb,16,4,20,0.2
mcnic,20,0,20,0.0
direccin,0,20,20,1.0
dahl,9,11,20,0.55
toe,6,14,20,0.7
cust,2,18,20,0.9
matheson,17,3,20,0.15
outcri,20,0,20,0.0
butan,1,19,20,0.95
scar,5,15,20,0.75
stapl,7,13,20,0.65
barrow,11,9,20,0.45
feerick,20,0,20,0.0
farrel,10,10,20,0.5
pacheco,18,2,20,0.1
iess,0,20,20,1.0
finaiist,0,20,20,1.0
gorgeou,4,16,20,0.8
deepa,20,0,20,0.0
drafte,0,20,20,1.0
soldstart,0,20,20,1.0
cavil,0,20,20,1.0
bose,5,15,20,0.75
northwestern,16,4,20,0.2
grandpa,2,18,20,0.9
gdfx,0,20,20,1.0
bronz,8,12,20,0.6
mcdowel,11,9,20,0.45
cannib,2,18,20,0.9
pike,2,18,20,0.9
rb,3,17,20,0.85
embroil,6,14,20,0.7
mcdevitt,20,0,20,0.0
marijuana,0,20,20,1.0
arbor,2,18,20,0.9
venta,0,20,20,1.0
ceram,1,19,20,0.95
vinyl,6,14,20,0.7
worden,0,20,20,1.0
onlinegenericshop,0,20,20,1.0
allus,3,17,20,0.85
heroin,0,20,20,1.0
schoolchildren,1,19,20,0.95
accentur,20,0,20,0.0
decod,4,16,20,0.8
mov,0,20,20,1.0
siz,0,20,20,1.0
wildest,1,19,20,0.95
tambm,0,20,20,1.0
irresist,2,18,20,0.9
cadr,5,15,20,0.75
peanut,4,16,20,0.8
cheek,1,19,20,0.95
cle,3,17,20,0.85
prvb,0,20,20,1.0
cilck,0,20,20,1.0
gigabyt,4,16,20,0.8
afterthought,3,17,20,0.85
lao,2,18,20,0.9
wd,5,15,20,0.75
rhyme,2,18,20,0.9
bossier,2,18,20,0.9
efecto,0,20,20,1.0
melodi,1,19,20,0.95
puritan,0,20,20,1.0
easyadpost,0,20,20,1.0
bragg,3,17,20,0.85
expiri,13,7,20,0.35
reciept,7,13,20,0.65
tread,11,9,20,0.45
bankofamerica,2,18,20,0.9
bitterroot,1,19,20,0.95
prri,0,20,20,1.0
letterhead,8,12,20,0.6
gel,3,17,20,0.85
costless,12,8,20,0.4
donaldson,5,15,20,0.75
ramo,11,9,20,0.45
garbag,8,12,20,0.6
bole,7,13,20,0.65
sift,11,9,20,0.45
arithmet,4,16,20,0.8
dvr,0,20,20,1.0
hlh,20,0,20,0.0
unload,12,8,20,0.4
unquestion,6,14,20,0.7
fondren,20,0,20,0.0
inbound,13,7,20,0.35
braid,0,20,20,1.0
cdtd,0,20,20,1.0
reveng,3,17,20,0.85
drip,5,15,20,0.75
purcel,14,6,20,0.3
nata,0,20,20,1.0
pinksheet,0,20,20,1.0
icq,1,19,20,0.95
firma,1,19,20,0.95
alumna,0,20,20,1.0
effloresc,0,20,20,1.0
suppii,0,20,20,1.0
itcapp,20,0,20,0.0
gustavo,18,2,20,0.1
fetish,1,19,20,0.95
beatric,7,13,20,0.65
hubri,14,6,20,0.3
dhabol,20,0,20,0.0
comet,5,15,20,0.75
temptat,8,12,20,0.6
tsb,3,17,20,0.85
documentari,5,15,20,0.75
telescop,0,20,20,1.0
seko,0,20,20,1.0
arguabl,20,0,20,0.0
kaminiski,20,0,20,0.0
novic,3,17,20,0.85
zesto,0,20,20,1.0
stain,13,7,20,0.35
microsystem,17,3,20,0.15
mythic,1,19,20,0.95
humid,8,12,20,0.6
selloff,20,0,20,0.0
devolva,0,20,20,1.0
sorrel,14,6,20,0.3
emeritu,9,11,20,0.55
vastar,20,0,20,0.0
seminari,2,18,20,0.9
arialy,0,20,20,1.0
arialretail,0,20,20,1.0
annett,10,10,20,0.5
ltda,3,17,20,0.85
toledo,3,17,20,0.85
adelaid,3,17,20,0.85
oldest,8,12,20,0.6
opil,0,20,20,1.0
anilin,0,20,20,1.0
emaillink,20,0,20,0.0
gosnel,20,0,20,0.0
delus,0,20,20,1.0
buse,10,10,20,0.5
leopold,15,5,20,0.25
hagen,14,6,20,0.3
presumpt,2,18,20,0.9
unnam,20,0,20,0.0
scmi,0,20,20,1.0
trident,3,17,20,0.85
phelp,10,10,20,0.5
byte,7,13,20,0.65
mint,0,20,20,1.0
seguro,0,20,20,1.0
rite,7,13,20,0.65
deduc,3,17,20,0.85
eiectron,0,20,20,1.0
provision,10,10,20,0.5
abazi,0,20,20,1.0
lacey,18,2,20,0.1
authorit,7,13,20,0.65
qti,16,4,20,0.2
bristow,20,0,20,0.0
cre,12,8,20,0.4
crumb,0,20,20,1.0
problemat,15,5,20,0.25
sting,3,17,20,0.85
particl,5,15,20,0.75
scrutin,18,2,20,0.1
neutraceut,0,20,20,1.0
dixieland,0,20,20,1.0
dh,10,10,20,0.5
swung,8,12,20,0.6
doomsday,9,11,20,0.55
wax,5,15,20,0.75
ccprivacypolici,20,0,20,0.0
zoo,2,18,20,0.9
couch,6,14,20,0.7
depositari,4,16,20,0.8
firstcail,0,20,20,1.0
birk,0,20,20,1.0
silvia,17,3,20,0.15
jitteri,12,8,20,0.4
spawn,15,5,20,0.25
gig,7,13,20,0.65
bombard,3,17,20,0.85
rockwel,5,15,20,0.75
repent,1,19,20,0.95
cape,0,20,20,1.0
financiero,0,20,20,1.0
camil,10,10,20,0.5
wavescrib,0,20,20,1.0
straw,13,7,20,0.35
accompiish,0,20,20,1.0
keeney,20,0,20,0.0
brande,20,0,20,0.0
ida,2,18,20,0.9
idc,4,16,20,0.8
tdtrtd,0,20,20,1.0
tangl,15,5,20,0.25
cj,3,17,20,0.85
wheelabr,20,0,20,0.0
bav,20,0,20,0.0
padron,17,3,20,0.15
ivan,3,17,20,0.85
cordon,0,20,20,1.0
dibbl,0,20,20,1.0
poli,7,13,20,0.65
clemon,18,2,20,0.1
transpir,7,13,20,0.65
brock,11,9,20,0.45
embarass,1,19,20,0.95
mein,1,19,20,0.95
eixo,0,20,20,1.0
gotshal,20,0,20,0.0
avion,3,17,20,0.85
addida,0,20,20,1.0
giancola,20,0,20,0.0
insect,3,17,20,0.85
hpp,0,20,20,1.0
ecours,0,20,20,1.0
ama,1,19,20,0.95
kpmg,16,4,20,0.2
soiid,0,20,20,1.0
claremont,6,14,20,0.7
dolan,4,16,20,0.8
lactam,0,20,20,1.0
snyder,16,4,20,0.2
csnet,0,20,20,1.0
gte,20,0,20,0.0
qbmjpvsh,0,20,20,1.0
kdv,0,20,20,1.0
gulati,0,20,20,1.0
iif,19,1,20,0.05
ffaoa,0,20,20,1.0
middleman,13,7,20,0.35
orchestr,6,14,20,0.7
cathod,0,20,20,1.0
ription,0,20,20,1.0
viripot,0,20,20,1.0
siqnificantli,0,20,20,1.0
flashlight,0,20,20,1.0
workday,12,8,20,0.4
dallman,20,0,20,0.0
thinkbank,20,0,20,0.0
standbi,14,6,20,0.3
kline,17,3,20,0.15
busp,0,20,20,1.0
jorg,14,6,20,0.3
executor,0,20,20,1.0
maac,20,0,20,0.0
underst,18,2,20,0.1
photooshop,0,20,20,1.0
pui,0,20,20,1.0
lebo,20,0,20,0.0
rapidiy,0,20,20,1.0
foreclosur,1,19,20,0.95
hst,0,20,20,1.0
worship,10,10,20,0.5
feld,20,0,20,0.0
infodel,0,20,20,1.0
pest,3,17,20,0.85
estrategia,0,20,20,1.0
musician,3,17,20,0.85
sommer,20,0,20,0.0
rri,15,5,20,0.25
ailow,0,20,20,1.0
forthright,11,9,20,0.45
liu,13,7,20,0.35
seam,14,6,20,0.3
dawson,12,8,20,0.4
sein,0,20,20,1.0
firstenergi,20,0,20,0.0
actress,1,19,20,0.95
kirkpatrick,19,1,20,0.05
einen,0,20,20,1.0
lrcj,0,20,20,1.0
estudio,0,20,20,1.0
verleg,20,0,20,0.0
stretcher,0,20,20,1.0
kr,4,16,20,0.8
jointpain,0,20,20,1.0
shiv,18,2,20,0.1
miyai,20,0,20,0.0
vienna,8,12,20,0.6
statur,7,13,20,0.65
columnist,19,1,20,0.05
mixer,20,0,20,0.0
sweeti,1,19,20,0.95
denigr,3,17,20,0.85
emi,16,4,20,0.2
spokesmen,16,4,20,0.2
bernic,10,10,20,0.5
counterflow,0,20,20,1.0
isl,1,19,20,0.95
enquir,1,19,20,0.95
fairi,2,18,20,0.9
vuchetich,20,0,20,0.0
hazel,1,19,20,0.95
thunder,6,14,20,0.7
juvenil,12,8,20,0.4
ier,0,20,20,1.0
waterloo,18,2,20,0.1
snider,17,3,20,0.15
cipro,3,17,20,0.85
cna,2,18,20,0.9
doorkeep,0,20,20,1.0
beacon,3,17,20,0.85
altra,18,2,20,0.1
comerci,0,20,20,1.0
godfrey,17,3,20,0.15
youll,0,20,20,1.0
penal,14,6,20,0.3
mcfadden,11,9,20,0.45
copel,20,0,20,0.0
submitt,15,5,20,0.25
wander,7,13,20,0.65
lobbyist,20,0,20,0.0
gsa,12,8,20,0.4
bulb,11,9,20,0.45
discouunt,0,20,20,1.0
bale,2,18,20,0.9
fighter,8,12,20,0.6
ceilular,0,20,20,1.0
ghirardelli,0,20,20,1.0
bloomer,20,0,20,0.0
exterior,2,18,20,0.9
telegeographi,0,20,20,1.0
antagonist,6,14,20,0.7
bridget,10,10,20,0.5
explic,0,20,20,1.0
alimoni,0,20,20,1.0
nebulaeroad,0,20,20,1.0
harshbarg,20,0,20,0.0
minow,20,0,20,0.0
atc,20,0,20,0.0
mendelsohn,20,0,20,0.0
gmx,0,20,20,1.0
spurt,4,16,20,0.8
sacrament,0,20,20,1.0
bona,6,14,20,0.7
banana,6,14,20,0.7
abdulla,0,20,20,1.0
stringent,3,17,20,0.85
mackenzi,15,5,20,0.25
mindspr,18,2,20,0.1
fadi,0,20,20,1.0
fromact,0,20,20,1.0
bluff,10,10,20,0.5
countrywid,0,20,20,1.0
amd,1,19,20,0.95
weld,4,16,20,0.8
firewir,0,20,20,1.0
salad,14,6,20,0.3
foi,0,20,20,1.0
webseit,0,20,20,1.0
faulti,12,8,20,0.4
cozi,5,15,20,0.75
selfish,2,18,20,0.9
geynil,20,0,20,0.0
refere,2,18,20,0.9
juliann,20,0,20,0.0
arialour,0,20,20,1.0
angelika,20,0,20,0.0
stockman,20,0,20,0.0
centertrtd,0,20,20,1.0
outweigh,19,1,20,0.05
pow,3,17,20,0.85
unl,9,11,20,0.55
feast,6,14,20,0.7
censori,0,20,20,1.0
underestim,15,5,20,0.25
gri,19,1,20,0.05
curtain,10,10,20,0.5
cornelia,1,19,20,0.95
drawback,10,10,20,0.5
desarrollo,0,20,20,1.0
sofya,20,0,20,0.0
ikoyi,0,20,20,1.0
embroid,0,20,20,1.0
markham,8,12,20,0.6
gv,0,20,20,1.0
nippon,11,9,20,0.45
salesman,4,16,20,0.8
pablo,10,10,20,0.5
propound,1,19,20,0.95
bradshaw,1,19,20,0.95
nascent,8,12,20,0.6
puppi,13,7,20,0.35
tackett,18,2,20,0.1
arialba,0,20,20,1.0
bellweth,13,7,20,0.35
treati,5,15,20,0.75
complac,6,14,20,0.7
blog,0,20,20,1.0
lucia,3,17,20,0.85
anod,0,20,20,1.0
shoemak,10,10,20,0.5
nowbuy,0,20,20,1.0
applebi,8,12,20,0.6
detest,0,20,20,1.0
staid,14,6,20,0.3
baromet,7,13,20,0.65
statewid,16,4,20,0.2
skittish,20,0,20,0.0
efa,20,0,20,0.0
brow,0,20,20,1.0
caption,11,9,20,0.45
paln,0,20,20,1.0
glitter,5,15,20,0.75
wwwl,7,13,20,0.65
crisp,3,17,20,0.85
connector,3,17,20,0.85
aicohoi,0,20,20,1.0
frontera,20,0,20,0.0
jh,1,18,19,0.947
cowri,0,19,19,1.0
harmless,9,10,19,0.526
biock,0,19,19,1.0
presenta,0,19,19,1.0
aquisit,8,11,19,0.579
pilgrim,8,11,19,0.579
aerofoammet,0,19,19,1.0
diferent,0,19,19,1.0
loot,0,19,19,1.0
interperson,19,0,19,0.0
delicti,0,19,19,1.0
businessmen,5,14,19,0.737
sheppard,12,7,19,0.368
mandamu,1,18,19,0.947
bannersgomlm,0,19,19,1.0
pinnaclegli,0,19,19,1.0
afield,3,16,19,0.842
slava,19,0,19,0.0
startinq,0,19,19,1.0
dsm,11,8,19,0.421
bilinear,0,19,19,1.0
bigfoot,16,3,19,0.158
pennystock,0,19,19,1.0
blunder,3,16,19,0.842
drainag,4,15,19,0.789
mation,1,18,19,0.947
edna,5,14,19,0.737
ubsenergi,19,0,19,0.0
stevenson,14,5,19,0.263
ensembl,12,7,19,0.368
worrisom,16,3,19,0.158
roiex,0,19,19,1.0
daten,12,7,19,0.368
averi,3,16,19,0.842
roo,17,2,19,0.105
elast,6,13,19,0.684
kallipoleo,18,1,19,0.053
prefix,2,17,19,0.895
ofrec,0,19,19,1.0
impenetr,8,11,19,0.579
sooftwar,0,19,19,1.0
snfx,0,19,19,1.0
cologn,7,12,19,0.632
chais,0,19,19,1.0
infor,1,18,19,0.947
avoc,0,19,19,1.0
xe,0,19,19,1.0
sordo,19,0,19,0.0
sem,1,18,19,0.947
ala,2,17,19,0.895
infact,1,18,19,0.947
acción,0,19,19,1.0
toil,7,12,19,0.632
isabel,9,10,19,0.526
dar,0,19,19,1.0
enviabl,1,18,19,0.947
anaiysi,0,19,19,1.0
aithough,0,19,19,1.0
romant,8,11,19,0.579
coexist,2,17,19,0.895
heller,15,4,19,0.211
rust,11,8,19,0.421
poorli,16,3,19,0.158
euphoria,5,14,19,0.737
snowmobil,1,18,19,0.947
vom,6,13,19,0.684
blackburn,4,15,19,0.789
literaci,15,4,19,0.211
oscilloscop,0,19,19,1.0
fdic,1,18,19,0.947
yanzhou,0,19,19,1.0
apiec,8,11,19,0.579
pedido,0,19,19,1.0
simou,19,0,19,0.0
lallani,19,0,19,0.0
cardiovascular,0,19,19,1.0
sina,9,10,19,0.526
racial,14,5,19,0.263
srm,19,0,19,0.0
zocor,0,19,19,1.0
cornwal,0,19,19,1.0
affluent,2,17,19,0.895
prilosec,0,19,19,1.0
ned,10,9,19,0.474
xtreme,0,19,19,1.0
darken,2,17,19,0.895
mjg,19,0,19,0.0
overail,0,19,19,1.0
compay,1,18,19,0.947
humil,0,19,19,1.0
grecian,0,19,19,1.0
pare,13,6,19,0.316
essex,2,17,19,0.895
fellowship,13,6,19,0.316
slope,9,10,19,0.526
rome,8,11,19,0.579
emphat,3,16,19,0.842
barefoot,0,19,19,1.0
ensid,19,0,19,0.0
nosotro,0,19,19,1.0
egyptian,2,17,19,0.895
eprocur,19,0,19,0.0
gould,11,8,19,0.421
cherub,0,19,19,1.0
mujica,19,0,19,0.0
psi,13,6,19,0.316
amtrak,2,17,19,0.895
tug,6,13,19,0.684
blumenth,7,12,19,0.632
alma,8,11,19,0.579
coloss,7,12,19,0.632
soffttwar,0,19,19,1.0
holi,1,18,19,0.947
tha,7,12,19,0.632
guerriero,19,0,19,0.0
chanceri,5,14,19,0.737
hanna,1,18,19,0.947
acclam,0,19,19,1.0
raleigh,11,8,19,0.421
elk,1,18,19,0.947
ravish,0,19,19,1.0
aromat,1,18,19,0.947
damit,1,18,19,0.947
suntrust,7,12,19,0.632
gal,0,19,19,1.0
gf,6,13,19,0.684
bonsay,0,19,19,1.0
singi,0,19,19,1.0
unpleas,16,3,19,0.158
cigar,2,17,19,0.895
witter,18,1,19,0.053
balkan,1,18,19,0.947
quarto,0,19,19,1.0
breech,0,19,19,1.0
tylenol,0,19,19,1.0
yuni,0,19,19,1.0
psychic,0,19,19,1.0
defi,8,11,19,0.579
sofftware,0,19,19,1.0
fatima,0,19,19,1.0
inf,0,19,19,1.0
sabbat,10,9,19,0.474
commissariat,1,18,19,0.947
ibc,0,19,19,1.0
exult,0,19,19,1.0
acctg,19,0,19,0.0
ingest,0,19,19,1.0
tcp,16,3,19,0.158
raghavan,19,0,19,0.0
viicodin,0,19,19,1.0
danielson,10,9,19,0.474
neve,13,6,19,0.316
servio,0,19,19,1.0
lima,5,14,19,0.737
madra,0,19,19,1.0
berti,3,16,19,0.842
angelo,8,11,19,0.579
shaki,11,8,19,0.421
serviço,0,19,19,1.0
marca,3,16,19,0.842
nossa,0,19,19,1.0
germin,0,19,19,1.0
apartamento,0,19,19,1.0
pharmaceutica,0,19,19,1.0
beforehand,12,7,19,0.368
prophet,1,18,19,0.947
centric,5,14,19,0.737
muzzi,19,0,19,0.0
wholesalebyu,0,19,19,1.0
basalt,0,19,19,1.0
internacion,0,19,19,1.0
infecti,0,19,19,1.0
usr,2,17,19,0.895
automorph,0,19,19,1.0
alphanumer,2,17,19,0.895
wentworth,1,18,19,0.947
pickl,9,10,19,0.526
obasanjo,0,19,19,1.0
lev,4,15,19,0.789
rae,13,6,19,0.316
ching,14,5,19,0.263
finch,0,19,19,1.0
sba,0,19,19,1.0
boyc,2,17,19,0.895
riskpubl,19,0,19,0.0
cane,2,17,19,0.895
unnerv,19,0,19,0.0
realti,15,4,19,0.211
malais,12,7,19,0.368
raanan,0,19,19,1.0
sheriff,7,12,19,0.632
iilustr,0,19,19,1.0
þ,0,19,19,1.0
contour,0,19,19,1.0
dynamit,0,19,19,1.0
anlisi,0,19,19,1.0
gpi,17,2,19,0.105
jayant,19,0,19,0.0
angu,7,12,19,0.632
acerb,0,19,19,1.0
shockwav,12,7,19,0.368
pilar,14,5,19,0.263
vincejkaminski,19,0,19,0.0
laboratorio,0,19,19,1.0
brine,10,9,19,0.474
caviar,1,18,19,0.947
pak,7,12,19,0.632
inanc,1,18,19,0.947
diagrammat,14,5,19,0.263
leschber,19,0,19,0.0
dewi,0,19,19,1.0
lightfoot,19,0,19,0.0
crest,2,17,19,0.895
hash,7,12,19,0.632
claret,0,19,19,1.0
bobcat,1,18,19,0.947
oeuvr,7,12,19,0.632
pverd,19,0,19,0.0
overs,5,14,19,0.737
chromat,0,19,19,1.0
visioson,0,19,19,1.0
erron,6,13,19,0.684
iov,0,19,19,1.0
oppress,0,19,19,1.0
flesh,4,15,19,0.789
cg,6,13,19,0.684
lumin,6,13,19,0.684
fiat,0,19,19,1.0
muchacho,0,19,19,1.0
frederick,2,17,19,0.895
cogentrix,19,0,19,0.0
trigon,18,1,19,0.053
roan,18,1,19,0.053
contravent,2,17,19,0.895
sundanc,12,7,19,0.368
buuyi,0,19,19,1.0
cardhold,10,9,19,0.474
sme,4,15,19,0.789
cep,0,19,19,1.0
tack,9,10,19,0.526
tbd,19,0,19,0.0
ape,0,19,19,1.0
hte,3,16,19,0.842
ballard,9,10,19,0.526
vacuna,0,19,19,1.0
lever,11,8,19,0.421
echterhoff,19,0,19,0.0
crank,6,13,19,0.684
eletrobolt,19,0,19,0.0
dartmouth,6,13,19,0.684
larsen,16,3,19,0.158
southeastern,16,3,19,0.158
patric,6,13,19,0.684
rasmussen,16,3,19,0.158
spout,0,19,19,1.0
abzt,0,19,19,1.0
stricter,14,5,19,0.263
indesiqn,0,19,19,1.0
processo,0,19,19,1.0
subscr,0,19,19,1.0
canvass,3,16,19,0.842
vitra,0,19,19,1.0
combinatori,12,7,19,0.368
downsiz,9,10,19,0.526
axl,3,16,19,0.842
individua,0,19,19,1.0
botch,7,12,19,0.632
polska,19,0,19,0.0
cano,0,19,19,1.0
entireiy,0,19,19,1.0
fsp,19,0,19,0.0
acock,19,0,19,0.0
blur,1,18,19,0.947
flavin,19,0,19,0.0
essay,12,7,19,0.368
astray,3,16,19,0.842
noisi,0,19,19,1.0
abaixo,0,19,19,1.0
majorwitz,19,0,19,0.0
pgtt,19,0,19,0.0
carmin,12,7,19,0.368
pieza,0,19,19,1.0
panason,7,12,19,0.632
mang,14,5,19,0.263
rahaim,19,0,19,0.0
trailblaz,18,1,19,0.053
krishnaswami,19,0,19,0.0
lore,9,10,19,0.526
arb,18,1,19,0.053
dewey,5,14,19,0.737
grayish,0,19,19,1.0
vermont,2,17,19,0.895
cohes,6,13,19,0.684
kunkel,19,0,19,0.0
dens,6,13,19,0.684
usbo,0,19,19,1.0
acl,3,16,19,0.842
terman,19,0,19,0.0
azor,17,2,19,0.105
voyeur,0,19,19,1.0
crocodil,4,15,19,0.789
faint,3,16,19,0.842
delphin,1,18,19,0.947
metaphor,4,15,19,0.789
rafah,0,19,19,1.0
eldridg,19,0,19,0.0
shotgun,12,7,19,0.368
shortcom,14,5,19,0.263
aslg,0,19,19,1.0
gaylord,0,19,19,1.0
disposabi,0,19,19,1.0
margot,17,2,19,0.105
vietnam,11,8,19,0.421
benton,3,16,19,0.842
saxet,19,0,19,0.0
tener,0,19,19,1.0
catapult,5,14,19,0.737
surgeon,7,12,19,0.632
ferragamo,0,19,19,1.0
escada,0,19,19,1.0
sibl,2,17,19,0.895
widest,2,17,19,0.895
yzc,0,19,19,1.0
cuccia,19,0,19,0.0
cerberu,3,16,19,0.842
cabbag,0,19,19,1.0
cunfingham,0,19,19,1.0
expertfind,19,0,19,0.0
vìagra,0,19,19,1.0
canfibr,19,0,19,0.0
penl,0,19,19,1.0
citizenship,7,12,19,0.632
childhood,1,18,19,0.947
bnppariba,19,0,19,0.0
compo,0,19,19,1.0
rampant,4,15,19,0.789
theolog,0,19,19,1.0
pessimist,14,5,19,0.263
maloney,14,5,19,0.263
nash,7,12,19,0.632
facto,6,13,19,0.684
grammi,17,2,19,0.105
advent,8,11,19,0.579
multilater,16,3,19,0.158
mk,9,10,19,0.526
nutrient,0,19,19,1.0
aber,0,19,19,1.0
bakeri,0,19,19,1.0
insecur,0,19,19,1.0
rescind,9,10,19,0.526
entrada,0,19,19,1.0
dreyfu,19,0,19,0.0
fuii,0,19,19,1.0
squat,2,17,19,0.895
ue,8,11,19,0.579
merlin,15,4,19,0.211
crump,8,11,19,0.579
derat,13,6,19,0.316
vlagrra,0,19,19,1.0
ile,7,12,19,0.632
narongwanich,19,0,19,0.0
uw,1,18,19,0.947
guthri,10,9,19,0.474
johann,9,10,19,0.526
ttmt,0,19,19,1.0
telemarket,0,19,19,1.0
freetown,0,19,19,1.0
oneself,4,15,19,0.789
damon,4,15,19,0.789
ramsey,10,9,19,0.474
grammar,7,12,19,0.632
greeneri,3,16,19,0.842
rijswijk,0,19,19,1.0
abrog,2,17,19,0.895
propan,14,5,19,0.263
jacqu,9,10,19,0.526
hilcorp,19,0,19,0.0
collag,0,19,19,1.0
copeland,6,13,19,0.684
amtk,0,19,19,1.0
buychepm,0,19,19,1.0
counten,0,19,19,1.0
bookcas,4,15,19,0.789
ativ,0,19,19,1.0
crossbar,0,19,19,1.0
bipartisan,8,11,19,0.579
foray,9,10,19,0.526
lessar,19,0,19,0.0
mansoor,19,0,19,0.0
libr,2,17,19,0.895
foust,19,0,19,0.0
greenbelt,0,19,19,1.0
aeronaut,5,14,19,0.737
cefer,19,0,19,0.0
ondarza,19,0,19,0.0
cork,0,19,19,1.0
luigic,19,0,19,0.0
publi,0,19,19,1.0
snake,3,16,19,0.842
volatii,0,19,19,1.0
caminu,19,0,19,0.0
finalsmok,0,19,19,1.0
negocio,0,19,19,1.0
mackintosh,0,19,19,1.0
cybershop,0,19,19,1.0
wildli,15,4,19,0.211
krausz,19,0,19,0.0
gossip,6,13,19,0.684
ler,0,19,19,1.0
lexington,8,11,19,0.579
unavoid,13,6,19,0.316
blossom,0,19,19,1.0
toolset,2,17,19,0.895
winokur,19,0,19,0.0
fluent,12,7,19,0.368
cvx,19,0,19,0.0
needi,3,16,19,0.842
australi,0,19,19,1.0
piscina,0,19,19,1.0
sleek,1,18,19,0.947
hydrolog,13,6,19,0.316
eliminar,0,19,19,1.0
perpetr,3,16,19,0.842
petersen,17,2,19,0.105
powerpack,0,19,19,1.0
bosien,19,0,19,0.0
gent,8,11,19,0.579
biograph,11,8,19,0.421
actin,0,19,19,1.0
dragstor,0,19,19,1.0
hid,7,11,18,0.611
addi,1,17,18,0.944
secretariat,0,18,18,1.0
laport,18,0,18,0.0
villanueva,18,0,18,0.0
pref,1,17,18,0.944
admonit,1,17,18,0.944
implant,3,15,18,0.833
flagstaff,12,6,18,0.333
raid,10,8,18,0.444
grandfath,8,10,18,0.556
ofici,0,18,18,1.0
secular,0,18,18,1.0
nadia,4,14,18,0.778
congressman,9,9,18,0.5
aduitstem,0,18,18,1.0
coliectiveiy,0,18,18,1.0
belat,6,12,18,0.667
thrust,5,13,18,0.722
dice,2,16,18,0.889
greasi,0,18,18,1.0
vay,0,18,18,1.0
medit,1,17,18,0.944
thunderbird,13,5,18,0.278
amherst,2,16,18,0.889
recalcul,17,1,18,0.056
fletch,9,9,18,0.5
chlorin,0,18,18,1.0
nap,9,9,18,0.5
spate,14,4,18,0.222
frree,0,18,18,1.0
mta,8,10,18,0.556
mclaughlin,11,7,18,0.389
assigne,5,13,18,0.722
peach,9,9,18,0.5
enbridg,18,0,18,0.0
kicker,15,3,18,0.167
lyco,1,17,18,0.944
wildlif,3,15,18,0.833
typeset,8,10,18,0.556
nord,18,0,18,0.0
eagerli,6,12,18,0.667
peru,6,12,18,0.667
prev,7,11,18,0.611
instantan,7,11,18,0.611
omer,1,17,18,0.944
dmfcc,0,18,18,1.0
mobutu,0,18,18,1.0
cult,3,15,18,0.833
darialbr,0,18,18,1.0
jarrett,15,3,18,0.167
hue,2,16,18,0.889
sweat,6,12,18,0.667
easement,18,0,18,0.0
orator,0,18,18,1.0
xma,10,8,18,0.444
portugues,1,17,18,0.944
adel,0,18,18,1.0
debri,11,7,18,0.389
academi,4,14,18,0.778
crowfoot,0,18,18,1.0
tricia,17,1,18,0.056
yeo,18,0,18,0.0
bunsen,0,18,18,1.0
corona,3,15,18,0.833
expediti,3,15,18,0.833
brogli,0,18,18,1.0
surgica,0,18,18,1.0
electro,2,16,18,0.889
criterion,10,8,18,0.444
degiacinto,18,0,18,0.0
maze,10,8,18,0.444
ej,3,15,18,0.833
kaolin,0,18,18,1.0
confldenti,0,18,18,1.0
defac,0,18,18,1.0
suntan,0,18,18,1.0
patton,6,12,18,0.667
bodywrap,0,18,18,1.0
robhatah,0,18,18,1.0
chatham,5,13,18,0.722
fabl,11,7,18,0.389
culver,3,15,18,0.833
pole,5,13,18,0.722
inequ,2,16,18,0.889
arci,18,0,18,0.0
huh,4,14,18,0.778
gala,9,9,18,0.5
culprit,5,13,18,0.722
swinger,0,18,18,1.0
banish,0,18,18,1.0
banquet,3,15,18,0.833
gilchrist,13,5,18,0.278
downplay,10,8,18,0.444
deve,0,18,18,1.0
solubl,0,18,18,1.0
trinomi,18,0,18,0.0
clk,0,18,18,1.0
prescrlptlonneed,0,18,18,1.0
punctual,2,16,18,0.889
cryptic,5,13,18,0.722
retouch,0,18,18,1.0
felton,15,3,18,0.167
handshak,13,5,18,0.278
bathroom,0,18,18,1.0
circumstanti,5,13,18,0.722
nardin,0,18,18,1.0
egep,18,0,18,0.0
pud,3,15,18,0.833
dwide,0,18,18,1.0
babel,2,16,18,0.889
pert,1,17,18,0.944
hog,4,14,18,0.778
blay,18,0,18,0.0
crossroad,7,11,18,0.611
corrobor,6,12,18,0.667
loosen,11,7,18,0.389
dutt,18,0,18,0.0
bk,0,18,18,1.0
laps,9,9,18,0.5
mccabe,10,8,18,0.444
rural,5,13,18,0.722
turbopark,18,0,18,0.0
scottish,10,8,18,0.444
boudreaux,16,2,18,0.111
munich,6,12,18,0.667
georgetown,13,5,18,0.278
cdc,7,11,18,0.611
anvil,0,18,18,1.0
wyatt,11,7,18,0.389
coddl,3,15,18,0.833
dbsj,0,18,18,1.0
lifelin,13,5,18,0.278
roxann,1,17,18,0.944
glove,8,10,18,0.556
erhalten,3,15,18,0.833
uv,0,18,18,1.0
snoop,2,16,18,0.889
barron,13,5,18,0.278
wanadoo,0,18,18,1.0
rosa,8,10,18,0.556
scrub,10,8,18,0.444
despair,1,17,18,0.944
profissionai,0,18,18,1.0
breaker,14,4,18,0.222
burt,6,12,18,0.667
barker,15,3,18,0.167
conniv,0,18,18,1.0
pse,15,3,18,0.167
abras,4,14,18,0.778
estockquest,0,18,18,1.0
onfidentiai,0,18,18,1.0
piso,1,17,18,0.944
dcent,0,18,18,1.0
butadien,0,18,18,1.0
fredericksburg,0,18,18,1.0
heavier,3,15,18,0.833
automaticaiiy,0,18,18,1.0
dengi,18,0,18,0.0
vpp,18,0,18,0.0
hpll,18,0,18,0.0
springer,3,15,18,0.833
soeldner,18,0,18,0.0
claustrophob,0,18,18,1.0
bluebonnet,8,10,18,0.556
transfus,0,18,18,1.0
moan,2,16,18,0.889
bridesmaid,1,17,18,0.944
chees,3,15,18,0.833
centenni,7,11,18,0.611
jig,2,16,18,0.889
cleav,0,18,18,1.0
pdo,15,3,18,0.167
inheritor,0,18,18,1.0
cacophonist,0,18,18,1.0
geni,12,6,18,0.333
fsb,0,18,18,1.0
roommat,8,10,18,0.556
deactiv,7,11,18,0.611
shankster,18,0,18,0.0
caiendar,0,18,18,1.0
boland,16,2,18,0.111
obli,0,18,18,1.0
musclerelax,0,18,18,1.0
oman,4,14,18,0.778
weep,1,17,18,0.944
southtrust,0,18,18,1.0
overnlght,0,18,18,1.0
futuro,0,18,18,1.0
dolli,1,17,18,0.944
sido,0,18,18,1.0
urquhart,18,0,18,0.0
convivi,0,18,18,1.0
synonym,2,16,18,0.889
pesticid,0,18,18,1.0
lordship,0,18,18,1.0
airfoil,0,18,18,1.0
vanguard,8,10,18,0.556
hstj,0,18,18,1.0
stanton,13,5,18,0.278
befal,0,18,18,1.0
deforest,0,18,18,1.0
gemston,0,18,18,1.0
situ,0,18,18,1.0
napoleon,0,18,18,1.0
torrent,5,13,18,0.722
clad,1,17,18,0.944
carta,0,18,18,1.0
birmingham,6,12,18,0.667
isoverwheiminq,0,18,18,1.0
sedex,0,18,18,1.0
chimney,7,11,18,0.611
nurit,18,0,18,0.0
append,13,5,18,0.278
ihren,0,18,18,1.0
molecul,9,9,18,0.5
netblah,0,18,18,1.0
annemari,14,4,18,0.222
decker,8,10,18,0.556
ukrainian,1,17,18,0.944
dreadnought,0,18,18,1.0
pani,16,2,18,0.111
levei,0,18,18,1.0
contracept,0,18,18,1.0
latinmail,0,18,18,1.0
desleigh,18,0,18,0.0
osseous,0,18,18,1.0
zuli,18,0,18,0.0
blith,6,12,18,0.667
penman,17,1,18,0.056
cockpit,4,14,18,0.778
housewar,4,14,18,0.778
jamaica,0,18,18,1.0
reverber,9,9,18,0.5
revolt,7,11,18,0.611
shenzhen,0,18,18,1.0
epm,10,8,18,0.444
sprawl,4,14,18,0.778
edinburgh,4,14,18,0.778
condominium,3,15,18,0.833
appolog,6,12,18,0.667
cypress,13,5,18,0.278
sidel,18,0,18,0.0
lurk,13,5,18,0.278
berg,4,14,18,0.778
effac,0,18,18,1.0
intrest,1,17,18,0.944
capricorn,4,14,18,0.778
medicatlon,0,18,18,1.0
vow,10,8,18,0.444
apartheid,0,18,18,1.0
coi,18,0,18,0.0
astral,0,18,18,1.0
amin,5,13,18,0.722
mansion,3,15,18,0.833
annihil,4,14,18,0.778
lovver,0,18,18,1.0
britannica,4,14,18,0.778
crea,0,18,18,1.0
hola,1,17,18,0.944
cobbl,7,11,18,0.611
emitt,0,18,18,1.0
barbitur,0,18,18,1.0
exactseek,0,18,18,1.0
archetyp,0,18,18,1.0
blinn,0,18,18,1.0
nanni,10,8,18,0.444
betsey,0,18,18,1.0
youngest,6,12,18,0.667
dvisor,0,18,18,1.0
oyl,0,18,18,1.0
irma,12,6,18,0.333
sunglass,0,18,18,1.0
insomnia,0,18,18,1.0
dx,2,16,18,0.889
behest,5,13,18,0.722
puff,0,18,18,1.0
persecut,0,18,18,1.0
degum,0,18,18,1.0
asteroid,0,18,18,1.0
chaplainci,0,18,18,1.0
dinnertim,0,18,18,1.0
hungari,6,12,18,0.667
citgo,18,0,18,0.0
pereira,16,2,18,0.111
carcinogen,0,18,18,1.0
lili,4,14,18,0.778
epitom,2,16,18,0.889
rodessa,18,0,18,0.0
weaver,10,8,18,0.444
mortal,2,16,18,0.889
corundum,0,18,18,1.0
pllu,18,0,18,0.0
obdp,0,18,18,1.0
codicil,0,18,18,1.0
layni,18,0,18,0.0
bertrand,0,18,18,1.0
dusti,3,15,18,0.833
gation,0,18,18,1.0
drench,0,18,18,1.0
aisha,13,5,18,0.278
proyecto,1,17,18,0.944
chow,8,10,18,0.556
ezin,0,18,18,1.0
alta,0,18,18,1.0
usdl,2,16,18,0.889
abscissa,0,18,18,1.0
popkin,18,0,18,0.0
tribe,3,15,18,0.833
abrupt,7,11,18,0.611
indecis,11,7,18,0.389
dylan,1,17,18,0.944
autograph,7,11,18,0.611
sou,6,12,18,0.667
rejtman,18,0,18,0.0
ecol,7,11,18,0.611
ingenu,4,14,18,0.778
yc,0,18,18,1.0
dcl,5,13,18,0.722
techno,3,15,18,0.833
absente,2,16,18,0.889
daub,0,18,18,1.0
peng,13,5,18,0.278
coy,1,17,18,0.944
subsidari,18,0,18,0.0
bustl,3,15,18,0.833
exalt,0,18,18,1.0
capitul,5,13,18,0.722
megj,0,18,18,1.0
beep,11,7,18,0.389
thor,11,7,18,0.389
mclean,10,8,18,0.444
djia,14,4,18,0.222
maiiss,0,18,18,1.0
dutton,6,12,18,0.667
bombast,1,17,18,0.944
xil,0,18,18,1.0
borg,3,15,18,0.833
abstain,2,16,18,0.889
discl,0,18,18,1.0
intrud,1,17,18,0.944
gordo,0,18,18,1.0
dishwash,3,15,18,0.833
imagereadi,0,18,18,1.0
saga,12,6,18,0.333
befuddl,0,18,18,1.0
churchgo,0,18,18,1.0
tommorrow,17,1,18,0.056
logitech,1,17,18,0.944
piii,0,18,18,1.0
spinner,17,1,18,0.056
orn,11,7,18,0.389
merciless,1,17,18,0.944
dz,3,15,18,0.833
eureka,1,17,18,0.944
prestig,4,14,18,0.778
moin,11,7,18,0.389
contradict,5,13,18,0.722
corpora,0,18,18,1.0
freak,6,12,18,0.667
gavin,6,12,18,0.667
bake,6,12,18,0.667
carlisl,0,18,18,1.0
emm,0,18,18,1.0
suwn,0,18,18,1.0
mixtur,8,10,18,0.556
hlpplng,0,18,18,1.0
vocal,10,8,18,0.444
repercuss,17,1,18,0.056
gupta,18,0,18,0.0
financewis,18,0,18,0.0
quell,14,4,18,0.222
armload,0,18,18,1.0
consequenti,3,15,18,0.833
inja,18,0,18,0.0
rentabilidad,0,18,18,1.0
unlock,2,16,18,0.889
nudg,6,12,18,0.667
conflagr,0,18,18,1.0
guinea,1,17,18,0.944
atal,17,1,18,0.056
schoolgirl,0,18,18,1.0
neurolog,0,18,18,1.0
underwood,17,1,18,0.056
hangzhou,0,18,18,1.0
staffer,17,1,18,0.056
noel,7,11,18,0.611
nutshel,10,8,18,0.444
nutcrack,14,4,18,0.222
teas,6,12,18,0.667
wastewat,9,9,18,0.5
lans,16,2,18,0.111
unto,1,17,18,0.944
pbr,3,15,18,0.833
cormier,17,1,18,0.056
flexibi,0,18,18,1.0
greensboro,1,17,18,0.944
enero,0,18,18,1.0
pero,0,18,18,1.0
cett,0,18,18,1.0
diem,4,14,18,0.778
leaden,0,18,18,1.0
comrad,0,18,18,1.0
dest,0,18,18,1.0
kmp,17,1,18,0.056
ctfg,0,18,18,1.0
afforrd,0,18,18,1.0
denmark,3,15,18,0.833
jj,0,18,18,1.0
patalganga,18,0,18,0.0
goven,0,18,18,1.0
vãlium,0,18,18,1.0
censur,0,18,18,1.0
anteat,0,18,18,1.0
worl,0,18,18,1.0
panacea,7,11,18,0.611
consulta,0,18,18,1.0
marvia,18,0,18,0.0
vald,18,0,18,0.0
castor,0,18,18,1.0
immort,2,16,18,0.889
banqu,5,13,18,0.722
delimit,0,18,18,1.0
doherti,2,16,18,0.889
groundwork,5,13,18,0.722
slant,11,7,18,0.389
bedspread,0,18,18,1.0
freenet,0,18,18,1.0
fig,7,11,18,0.611
maffett,18,0,18,0.0
delv,7,11,18,0.611
gillian,17,1,18,0.056
homicid,0,18,18,1.0
especialiy,0,18,18,1.0
quien,0,18,18,1.0
clase,0,18,18,1.0
readili,14,4,18,0.222
stockwatch,18,0,18,0.0
nonprofit,18,0,18,0.0
blush,2,16,18,0.889
oner,9,9,18,0.5
hillh,18,0,18,0.0
scaie,0,18,18,1.0
matson,10,8,18,0.444
denunci,0,18,18,1.0
constantcontact,18,0,18,0.0
ku,9,9,18,0.5
dagger,0,18,18,1.0
cautious,9,9,18,0.5
bacon,6,12,18,0.667
hypoderm,0,18,18,1.0
fimat,18,0,18,0.0
barber,6,12,18,0.667
powersel,0,18,18,1.0
bum,5,13,18,0.722
catalyt,1,17,18,0.944
refug,3,15,18,0.833
jewish,5,13,18,0.722
brevet,0,18,18,1.0
porto,1,17,18,0.944
annular,0,18,18,1.0
hajia,0,18,18,1.0
vlsa,0,18,18,1.0
crab,0,18,18,1.0
anr,18,0,18,0.0
nww,18,0,18,0.0
shark,7,11,18,0.611
nlm,0,18,18,1.0
rohrback,18,0,18,0.0
kv,10,8,18,0.444
continua,0,18,18,1.0
eri,0,18,18,1.0
hurley,3,15,18,0.833
expend,4,14,18,0.778
clientel,1,17,18,0.944
outflow,17,1,18,0.056
priicew,0,18,18,1.0
aron,18,0,18,0.0
ness,1,17,18,0.944
dthe,0,18,18,1.0
ith,1,17,18,0.944
confucian,0,18,18,1.0
asdi,0,18,18,1.0
exclusivo,0,18,18,1.0
princess,1,17,18,0.944
zonewww,0,18,18,1.0
upturn,6,12,18,0.667
dever,9,9,18,0.5
uu,2,16,18,0.889
keypad,12,6,18,0.333
auctionliquid,0,18,18,1.0
eurold,18,0,18,0.0
beleiv,8,10,18,0.556
callu,1,16,17,0.941
extradit,2,15,17,0.882
vegetarian,7,10,17,0.588
curat,0,17,17,1.0
conocimiento,0,17,17,1.0
thomsen,17,0,17,0.0
sonat,8,9,17,0.529
simpliest,0,17,17,1.0
liberalis,16,1,17,0.059
daze,4,13,17,0.765
msica,0,17,17,1.0
allud,6,11,17,0.647
glamor,3,14,17,0.824
bloodsh,0,17,17,1.0
aspx,3,14,17,0.824
shakespear,2,15,17,0.882
acreag,5,12,17,0.706
alumnu,1,16,17,0.941
expuls,10,7,17,0.412
reynoid,0,17,17,1.0
stint,13,4,17,0.235
pecorp,17,0,17,0.0
hum,4,13,17,0.765
covington,10,7,17,0.412
labei,0,17,17,1.0
reunion,6,11,17,0.647
clone,6,11,17,0.647
syllabl,3,14,17,0.824
orderr,0,17,17,1.0
carfar,0,17,17,1.0
hone,7,10,17,0.588
rait,0,17,17,1.0
fatigu,0,17,17,1.0
tment,0,17,17,1.0
rigid,11,6,17,0.353
trembl,0,17,17,1.0
chime,2,15,17,0.882
trojan,3,14,17,0.824
atav,0,17,17,1.0
edwin,6,11,17,0.647
elv,6,11,17,0.647
midland,8,9,17,0.529
sweitzer,17,0,17,0.0
chateaux,0,17,17,1.0
powermarket,17,0,17,0.0
imi,1,16,17,0.941
aimost,0,17,17,1.0
ailment,5,12,17,0.706
malcom,1,16,17,0.941
mcdonnel,11,6,17,0.353
inspector,5,12,17,0.706
solitud,0,17,17,1.0
gale,10,7,17,0.412
rape,1,16,17,0.941
corkscrew,0,17,17,1.0
mcaliist,0,17,17,1.0
conten,0,17,17,1.0
perregaux,0,17,17,1.0
milken,17,0,17,0.0
crosstown,17,0,17,0.0
caveman,0,17,17,1.0
cartographi,1,16,17,0.941
providian,17,0,17,0.0
powermatch,17,0,17,0.0
belgian,9,8,17,0.471
gorilla,8,9,17,0.529
stationari,7,10,17,0.588
lockout,0,17,17,1.0
imprecis,1,16,17,0.941
kpn,12,5,17,0.294
truckload,14,3,17,0.176
missionari,6,11,17,0.647
pymt,17,0,17,0.0
augur,0,17,17,1.0
tristan,16,1,17,0.059
igsupd,17,0,17,0.0
aden,2,15,17,0.882
haag,3,14,17,0.824
hatch,8,9,17,0.529
shea,11,6,17,0.353
marten,12,5,17,0.294
botox,0,17,17,1.0
können,0,17,17,1.0
cryptanalyt,0,17,17,1.0
womack,17,0,17,0.0
esoter,6,11,17,0.647
posey,11,6,17,0.353
anaiyst,0,17,17,1.0
dolomit,0,17,17,1.0
maxin,9,8,17,0.471
attrit,8,9,17,0.529
gordian,8,9,17,0.529
tagheuer,0,17,17,1.0
firsthand,7,10,17,0.588
brainchild,4,13,17,0.765
denton,8,9,17,0.529
woodrow,7,10,17,0.588
karma,2,15,17,0.882
hereund,4,13,17,0.765
chiropractor,0,17,17,1.0
lucio,0,17,17,1.0
vindict,1,16,17,0.941
renaiss,2,15,17,0.882
fundi,17,0,17,0.0
cabdriv,0,17,17,1.0
prosecutor,9,8,17,0.471
prentic,10,7,17,0.412
mq,0,17,17,1.0
cobol,0,17,17,1.0
iliustr,0,17,17,1.0
trajectori,13,4,17,0.235
proj,8,9,17,0.529
reson,4,13,17,0.765
succes,3,14,17,0.824
diddl,0,17,17,1.0
biblic,1,16,17,0.941
handspr,14,3,17,0.176
agoni,0,17,17,1.0
dichotomi,3,14,17,0.824
identifiabi,0,17,17,1.0
unt,2,15,17,0.882
mcclain,10,7,17,0.412
imbroglio,10,7,17,0.412
vga,0,17,17,1.0
impacto,0,17,17,1.0
notari,0,17,17,1.0
beal,13,4,17,0.235
lobo,14,3,17,0.176
hor,9,8,17,0.471
juggin,17,0,17,0.0
refi,0,17,17,1.0
butyl,3,14,17,0.824
chastiti,0,17,17,1.0
syb,0,17,17,1.0
checkerberri,0,17,17,1.0
sieek,0,17,17,1.0
sulphur,6,11,17,0.647
mccurley,17,0,17,0.0
homemad,2,15,17,0.882
beplast,0,17,17,1.0
idol,2,15,17,0.882
formid,12,5,17,0.294
guarantor,13,4,17,0.235
cashew,0,17,17,1.0
cpc,12,5,17,0.294
evaiuat,0,17,17,1.0
immateri,15,2,17,0.118
chevi,2,15,17,0.882
schiller,13,4,17,0.235
kickoff,13,4,17,0.235
aeco,17,0,17,0.0
sateliit,0,17,17,1.0
heid,0,17,17,1.0
adkin,6,11,17,0.647
adroit,0,17,17,1.0
cosponsor,1,16,17,0.941
nddc,0,17,17,1.0
larrissa,17,0,17,0.0
meinel,17,0,17,0.0
elm,8,9,17,0.529
svga,0,17,17,1.0
tens,9,8,17,0.471
jonalan,17,0,17,0.0
bellsouth,3,14,17,0.824
bba,11,6,17,0.353
sergeev,17,0,17,0.0
snail,3,14,17,0.824
declaratori,5,12,17,0.706
erika,14,3,17,0.176
valencia,11,6,17,0.353
reinvent,17,0,17,0.0
loon,10,7,17,0.412
hf,1,16,17,0.941
artisan,0,17,17,1.0
nf,6,11,17,0.647
giop,0,17,17,1.0
conservatori,0,17,17,1.0
incompet,9,8,17,0.471
maar,0,17,17,1.0
indi,0,17,17,1.0
kann,0,17,17,1.0
glycerin,0,17,17,1.0
fioric,0,17,17,1.0
gregor,9,8,17,0.471
yaron,17,0,17,0.0
ica,1,16,17,0.941
jaguar,0,17,17,1.0
errat,6,11,17,0.647
num,0,17,17,1.0
alguna,1,16,17,0.941
hydrostat,12,5,17,0.294
nora,9,8,17,0.471
rie,10,7,17,0.412
christen,0,17,17,1.0
dielectr,0,17,17,1.0
dimension,12,5,17,0.294
zoom,3,14,17,0.824
deoxyribonucl,0,17,17,1.0
claritin,0,17,17,1.0
testament,6,11,17,0.647
pesquisa,0,17,17,1.0
hendrickson,9,8,17,0.471
telefono,0,17,17,1.0
tenia,0,17,17,1.0
ideolog,8,9,17,0.529
fil,5,12,17,0.706
baytown,17,0,17,0.0
lr,0,17,17,1.0
nr,0,17,17,1.0
fallaci,1,16,17,0.941
uneas,17,0,17,0.0
fingernail,0,17,17,1.0
remiss,2,15,17,0.882
afoot,1,16,17,0.941
eleanor,0,17,17,1.0
vit,0,17,17,1.0
intimaci,0,17,17,1.0
dunham,2,15,17,0.882
mii,0,17,17,1.0
duplex,3,14,17,0.824
mourn,4,13,17,0.765
baneberri,0,17,17,1.0
indigen,4,13,17,0.765
collagen,0,17,17,1.0
stainless,1,16,17,0.941
briefcas,3,14,17,0.824
megapixel,0,17,17,1.0
sudan,2,15,17,0.882
warmer,14,3,17,0.176
maddox,10,7,17,0.412
ippm,17,0,17,0.0
tabolt,17,0,17,0.0
gasto,0,17,17,1.0
stuffthatworkd,0,17,17,1.0
duet,2,15,17,0.882
juanita,5,12,17,0.706
nervous,8,9,17,0.529
heckl,13,4,17,0.235
zachari,11,6,17,0.353
sharpiy,0,17,17,1.0
antarct,0,17,17,1.0
foe,2,15,17,0.882
jude,7,10,17,0.588
traffick,0,17,17,1.0
lineofcredit,0,17,17,1.0
alliter,0,17,17,1.0
vvg,0,17,17,1.0
epg,17,0,17,0.0
herramienta,0,17,17,1.0
alcohoi,0,17,17,1.0
mvl,0,17,17,1.0
ib,6,11,17,0.647
isyj,0,17,17,1.0
danish,1,16,17,0.941
digsound,0,17,17,1.0
schield,17,0,17,0.0
viarga,0,17,17,1.0
bon,3,14,17,0.824
chigger,1,16,17,0.941
lllustrat,0,17,17,1.0
launder,2,15,17,0.882
contenido,0,17,17,1.0
puppet,0,17,17,1.0
rusk,13,4,17,0.235
aida,2,15,17,0.882
triumph,5,12,17,0.706
madhav,17,0,17,0.0
effet,0,17,17,1.0
dublon,17,0,17,0.0
apresentar,0,17,17,1.0
flatiron,10,7,17,0.412
tightli,11,6,17,0.353
agit,2,15,17,0.882
webmod,17,0,17,0.0
misus,3,14,17,0.824
marx,2,15,17,0.882
cuddl,0,17,17,1.0
colloquium,5,12,17,0.706
rumsfeld,17,0,17,0.0
mapl,10,7,17,0.412
reccomend,1,16,17,0.941
iastat,17,0,17,0.0
prefectur,11,6,17,0.353
antar,0,17,17,1.0
edibl,0,17,17,1.0
gockerman,17,0,17,0.0
sentri,0,17,17,1.0
vlcod,0,17,17,1.0
probabilist,9,8,17,0.471
toilet,7,10,17,0.588
philanthrop,1,16,17,0.941
talon,11,6,17,0.353
bluestock,0,17,17,1.0
diomed,16,1,17,0.059
perci,0,17,17,1.0
bourn,3,14,17,0.824
epitaxi,0,17,17,1.0
beckon,0,17,17,1.0
comercio,0,17,17,1.0
psc,12,5,17,0.294
overtur,12,5,17,0.294
keenli,16,1,17,0.059
stonebridg,0,17,17,1.0
diamagnet,0,17,17,1.0
pathogen,0,17,17,1.0
demianenko,17,0,17,0.0
einem,3,14,17,0.824
contradictori,3,14,17,0.824
etv,16,1,17,0.059
tknight,17,0,17,0.0
copenhagen,2,15,17,0.882
housekeep,4,13,17,0.765
reign,5,12,17,0.706
fascicul,0,17,17,1.0
segundo,3,14,17,0.824
guia,0,17,17,1.0
abbot,0,17,17,1.0
froze,12,5,17,0.294
gayl,16,1,17,0.059
alluum,0,17,17,1.0
lust,1,16,17,0.941
inflam,5,12,17,0.706
exclusivereward,0,17,17,1.0
nurtur,4,13,17,0.765
repliica,0,17,17,1.0
armhol,0,17,17,1.0
addison,4,13,17,0.765
bolton,6,11,17,0.647
straightway,0,17,17,1.0
lain,11,6,17,0.353
angelica,1,16,17,0.941
alloy,5,12,17,0.706
día,0,17,17,1.0
graphit,0,17,17,1.0
decoy,0,17,17,1.0
heartandsoul,0,17,17,1.0
integ,14,3,17,0.176
cellulos,0,17,17,1.0
dwyer,3,14,17,0.824
kourtney,17,0,17,0.0
brigadi,2,15,17,0.882
baucu,17,0,17,0.0
trouser,0,17,17,1.0
freshwat,8,9,17,0.529
factura,0,17,17,1.0
imagen,0,17,17,1.0
nourish,0,17,17,1.0
analogu,0,17,17,1.0
bigg,5,12,17,0.706
econ,8,9,17,0.529
nestl,7,10,17,0.588
hydrotherapi,1,16,17,0.941
sow,7,10,17,0.588
updateprofil,0,17,17,1.0
sasha,8,9,17,0.529
ajar,0,17,17,1.0
descrambl,0,17,17,1.0
barnstorm,4,13,17,0.765
implicit,11,6,17,0.353
mke,17,0,17,0.0
contato,0,17,17,1.0
fte,13,4,17,0.235
wooden,3,14,17,0.824
mepr,17,0,17,0.0
amelior,1,16,17,0.941
weller,15,2,17,0.118
afghan,11,6,17,0.353
bronzi,0,17,17,1.0
jerk,1,16,17,0.941
gleam,4,13,17,0.765
wlrk,17,0,17,0.0
dvdxcopi,0,17,17,1.0
poni,7,10,17,0.588
corridor,6,11,17,0.647
newsdesk,17,0,17,0.0
blusteri,0,17,17,1.0
asist,10,7,17,0.412
aniseikon,0,17,17,1.0
charley,1,16,17,0.941
grosvenor,7,10,17,0.588
paradi,17,0,17,0.0
disrespect,15,2,17,0.118
stump,7,10,17,0.588
acclaim,5,12,17,0.706
glimmer,8,9,17,0.529
descriptor,6,11,17,0.647
archipelago,1,16,17,0.941
flea,2,15,17,0.882
videotap,11,6,17,0.353
spider,4,13,17,0.765
weatherdelta,17,0,17,0.0
bloodbath,0,17,17,1.0
pretoria,0,17,17,1.0
ownershp,0,17,17,1.0
anatomi,1,16,17,0.941
cumbersom,7,10,17,0.588
pharmon,0,17,17,1.0
shrunk,11,6,17,0.353
doughnut,3,14,17,0.824
humanitarian,0,17,17,1.0
backer,16,1,17,0.059
skid,16,1,17,0.059
contagion,4,13,17,0.765
stempel,17,0,17,0.0
emul,11,6,17,0.353
viz,3,14,17,0.824
tester,4,13,17,0.765
timescal,17,0,17,0.0
campsit,2,15,17,0.882
cllck,0,17,17,1.0
wamu,0,17,17,1.0
comb,8,9,17,0.529
descent,6,11,17,0.647
overseen,15,2,17,0.118
riskier,17,0,17,0.0
wireiessiy,0,17,17,1.0
plano,8,9,17,0.529
bidweek,17,0,17,0.0
renshi,17,0,17,0.0
clicktrip,17,0,17,0.0
peevey,17,0,17,0.0
creep,4,13,17,0.765
centerpiec,5,12,17,0.706
greenland,0,17,17,1.0
diplomaci,6,11,17,0.647
ndp,17,0,17,0.0
lacroix,1,16,17,0.941
capitalist,11,6,17,0.353
amiss,0,17,17,1.0
trumpet,8,9,17,0.529
shipbuild,8,9,17,0.529
nolt,17,0,17,0.0
alkaloid,0,17,17,1.0
knit,5,12,17,0.706
bewitch,1,16,17,0.941
mainzer,17,0,17,0.0
holloway,16,1,17,0.059
clearwat,3,14,17,0.824
whoili,0,17,17,1.0
viel,0,17,17,1.0
arisen,8,9,17,0.529
ofo,17,0,17,0.0
arrear,10,7,17,0.412
odo,0,17,17,1.0
hanley,11,6,17,0.353
mea,4,13,17,0.765
appercept,0,17,17,1.0
technion,8,9,17,0.529
magnum,4,13,17,0.765
asleep,2,15,17,0.882
kiatsupaibul,17,0,17,0.0
colossu,8,9,17,0.529
destabil,6,11,17,0.647
slopi,0,17,17,1.0
raven,7,10,17,0.588
flock,8,9,17,0.529
christendom,0,17,17,1.0
doreen,3,14,17,0.824
coachmen,0,17,17,1.0
warmest,10,7,17,0.412
muddl,10,7,17,0.412
sendgreatoff,0,17,17,1.0
hickey,4,13,17,0.765
estilo,0,17,17,1.0
cathedr,7,10,17,0.588
itaiian,0,17,17,1.0
prejudic,5,12,17,0.706
effus,0,17,17,1.0
clockwork,4,13,17,0.765
travers,1,16,17,0.941
buildup,2,15,17,0.882
regent,6,11,17,0.647
himendra,17,0,17,0.0
shrank,13,4,17,0.235
circa,10,7,17,0.412
chromatograph,9,8,17,0.471
jie,17,0,17,0.0
kalotay,17,0,17,0.0
ascent,6,11,17,0.647
cba,17,0,17,0.0
buoyant,1,16,17,0.941
ooc,17,0,17,0.0
caraway,0,17,17,1.0
constrict,0,17,17,1.0
ljml,17,0,17,0.0
backtest,17,0,17,0.0
cyndi,17,0,17,0.0
praxair,17,0,17,0.0
coset,0,17,17,1.0
tidbit,4,13,17,0.765
dcpi,0,17,17,1.0
bespeak,0,17,17,1.0
uneth,5,12,17,0.706
amoeba,0,17,17,1.0
rogroup,17,0,17,0.0
dali,1,16,17,0.941
bridgeport,4,13,17,0.765
ejrhxw,0,17,17,1.0
rufu,0,17,17,1.0
coron,0,17,17,1.0
babylon,0,17,17,1.0
goldstein,7,10,17,0.588
quinn,7,10,17,0.588
fg,0,17,17,1.0
linkag,3,14,17,0.824
blitz,5,12,17,0.706
seco,0,17,17,1.0
limbo,14,3,17,0.176
newsgroup,0,17,17,1.0
bookmark,7,10,17,0.588
arduou,1,16,17,0.941
missi,8,9,17,0.529
epidem,1,16,17,0.941
capella,3,14,17,0.824
napoleonvil,17,0,17,0.0
wale,6,11,17,0.647
tokia,0,17,17,1.0
abject,0,17,17,1.0
aybar,17,0,17,0.0
capaci,0,17,17,1.0
asunto,0,17,17,1.0
dairi,4,13,17,0.765
mistransmiss,17,0,17,0.0
sheehan,17,0,17,0.0
illimit,0,17,17,1.0
chic,3,14,17,0.824
ogg,17,0,17,0.0
graci,16,1,17,0.059
pur,0,17,17,1.0
constantiy,0,17,17,1.0
transcolorado,17,0,17,0.0
handwrit,2,15,17,0.882
reckon,11,6,17,0.353
cairo,1,16,17,0.941
cutoff,13,4,17,0.235
rubi,8,9,17,0.529
goron,17,0,17,0.0
kirkland,6,11,17,0.647
extremeiy,0,17,17,1.0
xbox,9,8,17,0.471
conjug,0,17,17,1.0
angelina,2,15,17,0.882
cheri,5,12,17,0.706
delinqu,4,13,17,0.765
albanian,0,17,17,1.0
clemson,0,17,17,1.0
beast,4,13,17,0.765
halloween,8,9,17,0.529
harbour,10,7,17,0.412
blister,4,13,17,0.765
jw,7,10,17,0.588
allemand,0,17,17,1.0
panorama,0,17,17,1.0
proprieti,4,13,17,0.765
crete,3,14,17,0.824
tun,2,15,17,0.882
myron,9,8,17,0.471
bisqu,0,17,17,1.0
sunjay,17,0,17,0.0
prix,14,3,17,0.176
registrar,6,11,17,0.647
taho,13,4,17,0.235
tarl,17,0,17,0.0
ectiv,0,17,17,1.0
mcginni,6,11,17,0.647
brittani,1,16,17,0.941
antidepress,1,16,17,0.941
dentro,0,17,17,1.0
carrion,0,17,17,1.0
rss,0,17,17,1.0
cwhite,17,0,17,0.0
eggleston,17,0,17,0.0
steak,8,9,17,0.529
trang,16,1,17,0.059
implos,14,3,17,0.176
homer,8,9,17,0.529
encuentro,0,17,17,1.0
snippet,1,16,17,0.941
standstil,11,6,17,0.353
hump,9,8,17,0.471
myth,2,15,17,0.882
qualquer,0,17,17,1.0
pore,10,7,17,0.412
uo,2,15,17,0.882
stca,17,0,17,0.0
seltzer,7,10,17,0.588
planetari,0,17,17,1.0
porno,0,17,17,1.0
rawal,17,0,17,0.0
devilish,0,17,17,1.0
superink,0,17,17,1.0
silli,5,12,17,0.706
vvant,0,17,17,1.0
melli,17,0,17,0.0
mayer,4,13,17,0.765
psf,1,16,17,0.941
loteria,0,17,17,1.0
adulter,0,17,17,1.0
tcl,13,4,17,0.235
mel,7,10,17,0.588
bassi,3,14,17,0.824
citicorp,6,11,17,0.647
depositori,12,5,17,0.294
bolkiah,0,17,17,1.0
gush,0,17,17,1.0
mcailist,0,17,17,1.0
undoubtedli,6,11,17,0.647
inhal,4,13,17,0.765
bedazzl,1,16,17,0.941
mockup,8,9,17,0.529
decoupl,10,7,17,0.412
desc,17,0,17,0.0
volt,2,15,17,0.882
efcu,17,0,17,0.0
bonham,17,0,17,0.0
uproar,6,11,17,0.647
diverso,3,14,17,0.824
ila,11,6,17,0.353
ora,1,16,17,0.941
greig,17,0,17,0.0
mgt,14,3,17,0.176
tocquevil,16,0,16,0.0
audiotap,2,14,16,0.875
cadet,0,16,16,1.0
basidiomycet,0,16,16,1.0
commemor,3,13,16,0.812
reconven,16,0,16,0.0
putpeel,0,16,16,1.0
butterfli,3,13,16,0.812
grip,9,7,16,0.438
tatar,0,16,16,1.0
qua,0,16,16,1.0
earphon,0,16,16,1.0
doctyp,0,16,16,1.0
terminolog,7,9,16,0.562
kleindorf,16,0,16,0.0
choir,6,10,16,0.625
internetstor,0,16,16,1.0
barlow,4,12,16,0.75
seib,16,0,16,0.0
sal,5,11,16,0.688
xandmanyoth,0,16,16,1.0
rahul,16,0,16,0.0
abo,2,14,16,0.875
veil,6,10,16,0.625
chatterton,16,0,16,0.0
hatr,0,16,16,1.0
complais,0,16,16,1.0
gujarat,13,3,16,0.188
masayuki,16,0,16,0.0
tempor,2,14,16,0.875
pacha,0,16,16,1.0
patina,1,15,16,0.938
corri,16,0,16,0.0
genit,0,16,16,1.0
stairway,1,15,16,0.938
stu,13,3,16,0.188
overpromis,16,0,16,0.0
prelud,7,9,16,0.562
miracleburn,0,16,16,1.0
ascrib,1,15,16,0.938
beachhead,0,16,16,1.0
atkinson,8,8,16,0.5
tourist,0,16,16,1.0
ethel,2,14,16,0.875
treason,0,16,16,1.0
coastlin,7,9,16,0.562
gui,13,3,16,0.188
shenanigan,14,2,16,0.125
deterr,2,14,16,0.875
disquietud,0,16,16,1.0
reinvest,8,8,16,0.5
irrig,5,11,16,0.688
tantalum,0,16,16,1.0
lenient,3,13,16,0.812
vpopmail,0,16,16,1.0
dynagi,16,0,16,0.0
cohn,2,14,16,0.875
herbac,0,16,16,1.0
blob,2,14,16,0.875
ther,1,15,16,0.938
brewer,15,1,16,0.062
falta,0,16,16,1.0
mainoemstor,0,16,16,1.0
suppiier,0,16,16,1.0
electrónico,0,16,16,1.0
geecf,0,16,16,1.0
ldwide,0,16,16,1.0
paskin,16,0,16,0.0
sankoh,0,16,16,1.0
wbom,16,0,16,0.0
universidad,0,16,16,1.0
terrain,5,11,16,0.688
eurovis,0,16,16,1.0
eeoc,1,15,16,0.938
middleton,4,12,16,0.75
dinero,0,16,16,1.0
lifelong,5,11,16,0.688
atroph,0,16,16,1.0
braveri,0,16,16,1.0
ampli,1,15,16,0.938
almagest,0,16,16,1.0
buzzard,0,16,16,1.0
cdtc,0,16,16,1.0
styren,13,3,16,0.188
pharmacybymail,0,16,16,1.0
countriess,0,16,16,1.0
nsl,0,16,16,1.0
nz,0,16,16,1.0
responda,0,16,16,1.0
baccarat,0,16,16,1.0
academia,7,9,16,0.562
breckenridg,16,0,16,0.0
confut,0,16,16,1.0
weed,3,13,16,0.812
bedtim,1,15,16,0.938
jeremiah,6,10,16,0.625
dey,4,12,16,0.75
bothersom,1,15,16,0.938
lancer,8,8,16,0.5
officialis,16,0,16,0.0
anton,0,16,16,1.0
absolv,1,15,16,0.938
steroid,0,16,16,1.0
polym,7,9,16,0.562
swarm,6,10,16,0.625
bekommen,0,16,16,1.0
wobbl,6,10,16,0.625
impolit,1,15,16,0.938
corrod,1,15,16,0.938
batavia,0,16,16,1.0
showgood,0,16,16,1.0
fortnight,6,10,16,0.625
soak,3,13,16,0.812
bangkok,1,15,16,0.938
accompanist,0,16,16,1.0
mbao,16,0,16,0.0
anaiog,0,16,16,1.0
piedmont,9,7,16,0.438
landlord,6,10,16,0.625
motg,0,16,16,1.0
mimic,12,4,16,0.25
crp,0,16,16,1.0
halalmortgag,0,16,16,1.0
palmol,13,3,16,0.188
loow,0,16,16,1.0
mimi,4,12,16,0.75
hrweb,16,0,16,0.0
qi,5,11,16,0.688
wildcard,2,14,16,0.875
ortgag,0,16,16,1.0
erst,12,4,16,0.25
lund,6,10,16,0.625
qw,4,12,16,0.75
rldwide,0,16,16,1.0
tile,8,8,16,0.5
solvent,12,4,16,0.25
clamber,1,15,16,0.938
teller,7,9,16,0.562
aloha,2,14,16,0.875
commot,0,16,16,1.0
cpe,11,5,16,0.312
sprinkl,6,10,16,0.625
chock,1,15,16,0.938
baghdad,7,9,16,0.562
drunk,1,15,16,0.938
augol,16,0,16,0.0
sbp,6,10,16,0.625
cfa,16,0,16,0.0
theu,0,16,16,1.0
booki,0,16,16,1.0
kxxjn,0,16,16,1.0
rajnish,16,0,16,0.0
nit,1,15,16,0.938
lockup,6,10,16,0.625
instig,11,5,16,0.312
boutiqu,0,16,16,1.0
cheeri,3,13,16,0.812
quickiy,0,16,16,1.0
wndow,0,16,16,1.0
staatsloterij,0,16,16,1.0
sanitari,1,15,16,0.938
sellersl,0,16,16,1.0
mightier,13,3,16,0.188
doggon,0,16,16,1.0
acromedia,0,16,16,1.0
eaten,0,16,16,1.0
exclaim,3,13,16,0.812
ridden,11,5,16,0.312
sioux,8,8,16,0.5
dugout,4,12,16,0.75
iscsi,0,16,16,1.0
cómo,0,16,16,1.0
disgruntl,7,9,16,0.562
allegi,0,16,16,1.0
alright,12,4,16,0.25
basem,0,16,16,1.0
iab,16,0,16,0.0
dubiou,6,10,16,0.625
receeiv,0,16,16,1.0
gratif,3,13,16,0.812
monarch,1,15,16,0.938
infrequ,6,10,16,0.625
abacustech,16,0,16,0.0
lanier,15,1,16,0.062
oversuppli,11,5,16,0.312
titulo,0,16,16,1.0
boucher,0,16,16,1.0
chuckl,6,10,16,0.625
ox,1,15,16,0.938
borosil,0,16,16,1.0
awok,0,16,16,1.0
laundri,2,14,16,0.875
automaticaili,0,16,16,1.0
arachnid,0,16,16,1.0
bluster,0,16,16,1.0
wreck,3,13,16,0.812
schaffler,16,0,16,0.0
mccain,15,1,16,0.062
resendez,16,0,16,0.0
malign,5,11,16,0.688
xceler,16,0,16,0.0
rossman,0,16,16,1.0
barricad,1,15,16,0.938
distaff,0,16,16,1.0
proz,0,16,16,1.0
nikita,12,4,16,0.25
gemini,4,12,16,0.75
kaf,15,1,16,0.062
seoul,10,6,16,0.375
qc,1,15,16,0.938
caesar,6,10,16,0.625
toyota,10,6,16,0.375
prefabr,0,16,16,1.0
landi,7,9,16,0.562
culpa,4,12,16,0.75
expropri,10,6,16,0.375
airborn,4,12,16,0.75
pmb,1,15,16,0.938
afterimag,0,16,16,1.0
beggari,0,16,16,1.0
nfo,0,16,16,1.0
fetid,0,16,16,1.0
cackl,0,16,16,1.0
ssc,15,1,16,0.062
cookbook,1,15,16,0.938
dol,1,15,16,0.938
alkalin,0,16,16,1.0
absentmind,0,16,16,1.0
howe,14,2,16,0.125
daryl,10,6,16,0.375
mcfd,16,0,16,0.0
cornerston,9,7,16,0.438
iness,0,16,16,1.0
southbound,8,8,16,0.5
crocu,0,16,16,1.0
doppler,0,16,16,1.0
seiner,3,13,16,0.812
deris,2,14,16,0.875
buster,3,13,16,0.812
dmc,0,16,16,1.0
sabina,4,12,16,0.75
crilli,16,0,16,0.0
mash,2,14,16,0.875
roller,7,9,16,0.562
edwardin,0,16,16,1.0
pacesett,4,12,16,0.75
creed,1,15,16,0.938
astm,0,16,16,1.0
eman,2,14,16,0.875
coventri,3,13,16,0.812
remond,16,0,16,0.0
backstop,9,7,16,0.438
antwerp,0,16,16,1.0
turbonet,0,16,16,1.0
connoisseur,0,16,16,1.0
tranquil,0,16,16,1.0
gtt,2,14,16,0.875
alsatian,0,16,16,1.0
altair,0,16,16,1.0
bannedcd,0,16,16,1.0
synfuel,16,0,16,0.0
drab,2,14,16,0.875
collectiveiy,0,16,16,1.0
dab,1,15,16,0.938
clinica,0,16,16,1.0
anchorag,0,16,16,1.0
structura,0,16,16,1.0
continuum,1,15,16,0.938
liver,1,15,16,0.938
lousiana,16,0,16,0.0
acf,12,4,16,0.25
garibaldi,0,16,16,1.0
northridg,0,16,16,1.0
corali,16,0,16,0.0
nitrogen,10,6,16,0.375
eno,0,16,16,1.0
marker,9,7,16,0.438
futil,0,16,16,1.0
tcnica,0,16,16,1.0
politi,5,11,16,0.688
mortem,2,14,16,0.875
lowel,9,7,16,0.438
wiretap,0,16,16,1.0
traumat,3,13,16,0.812
cheeapal,0,16,16,1.0
harley,4,12,16,0.75
atla,4,12,16,0.75
cardin,1,15,16,0.938
phelim,16,0,16,0.0
radiolog,0,16,16,1.0
flanigan,11,5,16,0.312
mediocr,3,13,16,0.812
anchovi,0,16,16,1.0
agnew,5,11,16,0.688
crimp,1,15,16,0.938
craftsperson,0,16,16,1.0
coliform,0,16,16,1.0
didact,0,16,16,1.0
clamor,6,10,16,0.625
ectop,0,16,16,1.0
bogi,1,15,16,0.938
tumor,6,10,16,0.625
etat,0,16,16,1.0
axxxmovi,0,16,16,1.0
bylin,4,12,16,0.75
cellphon,8,8,16,0.5
denounc,3,13,16,0.812
remnant,3,13,16,0.812
aprend,0,16,16,1.0
chesapeak,1,15,16,0.938
pstemari,16,0,16,0.0
kaixo,0,16,16,1.0
zo,0,16,16,1.0
kuykendal,16,0,16,0.0
unmet,15,1,16,0.062
cx,2,14,16,0.875
mingl,4,12,16,0.75
barbecu,1,15,16,0.938
direito,0,16,16,1.0
faucheaux,16,0,16,0.0
resumpt,13,3,16,0.188
dein,1,15,16,0.938
sondag,0,16,16,1.0
diatrib,0,16,16,1.0
assemblyman,14,2,16,0.125
ruben,1,15,16,0.938
deciph,4,12,16,0.75
linnel,16,0,16,0.0
encapsul,2,14,16,0.875
incluyendo,0,16,16,1.0
agglomer,0,16,16,1.0
usl,12,4,16,0.25
wellb,0,16,16,1.0
crosshatch,0,16,16,1.0
prostat,2,14,16,0.875
northland,11,5,16,0.312
onlinesuppli,0,16,16,1.0
metoy,16,0,16,0.0
arcan,2,14,16,0.875
pagamento,0,16,16,1.0
wolv,0,16,16,1.0
reveai,0,16,16,1.0
hush,0,16,16,1.0
mkm,16,0,16,0.0
sidestep,3,13,16,0.812
lotsonet,0,16,16,1.0
corneliu,2,14,16,0.875
audiovisu,3,13,16,0.812
skyscrap,10,6,16,0.375
ptsize,0,16,16,1.0
azminab,16,0,16,0.0
harbgn,16,0,16,0.0
douglass,7,9,16,0.562
pw,7,9,16,0.562
ppm,2,14,16,0.875
gom,16,0,16,0.0
depsito,0,16,16,1.0
prlc,0,16,16,1.0
bracken,0,16,16,1.0
iiti,0,16,16,1.0
riskcar,16,0,16,0.0
dalli,1,15,16,0.938
grumman,7,9,16,0.562
clan,2,14,16,0.875
heinz,5,11,16,0.688
soc,9,7,16,0.438
leroy,2,14,16,0.875
belco,16,0,16,0.0
bookend,0,16,16,1.0
kori,13,3,16,0.188
nope,3,13,16,0.812
persian,6,10,16,0.625
javelin,0,16,16,1.0
frog,1,15,16,0.938
sinkman,16,0,16,0.0
berat,3,13,16,0.812
aker,5,11,16,0.688
rolx,0,16,16,1.0
highcholesterol,0,16,16,1.0
symphoni,10,6,16,0.375
bracelet,2,14,16,0.875
rotten,2,14,16,0.875
hllf,0,16,16,1.0
jmason,0,16,16,1.0
buddhism,0,16,16,1.0
columbiaga,16,0,16,0.0
curl,2,14,16,0.875
vmi,14,2,16,0.125
gretan,0,16,16,1.0
repackag,4,12,16,0.75
juici,8,8,16,0.5
cuisin,3,13,16,0.812
sauc,6,10,16,0.625
dismay,16,0,16,0.0
checker,3,13,16,0.812
meaningless,16,0,16,0.0
convoc,0,16,16,1.0
liberian,0,16,16,1.0
genr,2,14,16,0.875
woulf,16,0,16,0.0
hispan,5,11,16,0.688
fad,1,15,16,0.938
scour,7,9,16,0.562
astroworld,16,0,16,0.0
pitfal,10,6,16,0.375
kiev,0,16,16,1.0
mimesweep,16,0,16,0.0
beloit,0,16,16,1.0
iah,15,1,16,0.062
ionfin,0,16,16,1.0
mbi,1,15,16,0.938
exquisit,0,16,16,1.0
cassel,16,0,16,0.0
whiten,0,16,16,1.0
giveth,0,16,16,1.0
cantera,16,0,16,0.0
glut,11,5,16,0.312
demean,3,13,16,0.812
llo,0,16,16,1.0
nun,3,13,16,0.812
somma,0,16,16,1.0
disneyland,1,15,16,0.938
reseda,0,16,16,1.0
ferguson,7,9,16,0.562
chili,8,8,16,0.5
vialog,0,16,16,1.0
exceedingli,0,16,16,1.0
whey,0,16,16,1.0
fon,1,15,16,0.938
atroc,0,16,16,1.0
roku,16,0,16,0.0
constanc,5,11,16,0.688
officin,0,16,16,1.0
bandit,4,12,16,0.75
confere,0,16,16,1.0
totem,1,15,16,0.938
hobb,5,11,16,0.688
pwcglobal,7,9,16,0.562
whoop,5,11,16,0.688
hgpl,16,0,16,0.0
pping,0,16,16,1.0
traffc,0,16,16,1.0
fortuit,1,15,16,0.938
popcorn,6,10,16,0.625
tungsten,0,16,16,1.0
alejandro,3,13,16,0.812
bolt,7,9,16,0.562
atheist,1,15,16,0.938
tomczyk,16,0,16,0.0
alaskan,12,4,16,0.25
falluja,0,16,16,1.0
bilder,0,16,16,1.0
pharmac,0,16,16,1.0
despoil,0,16,16,1.0
ower,0,16,16,1.0
cashion,16,0,16,0.0
ianguag,0,16,16,1.0
spyro,16,0,16,0.0
telia,13,3,16,0.188
azur,5,11,16,0.688
linder,16,0,16,0.0
alexandria,2,14,16,0.875
eloqu,0,16,16,1.0
cyanat,0,16,16,1.0
guadarrama,16,0,16,0.0
screenshot,2,14,16,0.875
ont,3,13,16,0.812
masterdisk,0,16,16,1.0
pntermin,0,16,16,1.0
dain,16,0,16,0.0
espionag,3,13,16,0.812
kt,2,14,16,0.875
pellagra,0,16,16,1.0
primitiva,0,16,16,1.0
dejesu,15,1,16,0.062
dte,4,12,16,0.75
claw,0,16,16,1.0
mccaffrey,16,0,16,0.0
boswel,5,11,16,0.688
bruis,6,10,16,0.625
versicolor,0,16,16,1.0
appian,0,16,16,1.0
deign,0,16,16,1.0
searchtengin,0,16,16,1.0
ntmt,0,16,16,1.0
spruce,9,7,16,0.438
stave,9,7,16,0.438
bertram,8,8,16,0.5
northeastern,8,8,16,0.5
boogi,0,16,16,1.0
reguiat,0,16,16,1.0
yl,3,13,16,0.812
dition,0,16,16,1.0
bouquet,1,15,16,0.938
bucol,0,16,16,1.0
scovil,16,0,16,0.0
remanufactur,0,16,16,1.0
narasim,16,0,16,0.0
bloom,7,9,16,0.562
archibald,0,16,16,1.0
unmatch,2,14,16,0.875
nay,9,7,16,0.438
orion,11,5,16,0.312
sang,9,7,16,0.438
overrun,16,0,16,0.0
holcomb,9,7,16,0.438
churchillian,0,16,16,1.0
tallahasse,9,7,16,0.438
outgrowth,2,14,16,0.875
ade,1,15,16,0.938
correctament,0,16,16,1.0
boobi,0,16,16,1.0
fasten,0,16,16,1.0
morenewslett,0,16,16,1.0
dealspric,0,16,16,1.0
fling,0,16,16,1.0
deepwat,16,0,16,0.0
undergroundcd,0,16,16,1.0
wb,5,11,16,0.688
cllcck,0,16,16,1.0
derm,0,16,16,1.0
mcafe,2,14,16,0.875
exclam,0,16,16,1.0
beim,0,16,16,1.0
stockhoid,0,16,16,1.0
tribut,7,9,16,0.562
awri,8,8,16,0.5
manifold,4,12,16,0.75
vgr,0,16,16,1.0
migrain,2,14,16,0.875
scatter,6,10,16,0.625
anguish,0,16,16,1.0
nasal,3,13,16,0.812
teknecon,16,0,16,0.0
sched,16,0,16,0.0
detal,1,15,16,0.938
pathstar,16,0,16,0.0
ganapathi,16,0,16,0.0
halfway,2,14,16,0.875
sinn,0,16,16,1.0
coffman,2,14,16,0.875
palladium,6,10,16,0.625
boul,0,16,16,1.0
indebt,8,8,16,0.5
perder,0,16,16,1.0
chisel,0,16,16,1.0
jgsm,16,0,16,0.0
asexma,0,16,16,1.0
sarasota,2,14,16,0.875
esoft,0,16,16,1.0
stamford,11,5,16,0.312
sympathet,6,10,16,0.625
freud,1,15,16,0.938
ultimatum,0,16,16,1.0
attic,1,15,16,0.938
theatric,1,15,16,0.938
cavali,3,13,16,0.812
camilla,1,15,16,0.938
tarnish,11,5,16,0.312
potato,3,13,16,0.812
egress,2,14,16,0.875
fleurier,0,16,16,1.0
irrevoc,8,8,16,0.5
dissatisfi,2,14,16,0.875
bistabl,0,16,16,1.0
ehpc,0,16,16,1.0
emmanuel,2,14,16,0.875
cordag,0,16,16,1.0
brcc,16,0,16,0.0
ual,9,7,16,0.438
inscripcion,0,16,16,1.0
counterproduct,6,10,16,0.625
invulner,0,16,16,1.0
springfield,1,15,16,0.938
quadra,0,16,16,1.0
scottsdal,0,16,16,1.0
boyish,1,15,16,0.938
osteoporosi,0,16,16,1.0
bilingu,5,11,16,0.688
asilomar,0,16,16,1.0
yho,16,0,16,0.0
hypothet,9,7,16,0.438
peel,4,12,16,0.75
episcop,3,13,16,0.812
preferenti,6,10,16,0.625
unmanag,0,16,16,1.0
clitor,0,16,16,1.0
brute,0,16,16,1.0
pregnanc,3,13,16,0.812
jargon,10,6,16,0.375
ivia,0,16,16,1.0
occult,0,16,16,1.0
inhuman,0,16,16,1.0
turnston,9,7,16,0.438
público,0,16,16,1.0
slab,4,12,16,0.75
camel,0,16,16,1.0
hallo,0,16,16,1.0
complementar,0,16,16,1.0
sx,0,16,16,1.0
caryatid,0,16,16,1.0
stockholm,13,3,16,0.188
delud,2,14,16,0.875
presympath,0,16,16,1.0
pblico,0,16,16,1.0
kasaru,16,0,16,0.0
mcdermott,5,11,16,0.688
coyot,7,9,16,0.562
yb,0,16,16,1.0
glossari,8,8,16,0.5
picnick,0,16,16,1.0
globo,13,3,16,0.188
bulkhead,0,16,16,1.0
spanbr,0,16,16,1.0
sig,14,2,16,0.125
pronunci,0,16,16,1.0
ih,1,15,16,0.938
bbo,15,1,16,0.062
township,3,13,16,0.812
genia,16,0,16,0.0
hereaft,0,16,16,1.0
planck,13,3,16,0.188
despain,16,0,16,0.0
nepel,0,16,16,1.0
salvador,8,8,16,0.5
dynamo,0,16,16,1.0
qian,16,0,16,0.0
turf,10,6,16,0.375
baird,3,13,16,0.812
wilder,4,12,16,0.75
errol,10,6,16,0.375
canoga,0,16,16,1.0
parasit,1,15,16,0.938
xk,0,16,16,1.0
burrow,4,12,16,0.75
viss,16,0,16,0.0
titlepric,0,16,16,1.0
delilah,0,16,16,1.0
punt,5,11,16,0.688
sharpen,3,13,16,0.812
weigelt,16,0,16,0.0
burial,0,16,16,1.0
nhvp,0,16,16,1.0
auster,2,14,16,0.875
bade,0,16,16,1.0
transarea,16,0,16,0.0
gambil,0,16,16,1.0
salina,5,11,16,0.688
ventura,4,12,16,0.75
arboretum,5,11,16,0.688
eci,14,2,16,0.125
bronchiol,0,16,16,1.0
fftabl,0,16,16,1.0
hg,5,11,16,0.688
refut,5,11,16,0.688
utilizar,0,16,16,1.0
eldon,0,16,16,1.0
lounghrid,16,0,16,0.0
quaintanc,16,0,16,0.0
jinx,4,12,16,0.75
deepest,5,11,16,0.688
contriv,2,14,16,0.875
brindl,7,9,16,0.562
supris,2,14,16,0.875
newcastl,3,13,16,0.812
professi,0,16,16,1.0
imprud,4,11,15,0.733
armata,0,15,15,1.0
ritz,9,6,15,0.4
energydesk,15,0,15,0.0
copperi,0,15,15,1.0
mete,7,8,15,0.533
limb,5,10,15,0.667
heartstat,0,15,15,1.0
cityg,15,0,15,0.0
cavemen,0,15,15,1.0
atr,15,0,15,0.0
foreplay,0,15,15,1.0
geo,2,13,15,0.867
escript,0,15,15,1.0
pbfont,0,15,15,1.0
chariot,0,15,15,1.0
hindsight,8,7,15,0.467
nim,3,12,15,0.8
wheez,0,15,15,1.0
dunkirk,1,14,15,0.933
satisfactiionnss,0,15,15,1.0
sfo,15,0,15,0.0
jester,15,0,15,0.0
niec,3,12,15,0.8
commonplac,5,10,15,0.667
ficha,0,15,15,1.0
culbertson,2,13,15,0.867
guadalajara,6,9,15,0.6
filmmak,0,15,15,1.0
fiasco,10,5,15,0.333
tat,4,11,15,0.733
bucknel,6,9,15,0.6
provoc,0,15,15,1.0
liais,8,7,15,0.467
buttress,3,12,15,0.8
birch,6,9,15,0.6
longev,0,15,15,1.0
gall,1,14,15,0.933
sarzyna,15,0,15,0.0
kodroff,15,0,15,0.0
maillist,0,15,15,1.0
ambleen,0,15,15,1.0
abei,0,15,15,1.0
allegor,0,15,15,1.0
sheraton,9,6,15,0.4
broom,4,11,15,0.733
stratton,8,7,15,0.467
offrr,0,15,15,1.0
lockhart,9,6,15,0.4
coney,0,15,15,1.0
gorelick,15,0,15,0.0
catalano,15,0,15,0.0
indecipher,7,8,15,0.533
aleck,5,10,15,0.667
walkway,15,0,15,0.0
macminn,15,0,15,0.0
sportswrit,0,15,15,1.0
cresswort,0,15,15,1.0
congressmen,5,10,15,0.667
coarsen,0,15,15,1.0
corrent,0,15,15,1.0
concurso,0,15,15,1.0
knirel,15,0,15,0.0
aprox,1,14,15,0.933
hqrzbxevgbf,0,15,15,1.0
undoctrin,0,15,15,1.0
pueden,0,15,15,1.0
paloma,13,2,15,0.133
elijah,0,15,15,1.0
weblink,15,0,15,0.0
agl,14,1,15,0.067
libro,0,15,15,1.0
cession,0,15,15,1.0
ssn,6,9,15,0.6
amulet,0,15,15,1.0
supra,4,11,15,0.733
individuai,0,15,15,1.0
xyz,11,4,15,0.267
cavi,0,15,15,1.0
anarch,0,15,15,1.0
vii,4,11,15,0.733
seduc,3,12,15,0.8
deemphas,0,15,15,1.0
incis,0,15,15,1.0
darryl,13,2,15,0.133
britten,1,14,15,0.933
aristotelian,0,15,15,1.0
cannist,0,15,15,1.0
skirt,5,10,15,0.667
drummond,5,10,15,0.667
rejoic,2,13,15,0.867
wavefrontl,0,15,15,1.0
ygdc,0,15,15,1.0
turret,9,6,15,0.4
domicil,1,14,15,0.933
gautam,14,1,15,0.067
bravado,3,12,15,0.8
bign,0,15,15,1.0
rheumat,0,15,15,1.0
armenian,0,15,15,1.0
salin,0,15,15,1.0
glashutt,0,15,15,1.0
ashevil,0,15,15,1.0
heroic,5,10,15,0.667
alderman,0,15,15,1.0
benz,4,11,15,0.733
cellophan,0,15,15,1.0
axon,0,15,15,1.0
kang,12,3,15,0.2
leukemia,1,14,15,0.933
nighttim,4,11,15,0.733
aan,0,15,15,1.0
bemoan,1,14,15,0.933
cerulean,0,15,15,1.0
psig,15,0,15,0.0
xu,8,7,15,0.467
ypi,0,15,15,1.0
blackbird,2,13,15,0.867
derr,15,0,15,0.0
peskisko,0,15,15,1.0
managerlpc,0,15,15,1.0
emailremov,0,15,15,1.0
ballerina,0,15,15,1.0
manganes,0,15,15,1.0
bicker,0,15,15,1.0
cinnabar,0,15,15,1.0
dril,0,15,15,1.0
ensu,14,1,15,0.067
barbo,15,0,15,0.0
antagon,0,15,15,1.0
espinoza,15,0,15,0.0
intemper,0,15,15,1.0
necx,0,15,15,1.0
shadowi,10,5,15,0.333
byroad,0,15,15,1.0
hasti,6,9,15,0.6
cereal,0,15,15,1.0
nederland,0,15,15,1.0
burl,3,12,15,0.8
reclam,0,15,15,1.0
khumalo,0,15,15,1.0
ibit,15,0,15,0.0
effectiveiy,0,15,15,1.0
truong,15,0,15,0.0
mcgurti,15,0,15,0.0
wail,0,15,15,1.0
altruist,0,15,15,1.0
gspm,0,15,15,1.0
ramon,10,5,15,0.333
aztec,4,11,15,0.733
woodi,10,5,15,0.333
eid,1,14,15,0.933
informao,0,15,15,1.0
dariu,0,15,15,1.0
fisherman,0,15,15,1.0
relentless,11,4,15,0.267
tilt,5,10,15,0.667
brahm,0,15,15,1.0
calv,2,13,15,0.867
dahomey,0,15,15,1.0
gelatin,0,15,15,1.0
riskl,15,0,15,0.0
clink,0,15,15,1.0
aucun,6,9,15,0.6
seeth,0,15,15,1.0
unicorn,0,15,15,1.0
privi,6,9,15,0.6
sanni,0,15,15,1.0
adirondack,0,15,15,1.0
borak,15,0,15,0.0
bergen,5,10,15,0.667
voucher,9,6,15,0.4
fidentiai,0,15,15,1.0
exorbit,7,8,15,0.533
chibang,0,15,15,1.0
estar,0,15,15,1.0
arcsin,0,15,15,1.0
barter,0,15,15,1.0
unsuspect,15,0,15,0.0
voiatiiiti,0,15,15,1.0
capitolin,0,15,15,1.0
ppfont,0,15,15,1.0
scaiabl,0,15,15,1.0
saxon,7,8,15,0.533
yyyi,0,15,15,1.0
medsrealcheap,0,15,15,1.0
ional,0,15,15,1.0
swkd,0,15,15,1.0
comdisco,15,0,15,0.0
avocet,0,15,15,1.0
convoy,0,15,15,1.0
bonnet,0,15,15,1.0
friabl,0,15,15,1.0
manpow,11,4,15,0.267
gutierrez,11,4,15,0.267
dingo,0,15,15,1.0
unbetray,0,15,15,1.0
disagr,14,1,15,0.067
crappi,0,15,15,1.0
rumour,15,0,15,0.0
regiment,0,15,15,1.0
lash,3,12,15,0.8
dunk,2,13,15,0.867
misfortun,5,10,15,0.667
airtight,2,13,15,0.867
unaffili,5,10,15,0.667
wisvest,15,0,15,0.0
blot,1,14,15,0.933
guaarantee,0,15,15,1.0
basetxt,0,15,15,1.0
alcott,0,15,15,1.0
concerto,0,15,15,1.0
alyssum,0,15,15,1.0
amphetamin,0,15,15,1.0
buzzword,5,10,15,0.667
,0,15,15,1.0
cabinetri,0,15,15,1.0
rosario,5,10,15,0.667
maquina,13,2,15,0.133
markey,15,0,15,0.0
wombat,0,15,15,1.0
antiquarian,0,15,15,1.0
luecht,15,0,15,0.0
pedagogu,0,15,15,1.0
bours,14,1,15,0.067
placat,3,12,15,0.8
penc,9,6,15,0.4
nvidia,13,2,15,0.133
bungl,2,13,15,0.867
suv,8,7,15,0.467
weaponri,4,11,15,0.733
moreland,10,5,15,0.333
cin,15,0,15,0.0
yol,0,15,15,1.0
burdensom,2,13,15,0.867
urmi,15,0,15,0.0
eq,1,14,15,0.933
glorifi,3,12,15,0.8
bekeng,15,0,15,0.0
butku,15,0,15,0.0
sincerest,10,5,15,0.333
trueli,1,14,15,0.933
ordain,0,15,15,1.0
contrariwis,0,15,15,1.0
patholog,2,13,15,0.867
deja,1,14,15,0.933
xxxx,2,13,15,0.867
prima,4,11,15,0.733
jlpnymex,15,0,15,0.0
badinag,0,15,15,1.0
vlcodln,0,15,15,1.0
roulett,0,15,15,1.0
lyonnai,15,0,15,0.0
ppp,8,7,15,0.467
amb,1,14,15,0.933
jerald,12,3,15,0.2
irrespons,4,11,15,0.733
inhibitor,2,13,15,0.867
narrowli,15,0,15,0.0
chimiqu,0,15,15,1.0
croft,0,15,15,1.0
kwbt,0,15,15,1.0
nita,15,0,15,0.0
edmiston,15,0,15,0.0
cauliflow,1,14,15,0.933
orthograph,0,15,15,1.0
csgt,15,0,15,0.0
gridsouth,15,0,15,0.0
muscular,6,9,15,0.6
rainfal,11,4,15,0.267
coolidg,5,10,15,0.667
antelop,10,5,15,0.333
companhia,14,1,15,0.067
totalment,0,15,15,1.0
sandov,13,2,15,0.133
mucha,0,15,15,1.0
espous,4,11,15,0.733
firmer,5,10,15,0.667
homeomorph,0,15,15,1.0
tocuh,0,15,15,1.0
croydon,0,15,15,1.0
earthi,3,12,15,0.8
conclav,0,15,15,1.0
igtt,0,15,15,1.0
baroni,0,15,15,1.0
acuerdo,0,15,15,1.0
kinki,0,15,15,1.0
sulphid,0,15,15,1.0
almond,2,13,15,0.867
enel,15,0,15,0.0
sparkl,1,14,15,0.933
glasglow,0,15,15,1.0
fever,4,11,15,0.733
desist,5,10,15,0.667
collus,8,7,15,0.467
upstair,9,6,15,0.4
repiica,0,15,15,1.0
pharmonlin,0,15,15,1.0
saskatchewan,5,10,15,0.667
precess,0,15,15,1.0
aqueou,0,15,15,1.0
rebutt,11,4,15,0.267
lipscomb,6,9,15,0.6
oficina,0,15,15,1.0
allex,15,0,15,0.0
laxiti,2,13,15,0.867
churrasco,12,3,15,0.2
butyr,0,15,15,1.0
fuifil,0,15,15,1.0
chord,0,15,15,1.0
bantam,0,15,15,1.0
abash,0,15,15,1.0
peptid,0,15,15,1.0
telex,1,14,15,0.933
glenda,5,10,15,0.667
puller,1,14,15,0.933
rjf,15,0,15,0.0
limerick,4,11,15,0.733
chairwoman,7,8,15,0.533
rulemak,15,0,15,0.0
pocketop,0,15,15,1.0
neuron,0,15,15,1.0
belittl,5,10,15,0.667
jour,1,14,15,0.933
agnomen,0,15,15,1.0
calculu,3,12,15,0.8
vali,0,15,15,1.0
flexur,0,15,15,1.0
betel,0,15,15,1.0
pastich,0,15,15,1.0
mixup,3,12,15,0.8
ambianc,0,15,15,1.0
pinch,4,11,15,0.733
pratt,10,5,15,0.333
mca,0,15,15,1.0
fullest,1,14,15,0.933
mutil,0,15,15,1.0
chun,15,0,15,0.0
arhat,0,15,15,1.0
mystic,9,6,15,0.4
hardwood,0,15,15,1.0
valeur,0,15,15,1.0
jornada,5,10,15,0.667
orthoped,1,14,15,0.933
virtua,0,15,15,1.0
hade,6,9,15,0.6
dustin,9,6,15,0.4
adag,0,15,15,1.0
circumvent,0,15,15,1.0
circumspect,0,15,15,1.0
desejar,0,15,15,1.0
cypriot,0,15,15,1.0
drugsl,0,15,15,1.0
cannel,0,15,15,1.0
hun,1,14,15,0.933
cablefilterz,0,15,15,1.0
ktu,0,15,15,1.0
mnie,15,0,15,0.0
bialystok,0,15,15,1.0
gospel,1,14,15,0.933
foyer,6,9,15,0.6
greenroom,15,0,15,0.0
zijn,0,15,15,1.0
tec,12,3,15,0.2
codebreak,0,15,15,1.0
consanguin,0,15,15,1.0
citizensr,0,15,15,1.0
cube,8,7,15,0.467
climact,0,15,15,1.0
rajesh,15,0,15,0.0
completeth,0,15,15,1.0
nelsen,4,11,15,0.733
partiaili,0,15,15,1.0
dai,4,11,15,0.733
clutch,3,12,15,0.8
schult,15,0,15,0.0
conscienti,1,14,15,0.933
huahao,0,15,15,1.0
hypocrit,1,14,15,0.933
vicodln,0,15,15,1.0
lux,1,14,15,0.933
dumpti,0,15,15,1.0
nacey,15,0,15,0.0
aux,6,9,15,0.6
tek,0,15,15,1.0
elkhart,0,15,15,1.0
daley,2,13,15,0.867
abr,1,14,15,0.933
versatil,7,8,15,0.533
flagler,0,15,15,1.0
ibe,0,15,15,1.0
yan,14,1,15,0.067
affianc,0,15,15,1.0
tweiv,0,15,15,1.0
balustrad,0,15,15,1.0
blah,8,7,15,0.467
renaud,15,0,15,0.0
starz,0,15,15,1.0
franki,0,15,15,1.0
prowl,9,6,15,0.4
grandpar,4,11,15,0.733
arcad,2,13,15,0.867
freeserv,3,12,15,0.8
fritolay,15,0,15,0.0
karpo,0,15,15,1.0
gpa,14,1,15,0.067
untyr,0,15,15,1.0
unbias,8,7,15,0.467
tate,6,9,15,0.6
dorn,15,0,15,0.0
rothschild,7,8,15,0.533
hampton,6,9,15,0.6
hejka,15,0,15,0.0
jt,1,14,15,0.933
fatten,2,13,15,0.867
rerun,13,2,15,0.133
spar,8,7,15,0.467
bugl,1,14,15,0.933
tene,0,15,15,1.0
lutheran,8,7,15,0.467
typo,8,7,15,0.467
drone,0,15,15,1.0
simplici,0,15,15,1.0
daigl,15,0,15,0.0
ankl,3,12,15,0.8
dicken,0,15,15,1.0
classmat,6,9,15,0.6
balconi,2,13,15,0.867
cathleen,14,1,15,0.067
harmonlin,0,15,15,1.0
valiumxanaxciali,0,15,15,1.0
pennwel,15,0,15,0.0
garnet,0,15,15,1.0
boulder,7,8,15,0.533
backfil,4,11,15,0.733
alo,0,15,15,1.0
perplex,4,11,15,0.733
birthright,0,15,15,1.0
focal,7,8,15,0.533
litani,11,4,15,0.267
vaniti,0,15,15,1.0
blasphem,0,15,15,1.0
tych,5,10,15,0.667
imelda,15,0,15,0.0
chlordan,0,15,15,1.0
halligan,11,4,15,0.267
davit,0,15,15,1.0
rinard,15,0,15,0.0
ciilck,0,15,15,1.0
mcevoy,15,0,15,0.0
biak,0,15,15,1.0
unten,12,3,15,0.2
stad,2,13,15,0.867
augusta,5,10,15,0.667
milind,15,0,15,0.0
abysm,4,11,15,0.733
brisk,3,12,15,0.8
frayr,15,0,15,0.0
explanatori,8,7,15,0.467
airi,0,15,15,1.0
drank,7,8,15,0.533
yhe,0,15,15,1.0
copiou,4,11,15,0.733
cyclon,4,11,15,0.733
arap,8,7,15,0.467
abstrus,2,13,15,0.867
unpath,15,0,15,0.0
ecomog,1,14,15,0.933
mesmo,0,15,15,1.0
adm,10,5,15,0.333
jupit,4,11,15,0.733
outer,8,7,15,0.467
dragnet,2,13,15,0.867
montblanc,0,15,15,1.0
ammet,0,15,15,1.0
mamma,0,15,15,1.0
suma,15,0,15,0.0
cull,1,14,15,0.933
imput,6,9,15,0.6
glamour,4,11,15,0.733
engulf,12,3,15,0.2
triangl,0,15,15,1.0
imposit,6,9,15,0.6
apathi,0,15,15,1.0
socit,0,15,15,1.0
destinatario,0,15,15,1.0
aveng,2,13,15,0.867
rmv,0,15,15,1.0
coronado,4,11,15,0.733
conklin,2,13,15,0.867
hereof,5,10,15,0.667
adultstem,0,15,15,1.0
orgi,0,15,15,1.0
hollomon,15,0,15,0.0
timeout,0,15,15,1.0
moosq,0,15,15,1.0
bambi,5,10,15,0.667
detract,5,10,15,0.667
orchid,3,12,15,0.8
verac,11,4,15,0.267
rmaci,0,15,15,1.0
albright,0,15,15,1.0
bodyguard,0,15,15,1.0
peretsman,15,0,15,0.0
atop,4,11,15,0.733
hereinabov,0,15,15,1.0
sinu,5,10,15,0.667
isotop,0,15,15,1.0
predat,3,12,15,0.8
ectstca,15,0,15,0.0
gloom,6,9,15,0.6
preschool,2,13,15,0.867
mcgovern,13,2,15,0.133
facet,4,11,15,0.733
starbuck,7,8,15,0.533
terrifi,1,14,15,0.933
tinker,9,6,15,0.4
ciail,0,15,15,1.0
prce,0,15,15,1.0
adiprenl,0,15,15,1.0
begrudg,0,15,15,1.0
eastbound,4,11,15,0.733
bock,2,13,15,0.867
bernadin,0,15,15,1.0
exisit,3,12,15,0.8
hoog,13,2,15,0.133
aerob,3,12,15,0.8
shikhar,15,0,15,0.0
suburban,15,0,15,0.0
beget,0,15,15,1.0
bowel,0,15,15,1.0
plasma,2,13,15,0.867
elaps,2,13,15,0.867
dorchest,0,15,15,1.0
wesco,15,0,15,0.0
mrm,15,0,15,0.0
qatar,12,3,15,0.2
desperado,0,15,15,1.0
agustin,13,2,15,0.133
nikko,3,12,15,0.8
president,1,14,15,0.933
infomerci,0,15,15,1.0
spiller,15,0,15,0.0
kholodnyi,15,0,15,0.0
hornet,1,14,15,0.933
mose,2,13,15,0.867
trough,8,7,15,0.467
shaun,1,14,15,0.933
valliuum,0,15,15,1.0
valari,13,2,15,0.133
mooney,12,3,15,0.2
bedridden,0,15,15,1.0
molest,0,15,15,1.0
unfamiliar,14,1,15,0.067
rous,3,12,15,0.8
bois,2,13,15,0.867
corinthian,3,12,15,0.8
payday,7,8,15,0.533
filling,15,0,15,0.0
schranner,0,15,15,1.0
brainard,0,15,15,1.0
underpin,14,1,15,0.067
bmcp,0,15,15,1.0
usdollar,7,8,15,0.533
chopin,0,15,15,1.0
arraign,1,14,15,0.933
rever,0,15,15,1.0
pemex,13,2,15,0.133
msl,15,0,15,0.0
quiz,12,3,15,0.2
egalitarian,0,15,15,1.0
cheshir,1,14,15,0.933
broth,0,15,15,1.0
bingaman,15,0,15,0.0
buena,0,15,15,1.0
cboe,15,0,15,0.0
flexiril,0,15,15,1.0
distriga,15,0,15,0.0
blazon,0,15,15,1.0
kristal,15,0,15,0.0
capuc,15,0,15,0.0
culpabl,6,9,15,0.6
rude,4,11,15,0.733
veja,0,15,15,1.0
dimpl,0,15,15,1.0
energa,15,0,15,0.0
crosswort,0,15,15,1.0
countersunk,0,15,15,1.0
rhetor,10,5,15,0.333
pillori,8,7,15,0.467
lubrizol,15,0,15,0.0
unisi,14,1,15,0.067
payer,6,9,15,0.6
ammo,1,14,15,0.933
diminut,2,13,15,0.867
particuiariy,0,15,15,1.0
chadwick,0,15,15,1.0
donkey,6,9,15,0.6
acct,9,6,15,0.4
cadillac,2,13,15,0.867
kathmandu,0,15,15,1.0
financiera,1,14,15,0.933
grime,9,6,15,0.4
wag,1,14,15,0.933
churchmen,0,15,15,1.0
zur,3,12,15,0.8
reshap,14,1,15,0.067
brbrbrbrbrbrbrbr,0,15,15,1.0
redhat,0,15,15,1.0
outspoken,13,2,15,0.133
auspic,4,11,15,0.733
adjut,0,15,15,1.0
liar,2,13,15,0.867
azerbaijan,2,13,15,0.867
coralberri,0,15,15,1.0
chancellor,1,14,15,0.933
hexagon,0,15,15,1.0
olsson,15,0,15,0.0
morrel,15,0,15,0.0
ahn,15,0,15,0.0
procedimiento,0,15,15,1.0
bingham,2,13,15,0.867
laan,0,15,15,1.0
doorway,2,13,15,0.867
rabin,9,6,15,0.4
dsc,0,15,15,1.0
duong,15,0,15,0.0
spoof,1,14,15,0.933
etcmor,0,15,15,1.0
corollari,1,14,15,0.933
altruism,0,15,15,1.0
rieker,15,0,15,0.0
compuserv,15,0,15,0.0
gerratt,15,0,15,0.0
oversold,12,3,15,0.2
ese,0,15,15,1.0
weston,6,9,15,0.6
proiific,0,15,15,1.0
unfairli,13,2,15,0.133
hose,5,10,15,0.667
gentli,3,12,15,0.8
fb,8,7,15,0.467
sumatra,2,13,15,0.867
twentieth,3,12,15,0.8
sheik,0,15,15,1.0
bevel,0,15,15,1.0
condo,13,2,15,0.133
wwp,14,1,15,0.067
roadblock,11,4,15,0.267
iqbal,15,0,15,0.0
pork,8,7,15,0.467
higg,0,15,15,1.0
decertifi,0,15,15,1.0
defray,2,13,15,0.867
christa,12,3,15,0.2
dealmak,15,0,15,0.0
ream,8,7,15,0.467
bison,3,12,15,0.8
abuja,0,15,15,1.0
clot,0,15,15,1.0
newman,11,4,15,0.267
cacao,0,15,15,1.0
otra,0,15,15,1.0
grownup,0,15,15,1.0
burp,0,15,15,1.0
antimoni,0,15,15,1.0
zair,0,15,15,1.0
khairuddin,15,0,15,0.0
componentri,0,15,15,1.0
guin,1,14,15,0.933
stratford,6,9,15,0.6
bewild,3,12,15,0.8
shearer,2,13,15,0.867
freder,3,12,15,0.8
eavi,15,0,15,0.0
chromic,0,15,15,1.0
operacion,0,15,15,1.0
canc,0,15,15,1.0
gouranga,0,15,15,1.0
rap,9,6,15,0.4
bereft,0,15,15,1.0
xd,1,14,15,0.933
rpm,2,13,15,0.867
litton,12,3,15,0.2
precursor,6,9,15,0.6
rubin,7,8,15,0.533
crossbil,0,15,15,1.0
colonist,0,15,15,1.0
doubleclick,7,8,15,0.533
morrison,7,8,15,0.533
poltica,0,15,15,1.0
whhf,15,0,15,0.0
nowa,15,0,15,0.0
scorecard,8,7,15,0.467
tabbouleh,0,15,15,1.0
aimon,15,0,15,0.0
phen,0,15,15,1.0
baffl,1,14,15,0.933
budg,3,12,15,0.8
dewdrop,0,15,15,1.0
unauthoris,12,3,15,0.2
blous,1,14,15,0.933
ascript,0,15,15,1.0
mainland,3,12,15,0.8
imperil,5,10,15,0.667
cnl,15,0,15,0.0
unitedway,15,0,15,0.0
revalu,15,0,15,0.0
excav,2,13,15,0.867
vetter,15,0,15,0.0
incomprehens,3,12,15,0.8
glacier,3,12,15,0.8
patron,1,14,15,0.933
pagenet,15,0,15,0.0
walnut,9,6,15,0.4
nella,15,0,15,0.0
archangel,0,15,15,1.0
malina,15,0,15,0.0
hoge,3,12,15,0.8
complexion,2,13,15,0.867
corpsman,0,15,15,1.0
mud,5,10,15,0.667
sphere,3,12,15,0.8
shunda,0,15,15,1.0
leasehold,2,13,15,0.867
lop,2,13,15,0.867
duval,15,0,15,0.0
til,7,8,15,0.533
souad,15,0,15,0.0
immor,2,13,15,0.867
occident,8,7,15,0.467
dservl,15,0,15,0.0
dushinsk,15,0,15,0.0
overstock,0,15,15,1.0
mclarney,15,0,15,0.0
invensi,14,1,15,0.067
lackey,4,11,15,0.733
vivienda,0,15,15,1.0
mercur,11,4,15,0.267
checkpoint,4,11,15,0.733
chlorid,6,9,15,0.6
deciin,0,15,15,1.0
maid,6,9,15,0.6
traceabl,0,15,15,1.0
tasti,0,15,15,1.0
suncor,15,0,15,0.0
countdown,3,12,15,0.8
ftc,14,1,15,0.067
corset,0,15,15,1.0
solicitud,0,15,15,1.0
csjj,0,15,15,1.0
natal,0,15,15,1.0
dahlia,0,15,15,1.0
bowdoin,1,14,15,0.933
critter,1,14,15,0.933
clockwis,0,15,15,1.0
permut,4,10,14,0.714
aquina,0,14,14,1.0
benzen,6,8,14,0.571
dade,1,13,14,0.929
baffin,0,14,14,1.0
mccormack,14,0,14,0.0
deregulatori,2,12,14,0.857
invigor,3,11,14,0.786
zoosporocyst,0,14,14,1.0
zyrtec,0,14,14,1.0
physiolog,0,14,14,1.0
arlington,5,9,14,0.643
greengroc,0,14,14,1.0
lowerr,0,14,14,1.0
folli,1,13,14,0.929
oke,4,10,14,0.714
discoid,0,14,14,1.0
atchison,2,12,14,0.857
boggi,1,13,14,0.929
aggriev,3,11,14,0.786
anastasia,0,14,14,1.0
cosec,0,14,14,1.0
calculi,0,14,14,1.0
elucid,2,12,14,0.857
cockleshel,0,14,14,1.0
cocklebur,0,14,14,1.0
profesional,0,14,14,1.0
gim,14,0,14,0.0
fredrick,0,14,14,1.0
unblock,0,14,14,1.0
agrarian,0,14,14,1.0
revit,8,6,14,0.429
irena,14,0,14,0.0
license,11,3,14,0.214
bonfir,4,10,14,0.714
cuti,1,13,14,0.929
firebal,1,13,14,0.929
canna,0,14,14,1.0
cinderella,1,13,14,0.929
viciou,9,5,14,0.357
anabaptist,0,14,14,1.0
autocollim,0,14,14,1.0
chess,2,12,14,0.857
geodes,0,14,14,1.0
partak,2,12,14,0.857
burnout,1,13,14,0.929
mcvicker,14,0,14,0.0
cuff,2,12,14,0.857
ntpc,14,0,14,0.0
piazzet,14,0,14,0.0
seguridad,0,14,14,1.0
efi,1,13,14,0.929
inferior,2,12,14,0.857
tomato,0,14,14,1.0
autr,0,14,14,1.0
vivi,0,14,14,1.0
prl,5,9,14,0.643
ilog,14,0,14,0.0
bong,3,11,14,0.786
helium,0,14,14,1.0
switchboard,11,3,14,0.214
duckl,0,14,14,1.0
bloc,4,10,14,0.714
superced,9,5,14,0.357
jitterbug,0,14,14,1.0
natasha,12,2,14,0.143
newsclip,14,0,14,0.0
admixtur,0,14,14,1.0
glee,0,14,14,1.0
thier,5,9,14,0.643
tejon,14,0,14,0.0
dutiabl,0,14,14,1.0
milstein,14,0,14,0.0
camaraderi,1,13,14,0.929
bystand,1,13,14,0.929
antic,1,13,14,0.929
bacteri,0,14,14,1.0
anomal,3,11,14,0.786
rama,1,13,14,0.929
,0,14,14,1.0
greenish,4,10,14,0.714
orat,2,12,14,0.857
brazen,3,11,14,0.786
purs,4,10,14,0.714
raffl,6,8,14,0.571
sorb,0,14,14,1.0
kudo,4,10,14,0.714
detector,2,12,14,0.857
adclick,0,14,14,1.0
retract,5,9,14,0.643
dope,5,9,14,0.643
coconut,6,8,14,0.571
fruition,7,7,14,0.5
companc,14,0,14,0.0
divisor,0,14,14,1.0
spook,9,5,14,0.357
rivotri,0,14,14,1.0
ashen,0,14,14,1.0
chilean,3,11,14,0.786
vanadium,0,14,14,1.0
ionaalphonso,14,0,14,0.0
organizacion,0,14,14,1.0
scrimmag,7,7,14,0.5
estamo,0,14,14,1.0
lil,3,11,14,0.786
adquirir,0,14,14,1.0
heartbreak,0,14,14,1.0
photographi,1,13,14,0.929
agon,3,11,14,0.786
cayuga,0,14,14,1.0
ortega,1,13,14,0.929
orel,0,14,14,1.0
barth,8,6,14,0.429
freeler,0,14,14,1.0
corrector,0,14,14,1.0
flurri,11,3,14,0.214
brenner,1,13,14,0.929
atrium,1,13,14,0.929
backiog,0,14,14,1.0
draftsperson,0,14,14,1.0
diorit,0,14,14,1.0
mientra,0,14,14,1.0
decal,1,13,14,0.929
cyril,2,12,14,0.857
davila,14,0,14,0.0
larva,0,14,14,1.0
backyard,3,11,14,0.786
dorm,2,12,14,0.857
spiit,0,14,14,1.0
sala,2,12,14,0.857
incompat,9,5,14,0.357
aran,0,14,14,1.0
repertori,2,12,14,0.857
corteselli,14,0,14,0.0
nyiso,14,0,14,0.0
calip,0,14,14,1.0
csv,10,4,14,0.286
zeu,0,14,14,1.0
hepat,0,14,14,1.0
ecclesiast,0,14,14,1.0
dirg,0,14,14,1.0
abernathi,1,13,14,0.929
bosom,0,14,14,1.0
enrondirect,14,0,14,0.0
sustaita,14,0,14,0.0
ashman,2,12,14,0.857
freundlichen,1,13,14,0.929
cardboard,8,6,14,0.429
headway,3,11,14,0.786
unopen,4,10,14,0.714
wrench,10,4,14,0.286
birthplac,1,13,14,0.929
folgend,3,11,14,0.786
dv,2,12,14,0.857
frivol,0,14,14,1.0
sitescoop,0,14,14,1.0
conectiv,14,0,14,0.0
interject,8,6,14,0.429
oppd,14,0,14,0.0
anhydrit,0,14,14,1.0
naughti,0,14,14,1.0
pitney,11,3,14,0.214
silic,0,14,14,1.0
brunt,5,9,14,0.643
scrimshaw,14,0,14,0.0
gobel,14,0,14,0.0
hind,7,7,14,0.5
argon,0,14,14,1.0
baboon,0,14,14,1.0
endereo,0,14,14,1.0
elektronik,0,14,14,1.0
coni,0,14,14,1.0
dreami,0,14,14,1.0
dollop,0,14,14,1.0
metz,14,0,14,0.0
pobox,2,12,14,0.857
dysprosium,0,14,14,1.0
hither,0,14,14,1.0
gigawatt,2,12,14,0.857
página,0,14,14,1.0
surrey,4,10,14,0.714
norberto,12,2,14,0.143
bakar,10,4,14,0.286
igent,0,14,14,1.0
js,1,13,14,0.929
rightli,6,8,14,0.571
colza,0,14,14,1.0
gaddi,14,0,14,0.0
benitez,13,1,14,0.071
envoy,4,10,14,0.714
bead,1,13,14,0.929
coffin,1,13,14,0.929
barrack,0,14,14,1.0
perrino,14,0,14,0.0
apocryph,0,14,14,1.0
windmil,6,8,14,0.571
cot,1,13,14,0.929
opportunist,9,5,14,0.357
calcagno,14,0,14,0.0
brumidi,0,14,14,1.0
truprev,0,14,14,1.0
catv,0,14,14,1.0
fizz,14,0,14,0.0
flo,2,12,14,0.857
carous,1,13,14,0.929
reclaim,4,10,14,0.714
nhyf,0,14,14,1.0
deuteron,0,14,14,1.0
polypropylen,0,14,14,1.0
travail,2,12,14,0.857
clam,3,11,14,0.786
ngc,14,0,14,0.0
swag,12,2,14,0.143
quicksilv,10,4,14,0.286
adieu,0,14,14,1.0
berra,0,14,14,1.0
kleberg,14,0,14,0.0
fruehauf,3,11,14,0.786
mortg,1,13,14,0.929
rocco,9,5,14,0.357
serialnumb,0,14,14,1.0
cyberzon,1,13,14,0.929
frbnyrmagl,14,0,14,0.0
goodmorn,14,0,14,0.0
fledg,4,10,14,0.714
tricki,8,6,14,0.429
ttch,0,14,14,1.0
seulement,0,14,14,1.0
mmsr,0,14,14,1.0
chevrolet,2,12,14,0.857
leed,6,8,14,0.571
peculiar,3,11,14,0.786
ember,0,14,14,1.0
bila,14,0,14,0.0
pingchuan,0,14,14,1.0
pdci,14,0,14,0.0
asistencia,0,14,14,1.0
flop,7,7,14,0.5
mediccationn,0,14,14,1.0
custodian,1,13,14,0.929
simpiic,0,14,14,1.0
clow,14,0,14,0.0
cliffhang,0,14,14,1.0
stalem,10,4,14,0.286
shahi,14,0,14,0.0
argentino,0,14,14,1.0
mia,5,9,14,0.643
glide,0,14,14,1.0
lawner,14,0,14,0.0
eclipt,0,14,14,1.0
hoover,7,7,14,0.5
capitai,0,14,14,1.0
onseek,0,14,14,1.0
braun,6,8,14,0.571
heali,6,8,14,0.571
airflow,1,13,14,0.929
juz,9,5,14,0.357
subtl,7,7,14,0.5
minuto,0,14,14,1.0
offf,0,14,14,1.0
avogadro,0,14,14,1.0
internorth,14,0,14,0.0
oligarchi,0,14,14,1.0
uoi,0,14,14,1.0
grt,0,14,14,1.0
acronym,6,8,14,0.571
wooddi,14,0,14,0.0
argiv,0,14,14,1.0
youa,0,14,14,1.0
picnic,7,7,14,0.5
fermat,0,14,14,1.0
rochest,1,13,14,0.929
thiev,2,12,14,0.857
memoria,1,13,14,0.929
crumpl,0,14,14,1.0
coeditor,0,14,14,1.0
pear,1,13,14,0.929
injustic,0,14,14,1.0
pretens,0,14,14,1.0
janousek,14,0,14,0.0
ruba,0,14,14,1.0
hairmag,0,14,14,1.0
gill,7,7,14,0.5
pollock,4,10,14,0.714
prog,3,11,14,0.786
howl,3,11,14,0.786
toast,7,7,14,0.5
horsepow,8,6,14,0.429
díaz,0,14,14,1.0
ctr,14,0,14,0.0
ferreira,4,10,14,0.714
pped,0,14,14,1.0
weir,9,5,14,0.357
antoni,0,14,14,1.0
wilmer,14,0,14,0.0
ecumen,0,14,14,1.0
hausfeld,14,0,14,0.0
codeinn,0,14,14,1.0
mobipocket,0,14,14,1.0
jpmorgan,14,0,14,0.0
rook,1,13,14,0.929
enlist,12,2,14,0.143
autocorrel,5,9,14,0.643
shipp,1,13,14,0.929
nuanc,8,6,14,0.429
scalabi,0,14,14,1.0
decri,4,10,14,0.714
avenida,0,14,14,1.0
repath,14,0,14,0.0
vela,13,1,14,0.071
cluj,0,14,14,1.0
chorin,0,14,14,1.0
aq,4,10,14,0.714
cappelletto,14,0,14,0.0
bidirect,3,11,14,0.786
frontal,1,13,14,0.929
ministeri,0,14,14,1.0
amorph,0,14,14,1.0
tulli,12,2,14,0.143
prizemama,0,14,14,1.0
egret,0,14,14,1.0
ejym,0,14,14,1.0
aao,0,14,14,1.0
postman,0,14,14,1.0
sanguin,5,9,14,0.643
crosspoint,0,14,14,1.0
quirk,7,7,14,0.5
bundoora,0,14,14,1.0
regrett,9,5,14,0.357
egti,0,14,14,1.0
estrang,3,11,14,0.786
forwa,0,14,14,1.0
bayley,14,0,14,0.0
brawner,14,0,14,0.0
latim,4,10,14,0.714
adjectiv,0,14,14,1.0
cmd,0,14,14,1.0
cabrera,11,3,14,0.214
alistair,3,11,14,0.786
endgam,1,13,14,0.929
lafayett,3,11,14,0.786
venita,2,12,14,0.857
eastland,0,14,14,1.0
astoria,3,11,14,0.786
aftab,14,0,14,0.0
gq,0,14,14,1.0
succ,0,14,14,1.0
barbel,1,13,14,0.929
boson,0,14,14,1.0
melendrez,14,0,14,0.0
binghamton,3,11,14,0.786
qq,0,14,14,1.0
pgina,0,14,14,1.0
rebut,3,11,14,0.786
moulton,3,11,14,0.786
scarifi,0,14,14,1.0
shire,12,2,14,0.143
slain,0,14,14,1.0
elmsford,0,14,14,1.0
pod,5,9,14,0.643
simper,7,7,14,0.5
hamel,14,0,14,0.0
bursiti,0,14,14,1.0
tnpc,14,0,14,0.0
headi,9,5,14,0.357
ecti,2,12,14,0.857
irrepress,0,14,14,1.0
ductil,0,14,14,1.0
amidst,5,9,14,0.643
stole,2,12,14,0.857
embrittl,0,14,14,1.0
stuf,4,10,14,0.714
bsc,2,12,14,0.857
claimant,2,12,14,0.857
clich,3,11,14,0.786
sxga,0,14,14,1.0
mcintyr,7,7,14,0.5
fuent,1,13,14,0.929
fontain,8,6,14,0.429
crotch,0,14,14,1.0
hace,0,14,14,1.0
gk,2,12,14,0.857
embolden,0,14,14,1.0
coars,3,11,14,0.786
pickel,9,5,14,0.357
nutraceuticai,0,14,14,1.0
huntsvil,4,10,14,0.714
adulthood,0,14,14,1.0
arrowroot,0,14,14,1.0
lilustr,0,14,14,1.0
cring,0,14,14,1.0
anthropolog,0,14,14,1.0
relaunch,13,1,14,0.071
noma,13,1,14,0.071
sluggish,9,5,14,0.357
coriolanu,0,14,14,1.0
siegel,10,4,14,0.286
critiqu,2,12,14,0.857
verit,1,13,14,0.929
restiv,3,11,14,0.786
purpa,14,0,14,0.0
loath,2,12,14,0.857
misunderstood,7,7,14,0.5
sbgx,0,14,14,1.0
handicraft,0,14,14,1.0
maritim,8,6,14,0.429
avaric,0,14,14,1.0
bangl,2,12,14,0.857
bandwagon,1,13,14,0.929
azalea,0,14,14,1.0
baht,3,11,14,0.786
mistress,0,14,14,1.0
glean,8,6,14,0.429
imr,13,1,14,0.071
elgin,0,14,14,1.0
adolph,0,14,14,1.0
bypath,0,14,14,1.0
yhgg,0,14,14,1.0
calkin,2,12,14,0.857
bub,0,14,14,1.0
callabl,14,0,14,0.0
namin,0,14,14,1.0
rafael,2,12,14,0.857
shuffl,6,8,14,0.571
adjoin,1,13,14,0.929
ainda,0,14,14,1.0
chalcedoni,0,14,14,1.0
especiaili,0,14,14,1.0
affection,3,11,14,0.786
excret,0,14,14,1.0
anurag,14,0,14,0.0
bihari,14,0,14,0.0
couvillon,14,0,14,0.0
neta,14,0,14,0.0
frown,2,12,14,0.857
greatcoat,0,14,14,1.0
ik,0,14,14,1.0
dialysi,3,11,14,0.786
brighter,7,7,14,0.5
dugan,2,12,14,0.857
ebusi,12,2,14,0.143
pplweb,14,0,14,0.0
chicaneri,2,12,14,0.857
erudit,2,12,14,0.857
ballyhoo,4,10,14,0.714
durango,2,12,14,0.857
incens,6,8,14,0.571
yowman,14,0,14,0.0
wagon,7,7,14,0.5
perfus,0,14,14,1.0
boustrophedon,0,14,14,1.0
mata,11,3,14,0.214
nunez,12,2,14,0.143
conson,1,13,14,0.929
anathema,0,14,14,1.0
buerkl,14,0,14,0.0
mex,14,0,14,0.0
anif,0,14,14,1.0
renounc,2,12,14,0.857
kingston,3,11,14,0.786
stingi,10,4,14,0.286
prospector,0,14,14,1.0
wore,3,11,14,0.786
howenstin,14,0,14,0.0
gum,1,13,14,0.929
ki,0,14,14,1.0
browbeaten,0,14,14,1.0
reforma,1,13,14,0.929
pandasoftwar,0,14,14,1.0
plumb,9,5,14,0.357
finnegan,0,14,14,1.0
bimini,0,14,14,1.0
cruel,5,9,14,0.643
ô,0,14,14,1.0
apoge,0,14,14,1.0
gladi,3,11,14,0.786
minhplno,14,0,14,0.0
imitrex,0,14,14,1.0
oeol,0,14,14,1.0
bluebird,0,14,14,1.0
diffract,0,14,14,1.0
pessoa,0,14,14,1.0
vex,8,6,14,0.429
acoust,2,12,14,0.857
astart,0,14,14,1.0
cosmic,0,14,14,1.0
webscr,0,14,14,1.0
incluido,0,14,14,1.0
consoiid,0,14,14,1.0
pessim,7,7,14,0.5
cont,9,5,14,0.357
wrath,0,14,14,1.0
beseech,0,14,14,1.0
pallmera,0,14,14,1.0
fav,0,14,14,1.0
afterglow,0,14,14,1.0
gravit,2,12,14,0.857
slogan,0,14,14,1.0
wifimicrosoft,0,14,14,1.0
actinolit,0,14,14,1.0
gesehen,0,14,14,1.0
schon,4,10,14,0.714
chiffon,0,14,14,1.0
constructor,0,14,14,1.0
txmo,14,0,14,0.0
teammat,3,11,14,0.786
mier,14,0,14,0.0
aiong,0,14,14,1.0
cozen,0,14,14,1.0
rerout,3,11,14,0.786
component,0,14,14,1.0
augustu,0,14,14,1.0
cattlemen,0,14,14,1.0
lw,0,14,14,1.0
wiidcard,0,14,14,1.0
sentinel,12,2,14,0.143
tamera,12,2,14,0.143
slumber,0,14,14,1.0
etin,0,14,14,1.0
jug,0,14,14,1.0
tsp,13,1,14,0.071
scandium,0,14,14,1.0
beguil,0,14,14,1.0
complin,0,14,14,1.0
cofactor,0,14,14,1.0
carney,1,13,14,0.929
zenegra,0,14,14,1.0
dipol,1,13,14,0.929
purgatori,0,14,14,1.0
handwritten,3,11,14,0.786
cyberfr,0,14,14,1.0
obfusc,9,5,14,0.357
tauzin,14,0,14,0.0
rhonna,14,0,14,0.0
aphelion,0,14,14,1.0
basel,2,12,14,0.857
celia,1,13,14,0.929
valoracin,0,14,14,1.0
hacet,0,14,14,1.0
sansom,14,0,14,0.0
defector,2,12,14,0.857
vivac,0,14,14,1.0
jkoutsi,0,14,14,1.0
rundown,9,5,14,0.357
ascens,3,11,14,0.786
hain,8,6,14,0.429
perimet,3,11,14,0.786
tum,0,14,14,1.0
consultor,0,14,14,1.0
chide,6,8,14,0.571
treadmil,5,9,14,0.643
fissur,1,13,14,0.929
abbanat,14,0,14,0.0
javier,8,6,14,0.429
cub,1,13,14,0.929
depres,0,14,14,1.0
rockey,14,0,14,0.0
dpri,0,14,14,1.0
reconnect,5,9,14,0.643
doodl,0,14,14,1.0
dyspept,0,14,14,1.0
pacwest,14,0,14,0.0
diatomac,0,14,14,1.0
archaic,1,13,14,0.929
chloroform,0,14,14,1.0
bequeath,1,13,14,0.929
ope,4,10,14,0.714
strife,3,11,14,0.786
vibrant,10,4,14,0.286
asbesto,4,10,14,0.714
carmichael,2,12,14,0.857
informtica,0,14,14,1.0
guyana,0,14,14,1.0
exmar,14,0,14,0.0
celtic,0,14,14,1.0
easiiy,0,14,14,1.0
ltci,0,14,14,1.0
libel,1,13,14,0.929
unsubscribenow,0,14,14,1.0
strawberri,1,13,14,0.929
hadix,14,0,14,0.0
singular,2,12,14,0.857
vanquish,1,13,14,0.929
henenberg,14,0,14,0.0
cern,9,5,14,0.357
daydream,0,14,14,1.0
remitent,0,14,14,1.0
rapoport,14,0,14,0.0
bol,0,14,14,1.0
ersten,0,14,14,1.0
scorn,1,13,14,0.929
ddeal,0,14,14,1.0
jumpstartlovelif,0,14,14,1.0
lantern,0,14,14,1.0
blizzard,3,11,14,0.786
gibb,8,6,14,0.429
alewif,0,14,14,1.0
dissip,3,11,14,0.786
casket,0,14,14,1.0
frigat,0,14,14,1.0
directo,4,10,14,0.714
ergonom,0,14,14,1.0
crimson,1,13,14,0.929
colloc,0,14,14,1.0
preemptiv,1,13,14,0.929
doi,0,14,14,1.0
gilt,5,9,14,0.643
manu,0,14,14,1.0
svajian,14,0,14,0.0
crri,14,0,14,0.0
escort,10,4,14,0.286
darkl,0,14,14,1.0
hearti,1,13,14,0.929
recount,12,2,14,0.143
brianna,0,14,14,1.0
chois,0,14,14,1.0
villain,3,11,14,0.786
mccauley,8,6,14,0.429
weighti,2,12,14,0.857
waterway,2,12,14,0.857
grievanc,10,4,14,0.286
coliseum,6,8,14,0.571
indemnifi,7,7,14,0.5
blowfish,0,14,14,1.0
communicast,14,0,14,0.0
choke,6,8,14,0.571
meeker,13,1,14,0.071
degradedli,0,14,14,1.0
caldwel,1,13,14,0.929
worthington,7,7,14,0.5
caiif,0,14,14,1.0
joey,8,6,14,0.429
pkl,0,14,14,1.0
pronto,2,12,14,0.857
suport,0,14,14,1.0
mem,0,14,14,1.0
blym,0,14,14,1.0
albumin,0,14,14,1.0
tertiari,6,8,14,0.571
andromeda,8,6,14,0.429
phrm,0,14,14,1.0
ugh,11,3,14,0.214
rachael,2,12,14,0.857
topsit,0,14,14,1.0
lagoon,0,14,14,1.0
pharmonli,0,14,14,1.0
citadel,2,12,14,0.857
kamp,14,0,14,0.0
ectiveiy,0,14,14,1.0
statistician,8,6,14,0.429
ramirez,11,3,14,0.214
cataract,0,14,14,1.0
crac,14,0,14,0.0
ka,4,10,14,0.714
predetermin,6,8,14,0.571
democraci,6,8,14,0.571
jockey,7,7,14,0.5
ceramium,0,14,14,1.0
persever,3,11,14,0.786
alexandra,4,10,14,0.714
ambrosia,0,14,14,1.0
leblon,0,14,14,1.0
linen,2,12,14,0.857
yi,4,10,14,0.714
heed,1,13,14,0.929
aguirr,8,6,14,0.429
comparabiy,0,14,14,1.0
profund,3,11,14,0.786
aliphat,0,14,14,1.0
dharma,0,14,14,1.0
ruie,0,14,14,1.0
dune,1,13,14,0.929
kilchrist,14,0,14,0.0
caw,0,14,14,1.0
contagi,1,13,14,0.929
uar,0,14,14,1.0
whirlpool,2,12,14,0.857
intermod,14,0,14,0.0
cingular,13,1,14,0.071
wurd,0,14,14,1.0
liken,7,7,14,0.5
asoci,2,12,14,0.857
agnost,2,12,14,0.857
fir,0,14,14,1.0
enumer,3,11,14,0.786
toppl,6,8,14,0.571
kao,11,3,14,0.214
extric,3,11,14,0.786
alj,14,0,14,0.0
vora,14,0,14,0.0
academician,4,10,14,0.714
sattler,2,12,14,0.857
breve,0,14,14,1.0
qs,2,12,14,0.857
atwat,0,14,14,1.0
noah,4,10,14,0.714
yieid,0,14,14,1.0
dicta,0,14,14,1.0
loren,10,4,14,0.286
esco,0,14,14,1.0
twprodol,14,0,14,0.0
dietician,0,14,14,1.0
indemn,7,7,14,0.5
electra,0,14,14,1.0
salvia,0,14,14,1.0
annouc,14,0,14,0.0
seaport,1,13,14,0.929
haz,0,14,14,1.0
slo,0,14,14,1.0
primp,0,14,14,1.0
xieti,0,14,14,1.0
snag,8,6,14,0.429
interrog,0,14,14,1.0
fizzl,8,6,14,0.429
castig,2,12,14,0.857
demolish,1,13,14,0.929
kirbi,10,4,14,0.286
lofton,14,0,14,0.0
ecolog,2,12,14,0.857
donotemail,14,0,14,0.0
delaney,6,8,14,0.571
cilai,0,14,14,1.0
rtf,13,1,14,0.071
pj,4,10,14,0.714
customhous,0,14,14,1.0
reachabl,12,2,14,0.143
reconstruct,7,7,14,0.5
ivi,10,4,14,0.286
vale,2,12,14,0.857
undertook,7,7,14,0.5
delug,2,12,14,0.857
liza,12,2,14,0.143
dysplasia,0,14,14,1.0
greenwich,7,7,14,0.5
topo,2,12,14,0.857
arsystem,14,0,14,0.0
elois,1,13,14,0.929
hurl,3,11,14,0.786
priceless,2,12,14,0.857
ura,0,14,14,1.0
ncph,14,0,14,0.0
elud,4,10,14,0.714
parmigiani,0,14,14,1.0
pushkar,14,0,14,0.0
luigi,14,0,14,0.0
gannett,1,13,14,0.929
earthshak,0,14,14,1.0
boldli,2,12,14,0.857
cpillc,0,14,14,1.0
choosi,2,12,14,0.857
goddess,1,13,14,0.929
etr,12,2,14,0.143
bordeaux,0,14,14,1.0
roc,9,5,14,0.357
heurist,3,11,14,0.786
diskett,9,5,14,0.357
ake,1,13,14,0.929
burglarproof,0,14,14,1.0
chernist,0,14,14,1.0
aham,12,2,14,0.143
checkbook,0,14,14,1.0
hoagi,0,14,14,1.0
ial,0,14,14,1.0
codeword,0,14,14,1.0
cameramen,1,13,14,0.929
blodget,14,0,14,0.0
demograph,3,11,14,0.786
cometh,1,13,14,0.929
luu,14,0,14,0.0
hartford,1,13,14,0.929
vlsit,0,14,14,1.0
pvt,3,11,14,0.786
decorum,1,13,14,0.929
itcentr,14,0,14,0.0
lovv,0,14,14,1.0
guido,8,6,14,0.429
intreset,0,14,14,1.0
courtier,0,14,14,1.0
utopia,0,14,14,1.0
satur,1,13,14,0.929
transcend,2,12,14,0.857
perspir,0,14,14,1.0
outnumb,12,2,14,0.143
demount,0,14,14,1.0
saleem,14,0,14,0.0
inst,6,8,14,0.571
ditzel,0,14,14,1.0
declassifi,1,13,14,0.929
coccidiosi,0,14,14,1.0
coax,0,14,14,1.0
tooth,1,13,14,0.929
impart,3,11,14,0.786
collard,1,13,14,0.929
uitr,0,14,14,1.0
ancestri,1,13,14,0.929
melamin,0,14,14,1.0
eigenfunct,0,14,14,1.0
juev,1,13,14,0.929
messr,12,2,14,0.143
wehr,13,1,14,0.071
corteg,0,14,14,1.0
clown,2,12,14,0.857
luminesc,0,14,14,1.0
innovis,14,0,14,0.0
crossov,8,6,14,0.429
boardinghous,0,14,14,1.0
repack,0,14,14,1.0
omnimedia,13,1,14,0.071
chu,6,8,14,0.571
namazý,0,14,14,1.0
objet,0,14,14,1.0
hollweck,14,0,14,0.0
astrophysicist,1,13,14,0.929
flourish,6,8,14,0.571
cavazo,14,0,14,0.0
reichardt,14,0,14,0.0
gamut,2,12,14,0.857
wolff,6,8,14,0.571
folsom,13,1,14,0.071
hrnoc,0,14,14,1.0
pneumotomi,0,14,14,1.0
rodriquez,14,0,14,0.0
intramonth,14,0,14,0.0
whop,8,6,14,0.429
swirl,13,1,14,0.071
ecosystem,4,10,14,0.714
turnout,9,5,14,0.357
goldsmith,3,11,14,0.786
cervix,0,14,14,1.0
cloudi,3,11,14,0.786
emphasis,11,3,14,0.214
roil,8,6,14,0.429
sync,10,4,14,0.286
madden,6,8,14,0.571
laszlo,9,5,14,0.357
vea,1,13,14,0.929
cheroke,0,14,14,1.0
horror,5,9,14,0.643
mice,3,11,14,0.786
illicitli,2,12,14,0.857
viadimir,0,14,14,1.0
gisel,8,6,14,0.429
carnag,2,12,14,0.857
slug,4,10,14,0.714
asparagin,0,14,14,1.0
audioaudit,0,14,14,1.0
bucharest,1,13,14,0.929
uribl,0,14,14,1.0
grandios,6,8,14,0.571
carrot,0,14,14,1.0
burli,1,13,14,0.929
crockett,5,9,14,0.643
fazer,0,14,14,1.0
airspe,0,14,14,1.0
thame,9,5,14,0.357
,14,0,14,0.0
hurst,4,10,14,0.714
jenson,14,0,14,0.0
bard,0,14,14,1.0
icann,0,14,14,1.0
pta,1,13,14,0.929
viril,0,14,14,1.0
conjunctur,0,14,14,1.0
cottrel,0,14,14,1.0
undetermin,12,2,14,0.143
edmonton,0,14,14,1.0
elegi,0,14,14,1.0
emv,8,6,14,0.429
cartilag,0,14,14,1.0
nepal,1,13,14,0.929
vasut,14,0,14,0.0
fractur,0,14,14,1.0
kidd,3,11,14,0.786
caleb,1,13,14,0.929
stig,14,0,14,0.0
villa,5,9,14,0.643
sawyer,7,7,14,0.5
footpath,0,14,14,1.0
fiesta,3,11,14,0.786
sticki,4,10,14,0.714
chungk,0,14,14,1.0
iin,0,14,14,1.0
raft,10,4,14,0.286
farmhous,0,14,14,1.0
blight,0,14,14,1.0
circumferenti,0,14,14,1.0
cessat,4,10,14,0.714
homecom,2,12,14,0.857
archivo,0,13,13,1.0
crucifixion,0,13,13,1.0
implaus,6,7,13,0.538
marma,13,0,13,0.0
appalachia,2,11,13,0.846
revoiution,0,13,13,1.0
primer,3,10,13,0.769
waist,1,12,13,0.923
graciou,5,8,13,0.615
msc,1,12,13,0.923
echelon,3,10,13,0.769
mimeol,8,5,13,0.385
surnam,1,12,13,0.923
sunil,13,0,13,0.0
ablut,0,13,13,1.0
photocopi,2,11,13,0.846
ziya,0,13,13,1.0
fright,3,10,13,0.769
boxcar,0,13,13,1.0
percentil,8,5,13,0.385
vulgar,4,9,13,0.692
unstung,0,13,13,1.0
agat,0,13,13,1.0
unseen,10,3,13,0.231
hlp,4,9,13,0.692
dunde,0,13,13,1.0
lyell,1,12,13,0.923
cdrom,2,11,13,0.846
pccare,0,13,13,1.0
sportswear,1,12,13,0.923
siderurgica,13,0,13,0.0
broadsid,0,13,13,1.0
rudiment,2,11,13,0.846
sifert,13,0,13,0.0
conley,2,11,13,0.846
strategicaliy,0,13,13,1.0
ymca,11,2,13,0.154
cutesi,0,13,13,1.0
cme,13,0,13,0.0
disquisit,0,13,13,1.0
asd,0,13,13,1.0
ciinic,0,13,13,1.0
vairga,0,13,13,1.0
colossi,0,13,13,1.0
truiy,0,13,13,1.0
ikon,13,0,13,0.0
curi,0,13,13,1.0
shihong,13,0,13,0.0
alexio,13,0,13,0.0
defus,2,11,13,0.846
postbank,0,13,13,1.0
springboard,2,11,13,0.846
classi,0,13,13,1.0
furs,13,0,13,0.0
fleshlight,0,13,13,1.0
bedfast,0,13,13,1.0
otcliv,0,13,13,1.0
pornographi,1,12,13,0.923
ditti,2,11,13,0.846
clau,4,9,13,0.692
marzo,0,13,13,1.0
enviou,4,9,13,0.692
accultur,0,13,13,1.0
lewent,13,0,13,0.0
valiu,0,13,13,1.0
alabast,0,13,13,1.0
triton,2,11,13,0.846
wenyao,13,0,13,0.0
autobiographi,0,13,13,1.0
baroqu,0,13,13,1.0
optima,0,13,13,1.0
ecoelectrica,13,0,13,0.0
ripoff,0,13,13,1.0
crinkl,0,13,13,1.0
lawbreak,0,13,13,1.0
foul,5,8,13,0.615
maor,13,0,13,0.0
dehydr,1,12,13,0.923
punto,0,13,13,1.0
bergman,4,9,13,0.692
hoodia,0,13,13,1.0
johan,13,0,13,0.0
riddl,8,5,13,0.385
marlow,7,6,13,0.462
aiken,6,7,13,0.538
nighter,0,13,13,1.0
bioscienc,0,13,13,1.0
midtex,13,0,13,0.0
kabul,6,7,13,0.538
rawson,13,0,13,0.0
messagelab,1,12,13,0.923
walmart,1,12,13,0.923
vivienn,13,0,13,0.0
notehold,13,0,13,0.0
chairmen,4,9,13,0.692
diesem,0,13,13,1.0
dockyard,0,13,13,1.0
subset,13,0,13,0.0
omni,6,7,13,0.538
acorn,0,13,13,1.0
bavaria,0,13,13,1.0
mxo,0,13,13,1.0
communion,0,13,13,1.0
sergio,1,12,13,0.923
lzevaw,0,13,13,1.0
basemen,0,13,13,1.0
moot,10,3,13,0.231
klussmann,13,0,13,0.0
coercibl,0,13,13,1.0
procter,8,5,13,0.385
singleton,4,9,13,0.692
catkin,0,13,13,1.0
jitendra,13,0,13,0.0
shu,7,6,13,0.462
flaunt,0,13,13,1.0
deflector,0,13,13,1.0
ripen,0,13,13,1.0
farmland,0,13,13,1.0
inward,3,10,13,0.769
retirar,0,13,13,1.0
dubreuil,13,0,13,0.0
protector,0,13,13,1.0
plunder,0,13,13,1.0
clubhous,0,13,13,1.0
desuetud,0,13,13,1.0
sei,0,13,13,1.0
lenni,6,7,13,0.538
galbreath,0,13,13,1.0
indiffer,2,11,13,0.846
vagira,0,13,13,1.0
dionysian,0,13,13,1.0
electrician,1,12,13,0.923
excercis,6,7,13,0.538
densiti,9,4,13,0.308
indutri,13,0,13,0.0
nada,0,13,13,1.0
helicopt,2,11,13,0.846
haw,2,11,13,0.846
austrian,9,4,13,0.308
bedevil,2,11,13,0.846
kidwai,13,0,13,0.0
mendel,4,9,13,0.692
olaf,6,7,13,0.538
compendium,0,13,13,1.0
menopaus,0,13,13,1.0
thwack,0,13,13,1.0
colosseum,0,13,13,1.0
timeli,11,2,13,0.154
bellman,0,13,13,1.0
antigorit,0,13,13,1.0
diacrit,0,13,13,1.0
phonemail,13,0,13,0.0
mercaldo,13,0,13,0.0
dhabi,2,11,13,0.846
amphioxi,0,13,13,1.0
rnedic,0,13,13,1.0
tyndal,0,13,13,1.0
landau,3,10,13,0.769
ahmedabad,3,10,13,0.769
petrol,1,12,13,0.923
adenin,0,13,13,1.0
aval,2,11,13,0.846
binuclear,0,13,13,1.0
experienceenron,13,0,13,0.0
gianna,13,0,13,0.0
wheelock,13,0,13,0.0
bullyboy,0,13,13,1.0
limitless,1,12,13,0.923
lott,6,7,13,0.538
brahmsian,0,13,13,1.0
dodecahedr,0,13,13,1.0
tourain,13,0,13,0.0
layman,5,8,13,0.615
nausea,1,12,13,0.923
docksid,0,13,13,1.0
infest,0,13,13,1.0
chortl,0,13,13,1.0
freedman,1,12,13,0.923
vigara,0,13,13,1.0
catchword,0,13,13,1.0
hartso,13,0,13,0.0
micha,0,13,13,1.0
ntsb,11,2,13,0.154
tomi,13,0,13,0.0
amygdaloid,0,13,13,1.0
daskalaki,13,0,13,0.0
aquilla,13,0,13,0.0
guar,0,13,13,1.0
transpos,0,13,13,1.0
ahorra,0,13,13,1.0
wallstreet,0,13,13,1.0
cracker,2,11,13,0.846
tropospher,3,10,13,0.769
saldana,12,1,13,0.077
ambuscad,0,13,13,1.0
miseri,1,12,13,0.923
stronghold,1,12,13,0.923
buttercup,0,13,13,1.0
pegasu,10,3,13,0.231
qo,4,9,13,0.692
drunkard,0,13,13,1.0
steamtight,0,13,13,1.0
soy,0,13,13,1.0
impract,1,12,13,0.923
umber,0,13,13,1.0
junel,13,0,13,0.0
adul,0,13,13,1.0
mulcahi,13,0,13,0.0
communiqu,4,9,13,0.692
peep,2,11,13,0.846
execr,0,13,13,1.0
clifton,1,12,13,0.923
peachtre,7,6,13,0.462
colloqui,0,13,13,1.0
preo,0,13,13,1.0
raspberri,0,13,13,1.0
ether,3,10,13,0.769
dadaist,0,13,13,1.0
glare,4,9,13,0.692
indigest,1,12,13,0.923
bonito,0,13,13,1.0
couturi,0,13,13,1.0
dairymen,0,13,13,1.0
kempston,13,0,13,0.0
herr,5,8,13,0.615
bunk,0,13,13,1.0
segunda,1,12,13,0.923
boar,0,13,13,1.0
heron,4,9,13,0.692
ceba,13,0,13,0.0
dyrvik,13,0,13,0.0
crystallographi,0,13,13,1.0
apologia,0,13,13,1.0
changeabl,0,13,13,1.0
emancip,0,13,13,1.0
kodansha,13,0,13,0.0
braill,0,13,13,1.0
ellips,0,13,13,1.0
classificatori,0,13,13,1.0
viola,10,3,13,0.231
navajo,10,3,13,0.231
balm,0,13,13,1.0
afir,1,12,13,0.923
coagul,0,13,13,1.0
disjunct,0,13,13,1.0
blutwurst,0,13,13,1.0
bupa,13,0,13,0.0
bodic,0,13,13,1.0
palmitin,0,13,13,1.0
cryo,0,13,13,1.0
airspac,2,11,13,0.846
adorn,1,12,13,0.923
fortitud,2,11,13,0.846
marbl,5,8,13,0.615
malocclus,0,13,13,1.0
korbi,13,0,13,0.0
yoxal,13,0,13,0.0
mre,0,13,13,1.0
hilt,0,13,13,1.0
clarkston,13,0,13,0.0
moneymak,4,9,13,0.692
jurdica,0,13,13,1.0
carbonac,0,13,13,1.0
xq,0,13,13,1.0
decliv,0,13,13,1.0
dactyl,0,13,13,1.0
buckwheat,0,13,13,1.0
customiz,4,9,13,0.692
npi,12,1,13,0.077
paramont,13,0,13,0.0
captainci,0,13,13,1.0
btl,1,12,13,0.923
stoness,13,0,13,0.0
bloomington,0,13,13,1.0
marluc,13,0,13,0.0
meghan,12,1,13,0.077
abolish,3,10,13,0.769
swinney,13,0,13,0.0
granit,0,13,13,1.0
paolo,5,8,13,0.615
blk,9,4,13,0.308
lalita,13,0,13,0.0
paain,0,13,13,1.0
nocturn,0,13,13,1.0
edificio,0,13,13,1.0
settel,13,0,13,0.0
berth,0,13,13,1.0
pyle,2,11,13,0.846
demot,2,11,13,0.846
dictatori,1,12,13,0.923
supersav,0,13,13,1.0
bestsellerdom,13,0,13,0.0
conspicu,3,10,13,0.769
berkeland,13,0,13,0.0
evinc,8,5,13,0.385
airpark,0,13,13,1.0
navroz,13,0,13,0.0
bromid,0,13,13,1.0
berardino,13,0,13,0.0
vaughan,8,5,13,0.385
holman,6,7,13,0.538
highiight,0,13,13,1.0
diehard,0,13,13,1.0
removem,0,13,13,1.0
troubleshoot,8,5,13,0.385
secgov,0,13,13,1.0
rake,2,11,13,0.846
armaceut,0,13,13,1.0
hisd,13,0,13,0.0
destitut,1,12,13,0.923
ellison,7,6,13,0.462
tomaski,13,0,13,0.0
giro,0,13,13,1.0
ashleybaxt,13,0,13,0.0
chauffeur,0,13,13,1.0
crossarm,0,13,13,1.0
anachron,0,13,13,1.0
gupt,13,0,13,0.0
snr,3,10,13,0.769
banca,5,8,13,0.615
algier,0,13,13,1.0
guerrilla,0,13,13,1.0
outlaw,7,6,13,0.462
ensign,0,13,13,1.0
czar,3,10,13,0.769
opillsl,0,13,13,1.0
mather,13,0,13,0.0
burnsid,0,13,13,1.0
murmur,0,13,13,1.0
backplan,0,13,13,1.0
bustard,0,13,13,1.0
hubei,0,13,13,1.0
mercenari,5,8,13,0.615
overdon,13,0,13,0.0
camcord,3,10,13,0.769
burkina,0,13,13,1.0
charta,0,13,13,1.0
emblazon,2,11,13,0.846
amo,3,10,13,0.769
cede,2,11,13,0.846
articulatori,0,13,13,1.0
adverb,0,13,13,1.0
hiccup,4,9,13,0.692
viacel,0,13,13,1.0
surject,0,13,13,1.0
upheav,6,7,13,0.538
prava,13,0,13,0.0
delicatessen,0,13,13,1.0
cordiess,0,13,13,1.0
datum,0,13,13,1.0
allerg,1,12,13,0.923
rainier,13,0,13,0.0
polaroid,10,3,13,0.231
blyth,0,13,13,1.0
gust,0,13,13,1.0
intricaci,7,6,13,0.462
ved,0,13,13,1.0
audac,2,11,13,0.846
kzll,0,13,13,1.0
joyner,13,0,13,0.0
solu,0,13,13,1.0
impiement,0,13,13,1.0
ukuk,0,13,13,1.0
morass,3,10,13,0.769
bookout,13,0,13,0.0
stif,0,13,13,1.0
akron,3,10,13,0.769
christmass,0,13,13,1.0
raj,8,5,13,0.385
galia,13,0,13,0.0
adenosin,0,13,13,1.0
graywack,0,13,13,1.0
leakag,3,10,13,0.769
rho,8,5,13,0.385
archenemi,0,13,13,1.0
filler,0,13,13,1.0
kunden,0,13,13,1.0
gradat,4,9,13,0.692
equipo,0,13,13,1.0
holyok,9,4,13,0.308
prov,9,4,13,0.308
madelin,3,10,13,0.769
gangl,0,13,13,1.0
constern,0,13,13,1.0
autor,1,12,13,0.923
convex,0,13,13,1.0
cantilev,1,12,13,0.923
omelet,4,9,13,0.692
evict,1,12,13,0.923
ingersol,5,8,13,0.615
byproduct,4,9,13,0.692
habiba,13,0,13,0.0
shrimp,3,10,13,0.769
addr,2,11,13,0.846
awl,0,13,13,1.0
getti,4,9,13,0.692
burgundi,2,11,13,0.846
desorpt,0,13,13,1.0
timeshar,2,11,13,0.846
abyssinia,0,13,13,1.0
aspen,2,11,13,0.846
palat,1,12,13,0.923
bfl,6,7,13,0.538
shinohara,13,0,13,0.0
fairley,13,0,13,0.0
angiosperm,0,13,13,1.0
soo,7,6,13,0.462
slc,7,6,13,0.462
firstca,0,13,13,1.0
lamp,1,12,13,0.923
whirl,3,10,13,0.769
karolina,13,0,13,0.0
homeostasi,0,13,13,1.0
omin,6,7,13,0.538
katen,13,0,13,0.0
bun,1,12,13,0.923
silverman,10,3,13,0.231
athiet,0,13,13,1.0
bam,1,12,13,0.923
bamboo,0,13,13,1.0
nuciear,0,13,13,1.0
testat,0,13,13,1.0
copra,0,13,13,1.0
affluenc,0,13,13,1.0
ascet,0,13,13,1.0
daimler,3,10,13,0.769
mors,8,5,13,0.385
aff,0,13,13,1.0
tomb,3,10,13,0.769
brunswick,4,9,13,0.692
creami,0,13,13,1.0
confuciu,6,7,13,0.538
edelweiss,0,13,13,1.0
retrogress,0,13,13,1.0
tardi,11,2,13,0.154
coloratura,0,13,13,1.0
lac,5,8,13,0.615
kasemervisz,13,0,13,0.0
napm,13,0,13,0.0
genu,0,13,13,1.0
booz,0,13,13,1.0
haywood,13,0,13,0.0
misconduct,13,0,13,0.0
py,0,13,13,1.0
combinator,0,13,13,1.0
dominick,0,13,13,1.0
lch,13,0,13,0.0
clemen,2,11,13,0.846
rut,0,13,13,1.0
leumi,13,0,13,0.0
granddaught,1,12,13,0.923
ester,2,11,13,0.846
mam,10,3,13,0.231
caiil,0,13,13,1.0
punctuat,4,9,13,0.692
abduct,0,13,13,1.0
blackmail,0,13,13,1.0
cromwel,2,11,13,0.846
cointreau,13,0,13,0.0
bedrock,0,13,13,1.0
julib,13,0,13,0.0
verifl,0,13,13,1.0
rotunda,0,13,13,1.0
eisenhow,0,13,13,1.0
caith,13,0,13,0.0
shambl,8,5,13,0.385
panther,8,5,13,0.385
convect,0,13,13,1.0
duopolist,0,13,13,1.0
ambulatori,0,13,13,1.0
lifont,0,13,13,1.0
motto,1,12,13,0.923
nodal,2,11,13,0.846
parenthes,6,7,13,0.538
buzzi,0,13,13,1.0
lediesnight,0,13,13,1.0
lic,0,13,13,1.0
brasilia,1,12,13,0.923
licenciatura,0,13,13,1.0
psychoanalyt,0,13,13,1.0
alpenstock,0,13,13,1.0
harpo,13,0,13,0.0
certiorari,0,13,13,1.0
nebula,0,13,13,1.0
genesi,9,4,13,0.308
halakah,0,13,13,1.0
confeder,1,12,13,0.923
dubinski,13,0,13,0.0
circumscrib,0,13,13,1.0
heriard,13,0,13,0.0
matric,6,7,13,0.538
sideway,3,10,13,0.769
fv,1,12,13,0.923
albatross,0,13,13,1.0
parsimoni,1,12,13,0.923
warmth,1,12,13,0.923
bounti,1,12,13,0.923
boi,0,13,13,1.0
faber,5,8,13,0.615
shasta,8,5,13,0.385
bangor,0,13,13,1.0
czerniak,0,13,13,1.0
contraband,0,13,13,1.0
barnyard,0,13,13,1.0
creak,0,13,13,1.0
stylu,1,12,13,0.923
rci,11,2,13,0.154
hemorrhag,3,10,13,0.769
coattail,0,13,13,1.0
crevic,0,13,13,1.0
limo,10,3,13,0.231
terraso,13,0,13,0.0
wiggin,12,1,13,0.077
giggl,1,12,13,0.923
veterinari,0,13,13,1.0
ttcm,0,13,13,1.0
josephin,5,8,13,0.615
ellipt,0,13,13,1.0
hasten,3,10,13,0.769
breez,2,11,13,0.846
salarich,13,0,13,0.0
corsag,2,11,13,0.846
cmara,0,13,13,1.0
aubrey,2,11,13,0.846
milbank,13,0,13,0.0
orchard,3,10,13,0.769
poe,6,7,13,0.538
provincia,0,13,13,1.0
cupboard,0,13,13,1.0
holsworth,13,0,13,0.0
angelova,13,0,13,0.0
coxcomb,0,13,13,1.0
calvari,0,13,13,1.0
bast,0,13,13,1.0
unmark,4,9,13,0.692
dornan,13,0,13,0.0
adler,7,6,13,0.462
antholog,0,13,13,1.0
planta,0,13,13,1.0
opal,6,7,13,0.538
riti,0,13,13,1.0
schulden,0,13,13,1.0
exceptiona,0,13,13,1.0
dickcissel,0,13,13,1.0
stationar,4,9,13,0.692
larregui,13,0,13,0.0
chateau,0,13,13,1.0
mathematica,12,1,13,0.077
allianz,5,8,13,0.615
abstractor,0,13,13,1.0
repubi,0,13,13,1.0
lci,0,13,13,1.0
dorado,0,13,13,1.0
fastlan,13,0,13,0.0
basto,13,0,13,0.0
yachtmast,0,13,13,1.0
industrialist,0,13,13,1.0
abhay,13,0,13,0.0
noit,0,13,13,1.0
arbeit,0,13,13,1.0
ammerman,0,13,13,1.0
csl,0,13,13,1.0
belliger,3,10,13,0.769
cilia,1,12,13,0.923
donner,0,13,13,1.0
infantil,0,13,13,1.0
cocain,3,10,13,0.769
thine,0,13,13,1.0
anion,0,13,13,1.0
classlawy,13,0,13,0.0
cloakroom,0,13,13,1.0
onboard,5,8,13,0.615
chinachem,13,0,13,0.0
katijah,13,0,13,0.0
ideaglob,13,0,13,0.0
ffice,0,13,13,1.0
skylin,8,5,13,0.385
problema,0,13,13,1.0
eichmann,13,0,13,0.0
cuellar,13,0,13,0.0
trammel,10,3,13,0.231
diva,0,13,13,1.0
electrocardiograph,0,13,13,1.0
wl,3,10,13,0.769
verbascos,0,13,13,1.0
proforma,12,1,13,0.077
bennington,1,12,13,0.923
judd,8,5,13,0.385
pli,0,13,13,1.0
tendenc,9,4,13,0.308
welsh,3,10,13,0.769
itm,3,10,13,0.769
homeless,6,7,13,0.538
adept,6,7,13,0.538
gibbon,1,12,13,0.923
realplay,2,11,13,0.846
coulomb,0,13,13,1.0
indra,13,0,13,0.0
espn,13,0,13,0.0
retic,5,8,13,0.615
brethren,0,13,13,1.0
nassau,0,13,13,1.0
italiam,0,13,13,1.0
aloft,0,13,13,1.0
mausoleum,0,13,13,1.0
ranjan,13,0,13,0.0
froma,0,13,13,1.0
cotyledon,0,13,13,1.0
pristin,7,6,13,0.462
eigenvector,0,13,13,1.0
derogatori,2,11,13,0.846
unproportion,0,13,13,1.0
sandler,13,0,13,0.0
rudolph,7,6,13,0.462
catharsi,0,13,13,1.0
cyprian,0,13,13,1.0
northward,3,10,13,0.769
preambl,3,10,13,0.769
breweri,2,11,13,0.846
sequel,4,9,13,0.692
coachwork,0,13,13,1.0
loftu,13,0,13,0.0
butterfield,0,13,13,1.0
heterogen,3,10,13,0.769
cucumb,0,13,13,1.0
mistaken,10,3,13,0.231
apatit,0,13,13,1.0
artimi,13,0,13,0.0
warez,0,13,13,1.0
herewith,6,7,13,0.538
sacr,0,13,13,1.0
cuando,0,13,13,1.0
spielen,0,13,13,1.0
garfield,2,11,13,0.846
bazhayev,0,13,13,1.0
antioxid,0,13,13,1.0
tradespark,13,0,13,0.0
youngblood,12,1,13,0.077
nooyi,13,0,13,0.0
char,0,13,13,1.0
decatherm,13,0,13,0.0
percol,0,13,13,1.0
betrag,0,13,13,1.0
greta,4,9,13,0.692
barbit,0,13,13,1.0
kite,2,11,13,0.846
skim,3,10,13,0.769
lenght,0,13,13,1.0
phoenician,0,13,13,1.0
succe,5,8,13,0.615
blocki,0,13,13,1.0
belmont,4,9,13,0.692
foresight,4,9,13,0.692
jae,12,1,13,0.077
honeymoon,1,12,13,0.923
bali,0,13,13,1.0
groov,0,13,13,1.0
parochi,3,10,13,0.769
aberdeen,1,12,13,0.923
zeigham,13,0,13,0.0
detractor,5,8,13,0.615
ikepod,0,13,13,1.0
indubit,0,13,13,1.0
shovel,1,12,13,0.923
chairwomen,0,13,13,1.0
beauregard,0,13,13,1.0
papua,0,13,13,1.0
cardamom,1,12,13,0.923
yank,5,8,13,0.615
coadjutor,0,13,13,1.0
moffett,13,0,13,0.0
athabascan,0,13,13,1.0
nonsmok,4,9,13,0.692
tractor,3,10,13,0.769
barmanbek,13,0,13,0.0
cervant,1,12,13,0.923
unrestrict,4,9,13,0.692
extrins,7,6,13,0.462
dla,9,4,13,0.308
pituitari,0,13,13,1.0
prowess,3,10,13,0.769
autorout,0,13,13,1.0
decompil,1,12,13,0.923
amc,8,5,13,0.385
cai,0,13,13,1.0
marietta,0,13,13,1.0
waterfal,0,13,13,1.0
cocki,2,11,13,0.846
scribbl,3,10,13,0.769
telefonica,1,12,13,0.923
apport,1,12,13,0.923
bladder,0,13,13,1.0
etiquett,0,13,13,1.0
armoir,0,13,13,1.0
mot,0,13,13,1.0
staud,12,1,13,0.077
dtr,1,12,13,0.923
micheal,2,11,13,0.846
elol,13,0,13,0.0
bryn,0,13,13,1.0
kux,13,0,13,0.0
celesti,0,13,13,1.0
brighton,1,12,13,0.923
sarban,1,12,13,0.923
adiabat,0,13,13,1.0
surreptiti,0,13,13,1.0
feat,4,9,13,0.692
dredg,4,9,13,0.692
reagan,9,4,13,0.308
scandinavia,9,4,13,0.308
unregist,1,12,13,0.923
norwegian,5,8,13,0.615
jarod,10,3,13,0.231
twelfth,0,13,13,1.0
stainlesssteel,0,13,13,1.0
vagina,1,12,13,0.923
putin,1,12,13,0.923
anastigmat,0,13,13,1.0
venda,0,13,13,1.0
xc,0,13,13,1.0
dickey,0,13,13,1.0
conway,1,12,13,0.923
cambric,0,13,13,1.0
adrienn,3,10,13,0.769
cari,5,8,13,0.615
twilight,2,11,13,0.846
chivalri,0,13,13,1.0
onetim,8,5,13,0.385
obey,0,13,13,1.0
rhone,13,0,13,0.0
ruffer,13,0,13,0.0
eph,0,13,13,1.0
legg,13,0,13,0.0
cavort,0,13,13,1.0
aprobado,0,13,13,1.0
desolat,0,13,13,1.0
jdz,0,13,13,1.0
infight,0,13,13,1.0
mening,5,8,13,0.615
backstag,1,12,13,0.923
petruno,13,0,13,0.0
plural,2,11,13,0.846
tempstaff,13,0,13,0.0
jkm,4,9,13,0.692
ection,0,13,13,1.0
taskpan,0,13,13,1.0
pragmatist,0,13,13,1.0
superstor,0,13,13,1.0
instalación,0,13,13,1.0
unreserv,3,10,13,0.769
draftsmen,0,13,13,1.0
jackrabbit,1,12,13,0.923
cassani,13,0,13,0.0
boynton,13,0,13,0.0
bauhau,0,13,13,1.0
lad,6,7,13,0.538
upstart,6,7,13,0.538
jpeg,2,11,13,0.846
rz,1,12,13,0.923
citrokn,13,0,13,0.0
condom,2,11,13,0.846
orldwid,0,13,13,1.0
minter,13,0,13,0.0
chilli,3,10,13,0.769
delek,0,13,13,1.0
canvasback,0,13,13,1.0
morley,3,10,13,0.769
liiustrat,0,13,13,1.0
attglob,12,1,13,0.077
aitken,1,12,13,0.923
dorca,0,13,13,1.0
bengal,3,10,13,0.769
prelim,13,0,13,0.0
debentur,0,13,13,1.0
hobbl,6,7,13,0.538
xw,0,13,13,1.0
anp,13,0,13,0.0
bidden,0,13,13,1.0
ncpa,13,0,13,0.0
cctv,0,13,13,1.0
drake,2,11,13,0.846
catatonia,0,13,13,1.0
bylo,13,0,13,0.0
lizzi,2,11,13,0.846
motherboard,0,13,13,1.0
tulika,13,0,13,0.0
lukewarm,5,8,13,0.615
unverifi,12,1,13,0.077
babysat,0,13,13,1.0
adrenalin,4,9,13,0.692
katrina,13,0,13,0.0
galassini,13,0,13,0.0
expenc,0,13,13,1.0
corbett,7,6,13,0.462
sprecher,13,0,13,0.0
catcal,0,13,13,1.0
haney,2,11,13,0.846
alleyway,0,13,13,1.0
sensual,0,13,13,1.0
copperfield,1,12,13,0.923
quash,5,8,13,0.615
revoiut,0,13,13,1.0
colonnad,4,9,13,0.692
superstar,5,8,13,0.615
boggl,0,13,13,1.0
yoshiko,13,0,13,0.0
bilk,1,12,13,0.923
sandmanyoth,0,13,13,1.0
cochin,0,13,13,1.0
crusad,1,12,13,0.923
aileen,0,13,13,1.0
comwww,0,13,13,1.0
delor,12,1,13,0.077
extrus,0,13,13,1.0
quem,0,13,13,1.0
angelopoulo,13,0,13,0.0
prcc,0,13,13,1.0
wodnicki,13,0,13,0.0
estrutura,0,13,13,1.0
elisha,0,13,13,1.0
dogma,0,13,13,1.0
fie,0,13,13,1.0
kd,5,8,13,0.615
feedstock,5,8,13,0.615
muehistein,0,13,13,1.0
bruit,0,13,13,1.0
sawako,13,0,13,0.0
stout,2,11,13,0.846
buttonwe,0,13,13,1.0
hamachi,13,0,13,0.0
apartmentt,0,13,13,1.0
sinha,13,0,13,0.0
livecam,0,13,13,1.0
nicola,6,7,13,0.538
chimpanze,0,13,13,1.0
cicero,2,11,13,0.846
betroth,0,13,13,1.0
choppi,5,8,13,0.615
ould,1,12,13,0.923
omprella,0,13,13,1.0
chuckwalla,0,13,13,1.0
cherish,2,11,13,0.846
coffeecup,0,13,13,1.0
dissens,0,13,13,1.0
sycamorenet,13,0,13,0.0
intox,3,10,13,0.769
truncat,2,11,13,0.846
demark,0,13,13,1.0
infirm,7,6,13,0.462
coioni,0,13,13,1.0
chastis,1,12,13,0.923
hackett,2,11,13,0.846
boyhood,0,13,13,1.0
charnley,13,0,13,0.0
textur,1,12,13,0.923
disparag,10,3,13,0.231
oilfield,7,6,13,0.462
drier,0,13,13,1.0
gbr,0,13,13,1.0
rajan,13,0,13,0.0
multifunct,0,13,13,1.0
birla,13,0,13,0.0
exerccio,0,13,13,1.0
expat,13,0,13,0.0
polyest,9,4,13,0.308
dud,1,12,13,0.923
lingeri,1,12,13,0.923
sanjeev,13,0,13,0.0
hurd,5,8,13,0.615
momento,0,13,13,1.0
grata,3,10,13,0.769
passov,4,9,13,0.692
cherylen,13,0,13,0.0
margarita,8,5,13,0.385
mora,13,0,13,0.0
venezuelan,12,1,13,0.077
eland,0,13,13,1.0
centilli,13,0,13,0.0
mabo,0,13,13,1.0
candlewick,0,13,13,1.0
vaiuabi,0,13,13,1.0
danburi,0,13,13,1.0
prairi,6,7,13,0.538
arcturu,0,13,13,1.0
simplest,2,11,13,0.846
cadenza,0,13,13,1.0
siebel,11,2,13,0.154
sondstrom,0,13,13,1.0
tenet,7,6,13,0.462
tortois,7,6,13,0.462
edgi,3,10,13,0.769
lepor,13,0,13,0.0
yengeni,0,13,13,1.0
arambruzabala,13,0,13,0.0
dru,0,13,13,1.0
dobson,4,9,13,0.692
itra,0,13,13,1.0
heartburn,2,11,13,0.846
headroom,6,7,13,0.538
bader,13,0,13,0.0
revet,0,13,13,1.0
cusp,0,13,13,1.0
cruelti,0,13,13,1.0
doj,12,1,13,0.077
bundestag,0,13,13,1.0
thumba,0,13,13,1.0
anyplac,1,12,13,0.923
dramatist,0,13,13,1.0
antarctica,0,13,13,1.0
ym,0,13,13,1.0
nibbl,0,13,13,1.0
unjust,10,3,13,0.231
miracul,0,13,13,1.0
roadster,1,12,13,0.923
minnick,13,0,13,0.0
argo,0,13,13,1.0
yoho,13,0,13,0.0
eipl,13,0,13,0.0
bizopp,0,13,13,1.0
medal,1,12,13,0.923
morelo,1,12,13,0.923
colloid,0,13,13,1.0
qanta,13,0,13,0.0
peoplefind,13,0,13,0.0
wherein,3,10,13,0.769
ethnic,1,12,13,0.923
fastidi,0,13,13,1.0
capric,0,13,13,1.0
quip,2,11,13,0.846
unpunish,0,13,13,1.0
segev,12,1,13,0.077
teresita,13,0,13,0.0
ironi,8,5,13,0.385
wart,0,13,13,1.0
loadshap,13,0,13,0.0
eigenvalu,4,9,13,0.692
avuncular,0,13,13,1.0
beryllium,0,13,13,1.0
bushwhack,0,13,13,1.0
atlantica,0,13,13,1.0
juego,0,13,13,1.0
fatti,0,13,13,1.0
elis,4,9,13,0.692
unserem,0,13,13,1.0
chester,7,6,13,0.462
visualizar,0,13,13,1.0
loibl,13,0,13,0.0
emblem,1,12,13,0.923
zingal,13,0,13,0.0
shafer,6,7,13,0.538
neatli,7,6,13,0.462
magda,13,0,13,0.0
cluck,0,13,13,1.0
aeschylu,0,13,13,1.0
artemisia,0,13,13,1.0
amnesia,0,13,13,1.0
therefrom,6,7,13,0.538
blather,0,13,13,1.0
brawl,0,13,13,1.0
baldauf,13,0,13,0.0
celanes,7,6,13,0.462
magner,13,0,13,0.0
clothier,1,12,13,0.923
felic,0,13,13,1.0
abdmoulai,13,0,13,0.0
huan,13,0,13,0.0
expositori,0,13,13,1.0
incess,0,13,13,1.0
bhadravati,13,0,13,0.0
cartesian,0,13,13,1.0
cantones,0,13,13,1.0
canaver,1,12,13,0.923
brotherhood,5,8,13,0.615
signatori,12,1,13,0.077
peta,13,0,13,0.0
catfish,1,12,13,0.923
suza,0,13,13,1.0
vaunt,9,4,13,0.308
tufano,13,0,13,0.0
ltl,13,0,13,0.0
cea,11,2,13,0.154
plaster,0,13,13,1.0
adventiti,0,13,13,1.0
daniei,0,13,13,1.0
chive,0,13,13,1.0
descuento,0,13,13,1.0
alluvium,0,13,13,1.0
saviour,5,8,13,0.615
chiver,13,0,13,0.0
bode,8,5,13,0.385
overturn,8,5,13,0.385
werd,0,13,13,1.0
indetermin,0,13,13,1.0
seymour,6,7,13,0.538
beowulf,0,13,13,1.0
richtig,0,13,13,1.0
yifei,13,0,13,0.0
ermin,0,13,13,1.0
repons,9,4,13,0.308
glamouri,0,13,13,1.0
malik,12,1,13,0.077
qj,0,13,13,1.0
sublim,0,13,13,1.0
sonia,9,4,13,0.308
vldeo,0,13,13,1.0
nil,4,9,13,0.692
ogilvi,13,0,13,0.0
asuncisn,13,0,13,0.0
afresh,3,10,13,0.769
elsevi,0,13,13,1.0
hakeem,13,0,13,0.0
sacrif,6,7,13,0.538
misappropri,2,11,13,0.846
lubbock,7,6,13,0.462
dogan,13,0,13,0.0
medzonli,0,13,13,1.0
remors,0,13,13,1.0
delia,0,13,13,1.0
quigley,13,0,13,0.0
dearborn,3,10,13,0.769
argot,0,13,13,1.0
pharmacourt,0,13,13,1.0
grebe,0,13,13,1.0
brest,0,13,13,1.0
cavuto,13,0,13,0.0
madman,0,13,13,1.0
inet,0,13,13,1.0
marci,3,10,13,0.769
suepr,0,13,13,1.0
uq,9,4,13,0.308
spraggin,13,0,13,0.0
talisman,3,10,13,0.769
gee,3,10,13,0.769
acropoli,0,13,13,1.0
savi,0,13,13,1.0
perfidi,0,13,13,1.0
griev,0,13,13,1.0
virgaa,0,13,13,1.0
lexic,0,13,13,1.0
branney,13,0,13,0.0
bolshevik,0,13,13,1.0
euromoneyplc,13,0,13,0.0
cheapgener,0,13,13,1.0
citron,0,13,13,1.0
banta,13,0,13,0.0
cog,0,13,13,1.0
vibe,2,11,13,0.846
goldendal,13,0,13,0.0
brinkley,13,0,13,0.0
naina,13,0,13,0.0
spuer,0,13,13,1.0
kiosk,2,11,13,0.846
agu,0,13,13,1.0
uf,8,5,13,0.385
assessor,0,13,13,1.0
esquel,13,0,13,0.0
ostens,5,8,13,0.615
addenda,0,13,13,1.0
mayday,0,13,13,1.0
evidentiari,13,0,13,0.0
tamu,13,0,13,0.0
pittarelli,13,0,13,0.0
netrisk,13,0,13,0.0
rapaczynksi,13,0,13,0.0
spaniard,0,12,12,1.0
abajo,0,12,12,1.0
emanuel,2,10,12,0.833
ruddi,3,9,12,0.75
hertz,5,7,12,0.583
spool,0,12,12,1.0
cholinesteras,0,12,12,1.0
defianc,12,0,12,0.0
agglutin,0,12,12,1.0
cbot,12,0,12,0.0
grudg,5,7,12,0.583
lowpric,0,12,12,1.0
tedow,0,12,12,1.0
,0,12,12,1.0
aliquot,0,12,12,1.0
spearman,12,0,12,0.0
astr,1,11,12,0.917
stiver,12,0,12,0.0
redneck,1,11,12,0.917
collis,4,8,12,0.667
ianguaq,0,12,12,1.0
cemeteri,1,11,12,0.917
credenza,3,9,12,0.75
tripp,10,2,12,0.167
plateau,5,7,12,0.583
krol,12,0,12,0.0
redi,0,12,12,1.0
oua,0,12,12,1.0
beautifi,0,12,12,1.0
chaff,1,11,12,0.917
emeri,4,8,12,0.667
adz,0,12,12,1.0
admiralti,0,12,12,1.0
shred,1,11,12,0.917
eunic,4,8,12,0.667
aussi,0,12,12,1.0
congentrix,12,0,12,0.0
bluedolphin,12,0,12,0.0
ailianc,0,12,12,1.0
abyss,3,9,12,0.75
freephon,5,7,12,0.583
helmerich,12,0,12,0.0
benien,12,0,12,0.0
trizechahn,12,0,12,0.0
scalar,4,8,12,0.667
reactionarist,0,12,12,1.0
chowder,1,11,12,0.917
syntax,6,6,12,0.5
larkin,2,10,12,0.833
gover,1,11,12,0.917
bugaboo,0,12,12,1.0
brushi,0,12,12,1.0
hangout,1,11,12,0.917
okla,7,5,12,0.417
tijerina,12,0,12,0.0
badland,0,12,12,1.0
oyi,0,12,12,1.0
runyuan,0,12,12,1.0
fenton,6,6,12,0.5
bilgi,0,12,12,1.0
fortifi,2,10,12,0.833
carrel,3,9,12,0.75
cantor,6,6,12,0.5
catchup,1,11,12,0.917
hearten,11,1,12,0.083
clench,0,12,12,1.0
gambia,0,12,12,1.0
zinest,0,12,12,1.0
asa,7,5,12,0.417
derang,0,12,12,1.0
readjust,9,3,12,0.25
flang,3,9,12,0.75
actinid,0,12,12,1.0
weakest,10,2,12,0.167
jf,1,11,12,0.917
dishwat,0,12,12,1.0
newlin,9,3,12,0.25
damsel,0,12,12,1.0
rti,2,10,12,0.833
unrol,6,6,12,0.5
andesit,0,12,12,1.0
someplac,5,7,12,0.583
blatz,0,12,12,1.0
xpmc,0,12,12,1.0
assyria,0,12,12,1.0
hospic,0,12,12,1.0
teamster,10,2,12,0.167
responc,2,10,12,0.833
corusc,0,12,12,1.0
duo,2,10,12,0.833
amba,0,12,12,1.0
pointer,5,7,12,0.583
lnfo,0,12,12,1.0
aerodynam,0,12,12,1.0
hoornwijck,0,12,12,1.0
derid,0,12,12,1.0
cfc,11,1,12,0.083
rowdi,5,7,12,0.583
gorg,0,12,12,1.0
clergymen,0,12,12,1.0
undevelop,6,6,12,0.5
personag,2,10,12,0.833
sven,12,0,12,0.0
zorp,0,12,12,1.0
cdo,11,1,12,0.083
areawid,0,12,12,1.0
comorsend,0,12,12,1.0
chauncey,1,11,12,0.917
stubb,12,0,12,0.0
mute,8,4,12,0.333
fishermen,1,11,12,0.917
globemedia,12,0,12,0.0
auditorium,4,8,12,0.667
deutschland,0,12,12,1.0
cafeteria,4,8,12,0.667
artific,0,12,12,1.0
caricatur,0,12,12,1.0
militarist,0,12,12,1.0
cialaprenn,0,12,12,1.0
haug,12,0,12,0.0
propupa,0,12,12,1.0
arcadia,0,12,12,1.0
armatur,0,12,12,1.0
mollifi,4,8,12,0.667
katayama,12,0,12,0.0
mushroom,6,6,12,0.5
lifesav,3,9,12,0.75
playground,2,10,12,0.833
scarborough,9,3,12,0.25
cappiello,12,0,12,0.0
ainu,0,12,12,1.0
nimmo,12,0,12,0.0
tyranni,1,11,12,0.917
buteo,0,12,12,1.0
usher,3,9,12,0.75
über,0,12,12,1.0
cnet,0,12,12,1.0
expressead,0,12,12,1.0
bremsstrahlung,0,12,12,1.0
lynx,2,10,12,0.833
ldkno,0,12,12,1.0
clod,0,12,12,1.0
geben,0,12,12,1.0
lid,4,8,12,0.667
dclr,0,12,12,1.0
retin,0,12,12,1.0
smida,12,0,12,0.0
crudeapo,12,0,12,0.0
forthwith,1,11,12,0.917
gracey,12,0,12,0.0
bacth,0,12,12,1.0
inanim,0,12,12,1.0
electrica,1,11,12,0.917
tad,3,9,12,0.75
forsyth,6,6,12,0.5
lesotho,0,12,12,1.0
predatori,6,6,12,0.5
etog,0,12,12,1.0
cleft,0,12,12,1.0
mrel,0,12,12,1.0
hklmbefgi,0,12,12,1.0
poetic,1,11,12,0.917
iroquoi,3,9,12,0.75
discredit,2,10,12,0.833
vamp,0,12,12,1.0
iconoclasm,0,12,12,1.0
delphinu,0,12,12,1.0
dandi,1,11,12,0.917
integridad,0,12,12,1.0
hanukkah,0,12,12,1.0
brig,0,12,12,1.0
conquest,0,12,12,1.0
autopilot,0,12,12,1.0
ladder,7,5,12,0.417
investorprotect,12,0,12,0.0
denumer,0,12,12,1.0
fiexibi,0,12,12,1.0
loney,0,12,12,1.0
kurla,12,0,12,0.0
praia,0,12,12,1.0
hillard,12,0,12,0.0
clio,0,12,12,1.0
dryblow,0,12,12,1.0
mediterranean,8,4,12,0.333
centrist,1,11,12,0.917
latitud,9,3,12,0.25
mangel,4,8,12,0.667
dainti,0,12,12,1.0
yusuf,2,10,12,0.833
granari,0,12,12,1.0
ionam,0,12,12,1.0
skeleton,4,8,12,0.667
contra,1,11,12,0.917
grandeur,0,12,12,1.0
cottonse,0,12,12,1.0
underdevelop,0,12,12,1.0
flier,5,7,12,0.583
generc,0,12,12,1.0
langfield,12,0,12,0.0
wankhad,12,0,12,0.0
xf,0,12,12,1.0
mwor,0,12,12,1.0
arpa,1,11,12,0.917
spectroradiometri,0,12,12,1.0
aristotl,0,12,12,1.0
alfredo,2,10,12,0.833
pricelist,0,12,12,1.0
duress,0,12,12,1.0
kodachrom,0,12,12,1.0
firstnam,10,2,12,0.167
bogey,1,11,12,0.917
sheldrak,0,12,12,1.0
ssp,10,2,12,0.167
loughrid,12,0,12,0.0
ivonn,12,0,12,0.0
bhalla,12,0,12,0.0
schleimer,12,0,12,0.0
broach,2,10,12,0.833
goback,0,12,12,1.0
srl,2,10,12,0.833
ijjp,0,12,12,1.0
jaideep,12,0,12,0.0
backord,1,11,12,0.917
balboa,0,12,12,1.0
halebian,12,0,12,0.0
glri,0,12,12,1.0
proffitt,12,0,12,0.0
techonlin,0,12,12,1.0
gerencia,0,12,12,1.0
pharmonl,0,12,12,1.0
defocu,0,12,12,1.0
bolshevist,0,12,12,1.0
reacquir,12,0,12,0.0
perch,6,6,12,0.5
cinco,4,8,12,0.667
tfre,0,12,12,1.0
moseley,10,2,12,0.167
inteilig,0,12,12,1.0
fdd,0,12,12,1.0
adolphu,0,12,12,1.0
eucalyptu,0,12,12,1.0
imai,12,0,12,0.0
curvac,0,12,12,1.0
chutney,0,12,12,1.0
graco,8,4,12,0.333
randolph,3,9,12,0.75
caravan,0,12,12,1.0
ube,1,11,12,0.917
jn,0,12,12,1.0
cheiyabinsk,0,12,12,1.0
doctorado,0,12,12,1.0
dipak,12,0,12,0.0
webmak,0,12,12,1.0
milberg,12,0,12,0.0
estor,1,11,12,0.917
lawgiv,0,12,12,1.0
dwhite,0,12,12,1.0
dtowa,0,12,12,1.0
thinker,7,5,12,0.417
drawl,0,12,12,1.0
chink,3,9,12,0.75
roundtrip,11,1,12,0.083
deu,0,12,12,1.0
presentación,0,12,12,1.0
polanco,12,0,12,0.0
evok,5,7,12,0.583
introvers,0,12,12,1.0
benedikt,0,12,12,1.0
carob,0,12,12,1.0
cassadi,12,0,12,0.0
elwood,10,2,12,0.167
chautauqua,2,10,12,0.833
gape,2,10,12,0.833
josef,4,8,12,0.667
pdp,0,12,12,1.0
radaruol,0,12,12,1.0
banach,0,12,12,1.0
inexpns,0,12,12,1.0
hypnot,0,12,12,1.0
inscrio,0,12,12,1.0
chana,12,0,12,0.0
subcontract,2,10,12,0.833
pper,0,12,12,1.0
stoop,3,9,12,0.75
chinaman,0,12,12,1.0
anwm,0,12,12,1.0
leticia,10,2,12,0.167
brobeck,12,0,12,0.0
mcdaniel,11,1,12,0.083
ean,0,12,12,1.0
maket,11,1,12,0.083
assent,2,10,12,0.833
parri,8,4,12,0.333
stifl,1,11,12,0.917
veneto,0,12,12,1.0
algerian,0,12,12,1.0
housew,0,12,12,1.0
clc,4,8,12,0.667
melinchon,12,0,12,0.0
granul,0,12,12,1.0
aileron,1,11,12,0.917
ical,0,12,12,1.0
essen,2,10,12,0.833
cue,1,11,12,0.917
dappl,0,12,12,1.0
gaston,0,12,12,1.0
diod,1,11,12,0.917
grimac,0,12,12,1.0
groin,0,12,12,1.0
rescript,0,12,12,1.0
epf,12,0,12,0.0
srivastava,12,0,12,0.0
aventin,0,12,12,1.0
bayesian,1,11,12,0.917
disincent,12,0,12,0.0
contextu,0,12,12,1.0
cogit,0,12,12,1.0
unreli,10,2,12,0.167
hayn,11,1,12,0.083
dominican,3,9,12,0.75
barley,0,12,12,1.0
boudreau,12,0,12,0.0
bocklog,0,12,12,1.0
vlink,0,12,12,1.0
jjulefnplsjupt,0,12,12,1.0
arsin,0,12,12,1.0
fleenor,11,1,12,0.083
qk,0,12,12,1.0
braggart,0,12,12,1.0
searchabl,3,9,12,0.75
anglophobia,0,12,12,1.0
masturb,0,12,12,1.0
swiber,12,0,12,0.0
biogener,0,12,12,1.0
vmac,12,0,12,0.0
booti,2,10,12,0.833
albania,1,11,12,0.917
ghriskey,12,0,12,0.0
bryozoa,0,12,12,1.0
külli,0,12,12,1.0
angelc,0,12,12,1.0
ccel,0,12,12,1.0
headbodi,0,12,12,1.0
idyl,0,12,12,1.0
shackleton,8,4,12,0.333
derefer,0,12,12,1.0
draftsman,0,12,12,1.0
wilki,6,6,12,0.5
hallmark,9,3,12,0.25
pq,0,12,12,1.0
doff,0,12,12,1.0
kai,0,12,12,1.0
humanoid,0,12,12,1.0
wane,11,1,12,0.083
generex,0,12,12,1.0
coaster,7,5,12,0.417
outpac,10,2,12,0.167
mzo,0,12,12,1.0
potentialiy,0,12,12,1.0
audubon,1,11,12,0.917
hagu,1,11,12,0.917
mlp,11,1,12,0.083
immers,7,5,12,0.417
diner,5,7,12,0.583
pocketbook,3,9,12,0.75
aforethought,0,12,12,1.0
danzig,0,12,12,1.0
wilma,8,4,12,0.333
thorp,2,10,12,0.833
smartbal,0,12,12,1.0
calcit,0,12,12,1.0
velvet,1,11,12,0.917
notori,6,6,12,0.5
exig,3,9,12,0.75
keyway,0,12,12,1.0
discomfit,0,12,12,1.0
unhealthi,4,8,12,0.667
dreamer,0,12,12,1.0
dowag,0,12,12,1.0
rollinginthedough,0,12,12,1.0
bib,0,12,12,1.0
yolanda,11,1,12,0.083
ntvi,0,12,12,1.0
clamshel,0,12,12,1.0
ick,0,12,12,1.0
airfram,0,12,12,1.0
bohr,0,12,12,1.0
destia,12,0,12,0.0
wand,3,9,12,0.75
actuat,1,11,12,0.917
epistl,0,12,12,1.0
broussard,12,0,12,0.0
hippi,0,12,12,1.0
legitimaci,4,8,12,0.667
medford,1,11,12,0.917
ballast,0,12,12,1.0
concour,0,12,12,1.0
bleach,0,12,12,1.0
mieco,12,0,12,0.0
ajay,9,3,12,0.25
bayonet,0,12,12,1.0
federico,12,0,12,0.0
inscript,0,12,12,1.0
panesar,0,12,12,1.0
ardent,0,12,12,1.0
barracuda,0,12,12,1.0
senft,12,0,12,0.0
cerium,2,10,12,0.833
barnacl,0,12,12,1.0
gracious,9,3,12,0.25
rja,12,0,12,0.0
chgi,0,12,12,1.0
obe,0,12,12,1.0
palindrom,0,12,12,1.0
crouch,3,9,12,0.75
expati,0,12,12,1.0
anthropogen,0,12,12,1.0
coaxial,0,12,12,1.0
hedland,0,12,12,1.0
tombston,0,12,12,1.0
cantidad,0,12,12,1.0
conant,1,11,12,0.917
wip,12,0,12,0.0
catskil,0,12,12,1.0
dqe,12,0,12,0.0
seguint,0,12,12,1.0
conch,2,10,12,0.833
wr,2,10,12,0.833
glycerophosphor,0,12,12,1.0
contumaci,0,12,12,1.0
groovi,1,11,12,0.917
dogtooth,0,12,12,1.0
linguist,0,12,12,1.0
doberman,0,12,12,1.0
policymak,12,0,12,0.0
upheld,5,7,12,0.583
militia,0,12,12,1.0
gerber,7,5,12,0.417
detain,1,11,12,0.917
declam,0,12,12,1.0
brandei,0,12,12,1.0
eaasl,0,12,12,1.0
hollist,4,8,12,0.667
gasm,0,12,12,1.0
prostitut,0,12,12,1.0
motoroia,0,12,12,1.0
yannello,12,0,12,0.0
haugen,0,12,12,1.0
erskin,2,10,12,0.833
beatifi,0,12,12,1.0
rika,12,0,12,0.0
lyman,1,11,12,0.917
sargent,3,9,12,0.75
msof,0,12,12,1.0
granular,6,6,12,0.5
battleground,4,8,12,0.667
backstitch,0,12,12,1.0
confirmatori,4,8,12,0.667
overlay,10,2,12,0.167
pomlaw,12,0,12,0.0
webtsit,0,12,12,1.0
smyth,4,8,12,0.667
crewcut,0,12,12,1.0
airlock,0,12,12,1.0
neonat,1,11,12,0.917
sadler,6,6,12,0.5
amphibol,0,12,12,1.0
latina,0,12,12,1.0
purger,0,12,12,1.0
scuba,3,9,12,0.75
clumsi,2,10,12,0.833
consecr,0,12,12,1.0
glynn,9,3,12,0.25
coram,12,0,12,0.0
debutant,0,12,12,1.0
blevin,10,2,12,0.167
froth,0,12,12,1.0
jaw,3,9,12,0.75
sclerosi,8,4,12,0.333
chum,0,12,12,1.0
ito,2,10,12,0.833
textual,3,9,12,0.75
carbondal,4,8,12,0.667
dropout,1,11,12,0.917
taxabl,8,4,12,0.333
ien,0,12,12,1.0
aolmemb,0,12,12,1.0
canterel,0,12,12,1.0
puke,6,6,12,0.5
cyclop,1,11,12,0.917
bakhtiari,0,12,12,1.0
topolog,4,8,12,0.667
byword,1,11,12,0.917
sanctimoni,1,11,12,0.917
underschedul,12,0,12,0.0
elmer,0,12,12,1.0
beatitud,0,12,12,1.0
besot,0,12,12,1.0
kan,1,11,12,0.917
ozma,0,12,12,1.0
kruger,0,12,12,1.0
deject,3,9,12,0.75
bleeker,0,12,12,1.0
riverfront,1,11,12,0.917
alder,6,6,12,0.5
nephew,2,10,12,0.833
arrowhead,0,12,12,1.0
ckher,0,12,12,1.0
bewail,0,12,12,1.0
folosko,0,12,12,1.0
ephedrin,0,12,12,1.0
crotcheti,0,12,12,1.0
vcr,4,8,12,0.667
liveri,0,12,12,1.0
compot,0,12,12,1.0
cromwellian,0,12,12,1.0
doucet,12,0,12,0.0
ren,8,4,12,0.333
otcasino,0,12,12,1.0
mrtgg,0,12,12,1.0
estructura,1,11,12,0.917
lotterij,0,12,12,1.0
botani,0,12,12,1.0
guzzl,0,12,12,1.0
biconnect,0,12,12,1.0
varma,12,0,12,0.0
byrn,2,10,12,0.833
eastward,2,10,12,0.833
alkan,0,12,12,1.0
belvider,0,12,12,1.0
maen,0,12,12,1.0
robbi,3,9,12,0.75
extrapol,4,8,12,0.667
flaki,8,4,12,0.333
schott,12,0,12,0.0
postmark,0,12,12,1.0
spline,4,8,12,0.667
astrid,0,12,12,1.0
poss,2,10,12,0.833
barschki,12,0,12,0.0
famil,0,12,12,1.0
soiidifi,0,12,12,1.0
halo,0,12,12,1.0
kunreuth,12,0,12,0.0
scattiest,0,12,12,1.0
zeb,0,12,12,1.0
quahog,0,12,12,1.0
grosset,0,12,12,1.0
dw,6,6,12,0.5
ipl,0,12,12,1.0
holst,10,2,12,0.167
alejandra,8,4,12,0.333
asterisk,1,11,12,0.917
artifact,0,12,12,1.0
palpabl,0,12,12,1.0
walium,0,12,12,1.0
bromin,0,12,12,1.0
kenney,1,11,12,0.917
dayvault,12,0,12,0.0
findal,0,12,12,1.0
kp,2,10,12,0.833
achromat,0,12,12,1.0
chalki,0,12,12,1.0
meyn,12,0,12,0.0
cheapst,0,12,12,1.0
ece,5,7,12,0.583
rendez,12,0,12,0.0
encontro,0,12,12,1.0
strongbuy,0,12,12,1.0
modesti,1,11,12,0.917
votari,0,12,12,1.0
historian,3,9,12,0.75
loyd,10,2,12,0.167
cannabi,0,12,12,1.0
petrobra,12,0,12,0.0
keili,12,0,12,0.0
dryden,0,12,12,1.0
botanist,2,10,12,0.833
ratingsdirect,12,0,12,0.0
rill,0,12,12,1.0
lira,11,1,12,0.083
exposit,3,9,12,0.75
swan,2,10,12,0.833
grund,0,12,12,1.0
overhang,7,5,12,0.417
arbitrageur,12,0,12,0.0
convolv,0,12,12,1.0
trac,12,0,12,0.0
remembr,5,7,12,0.583
ghostli,0,12,12,1.0
cadaver,0,12,12,1.0
lilian,0,12,12,1.0
cohort,1,11,12,0.917
freon,0,12,12,1.0
alva,1,11,12,0.917
cottag,0,12,12,1.0
inscrut,3,9,12,0.75
xraymedia,0,12,12,1.0
bela,0,12,12,1.0
bullhid,0,12,12,1.0
wockhardt,12,0,12,0.0
weiter,0,12,12,1.0
ati,1,11,12,0.917
pntv,0,12,12,1.0
netwerk,0,12,12,1.0
cutthroat,2,10,12,0.833
cyclopean,0,12,12,1.0
ahoy,2,10,12,0.833
bolivian,8,4,12,0.333
wrongli,6,6,12,0.5
infuri,2,10,12,0.833
etol,8,4,12,0.333
hadley,5,7,12,0.583
jobless,12,0,12,0.0
taffi,2,10,12,0.833
belch,1,11,12,0.917
judson,0,12,12,1.0
bowfin,1,11,12,0.917
arkana,0,12,12,1.0
duluth,1,11,12,0.917
hauser,12,0,12,0.0
lesley,10,2,12,0.167
thicken,1,11,12,0.917
drawbridg,0,12,12,1.0
unafford,3,9,12,0.75
ianc,0,12,12,1.0
diachron,0,12,12,1.0
celiular,0,12,12,1.0
lucid,1,11,12,0.917
contemptu,4,8,12,0.667
trena,12,0,12,0.0
audibl,0,12,12,1.0
ddeli,0,12,12,1.0
zanu,0,12,12,1.0
portent,0,12,12,1.0
volcan,0,12,12,1.0
tregar,12,0,12,0.0
champaign,0,12,12,1.0
empathi,1,11,12,0.917
robina,12,0,12,0.0
untemper,0,12,12,1.0
ikbefl,0,12,12,1.0
pigeon,3,9,12,0.75
foundri,5,7,12,0.583
jolt,8,4,12,0.333
bnin,0,12,12,1.0
raetta,12,0,12,0.0
coplanar,0,12,12,1.0
electromagnet,1,11,12,0.917
bumper,1,11,12,0.917
kmt,12,0,12,0.0
abalon,0,12,12,1.0
plse,2,10,12,0.833
getitbest,0,12,12,1.0
blacken,1,11,12,0.917
graze,0,12,12,1.0
dimichel,12,0,12,0.0
mala,1,11,12,0.917
obviat,4,8,12,0.667
kochind,12,0,12,0.0
wpl,0,12,12,1.0
alveolar,0,12,12,1.0
hj,0,12,12,1.0
swivel,0,12,12,1.0
sona,1,11,12,0.917
vysi,12,0,12,0.0
tic,0,12,12,1.0
todayworldwid,0,12,12,1.0
wiggl,8,4,12,0.333
telefonu,0,12,12,1.0
vicod,0,12,12,1.0
hem,3,9,12,0.75
acreditado,0,12,12,1.0
decentr,11,1,12,0.083
morpholog,0,12,12,1.0
csg,11,1,12,0.083
abdic,0,12,12,1.0
furtiv,3,9,12,0.75
shrewd,5,7,12,0.583
frv,0,12,12,1.0
cisnero,12,0,12,0.0
cctvcamera,0,12,12,1.0
philanthropist,0,12,12,1.0
shanna,12,0,12,0.0
voltair,1,11,12,0.917
cocavessi,12,0,12,0.0
hon,0,12,12,1.0
guernsey,3,9,12,0.75
vidal,11,1,12,0.083
glu,1,11,12,0.917
acto,0,12,12,1.0
roughleg,0,12,12,1.0
doabl,8,4,12,0.333
golar,12,0,12,0.0
dutchess,0,12,12,1.0
milici,0,12,12,1.0
rbx,0,12,12,1.0
encor,1,11,12,0.917
scorpion,0,12,12,1.0
pspl,3,9,12,0.75
argent,3,9,12,0.75
tatum,3,9,12,0.75
cmgi,10,2,12,0.167
bucketful,0,12,12,1.0
kremp,0,12,12,1.0
usurio,0,12,12,1.0
inexor,3,9,12,0.75
drawer,10,2,12,0.167
celluiar,0,12,12,1.0
hustl,3,9,12,0.75
oreo,0,12,12,1.0
knapp,7,5,12,0.417
daishowa,12,0,12,0.0
rino,0,12,12,1.0
caicuiat,0,12,12,1.0
dom,10,2,12,0.167
longstand,7,5,12,0.417
mana,0,12,12,1.0
rambl,2,10,12,0.833
hurray,1,11,12,0.917
purch,12,0,12,0.0
cryptanalyz,0,12,12,1.0
amperag,0,12,12,1.0
garcyco,0,12,12,1.0
apologet,1,11,12,0.917
handier,0,12,12,1.0
schaefer,7,5,12,0.417
gambi,0,12,12,1.0
informix,0,12,12,1.0
nextel,8,4,12,0.333
retransmiss,9,3,12,0.25
buff,0,12,12,1.0
cahoot,0,12,12,1.0
pblica,0,12,12,1.0
buckey,0,12,12,1.0
incurr,3,9,12,0.75
yip,1,11,12,0.917
cotta,0,12,12,1.0
vpl,0,12,12,1.0
whisper,2,10,12,0.833
priest,2,10,12,0.833
fend,6,6,12,0.5
hetti,0,12,12,1.0
havoc,5,7,12,0.583
satan,1,11,12,0.917
iho,0,12,12,1.0
desol,0,12,12,1.0
dolc,0,12,12,1.0
zipcod,2,10,12,0.833
zona,0,12,12,1.0
carpathia,0,12,12,1.0
knapsack,1,11,12,0.917
billboard,0,12,12,1.0
androgen,0,12,12,1.0
cac,8,4,12,0.333
sceptic,4,8,12,0.667
chaplain,0,12,12,1.0
mezzanin,6,6,12,0.5
gist,2,10,12,0.833
mismanag,8,4,12,0.333
cesium,0,12,12,1.0
whelp,0,12,12,1.0
calcifi,0,12,12,1.0
og,0,12,12,1.0
moss,11,1,12,0.083
iswl,0,12,12,1.0
anaplasmosi,0,12,12,1.0
boolean,0,12,12,1.0
poke,2,10,12,0.833
roadmap,5,7,12,0.583
ntelx,0,12,12,1.0
sutherland,6,6,12,0.5
encroach,4,8,12,0.667
centimet,0,12,12,1.0
mutter,2,10,12,0.833
somm,0,12,12,1.0
macmillan,11,1,12,0.083
delmarva,1,11,12,0.917
excelent,0,12,12,1.0
maniac,0,12,12,1.0
cetera,1,11,12,0.917
plywood,0,12,12,1.0
chemica,0,12,12,1.0
hutton,9,3,12,0.25
dramaturgi,0,12,12,1.0
pall,5,7,12,0.583
coval,0,12,12,1.0
wsr,0,12,12,1.0
bylaw,2,10,12,0.833
brfont,0,12,12,1.0
compagni,1,11,12,0.917
decil,0,12,12,1.0
rink,0,12,12,1.0
flask,0,12,12,1.0
hemo,0,12,12,1.0
didnt,5,7,12,0.583
carrara,0,12,12,1.0
lorazeepam,0,12,12,1.0
chou,0,12,12,1.0
bedlam,0,12,12,1.0
scarecrow,0,12,12,1.0
bryophyt,0,12,12,1.0
breastwork,0,12,12,1.0
riskcent,12,0,12,0.0
valverd,12,0,12,0.0
germicid,0,12,12,1.0
surmis,7,5,12,0.417
armpit,0,12,12,1.0
castanet,0,12,12,1.0
scent,0,12,12,1.0
lorena,0,12,12,1.0
coilectiveiy,0,12,12,1.0
olsom,0,12,12,1.0
septic,1,11,12,0.917
wristwatch,0,12,12,1.0
infal,2,10,12,0.833
fontnbsp,0,12,12,1.0
bran,0,12,12,1.0
wad,1,11,12,0.917
qult,0,12,12,1.0
oam,0,12,12,1.0
inton,0,12,12,1.0
thesam,0,12,12,1.0
courthous,2,10,12,0.833
promiscu,2,10,12,0.833
ocl,12,0,12,0.0
dooley,0,12,12,1.0
vanai,0,12,12,1.0
atyp,0,12,12,1.0
kilomet,7,5,12,0.417
absinth,0,12,12,1.0
intellifax,0,12,12,1.0
frigi,0,12,12,1.0
wrigiey,0,12,12,1.0
roensch,12,0,12,0.0
ffff,0,12,12,1.0
demurr,0,12,12,1.0
durer,0,12,12,1.0
trinidad,3,9,12,0.75
compa,0,12,12,1.0
candidaci,4,8,12,0.667
cylindr,0,12,12,1.0
beigium,0,12,12,1.0
curfew,0,12,12,1.0
katchemack,0,12,12,1.0
basu,12,0,12,0.0
fnytqua,0,12,12,1.0
ili,1,11,12,0.917
chickwe,0,12,12,1.0
bertha,0,12,12,1.0
guei,0,12,12,1.0
rescuer,10,2,12,0.167
turtl,5,7,12,0.583
onal,0,12,12,1.0
drudg,0,12,12,1.0
witti,3,9,12,0.75
gossam,0,12,12,1.0
auburn,1,11,12,0.917
befoul,0,12,12,1.0
colbi,1,11,12,0.917
direcway,0,12,12,1.0
calcin,0,12,12,1.0
reclass,12,0,12,0.0
khairuddinbmjaafar,12,0,12,0.0
bandra,12,0,12,0.0
shroud,5,7,12,0.583
gat,2,10,12,0.833
butterbal,0,12,12,1.0
alveoli,0,12,12,1.0
inocul,4,8,12,0.667
placa,0,12,12,1.0
jingl,0,12,12,1.0
promocion,0,12,12,1.0
lipas,0,12,12,1.0
pisc,0,12,12,1.0
bureaucraci,4,8,12,0.667
transakt,0,12,12,1.0
nao,6,6,12,0.5
bh,4,8,12,0.667
seth,8,4,12,0.333
aggrav,2,10,12,0.833
boylston,0,12,12,1.0
wriggl,5,7,12,0.583
genom,1,11,12,0.917
coerciv,0,12,12,1.0
excperi,0,12,12,1.0
embouchur,0,12,12,1.0
thicker,0,12,12,1.0
wooler,0,12,12,1.0
inl,3,9,12,0.75
durasoft,12,0,12,0.0
syllabi,0,12,12,1.0
saul,1,11,12,0.917
clandestin,0,12,12,1.0
dirac,0,12,12,1.0
hutch,8,4,12,0.333
acetylen,0,12,12,1.0
picofarad,0,12,12,1.0
agg,12,0,12,0.0
babysitt,2,10,12,0.833
cyclotom,0,12,12,1.0
plavix,0,12,12,1.0
bagatel,0,12,12,1.0
horsemen,1,11,12,0.917
repudi,5,7,12,0.583
inert,1,11,12,0.917
movl,0,12,12,1.0
carven,0,12,12,1.0
sandef,12,0,12,0.0
snatch,2,10,12,0.833
aback,0,12,12,1.0
spectacl,0,12,12,1.0
lei,2,10,12,0.833
comprador,0,12,12,1.0
datbas,0,12,12,1.0
pastri,8,4,12,0.333
downhil,1,11,12,0.917
livegraph,12,0,12,0.0
breadfruit,0,12,12,1.0
caruso,7,5,12,0.417
cutlet,0,12,12,1.0
haden,12,0,12,0.0
consort,0,12,12,1.0
creeksid,0,12,12,1.0
crowbait,0,12,12,1.0
valedictori,0,12,12,1.0
clck,0,12,12,1.0
jacobsen,9,3,12,0.25
immediatli,0,12,12,1.0
natga,12,0,12,0.0
codfish,0,12,12,1.0
korn,12,0,12,0.0
snowbal,4,8,12,0.667
ufrj,0,12,12,1.0
brookhaven,0,12,12,1.0
helpless,1,11,12,0.917
jacksonvil,3,9,12,0.75
mcnair,12,0,12,0.0
adqueen,0,12,12,1.0
thornton,4,8,12,0.667
soto,9,3,12,0.25
kamat,12,0,12,0.0
eocen,3,9,12,0.75
borrough,0,12,12,1.0
sriram,12,0,12,0.0
aphrodit,0,12,12,1.0
corni,4,8,12,0.667
colombiana,0,12,12,1.0
freedombuild,0,12,12,1.0
backspac,0,12,12,1.0
allocat,12,0,12,0.0
peruvian,5,7,12,0.583
imperfect,6,6,12,0.5
andromach,0,12,12,1.0
directrix,0,12,12,1.0
fuei,0,12,12,1.0
chkbemij,0,12,12,1.0
bellini,0,12,12,1.0
bogu,1,11,12,0.917
marago,12,0,12,0.0
inorgan,0,12,12,1.0
swoop,6,6,12,0.5
simplist,7,5,12,0.417
furi,0,12,12,1.0
ephedra,0,12,12,1.0
ish,9,3,12,0.25
declan,12,0,12,0.0
dmm,0,12,12,1.0
lunchtim,8,4,12,0.333
geehrter,3,9,12,0.75
stockpil,5,7,12,0.583
boister,1,11,12,0.917
prank,1,11,12,0.917
limeston,0,12,12,1.0
bac,5,7,12,0.583
binderi,0,12,12,1.0
guesswork,1,11,12,0.917
magellan,8,4,12,0.333
andesin,0,12,12,1.0
vk,6,6,12,0.5
superbl,2,10,12,0.833
lliustrat,0,12,12,1.0
stamped,5,7,12,0.583
fastbizonlin,0,12,12,1.0
siurek,12,0,12,0.0
insurg,0,12,12,1.0
uir,0,12,12,1.0
chipmak,12,0,12,0.0
paracodin,0,12,12,1.0
epimedium,0,12,12,1.0
eyesight,0,12,12,1.0
distinto,0,12,12,1.0
hound,4,8,12,0.667
midlothian,12,0,12,0.0
rainer,9,3,12,0.25
xla,10,2,12,0.167
councilwoman,0,12,12,1.0
dicat,0,12,12,1.0
sumner,11,1,12,0.083
bianco,1,11,12,0.917
eyebal,4,8,12,0.667
bumptiou,1,11,12,0.917
acced,0,12,12,1.0
ellsworth,0,12,12,1.0
contedo,0,12,12,1.0
ksforc,0,12,12,1.0
brbrbrbrbr,0,12,12,1.0
probusi,12,0,12,0.0
genaro,12,0,12,0.0
blowback,4,8,12,0.667
haiti,0,12,12,1.0
dater,0,12,12,1.0
viccoddin,0,12,12,1.0
vlcodin,0,12,12,1.0
advi,0,12,12,1.0
della,0,12,12,1.0
impeach,2,10,12,0.833
betelgeus,0,12,12,1.0
ofoth,0,12,12,1.0
noo,0,12,12,1.0
kuldeep,12,0,12,0.0
sofort,0,12,12,1.0
ranel,12,0,12,0.0
davison,0,12,12,1.0
offal,0,12,12,1.0
eficcia,0,12,12,1.0
aphasia,0,12,12,1.0
salvat,3,9,12,0.75
bivalv,0,12,12,1.0
wochen,0,12,12,1.0
arbit,1,11,12,0.917
crosbi,2,10,12,0.833
dinnerwar,0,12,12,1.0
texto,0,12,12,1.0
cleansweep,0,12,12,1.0
orin,0,12,12,1.0
alexu,12,0,12,0.0
voila,1,11,12,0.917
boilerpl,12,0,12,0.0
codeln,0,12,12,1.0
smarter,4,8,12,0.667
confect,0,12,12,1.0
bandgap,0,12,12,1.0
chromatographi,0,12,12,1.0
arkansan,0,12,12,1.0
jett,12,0,12,0.0
dearli,4,8,12,0.667
carp,7,5,12,0.417
nan,1,11,12,0.917
dflf,0,12,12,1.0
técnico,0,12,12,1.0
descant,0,12,12,1.0
terr,6,6,12,0.5
chubb,12,0,12,0.0
handhold,2,10,12,0.833
trump,1,11,12,0.917
chamomil,0,12,12,1.0
aviari,0,12,12,1.0
chalklin,0,12,12,1.0
softtwar,0,12,12,1.0
cranford,0,12,12,1.0
bunkmat,0,12,12,1.0
becuas,2,10,12,0.833
debilit,1,11,12,0.917
bayonn,2,10,12,0.833
nimbl,6,6,12,0.5
bleforimm,0,12,12,1.0
bowlin,0,12,12,1.0
benedictin,0,12,12,1.0
meiner,1,11,12,0.917
plv,12,0,12,0.0
prothrombin,0,12,12,1.0
graa,0,12,12,1.0
bittersweet,1,11,12,0.917
hoosier,1,11,12,0.917
qh,0,12,12,1.0
trw,2,10,12,0.833
andov,0,12,12,1.0
bandi,4,8,12,0.667
jona,4,8,12,0.667
irrevers,1,11,12,0.917
sino,0,12,12,1.0
criss,0,12,12,1.0
pgm,0,12,12,1.0
asant,12,0,12,0.0
swollen,3,9,12,0.75
pyrimidin,0,12,12,1.0
holeabl,0,12,12,1.0
bitumin,0,12,12,1.0
lolita,0,12,12,1.0
cotoneast,0,12,12,1.0
proscrib,0,12,12,1.0
ctor,0,12,12,1.0
flank,2,10,12,0.833
holster,0,12,12,1.0
famin,1,11,12,0.917
vitrella,12,0,12,0.0
graviti,6,6,12,0.5
sati,0,12,12,1.0
cabal,0,12,12,1.0
quantinleap,12,0,12,0.0
extracurricular,1,11,12,0.917
frill,4,8,12,0.667
philharmon,0,12,12,1.0
coland,0,12,12,1.0
roebuck,7,5,12,0.417
banal,0,12,12,1.0
intric,5,7,12,0.583
yushchenko,0,12,12,1.0
kenyon,10,2,12,0.167
eariier,0,12,12,1.0
ezmlm,0,12,12,1.0
igor,0,12,12,1.0
calendr,0,12,12,1.0
cialli,0,12,12,1.0
gauch,3,9,12,0.75
overfund,12,0,12,0.0
extinct,3,9,12,0.75
sateilit,0,12,12,1.0
octagon,0,12,12,1.0
adenoma,0,12,12,1.0
knoxvil,4,8,12,0.667
studebak,3,9,12,0.75
btw,7,5,12,0.417
falsifi,0,12,12,1.0
geoe,0,12,12,1.0
wallpap,2,10,12,0.833
hgkkdc,0,12,12,1.0
auerbach,0,12,12,1.0
vx,2,10,12,0.833
brazzavil,0,12,12,1.0
pampa,5,7,12,0.583
chisholm,0,12,12,1.0
halstead,7,5,12,0.417
clemmon,10,2,12,0.167
junho,0,12,12,1.0
jammewu,0,12,12,1.0
pompano,0,12,12,1.0
dusenburi,0,12,12,1.0
rancho,3,9,12,0.75
champlain,0,12,12,1.0
eccentr,0,12,12,1.0
btriev,12,0,12,0.0
bowstr,0,12,12,1.0
área,0,12,12,1.0
dysenteri,0,12,12,1.0
rderdrug,0,12,12,1.0
qualitec,12,0,12,0.0
adamson,4,8,12,0.667
kollaro,12,0,12,0.0
pathet,4,8,12,0.667
thebestpc,0,12,12,1.0
bey,0,12,12,1.0
seric,0,12,12,1.0
interviewe,9,3,12,0.25
colombo,0,12,12,1.0
alphamer,0,12,12,1.0
downright,5,7,12,0.583
onger,0,12,12,1.0
sexton,8,4,12,0.333
efilmonlin,0,12,12,1.0
moze,12,0,12,0.0
instep,0,12,12,1.0
barbi,9,3,12,0.25
mick,11,1,12,0.083
embryon,0,12,12,1.0
gnu,3,9,12,0.75
clearhead,0,12,12,1.0
mbe,0,12,12,1.0
centenari,0,12,12,1.0
australit,0,12,12,1.0
plump,1,11,12,0.917
biblioteca,0,12,12,1.0
onset,8,4,12,0.333
puchalla,12,0,12,0.0
attenu,1,11,12,0.917
elmira,0,12,12,1.0
darvocet,0,12,12,1.0
lam,6,6,12,0.5
vlcodd,0,12,12,1.0
laryng,0,12,12,1.0
antler,0,12,12,1.0
goofi,1,11,12,0.917
vand,12,0,12,0.0
anastomosi,0,12,12,1.0
wheatear,0,12,12,1.0
chestnut,1,11,12,0.917
chrysolit,0,12,12,1.0
ambros,1,11,12,0.917
wakey,0,12,12,1.0
,8,4,12,0.333
balmi,0,12,12,1.0
drpt,0,12,12,1.0
stool,3,9,12,0.75
westward,8,4,12,0.333
billfold,0,12,12,1.0
eudora,12,0,12,0.0
candic,9,3,12,0.25
plenipotentiari,0,12,12,1.0
bondsmen,0,12,12,1.0
caraca,1,11,12,0.917
tamal,5,7,12,0.583
moulinex,12,0,12,0.0
amphibian,0,12,12,1.0
bodnar,12,0,12,0.0
doge,0,12,12,1.0
uphil,3,9,12,0.75
crucifi,0,12,12,1.0
vexati,0,12,12,1.0
wooster,0,12,12,1.0
lotion,0,12,12,1.0
aphas,0,12,12,1.0
congreg,2,10,12,0.833
cashman,12,0,12,0.0
powersrc,12,0,12,0.0
deced,0,12,12,1.0
seminol,4,7,11,0.636
sleepingdisord,0,11,11,1.0
indiginet,0,11,11,1.0
cossack,0,11,11,1.0
schubert,0,11,11,1.0
asymmetri,1,10,11,0.909
pun,2,9,11,0.818
chokeberri,0,11,11,1.0
ursin,0,11,11,1.0
ambassador,5,6,11,0.545
brquiacut,0,11,11,1.0
guardia,5,6,11,0.545
maui,5,6,11,0.545
blest,0,11,11,1.0
leventh,11,0,11,0.0
tar,1,10,11,0.909
carrizo,10,1,11,0.091
entidad,0,11,11,1.0
armaci,0,11,11,1.0
unconfirm,9,2,11,0.182
evei,0,11,11,1.0
cantabrigian,0,11,11,1.0
opportunit,7,4,11,0.364
ven,0,11,11,1.0
dementia,0,11,11,1.0
corcoran,0,11,11,1.0
transportadora,11,0,11,0.0
desecrat,0,11,11,1.0
unimagin,2,9,11,0.818
roadsid,0,11,11,1.0
sabotag,6,5,11,0.455
caf,3,8,11,0.727
sown,4,7,11,0.636
chit,0,11,11,1.0
nder,0,11,11,1.0
monlin,0,11,11,1.0
carborundum,0,11,11,1.0
zen,1,10,11,0.909
alpheratz,0,11,11,1.0
askew,0,11,11,1.0
salsa,8,3,11,0.273
ridder,7,4,11,0.364
confidentia,0,11,11,1.0
inoper,1,10,11,0.909
breadwinn,0,11,11,1.0
pierson,3,8,11,0.727
merriam,0,11,11,1.0
monterey,0,11,11,1.0
sinusoid,0,11,11,1.0
fastmail,0,11,11,1.0
amman,0,11,11,1.0
inducte,1,10,11,0.909
nonartist,0,11,11,1.0
cnr,7,4,11,0.364
medss,0,11,11,1.0
cohosh,0,11,11,1.0
segovia,1,10,11,0.909
monfan,11,0,11,0.0
affront,0,11,11,1.0
grabstald,11,0,11,0.0
yeung,11,0,11,0.0
tomcat,11,0,11,0.0
liquor,0,11,11,1.0
tuscani,1,10,11,0.909
epistemolog,0,11,11,1.0
crisscross,1,10,11,0.909
duster,0,11,11,1.0
alumin,0,11,11,1.0
iccodiin,0,11,11,1.0
arava,0,11,11,1.0
bungalow,0,11,11,1.0
eliot,0,11,11,1.0
canton,0,11,11,1.0
cinema,1,10,11,0.909
villevald,11,0,11,0.0
limelight,0,11,11,1.0
supplant,6,5,11,0.455
spree,5,6,11,0.545
liquit,0,11,11,1.0
getthatpil,0,11,11,1.0
siden,7,4,11,0.364
infiat,0,11,11,1.0
scel,11,0,11,0.0
econnect,11,0,11,0.0
cohomolog,0,11,11,1.0
auberg,0,11,11,1.0
bellmen,0,11,11,1.0
rapp,11,0,11,0.0
roam,5,6,11,0.545
dacca,0,11,11,1.0
layton,4,7,11,0.636
bastion,1,10,11,0.909
saldivar,11,0,11,0.0
kalman,11,0,11,0.0
cranni,0,11,11,1.0
cowpox,0,11,11,1.0
exhum,0,11,11,1.0
inelig,2,9,11,0.818
aconcagua,11,0,11,0.0
thug,0,11,11,1.0
armchair,0,11,11,1.0
expound,6,5,11,0.455
gloriou,0,11,11,1.0
flux,4,7,11,0.636
reorg,11,0,11,0.0
temptationless,0,11,11,1.0
dandelion,0,11,11,1.0
brucellosi,0,11,11,1.0
concertina,0,11,11,1.0
pocketwarm,0,11,11,1.0
impiou,1,10,11,0.909
lahor,0,11,11,1.0
handel,1,10,11,0.909
mitro,11,0,11,0.0
imt,0,11,11,1.0
chronograph,0,11,11,1.0
bowmen,0,11,11,1.0
silk,0,11,11,1.0
middlemen,6,5,11,0.455
dreamboat,0,11,11,1.0
deodor,1,10,11,0.909
expedi,3,8,11,0.727
shackl,3,8,11,0.727
lakesid,5,6,11,0.545
chrysler,6,5,11,0.455
drippi,0,11,11,1.0
beheld,0,11,11,1.0
bvjkiu,0,11,11,1.0
technoiog,0,11,11,1.0
yvan,11,0,11,0.0
barren,0,11,11,1.0
appendag,1,10,11,0.909
lifo,2,9,11,0.818
jernigan,9,2,11,0.182
incarcer,0,11,11,1.0
orgin,10,1,11,0.091
oj,0,11,11,1.0
bilg,0,11,11,1.0
wontt,0,11,11,1.0
congoles,0,11,11,1.0
centerpfont,0,11,11,1.0
velshi,11,0,11,0.0
bisexu,0,11,11,1.0
sanderson,4,7,11,0.636
lpjsjfv,0,11,11,1.0
airlift,0,11,11,1.0
hardwork,1,10,11,0.909
elderli,4,7,11,0.636
volleybal,6,5,11,0.455
bulldog,0,11,11,1.0
xg,0,11,11,1.0
musa,0,11,11,1.0
ourseiv,0,11,11,1.0
apostl,3,8,11,0.727
microelectron,0,11,11,1.0
chippendal,0,11,11,1.0
sphl,11,0,11,0.0
outward,4,7,11,0.636
hh,5,6,11,0.545
downstat,3,8,11,0.727
flammabl,7,4,11,0.364
byrd,4,7,11,0.636
mirob,11,0,11,0.0
finit,3,8,11,0.727
reptil,0,11,11,1.0
smash,4,7,11,0.636
disembowel,0,11,11,1.0
cadent,0,11,11,1.0
medicar,3,8,11,0.727
desideratum,0,11,11,1.0
supramax,0,11,11,1.0
dvdrewrit,0,11,11,1.0
weinberg,5,6,11,0.545
evenli,9,2,11,0.182
hee,3,8,11,0.727
porta,4,7,11,0.636
obscen,2,9,11,0.818
inconsider,0,11,11,1.0
palazzi,7,4,11,0.364
vultur,4,7,11,0.636
beresford,1,10,11,0.909
gasifi,0,11,11,1.0
headphon,0,11,11,1.0
spamcop,0,11,11,1.0
suscept,4,7,11,0.636
arson,0,11,11,1.0
softbal,1,10,11,0.909
offpeak,11,0,11,0.0
semiautomat,0,11,11,1.0
collier,2,9,11,0.818
arteriolosclerosi,0,11,11,1.0
dhl,2,9,11,0.818
dik,5,6,11,0.545
eightieth,0,11,11,1.0
infosourc,5,6,11,0.545
hydrat,3,8,11,0.727
acrid,0,11,11,1.0
macdonald,5,6,11,0.545
ivhm,11,0,11,0.0
radiant,0,11,11,1.0
downey,2,9,11,0.818
airmass,0,11,11,1.0
boeotian,0,11,11,1.0
lumpur,2,9,11,0.818
innocu,5,6,11,0.545
crosswalk,0,11,11,1.0
inattent,0,11,11,1.0
backhand,0,11,11,1.0
fgh,0,11,11,1.0
beak,0,11,11,1.0
crust,0,11,11,1.0
beethoven,0,11,11,1.0
diaton,0,11,11,1.0
dissembl,0,11,11,1.0
lqgcibz,0,11,11,1.0
keeper,8,3,11,0.273
encuentra,0,11,11,1.0
westhong,0,11,11,1.0
pedestrian,3,8,11,0.727
footlock,10,1,11,0.091
mgu,11,0,11,0.0
doit,6,5,11,0.455
waller,9,2,11,0.182
meld,4,7,11,0.636
rotorsoft,0,11,11,1.0
julep,0,11,11,1.0
amiti,0,11,11,1.0
detour,1,10,11,0.909
metai,0,11,11,1.0
krasner,11,0,11,0.0
ß,0,11,11,1.0
vr,0,11,11,1.0
templeton,8,3,11,0.273
fontpfont,0,11,11,1.0
westex,11,0,11,0.0
artculo,0,11,11,1.0
frontpag,2,9,11,0.818
armillaria,0,11,11,1.0
sew,6,5,11,0.455
sst,6,5,11,0.455
wellsfargo,5,6,11,0.545
bateman,1,10,11,0.909
nonundulatori,0,11,11,1.0
uryasev,11,0,11,0.0
mensur,0,11,11,1.0
eisel,11,0,11,0.0
aimfund,11,0,11,0.0
stapley,10,1,11,0.091
assemblag,0,11,11,1.0
krakow,0,11,11,1.0
oui,0,11,11,1.0
painful,0,11,11,1.0
aquat,0,11,11,1.0
publiciy,0,11,11,1.0
ectstnw,11,0,11,0.0
diabol,1,10,11,0.909
manchest,4,7,11,0.636
copywrit,1,10,11,0.909
carbohydr,0,11,11,1.0
troublesom,6,5,11,0.455
addend,0,11,11,1.0
papa,1,10,11,0.909
cabo,3,8,11,0.727
untangl,11,0,11,0.0
ambidextr,0,11,11,1.0
multa,0,11,11,1.0
tpa,11,0,11,0.0
dist,3,8,11,0.727
ril,1,10,11,0.909
dilapid,0,11,11,1.0
aimemail,11,0,11,0.0
acet,0,11,11,1.0
edic,0,11,11,1.0
apena,0,11,11,1.0
officehold,1,10,11,0.909
natsourc,11,0,11,0.0
titanium,0,11,11,1.0
excurs,1,10,11,0.909
mantrap,0,11,11,1.0
hubbi,0,11,11,1.0
markovian,6,5,11,0.455
irresolut,0,11,11,1.0
portsmouth,7,4,11,0.364
yeverino,11,0,11,0.0
choreograph,0,11,11,1.0
administratrix,0,11,11,1.0
gshebl,11,0,11,0.0
carbonyl,0,11,11,1.0
guggenheim,3,8,11,0.727
percuss,0,11,11,1.0
ruthless,8,3,11,0.273
marketpointinc,11,0,11,0.0
tango,1,10,11,0.909
heathenish,0,11,11,1.0
jnr,0,11,11,1.0
cliquez,0,11,11,1.0
calisthen,0,11,11,1.0
accipit,0,11,11,1.0
entrench,10,1,11,0.091
gbic,0,11,11,1.0
shiacut,0,11,11,1.0
dervish,0,11,11,1.0
unrealist,10,1,11,0.091
incharg,1,10,11,0.909
transistor,0,11,11,1.0
embezzl,0,11,11,1.0
nieuwsbrief,0,11,11,1.0
wardl,11,0,11,0.0
alink,0,11,11,1.0
rumbl,3,8,11,0.727
nutraceutica,0,11,11,1.0
battaglia,11,0,11,0.0
elastom,3,8,11,0.727
connal,1,10,11,0.909
edific,0,11,11,1.0
downwind,0,11,11,1.0
compassion,2,9,11,0.818
baccalaur,0,11,11,1.0
administrativa,0,11,11,1.0
jarek,11,0,11,0.0
denizen,0,11,11,1.0
reformat,9,2,11,0.182
palestin,1,10,11,0.909
inflammatori,0,11,11,1.0
lisv,0,11,11,1.0
restroom,0,11,11,1.0
ranen,11,0,11,0.0
headhunt,11,0,11,0.0
namesak,8,3,11,0.273
hydromorph,0,11,11,1.0
sheffield,2,9,11,0.818
congresswoman,0,11,11,1.0
francois,0,11,11,1.0
bernoulli,0,11,11,1.0
cockey,0,11,11,1.0
dur,0,11,11,1.0
zeit,0,11,11,1.0
guaranté,0,11,11,1.0
illicit,4,7,11,0.636
feira,0,11,11,1.0
reiniti,10,1,11,0.091
uiar,0,11,11,1.0
pontif,0,11,11,1.0
diathermi,0,11,11,1.0
axial,0,11,11,1.0
pehlivanova,11,0,11,0.0
bred,2,9,11,0.818
teck,1,10,11,0.909
méxico,0,11,11,1.0
anteced,0,11,11,1.0
cccccc,1,10,11,0.909
huddl,2,9,11,0.818
rosebud,3,8,11,0.727
confidentiaiit,0,11,11,1.0
tulan,8,3,11,0.273
comodidad,0,11,11,1.0
bmg,0,11,11,1.0
painkil,0,11,11,1.0
bcp,11,0,11,0.0
predispos,3,8,11,0.727
rockefel,4,7,11,0.636
florenc,2,9,11,0.818
fallow,0,11,11,1.0
chelsea,6,5,11,0.455
terminado,0,11,11,1.0
sucesso,0,11,11,1.0
kdsc,0,11,11,1.0
condemnatori,0,11,11,1.0
ambrosi,0,11,11,1.0
calcar,0,11,11,1.0
diacut,0,11,11,1.0
viet,3,8,11,0.727
berghart,0,11,11,1.0
medusa,1,10,11,0.909
pullback,4,7,11,0.636
netgear,0,11,11,1.0
rhubarb,0,11,11,1.0
sso,6,5,11,0.455
bagpip,0,11,11,1.0
asynchron,0,11,11,1.0
cankerworm,0,11,11,1.0
stitch,3,8,11,0.727
carbin,0,11,11,1.0
publicidad,0,11,11,1.0
vindic,2,9,11,0.818
recherch,0,11,11,1.0
formulario,0,11,11,1.0
seul,0,11,11,1.0
bulletproof,2,9,11,0.818
fahrenheit,6,5,11,0.455
sui,0,11,11,1.0
banshe,0,11,11,1.0
paramagnet,0,11,11,1.0
atropo,0,11,11,1.0
ronh,11,0,11,0.0
yourst,0,11,11,1.0
custer,0,11,11,1.0
mailin,0,11,11,1.0
woke,7,4,11,0.364
crag,0,11,11,1.0
mayappl,0,11,11,1.0
courteou,0,11,11,1.0
repric,11,0,11,0.0
shear,4,7,11,0.636
estn,0,11,11,1.0
csa,11,0,11,0.0
radiu,5,6,11,0.545
strut,3,8,11,0.727
zilch,3,8,11,0.727
felon,0,11,11,1.0
limitedd,0,11,11,1.0
cgiusa,11,0,11,0.0
bedspr,0,11,11,1.0
catsup,0,11,11,1.0
confectioneri,3,8,11,0.727
overwt,0,11,11,1.0
damascu,1,10,11,0.909
ocd,0,11,11,1.0
urib,11,0,11,0.0
neb,10,1,11,0.091
deerskin,0,11,11,1.0
brunin,11,0,11,0.0
qofwnuz,0,11,11,1.0
vicin,4,7,11,0.636
wheatston,0,11,11,1.0
brandish,1,10,11,0.909
regroup,11,0,11,0.0
ourso,11,0,11,0.0
demigod,0,11,11,1.0
culvert,1,10,11,0.909
worldwiacut,0,11,11,1.0
childcar,7,4,11,0.364
priori,0,11,11,1.0
donnybrook,0,11,11,1.0
tejan,0,11,11,1.0
basilar,0,11,11,1.0
angebot,0,11,11,1.0
division,2,9,11,0.818
hom,1,10,11,0.909
zol,0,11,11,1.0
homili,0,11,11,1.0
przi,11,0,11,0.0
starwood,7,4,11,0.364
fairfax,4,7,11,0.636
porou,0,11,11,1.0
wagstaff,11,0,11,0.0
biomass,5,6,11,0.545
warsaw,8,3,11,0.273
centerimg,0,11,11,1.0
appt,10,1,11,0.091
amerig,0,11,11,1.0
lorelei,1,10,11,0.909
pnterm,0,11,11,1.0
prenat,0,11,11,1.0
dumpi,0,11,11,1.0
leibert,11,0,11,0.0
conjur,0,11,11,1.0
grin,2,9,11,0.818
hitschel,11,0,11,0.0
grind,5,6,11,0.545
champagn,4,7,11,0.636
fifo,2,9,11,0.818
skytel,11,0,11,0.0
trait,2,9,11,0.818
pauli,0,11,11,1.0
apron,0,11,11,1.0
earsplit,0,11,11,1.0
hymnarium,0,11,11,1.0
digitali,0,11,11,1.0
feather,1,10,11,0.909
você,0,11,11,1.0
feroci,2,9,11,0.818
crackl,0,11,11,1.0
bestsoftwareshop,0,11,11,1.0
certitud,0,11,11,1.0
stygian,0,11,11,1.0
selll,0,11,11,1.0
domenico,0,11,11,1.0
aft,2,9,11,0.818
bella,3,8,11,0.727
gustav,0,11,11,1.0
edwardian,0,11,11,1.0
cherubim,0,11,11,1.0
monkish,0,11,11,1.0
horrifi,0,11,11,1.0
arri,9,2,11,0.182
sportsman,0,11,11,1.0
reconoc,0,11,11,1.0
ava,7,4,11,0.364
trendsett,0,11,11,1.0
inertia,1,10,11,0.909
spay,2,9,11,0.818
condol,3,8,11,0.727
roast,4,7,11,0.636
jestem,11,0,11,0.0
abolit,0,11,11,1.0
brbrbrbrbrbra,0,11,11,1.0
nicholson,4,7,11,0.636
barbarian,2,9,11,0.818
protoplasm,0,11,11,1.0
cori,9,2,11,0.182
quiver,1,10,11,0.909
pedest,4,7,11,0.636
jed,7,4,11,0.364
podem,0,11,11,1.0
dyne,0,11,11,1.0
caiiber,0,11,11,1.0
pont,2,9,11,0.818
eden,1,10,11,0.909
maladapt,0,11,11,1.0
cryptographi,0,11,11,1.0
blacktabl,0,11,11,1.0
vien,0,11,11,1.0
medallion,5,6,11,0.545
arteriosclerosi,0,11,11,1.0
seren,1,10,11,0.909
torn,4,7,11,0.636
waysid,6,5,11,0.455
abscess,0,11,11,1.0
suc,0,11,11,1.0
wolverin,2,9,11,0.818
wite,0,11,11,1.0
chatter,7,4,11,0.364
penultim,5,6,11,0.545
flute,0,11,11,1.0
atroci,4,7,11,0.636
ogunbunmi,11,0,11,0.0
memorabilia,3,8,11,0.727
arturo,0,11,11,1.0
paratroop,0,11,11,1.0
edo,0,11,11,1.0
tnray,11,0,11,0.0
steeli,2,9,11,0.818
hawaiian,3,8,11,0.727
angrili,3,8,11,0.727
everag,0,11,11,1.0
autotransform,0,11,11,1.0
indiatim,0,11,11,1.0
nearer,4,7,11,0.636
snare,2,9,11,0.818
insurmount,2,9,11,0.818
melvil,0,11,11,1.0
bookish,0,11,11,1.0
abelian,0,11,11,1.0
ecuador,3,8,11,0.727
richer,3,8,11,0.727
corps,0,11,11,1.0
watersid,7,4,11,0.364
chesterton,0,11,11,1.0
freshman,2,9,11,0.818
iu,1,10,11,0.909
clapboard,0,11,11,1.0
alfalfa,0,11,11,1.0
geometr,10,1,11,0.091
wollen,0,11,11,1.0
seduct,0,11,11,1.0
bach,0,11,11,1.0
jetlow,0,11,11,1.0
burglari,0,11,11,1.0
contactar,0,11,11,1.0
semit,0,11,11,1.0
heublein,0,11,11,1.0
está,0,11,11,1.0
hellosoft,0,11,11,1.0
bett,1,10,11,0.909
mccarran,11,0,11,0.0
paw,2,9,11,0.818
usf,11,0,11,0.0
expung,1,10,11,0.909
transmut,0,11,11,1.0
erisa,9,2,11,0.182
asynchroni,0,11,11,1.0
concours,1,10,11,0.909
neff,3,8,11,0.727
saferenew,11,0,11,0.0
meagan,10,1,11,0.091
estella,0,11,11,1.0
shamefac,0,11,11,1.0
driveway,6,5,11,0.455
propaganda,5,6,11,0.545
aphid,0,11,11,1.0
deiti,0,11,11,1.0
coma,0,11,11,1.0
bifoc,0,11,11,1.0
oilman,4,7,11,0.636
palabra,0,11,11,1.0
hine,7,4,11,0.364
interf,6,5,11,0.455
bristl,0,11,11,1.0
miriam,6,5,11,0.455
caramail,0,11,11,1.0
kindr,0,11,11,1.0
simmer,1,10,11,0.909
axiom,1,10,11,0.909
bret,9,2,11,0.182
ferraz,11,0,11,0.0
mortga,0,11,11,1.0
repblica,0,11,11,1.0
indigo,1,10,11,0.909
beret,1,10,11,0.909
piqu,4,7,11,0.636
benelux,0,11,11,1.0
caramel,0,11,11,1.0
hahn,7,4,11,0.364
ailanthu,0,11,11,1.0
dwarv,0,11,11,1.0
chrissi,9,2,11,0.182
hartfield,11,0,11,0.0
deprecatori,0,11,11,1.0
chairladi,0,11,11,1.0
bonifac,0,11,11,1.0
yashwant,11,0,11,0.0
hierarch,1,10,11,0.909
bordello,0,11,11,1.0
parenthood,8,3,11,0.273
societ,4,7,11,0.636
cogent,0,11,11,1.0
smirk,0,11,11,1.0
brweekend,0,11,11,1.0
det,0,11,11,1.0
fastermail,0,11,11,1.0
supplic,3,8,11,0.727
malform,0,11,11,1.0
imping,3,8,11,0.727
alibi,0,11,11,1.0
itti,0,11,11,1.0
clung,0,11,11,1.0
indomit,0,11,11,1.0
provo,3,8,11,0.727
helfrich,11,0,11,0.0
mckillop,11,0,11,0.0
temporada,0,11,11,1.0
beneficio,0,11,11,1.0
duk,11,0,11,0.0
overreact,10,1,11,0.091
juke,0,11,11,1.0
childer,10,1,11,0.091
psinet,11,0,11,0.0
judaism,0,11,11,1.0
timetrp,0,11,11,1.0
rca,0,11,11,1.0
bolsa,0,11,11,1.0
fffbf,0,11,11,1.0
splendid,1,10,11,0.909
noaa,9,2,11,0.182
hubbub,4,7,11,0.636
propiti,0,11,11,1.0
stainlessteel,0,11,11,1.0
astramowicz,11,0,11,0.0
defrock,0,11,11,1.0
morton,6,5,11,0.455
salim,0,11,11,1.0
draperi,0,11,11,1.0
hellen,0,11,11,1.0
nobel,2,9,11,0.818
supposedto,0,11,11,1.0
camelot,0,11,11,1.0
whittak,7,4,11,0.364
receptor,0,11,11,1.0
udv,0,11,11,1.0
batw,0,11,11,1.0
blurri,1,10,11,0.909
lapel,1,10,11,0.909
incant,0,11,11,1.0
ungodli,0,11,11,1.0
orwellian,0,11,11,1.0
nsm,7,4,11,0.364
cumulu,0,11,11,1.0
anarchi,2,9,11,0.818
maven,0,11,11,1.0
agamemnon,0,11,11,1.0
inordin,3,8,11,0.727
horseplay,0,11,11,1.0
ophthalm,0,11,11,1.0
bronchiolar,0,11,11,1.0
comité,0,11,11,1.0
typograph,0,11,11,1.0
timer,7,4,11,0.364
rogu,7,4,11,0.364
xochitl,11,0,11,0.0
kreb,6,5,11,0.455
powderi,2,9,11,0.818
diploidi,0,11,11,1.0
acolyt,0,11,11,1.0
chafe,0,11,11,1.0
informativo,0,11,11,1.0
jahr,0,11,11,1.0
efilm,0,11,11,1.0
eickenroht,11,0,11,0.0
writeup,10,1,11,0.091
mano,0,11,11,1.0
bract,0,11,11,1.0
ohmic,0,11,11,1.0
kerch,11,0,11,0.0
siqnificantiy,0,11,11,1.0
crossword,0,11,11,1.0
heavenli,1,10,11,0.909
counterattack,0,11,11,1.0
thinli,2,9,11,0.818
intermitt,6,5,11,0.455
recapit,6,5,11,0.455
americana,0,11,11,1.0
battel,0,11,11,1.0
canist,0,11,11,1.0
quartet,3,8,11,0.727
christiana,0,11,11,1.0
bonz,0,11,11,1.0
buten,0,11,11,1.0
michot,11,0,11,0.0
lug,0,11,11,1.0
discipl,0,11,11,1.0
flour,0,11,11,1.0
benthic,0,11,11,1.0
bearberri,0,11,11,1.0
tame,0,11,11,1.0
cuddli,0,11,11,1.0
difluorid,0,11,11,1.0
technologist,11,0,11,0.0
anu,0,11,11,1.0
mariah,3,8,11,0.727
impedi,6,5,11,0.455
dachshund,0,11,11,1.0
martyr,0,11,11,1.0
goodrich,2,9,11,0.818
katamail,0,11,11,1.0
burmes,0,11,11,1.0
crossbow,0,11,11,1.0
anticitap,0,11,11,1.0
awash,2,9,11,0.818
builetin,0,11,11,1.0
gilmor,6,5,11,0.455
niger,0,11,11,1.0
vlaggra,0,11,11,1.0
jpm,11,0,11,0.0
thief,0,11,11,1.0
ababa,0,11,11,1.0
gilmer,11,0,11,0.0
galile,0,11,11,1.0
hmsabcz,0,11,11,1.0
astraddl,0,11,11,1.0
elton,0,11,11,1.0
blackboard,2,9,11,0.818
lofti,4,7,11,0.636
batten,1,10,11,0.909
rosser,11,0,11,0.0
bibliophil,0,11,11,1.0
crystallit,0,11,11,1.0
corpul,0,11,11,1.0
remington,1,10,11,0.909
quintana,10,1,11,0.091
autorho,11,0,11,0.0
bolomet,0,11,11,1.0
tact,2,9,11,0.818
byargeon,11,0,11,0.0
cask,0,11,11,1.0
cupid,0,11,11,1.0
shuck,2,9,11,0.818
chast,0,11,11,1.0
calliop,0,11,11,1.0
hepatica,0,11,11,1.0
clime,0,11,11,1.0
también,0,11,11,1.0
alchemi,0,11,11,1.0
bunt,0,11,11,1.0
underpr,0,11,11,1.0
paik,11,0,11,0.0
vieira,10,1,11,0.091
talki,0,11,11,1.0
backtrack,4,7,11,0.636
exhal,0,11,11,1.0
magenta,3,8,11,0.727
einsteinian,0,11,11,1.0
marcia,5,6,11,0.545
conjoint,2,9,11,0.818
lovvpric,0,11,11,1.0
dellaca,0,11,11,1.0
downcast,0,11,11,1.0
burlesqu,0,11,11,1.0
boomerang,3,8,11,0.727
amok,0,11,11,1.0
iep,8,3,11,0.273
binocular,0,11,11,1.0
elid,0,11,11,1.0
alb,0,11,11,1.0
apostroph,0,11,11,1.0
savv,0,11,11,1.0
maroon,4,7,11,0.636
buckaroo,0,11,11,1.0
airstrip,0,11,11,1.0
bestsoftshop,0,11,11,1.0
inconceiv,4,7,11,0.636
gasper,11,0,11,0.0
protract,4,7,11,0.636
compulsori,1,10,11,0.909
aastrom,0,11,11,1.0
sungard,11,0,11,0.0
walru,1,10,11,0.909
nq,2,9,11,0.818
receptacl,0,11,11,1.0
spaciou,2,9,11,0.818
tru,6,5,11,0.455
lorenz,9,2,11,0.182
baseman,0,11,11,1.0
habibi,11,0,11,0.0
incluya,0,11,11,1.0
berlioz,0,11,11,1.0
inferno,1,10,11,0.909
fiddl,1,10,11,0.909
ellingson,11,0,11,0.0
braniff,0,11,11,1.0
cuckoo,0,11,11,1.0
aeneid,0,11,11,1.0
lithium,0,11,11,1.0
gershenson,11,0,11,0.0
eawtlq,0,11,11,1.0
specal,0,11,11,1.0
ppnbsp,0,11,11,1.0
bayer,10,1,11,0.091
tenderloin,5,6,11,0.545
bergson,6,5,11,0.455
tantawi,0,11,11,1.0
cantaloup,0,11,11,1.0
doubleton,0,11,11,1.0
vw,1,10,11,0.909
solutiacut,0,11,11,1.0
strangl,5,6,11,0.545
congreso,0,11,11,1.0
affix,2,9,11,0.818
aret,0,11,11,1.0
catawba,3,8,11,0.727
escape,0,11,11,1.0
daha,0,11,11,1.0
pueblo,0,11,11,1.0
citywid,3,8,11,0.727
energyinstitut,7,4,11,0.364
alkali,0,11,11,1.0
escrito,0,11,11,1.0
dirección,0,11,11,1.0
iceland,0,11,11,1.0
dabei,3,8,11,0.727
earthworm,0,11,11,1.0
pozdrawiam,6,5,11,0.455
berberian,11,0,11,0.0
impala,1,10,11,0.909
monrovia,0,11,11,1.0
birdi,1,10,11,0.909
gto,1,10,11,0.909
calf,1,10,11,0.909
eader,0,11,11,1.0
webster,4,7,11,0.636
earthsat,11,0,11,0.0
shiver,6,5,11,0.455
chianti,0,11,11,1.0
mettl,0,11,11,1.0
denouement,0,11,11,1.0
gaia,0,11,11,1.0
phenol,0,11,11,1.0
cuttlebon,0,11,11,1.0
electrabel,11,0,11,0.0
tewsom,0,11,11,1.0
carelessli,0,11,11,1.0
summon,4,7,11,0.636
lull,5,6,11,0.545
bolk,11,0,11,0.0
bristol,6,5,11,0.455
internacional,0,11,11,1.0
playgoer,0,11,11,1.0
tago,11,0,11,0.0
foreseeabi,0,11,11,1.0
flung,4,7,11,0.636
hecat,0,11,11,1.0
lanquaq,0,11,11,1.0
crept,1,10,11,0.909
blat,0,11,11,1.0
velocidad,0,11,11,1.0
salerno,2,9,11,0.818
generaili,0,11,11,1.0
tcm,7,4,11,0.364
phoni,5,6,11,0.545
perl,1,10,11,0.909
lynda,11,0,11,0.0
prazo,0,11,11,1.0
ineleg,0,11,11,1.0
immatur,0,11,11,1.0
tabul,4,7,11,0.636
pcp,7,4,11,0.364
hirsch,4,7,11,0.636
brovvs,0,11,11,1.0
diction,0,11,11,1.0
swg,10,1,11,0.091
delous,0,11,11,1.0
neue,0,11,11,1.0
greenbriar,1,10,11,0.909
sheiklik,0,11,11,1.0
entangl,8,3,11,0.273
functionari,1,10,11,0.909
brocad,2,9,11,0.818
begonia,0,11,11,1.0
craftsmen,0,11,11,1.0
fitzwat,11,0,11,0.0
allel,0,11,11,1.0
nightclub,0,11,11,1.0
brbryour,0,11,11,1.0
racket,1,10,11,0.909
duff,3,8,11,0.727
jab,4,7,11,0.636
requisito,0,11,11,1.0
lefta,0,11,11,1.0
theres,10,1,11,0.091
kingpin,2,9,11,0.818
watkin,5,6,11,0.545
meritenergi,11,0,11,0.0
dolar,1,10,11,0.909
tranc,0,11,11,1.0
volley,0,11,11,1.0
lineman,4,7,11,0.636
guildhal,0,11,11,1.0
hesinet,11,0,11,0.0
conundrum,1,10,11,0.909
medianli,0,11,11,1.0
blueberri,3,8,11,0.727
easternmost,0,11,11,1.0
brownish,1,10,11,0.909
mbr,10,1,11,0.091
leeri,5,6,11,0.545
perfectrsoft,0,11,11,1.0
bassel,11,0,11,0.0
seafar,0,11,11,1.0
chiefli,6,5,11,0.455
elysian,0,11,11,1.0
pais,5,6,11,0.545
animadvers,0,11,11,1.0
gland,1,10,11,0.909
feloni,0,11,11,1.0
trifl,0,11,11,1.0
ahem,0,11,11,1.0
vasudevan,11,0,11,0.0
calpx,11,0,11,0.0
brigham,8,3,11,0.273
calcutta,0,11,11,1.0
wallumrod,11,0,11,0.0
pmibnn,0,11,11,1.0
walpol,0,11,11,1.0
jk,0,11,11,1.0
flatb,2,9,11,0.818
teddi,6,5,11,0.455
xh,2,9,11,0.818
adema,0,11,11,1.0
probabi,0,11,11,1.0
macpherson,2,9,11,0.818
blenheim,0,11,11,1.0
braini,0,11,11,1.0
alacr,0,11,11,1.0
incr,0,11,11,1.0
samu,0,11,11,1.0
ioc,10,1,11,0.091
maryam,3,8,11,0.727
haffenreff,11,0,11,0.0
delft,0,11,11,1.0
battlefield,2,9,11,0.818
necesita,0,11,11,1.0
wallst,0,11,11,1.0
myreq,11,0,11,0.0
hatfield,3,8,11,0.727
ffffo,0,11,11,1.0
isnt,4,7,11,0.636
oax,0,11,11,1.0
aldrich,0,11,11,1.0
croni,1,10,11,0.909
burgess,4,7,11,0.636
fferenc,0,11,11,1.0
ipc,11,0,11,0.0
walkup,10,1,11,0.091
blunt,6,5,11,0.455
coeduc,0,11,11,1.0
lingo,8,3,11,0.273
laurenc,6,5,11,0.455
salazar,7,4,11,0.364
philipson,11,0,11,0.0
mueller,7,4,11,0.364
eberhard,0,11,11,1.0
mantra,3,8,11,0.727
doorbel,0,11,11,1.0
ond,0,11,11,1.0
economictim,11,0,11,0.0
mantua,11,0,11,0.0
harasin,11,0,11,0.0
mckesson,4,7,11,0.636
gmat,11,0,11,0.0
wurden,0,11,11,1.0
lastnam,10,1,11,0.091
profus,0,11,11,1.0
swanson,5,6,11,0.545
clap,0,11,11,1.0
winkler,9,2,11,0.182
steelmak,7,4,11,0.364
elsinor,0,11,11,1.0
psych,3,8,11,0.727
mahogani,5,6,11,0.545
rebook,11,0,11,0.0
moreno,6,5,11,0.455
deviant,0,11,11,1.0
aquiiino,0,11,11,1.0
rxsite,0,11,11,1.0
blackbodi,0,11,11,1.0
cobertura,0,11,11,1.0
tubulu,0,11,11,1.0
bloop,0,11,11,1.0
hydraul,4,7,11,0.636
alba,1,10,11,0.909
ancestr,0,11,11,1.0
conagra,11,0,11,0.0
phonat,0,11,11,1.0
ldap,0,11,11,1.0
genx,0,11,11,1.0
avandia,0,11,11,1.0
deft,1,10,11,0.909
bloodlin,0,11,11,1.0
crowberri,0,11,11,1.0
lancast,2,9,11,0.818
lowesst,0,11,11,1.0
theyknowit,0,11,11,1.0
bipartit,0,11,11,1.0
ietf,11,0,11,0.0
dogberri,0,11,11,1.0
callou,0,11,11,1.0
henceforth,1,10,11,0.909
flatter,9,2,11,0.182
mildew,0,11,11,1.0
sine,0,11,11,1.0
savior,8,3,11,0.273
babson,11,0,11,0.0
aegean,0,11,11,1.0
frenchman,0,11,11,1.0
catlik,0,11,11,1.0
coerc,2,9,11,0.818
beatnik,0,11,11,1.0
reveri,0,11,11,1.0
christoffel,0,11,11,1.0
doctrinair,0,11,11,1.0
niki,6,5,11,0.455
morphism,0,11,11,1.0
sharper,6,5,11,0.455
ij,0,11,11,1.0
unfal,0,11,11,1.0
vanilla,7,4,11,0.364
mickey,4,7,11,0.636
armada,3,8,11,0.727
opl,11,0,11,0.0
carboxyl,0,11,11,1.0
langhornn,0,11,11,1.0
arbutu,0,11,11,1.0
plantat,1,10,11,0.909
futher,6,5,11,0.455
hodgepodg,0,11,11,1.0
lulu,0,11,11,1.0
debas,0,11,11,1.0
everyy,0,11,11,1.0
clarenc,1,10,11,0.909
dillard,9,2,11,0.182
mayfield,10,1,11,0.091
quik,0,11,11,1.0
corvett,0,11,11,1.0
cattail,0,11,11,1.0
bracewel,11,0,11,0.0
trek,3,8,11,0.727
varzim,0,11,11,1.0
jurdico,0,11,11,1.0
nah,0,11,11,1.0
underwritten,2,9,11,0.818
barkeep,0,11,11,1.0
cere,0,11,11,1.0
skadden,11,0,11,0.0
citizenri,0,11,11,1.0
broadloom,0,11,11,1.0
sullen,0,11,11,1.0
loomi,5,6,11,0.545
waltz,2,9,11,0.818
derog,4,7,11,0.636
brownian,8,3,11,0.273
graphem,0,11,11,1.0
expnmail,0,11,11,1.0
phosphor,0,11,11,1.0
cotti,0,11,11,1.0
digram,0,11,11,1.0
cowherd,0,11,11,1.0
csdn,0,11,11,1.0
lovin,0,11,11,1.0
needn,3,8,11,0.727
servo,0,11,11,1.0
liverpudlian,0,11,11,1.0
chapel,0,11,11,1.0
isso,0,11,11,1.0
tou,0,11,11,1.0
migden,11,0,11,0.0
chinook,0,11,11,1.0
thankyou,9,2,11,0.182
mahuang,0,11,11,1.0
willingli,2,9,11,0.818
growl,0,11,11,1.0
buckshot,0,11,11,1.0
sceneri,1,10,11,0.909
bulli,2,9,11,0.818
chlorophyl,0,11,11,1.0
enfett,0,11,11,1.0
exc,1,10,11,0.909
tutelag,0,11,11,1.0
plenari,5,6,11,0.545
lod,0,11,11,1.0
eider,0,11,11,1.0
mccormick,6,5,11,0.455
youv,0,11,11,1.0
guerdon,0,11,11,1.0
rectangular,1,10,11,0.909
brittl,0,11,11,1.0
demagogu,0,11,11,1.0
sábado,0,11,11,1.0
paschal,5,6,11,0.545
compost,0,11,11,1.0
energia,9,2,11,0.182
cyclorama,0,11,11,1.0
rune,3,8,11,0.727
chert,0,11,11,1.0
besieg,4,7,11,0.636
orthodontist,0,11,11,1.0
chuff,0,11,11,1.0
misfaith,0,11,11,1.0
connelli,11,0,11,0.0
circuitri,0,11,11,1.0
effectsbr,0,11,11,1.0
haberman,0,11,11,1.0
blurt,0,11,11,1.0
aiiment,0,11,11,1.0
watchword,0,11,11,1.0
goodman,3,8,11,0.727
dernier,0,11,11,1.0
golfboxx,11,0,11,0.0
tifi,0,11,11,1.0
astrolog,0,11,11,1.0
wiz,1,10,11,0.909
dillon,0,11,11,1.0
meager,3,8,11,0.727
canterburi,0,11,11,1.0
aliianc,0,11,11,1.0
nstar,11,0,11,0.0
bangura,0,11,11,1.0
colloquy,0,11,11,1.0
lifespan,0,11,11,1.0
compatriot,1,10,11,0.909
wer,1,10,11,0.909
lenin,1,10,11,0.909
jc,6,5,11,0.455
remova,0,11,11,1.0
coun,0,11,11,1.0
funnel,7,4,11,0.364
bellum,0,11,11,1.0
ellipsi,0,11,11,1.0
maximilian,1,10,11,0.909
geodet,0,11,11,1.0
superdealsl,0,11,11,1.0
spacecraft,0,11,11,1.0
abhorr,0,11,11,1.0
anwar,11,0,11,0.0
unsettl,9,2,11,0.182
pendant,0,11,11,1.0
carpocephalum,0,11,11,1.0
carder,0,11,11,1.0
trophi,3,8,11,0.727
calico,0,11,11,1.0
stomer,0,11,11,1.0
steeplebush,0,11,11,1.0
andean,1,10,11,0.909
oppenheim,0,11,11,1.0
gad,3,8,11,0.727
protrud,0,11,11,1.0
á,0,11,11,1.0
crucibl,0,11,11,1.0
mach,0,11,11,1.0
lanka,0,11,11,1.0
lombardi,10,1,11,0.091
gy,0,11,11,1.0
screwbean,0,11,11,1.0
gunther,5,6,11,0.545
amplitud,0,11,11,1.0
thibodeaux,11,0,11,0.0
resin,0,11,11,1.0
aftereffect,1,10,11,0.909
rebellion,1,10,11,0.909
bulki,1,10,11,0.909
hubert,4,7,11,0.636
newsmen,0,11,11,1.0
autolearn,0,11,11,1.0
braddock,6,5,11,0.455
gobierno,0,11,11,1.0
offenc,3,8,11,0.727
skate,1,10,11,0.909
cick,0,11,11,1.0
coronet,0,11,11,1.0
headwal,0,11,11,1.0
nivel,0,11,11,1.0
inasmuch,2,9,11,0.818
dill,0,11,11,1.0
faa,5,6,11,0.545
rubidium,0,11,11,1.0
dscottl,11,0,11,0.0
anl,9,2,11,0.182
quarkxpress,0,11,11,1.0
cani,0,11,11,1.0
antaeu,0,11,11,1.0
cataclysm,0,11,11,1.0
redo,7,4,11,0.364
cosmo,0,11,11,1.0
floodgat,0,11,11,1.0
tyrant,0,11,11,1.0
dwelt,0,11,11,1.0
schlumberg,5,6,11,0.545
aster,0,11,11,1.0
cauchi,0,11,11,1.0
eardrum,0,11,11,1.0
cowbel,0,11,11,1.0
ind,6,5,11,0.455
osama,8,3,11,0.273
zhongguo,0,11,11,1.0
priacut,0,11,11,1.0
bbbl,10,1,11,0.091
pcr,0,11,11,1.0
suha,0,11,11,1.0
courtroom,2,9,11,0.818
mediagroup,0,11,11,1.0
phenteermin,0,11,11,1.0
matern,5,6,11,0.545
paraleg,10,1,11,0.091
usabl,5,6,11,0.545
fought,7,4,11,0.364
apost,0,11,11,1.0
smsmobil,0,11,11,1.0
arachn,0,11,11,1.0
dortmund,0,11,11,1.0
eisner,0,11,11,1.0
ek,4,7,11,0.636
slacken,2,9,11,0.818
astronomi,0,11,11,1.0
extrasystol,0,11,11,1.0
aziz,9,2,11,0.182
gogh,1,10,11,0.909
realizado,0,11,11,1.0
fianc,0,11,11,1.0
collet,0,11,11,1.0
addl,1,10,11,0.909
fabian,4,7,11,0.636
flounder,5,6,11,0.545
voiatil,0,11,11,1.0
cylind,1,10,11,0.909
fuse,5,6,11,0.545
vesicoclysi,0,11,11,1.0
deplor,1,10,11,0.909
despotat,0,11,11,1.0
pollard,4,7,11,0.636
aarhu,0,11,11,1.0
naval,5,6,11,0.545
highcholesterin,0,11,11,1.0
deporte,0,11,11,1.0
gao,1,10,11,0.909
scrawl,0,11,11,1.0
baleen,0,11,11,1.0
absa,1,10,11,0.909
bowditch,0,11,11,1.0
nol,7,4,11,0.364
whim,1,10,11,0.909
mattress,3,8,11,0.727
tendr,0,11,11,1.0
marlboro,2,9,11,0.818
stove,3,8,11,0.727
dusseldorf,1,10,11,0.909
dalzel,0,11,11,1.0
roundup,4,7,11,0.636
alight,0,11,11,1.0
beaux,0,11,11,1.0
unimpass,0,11,11,1.0
romanian,0,11,11,1.0
evangel,2,9,11,0.818
bamberg,0,11,11,1.0
shipwreck,0,11,11,1.0
comedian,0,11,11,1.0
bedbug,0,11,11,1.0
asuncion,0,11,11,1.0
perth,1,10,11,0.909
panegyr,0,11,11,1.0
xgal,0,11,11,1.0
apocalypt,0,11,11,1.0
conservat,2,9,11,0.818
utiiiti,0,11,11,1.0
balines,0,11,11,1.0
tomer,1,10,11,0.909
equa,0,11,11,1.0
dobl,0,11,11,1.0
beltsvil,0,11,11,1.0
supper,3,8,11,0.727
tuck,6,5,11,0.455
motivo,0,11,11,1.0
hyperbol,1,10,11,0.909
sneez,1,10,11,0.909
presa,11,0,11,0.0
athenian,0,11,11,1.0
caper,3,8,11,0.727
worldw,0,11,11,1.0
mauritiu,2,9,11,0.818
mesquit,3,8,11,0.727
anselm,0,11,11,1.0
berenic,0,11,11,1.0
hookah,0,11,11,1.0
energynewsl,11,0,11,0.0
daredevil,3,8,11,0.727
arian,0,11,11,1.0
dejar,0,11,11,1.0
pde,10,1,11,0.091
fait,1,10,11,0.909
conestoga,2,9,11,0.818
dentistri,0,11,11,1.0
activo,0,11,11,1.0
panick,10,1,11,0.091
deoxyribos,0,11,11,1.0
batt,0,11,11,1.0
baldpat,0,11,11,1.0
chevali,0,11,11,1.0
beyer,11,0,11,0.0
celibaci,0,11,11,1.0
tgage,0,11,11,1.0
dant,2,9,11,0.818
rrc,7,4,11,0.364
cruddi,0,11,11,1.0
drc,1,10,11,0.909
vov,0,11,11,1.0
panicki,6,5,11,0.455
gj,2,9,11,0.818
babcock,3,8,11,0.727
riskop,11,0,11,0.0
droopi,0,11,11,1.0
parenthesi,3,8,11,0.727
mfg,10,1,11,0.091
videoconferenc,11,0,11,0.0
mckeever,11,0,11,0.0
illustri,3,8,11,0.727
precept,0,11,11,1.0
cornflow,0,11,11,1.0
cobranza,0,11,11,1.0
vnf,11,0,11,0.0
ferret,5,6,11,0.545
wallow,2,9,11,0.818
xr,0,11,11,1.0
opin,6,5,11,0.455
dissuad,3,8,11,0.727
epic,6,5,11,0.455
partit,2,9,11,0.818
deviou,0,11,11,1.0
fontainebleau,0,11,11,1.0
haughton,11,0,11,0.0
intract,3,8,11,0.727
canticl,0,11,11,1.0
figueroa,9,2,11,0.182
boudar,11,0,11,0.0
windowsxp,0,11,11,1.0
elinor,0,11,11,1.0
freemen,1,10,11,0.909
hmo,3,8,11,0.727
roz,0,11,11,1.0
garrisonian,0,11,11,1.0
jumpi,5,6,11,0.545
daunt,7,4,11,0.364
semin,6,5,11,0.455
expn,0,11,11,1.0
relent,2,9,11,0.818
lemon,4,7,11,0.636
boatmen,0,11,11,1.0
lighten,9,2,11,0.182
ceris,0,11,11,1.0
rv,4,7,11,0.636
stepmoth,0,11,11,1.0
bifurc,1,10,11,0.909
resurrect,9,2,11,0.182
seguir,0,11,11,1.0
dote,0,11,11,1.0
illinova,11,0,11,0.0
honk,0,11,11,1.0
camber,0,11,11,1.0
needlework,0,11,11,1.0
jaffray,11,0,11,0.0
konstantin,11,0,11,0.0
dionysu,0,11,11,1.0
nfidentiai,0,11,11,1.0
gbdvd,0,11,11,1.0
feeder,7,4,11,0.364
asson,0,11,11,1.0
peoria,6,5,11,0.455
bobolink,0,11,11,1.0
mcpherson,3,8,11,0.727
potentiaili,0,11,11,1.0
suzana,1,9,10,0.9
subsist,0,10,10,1.0
diluent,0,10,10,1.0
pearlit,0,10,10,1.0
bernet,0,10,10,1.0
francin,0,10,10,1.0
folksi,1,9,10,0.9
violet,1,9,10,0.9
godwit,0,10,10,1.0
feller,9,1,10,0.1
budd,2,8,10,0.8
applejack,0,10,10,1.0
subdu,6,4,10,0.4
dadaism,0,10,10,1.0
encumb,6,4,10,0.4
nectar,0,10,10,1.0
damp,1,9,10,0.9
raman,4,6,10,0.6
sli,1,9,10,0.9
beliv,2,8,10,0.8
arden,0,10,10,1.0
hypoact,0,10,10,1.0
offtak,10,0,10,0.0
bullfrog,0,10,10,1.0
mwnf,0,10,10,1.0
tak,6,4,10,0.4
soybean,7,3,10,0.3
rustl,1,9,10,0.9
prrogram,0,10,10,1.0
leech,2,8,10,0.8
hoars,0,10,10,1.0
cornucopia,1,9,10,0.9
doublet,0,10,10,1.0
billiken,0,10,10,1.0
styo,0,10,10,1.0
quadro,0,10,10,1.0
ascetic,0,10,10,1.0
iss,2,8,10,0.8
toothpast,2,8,10,0.8
putt,4,6,10,0.6
cothran,10,0,10,0.0
raini,2,8,10,0.8
decarlo,10,0,10,0.0
courtesan,0,10,10,1.0
zadow,10,0,10,0.0
quicki,2,8,10,0.8
berthold,10,0,10,0.0
mino,0,10,10,1.0
overwhelmingli,8,2,10,0.2
maestro,0,10,10,1.0
indivis,0,10,10,1.0
fibr,8,2,10,0.2
demolit,0,10,10,1.0
sed,0,10,10,1.0
nullifi,5,5,10,0.5
turboexcit,0,10,10,1.0
ampex,0,10,10,1.0
pantherish,0,10,10,1.0
balki,0,10,10,1.0
soignet,10,0,10,0.0
abdallat,0,10,10,1.0
cycad,0,10,10,1.0
projeto,0,10,10,1.0
hv,1,9,10,0.9
coskin,0,10,10,1.0
zillion,1,9,10,0.9
visualinformatica,0,10,10,1.0
tonsil,1,9,10,0.9
careworn,0,10,10,1.0
malleabl,0,10,10,1.0
rection,0,10,10,1.0
erb,0,10,10,1.0
careless,4,6,10,0.6
dieti,0,10,10,1.0
bonnard,10,0,10,0.0
bnycp,10,0,10,0.0
vener,1,9,10,0.9
blocklist,0,10,10,1.0
inductor,0,10,10,1.0
hiya,0,10,10,1.0
segura,6,4,10,0.4
impun,1,9,10,0.9
ghent,0,10,10,1.0
treinamento,0,10,10,1.0
attun,0,10,10,1.0
canaco,0,10,10,1.0
sonra,0,10,10,1.0
muddlehead,0,10,10,1.0
faltinsen,10,0,10,0.0
gainer,8,2,10,0.2
kpc,2,8,10,0.8
gripe,2,8,10,0.8
winn,6,4,10,0.4
ctb,0,10,10,1.0
ajax,3,7,10,0.7
termit,0,10,10,1.0
disinclin,6,4,10,0.4
hmn,0,10,10,1.0
committeewomen,0,10,10,1.0
spurn,3,7,10,0.7
rosale,10,0,10,0.0
xualpow,0,10,10,1.0
bayda,0,10,10,1.0
grimaldi,0,10,10,1.0
therxshop,0,10,10,1.0
backplat,0,10,10,1.0
homosexu,1,9,10,0.9
umpir,0,10,10,1.0
xpbrprofession,0,10,10,1.0
adriat,0,10,10,1.0
coronari,0,10,10,1.0
nuevament,0,10,10,1.0
garth,0,10,10,1.0
odyssey,1,9,10,0.9
birdbath,0,10,10,1.0
aldermen,0,10,10,1.0
ys,1,9,10,0.9
deltoid,0,10,10,1.0
broadest,7,3,10,0.3
bianchi,10,0,10,0.0
oaxaqueo,0,10,10,1.0
fuell,9,1,10,0.1
cyclotron,0,10,10,1.0
influx,3,7,10,0.7
dunlap,1,9,10,0.9
electress,0,10,10,1.0
amw,10,0,10,0.0
watchmak,0,10,10,1.0
radcliff,0,10,10,1.0
smartphon,0,10,10,1.0
sulfat,0,10,10,1.0
cinerama,0,10,10,1.0
rahim,5,5,10,0.5
aminoglycosid,0,10,10,1.0
ondreko,10,0,10,0.0
condescens,0,10,10,1.0
coia,0,10,10,1.0
hammerschmidt,10,0,10,0.0
diorama,0,10,10,1.0
budgetari,1,9,10,0.9
fang,5,5,10,0.5
posta,0,10,10,1.0
foibl,2,8,10,0.8
bleari,0,10,10,1.0
upstat,0,10,10,1.0
wisecrack,1,9,10,0.9
unspecifi,7,3,10,0.3
tangenti,5,5,10,0.5
bilharziasi,0,10,10,1.0
asper,0,10,10,1.0
myofibril,0,10,10,1.0
conjoin,0,10,10,1.0
calamu,0,10,10,1.0
squad,0,10,10,1.0
daybreak,1,9,10,0.9
lookout,2,8,10,0.8
bangladesh,0,10,10,1.0
votaw,10,0,10,0.0
dineen,10,0,10,0.0
phosphoru,1,9,10,0.9
ntiaiiti,0,10,10,1.0
bullfinch,0,10,10,1.0
ejercicio,0,10,10,1.0
slaga,0,10,10,1.0
statesman,5,5,10,0.5
kimberlit,0,10,10,1.0
hoof,0,10,10,1.0
ener,1,9,10,0.9
tenn,10,0,10,0.0
rekindl,7,3,10,0.3
sorkin,10,0,10,0.0
topanga,2,8,10,0.8
charlemagn,0,10,10,1.0
extrud,0,10,10,1.0
ante,0,10,10,1.0
indexv,0,10,10,1.0
ellstrom,10,0,10,0.0
sbl,4,6,10,0.6
erich,3,7,10,0.7
marol,10,0,10,0.0
crystallin,0,10,10,1.0
rib,0,10,10,1.0
ingrown,0,10,10,1.0
estoqu,0,10,10,1.0
moonlight,5,5,10,0.5
haggard,1,9,10,0.9
fanfar,2,8,10,0.8
bubert,10,0,10,0.0
whack,2,8,10,0.8
thaihotel,0,10,10,1.0
rollin,9,1,10,0.1
charlottesvil,0,10,10,1.0
esmeralda,8,2,10,0.2
cma,1,9,10,0.9
indepth,0,10,10,1.0
accumulativ,0,10,10,1.0
acer,0,10,10,1.0
warden,2,8,10,0.8
honeyweil,0,10,10,1.0
uncensor,0,10,10,1.0
cftc,10,0,10,0.0
brewster,4,6,10,0.6
syria,3,7,10,0.7
mrut,0,10,10,1.0
maue,10,0,10,0.0
horsewomen,0,10,10,1.0
maliss,0,10,10,1.0
jerki,0,10,10,1.0
caiman,0,10,10,1.0
dour,1,9,10,0.9
comentario,0,10,10,1.0
fino,1,9,10,0.9
interess,0,10,10,1.0
scrutabl,0,10,10,1.0
pernoud,10,0,10,0.0
wcg,10,0,10,0.0
dresdner,10,0,10,0.0
confidenci,0,10,10,1.0
salem,3,7,10,0.7
markup,10,0,10,0.0
fibonacci,0,10,10,1.0
icin,0,10,10,1.0
fawn,3,7,10,0.7
bpet,0,10,10,1.0
escribir,0,10,10,1.0
diabolarch,0,10,10,1.0
withstood,4,6,10,0.6
roadway,3,7,10,0.7
nexi,9,1,10,0.1
cursori,2,8,10,0.8
bogl,0,10,10,1.0
cedilla,0,10,10,1.0
electrocardiogram,0,10,10,1.0
brigad,0,10,10,1.0
erilneed,0,10,10,1.0
chalet,0,10,10,1.0
chalic,0,10,10,1.0
cadav,0,10,10,1.0
emmett,2,8,10,0.8
goughari,10,0,10,0.0
lodi,10,0,10,0.0
animos,1,9,10,0.9
tuo,0,10,10,1.0
saxoni,0,10,10,1.0
ogden,5,5,10,0.5
masterpiec,0,10,10,1.0
cred,0,10,10,1.0
drumhead,0,10,10,1.0
backscatt,0,10,10,1.0
mett,10,0,10,0.0
usurp,2,8,10,0.8
ucd,0,10,10,1.0
celeri,0,10,10,1.0
eject,2,8,10,0.8
anorth,0,10,10,1.0
kerrigan,10,0,10,0.0
kasturi,10,0,10,0.0
truman,3,7,10,0.7
chave,2,8,10,0.8
auriga,0,10,10,1.0
alexandr,0,10,10,1.0
pluck,4,6,10,0.6
memoryimprov,0,10,10,1.0
threet,10,0,10,0.0
bologna,0,10,10,1.0
coeffici,3,7,10,0.7
cosmolog,0,10,10,1.0
spheroid,0,10,10,1.0
newfoundland,4,6,10,0.6
sequent,6,4,10,0.4
ductwork,0,10,10,1.0
whore,0,10,10,1.0
rolodex,10,0,10,0.0
ancestor,0,10,10,1.0
mudd,5,5,10,0.5
fecha,0,10,10,1.0
mohawk,5,5,10,0.5
pang,0,10,10,1.0
butterfat,0,10,10,1.0
agri,7,3,10,0.3
faustu,0,10,10,1.0
blackwel,0,10,10,1.0
glan,0,10,10,1.0
collaboratori,10,0,10,0.0
domesday,0,10,10,1.0
cameraman,1,9,10,0.9
urplea,0,10,10,1.0
farcic,3,7,10,0.7
mgi,10,0,10,0.0
philanthropi,1,9,10,0.9
resorb,0,10,10,1.0
raptur,0,10,10,1.0
vertebr,0,10,10,1.0
liff,8,2,10,0.2
midyear,10,0,10,0.0
balzac,0,10,10,1.0
conro,10,0,10,0.0
trad,1,9,10,0.9
quicknet,0,10,10,1.0
cpia,0,10,10,1.0
earnestli,1,9,10,0.9
tntg,0,10,10,1.0
iliad,0,10,10,1.0
charon,0,10,10,1.0
apri,1,9,10,0.9
vprx,0,10,10,1.0
hanz,8,2,10,0.2
parlanc,0,10,10,1.0
leaven,0,10,10,1.0
mullen,2,8,10,0.8
huston,5,5,10,0.5
douro,0,10,10,1.0
kannst,0,10,10,1.0
crutch,0,10,10,1.0
sll,0,10,10,1.0
ordinarili,7,3,10,0.3
hoshino,10,0,10,0.0
parboil,0,10,10,1.0
alcov,0,10,10,1.0
gunfir,0,10,10,1.0
caustic,0,10,10,1.0
teaspoon,0,10,10,1.0
quercetin,0,10,10,1.0
sebastian,3,7,10,0.7
bassinet,0,10,10,1.0
aspart,0,10,10,1.0
allig,0,10,10,1.0
grayson,0,10,10,1.0
igottohavethisnow,0,10,10,1.0
demoniac,0,10,10,1.0
dayton,2,8,10,0.8
ubiquit,2,8,10,0.8
bge,10,0,10,0.0
druid,0,10,10,1.0
snowi,6,4,10,0.4
csu,10,0,10,0.0
pharmsho,0,10,10,1.0
pharmaceu,0,10,10,1.0
legion,3,7,10,0.7
showpiec,2,8,10,0.8
dragonhead,0,10,10,1.0
tyrann,0,10,10,1.0
gti,10,0,10,0.0
bigot,0,10,10,1.0
dvn,10,0,10,0.0
ganguzza,10,0,10,0.0
bendix,0,10,10,1.0
lineinc,0,10,10,1.0
fullerton,0,10,10,1.0
bile,0,10,10,1.0
socrat,2,8,10,0.8
deaf,2,8,10,0.8
viag,0,10,10,1.0
rashe,0,10,10,1.0
fiberboard,0,10,10,1.0
freaki,1,9,10,0.9
handwatch,0,10,10,1.0
intest,0,10,10,1.0
cheeki,0,10,10,1.0
contrato,0,10,10,1.0
febuari,2,8,10,0.8
afar,2,8,10,0.8
sonnenberg,10,0,10,0.0
cowardic,0,10,10,1.0
phonolog,0,10,10,1.0
accusatori,0,10,10,1.0
ealz,0,10,10,1.0
harrow,2,8,10,0.8
misra,10,0,10,0.0
buscador,0,10,10,1.0
dernehl,10,0,10,0.0
taller,0,10,10,1.0
malari,0,10,10,1.0
bipolar,0,10,10,1.0
loaf,1,9,10,0.9
sham,4,6,10,0.6
hemoglobin,0,10,10,1.0
expressiy,0,10,10,1.0
conqueror,0,10,10,1.0
tonerevers,0,10,10,1.0
freeston,3,7,10,0.7
hirko,10,0,10,0.0
dealership,1,9,10,0.9
giraff,6,4,10,0.4
diaphragm,0,10,10,1.0
illog,0,10,10,1.0
buckboard,0,10,10,1.0
palatin,0,10,10,1.0
hoe,2,8,10,0.8
droll,1,9,10,0.9
thousa,0,10,10,1.0
manger,7,3,10,0.3
collegian,0,10,10,1.0
pwx,10,0,10,0.0
glendal,3,7,10,0.7
unanticip,7,3,10,0.3
reiief,0,10,10,1.0
robyn,9,1,10,0.1
electrifi,1,9,10,0.9
canberra,0,10,10,1.0
nazi,2,8,10,0.8
modu,1,9,10,0.9
bottommost,0,10,10,1.0
counterexampl,0,10,10,1.0
joaquin,3,7,10,0.7
primit,2,8,10,0.8
hord,3,7,10,0.7
abrad,0,10,10,1.0
seamlessli,4,6,10,0.6
everglad,0,10,10,1.0
hesperidin,0,10,10,1.0
wildcat,1,9,10,0.9
rfuler,0,10,10,1.0
poindext,10,0,10,0.0
chemisorpt,0,10,10,1.0
gullibl,3,7,10,0.7
paulu,0,10,10,1.0
paralysi,2,8,10,0.8
agress,9,1,10,0.1
oxan,10,0,10,0.0
dressmak,0,10,10,1.0
deux,0,10,10,1.0
duls,0,10,10,1.0
marginalia,0,10,10,1.0
garantía,0,10,10,1.0
brillouin,0,10,10,1.0
longley,10,0,10,0.0
commiser,0,10,10,1.0
dement,0,10,10,1.0
goldfinch,0,10,10,1.0
antigen,1,9,10,0.9
canneri,0,10,10,1.0
conneticut,10,0,10,0.0
phew,10,0,10,0.0
coddin,0,10,10,1.0
pane,5,5,10,0.5
yor,0,10,10,1.0
cordit,0,10,10,1.0
obligatori,5,5,10,0.5
taxonomi,4,6,10,0.6
aleph,0,10,10,1.0
reich,0,10,10,1.0
prescott,1,9,10,0.9
pix,1,9,10,0.9
kat,0,10,10,1.0
briar,1,9,10,0.9
farley,2,8,10,0.8
dicotyledon,0,10,10,1.0
lanki,0,10,10,1.0
hydrophobia,0,10,10,1.0
avarici,0,10,10,1.0
findest,1,9,10,0.9
hw,3,7,10,0.7
bernini,2,8,10,0.8
kuehn,10,0,10,0.0
derrier,0,10,10,1.0
carboy,0,10,10,1.0
interestingli,8,2,10,0.2
otal,0,10,10,1.0
bebould,0,10,10,1.0
serg,0,10,10,1.0
amanuensi,0,10,10,1.0
fnpr,0,10,10,1.0
vlaams,0,10,10,1.0
transient,1,9,10,0.9
outbid,5,5,10,0.5
buttonhol,0,10,10,1.0
grassi,0,10,10,1.0
ksiazki,10,0,10,0.0
electrophoresi,0,10,10,1.0
siberia,0,10,10,1.0
adulteri,0,10,10,1.0
logician,0,10,10,1.0
gerson,2,8,10,0.8
bilay,0,10,10,1.0
realarcad,0,10,10,1.0
distilleri,0,10,10,1.0
concomit,2,8,10,0.8
reorder,0,10,10,1.0
dazu,0,10,10,1.0
vehicular,0,10,10,1.0
iota,4,6,10,0.6
pigeonhol,0,10,10,1.0
vagr,0,10,10,1.0
icicl,0,10,10,1.0
bemadden,0,10,10,1.0
riesz,10,0,10,0.0
meer,6,4,10,0.4
anticipatori,2,8,10,0.8
nato,4,6,10,0.6
stevia,0,10,10,1.0
cadmium,2,8,10,0.8
beirut,0,10,10,1.0
,0,10,10,1.0
moreira,10,0,10,0.0
atwood,1,9,10,0.9
deathb,0,10,10,1.0
jaki,10,0,10,0.0
vouch,2,8,10,0.8
paranoia,4,6,10,0.6
wafer,0,10,10,1.0
coprinu,0,10,10,1.0
adword,0,10,10,1.0
anselmo,0,10,10,1.0
dangl,0,10,10,1.0
licarion,10,0,10,0.0
blum,0,10,10,1.0
pastur,5,5,10,0.5
ctrl,3,7,10,0.7
rishad,10,0,10,0.0
electrolysi,0,10,10,1.0
giuliani,10,0,10,0.0
armco,0,10,10,1.0
maxmoolah,0,10,10,1.0
chey,0,10,10,1.0
stagi,0,10,10,1.0
shandong,0,10,10,1.0
michelson,0,10,10,1.0
tsang,2,8,10,0.8
irismmack,10,0,10,0.0
khoja,10,0,10,0.0
spitfir,0,10,10,1.0
organizar,0,10,10,1.0
inga,9,1,10,0.1
peebl,10,0,10,0.0
litt,4,6,10,0.6
restaurateur,0,10,10,1.0
droplet,0,10,10,1.0
birdlik,0,10,10,1.0
fbgo,0,10,10,1.0
backhaul,10,0,10,0.0
bullwhack,0,10,10,1.0
estudiant,0,10,10,1.0
cosmopolitan,1,9,10,0.9
coor,1,9,10,0.9
yj,2,8,10,0.8
indefens,3,7,10,0.7
buxton,0,10,10,1.0
baseband,0,10,10,1.0
rsausa,10,0,10,0.0
llgm,10,0,10,0.0
ssi,1,9,10,0.9
mypersonalnirvana,0,10,10,1.0
contralto,0,10,10,1.0
furiou,5,5,10,0.5
contemporan,1,9,10,0.9
catti,0,10,10,1.0
stuckey,10,0,10,0.0
chuzzl,0,10,10,1.0
marian,8,2,10,0.2
vertex,0,10,10,1.0
bigelow,1,9,10,0.9
roswel,8,2,10,0.2
wirelessiy,0,10,10,1.0
egocentr,0,10,10,1.0
traine,4,6,10,0.6
overshadow,9,1,10,0.1
prognost,1,9,10,0.9
broomfield,10,0,10,0.0
pantri,0,10,10,1.0
zb,0,10,10,1.0
netwar,10,0,10,0.0
anto,0,10,10,1.0
muench,10,0,10,0.0
runaway,1,9,10,0.9
appliqu,0,10,10,1.0
rcvd,0,10,10,1.0
dunbar,4,6,10,0.6
cranberri,1,9,10,0.9
minnow,3,7,10,0.7
contravari,0,10,10,1.0
loth,0,10,10,1.0
digwe,0,10,10,1.0
solicitar,0,10,10,1.0
formica,0,10,10,1.0
hopper,6,4,10,0.4
rotterdam,6,4,10,0.4
bulblet,0,10,10,1.0
eclect,0,10,10,1.0
dirichlet,0,10,10,1.0
sidearm,0,10,10,1.0
midrang,0,10,10,1.0
cameroun,0,10,10,1.0
flue,0,10,10,1.0
celi,0,10,10,1.0
playa,1,9,10,0.9
thyroid,0,10,10,1.0
aficionado,0,10,10,1.0
kponton,10,0,10,0.0
diffractomet,0,10,10,1.0
baro,0,10,10,1.0
gangplank,0,10,10,1.0
bil,9,1,10,0.1
stamm,10,0,10,0.0
destinatair,6,4,10,0.4
celular,0,10,10,1.0
agricola,0,10,10,1.0
discours,2,8,10,0.8
depred,0,10,10,1.0
febrero,0,10,10,1.0
cacm,0,10,10,1.0
beefsteak,0,10,10,1.0
uproot,0,10,10,1.0
monoton,1,9,10,0.9
blennioid,0,10,10,1.0
silica,4,6,10,0.6
queu,5,5,10,0.5
medial,0,10,10,1.0
moron,0,10,10,1.0
hec,8,2,10,0.2
urjc,0,10,10,1.0
greeter,10,0,10,0.0
yaeger,10,0,10,0.0
cornet,0,10,10,1.0
shalwar,0,10,10,1.0
atreu,0,10,10,1.0
selbst,0,10,10,1.0
wesner,10,0,10,0.0
governmenta,0,10,10,1.0
basetel,0,10,10,1.0
combiplay,0,10,10,1.0
technew,0,10,10,1.0
desecr,0,10,10,1.0
hamlet,0,10,10,1.0
scabbard,0,10,10,1.0
goodwin,1,9,10,0.9
gatwick,10,0,10,0.0
calidad,0,10,10,1.0
walaa,0,10,10,1.0
jeep,1,9,10,0.9
jot,7,3,10,0.3
netcom,10,0,10,0.0
comello,10,0,10,0.0
featherweight,0,10,10,1.0
cameo,1,9,10,0.9
typifi,1,9,10,0.9
gastineau,10,0,10,0.0
knott,7,3,10,0.3
kemm,10,0,10,0.0
qkerr,10,0,10,0.0
campus,9,1,10,0.1
battalion,0,10,10,1.0
pecan,3,7,10,0.7
chelat,0,10,10,1.0
calumet,0,10,10,1.0
contractua,0,10,10,1.0
searchiengin,0,10,10,1.0
golli,3,7,10,0.7
cayley,0,10,10,1.0
seyo,0,10,10,1.0
scapegoat,4,6,10,0.6
shorthand,1,9,10,0.9
wondrou,0,10,10,1.0
lebanes,0,10,10,1.0
splinteri,0,10,10,1.0
sightse,1,9,10,0.9
abierta,0,10,10,1.0
purifi,2,8,10,0.8
orangutan,0,10,10,1.0
alimani,0,10,10,1.0
ossi,0,10,10,1.0
dtl,10,0,10,0.0
beltway,10,0,10,0.0
pillmong,0,10,10,1.0
spectrasensor,0,10,10,1.0
defec,0,10,10,1.0
adi,1,9,10,0.9
chomp,0,10,10,1.0
caseyvil,0,10,10,1.0
neckti,0,10,10,1.0
lotteria,0,10,10,1.0
enertel,0,10,10,1.0
berenson,10,0,10,0.0
ratif,9,1,10,0.1
bothwel,10,0,10,0.0
standardandpoor,10,0,10,0.0
tti,0,10,10,1.0
bridgehead,0,10,10,1.0
meticul,4,6,10,0.6
teesid,10,0,10,0.0
mastectomi,0,10,10,1.0
houstonstreet,10,0,10,0.0
molina,0,10,10,1.0
otani,10,0,10,0.0
cardioid,0,10,10,1.0
deconvolv,0,10,10,1.0
almedz,0,10,10,1.0
ferment,0,10,10,1.0
peyron,0,10,10,1.0
ightn,0,10,10,1.0
metamorphos,2,8,10,0.8
cov,10,0,10,0.0
piss,5,5,10,0.5
pictori,2,8,10,0.8
miiitari,0,10,10,1.0
kindl,1,9,10,0.9
gangster,0,10,10,1.0
underdog,6,4,10,0.4
mnima,0,10,10,1.0
canoscan,0,10,10,1.0
mariticid,0,10,10,1.0
viagraa,0,10,10,1.0
prodig,0,10,10,1.0
slaughterhous,0,10,10,1.0
toodl,0,10,10,1.0
steward,2,8,10,0.8
auma,10,0,10,0.0
ulcer,0,10,10,1.0
cockroach,3,7,10,0.7
brxp,0,10,10,1.0
emend,0,10,10,1.0
cantl,0,10,10,1.0
filibust,0,10,10,1.0
housework,1,9,10,0.9
numb,2,8,10,0.8
malfunct,5,5,10,0.5
savannah,5,5,10,0.5
rawmnv,0,10,10,1.0
collinear,0,10,10,1.0
militar,0,10,10,1.0
weightbuild,0,10,10,1.0
evisp,0,10,10,1.0
qp,0,10,10,1.0
charisma,0,10,10,1.0
breakpoint,3,7,10,0.7
amper,0,10,10,1.0
bloodhound,0,10,10,1.0
backboard,0,10,10,1.0
salami,0,10,10,1.0
troch,10,0,10,0.0
utica,0,10,10,1.0
equatori,1,9,10,0.9
elmhurst,0,10,10,1.0
propuesta,0,10,10,1.0
probationari,10,0,10,0.0
cardroom,0,10,10,1.0
verdict,4,6,10,0.6
untold,7,3,10,0.3
mina,9,1,10,0.1
offlet,0,10,10,1.0
admitt,0,10,10,1.0
autopsi,1,9,10,0.9
abqqw,0,10,10,1.0
vendetta,0,10,10,1.0
muriel,6,4,10,0.4
bismarck,0,10,10,1.0
spew,2,8,10,0.8
minimis,10,0,10,0.0
alfresco,0,10,10,1.0
rhapsod,3,7,10,0.7
scrupl,0,10,10,1.0
thereund,8,2,10,0.2
alluvi,0,10,10,1.0
browni,1,9,10,0.9
goeth,0,10,10,1.0
marron,10,0,10,0.0
coccerin,0,10,10,1.0
blomquist,0,10,10,1.0
cowslip,0,10,10,1.0
sushi,3,7,10,0.7
southernpol,0,10,10,1.0
massand,0,10,10,1.0
markedli,10,0,10,0.0
emascul,0,10,10,1.0
cipa,0,10,10,1.0
sunscreen,0,10,10,1.0
threesom,0,10,10,1.0
ptufano,10,0,10,0.0
kane,3,7,10,0.7
bibb,0,10,10,1.0
designshop,10,0,10,0.0
sampson,3,7,10,0.7
youour,0,10,10,1.0
catbird,0,10,10,1.0
sofa,4,6,10,0.6
cooney,10,0,10,0.0
mayher,10,0,10,0.0
scrawni,0,10,10,1.0
bhex,0,10,10,1.0
comercial,0,10,10,1.0
ctaee,10,0,10,0.0
ambush,0,10,10,1.0
personel,4,6,10,0.6
jackboot,0,10,10,1.0
winton,0,10,10,1.0
wig,0,10,10,1.0
beribbon,0,10,10,1.0
additon,9,1,10,0.1
corrobore,0,10,10,1.0
stash,0,10,10,1.0
femin,0,10,10,1.0
cityscap,0,10,10,1.0
moloss,0,10,10,1.0
pummel,6,4,10,0.4
troubh,10,0,10,0.0
ibl,0,10,10,1.0
gx,3,7,10,0.7
semihard,0,10,10,1.0
psicologia,0,10,10,1.0
breviti,0,10,10,1.0
feki,0,10,10,1.0
pigskin,0,10,10,1.0
catalysi,0,10,10,1.0
eeri,1,9,10,0.9
delinea,0,10,10,1.0
pancho,0,10,10,1.0
tse,6,4,10,0.4
veriti,1,9,10,0.9
scotiabank,0,10,10,1.0
msmail,2,8,10,0.8
concav,0,10,10,1.0
chinatown,0,10,10,1.0
cardiolog,0,10,10,1.0
anamorph,0,10,10,1.0
verlfi,0,10,10,1.0
sonnet,0,10,10,1.0
nevv,0,10,10,1.0
fisk,1,9,10,0.9
unconsci,1,9,10,0.9
latenc,6,4,10,0.4
squishi,0,10,10,1.0
margeri,0,10,10,1.0
bellboy,0,10,10,1.0
danub,0,10,10,1.0
trent,6,4,10,0.4
igreja,0,10,10,1.0
fiash,0,10,10,1.0
profan,1,9,10,0.9
coextens,0,10,10,1.0
já,0,10,10,1.0
bismark,0,10,10,1.0
hock,5,5,10,0.5
changeov,4,6,10,0.6
kahl,8,2,10,0.2
ariv,0,10,10,1.0
blackfeet,0,10,10,1.0
schomer,10,0,10,0.0
schenck,10,0,10,0.0
panti,0,10,10,1.0
cdsnet,0,10,10,1.0
quadrangular,0,10,10,1.0
bergland,0,10,10,1.0
reconnaiss,2,8,10,0.8
pbl,1,9,10,0.9
dragoon,0,10,10,1.0
agleam,0,10,10,1.0
sami,8,2,10,0.2
balletoman,0,10,10,1.0
poultri,2,8,10,0.8
supereva,0,10,10,1.0
hyvl,10,0,10,0.0
letl,0,10,10,1.0
briberi,1,9,10,0.9
pittsburg,1,9,10,0.9
chinchilla,0,10,10,1.0
freefal,10,0,10,0.0
affric,0,10,10,1.0
naiveti,0,10,10,1.0
aj,0,10,10,1.0
biennium,0,10,10,1.0
bij,0,10,10,1.0
effer,0,10,10,1.0
proddl,0,10,10,1.0
susann,4,6,10,0.6
rxrock,0,10,10,1.0
egot,0,10,10,1.0
ksign,0,10,10,1.0
donreidl,10,0,10,0.0
riva,8,2,10,0.2
geneviev,0,10,10,1.0
eyewit,1,9,10,0.9
dioxin,0,10,10,1.0
zelfstandig,0,10,10,1.0
disciplinarian,0,10,10,1.0
national,1,9,10,0.9
circumcircl,0,10,10,1.0
ribeiro,9,1,10,0.1
gunsl,0,10,10,1.0
pharmshop,0,10,10,1.0
posibilidad,0,10,10,1.0
pantheon,0,10,10,1.0
apparantli,10,0,10,0.0
heartbeat,3,7,10,0.7
tq,2,8,10,0.8
misha,6,4,10,0.4
allegretti,10,0,10,0.0
resourcestock,0,10,10,1.0
intellect,0,10,10,1.0
yamin,10,0,10,0.0
mth,6,4,10,0.4
uscard,0,10,10,1.0
psu,9,1,10,0.1
sling,1,9,10,0.9
oversaw,10,0,10,0.0
stt,1,9,10,0.9
fergu,8,2,10,0.2
archdioces,0,10,10,1.0
menor,0,10,10,1.0
adem,1,9,10,0.9
miki,1,9,10,0.9
brandarama,0,10,10,1.0
dorothea,3,7,10,0.7
hannib,0,10,10,1.0
rnoney,0,10,10,1.0
fulfiil,0,10,10,1.0
polach,10,0,10,0.0
rehears,1,9,10,0.9
massif,0,10,10,1.0
bze,0,10,10,1.0
gnome,4,6,10,0.6
tilghman,10,0,10,0.0
laymen,4,6,10,0.6
aenea,0,10,10,1.0
bpd,4,6,10,0.6
giver,2,8,10,0.8
lambino,0,10,10,1.0
repositori,5,5,10,0.5
clinician,0,10,10,1.0
ait,1,9,10,0.9
oin,0,10,10,1.0
vecchio,10,0,10,0.0
soopang,10,0,10,0.0
earthmen,0,10,10,1.0
pelvi,0,10,10,1.0
cubicl,9,1,10,0.1
aureliu,0,10,10,1.0
monad,0,10,10,1.0
hymn,0,10,10,1.0
standart,0,10,10,1.0
bitterli,7,3,10,0.3
ammoniac,0,10,10,1.0
monsieur,0,10,10,1.0
bearer,7,3,10,0.3
cashaw,0,10,10,1.0
chattel,0,10,10,1.0
heft,0,10,10,1.0
oko,0,10,10,1.0
pharmsh,0,10,10,1.0
spciaux,0,10,10,1.0
embellish,1,9,10,0.9
tillison,10,0,10,0.0
leedervil,0,10,10,1.0
adjud,2,8,10,0.8
madonna,0,10,10,1.0
allegro,0,10,10,1.0
limpid,0,10,10,1.0
deuc,0,10,10,1.0
wilk,3,7,10,0.7
nutat,0,10,10,1.0
napkin,0,10,10,1.0
anabol,0,10,10,1.0
erg,4,6,10,0.6
kpaakaula,10,0,10,0.0
selzer,10,0,10,0.0
aboveground,0,10,10,1.0
ramaswami,10,0,10,0.0
jostl,0,10,10,1.0
malpractic,4,6,10,0.6
visag,0,10,10,1.0
pelvic,0,10,10,1.0
citru,0,10,10,1.0
hanagriff,10,0,10,0.0
latham,10,0,10,0.0
hangar,6,4,10,0.4
ggo,0,10,10,1.0
curlew,0,10,10,1.0
ethylen,5,5,10,0.5
bromfield,0,10,10,1.0
diaphan,0,10,10,1.0
kosten,0,10,10,1.0
brini,0,10,10,1.0
vocabulari,3,7,10,0.7
bookshelv,0,10,10,1.0
catabol,0,10,10,1.0
cheapli,4,6,10,0.6
badger,0,10,10,1.0
ingeni,0,10,10,1.0
paneiiz,0,10,10,1.0
penuri,0,10,10,1.0
aroma,0,10,10,1.0
granni,0,10,10,1.0
foal,0,10,10,1.0
upsw,0,10,10,1.0
bygon,0,10,10,1.0
quench,0,10,10,1.0
arenac,0,10,10,1.0
tediou,1,9,10,0.9
seafood,2,8,10,0.8
chromosom,0,10,10,1.0
eunet,0,10,10,1.0
sammi,2,8,10,0.8
nwpl,10,0,10,0.0
securitis,10,0,10,0.0
cyclad,0,10,10,1.0
botswana,0,10,10,1.0
algal,0,10,10,1.0
karim,7,3,10,0.3
mink,0,10,10,1.0
cheapsoft,0,10,10,1.0
chivalr,0,10,10,1.0
tabu,0,10,10,1.0
edson,10,0,10,0.0
spectron,10,0,10,0.0
turori,0,10,10,1.0
knippa,10,0,10,0.0
codeiln,0,10,10,1.0
scourg,0,10,10,1.0
fh,2,8,10,0.8
bacillu,0,10,10,1.0
scuffl,0,10,10,1.0
malwar,0,10,10,1.0
qv,6,4,10,0.4
pax,1,9,10,0.9
apyras,0,10,10,1.0
zeehaven,0,10,10,1.0
admerch,0,10,10,1.0
trio,4,6,10,0.6
scalp,0,10,10,1.0
mxserver,0,10,10,1.0
zeman,10,0,10,0.0
adject,1,9,10,0.9
commissari,0,10,10,1.0
ambival,0,10,10,1.0
lni,0,10,10,1.0
funk,4,6,10,0.6
desiderata,0,10,10,1.0
rg,0,10,10,1.0
hieroglyph,0,10,10,1.0
domicilio,0,10,10,1.0
kontakt,5,5,10,0.5
gough,10,0,10,0.0
aptitud,1,9,10,0.9
xv,0,10,10,1.0
righteou,0,10,10,1.0
archbishop,0,10,10,1.0
cavalri,0,10,10,1.0
mettlesom,0,10,10,1.0
corduroy,0,10,10,1.0
sike,8,2,10,0.2
woefulli,10,0,10,0.0
ecm,10,0,10,0.0
fel,9,1,10,0.1
knot,2,8,10,0.8
affus,0,10,10,1.0
aquascutum,0,10,10,1.0
almanac,0,10,10,1.0
nielsen,5,5,10,0.5
acuiti,0,10,10,1.0
kase,10,0,10,0.0
phenylalanin,0,10,10,1.0
sensori,0,10,10,1.0
haulag,0,10,10,1.0
hocu,0,10,10,1.0
munoz,7,3,10,0.3
contrapt,1,9,10,0.9
inexplicit,0,10,10,1.0
eskimo,0,10,10,1.0
hurwitz,2,8,10,0.8
resubmit,8,2,10,0.2
bemus,0,10,10,1.0
camelback,0,10,10,1.0
puf,5,5,10,0.5
babyhood,0,10,10,1.0
daemon,0,10,10,1.0
laird,10,0,10,0.0
blackman,0,10,10,1.0
matriarch,0,10,10,1.0
gtsak,0,10,10,1.0
bacchu,2,8,10,0.8
winchest,0,10,10,1.0
flown,5,5,10,0.5
bivin,10,0,10,0.0
oilshal,0,10,10,1.0
yq,0,10,10,1.0
raiser,9,1,10,0.1
thwart,6,4,10,0.4
byer,1,9,10,0.9
demetrio,10,0,10,0.0
puccini,0,10,10,1.0
halifax,0,10,10,1.0
porfirio,0,10,10,1.0
cinder,0,10,10,1.0
neufeld,10,0,10,0.0
admix,0,10,10,1.0
mercilessli,0,10,10,1.0
cliickk,0,10,10,1.0
sinus,0,10,10,1.0
partl,0,10,10,1.0
tribal,3,7,10,0.7
rpo,10,0,10,0.0
wjjzz,0,10,10,1.0
frankmul,0,10,10,1.0
lmg,0,10,10,1.0
probatria,0,10,10,1.0
gremlin,0,10,10,1.0
farthest,2,8,10,0.8
taoist,0,10,10,1.0
curricula,0,10,10,1.0
screwbal,0,10,10,1.0
pretext,5,5,10,0.5
burney,0,10,10,1.0
biaxial,0,10,10,1.0
steph,2,8,10,0.8
cockatoo,0,10,10,1.0
genoil,10,0,10,0.0
superintend,2,8,10,0.8
rotor,4,6,10,0.6
bractiv,0,10,10,1.0
basilisk,0,10,10,1.0
trk,1,9,10,0.9
¥,0,10,10,1.0
bask,3,7,10,0.7
melvin,2,8,10,0.8
essentia,0,10,10,1.0
gash,0,10,10,1.0
creditcard,0,10,10,1.0
versen,10,0,10,0.0
fungu,0,10,10,1.0
easygo,0,10,10,1.0
squeak,5,5,10,0.5
lethal,2,8,10,0.8
masoch,0,10,10,1.0
wimberley,10,0,10,0.0
scant,6,4,10,0.4
cloy,0,10,10,1.0
farina,3,7,10,0.7
dziekuj,10,0,10,0.0
smolder,3,7,10,0.7
finn,0,10,10,1.0
bluet,0,10,10,1.0
aplica,0,10,10,1.0
quaint,3,7,10,0.7
opf,10,0,10,0.0
bitran,10,0,10,0.0
beasti,0,10,10,1.0
grandstand,2,8,10,0.8
lanquag,0,10,10,1.0
cerisoli,10,0,10,0.0
sloppi,5,5,10,0.5
aminobenzo,0,10,10,1.0
paraffin,0,10,10,1.0
scoria,0,10,10,1.0
deaco,0,10,10,1.0
imprim,0,10,10,1.0
quadrillion,0,10,10,1.0
biennial,1,9,10,0.9
clickathomepilot,10,0,10,0.0
mehrer,10,0,10,0.0
dal,7,3,10,0.3
candelabra,0,10,10,1.0
reconstitut,5,5,10,0.5
iodin,0,10,10,1.0
cowpea,0,10,10,1.0
condition,7,3,10,0.3
marcel,1,9,10,0.9
mccubbin,10,0,10,0.0
winmail,10,0,10,0.0
conjugaci,0,10,10,1.0
hyperboloid,0,10,10,1.0
metallurgist,2,8,10,0.8
stray,5,5,10,0.5
pvoa,0,10,10,1.0
noticia,0,10,10,1.0
lamay,10,0,10,0.0
música,0,10,10,1.0
mideast,10,0,10,0.0
adposit,0,10,10,1.0
,0,10,10,1.0
biomiracl,0,10,10,1.0
maier,0,10,10,1.0
zeal,1,9,10,0.9
viern,0,10,10,1.0
leviticu,0,10,10,1.0
johansen,6,4,10,0.4
shopkeep,0,10,10,1.0
indisput,3,7,10,0.7
hoopitup,10,0,10,0.0
reclassif,10,0,10,0.0
janissari,0,10,10,1.0
airedal,0,10,10,1.0
vaigra,0,10,10,1.0
centertrtdfont,0,10,10,1.0
refocu,8,2,10,0.2
proclam,4,6,10,0.6
englewood,1,9,10,0.9
nugatori,0,10,10,1.0
stratospher,5,5,10,0.5
wtx,10,0,10,0.0
delirium,0,10,10,1.0
empresari,0,10,10,1.0
nip,1,9,10,0.9
doubleday,0,10,10,1.0
methuen,1,9,10,0.9
upshot,3,7,10,0.7
norwich,0,10,10,1.0
catnip,0,10,10,1.0
squash,0,10,10,1.0
lce,0,10,10,1.0
commendatori,0,10,10,1.0
petal,0,10,10,1.0
reno,4,6,10,0.6
agatha,2,8,10,0.8
gratuito,0,10,10,1.0
dieldrin,0,10,10,1.0
dorset,1,9,10,0.9
srx,0,10,10,1.0
supraexpress,0,10,10,1.0
blockad,0,10,10,1.0
coneflow,0,10,10,1.0
precipic,1,9,10,0.9
travesti,1,9,10,0.9
bawdi,0,10,10,1.0
tailspin,8,2,10,0.2
domainsforeveryon,0,10,10,1.0
sttatmentt,0,10,10,1.0
fascicl,0,10,10,1.0
seraphim,0,10,10,1.0
biltmor,0,10,10,1.0
economa,0,10,10,1.0
curtsey,0,10,10,1.0
embaras,0,10,10,1.0
cattleman,0,10,10,1.0
libya,0,10,10,1.0
rtu,10,0,10,0.0
blemish,0,10,10,1.0
snsta,0,10,10,1.0
ackley,0,10,10,1.0
aisl,1,9,10,0.9
auspici,0,10,10,1.0
devote,1,9,10,0.9
annunci,0,10,10,1.0
ashland,4,6,10,0.6
tasmania,4,6,10,0.6
plume,0,10,10,1.0
mariano,8,2,10,0.2
vkiagra,0,10,10,1.0
startech,10,0,10,0.0
chipboard,0,10,10,1.0
poco,0,10,10,1.0
jazzfest,10,0,10,0.0
workord,10,0,10,0.0
scem,10,0,10,0.0
chinch,0,10,10,1.0
hommel,10,0,10,0.0
growthwrinkl,0,10,10,1.0
edm,9,1,10,0.1
contabilidad,0,10,10,1.0
flora,0,10,10,1.0
motherless,0,10,10,1.0
caucasu,1,9,10,0.9
paakaula,10,0,10,0.0
lockwood,3,7,10,0.7
parenthet,4,6,10,0.6
pessimum,0,10,10,1.0
creosot,0,10,10,1.0
livr,0,10,10,1.0
boob,1,9,10,0.9
baronet,0,10,10,1.0
usn,1,9,10,0.9
cunt,0,10,10,1.0
showsforeveryon,0,10,10,1.0
thm,0,10,10,1.0
nortelnetwork,10,0,10,0.0
lz,3,7,10,0.7
biddabl,0,10,10,1.0
slough,2,8,10,0.8
desultori,0,10,10,1.0
baubl,0,10,10,1.0
visagraph,0,10,10,1.0
caja,0,10,10,1.0
addressograph,0,10,10,1.0
vlida,0,10,10,1.0
fumig,0,10,10,1.0
electret,0,10,10,1.0
romero,4,6,10,0.6
chloralformamid,0,10,10,1.0
belfer,10,0,10,0.0
tucker,8,2,10,0.2
dessic,0,10,10,1.0
hauler,10,0,10,0.0
shoofli,0,10,10,1.0
vallium,0,10,10,1.0
culinari,0,10,10,1.0
daffodil,0,10,10,1.0
mundial,0,10,10,1.0
knuckl,0,10,10,1.0
calend,9,1,10,0.1
tage,8,2,10,0.2
fayettevil,0,10,10,1.0
pitr,10,0,10,0.0
ucr,0,10,10,1.0
vattenfal,10,0,10,0.0
ote,7,3,10,0.3
compl,2,8,10,0.8
thay,1,9,10,0.9
cheekbon,3,7,10,0.7
expressway,3,7,10,0.7
centrex,1,9,10,0.9
depui,0,10,10,1.0
binocyl,0,10,10,1.0
transatlant,7,3,10,0.3
dere,0,10,10,1.0
slurri,3,7,10,0.7
selam,0,10,10,1.0
concuss,0,10,10,1.0
boni,0,10,10,1.0
shuler,10,0,10,0.0
centrix,0,10,10,1.0
outlay,2,8,10,0.8
lkunkel,10,0,10,0.0
runti,0,10,10,1.0
thicket,4,6,10,0.6
wolfin,10,0,10,0.0
additionaili,0,10,10,1.0
geochem,0,10,10,1.0
crawlspac,0,10,10,1.0
grit,2,8,10,0.8
excuria,0,10,10,1.0
peacemak,1,9,10,0.9
gtha,0,10,10,1.0
faso,0,10,10,1.0
propia,0,10,10,1.0
mccartney,10,0,10,0.0
deflect,5,5,10,0.5
warfar,3,7,10,0.7
aud,7,3,10,0.3
footstep,1,9,10,0.9
safest,4,6,10,0.6
curit,0,10,10,1.0
limperi,10,0,10,0.0
skinnew,0,10,10,1.0
cassiopay,0,10,10,1.0
cvrkamat,10,0,10,0.0
rubbish,1,9,10,0.9
surplus,10,0,10,0.0
inextric,2,8,10,0.8
redman,10,0,10,0.0
lineup,2,8,10,0.8
aeolian,0,10,10,1.0
deixar,0,10,10,1.0
uruguay,0,10,10,1.0
barrick,2,8,10,0.8
malt,0,10,10,1.0
actualizada,0,10,10,1.0
anaglyph,0,10,10,1.0
skygen,10,0,10,0.0
chordata,0,10,10,1.0
ute,2,8,10,0.8
mommi,2,8,10,0.8
arequipa,0,10,10,1.0
stormi,1,9,10,0.9
torqu,2,8,10,0.8
eater,1,9,10,0.9
epstein,6,4,10,0.4
hsr,10,0,10,0.0
avea,0,10,10,1.0
pancak,1,9,10,0.9
axolotl,0,10,10,1.0
margarin,0,10,10,1.0
nurseri,0,10,10,1.0
cdrwl,0,10,10,1.0
debonair,0,10,10,1.0
mundan,1,9,10,0.9
afoul,1,9,10,0.9
gettin,1,9,10,0.9
woww,0,10,10,1.0
tablebrt,0,10,10,1.0
interneci,0,10,10,1.0
cinemaelectr,0,10,10,1.0
slb,3,7,10,0.7
bulg,2,8,10,0.8
ihrem,0,10,10,1.0
arp,9,1,10,0.1
conrail,0,10,10,1.0
getnow,0,10,10,1.0
basepl,0,10,10,1.0
cleavag,0,10,10,1.0
attitudin,0,10,10,1.0
cavalcad,0,10,10,1.0
isochron,0,10,10,1.0
southflow,10,0,10,0.0
brrate,0,10,10,1.0
título,0,10,10,1.0
chimer,0,10,10,1.0
artistri,0,10,10,1.0
consular,0,10,10,1.0
solon,7,3,10,0.3
falbaum,10,0,10,0.0
vandor,10,0,10,0.0
azmin,10,0,10,0.0
bloxz,0,10,10,1.0
brice,2,8,10,0.8
impal,0,10,10,1.0
skg,10,0,10,0.0
arum,0,10,10,1.0
sonor,0,10,10,1.0
polaron,0,10,10,1.0
deari,0,10,10,1.0
cantu,8,2,10,0.2
gsc,1,9,10,0.9
ceylon,0,10,10,1.0
ordr,0,10,10,1.0
casework,0,10,10,1.0
permeabl,0,10,10,1.0
expositor,0,10,10,1.0
patriarch,0,10,10,1.0
protea,0,10,10,1.0
resuppli,10,0,10,0.0
girli,0,10,10,1.0
largess,3,7,10,0.7
arcana,0,10,10,1.0
idb,10,0,10,0.0
enserco,10,0,10,0.0
ninefold,0,10,10,1.0
deaden,0,10,10,1.0
reflux,0,10,10,1.0
legato,6,4,10,0.4
vicen,10,0,10,0.0
mecei,0,10,10,1.0
hailston,0,10,10,1.0
disintegr,8,2,10,0.2
actinomet,0,10,10,1.0
samir,10,0,10,0.0
danilov,10,0,10,0.0
deniabl,0,10,10,1.0
clammi,0,10,10,1.0
ariallisav,0,10,10,1.0
thenc,0,10,10,1.0
tso,9,1,10,0.1
mona,2,8,10,0.8
wcast,0,10,10,1.0
affordabi,0,10,10,1.0
synerg,0,10,10,1.0
olivia,0,10,10,1.0
catalpa,0,10,10,1.0
feud,3,7,10,0.7
tablebrbrfont,0,10,10,1.0
friski,0,10,10,1.0
bissau,0,10,10,1.0
gpu,10,0,10,0.0
interoper,6,4,10,0.4
lumen,0,10,10,1.0
elys,10,0,10,0.0
hester,2,8,10,0.8
perminantli,0,10,10,1.0
temporali,0,10,10,1.0
mikael,1,9,10,0.9
austenit,0,10,10,1.0
lifework,10,0,10,0.0
henrietta,1,9,10,0.9
dignitari,0,10,10,1.0
bevi,1,9,10,0.9
unconsolid,10,0,10,0.0
descart,0,10,10,1.0
crematori,0,10,10,1.0
shortnam,10,0,10,0.0
enlac,0,10,10,1.0
murtagh,10,0,10,0.0
morbid,1,9,10,0.9
jerom,3,7,10,0.7
partialiy,0,10,10,1.0
wininstal,10,0,10,0.0
gilda,5,5,10,0.5
rdlook,0,10,10,1.0
heyday,3,7,10,0.7
admonish,1,9,10,0.9
siphoniform,0,10,10,1.0
unnecessarili,9,1,10,0.1
soleil,4,6,10,0.6
rockki,0,10,10,1.0
descripción,0,10,10,1.0
faust,0,10,10,1.0
tholen,10,0,10,0.0
incipi,0,10,10,1.0
bondsman,0,10,10,1.0
silag,0,10,10,1.0
shudder,2,8,10,0.8
edgewis,0,10,10,1.0
conscious,2,8,10,0.8
boxi,0,10,10,1.0
menatep,0,10,10,1.0
dlgg,0,10,10,1.0
craw,0,10,10,1.0
automatisch,0,10,10,1.0
cobbleston,0,10,10,1.0
verisign,4,6,10,0.6
drawdown,6,4,10,0.4
sparki,0,10,10,1.0
posibl,0,10,10,1.0
jaunti,3,7,10,0.7
zmedabsd,0,10,10,1.0
cloven,0,10,10,1.0
mistakenli,9,1,10,0.1
htmlview,0,10,10,1.0
steril,1,9,10,0.9
apparit,0,10,10,1.0
hobart,2,8,10,0.8
bolin,10,0,10,0.0
wherewith,1,9,10,0.9
chordat,0,10,10,1.0
pagar,0,10,10,1.0
pavann,0,10,10,1.0
inexplic,2,8,10,0.8
viva,0,10,10,1.0
billet,0,10,10,1.0
yao,8,2,10,0.2
zine,1,9,10,0.9
incorrupt,0,10,10,1.0
tetra,0,10,10,1.0
lastest,7,3,10,0.3
mediant,0,10,10,1.0
farmington,2,8,10,0.8
homebuiid,0,10,10,1.0
uba,0,10,10,1.0
philli,8,2,10,0.2
nietzsch,0,10,10,1.0
bronchiti,0,10,10,1.0
preparatori,1,9,10,0.9
qwip,0,10,10,1.0
convok,0,10,10,1.0
zs,0,10,10,1.0
mackay,9,1,10,0.1
encontrar,1,9,10,0.9
greer,4,6,10,0.6
epsl,0,10,10,1.0
bellyful,0,10,10,1.0
iijourn,10,0,10,0.0
fgc,0,10,10,1.0
ime,0,10,10,1.0
chartroom,0,10,10,1.0
nettl,1,9,10,0.9
ruler,0,10,10,1.0
ý,0,10,10,1.0
metlif,10,0,10,0.0
breakthru,0,10,10,1.0
zl,8,2,10,0.2
serbia,1,9,10,0.9
katonah,0,10,10,1.0
sarabeth,10,0,10,0.0
coveral,0,10,10,1.0
idiom,2,8,10,0.8
dreg,0,10,10,1.0
timeiy,0,10,10,1.0
poincar,0,10,10,1.0
boldfac,0,10,10,1.0
mcclendon,10,0,10,0.0
muss,0,10,10,1.0
wakeup,1,9,10,0.9
bede,9,1,10,0.1
belgrad,0,10,10,1.0
beauteou,0,10,10,1.0
angelfish,0,10,10,1.0
hebrew,1,9,10,0.9
antithet,0,10,10,1.0
sonni,1,9,10,0.9
ldnl,0,10,10,1.0
elop,0,10,10,1.0
vend,2,8,10,0.8
jealousi,0,10,10,1.0
arialcenterclick,0,10,10,1.0
icbi,9,1,10,0.1
alumina,0,10,10,1.0
dearest,0,10,10,1.0
celandin,0,10,10,1.0
corbel,0,10,10,1.0
chant,0,10,10,1.0
handcuff,1,9,10,0.9
impregn,0,10,10,1.0
promiga,10,0,10,0.0
backd,0,10,10,1.0
aspartyl,0,10,10,1.0
maill,4,6,10,0.6
leit,10,0,10,0.0
acrobaci,0,10,10,1.0
capacitacin,0,10,10,1.0
centripet,0,10,10,1.0
abod,0,10,10,1.0
latex,3,7,10,0.7
soothsay,1,9,10,0.9
obstetr,1,9,10,0.9
limitado,0,10,10,1.0
epiphani,3,7,10,0.7
briton,3,7,10,0.7
yann,10,0,10,0.0
magician,2,8,10,0.8
bewhisk,0,10,10,1.0
atrophi,1,9,10,0.9
tannogen,0,10,10,1.0
hetzel,10,0,10,0.0
bernhard,0,10,10,1.0
depelchin,10,0,10,0.0
sung,4,6,10,0.6
estuarin,0,10,10,1.0
drowsi,0,10,10,1.0
machleit,10,0,10,0.0
jdf,10,0,10,0.0
dumbbel,1,9,10,0.9
ifestyi,0,10,10,1.0
declaim,0,10,10,1.0
bronchial,0,10,10,1.0
sloman,10,0,10,0.0
johanson,7,3,10,0.3
moola,0,10,10,1.0
constip,0,10,10,1.0
conquistador,0,10,10,1.0
wema,0,10,10,1.0
ayh,0,10,10,1.0
myrtl,0,10,10,1.0
honorari,2,8,10,0.8
arber,10,0,10,0.0
atalanta,0,10,10,1.0
everest,10,0,10,0.0
appanag,0,10,10,1.0
harrel,9,1,10,0.1
hsa,0,10,10,1.0
benign,3,7,10,0.7
jegarajah,10,0,10,0.0
reguiar,0,10,10,1.0
redact,4,6,10,0.6
paragon,6,4,10,0.4
ingstad,10,0,10,0.0
bumbl,0,10,10,1.0
clu,6,4,10,0.4
spud,3,7,10,0.7
preillumin,0,10,10,1.0
inj,0,10,10,1.0
streak,4,6,10,0.6
emissari,0,9,9,1.0
ë,0,9,9,1.0
cigna,9,0,9,0.0
dung,0,9,9,1.0
jillian,7,2,9,0.222
crockeri,0,9,9,1.0
mekong,1,8,9,0.889
cauca,0,9,9,1.0
tica,0,9,9,1.0
lummox,0,9,9,1.0
besmirch,1,8,9,0.889
henley,4,5,9,0.556
incauti,0,9,9,1.0
darfur,0,9,9,1.0
edifi,0,9,9,1.0
playth,0,9,9,1.0
iorefi,0,9,9,1.0
bhoy,0,9,9,1.0
dunedin,0,9,9,1.0
concessionair,0,9,9,1.0
solemn,1,8,9,0.889
liquefact,2,7,9,0.778
hager,0,9,9,1.0
felicit,0,9,9,1.0
chlorat,0,9,9,1.0
été,0,9,9,1.0
rial,0,9,9,1.0
radou,9,0,9,0.0
tenuou,4,5,9,0.556
proteolysi,0,9,9,1.0
experiencia,0,9,9,1.0
crosswis,0,9,9,1.0
fetal,0,9,9,1.0
thugge,0,9,9,1.0
earwig,0,9,9,1.0
disfunct,1,8,9,0.889
gilead,2,7,9,0.778
vaya,0,9,9,1.0
glaucou,0,9,9,1.0
hickori,1,8,9,0.889
arquivo,0,9,9,1.0
hydropow,9,0,9,0.0
gasdesk,9,0,9,0.0
ketter,3,6,9,0.667
anisotropi,0,9,9,1.0
hideou,0,9,9,1.0
mandi,5,4,9,0.444
liverymen,0,9,9,1.0
energyclear,9,0,9,0.0
binaur,0,9,9,1.0
crg,0,9,9,1.0
ullman,5,4,9,0.444
griswold,1,8,9,0.889
roxi,1,8,9,0.889
reckless,6,3,9,0.333
churchman,0,9,9,1.0
cryostat,0,9,9,1.0
econo,9,0,9,0.0
farnsworth,5,4,9,0.444
chambermaid,0,9,9,1.0
crayon,0,9,9,1.0
devonshir,0,9,9,1.0
razr,0,9,9,1.0
caten,0,9,9,1.0
persecutori,0,9,9,1.0
simian,0,9,9,1.0
cardbu,0,9,9,1.0
sepol,9,0,9,0.0
ashi,0,9,9,1.0
atapi,0,9,9,1.0
muscovi,0,9,9,1.0
dailyupd,9,0,9,0.0
clergi,0,9,9,1.0
ligu,0,9,9,1.0
ftse,9,0,9,0.0
computador,0,9,9,1.0
bombproof,0,9,9,1.0
angelin,0,9,9,1.0
charleston,2,7,9,0.778
antipasto,0,9,9,1.0
kano,0,9,9,1.0
beech,1,8,9,0.889
florist,1,8,9,0.889
predi,0,9,9,1.0
lear,2,7,9,0.778
kete,0,9,9,1.0
topmost,2,7,9,0.778
tard,0,9,9,1.0
ard,4,5,9,0.556
garnish,0,9,9,1.0
nielson,0,9,9,1.0
calder,0,9,9,1.0
urf,1,8,9,0.889
englishmen,0,9,9,1.0
elyse,1,8,9,0.889
fictiti,2,7,9,0.778
waterdesk,9,0,9,0.0
mbfr,0,9,9,1.0
southernmost,1,8,9,0.889
fulmin,1,8,9,0.889
infoweb,0,9,9,1.0
barfli,0,9,9,1.0
rmr,8,1,9,0.111
oni,6,3,9,0.333
pgf,0,9,9,1.0
glasgow,0,9,9,1.0
apparatu,0,9,9,1.0
cutey,0,9,9,1.0
galaxi,0,9,9,1.0
enceph,0,9,9,1.0
belfast,0,9,9,1.0
constrictor,0,9,9,1.0
galvanomet,0,9,9,1.0
osiri,0,9,9,1.0
italiano,1,8,9,0.889
compiiant,0,9,9,1.0
sedat,0,9,9,1.0
outpick,0,9,9,1.0
uninterrupt,7,2,9,0.222
obo,0,9,9,1.0
pte,4,5,9,0.556
immediaci,1,8,9,0.889
marita,9,0,9,0.0
tsc,6,3,9,0.333
carboloy,0,9,9,1.0
turbo,3,6,9,0.667
horrend,2,7,9,0.778
bicentenni,0,9,9,1.0
brooklin,0,9,9,1.0
ncc,0,9,9,1.0
seventeenth,0,9,9,1.0
globulin,0,9,9,1.0
leonid,0,9,9,1.0
waken,0,9,9,1.0
stammer,0,9,9,1.0
tommorow,3,6,9,0.667
equipamento,0,9,9,1.0
beecham,0,9,9,1.0
lagrang,1,8,9,0.889
pomoc,9,0,9,0.0
obstruct,1,8,9,0.889
crate,0,9,9,1.0
clotheslin,0,9,9,1.0
unambigu,6,3,9,0.333
menn,9,0,9,0.0
ciliat,0,9,9,1.0
inexpress,0,9,9,1.0
jamestown,0,9,9,1.0
anabella,8,1,9,0.111
tomar,0,9,9,1.0
carrageen,0,9,9,1.0
importun,0,9,9,1.0
carburetor,0,9,9,1.0
salvo,1,8,9,0.889
rustic,0,9,9,1.0
phonem,0,9,9,1.0
bradburi,0,9,9,1.0
spartan,0,9,9,1.0
squir,3,6,9,0.667
proffer,1,8,9,0.889
vascular,0,9,9,1.0
envío,0,9,9,1.0
bloodroot,0,9,9,1.0
mim,6,3,9,0.333
espao,0,9,9,1.0
westernsierramin,0,9,9,1.0
lampoon,0,9,9,1.0
overdr,0,9,9,1.0
greenle,9,0,9,0.0
alterc,0,9,9,1.0
alford,9,0,9,0.0
glencor,9,0,9,0.0
heterogam,0,9,9,1.0
yacht,0,9,9,1.0
tute,0,9,9,1.0
breccia,0,9,9,1.0
impoverish,0,9,9,1.0
hen,1,8,9,0.889
nairobi,0,9,9,1.0
nbl,0,9,9,1.0
copia,0,9,9,1.0
jamesl,0,9,9,1.0
largo,1,8,9,0.889
wedg,0,9,9,1.0
supermarket,4,5,9,0.556
hemarthrosi,0,9,9,1.0
newyorkf,9,0,9,0.0
cutan,0,9,9,1.0
capitalis,8,1,9,0.111
handley,9,0,9,0.0
cacophoni,0,9,9,1.0
schultea,9,0,9,0.0
berwick,0,9,9,1.0
circumlocut,2,7,9,0.778
poseur,0,9,9,1.0
pokerish,0,9,9,1.0
occass,4,5,9,0.556
girlish,0,9,9,1.0
germ,3,6,9,0.667
bstj,0,9,9,1.0
técnica,0,9,9,1.0
ivf,0,9,9,1.0
goodi,2,7,9,0.778
cufflink,0,9,9,1.0
folklor,0,9,9,1.0
conhecido,0,9,9,1.0
divinorum,0,9,9,1.0
ccgm,9,0,9,0.0
nagasaki,0,9,9,1.0
persimmon,0,9,9,1.0
atenor,9,0,9,0.0
chromospher,0,9,9,1.0
sperri,1,8,9,0.889
bullsey,0,9,9,1.0
seeherefeelse,0,9,9,1.0
fotiou,9,0,9,0.0
bipe,0,9,9,1.0
viacheslav,9,0,9,0.0
epicurean,0,9,9,1.0
deifi,0,9,9,1.0
giddap,0,9,9,1.0
imaginari,1,8,9,0.889
municp,0,9,9,1.0
protectorsm,0,9,9,1.0
etsmo,9,0,9,0.0
undisput,5,4,9,0.444
glutamin,0,9,9,1.0
operativo,0,9,9,1.0
rtd,0,9,9,1.0
bimolecular,0,9,9,1.0
greenblatt,0,9,9,1.0
jahren,3,6,9,0.667
parastat,0,9,9,1.0
wacm,9,0,9,0.0
doltish,0,9,9,1.0
janitori,0,9,9,1.0
sweetish,0,9,9,1.0
placeabl,0,9,9,1.0
rastu,0,9,9,1.0
minera,0,9,9,1.0
ptp,1,8,9,0.889
dodecahedron,0,9,9,1.0
aspers,0,9,9,1.0
snippi,0,9,9,1.0
bengali,0,9,9,1.0
furrier,0,9,9,1.0
withstay,0,9,9,1.0
rad,6,3,9,0.333
softwood,5,4,9,0.444
sympatico,6,3,9,0.333
circularis,7,2,9,0.222
voss,0,9,9,1.0
pincheck,0,9,9,1.0
jeanni,3,6,9,0.667
suchmaschinen,0,9,9,1.0
fauna,0,9,9,1.0
begotten,0,9,9,1.0
medicn,0,9,9,1.0
drape,0,9,9,1.0
psoriasi,0,9,9,1.0
bolshoi,0,9,9,1.0
elvi,3,6,9,0.667
auri,9,0,9,0.0
decannul,0,9,9,1.0
suffix,0,9,9,1.0
stunden,0,9,9,1.0
akllp,9,0,9,0.0
agouti,0,9,9,1.0
bridl,0,9,9,1.0
hysterectomi,1,8,9,0.889
airmen,1,8,9,0.889
podrá,0,9,9,1.0
phibro,9,0,9,0.0
simunek,9,0,9,0.0
downpour,0,9,9,1.0
seminrio,0,9,9,1.0
quagmir,3,6,9,0.667
windbor,0,9,9,1.0
traction,6,3,9,0.333
mapa,0,9,9,1.0
pterodactyl,0,9,9,1.0
gauntri,0,9,9,1.0
studiou,0,9,9,1.0
wsp,9,0,9,0.0
purslan,0,9,9,1.0
beeb,0,9,9,1.0
silo,2,7,9,0.778
portera,9,0,9,0.0
clotur,0,9,9,1.0
daphn,1,8,9,0.889
herber,9,0,9,0.0
sadec,0,9,9,1.0
lufkin,9,0,9,0.0
chelmsford,9,0,9,0.0
apertur,0,9,9,1.0
dimethyl,0,9,9,1.0
summarili,2,7,9,0.778
simulcast,2,7,9,0.778
freebi,1,8,9,0.889
charismat,0,9,9,1.0
cabinetmak,0,9,9,1.0
eam,8,1,9,0.111
austragen,0,9,9,1.0
marsden,9,0,9,0.0
gambol,0,9,9,1.0
igual,0,9,9,1.0
uncollect,7,2,9,0.222
megaton,0,9,9,1.0
druri,2,7,9,0.778
torah,0,9,9,1.0
abv,0,9,9,1.0
mitcham,9,0,9,0.0
hongkong,0,9,9,1.0
upright,2,7,9,0.778
scholast,0,9,9,1.0
reciba,0,9,9,1.0
poop,0,9,9,1.0
endus,9,0,9,0.0
custsvc,9,0,9,0.0
cobweb,1,8,9,0.889
postprocessor,0,9,9,1.0
maviglio,9,0,9,0.0
doos,0,9,9,1.0
incompar,0,9,9,1.0
foppish,0,9,9,1.0
mite,0,9,9,1.0
majur,9,0,9,0.0
confidencialidad,0,9,9,1.0
condescend,0,9,9,1.0
eerili,1,8,9,0.889
scr,4,5,9,0.556
flintlock,0,9,9,1.0
smu,8,1,9,0.111
infiltr,0,9,9,1.0
autoris,0,9,9,1.0
carbuncl,0,9,9,1.0
indebted,8,1,9,0.111
cayenn,0,9,9,1.0
mailstop,9,0,9,0.0
allyn,0,9,9,1.0
tulip,0,9,9,1.0
widget,0,9,9,1.0
troll,0,9,9,1.0
loya,1,8,9,0.889
pattison,9,0,9,0.0
shilpa,9,0,9,0.0
galact,0,9,9,1.0
unvest,9,0,9,0.0
chemis,0,9,9,1.0
martingal,2,7,9,0.778
uncomminut,0,9,9,1.0
emphysema,0,9,9,1.0
jhtml,9,0,9,0.0
grabadora,0,9,9,1.0
paperi,0,9,9,1.0
clank,0,9,9,1.0
doy,0,9,9,1.0
oncolog,0,9,9,1.0
knotti,0,9,9,1.0
vern,1,8,9,0.889
xnax,0,9,9,1.0
nauseou,0,9,9,1.0
leninist,0,9,9,1.0
counterparol,0,9,9,1.0
idolatri,0,9,9,1.0
keyhol,0,9,9,1.0
calorimet,0,9,9,1.0
tutu,0,9,9,1.0
zz,5,4,9,0.444
loaner,5,4,9,0.444
qwertyl,0,9,9,1.0
lko,8,1,9,0.111
yugoslavia,2,7,9,0.778
befallen,0,9,9,1.0
ttyl,0,9,9,1.0
frab,0,9,9,1.0
bancario,0,9,9,1.0
mide,0,9,9,1.0
technologica,0,9,9,1.0
ranendra,9,0,9,0.0
outbreak,6,3,9,0.333
golfer,9,0,9,0.0
mirv,0,9,9,1.0
grapefruit,0,9,9,1.0
gees,0,9,9,1.0
shadak,0,9,9,1.0
uva,9,0,9,0.0
coa,0,9,9,1.0
pothol,0,9,9,1.0
sane,0,9,9,1.0
anaerob,0,9,9,1.0
atest,0,9,9,1.0
informatica,0,9,9,1.0
dispon,0,9,9,1.0
pthe,0,9,9,1.0
macon,1,8,9,0.889
aldehyd,0,9,9,1.0
imbecil,0,9,9,1.0
aura,3,6,9,0.667
nitrou,0,9,9,1.0
fink,6,3,9,0.333
pickett,2,7,9,0.778
editora,0,9,9,1.0
fulcrum,4,5,9,0.556
klick,0,9,9,1.0
urediniospor,0,9,9,1.0
dioces,0,9,9,1.0
videod,0,9,9,1.0
undress,0,9,9,1.0
fra,5,4,9,0.444
theandric,0,9,9,1.0
pierci,9,0,9,0.0
foro,0,9,9,1.0
wicek,9,0,9,0.0
mchugh,2,7,9,0.778
hiatt,4,5,9,0.556
imageri,4,5,9,0.556
tianh,0,9,9,1.0
bandag,0,9,9,1.0
viagrra,0,9,9,1.0
wordi,0,9,9,1.0
eboni,0,9,9,1.0
morphin,0,9,9,1.0
ceiluiar,0,9,9,1.0
atoka,9,0,9,0.0
inventor,3,6,9,0.667
csc,6,3,9,0.333
swig,0,9,9,1.0
chamberlin,9,0,9,0.0
auc,8,1,9,0.111
bostonian,0,9,9,1.0
lnea,0,9,9,1.0
financialexpress,9,0,9,0.0
oblivion,0,9,9,1.0
unleash,7,2,9,0.222
chaim,7,2,9,0.222
ped,1,8,9,0.889
bushnel,0,9,9,1.0
aneela,9,0,9,0.0
misanthrop,0,9,9,1.0
hexadecim,0,9,9,1.0
alienor,0,9,9,1.0
biweekli,2,7,9,0.778
deafen,0,9,9,1.0
karyatid,0,9,9,1.0
professionaloffic,0,9,9,1.0
celsiu,0,9,9,1.0
rector,0,9,9,1.0
ecoga,9,0,9,0.0
parodi,3,6,9,0.667
honda,0,9,9,1.0
bushi,0,9,9,1.0
exceli,0,9,9,1.0
quibbl,1,8,9,0.889
yassin,0,9,9,1.0
siightiy,0,9,9,1.0
benevol,2,7,9,0.778
sweati,4,5,9,0.556
maceuticai,0,9,9,1.0
grante,0,9,9,1.0
exasper,3,6,9,0.667
resold,5,4,9,0.444
bilabi,0,9,9,1.0
pyracanth,0,9,9,1.0
demultiplex,0,9,9,1.0
threefold,3,6,9,0.667
microwav,6,3,9,0.333
piotr,1,8,9,0.889
compleat,0,9,9,1.0
numerolog,0,9,9,1.0
toddl,0,9,9,1.0
fromdomain,9,0,9,0.0
depressor,0,9,9,1.0
ferdinand,0,9,9,1.0
squabbl,4,5,9,0.556
surowiec,9,0,9,0.0
timeros,0,9,9,1.0
sebastien,9,0,9,0.0
planeacin,0,9,9,1.0
fourcher,0,9,9,1.0
gir,6,3,9,0.333
piccadilli,5,4,9,0.444
flap,4,5,9,0.556
rangeland,0,9,9,1.0
nole,9,0,9,0.0
emss,9,0,9,0.0
aji,0,9,9,1.0
esalesl,0,9,9,1.0
sectarian,0,9,9,1.0
psalteri,0,9,9,1.0
denebola,0,9,9,1.0
inez,7,2,9,0.222
hitter,5,4,9,0.444
exuber,3,6,9,0.667
hypothesi,3,6,9,0.667
exponentia,1,8,9,0.889
clo,9,0,9,0.0
pinkish,1,8,9,0.889
breakwat,0,9,9,1.0
resurg,1,8,9,0.889
anhydr,0,9,9,1.0
mulish,0,9,9,1.0
fortnightli,7,2,9,0.222
spank,0,9,9,1.0
duffel,0,9,9,1.0
actualment,0,9,9,1.0
aer,4,5,9,0.556
blacklin,9,0,9,0.0
hott,9,0,9,0.0
liat,0,9,9,1.0
octet,1,8,9,0.889
medicina,0,9,9,1.0
comma,0,9,9,1.0
temer,1,8,9,0.889
disaggreg,3,6,9,0.667
charania,9,0,9,0.0
babylonian,0,9,9,1.0
paperback,1,8,9,0.889
relacionado,0,9,9,1.0
bustamant,8,1,9,0.111
felin,0,9,9,1.0
monkeyflow,0,9,9,1.0
weatherston,9,0,9,0.0
smallcapreview,0,9,9,1.0
offsaddl,0,9,9,1.0
morril,3,6,9,0.667
otemachi,9,0,9,0.0
livechat,0,9,9,1.0
catalina,4,5,9,0.556
wiesepap,9,0,9,0.0
rante,0,9,9,1.0
canto,0,9,9,1.0
sleepi,4,5,9,0.556
côte,0,9,9,1.0
crewman,0,9,9,1.0
apartado,0,9,9,1.0
chiefdom,0,9,9,1.0
pickford,0,9,9,1.0
altar,3,6,9,0.667
asexu,0,9,9,1.0
ert,0,9,9,1.0
vítima,0,9,9,1.0
pharisa,0,9,9,1.0
nepenthac,0,9,9,1.0
lard,1,8,9,0.889
sloth,0,9,9,1.0
sylvi,2,7,9,0.778
anorthit,0,9,9,1.0
lumbermen,0,9,9,1.0
solec,0,9,9,1.0
berserk,0,9,9,1.0
jonathon,8,1,9,0.111
sleezi,0,9,9,1.0
grissom,9,0,9,0.0
profligaci,0,9,9,1.0
iden,0,9,9,1.0
coot,0,9,9,1.0
berzin,9,0,9,0.0
chismar,9,0,9,0.0
proteranth,0,9,9,1.0
robberi,1,8,9,0.889
purview,6,3,9,0.333
onsit,7,2,9,0.222
osha,0,9,9,1.0
iy,0,9,9,1.0
prximo,0,9,9,1.0
apomecometri,0,9,9,1.0
phr,6,3,9,0.333
evit,7,2,9,0.222
malay,0,9,9,1.0
edwina,0,9,9,1.0
discretli,0,9,9,1.0
rcp,0,9,9,1.0
theke,0,9,9,1.0
pedigre,3,6,9,0.667
municpa,0,9,9,1.0
goliath,5,4,9,0.444
dairyman,0,9,9,1.0
nanett,5,4,9,0.444
sop,2,7,9,0.778
evad,1,8,9,0.889
yd,0,9,9,1.0
serenad,1,8,9,0.889
medley,2,7,9,0.778
contrarieti,0,9,9,1.0
defrost,0,9,9,1.0
dil,0,9,9,1.0
pantomim,0,9,9,1.0
usg,1,8,9,0.889
cyc,0,9,9,1.0
industriai,0,9,9,1.0
clothesbrush,0,9,9,1.0
svcd,0,9,9,1.0
throttl,1,8,9,0.889
dopson,9,0,9,0.0
bicarbon,0,9,9,1.0
nicor,9,0,9,0.0
landri,8,1,9,0.111
legendari,7,2,9,0.222
puriti,0,9,9,1.0
wareh,9,0,9,0.0
axisymmetr,0,9,9,1.0
iw,1,8,9,0.889
cumin,1,8,9,0.889
necrosi,0,9,9,1.0
daffi,0,9,9,1.0
adelia,0,9,9,1.0
strung,0,9,9,1.0
mediz,0,9,9,1.0
hinman,0,9,9,1.0
conta,0,9,9,1.0
degreas,0,9,9,1.0
gratuiti,4,5,9,0.556
positron,1,8,9,0.889
denetsosi,9,0,9,0.0
fairchild,2,7,9,0.778
donc,0,9,9,1.0
frugal,1,8,9,0.889
crystallograph,0,9,9,1.0
servitor,0,9,9,1.0
gthou,9,0,9,0.0
fluke,0,9,9,1.0
invert,1,8,9,0.889
vehement,0,9,9,1.0
uwaterloo,9,0,9,0.0
pae,9,0,9,0.0
brassier,0,9,9,1.0
phosgen,0,9,9,1.0
vtge,0,9,9,1.0
nsc,0,9,9,1.0
smartest,7,2,9,0.222
devolut,1,8,9,0.889
estonia,1,8,9,0.889
tego,9,0,9,0.0
effemin,0,9,9,1.0
schrab,9,0,9,0.0
honolulu,0,9,9,1.0
welt,0,9,9,1.0
broccoli,0,9,9,1.0
hasp,0,9,9,1.0
slender,0,9,9,1.0
sodden,0,9,9,1.0
kour,9,0,9,0.0
nooo,0,9,9,1.0
brothel,0,9,9,1.0
pnt,1,8,9,0.889
amaranth,0,9,9,1.0
summ,0,9,9,1.0
yema,0,9,9,1.0
mrida,0,9,9,1.0
brownfield,9,0,9,0.0
esplanad,0,9,9,1.0
ascomycet,0,9,9,1.0
hnatraj,9,0,9,0.0
walgreen,1,8,9,0.889
gruesom,0,9,9,1.0
pronta,0,9,9,1.0
scurri,0,9,9,1.0
sexo,0,9,9,1.0
etwa,0,9,9,1.0
tcbb,0,9,9,1.0
grenad,0,9,9,1.0
modulo,0,9,9,1.0
tudo,0,9,9,1.0
garch,9,0,9,0.0
confabul,0,9,9,1.0
python,0,9,9,1.0
cancelar,0,9,9,1.0
shipboard,0,9,9,1.0
cowhid,0,9,9,1.0
coolant,0,9,9,1.0
recogniz,5,4,9,0.444
accolad,3,6,9,0.667
athlon,0,9,9,1.0
furbish,0,9,9,1.0
heur,0,9,9,1.0
uninsur,0,9,9,1.0
blurb,0,9,9,1.0
jimenez,5,4,9,0.444
aceton,0,9,9,1.0
dominicano,0,9,9,1.0
evas,4,5,9,0.556
pernici,1,8,9,0.889
dwg,7,2,9,0.222
ameli,0,9,9,1.0
administrativo,0,9,9,1.0
cubbyhol,0,9,9,1.0
storehous,0,9,9,1.0
oyo,0,9,9,1.0
scribe,0,9,9,1.0
unsumptuari,0,9,9,1.0
moslem,0,9,9,1.0
deacon,0,9,9,1.0
beet,0,9,9,1.0
irrepass,0,9,9,1.0
usae,9,0,9,0.0
calfskin,0,9,9,1.0
ruthenium,0,9,9,1.0
muscovit,0,9,9,1.0
blowout,4,5,9,0.556
quail,0,9,9,1.0
necromanc,0,9,9,1.0
torpor,1,8,9,0.889
literari,0,9,9,1.0
verbiag,1,8,9,0.889
susten,0,9,9,1.0
architecton,0,9,9,1.0
woven,0,9,9,1.0
ifestyl,0,9,9,1.0
parr,1,8,9,0.889
trabalho,0,9,9,1.0
affid,0,9,9,1.0
deaton,9,0,9,0.0
tanag,0,9,9,1.0
barnaba,0,9,9,1.0
vuittonet,9,0,9,0.0
selectr,0,9,9,1.0
dalhousi,0,9,9,1.0
subjectlik,0,9,9,1.0
unfaith,1,8,9,0.889
ferrer,4,5,9,0.556
latch,0,9,9,1.0
chieftain,0,9,9,1.0
lacuna,0,9,9,1.0
impercept,2,7,9,0.778
creo,7,2,9,0.222
handwav,0,9,9,1.0
appertain,0,9,9,1.0
placer,2,7,9,0.778
intesa,3,6,9,0.667
hyundai,7,2,9,0.222
butcheri,0,9,9,1.0
assoc,7,2,9,0.222
cranki,0,9,9,1.0
shipshap,0,9,9,1.0
apostol,0,9,9,1.0
dweller,0,9,9,1.0
northampton,0,9,9,1.0
budapest,0,9,9,1.0
gandhi,8,1,9,0.111
intervenor,3,6,9,0.667
marqui,2,7,9,0.778
ferrari,5,4,9,0.444
dallmann,9,0,9,0.0
ratchet,9,0,9,0.0
bacilli,0,9,9,1.0
methuselah,0,9,9,1.0
dido,0,9,9,1.0
stinnett,1,8,9,0.889
arctan,0,9,9,1.0
lundberg,0,9,9,1.0
flint,5,4,9,0.444
trudi,0,9,9,1.0
hyperreson,0,9,9,1.0
celluloid,0,9,9,1.0
whhfu,9,0,9,0.0
bawd,0,9,9,1.0
freckl,0,9,9,1.0
disqu,0,9,9,1.0
mimick,1,8,9,0.889
runswick,9,0,9,0.0
dous,1,8,9,0.889
ladybug,0,9,9,1.0
glatz,9,0,9,0.0
strategica,0,9,9,1.0
bakelit,0,9,9,1.0
improvid,0,9,9,1.0
metropoli,2,7,9,0.778
klystron,0,9,9,1.0
stifi,0,9,9,1.0
comparit,9,0,9,0.0
cachalot,0,9,9,1.0
midcontin,9,0,9,0.0
leben,0,9,9,1.0
tornado,3,6,9,0.667
ofthi,0,9,9,1.0
chania,0,9,9,1.0
degener,4,5,9,0.556
grotesqu,0,9,9,1.0
papel,0,9,9,1.0
scold,1,8,9,0.889
baku,3,6,9,0.667
lve,0,9,9,1.0
samadhi,0,9,9,1.0
slay,1,8,9,0.889
busin,3,6,9,0.667
unthink,2,7,9,0.778
eto,1,8,9,0.889
ruptci,0,9,9,1.0
raam,0,9,9,1.0
includo,0,9,9,1.0
ossifi,0,9,9,1.0
curd,0,9,9,1.0
genotyp,0,9,9,1.0
comun,0,9,9,1.0
adnan,6,3,9,0.333
michioku,9,0,9,0.0
xb,0,9,9,1.0
quart,1,8,9,0.889
boltzmann,0,9,9,1.0
vd,0,9,9,1.0
auditori,0,9,9,1.0
playmat,0,9,9,1.0
bias,9,0,9,0.0
dtopdiv,0,9,9,1.0
whirlwind,4,5,9,0.556
horseback,4,5,9,0.556
topn,9,0,9,0.0
sabo,9,0,9,0.0
conseco,9,0,9,0.0
lusaka,0,9,9,1.0
mckenzi,4,5,9,0.556
thermion,0,9,9,1.0
softwwar,0,9,9,1.0
bimasti,0,9,9,1.0
gallego,3,6,9,0.667
sac,2,7,9,0.778
aerial,6,3,9,0.333
horticultur,4,5,9,0.556
downhearted,0,9,9,1.0
gentil,0,9,9,1.0
shelk,9,0,9,0.0
frihart,9,0,9,0.0
monotherapi,0,9,9,1.0
lavish,5,4,9,0.444
sacrifici,0,9,9,1.0
deceler,0,9,9,1.0
duddi,0,9,9,1.0
allixon,0,9,9,1.0
stapleton,0,9,9,1.0
cognac,0,9,9,1.0
nodular,0,9,9,1.0
hemosiderin,0,9,9,1.0
aspecto,0,9,9,1.0
karp,0,9,9,1.0
cuttlefish,0,9,9,1.0
tetragon,0,9,9,1.0
icf,9,0,9,0.0
cottoni,1,8,9,0.889
meio,0,9,9,1.0
rsa,2,7,9,0.778
croquet,0,9,9,1.0
lathrop,0,9,9,1.0
cassiu,0,9,9,1.0
lib,4,5,9,0.556
crewel,0,9,9,1.0
emmi,5,4,9,0.444
decort,0,9,9,1.0
citroen,0,9,9,1.0
autorespond,0,9,9,1.0
isoclin,0,9,9,1.0
alabamian,0,9,9,1.0
anent,0,9,9,1.0
pontiff,4,5,9,0.556
abramson,0,9,9,1.0
decatur,2,7,9,0.778
antiphon,0,9,9,1.0
lmj,9,0,9,0.0
anz,7,2,9,0.222
aibert,0,9,9,1.0
ccni,0,9,9,1.0
embryoid,0,9,9,1.0
illiteraci,1,8,9,0.889
cityplac,9,0,9,0.0
tomographi,0,9,9,1.0
grunt,0,9,9,1.0
embank,0,9,9,1.0
gainesvil,1,8,9,0.889
lineag,0,9,9,1.0
chute,0,9,9,1.0
cocoon,0,9,9,1.0
forborn,0,9,9,1.0
dtf,9,0,9,0.0
phonebook,0,9,9,1.0
slag,0,9,9,1.0
cuiaba,9,0,9,0.0
bawl,0,9,9,1.0
cowmen,0,9,9,1.0
gerhard,0,9,9,1.0
elfin,0,9,9,1.0
advisabi,0,9,9,1.0
oiiver,0,9,9,1.0
dabbl,1,8,9,0.889
suzuki,1,8,9,0.889
lipshutz,9,0,9,0.0
napl,0,9,9,1.0
wattl,0,9,9,1.0
spuriou,1,8,9,0.889
brightest,8,1,9,0.111
somber,2,7,9,0.778
censor,0,9,9,1.0
maritta,9,0,9,0.0
nicla,9,0,9,0.0
externo,0,9,9,1.0
gown,0,9,9,1.0
tensor,0,9,9,1.0
oppurtun,4,5,9,0.556
vvonder,0,9,9,1.0
darwinian,0,9,9,1.0
morristown,1,8,9,0.889
preen,0,9,9,1.0
sandpap,0,9,9,1.0
parallelepip,0,9,9,1.0
saigon,0,9,9,1.0
quartermast,0,9,9,1.0
interes,0,9,9,1.0
bonita,2,7,9,0.778
debil,0,9,9,1.0
endotheli,0,9,9,1.0
algaecid,0,9,9,1.0
principia,0,9,9,1.0
bau,7,2,9,0.222
oldco,9,0,9,0.0
auditoria,0,9,9,1.0
rediffmail,0,9,9,1.0
sodioplatin,0,9,9,1.0
alprazolam,0,9,9,1.0
ablat,0,9,9,1.0
outset,6,3,9,0.333
elo,9,0,9,0.0
estuari,0,9,9,1.0
lsmoke,0,9,9,1.0
screechi,0,9,9,1.0
pennzoil,9,0,9,0.0
redit,0,9,9,1.0
sanctiti,0,9,9,1.0
cie,4,5,9,0.556
jlshankster,9,0,9,0.0
matagorda,9,0,9,0.0
delacey,9,0,9,0.0
reassembl,0,9,9,1.0
angst,0,9,9,1.0
encorp,9,0,9,0.0
paladino,9,0,9,0.0
tore,1,8,9,0.889
hacen,0,9,9,1.0
reflex,1,8,9,0.889
squirt,0,9,9,1.0
maiden,1,8,9,0.889
pmedbadbu,0,9,9,1.0
capt,1,8,9,0.889
copolym,0,9,9,1.0
dac,3,6,9,0.667
canni,5,4,9,0.444
buckskin,0,9,9,1.0
sepulchr,0,9,9,1.0
activex,1,8,9,0.889
damson,0,9,9,1.0
anabel,1,8,9,0.889
hourglass,0,9,9,1.0
mullet,9,0,9,0.0
bbtec,0,9,9,1.0
suemaur,9,0,9,0.0
sinist,1,8,9,0.889
visti,0,9,9,1.0
musgrov,1,8,9,0.889
sausag,4,5,9,0.556
crocodilian,0,9,9,1.0
brostad,9,0,9,0.0
abovenet,9,0,9,0.0
faldyn,9,0,9,0.0
rumin,0,9,9,1.0
instituto,1,8,9,0.889
flatten,4,5,9,0.556
auger,0,9,9,1.0
cowlick,0,9,9,1.0
bridgeback,9,0,9,0.0
dinh,9,0,9,0.0
alhamd,9,0,9,0.0
extravag,1,8,9,0.889
forwent,0,9,9,1.0
igenc,0,9,9,1.0
sporad,2,7,9,0.778
abner,0,9,9,1.0
dissolut,7,2,9,0.222
vaudevil,0,9,9,1.0
tonsur,0,9,9,1.0
stiffen,0,9,9,1.0
tryst,0,9,9,1.0
aphor,1,8,9,0.889
automata,0,9,9,1.0
cagey,0,9,9,1.0
lineal,0,9,9,1.0
dissatisfact,7,2,9,0.222
dualism,0,9,9,1.0
muzjik,0,9,9,1.0
haystack,2,7,9,0.778
sendout,9,0,9,0.0
redbird,0,9,9,1.0
lacer,0,9,9,1.0
anthracnos,0,9,9,1.0
torino,0,9,9,1.0
halpin,2,7,9,0.778
bicamer,0,9,9,1.0
brazi,0,9,9,1.0
mello,0,9,9,1.0
presentacin,0,9,9,1.0
calabres,9,0,9,0.0
moreee,0,9,9,1.0
whitcomb,0,9,9,1.0
cotang,0,9,9,1.0
karaok,1,8,9,0.889
wuxga,0,9,9,1.0
mosquito,1,8,9,0.889
crosscut,0,9,9,1.0
szajac,9,0,9,0.0
drunken,0,9,9,1.0
benight,0,9,9,1.0
vn,0,9,9,1.0
connolli,4,5,9,0.556
bimod,0,9,9,1.0
crosslink,0,9,9,1.0
bagel,1,8,9,0.889
bullock,1,8,9,0.889
tract,3,6,9,0.667
vertebra,0,9,9,1.0
hinz,9,0,9,0.0
isabella,0,9,9,1.0
bethlehem,4,5,9,0.556
eurodollar,9,0,9,0.0
scooterl,0,9,9,1.0
cage,5,4,9,0.444
proscenium,0,9,9,1.0
disapoint,0,9,9,1.0
betatron,0,9,9,1.0
dropbox,9,0,9,0.0
oregonian,9,0,9,0.0
seashor,1,8,9,0.889
foothold,4,5,9,0.556
ariadn,0,9,9,1.0
linotyp,1,8,9,0.889
nychthem,0,9,9,1.0
bikini,0,9,9,1.0
vigilancia,0,9,9,1.0
grabelski,9,0,9,0.0
okmpoi,0,9,9,1.0
mckenna,3,6,9,0.667
interpolat,0,9,9,1.0
mcnaught,9,0,9,0.0
fortress,1,8,9,0.889
cardiff,0,9,9,1.0
broodi,0,9,9,1.0
seder,0,9,9,1.0
grandchild,0,9,9,1.0
rugbi,0,9,9,1.0
juliana,0,9,9,1.0
youhav,0,9,9,1.0
chemotherapi,1,8,9,0.889
hombr,0,9,9,1.0
unsolubl,0,9,9,1.0
tint,0,9,9,1.0
holdup,3,6,9,0.667
trollop,1,8,9,0.889
gifford,0,9,9,1.0
antiperspir,0,9,9,1.0
sectorar,0,9,9,1.0
ssale,0,9,9,1.0
prissi,0,9,9,1.0
bloodshot,0,9,9,1.0
inadequaci,2,7,9,0.778
closeup,0,9,9,1.0
counterpoint,1,8,9,0.889
ibasco,9,0,9,0.0
houseban,0,9,9,1.0
cheappesst,0,9,9,1.0
calhoun,2,7,9,0.778
dogfight,0,9,9,1.0
carlin,0,9,9,1.0
malon,5,4,9,0.444
biotic,0,9,9,1.0
farfetch,0,9,9,1.0
acycl,0,9,9,1.0
insurrect,0,9,9,1.0
brooksid,2,7,9,0.778
ianquaq,0,9,9,1.0
bujumbura,0,9,9,1.0
mmf,9,0,9,0.0
prometh,0,9,9,1.0
hartman,3,6,9,0.667
woodway,9,0,9,0.0
britch,0,9,9,1.0
aorta,0,9,9,1.0
centigrad,0,9,9,1.0
commodi,0,9,9,1.0
delag,9,0,9,0.0
mol,2,7,9,0.778
overapprais,0,9,9,1.0
xxanax,0,9,9,1.0
highfli,9,0,9,0.0
macedonia,1,8,9,0.889
manur,1,8,9,0.889
lollipop,0,9,9,1.0
garrow,0,9,9,1.0
kalen,9,0,9,0.0
ntermin,0,9,9,1.0
ojea,9,0,9,0.0
windbreak,1,8,9,0.889
patrimoni,0,9,9,1.0
bettor,0,9,9,1.0
nk,0,9,9,1.0
adverbi,0,9,9,1.0
immeasur,1,8,9,0.889
bolivar,0,9,9,1.0
polariton,0,9,9,1.0
hemostat,0,9,9,1.0
szopa,9,0,9,0.0
ebt,0,9,9,1.0
goodday,4,5,9,0.556
darri,0,9,9,1.0
anther,2,7,9,0.778
durke,0,9,9,1.0
callisto,0,9,9,1.0
epenergi,9,0,9,0.0
cit,0,9,9,1.0
usda,2,7,9,0.778
sweetheart,5,4,9,0.444
cte,1,8,9,0.889
aerobact,0,9,9,1.0
supercili,0,9,9,1.0
sauci,0,9,9,1.0
paulett,3,6,9,0.667
supersphenoid,0,9,9,1.0
immoder,0,9,9,1.0
mcclen,9,0,9,0.0
aloof,0,9,9,1.0
privet,0,9,9,1.0
xãnax,0,9,9,1.0
scaup,0,9,9,1.0
piglet,0,9,9,1.0
sorption,0,9,9,1.0
iffi,3,6,9,0.667
opx,0,9,9,1.0
,0,9,9,1.0
riyadh,2,7,9,0.778
hysteron,0,9,9,1.0
maxima,0,9,9,1.0
alwale,9,0,9,0.0
byway,0,9,9,1.0
pinski,6,3,9,0.333
vqpi,0,9,9,1.0
farri,8,1,9,0.111
haffet,0,9,9,1.0
fungicid,0,9,9,1.0
asetar,0,9,9,1.0
escuela,0,9,9,1.0
hvubl,0,9,9,1.0
kdstewart,9,0,9,0.0
armadillo,0,9,9,1.0
breakaway,0,9,9,1.0
rapaci,0,9,9,1.0
shimmer,6,3,9,0.333
hvu,0,9,9,1.0
ostrand,2,7,9,0.778
dittl,9,0,9,0.0
seeligson,9,0,9,0.0
environmentalist,9,0,9,0.0
trata,0,9,9,1.0
conhecimento,0,9,9,1.0
contort,0,9,9,1.0
homeopp,0,9,9,1.0
chelyabinsk,0,9,9,1.0
creme,6,3,9,0.333
carolingian,0,9,9,1.0
auk,0,9,9,1.0
ral,1,8,9,0.889
luge,0,9,9,1.0
qt,0,9,9,1.0
allstat,1,8,9,0.889
oeruw,0,9,9,1.0
molten,0,9,9,1.0
passerbi,0,9,9,1.0
maheshram,9,0,9,0.0
microscop,7,2,9,0.222
bluegrass,0,9,9,1.0
sophomor,1,8,9,0.889
restitut,2,7,9,0.778
munit,0,9,9,1.0
dyad,0,9,9,1.0
fof,0,9,9,1.0
geranium,0,9,9,1.0
calligraphi,0,9,9,1.0
bodili,5,4,9,0.444
repienish,0,9,9,1.0
concurrentiy,0,9,9,1.0
overnit,2,7,9,0.778
wiem,9,0,9,0.0
linepack,9,0,9,0.0
zag,1,8,9,0.889
proclaim,3,6,9,0.667
chinquapin,0,9,9,1.0
avocado,0,9,9,1.0
phoenixl,0,9,9,1.0
reve,9,0,9,0.0
chubbi,0,9,9,1.0
puggi,0,9,9,1.0
bodleian,0,9,9,1.0
cdigo,0,9,9,1.0
reconocimiento,0,9,9,1.0
sprite,1,8,9,0.889
aspbr,0,9,9,1.0
hui,0,9,9,1.0
cicada,0,9,9,1.0
nintendo,3,6,9,0.667
lina,5,4,9,0.444
marsupia,0,9,9,1.0
gong,0,9,9,1.0
privatis,9,0,9,0.0
cambodia,0,9,9,1.0
swear,2,7,9,0.778
chantilli,0,9,9,1.0
scoot,2,7,9,0.778
crabappl,0,9,9,1.0
punki,0,9,9,1.0
insol,0,9,9,1.0
será,0,9,9,1.0
cowl,0,9,9,1.0
geochemistri,0,9,9,1.0
dyadic,0,9,9,1.0
baldi,0,9,9,1.0
slept,1,8,9,0.889
gaggl,0,9,9,1.0
instalacion,0,9,9,1.0
bosch,2,7,9,0.778
rebalanc,6,3,9,0.333
progenitor,0,9,9,1.0
derelict,0,9,9,1.0
catanes,9,0,9,0.0
ondemand,0,9,9,1.0
oxal,0,9,9,1.0
fahnestock,9,0,9,0.0
sellinternetaccess,0,9,9,1.0
caledonia,8,1,9,0.111
axiomat,0,9,9,1.0
crowder,7,2,9,0.222
caeo,0,9,9,1.0
unmix,0,9,9,1.0
dinghi,0,9,9,1.0
isaiah,1,8,9,0.889
guisepp,9,0,9,0.0
eurasia,4,5,9,0.556
assai,0,9,9,1.0
metreon,9,0,9,0.0
lena,0,9,9,1.0
athwart,0,9,9,1.0
safari,6,3,9,0.333
tidal,5,4,9,0.444
catabay,9,0,9,0.0
frye,0,9,9,1.0
jq,0,9,9,1.0
cowman,0,9,9,1.0
blueback,0,9,9,1.0
cmte,9,0,9,0.0
aerogen,0,9,9,1.0
tableet,0,9,9,1.0
henahan,9,0,9,0.0
gymnast,1,8,9,0.889
tegen,0,9,9,1.0
conexión,0,9,9,1.0
chiton,0,9,9,1.0
geko,0,9,9,1.0
footwear,0,9,9,1.0
mcdougal,0,9,9,1.0
prettier,1,8,9,0.889
prong,5,4,9,0.444
ardmor,9,0,9,0.0
schooi,0,9,9,1.0
proviso,3,6,9,0.667
spillov,4,5,9,0.556
deadwood,0,9,9,1.0
gourmet,2,7,9,0.778
deliri,0,9,9,1.0
scenic,1,8,9,0.889
pubiiciy,0,9,9,1.0
ozark,0,9,9,1.0
maclean,9,0,9,0.0
cuni,0,9,9,1.0
repsect,0,9,9,1.0
victual,0,9,9,1.0
aviod,0,9,9,1.0
bloodstain,0,9,9,1.0
requier,0,9,9,1.0
dapper,0,9,9,1.0
unesco,0,9,9,1.0
debussi,0,9,9,1.0
baudelair,0,9,9,1.0
tonic,0,9,9,1.0
determinist,7,2,9,0.222
portugu,0,9,9,1.0
piatform,0,9,9,1.0
vid,0,9,9,1.0
enzymolog,0,9,9,1.0
stg,9,0,9,0.0
zimentwat,0,9,9,1.0
catex,9,0,9,0.0
stratifi,5,4,9,0.444
wiredmag,9,0,9,0.0
sober,1,8,9,0.889
glasswar,0,9,9,1.0
claudett,9,0,9,0.0
ciiick,0,9,9,1.0
adder,8,1,9,0.111
marchand,9,0,9,0.0
auschwitz,0,9,9,1.0
approva,0,9,9,1.0
iimb,9,0,9,0.0
registrada,0,9,9,1.0
harrisburg,0,9,9,1.0
lair,5,4,9,0.444
ungruff,0,9,9,1.0
cga,9,0,9,0.0
cusso,0,9,9,1.0
canst,0,9,9,1.0
bariton,0,9,9,1.0
turnabout,3,6,9,0.667
incl,2,7,9,0.778
legalonlin,6,3,9,0.333
eso,2,7,9,0.778
cmec,0,9,9,1.0
drool,0,9,9,1.0
demerit,0,9,9,1.0
cahil,0,9,9,1.0
ret,1,8,9,0.889
gresham,0,9,9,1.0
trippl,0,9,9,1.0
verlag,0,9,9,1.0
halogen,0,9,9,1.0
brushfir,1,8,9,0.889
captiou,0,9,9,1.0
conif,0,9,9,1.0
roberson,8,1,9,0.111
personifi,3,6,9,0.667
melior,0,9,9,1.0
cyanic,0,9,9,1.0
destructor,0,9,9,1.0
burr,0,9,9,1.0
perspicu,0,9,9,1.0
dq,1,8,9,0.889
knob,1,8,9,0.889
habitu,1,8,9,0.889
odbc,6,3,9,0.333
devise,0,9,9,1.0
telmex,0,9,9,1.0
freakish,0,9,9,1.0
baptisteri,0,9,9,1.0
ofir,0,9,9,1.0
potlatch,0,9,9,1.0
uneconom,8,1,9,0.111
revoc,5,4,9,0.444
medico,0,9,9,1.0
agricuitur,0,9,9,1.0
copthal,9,0,9,0.0
eloy,4,5,9,0.556
plymouth,3,6,9,0.667
aust,6,3,9,0.333
vrsl,0,9,9,1.0
bled,0,9,9,1.0
ornat,2,7,9,0.778
lotti,0,9,9,1.0
wlv,4,5,9,0.556
cholesterin,0,9,9,1.0
swat,7,2,9,0.222
caputo,2,7,9,0.778
edemat,0,9,9,1.0
pregunta,5,4,9,0.444
botuliform,0,9,9,1.0
undergaol,0,9,9,1.0
envia,0,9,9,1.0
disambigu,0,9,9,1.0
proust,0,9,9,1.0
ayala,8,1,9,0.111
downtrend,0,9,9,1.0
lametric,9,0,9,0.0
underl,3,6,9,0.667
vesper,0,9,9,1.0
sreet,0,9,9,1.0
uniti,1,8,9,0.889
armistic,0,9,9,1.0
picki,1,8,9,0.889
pujo,0,9,9,1.0
gibt,0,9,9,1.0
qel,7,2,9,0.222
hitachi,0,9,9,1.0
miliiken,0,9,9,1.0
duma,0,9,9,1.0
interdepend,8,1,9,0.111
quasi,4,5,9,0.556
dorland,9,0,9,0.0
bre,0,9,9,1.0
chine,0,9,9,1.0
quadrat,0,9,9,1.0
bolshev,0,9,9,1.0
petr,8,1,9,0.111
pockmark,0,9,9,1.0
hollandais,0,9,9,1.0
adewal,0,9,9,1.0
hatchet,0,9,9,1.0
capo,0,9,9,1.0
kunt,0,9,9,1.0
mensual,0,9,9,1.0
missoula,0,9,9,1.0
cutworm,0,9,9,1.0
agmt,9,0,9,0.0
carmela,0,9,9,1.0
yak,1,8,9,0.889
muzzl,0,9,9,1.0
kiiowatt,0,9,9,1.0
coupi,0,9,9,1.0
cassock,0,9,9,1.0
chaffe,0,9,9,1.0
pueda,0,9,9,1.0
swam,0,9,9,1.0
plausibl,2,7,9,0.778
inaud,2,7,9,0.778
bridgetown,0,9,9,1.0
mme,0,9,9,1.0
landslid,2,7,9,0.778
ziff,9,0,9,0.0
farewel,4,5,9,0.556
alger,0,9,9,1.0
gaieti,0,9,9,1.0
alysia,9,0,9,0.0
horac,0,9,9,1.0
zenker,9,0,9,0.0
musket,0,9,9,1.0
schwarzbach,9,0,9,0.0
ptnl,0,9,9,1.0
careen,0,9,9,1.0
serum,0,9,9,1.0
finan,4,5,9,0.556
eben,0,9,9,1.0
herold,9,0,9,0.0
forehead,1,8,9,0.889
dilettant,0,9,9,1.0
actuel,0,9,9,1.0
obten,0,9,9,1.0
seamonkey,0,9,9,1.0
westheim,9,0,9,0.0
aplomb,0,9,9,1.0
arclength,0,9,9,1.0
trill,2,7,9,0.778
coquina,0,9,9,1.0
quanto,4,5,9,0.556
yg,0,9,9,1.0
arccosin,0,9,9,1.0
hydrochlor,0,9,9,1.0
debunk,0,9,9,1.0
prep,6,3,9,0.333
quantif,9,0,9,0.0
egregi,1,8,9,0.889
doctorz,0,9,9,1.0
chronographi,0,9,9,1.0
pumic,0,9,9,1.0
mcguir,2,7,9,0.778
hamster,0,9,9,1.0
katharin,0,9,9,1.0
mci,7,2,9,0.222
votiv,0,9,9,1.0
sinew,0,9,9,1.0
mtaol,9,0,9,0.0
triglycerid,0,9,9,1.0
lem,3,6,9,0.667
prosthesi,0,9,9,1.0
involut,0,9,9,1.0
bjefladghikm,0,9,9,1.0
burtt,0,9,9,1.0
galt,0,9,9,1.0
unnot,4,5,9,0.556
kedroski,9,0,9,0.0
mosqu,1,8,9,0.889
apotheosi,0,9,9,1.0
joshi,8,1,9,0.111
deuter,0,9,9,1.0
rosenblum,3,6,9,0.667
dunlop,0,9,9,1.0
clairvoy,0,9,9,1.0
protophyta,0,9,9,1.0
irk,1,8,9,0.889
pursuer,0,9,9,1.0
riehm,9,0,9,0.0
kulkarni,7,2,9,0.222
acepta,0,9,9,1.0
konnen,0,9,9,1.0
puddl,0,9,9,1.0
coequal,0,9,9,1.0
seleznov,9,0,9,0.0
taihoa,0,9,9,1.0
churchwoman,0,9,9,1.0
understan,0,9,9,1.0
insupport,0,9,9,1.0
hasan,9,0,9,0.0
barefac,0,9,9,1.0
offspr,2,7,9,0.778
hyne,8,1,9,0.111
yesm,0,9,9,1.0
afterlif,0,9,9,1.0
triniti,4,5,9,0.556
ü,0,9,9,1.0
bloodston,0,9,9,1.0
flout,2,7,9,0.778
bivouac,0,9,9,1.0
centerlin,0,9,9,1.0
solitari,0,9,9,1.0
travelogu,0,9,9,1.0
thrash,4,5,9,0.556
anorexia,0,9,9,1.0
protozoon,0,9,9,1.0
ipso,0,9,9,1.0
electrnica,0,9,9,1.0
garter,0,9,9,1.0
fati,2,7,9,0.778
baltimorean,0,9,9,1.0
firewail,0,9,9,1.0
waltham,5,4,9,0.444
carboxi,0,9,9,1.0
yoda,1,8,9,0.889
buergler,9,0,9,0.0
exch,1,8,9,0.889
earthenwar,0,9,9,1.0
postcondit,0,9,9,1.0
dodecahedra,0,9,9,1.0
wiaggra,0,9,9,1.0
unforgett,6,3,9,0.333
bathrob,0,9,9,1.0
etruscan,0,9,9,1.0
cruso,0,9,9,1.0
fj,0,9,9,1.0
coauthor,1,8,9,0.889
ruck,0,9,9,1.0
ingram,3,6,9,0.667
pacer,1,8,9,0.889
chargeback,9,0,9,0.0
relish,2,7,9,0.778
precambrian,0,9,9,1.0
plasmat,0,9,9,1.0
expector,1,8,9,0.889
feei,0,9,9,1.0
atavist,0,9,9,1.0
cusip,7,2,9,0.222
hydronium,0,9,9,1.0
atrav,0,9,9,1.0
layup,1,8,9,0.889
confidant,1,8,9,0.889
cmp,7,2,9,0.222
dross,0,9,9,1.0
pestilenti,0,9,9,1.0
nonheritor,0,9,9,1.0
paunch,0,9,9,1.0
feldt,9,0,9,0.0
uptown,2,7,9,0.778
lunar,0,9,9,1.0
tpc,9,0,9,0.0
acapulco,0,9,9,1.0
contien,0,9,9,1.0
doublehead,0,9,9,1.0
tacoma,4,5,9,0.556
immut,0,9,9,1.0
plaxo,0,9,9,1.0
berlitz,0,9,9,1.0
fourfold,3,6,9,0.667
revoiv,0,9,9,1.0
whittier,0,9,9,1.0
flipflop,0,9,9,1.0
noteworthi,5,4,9,0.444
sincerli,2,7,9,0.778
hrli,9,0,9,0.0
cladophora,0,9,9,1.0
crdit,0,9,9,1.0
labradorit,0,9,9,1.0
potabl,0,9,9,1.0
scuta,0,9,9,1.0
tapestri,0,9,9,1.0
gusto,0,9,9,1.0
ndjamena,0,9,9,1.0
pntermi,0,9,9,1.0
lioness,0,9,9,1.0
coheirship,0,9,9,1.0
overdid,0,9,9,1.0
wean,0,9,9,1.0
undisinherit,0,9,9,1.0
usedto,0,9,9,1.0
lacimagroup,9,0,9,0.0
countywid,0,9,9,1.0
ligament,0,9,9,1.0
bashaw,0,9,9,1.0
labil,0,9,9,1.0
cardon,9,0,9,0.0
patrimonio,0,9,9,1.0
helmut,0,9,9,1.0
jurid,0,9,9,1.0
selden,9,0,9,0.0
leftov,1,8,9,0.889
kitten,1,8,9,0.889
blab,0,9,9,1.0
kowloon,0,9,9,1.0
koennen,0,9,9,1.0
citisaf,0,9,9,1.0
htmlhead,0,9,9,1.0
microlepidopteron,0,9,9,1.0
hickman,2,7,9,0.778
niedzielski,9,0,9,0.0
methyl,3,6,9,0.667
carolinian,0,9,9,1.0
quasicontinu,0,9,9,1.0
predominantli,7,2,9,0.222
sadden,4,5,9,0.556
wearer,0,9,9,1.0
emplac,0,9,9,1.0
builtin,0,9,9,1.0
oncom,1,8,9,0.889
fgn,0,9,9,1.0
crestfallen,0,9,9,1.0
orographi,0,9,9,1.0
aviso,0,9,9,1.0
wheaton,0,9,9,1.0
topsi,0,9,9,1.0
distribuidora,2,7,9,0.778
avesta,0,9,9,1.0
wheelhors,0,9,9,1.0
seaboard,3,6,9,0.667
ibn,0,9,9,1.0
autosuggest,0,9,9,1.0
shreve,9,0,9,0.0
implacent,0,9,9,1.0
xinlan,0,9,9,1.0
guten,0,9,9,1.0
guerra,8,1,9,0.111
ultima,0,9,9,1.0
innumer,3,6,9,0.667
latitudin,0,9,9,1.0
imman,1,8,9,0.889
candela,0,9,9,1.0
looklng,0,9,9,1.0
pillow,0,9,9,1.0
haha,1,8,9,0.889
ahorro,0,9,9,1.0
wellington,2,7,9,0.778
goer,4,5,9,0.556
exemplo,0,9,9,1.0
gastraden,0,9,9,1.0
lifestyi,0,9,9,1.0
hallway,5,4,9,0.444
oatmeal,1,8,9,0.889
copperhead,0,9,9,1.0
olor,0,9,9,1.0
asphyxi,0,9,9,1.0
anis,0,9,9,1.0
wilmington,1,8,9,0.889
whitlock,0,9,9,1.0
adtran,9,0,9,0.0
cosenti,0,9,9,1.0
curiolog,0,9,9,1.0
pyongyang,0,9,9,1.0
scum,0,9,9,1.0
yore,7,2,9,0.222
litigi,2,7,9,0.778
burnish,1,8,9,0.889
helper,2,7,9,0.778
doria,0,9,9,1.0
risknew,9,0,9,0.0
catholic,0,9,9,1.0
tandem,4,5,9,0.556
rudimentari,3,6,9,0.667
duchess,0,9,9,1.0
gnomon,0,9,9,1.0
shulklapp,9,0,9,0.0
sicherheit,0,9,9,1.0
prerog,3,6,9,0.667
ectpdx,9,0,9,0.0
nieuw,0,9,9,1.0
abdullah,8,1,9,0.111
arpeggio,0,9,9,1.0
easel,0,9,9,1.0
nhl,1,8,9,0.889
mahmassani,9,0,9,0.0
htmlbodi,0,9,9,1.0
itt,0,9,9,1.0
compriest,0,9,9,1.0
unhasti,0,9,9,1.0
basica,0,9,9,1.0
elisa,7,2,9,0.222
lioudmila,0,9,9,1.0
magistr,0,9,9,1.0
gerbil,0,9,9,1.0
okamura,0,9,9,1.0
autocraci,0,9,9,1.0
allentown,2,7,9,0.778
donot,0,9,9,1.0
stokley,8,1,9,0.111
mustapha,0,9,9,1.0
sewn,0,9,9,1.0
yearn,0,9,9,1.0
trushar,9,0,9,0.0
aqueduct,1,8,9,0.889
lice,0,9,9,1.0
yp,0,9,9,1.0
ballmer,9,0,9,0.0
scroog,3,6,9,0.667
forearm,0,9,9,1.0
brainwash,0,9,9,1.0
trapezoid,0,9,9,1.0
salon,4,5,9,0.556
raker,9,0,9,0.0
fiil,0,9,9,1.0
manyoth,0,9,9,1.0
syn,4,5,9,0.556
ntativ,0,9,9,1.0
iberia,0,9,9,1.0
arbitrarili,1,8,9,0.889
boyt,9,0,9,0.0
wrapper,6,3,9,0.333
decaffein,0,9,9,1.0
skinni,2,7,9,0.778
responsiblefor,0,9,9,1.0
sistem,0,9,9,1.0
chasm,0,9,9,1.0
fuddi,0,9,9,1.0
lsoft,9,0,9,0.0
dreari,0,9,9,1.0
sphing,0,9,9,1.0
geometrician,0,9,9,1.0
powerpl,9,0,9,0.0
dlnbsp,0,9,9,1.0
adriana,8,1,9,0.111
homemak,0,9,9,1.0
polski,9,0,9,0.0
copen,9,0,9,0.0
stong,0,9,9,1.0
exclusiva,0,9,9,1.0
lucci,9,0,9,0.0
foliag,1,8,9,0.889
domiciliari,0,9,9,1.0
rummag,0,9,9,1.0
ignomini,3,6,9,0.667
moen,5,4,9,0.444
oliveira,9,0,9,0.0
protrus,0,9,9,1.0
archaism,0,9,9,1.0
surveyor,4,5,9,0.556
magnolia,5,4,9,0.444
maiil,0,9,9,1.0
marigold,0,9,9,1.0
fuifiil,0,9,9,1.0
leadsmen,0,9,9,1.0
moistur,3,6,9,0.667
seriat,0,9,9,1.0
bourgeoi,4,5,9,0.556
wintri,0,9,9,1.0
unmar,0,9,9,1.0
cwip,9,0,9,0.0
bhp,4,5,9,0.556
decolletag,0,9,9,1.0
bullhead,0,9,9,1.0
buckhorn,0,9,9,1.0
butter,3,6,9,0.667
comeback,1,8,9,0.889
malic,0,9,9,1.0
twh,9,0,9,0.0
yon,0,9,9,1.0
errant,3,6,9,0.667
knive,1,8,9,0.889
wachter,8,1,9,0.111
ninfa,9,0,9,0.0
squawk,4,5,9,0.556
ariz,7,2,9,0.222
dillingham,9,0,9,0.0
cenozo,0,9,9,1.0
coddington,0,9,9,1.0
merl,1,8,9,0.889
montali,9,0,9,0.0
vba,9,0,9,0.0
macht,3,6,9,0.667
pedant,2,7,9,0.778
itnreset,0,9,9,1.0
interdesk,9,0,9,0.0
bridgework,0,9,9,1.0
nationalist,6,3,9,0.333
ferric,0,9,9,1.0
nuptial,0,9,9,1.0
draco,0,9,9,1.0
resiz,7,2,9,0.222
beograd,0,9,9,1.0
gurunath,9,0,9,0.0
ameslan,0,9,9,1.0
toa,0,9,9,1.0
barberri,0,9,9,1.0
chartr,0,9,9,1.0
plg,8,1,9,0.111
officexp,0,9,9,1.0
diesen,1,8,9,0.889
asm,0,9,9,1.0
pocu,0,9,9,1.0
fayett,5,4,9,0.444
accompt,0,9,9,1.0
administrador,0,9,9,1.0
biscuit,0,9,9,1.0
kraus,3,6,9,0.667
gothic,0,9,9,1.0
resuscit,1,8,9,0.889
quadril,0,9,9,1.0
alsop,0,9,9,1.0
muir,0,9,9,1.0
loma,6,3,9,0.333
antacid,0,9,9,1.0
pranc,0,9,9,1.0
tym,9,0,9,0.0
talley,7,2,9,0.222
mule,2,7,9,0.778
imp,1,8,9,0.889
mantralaya,9,0,9,0.0
ciao,3,6,9,0.667
tatti,0,9,9,1.0
danubian,0,9,9,1.0
agribusi,1,8,9,0.889
getwebrx,0,9,9,1.0
textarea,0,9,9,1.0
progeni,0,9,9,1.0
miley,9,0,9,0.0
harcourt,0,9,9,1.0
unconson,0,9,9,1.0
barbour,3,6,9,0.667
transship,0,9,9,1.0
doot,9,0,9,0.0
drib,1,8,9,0.889
mitochondria,0,9,9,1.0
kirsti,9,0,9,0.0
larval,0,9,9,1.0
colo,7,2,9,0.222
iiiustrat,0,9,9,1.0
deathward,0,9,9,1.0
bolo,0,9,9,1.0
esd,9,0,9,0.0
woodcarv,0,9,9,1.0
diffserv,9,0,9,0.0
bitumen,0,9,9,1.0
nucleic,0,9,9,1.0
monstros,0,9,9,1.0
burro,0,9,9,1.0
eyedropp,0,9,9,1.0
detoxifi,0,9,9,1.0
kyli,0,9,9,1.0
kilo,0,9,9,1.0
affi,0,9,9,1.0
gin,2,7,9,0.778
mist,0,9,9,1.0
argonaut,0,9,9,1.0
enigma,3,6,9,0.667
contralater,0,9,9,1.0
rtner,0,9,9,1.0
attaind,0,9,9,1.0
clapeyron,0,9,9,1.0
insincer,0,9,9,1.0
metroguid,0,9,9,1.0
cookeri,0,9,9,1.0
cryptanalyst,0,9,9,1.0
pantywaist,0,9,9,1.0
sylvania,0,9,9,1.0
jgsfss,9,0,9,0.0
deby,0,9,9,1.0
abler,8,1,9,0.111
mcomber,9,0,9,0.0
joli,1,8,9,0.889
jawbon,0,9,9,1.0
cinch,1,8,9,0.889
buick,0,9,9,1.0
libero,0,9,9,1.0
algun,0,9,9,1.0
lakho,9,0,9,0.0
caucasian,0,9,9,1.0
randl,9,0,9,0.0
menshealth,0,9,9,1.0
babyhom,0,9,9,1.0
oti,4,5,9,0.556
woodard,2,7,9,0.778
informerci,0,9,9,1.0
mckeel,9,0,9,0.0
vang,0,9,9,1.0
carabao,0,9,9,1.0
mussuk,0,9,9,1.0
dirigido,0,9,9,1.0
specimen,0,9,9,1.0
psychopompo,0,9,9,1.0
tether,0,9,9,1.0
overdraft,3,6,9,0.667
aureomycin,0,9,9,1.0
voir,0,9,9,1.0
reattain,0,9,9,1.0
nuthatch,0,9,9,1.0
prescriptlon,0,9,9,1.0
ashmolean,0,9,9,1.0
teamleadership,9,0,9,0.0
solvenc,7,2,9,0.222
nwn,8,1,9,0.111
grandnephew,0,9,9,1.0
etechmedia,0,9,9,1.0
lodeston,0,9,9,1.0
wisent,0,9,9,1.0
globetech,0,9,9,1.0
aristocraci,0,9,9,1.0
disson,0,9,9,1.0
kramer,3,6,9,0.667
verbos,0,9,9,1.0
dada,0,9,9,1.0
electricidad,5,4,9,0.444
mh,2,7,9,0.778
voeux,0,9,9,1.0
companionway,0,9,9,1.0
snooperscop,0,9,9,1.0
soviet,2,7,9,0.778
zlu,8,1,9,0.111
craggi,0,9,9,1.0
teckn,0,9,9,1.0
gaur,0,9,9,1.0
thermo,2,7,9,0.778
cecropia,0,9,9,1.0
clatter,0,9,9,1.0
fk,0,9,9,1.0
mutat,0,9,9,1.0
trastorno,0,9,9,1.0
icodin,0,9,9,1.0
respectiveiy,0,9,9,1.0
venom,2,7,9,0.778
inclement,4,5,9,0.556
bhatnagar,9,0,9,0.0
ernet,9,0,9,0.0
promoo,0,9,9,1.0
slocum,7,2,9,0.222
cae,2,7,9,0.778
anorthosit,0,9,9,1.0
columnar,0,9,9,1.0
freuen,0,9,9,1.0
khanna,9,0,9,0.0
burri,7,2,9,0.222
alcmena,0,9,9,1.0
desegreg,1,8,9,0.889
incommensur,0,9,9,1.0
chaplin,0,9,9,1.0
berkowitz,1,8,9,0.889
handycam,0,9,9,1.0
harmaceut,0,9,9,1.0
overspecul,0,9,9,1.0
micrographi,0,9,9,1.0
brusqu,0,9,9,1.0
spindl,0,9,9,1.0
mihura,9,0,9,0.0
dictum,0,9,9,1.0
doneck,0,9,9,1.0
askanc,1,8,9,0.889
officem,0,9,9,1.0
satir,0,9,9,1.0
brassi,0,9,9,1.0
gemma,4,5,9,0.556
plt,8,1,9,0.111
yother,0,9,9,1.0
porterhous,0,9,9,1.0
familiarli,0,9,9,1.0
haggl,3,6,9,0.667
shulaw,9,0,9,0.0
oaf,0,9,9,1.0
antik,0,9,9,1.0
cipco,9,0,9,0.0
augustan,0,9,9,1.0
stencil,0,9,9,1.0
enunci,0,9,9,1.0
boxwood,0,9,9,1.0
shrivel,1,8,9,0.889
linea,0,9,9,1.0
ciceronian,0,9,9,1.0
encript,0,9,9,1.0
mischief,0,9,9,1.0
sunflow,0,9,9,1.0
trounc,1,8,9,0.889
tam,1,8,9,0.889
carpentri,0,9,9,1.0
citigroupenergi,9,0,9,0.0
christiansen,6,3,9,0.333
pounc,4,5,9,0.556
reverend,0,9,9,1.0
blomberg,0,9,9,1.0
congiomer,0,9,9,1.0
arriba,0,9,9,1.0
slur,0,9,9,1.0
crass,0,9,9,1.0
automak,8,1,9,0.111
locksmith,3,6,9,0.667
gaull,0,9,9,1.0
gimbal,0,9,9,1.0
nauseat,0,8,8,1.0
peasant,1,7,8,0.875
ksige,0,8,8,1.0
playhous,0,8,8,1.0
gibbi,0,8,8,1.0
klau,3,5,8,0.625
rez,0,8,8,1.0
pyknot,0,8,8,1.0
cosi,0,8,8,1.0
patronato,0,8,8,1.0
tomlinson,2,6,8,0.75
apoyo,0,8,8,1.0
navitouch,0,8,8,1.0
profitbann,0,8,8,1.0
escalant,3,5,8,0.625
saxophon,0,8,8,1.0
undercloth,0,8,8,1.0
zj,0,8,8,1.0
hangabl,0,8,8,1.0
unplumb,0,8,8,1.0
zh,1,7,8,0.875
jng,8,0,8,0.0
willey,2,6,8,0.75
objectifi,0,8,8,1.0
belladonna,0,8,8,1.0
kinda,7,1,8,0.125
piazza,1,7,8,0.875
clockwatch,0,8,8,1.0
bride,2,6,8,0.75
escadril,0,8,8,1.0
ditto,4,4,8,0.5
alton,1,7,8,0.875
coolli,3,5,8,0.625
numerix,8,0,8,0.0
slater,0,8,8,1.0
equilibrist,0,8,8,1.0
irreproduc,0,8,8,1.0
southland,4,4,8,0.5
readout,0,8,8,1.0
cardiod,0,8,8,1.0
inver,0,8,8,1.0
goren,3,5,8,0.625
autism,0,8,8,1.0
meed,0,8,8,1.0
crip,0,8,8,1.0
bookplat,0,8,8,1.0
clovel,8,0,8,0.0
sox,8,0,8,0.0
monocotyledon,0,8,8,1.0
absentia,4,4,8,0.5
profission,0,8,8,1.0
silki,0,8,8,1.0
filmdom,0,8,8,1.0
tut,6,2,8,0.25
hollowwar,0,8,8,1.0
realiza,0,8,8,1.0
knudson,2,6,8,0.75
sextet,0,8,8,1.0
frustum,0,8,8,1.0
bergermontagu,8,0,8,0.0
inestim,0,8,8,1.0
francoi,5,3,8,0.375
ssssss,0,8,8,1.0
glaze,0,8,8,1.0
afterword,1,7,8,0.875
gunner,2,6,8,0.75
undon,6,2,8,0.25
litmu,2,6,8,0.75
preoccupi,1,7,8,0.875
caret,0,8,8,1.0
racerx,0,8,8,1.0
helena,0,8,8,1.0
misaffect,0,8,8,1.0
extant,2,6,8,0.75
cominform,0,8,8,1.0
bruegel,0,8,8,1.0
interconnector,8,0,8,0.0
propo,0,8,8,1.0
lumpish,0,8,8,1.0
mulch,1,7,8,0.875
bator,0,8,8,1.0
runner,6,2,8,0.25
lohr,0,8,8,1.0
slippag,4,4,8,0.5
raquel,5,3,8,0.375
damask,0,8,8,1.0
watersh,4,4,8,0.5
unvot,0,8,8,1.0
pth,0,8,8,1.0
kant,0,8,8,1.0
antietam,0,8,8,1.0
simplicident,0,8,8,1.0
sunoco,8,0,8,0.0
jumbl,1,7,8,0.875
bookshelf,1,7,8,0.875
finanza,0,8,8,1.0
topeka,1,7,8,0.875
thayer,3,5,8,0.625
graff,2,6,8,0.75
testosteron,0,8,8,1.0
aau,0,8,8,1.0
reticulum,0,8,8,1.0
bangui,0,8,8,1.0
cowponi,0,8,8,1.0
consti,0,8,8,1.0
trtdtabl,0,8,8,1.0
greyhound,0,8,8,1.0
subdepress,0,8,8,1.0
shylock,0,8,8,1.0
merat,8,0,8,0.0
bidstogo,0,8,8,1.0
spokan,1,7,8,0.875
elus,2,6,8,0.75
countryman,0,8,8,1.0
botfli,0,8,8,1.0
utilitiesal,0,8,8,1.0
estudiar,0,8,8,1.0
honeycomb,0,8,8,1.0
inman,4,4,8,0.5
wini,0,8,8,1.0
histórico,0,8,8,1.0
actualis,0,8,8,1.0
italia,3,5,8,0.625
crowley,1,7,8,0.875
pericl,0,8,8,1.0
memoir,1,7,8,0.875
sparg,0,8,8,1.0
childbirth,0,8,8,1.0
chalkboard,0,8,8,1.0
groupoid,0,8,8,1.0
gloat,5,3,8,0.375
seadrift,8,0,8,0.0
depoi,0,8,8,1.0
gadfli,3,5,8,0.625
pedicur,2,6,8,0.75
schoolroom,0,8,8,1.0
cyberstor,0,8,8,1.0
dragonfl,0,8,8,1.0
euphorbia,0,8,8,1.0
vapor,2,6,8,0.75
eucr,0,8,8,1.0
frangipani,0,8,8,1.0
highfalutin,0,8,8,1.0
zzo,0,8,8,1.0
pacifi,2,6,8,0.75
checkup,2,6,8,0.75
plover,0,8,8,1.0
cotman,0,8,8,1.0
farsight,0,8,8,1.0
schwertner,8,0,8,0.0
koin,8,0,8,0.0
vise,1,7,8,0.875
corrado,0,8,8,1.0
blusoft,0,8,8,1.0
jobslog,0,8,8,1.0
frm,5,3,8,0.375
wattag,1,7,8,0.875
skirmish,2,6,8,0.75
gigabit,1,7,8,0.875
calotteri,0,8,8,1.0
overshoot,0,8,8,1.0
pnter,0,8,8,1.0
serverl,0,8,8,1.0
dogtrot,0,8,8,1.0
flick,0,8,8,1.0
fanat,0,8,8,1.0
sourdough,0,8,8,1.0
vibracular,0,8,8,1.0
è,0,8,8,1.0
selma,0,8,8,1.0
cornish,0,8,8,1.0
ordonez,8,0,8,0.0
sagittariu,0,8,8,1.0
sundar,8,0,8,0.0
playroom,0,8,8,1.0
basswood,0,8,8,1.0
serpent,0,8,8,1.0
crc,8,0,8,0.0
eydeland,8,0,8,0.0
strata,3,5,8,0.625
cwd,0,8,8,1.0
fugal,0,8,8,1.0
matu,8,0,8,0.0
belveder,0,8,8,1.0
margret,6,2,8,0.25
recient,1,7,8,0.875
jasper,3,5,8,0.625
antonym,0,8,8,1.0
mtao,0,8,8,1.0
cauter,0,8,8,1.0
itu,3,5,8,0.625
tequila,2,6,8,0.75
theti,0,8,8,1.0
malley,8,0,8,0.0
oat,2,6,8,0.75
pric,0,8,8,1.0
colloquia,0,8,8,1.0
circumflex,0,8,8,1.0
lavend,1,7,8,0.875
skrco,0,8,8,1.0
lightsab,0,8,8,1.0
qbr,8,0,8,0.0
repugn,0,8,8,1.0
extran,0,8,8,1.0
praseodymium,0,8,8,1.0
shahnaz,8,0,8,0.0
jackknif,0,8,8,1.0
ducat,0,8,8,1.0
eleventh,1,7,8,0.875
gnostic,0,8,8,1.0
devin,4,4,8,0.5
minuet,0,8,8,1.0
xunepa,0,8,8,1.0
lenticula,0,8,8,1.0
gigahertz,0,8,8,1.0
abryou,0,8,8,1.0
autotransfus,0,8,8,1.0
lacan,0,8,8,1.0
xcol,8,0,8,0.0
quad,2,6,8,0.75
chunki,0,8,8,1.0
dfbe,0,8,8,1.0
phentermiin,0,8,8,1.0
pakistani,4,4,8,0.5
picket,0,8,8,1.0
engrav,1,7,8,0.875
spars,0,8,8,1.0
feudal,1,7,8,0.875
iridium,3,5,8,0.625
pincushion,0,8,8,1.0
troika,1,7,8,0.875
deepak,8,0,8,0.0
inexpedi,0,8,8,1.0
hoider,0,8,8,1.0
omnipot,3,5,8,0.625
milf,0,8,8,1.0
littleton,2,6,8,0.75
prognosi,0,8,8,1.0
lager,0,8,8,1.0
tainti,0,8,8,1.0
croupier,0,8,8,1.0
infotex,0,8,8,1.0
bistineau,8,0,8,0.0
hypnosi,0,8,8,1.0
privatefirm,8,0,8,0.0
isssu,7,1,8,0.125
hdaf,8,0,8,0.0
ridgepol,0,8,8,1.0
unmingl,0,8,8,1.0
noviembr,0,8,8,1.0
teppco,8,0,8,0.0
schroeding,0,8,8,1.0
rai,6,2,8,0.25
colorblindt,0,8,8,1.0
costopleur,0,8,8,1.0
recomplet,0,8,8,1.0
meilo,0,8,8,1.0
gadget,2,6,8,0.75
luisa,0,8,8,1.0
masi,0,8,8,1.0
scc,4,4,8,0.5
tolr,0,8,8,1.0
datsun,0,8,8,1.0
cinemat,0,8,8,1.0
mailcomesandgo,0,8,8,1.0
windowswindow,0,8,8,1.0
horolog,0,8,8,1.0
cremat,0,8,8,1.0
yv,0,8,8,1.0
sailfish,0,8,8,1.0
burg,0,8,8,1.0
peck,1,7,8,0.875
synthesi,0,8,8,1.0
painlessli,0,8,8,1.0
boorish,0,8,8,1.0
ezequiel,8,0,8,0.0
erad,2,6,8,0.75
pinhol,0,8,8,1.0
aac,0,8,8,1.0
turpentin,1,7,8,0.875
bartholomew,0,8,8,1.0
sect,1,7,8,0.875
avici,8,0,8,0.0
reflector,0,8,8,1.0
bater,0,8,8,1.0
devout,0,8,8,1.0
salient,1,7,8,0.875
heresi,0,8,8,1.0
rigg,0,8,8,1.0
orillion,8,0,8,0.0
zac,4,4,8,0.5
profileswindow,0,8,8,1.0
rift,3,5,8,0.625
ratemak,8,0,8,0.0
plaid,3,5,8,0.625
transcontinent,1,7,8,0.875
wop,1,7,8,0.875
inan,0,8,8,1.0
ladin,8,0,8,0.0
venetian,3,5,8,0.625
laocoon,0,8,8,1.0
lithic,0,8,8,1.0
downslop,0,8,8,1.0
bessik,8,0,8,0.0
councilmen,0,8,8,1.0
mawr,0,8,8,1.0
humu,0,8,8,1.0
genset,8,0,8,0.0
hollow,0,8,8,1.0
scotsman,1,7,8,0.875
jju,0,8,8,1.0
irishman,0,8,8,1.0
ccheck,0,8,8,1.0
lube,1,7,8,0.875
effluvium,0,8,8,1.0
colloq,0,8,8,1.0
diccionario,0,8,8,1.0
physiqu,0,8,8,1.0
currant,0,8,8,1.0
lcra,8,0,8,0.0
inop,0,8,8,1.0
edgerton,0,8,8,1.0
augit,0,8,8,1.0
pensiv,0,8,8,1.0
parcela,0,8,8,1.0
dvol,8,0,8,0.0
sixtieth,0,8,8,1.0
pubiicli,0,8,8,1.0
dextros,0,8,8,1.0
irreguiar,0,8,8,1.0
grommet,0,8,8,1.0
deathridg,8,0,8,0.0
bourbaki,0,8,8,1.0
huo,7,1,8,0.125
reindeer,1,7,8,0.875
yabloko,0,8,8,1.0
annulu,0,8,8,1.0
multimillion,7,1,8,0.125
dilatori,0,8,8,1.0
bobbl,0,8,8,1.0
,0,8,8,1.0
ihii,7,1,8,0.125
muffler,0,8,8,1.0
bitternut,0,8,8,1.0
coquett,0,8,8,1.0
mathematician,1,7,8,0.875
monitori,0,8,8,1.0
knell,3,5,8,0.625
vermoegen,0,8,8,1.0
dehumidif,0,8,8,1.0
turtleback,0,8,8,1.0
disconcert,7,1,8,0.125
adicional,0,8,8,1.0
octavia,1,7,8,0.875
rhett,6,2,8,0.25
lino,0,8,8,1.0
remonstr,0,8,8,1.0
parvenu,0,8,8,1.0
papier,7,1,8,0.125
cystein,0,8,8,1.0
monro,4,4,8,0.5
coppera,0,8,8,1.0
quinta,8,0,8,0.0
bessi,0,8,8,1.0
yavlinski,0,8,8,1.0
salud,0,8,8,1.0
jewelleri,0,8,8,1.0
althau,8,0,8,0.0
env,0,8,8,1.0
strow,0,8,8,1.0
giovanni,0,8,8,1.0
stroboscop,0,8,8,1.0
anyt,0,8,8,1.0
whoa,0,8,8,1.0
tradeweb,8,0,8,0.0
general,3,5,8,0.625
knick,4,4,8,0.5
printout,5,3,8,0.375
condiment,1,7,8,0.875
forethought,0,8,8,1.0
willamett,8,0,8,0.0
raincoat,0,8,8,1.0
lakh,8,0,8,0.0
vodafon,6,2,8,0.25
martyrdom,1,7,8,0.875
pseudoviaduct,0,8,8,1.0
zymg,0,8,8,1.0
fmrc,8,0,8,0.0
naax,0,8,8,1.0
seep,2,6,8,0.75
posterior,0,8,8,1.0
dickenson,8,0,8,0.0
shar,0,8,8,1.0
squander,1,7,8,0.875
woksal,0,8,8,1.0
wardlook,0,8,8,1.0
enmiti,0,8,8,1.0
flexdex,0,8,8,1.0
vocabl,0,8,8,1.0
evoc,0,8,8,1.0
nya,7,1,8,0.125
wein,0,8,8,1.0
apresentado,0,8,8,1.0
astra,8,0,8,0.0
modulu,0,8,8,1.0
sgibner,8,0,8,0.0
tav,0,8,8,1.0
habitat,1,7,8,0.875
carmona,8,0,8,0.0
catech,0,8,8,1.0
tant,0,8,8,1.0
kudzu,1,7,8,0.875
beadl,0,8,8,1.0
agrimoni,0,8,8,1.0
earner,1,7,8,0.875
bream,1,7,8,0.875
classact,8,0,8,0.0
summat,2,6,8,0.75
ladonna,7,1,8,0.125
airplu,0,8,8,1.0
whaley,8,0,8,0.0
hifalutin,0,8,8,1.0
alexia,6,2,8,0.25
zhou,8,0,8,0.0
jouk,0,8,8,1.0
galleryfurnitur,8,0,8,0.0
chatti,0,8,8,1.0
abogado,0,8,8,1.0
octubr,0,8,8,1.0
kissimme,0,8,8,1.0
ezra,0,8,8,1.0
baggi,0,8,8,1.0
iber,0,8,8,1.0
aboveboard,3,5,8,0.625
ultramodernist,0,8,8,1.0
bassett,1,7,8,0.875
jangl,0,8,8,1.0
dromedari,0,8,8,1.0
goodwayz,0,8,8,1.0
gnat,1,7,8,0.875
somer,1,7,8,0.875
bondag,0,8,8,1.0
unhcr,0,8,8,1.0
calamit,2,6,8,0.75
summertim,0,8,8,1.0
glucosamin,0,8,8,1.0
mccarrol,8,0,8,0.0
tripromoconsult,0,8,8,1.0
astatin,0,8,8,1.0
rung,3,5,8,0.625
tuxedo,0,8,8,1.0
lila,3,5,8,0.625
bexp,8,0,8,0.0
quirki,1,7,8,0.875
cinquefoil,0,8,8,1.0
algonquin,0,8,8,1.0
looksmart,0,8,8,1.0
centena,4,4,8,0.5
nonlinear,7,1,8,0.125
ogica,0,8,8,1.0
armament,0,8,8,1.0
invo,0,8,8,1.0
deber,0,8,8,1.0
lactos,0,8,8,1.0
grievou,0,8,8,1.0
ging,4,4,8,0.5
msdw,8,0,8,0.0
babbitt,0,8,8,1.0
holometabol,0,8,8,1.0
umload,0,8,8,1.0
germanium,0,8,8,1.0
demá,0,8,8,1.0
fondl,0,8,8,1.0
amorrortu,0,8,8,1.0
kinja,0,8,8,1.0
bandb,0,8,8,1.0
wachtendorf,8,0,8,0.0
cannonbal,0,8,8,1.0
sodium,1,7,8,0.875
calligraph,0,8,8,1.0
casteth,0,8,8,1.0
revelatori,0,8,8,1.0
confiscatori,0,8,8,1.0
highbal,0,8,8,1.0
bestial,0,8,8,1.0
ker,3,5,8,0.625
css,0,8,8,1.0
semora,8,0,8,0.0
hme,0,8,8,1.0
melon,0,8,8,1.0
migratori,0,8,8,1.0
corval,0,8,8,1.0
urethra,0,8,8,1.0
tith,0,8,8,1.0
elephantin,0,8,8,1.0
pyroxenit,0,8,8,1.0
giambron,8,0,8,0.0
paddl,1,7,8,0.875
frostbit,0,8,8,1.0
councilwomen,0,8,8,1.0
finer,0,8,8,1.0
config,2,6,8,0.75
countervail,0,8,8,1.0
vernal,0,8,8,1.0
rivotril,0,8,8,1.0
earthen,0,8,8,1.0
stickl,0,8,8,1.0
schist,0,8,8,1.0
escola,0,8,8,1.0
illum,0,8,8,1.0
ellagitannin,0,8,8,1.0
perk,2,6,8,0.75
quadric,0,8,8,1.0
lynett,8,0,8,0.0
organizacji,8,0,8,0.0
taft,4,4,8,0.5
hx,0,8,8,1.0
greener,4,4,8,0.5
compensa,0,8,8,1.0
hosieri,0,8,8,1.0
czechoslovakia,0,8,8,1.0
acqu,0,8,8,1.0
gwarzo,0,8,8,1.0
eurydic,0,8,8,1.0
bisect,0,8,8,1.0
havetherefor,0,8,8,1.0
frontiersman,0,8,8,1.0
bich,8,0,8,0.0
schlieren,0,8,8,1.0
flirtati,1,7,8,0.875
gheit,8,0,8,0.0
plantain,0,8,8,1.0
waldo,2,6,8,0.75
lacross,0,8,8,1.0
leatherfish,0,8,8,1.0
dissent,8,0,8,0.0
uld,0,8,8,1.0
rum,1,7,8,0.875
fuscesc,0,8,8,1.0
dax,8,0,8,0.0
elia,4,4,8,0.5
centiped,0,8,8,1.0
cho,3,5,8,0.625
huron,0,8,8,1.0
pitchston,0,8,8,1.0
piano,0,8,8,1.0
southpaw,0,8,8,1.0
purhas,2,6,8,0.75
eyou,0,8,8,1.0
pallet,1,7,8,0.875
ergnot,8,0,8,0.0
hairpin,0,8,8,1.0
falconri,0,8,8,1.0
kenob,3,5,8,0.625
jigsaw,1,7,8,0.875
lark,0,8,8,1.0
pennysto,0,8,8,1.0
fib,0,8,8,1.0
libidodur,0,8,8,1.0
dukedom,0,8,8,1.0
penicillin,0,8,8,1.0
polyglot,0,8,8,1.0
schumach,1,7,8,0.875
schwartzenburg,8,0,8,0.0
oben,0,8,8,1.0
eap,0,8,8,1.0
obliqu,0,8,8,1.0
laval,0,8,8,1.0
sidewal,0,8,8,1.0
oomiak,0,8,8,1.0
quaiifi,0,8,8,1.0
tau,1,7,8,0.875
pinehurst,0,8,8,1.0
glade,0,8,8,1.0
postbu,0,8,8,1.0
kaolinit,0,8,8,1.0
jardim,0,8,8,1.0
carnat,0,8,8,1.0
bootlegg,0,8,8,1.0
berea,0,8,8,1.0
abcsearch,0,8,8,1.0
traips,0,8,8,1.0
fete,1,7,8,0.875
wegen,1,7,8,0.875
aesc,8,0,8,0.0
prevacid,0,8,8,1.0
rbzxgv,8,0,8,0.0
desouza,8,0,8,0.0
bachillerato,0,8,8,1.0
bannerco,0,8,8,1.0
yazilimi,0,8,8,1.0
additionaliy,0,8,8,1.0
seiko,0,8,8,1.0
bema,0,8,8,1.0
affabl,0,8,8,1.0
utopian,2,6,8,0.75
mozambiqu,7,1,8,0.125
preemin,3,5,8,0.625
tesi,0,8,8,1.0
faad,0,8,8,1.0
ibuprofen,0,8,8,1.0
gannet,0,8,8,1.0
plato,0,8,8,1.0
dalrada,0,8,8,1.0
creditmetr,8,0,8,0.0
poderá,0,8,8,1.0
mrp,8,0,8,0.0
dietet,0,8,8,1.0
lenci,6,2,8,0.25
mcbride,5,3,8,0.375
viscer,2,6,8,0.75
uday,0,8,8,1.0
mullah,1,7,8,0.875
betoni,0,8,8,1.0
sprout,2,6,8,0.75
lauderdai,0,8,8,1.0
footpac,0,8,8,1.0
lundstrom,8,0,8,0.0
coli,0,8,8,1.0
icrosoft,0,8,8,1.0
hemorrhoid,0,8,8,1.0
husbandmen,0,8,8,1.0
norfolk,2,6,8,0.75
agglutinin,0,8,8,1.0
thymectomi,0,8,8,1.0
margi,5,3,8,0.375
schism,0,8,8,1.0
galloway,3,5,8,0.625
incbggc,0,8,8,1.0
noll,0,8,8,1.0
oyal,0,8,8,1.0
inaccess,4,4,8,0.5
fortum,8,0,8,0.0
farnel,8,0,8,0.0
residenci,0,8,8,1.0
antiquari,0,8,8,1.0
dowl,0,8,8,1.0
brazaiti,8,0,8,0.0
czarina,0,8,8,1.0
cataton,0,8,8,1.0
mcelroy,1,7,8,0.875
soggili,0,8,8,1.0
harvestman,0,8,8,1.0
annalen,0,8,8,1.0
desta,0,8,8,1.0
effluvia,0,8,8,1.0
forsook,0,8,8,1.0
siiver,0,8,8,1.0
casanova,0,8,8,1.0
craftsman,0,8,8,1.0
oran,0,8,8,1.0
koc,0,8,8,1.0
nunca,0,8,8,1.0
uneasi,4,4,8,0.5
harmonica,0,8,8,1.0
pimco,8,0,8,0.0
dicranoid,0,8,8,1.0
wineri,0,8,8,1.0
tong,1,7,8,0.875
marasca,0,8,8,1.0
infinitesim,1,7,8,0.875
savett,8,0,8,0.0
erectionhealthi,0,8,8,1.0
meteorit,0,8,8,1.0
splat,0,8,8,1.0
enol,0,8,8,1.0
zaziski,0,8,8,1.0
mmfoss,8,0,8,0.0
gloucest,0,8,8,1.0
flareboard,0,8,8,1.0
commissionship,0,8,8,1.0
tical,0,8,8,1.0
diagon,1,7,8,0.875
ncm,8,0,8,0.0
esact,0,8,8,1.0
proprietor,1,7,8,0.875
invoc,1,7,8,0.875
fili,0,8,8,1.0
kapok,0,8,8,1.0
biel,0,8,8,1.0
floridli,0,8,8,1.0
uniformli,8,0,8,0.0
maverick,0,8,8,1.0
pooh,0,8,8,1.0
keaton,0,8,8,1.0
hothead,0,8,8,1.0
oleandrin,0,8,8,1.0
ihop,0,8,8,1.0
rhoda,0,8,8,1.0
impugn,0,8,8,1.0
clipboard,0,8,8,1.0
otid,8,0,8,0.0
flz,0,8,8,1.0
brasileira,2,6,8,0.75
parasol,0,8,8,1.0
buzzsaw,0,8,8,1.0
wanker,0,8,8,1.0
hafnium,0,8,8,1.0
steed,0,8,8,1.0
divelbiss,8,0,8,0.0
abcd,0,8,8,1.0
concubin,0,8,8,1.0
perfunctori,0,8,8,1.0
nadir,2,6,8,0.75
hundredfold,0,8,8,1.0
biocentr,0,8,8,1.0
rolamento,0,8,8,1.0
margem,0,8,8,1.0
matricula,0,8,8,1.0
dayb,0,8,8,1.0
rxspecial,0,8,8,1.0
recomendaton,0,8,8,1.0
biackout,0,8,8,1.0
unintrigu,0,8,8,1.0
impecc,0,8,8,1.0
bigalow,8,0,8,0.0
varieg,0,8,8,1.0
gobbledygook,0,8,8,1.0
waser,8,0,8,0.0
ubspw,8,0,8,0.0
seidman,6,2,8,0.25
propheci,2,6,8,0.75
kohlrabi,0,8,8,1.0
ferrit,0,8,8,1.0
ilgio,0,8,8,1.0
boer,0,8,8,1.0
bimonthli,0,8,8,1.0
sobrinho,8,0,8,0.0
geociti,0,8,8,1.0
regga,0,8,8,1.0
qm,1,7,8,0.875
invesco,8,0,8,0.0
impound,0,8,8,1.0
bethesda,1,7,8,0.875
weav,2,6,8,0.75
grassley,8,0,8,0.0
jovilab,0,8,8,1.0
cornbread,0,8,8,1.0
firmar,0,8,8,1.0
seaward,0,8,8,1.0
feop,0,8,8,1.0
graven,0,8,8,1.0
tortuou,1,7,8,0.875
cmltrochta,8,0,8,0.0
extremist,6,2,8,0.25
philistin,0,8,8,1.0
opac,3,5,8,0.625
substrat,0,8,8,1.0
ellwood,0,8,8,1.0
smatter,1,7,8,0.875
fresnel,0,8,8,1.0
ethiopia,1,7,8,0.875
sallow,1,7,8,0.875
locomot,1,7,8,0.875
ponc,2,6,8,0.75
investorword,8,0,8,0.0
shauywn,8,0,8,0.0
palladia,0,8,8,1.0
epipharma,0,8,8,1.0
kop,3,5,8,0.625
thesecu,0,8,8,1.0
mardi,1,7,8,0.875
maytag,8,0,8,0.0
aviatrix,0,8,8,1.0
hera,0,8,8,1.0
ght,0,8,8,1.0
bushel,2,6,8,0.75
pua,8,0,8,0.0
occlus,0,8,8,1.0
hoi,0,8,8,1.0
responsibl,8,0,8,0.0
electricx,8,0,8,0.0
duasý,0,8,8,1.0
retread,0,8,8,1.0
committeeman,0,8,8,1.0
lola,3,5,8,0.625
converi,8,0,8,0.0
barnet,0,8,8,1.0
aldou,8,0,8,0.0
ganar,0,8,8,1.0
jednak,8,0,8,0.0
wherefor,0,8,8,1.0
okunur,0,8,8,1.0
nautilu,0,8,8,1.0
armonk,0,8,8,1.0
muddi,4,4,8,0.5
contretemp,0,8,8,1.0
etstest,8,0,8,0.0
cto,4,4,8,0.5
commonw,0,8,8,1.0
paye,6,2,8,0.25
strategicaili,0,8,8,1.0
forfend,0,8,8,1.0
socio,0,8,8,1.0
doubloon,0,8,8,1.0
omic,0,8,8,1.0
umption,0,8,8,1.0
undespond,0,8,8,1.0
stefan,2,6,8,0.75
likeiy,0,8,8,1.0
shanti,0,8,8,1.0
vaiuation,0,8,8,1.0
corpoffic,8,0,8,0.0
iaee,8,0,8,0.0
unearth,5,3,8,0.375
finley,3,5,8,0.625
organizacin,0,8,8,1.0
christianson,0,8,8,1.0
hoje,0,8,8,1.0
avf,0,8,8,1.0
stagedom,0,8,8,1.0
quarrymen,0,8,8,1.0
gauleit,0,8,8,1.0
apic,0,8,8,1.0
manumit,0,8,8,1.0
amouth,0,8,8,1.0
bott,8,0,8,0.0
mimetrack,8,0,8,0.0
erlenmey,0,8,8,1.0
crabmeat,0,8,8,1.0
sandblast,0,8,8,1.0
faretrack,8,0,8,0.0
dutchman,0,8,8,1.0
pnte,0,8,8,1.0
rood,0,8,8,1.0
crain,1,7,8,0.875
unsold,3,5,8,0.625
inquisit,0,8,8,1.0
unedit,4,4,8,0.5
misma,0,8,8,1.0
lomb,0,8,8,1.0
nomlog,8,0,8,0.0
corpsmen,0,8,8,1.0
gsvdv,0,8,8,1.0
boathous,0,8,8,1.0
meier,2,6,8,0.75
kerosen,4,4,8,0.5
topographi,0,8,8,1.0
enn,8,0,8,0.0
pharmacolog,0,8,8,1.0
cashbynet,0,8,8,1.0
anyhgh,0,8,8,1.0
follicl,0,8,8,1.0
osier,0,8,8,1.0
sterneb,0,8,8,1.0
alberich,0,8,8,1.0
dumbest,5,3,8,0.375
pontiac,0,8,8,1.0
goatherd,0,8,8,1.0
upholsteri,0,8,8,1.0
succesfu,0,8,8,1.0
pulitz,1,7,8,0.875
roadmat,0,8,8,1.0
foamflow,0,8,8,1.0
charlesworth,0,8,8,1.0
bcv,0,8,8,1.0
westernpoint,0,8,8,1.0
cress,0,8,8,1.0
stalin,4,4,8,0.5
feinstein,7,1,8,0.125
falsehood,0,8,8,1.0
gnaw,0,8,8,1.0
bagley,0,8,8,1.0
uch,0,8,8,1.0
clausura,0,8,8,1.0
suffoc,0,8,8,1.0
tijuana,1,7,8,0.875
commonest,0,8,8,1.0
caspian,2,6,8,0.75
diethylstilbestrol,0,8,8,1.0
doue,0,8,8,1.0
moyer,2,6,8,0.75
innerlogo,0,8,8,1.0
quaver,0,8,8,1.0
triangular,0,8,8,1.0
covert,0,8,8,1.0
pdq,8,0,8,0.0
hitherto,2,6,8,0.75
seanet,0,8,8,1.0
siren,0,8,8,1.0
navighi,0,8,8,1.0
brbrsee,0,8,8,1.0
katya,2,6,8,0.75
upseb,8,0,8,0.0
fincl,8,0,8,0.0
creaki,0,8,8,1.0
menlo,3,5,8,0.625
muck,0,8,8,1.0
lxt,0,8,8,1.0
contributori,0,8,8,1.0
abas,0,8,8,1.0
kothari,8,0,8,0.0
drozdiak,8,0,8,0.0
tement,0,8,8,1.0
cartilagin,0,8,8,1.0
tristatecapit,0,8,8,1.0
apostila,0,8,8,1.0
deterg,2,6,8,0.75
bellatrix,0,8,8,1.0
slightiy,0,8,8,1.0
medicaid,5,3,8,0.375
badminton,0,8,8,1.0
þu,0,8,8,1.0
transcrib,2,6,8,0.75
newlyw,0,8,8,1.0
stoxmarket,0,8,8,1.0
mna,5,3,8,0.375
countrysid,0,8,8,1.0
icip,0,8,8,1.0
cca,6,2,8,0.25
psychoacoust,0,8,8,1.0
masqu,0,8,8,1.0
tempera,1,7,8,0.875
anted,0,8,8,1.0
swath,0,8,8,1.0
grubbi,0,8,8,1.0
hotoshop,0,8,8,1.0
iliti,0,8,8,1.0
paulin,1,7,8,0.875
impractic,0,8,8,1.0
viennes,0,8,8,1.0
decollim,0,8,8,1.0
ravindran,8,0,8,0.0
teahous,0,8,8,1.0
bottomley,8,0,8,0.0
ciudadana,0,8,8,1.0
kilpatrick,0,8,8,1.0
confirmcorp,8,0,8,0.0
chicayot,0,8,8,1.0
tipperi,8,0,8,0.0
comex,8,0,8,0.0
horrif,7,1,8,0.125
mizar,0,8,8,1.0
southard,8,0,8,0.0
pizzicato,0,8,8,1.0
wallboard,1,7,8,0.875
slither,0,8,8,1.0
cch,0,8,8,1.0
whittl,5,3,8,0.375
knowl,3,5,8,0.625
semant,2,6,8,0.75
roomi,4,4,8,0.5
samiel,0,8,8,1.0
rpubliqu,0,8,8,1.0
clarendon,0,8,8,1.0
vasquez,6,2,8,0.25
decisionmak,0,8,8,1.0
prescripti,0,8,8,1.0
verbatim,1,7,8,0.875
hutchison,2,6,8,0.75
honore,0,8,8,1.0
neptunium,0,8,8,1.0
fabless,0,8,8,1.0
nicodemu,0,8,8,1.0
incoher,0,8,8,1.0
biharmon,0,8,8,1.0
diversionari,0,8,8,1.0
hoax,2,6,8,0.75
cipat,0,8,8,1.0
bovin,1,7,8,0.875
dignifi,0,8,8,1.0
expon,0,8,8,1.0
cadastro,0,8,8,1.0
sana,0,8,8,1.0
longfellow,0,8,8,1.0
mutt,0,8,8,1.0
toroid,0,8,8,1.0
alkhayat,8,0,8,0.0
scrubber,7,1,8,0.125
sdi,0,8,8,1.0
cud,0,8,8,1.0
icp,0,8,8,1.0
wyandott,0,8,8,1.0
embow,0,8,8,1.0
flounc,0,8,8,1.0
pilfer,0,8,8,1.0
rewritten,8,0,8,0.0
mutini,0,8,8,1.0
shahdom,0,8,8,1.0
skunkwork,8,0,8,0.0
casbah,0,8,8,1.0
throng,2,6,8,0.75
onlinepharmaci,0,8,8,1.0
cezann,1,7,8,0.875
floridian,0,8,8,1.0
laidlaw,3,5,8,0.625
painewebb,8,0,8,0.0
annuli,0,8,8,1.0
counterfeit,2,6,8,0.75
fullpag,0,8,8,1.0
kalu,4,4,8,0.5
bammelyoungfamili,8,0,8,0.0
empilhadeira,0,8,8,1.0
canker,0,8,8,1.0
cashpromot,0,8,8,1.0
seh,7,1,8,0.125
jorion,8,0,8,0.0
friez,0,8,8,1.0
flaherman,8,0,8,0.0
groat,0,8,8,1.0
bouffant,0,8,8,1.0
homomorph,0,8,8,1.0
pau,0,8,8,1.0
telegram,1,7,8,0.875
arrack,0,8,8,1.0
leander,0,8,8,1.0
signor,0,8,8,1.0
brickbat,0,8,8,1.0
lonesom,0,8,8,1.0
rhodonit,0,8,8,1.0
roach,4,4,8,0.5
xmo,0,8,8,1.0
eggshel,0,8,8,1.0
unblanch,0,8,8,1.0
chloroplatin,0,8,8,1.0
breakag,1,7,8,0.875
pharmo,0,8,8,1.0
slog,0,8,8,1.0
uhcl,8,0,8,0.0
rudwel,8,0,8,0.0
iqu,0,8,8,1.0
fructifi,0,8,8,1.0
gamin,0,8,8,1.0
scincoid,0,8,8,1.0
publicitaria,0,8,8,1.0
idf,8,0,8,0.0
lounsburi,0,8,8,1.0
harish,8,0,8,0.0
botchlett,8,0,8,0.0
onychophyma,0,8,8,1.0
mirth,0,8,8,1.0
whine,5,3,8,0.375
saturn,5,3,8,0.375
flog,0,8,8,1.0
impud,0,8,8,1.0
esmark,0,8,8,1.0
rop,0,8,8,1.0
stepfath,0,8,8,1.0
bathurst,0,8,8,1.0
harbert,8,0,8,0.0
fishpond,0,8,8,1.0
servico,7,1,8,0.125
aforesaid,1,7,8,0.875
toughest,5,3,8,0.375
thomason,8,0,8,0.0
dival,0,8,8,1.0
nospam,0,8,8,1.0
hunaid,8,0,8,0.0
painstak,3,5,8,0.625
gargl,0,8,8,1.0
decasperm,0,8,8,1.0
ovum,0,8,8,1.0
infraestructura,0,8,8,1.0
alcesti,0,8,8,1.0
quarantin,4,4,8,0.5
conferencia,4,4,8,0.5
leah,8,0,8,0.0
maul,0,8,8,1.0
ludicr,5,3,8,0.375
neostriatum,0,8,8,1.0
ntp,8,0,8,0.0
humeru,0,8,8,1.0
cathedra,0,8,8,1.0
nachrichten,0,8,8,1.0
ude,0,8,8,1.0
rosari,0,8,8,1.0
libretto,0,8,8,1.0
payton,7,1,8,0.125
virgil,0,8,8,1.0
ausland,0,8,8,1.0
alveolu,0,8,8,1.0
splint,0,8,8,1.0
texmex,8,0,8,0.0
hrsg,8,0,8,0.0
undo,6,2,8,0.25
megalomania,0,8,8,1.0
slutti,0,8,8,1.0
fcm,0,8,8,1.0
rancid,0,8,8,1.0
buttermilk,0,8,8,1.0
fuss,2,6,8,0.75
quattrocchi,8,0,8,0.0
obelisk,0,8,8,1.0
myel,0,8,8,1.0
dzcv,8,0,8,0.0
mali,0,8,8,1.0
amrresearch,8,0,8,0.0
patrist,0,8,8,1.0
wool,2,6,8,0.75
xcel,8,0,8,0.0
newland,8,0,8,0.0
usc,2,6,8,0.75
disaccharid,0,8,8,1.0
helmet,2,6,8,0.75
mole,1,7,8,0.875
downstair,1,7,8,0.875
schenectadi,0,8,8,1.0
lianc,0,8,8,1.0
nari,1,7,8,0.875
smokescreen,1,7,8,0.875
funtimed,0,8,8,1.0
brazoria,8,0,8,0.0
twc,2,6,8,0.75
baklava,0,8,8,1.0
leeward,0,8,8,1.0
zr,3,5,8,0.625
terrac,2,6,8,0.75
kiva,1,7,8,0.875
glimps,3,5,8,0.625
matchavariani,8,0,8,0.0
tremul,0,8,8,1.0
rucku,1,7,8,0.875
kaul,8,0,8,0.0
quickplac,8,0,8,0.0
dealloc,0,8,8,1.0
urn,0,8,8,1.0
wcom,8,0,8,0.0
humpti,0,8,8,1.0
infiamm,0,8,8,1.0
annapoli,0,8,8,1.0
fossilifer,0,8,8,1.0
maximo,0,8,8,1.0
porch,2,6,8,0.75
sanvido,8,0,8,0.0
bremen,1,7,8,0.875
mmm,3,5,8,0.625
cheesecloth,0,8,8,1.0
qualcomm,5,3,8,0.375
humour,1,7,8,0.875
cpunk,0,8,8,1.0
thereon,1,7,8,0.875
fbo,0,8,8,1.0
cornea,0,8,8,1.0
splay,0,8,8,1.0
boyar,0,8,8,1.0
inhold,0,8,8,1.0
ichneumon,0,8,8,1.0
counterintuit,1,7,8,0.875
californium,0,8,8,1.0
steadfast,2,6,8,0.75
bouncingli,0,8,8,1.0
osteopath,0,8,8,1.0
xango,0,8,8,1.0
spongi,0,8,8,1.0
ibekw,0,8,8,1.0
ipar,0,8,8,1.0
xer,0,8,8,1.0
zimpfer,0,8,8,1.0
goldfish,0,8,8,1.0
wreath,0,8,8,1.0
shin,5,3,8,0.375
okaro,0,8,8,1.0
numismatist,0,8,8,1.0
chinawtc,0,8,8,1.0
swore,0,8,8,1.0
dalal,8,0,8,0.0
boletu,0,8,8,1.0
marston,8,0,8,0.0
anwr,8,0,8,0.0
sylvest,0,8,8,1.0
rtackett,8,0,8,0.0
fusillad,0,8,8,1.0
annonac,0,8,8,1.0
springtim,0,8,8,1.0
ngt,8,0,8,0.0
olin,3,5,8,0.625
muskellung,0,8,8,1.0
dewitt,0,8,8,1.0
direta,0,8,8,1.0
ponderosa,8,0,8,0.0
horrio,0,8,8,1.0
megalomaniac,0,8,8,1.0
chargeabl,0,8,8,1.0
chikhloo,0,8,8,1.0
shareown,3,5,8,0.625
goldwat,0,8,8,1.0
gerhardt,0,8,8,1.0
melodrama,0,8,8,1.0
somalia,2,6,8,0.75
dziadek,8,0,8,0.0
mda,5,3,8,0.375
shrew,0,8,8,1.0
dena,6,2,8,0.25
octenni,0,8,8,1.0
millin,7,1,8,0.125
berniec,0,8,8,1.0
disassoci,0,8,8,1.0
filet,3,5,8,0.625
subprim,1,7,8,0.875
allspic,0,8,8,1.0
sidewalk,1,7,8,0.875
gpo,1,7,8,0.875
sead,8,0,8,0.0
dairylea,0,8,8,1.0
sweepsatstak,0,8,8,1.0
ovat,0,8,8,1.0
helix,0,8,8,1.0
lipsett,8,0,8,0.0
smtpd,1,7,8,0.875
diversa,0,8,8,1.0
amand,1,7,8,0.875
volplan,0,8,8,1.0
cricket,1,7,8,0.875
carleton,0,8,8,1.0
ø,0,8,8,1.0
seroalbumin,0,8,8,1.0
sapl,0,8,8,1.0
countrymen,0,8,8,1.0
scarlet,2,6,8,0.75
finrad,8,0,8,0.0
oxxl,0,8,8,1.0
abdomen,0,8,8,1.0
kneel,1,7,8,0.875
isero,8,0,8,0.0
oldster,0,8,8,1.0
lor,0,8,8,1.0
trespass,0,8,8,1.0
expectat,0,8,8,1.0
dmxp,0,8,8,1.0
labori,0,8,8,1.0
trigonometri,0,8,8,1.0
flippant,0,8,8,1.0
harpoon,0,8,8,1.0
biraci,0,8,8,1.0
creon,0,8,8,1.0
gigavolt,0,8,8,1.0
biotit,0,8,8,1.0
nob,5,3,8,0.375
bz,2,6,8,0.75
sonora,3,5,8,0.625
enjoymedia,0,8,8,1.0
pooch,0,8,8,1.0
hotti,1,7,8,0.875
rmonlin,0,8,8,1.0
throne,0,8,8,1.0
apprentic,0,8,8,1.0
baden,0,8,8,1.0
drizzli,0,8,8,1.0
continuousiy,0,8,8,1.0
orwel,0,8,8,1.0
redtop,0,8,8,1.0
evansvil,0,8,8,1.0
latvia,2,6,8,0.75
rhenn,8,0,8,0.0
trilog,2,6,8,0.75
bastant,0,8,8,1.0
borderlin,2,6,8,0.75
quonset,0,8,8,1.0
joh,7,1,8,0.125
snook,0,8,8,1.0
bedpost,0,8,8,1.0
synneusi,0,8,8,1.0
complexionless,0,8,8,1.0
sextuplet,0,8,8,1.0
ferrul,0,8,8,1.0
pronoun,0,8,8,1.0
skull,0,8,8,1.0
ä,0,8,8,1.0
palfrey,2,6,8,0.75
pompadour,0,8,8,1.0
ideologu,0,8,8,1.0
defa,0,8,8,1.0
surrog,2,6,8,0.75
blip,1,7,8,0.875
calvici,0,8,8,1.0
incas,1,7,8,0.875
recon,3,5,8,0.625
errrect,0,8,8,1.0
therapist,0,8,8,1.0
makinen,8,0,8,0.0
eprim,8,0,8,0.0
indistinguish,0,8,8,1.0
mismat,0,8,8,1.0
autri,8,0,8,0.0
cejf,0,8,8,1.0
shirk,0,8,8,1.0
ashtray,0,8,8,1.0
bloat,0,8,8,1.0
hissproof,0,8,8,1.0
foresightless,0,8,8,1.0
kurth,8,0,8,0.0
thiink,0,8,8,1.0
palazzo,0,8,8,1.0
theo,5,3,8,0.375
chameleon,0,8,8,1.0
zoonomia,0,8,8,1.0
internetcd,0,8,8,1.0
mainstay,2,6,8,0.75
ordeal,3,5,8,0.625
denatur,0,8,8,1.0
characteris,8,0,8,0.0
curium,0,8,8,1.0
leatherback,0,8,8,1.0
staten,0,8,8,1.0
genteel,0,8,8,1.0
especializado,0,8,8,1.0
securi,0,8,8,1.0
toad,0,8,8,1.0
ukrauto,0,8,8,1.0
roughtail,0,8,8,1.0
reuben,1,7,8,0.875
exual,0,8,8,1.0
phytoestrogen,0,8,8,1.0
sadiq,0,8,8,1.0
shampoo,3,5,8,0.625
ineradic,0,8,8,1.0
terrestri,0,8,8,1.0
vine,4,4,8,0.5
hap,2,6,8,0.75
peas,5,3,8,0.375
dicha,0,8,8,1.0
elegiac,0,8,8,1.0
hurtl,0,8,8,1.0
gneiss,0,8,8,1.0
kindest,1,7,8,0.875
walia,8,0,8,0.0
chamberlain,0,8,8,1.0
diurnal,0,8,8,1.0
angstrom,0,8,8,1.0
neanderth,0,8,8,1.0
amazi,0,8,8,1.0
mulholland,8,0,8,0.0
hardin,3,5,8,0.625
camlem,8,0,8,0.0
wartim,4,4,8,0.5
thermoelectr,8,0,8,0.0
totai,0,8,8,1.0
ethyl,1,7,8,0.875
pisanti,8,0,8,0.0
acylogen,0,8,8,1.0
heeft,0,8,8,1.0
ciinica,0,8,8,1.0
commodor,0,8,8,1.0
andorra,0,8,8,1.0
tswg,8,0,8,0.0
sclerot,0,8,8,1.0
buchenwald,0,8,8,1.0
congenit,0,8,8,1.0
floodlight,0,8,8,1.0
potomac,3,5,8,0.625
debauch,0,8,8,1.0
wot,7,1,8,0.125
asept,0,8,8,1.0
mechel,7,1,8,0.125
jako,8,0,8,0.0
flemish,1,7,8,0.875
oferec,0,8,8,1.0
cabaret,0,8,8,1.0
unsimpl,0,8,8,1.0
gallonag,0,8,8,1.0
groggi,0,8,8,1.0
galley,3,5,8,0.625
succumb,4,4,8,0.5
globular,0,8,8,1.0
rtisement,0,8,8,1.0
shifali,8,0,8,0.0
contenu,6,2,8,0.25
fritch,8,0,8,0.0
frazzl,2,6,8,0.75
extrovers,0,8,8,1.0
nemtsov,0,8,8,1.0
sheldon,5,3,8,0.375
gci,0,8,8,1.0
fraisi,8,0,8,0.0
lookback,8,0,8,0.0
letterman,0,8,8,1.0
ameriflash,8,0,8,0.0
plier,2,6,8,0.75
puckish,0,8,8,1.0
peis,0,8,8,1.0
phosphoryl,0,8,8,1.0
homerun,1,7,8,0.875
elat,0,8,8,1.0
misbil,0,8,8,1.0
silt,0,8,8,1.0
emblemat,0,8,8,1.0
doramail,0,8,8,1.0
uphold,6,2,8,0.25
bundu,0,8,8,1.0
cristina,5,3,8,0.375
mtodo,0,8,8,1.0
metroplex,0,8,8,1.0
tumult,5,3,8,0.375
freelinksnetwork,0,8,8,1.0
draemer,8,0,8,0.0
downdraft,1,7,8,0.875
wield,4,4,8,0.5
ruwan,8,0,8,0.0
lattic,1,7,8,0.875
deletedl,0,8,8,1.0
underwat,8,0,8,0.0
reshuffl,5,3,8,0.375
lavabo,0,8,8,1.0
jaedick,8,0,8,0.0
enchant,3,5,8,0.625
highpric,0,8,8,1.0
refractori,0,8,8,1.0
renomin,8,0,8,0.0
lindbergh,0,8,8,1.0
fledgl,5,3,8,0.375
portend,1,7,8,0.875
convieni,2,6,8,0.75
cmht,8,0,8,0.0
callaghan,1,7,8,0.875
alundum,0,8,8,1.0
pkwi,1,7,8,0.875
engl,2,6,8,0.75
planoconvex,0,8,8,1.0
prussia,0,8,8,1.0
investiss,0,8,8,1.0
ncp,8,0,8,0.0
tenneco,2,6,8,0.75
ngw,0,8,8,1.0
compt,0,8,8,1.0
duri,0,8,8,1.0
counterpois,0,8,8,1.0
dodger,2,6,8,0.75
alulet,0,8,8,1.0
breakeven,5,3,8,0.375
rutherford,3,5,8,0.625
writh,0,8,8,1.0
shako,0,8,8,1.0
dampier,0,8,8,1.0
crummi,1,7,8,0.875
chore,1,7,8,0.875
khaki,4,4,8,0.5
nedbank,0,8,8,1.0
serendip,0,8,8,1.0
gantlet,0,8,8,1.0
washburn,0,8,8,1.0
uce,0,8,8,1.0
firefli,0,8,8,1.0
arr,5,3,8,0.375
franker,2,6,8,0.75
ottawa,1,7,8,0.875
icat,0,8,8,1.0
incongru,1,7,8,0.875
sexiest,0,8,8,1.0
firststepsit,8,0,8,0.0
trig,0,8,8,1.0
olivu,0,8,8,1.0
leela,8,0,8,0.0
psychotherapist,0,8,8,1.0
gangway,0,8,8,1.0
dopant,0,8,8,1.0
measl,0,8,8,1.0
conferr,0,8,8,1.0
aryl,0,8,8,1.0
diathesi,0,8,8,1.0
dominio,0,8,8,1.0
kucho,0,8,8,1.0
lerea,8,0,8,0.0
nsw,5,3,8,0.375
midafternoon,8,0,8,0.0
pisd,8,0,8,0.0
countermen,0,8,8,1.0
zp,4,4,8,0.5
apathet,0,8,8,1.0
lookup,0,8,8,1.0
underneath,3,5,8,0.625
infern,0,8,8,1.0
winc,2,6,8,0.75
siempr,0,8,8,1.0
boatyard,0,8,8,1.0
amerex,8,0,8,0.0
coleridg,0,8,8,1.0
fineri,3,5,8,0.625
omnibu,5,3,8,0.375
thom,6,2,8,0.25
repiy,0,8,8,1.0
shriek,1,7,8,0.875
macroscop,0,8,8,1.0
suryan,8,0,8,0.0
gimmickri,0,8,8,1.0
reparación,0,8,8,1.0
enid,1,7,8,0.875
roenz,8,0,8,0.0
thigh,0,8,8,1.0
brimston,0,8,8,1.0
minstrelsi,0,8,8,1.0
swarthmor,0,8,8,1.0
beryl,0,8,8,1.0
nostril,0,8,8,1.0
medel,8,0,8,0.0
gulli,0,8,8,1.0
copybook,0,8,8,1.0
tenemo,0,8,8,1.0
ardenc,0,8,8,1.0
mbeki,0,8,8,1.0
neccessari,1,7,8,0.875
revaccin,0,8,8,1.0
ýngýlýzce,0,8,8,1.0
vonbock,8,0,8,0.0
spn,0,8,8,1.0
fluorid,0,8,8,1.0
archfool,0,8,8,1.0
preempt,4,4,8,0.5
birdse,0,8,8,1.0
moiseyev,0,8,8,1.0
pactiv,0,8,8,1.0
hydroxi,0,8,8,1.0
sulfid,0,8,8,1.0
usjf,8,0,8,0.0
unsurpass,0,8,8,1.0
espaol,0,8,8,1.0
rumpl,0,8,8,1.0
flagston,0,8,8,1.0
lupu,6,2,8,0.25
julho,0,8,8,1.0
altimet,0,8,8,1.0
enclosur,5,3,8,0.375
stunt,2,6,8,0.75
basophil,0,8,8,1.0
gdzie,3,5,8,0.625
hydrant,0,8,8,1.0
archeri,0,8,8,1.0
midwint,0,8,8,1.0
roberta,0,8,8,1.0
masochist,0,8,8,1.0
cranston,0,8,8,1.0
jock,0,8,8,1.0
mississauga,0,8,8,1.0
blandish,0,8,8,1.0
weijun,8,0,8,0.0
franca,0,8,8,1.0
genar,0,8,8,1.0
sincalin,0,8,8,1.0
candlelight,2,6,8,0.75
epsomit,0,8,8,1.0
heaney,8,0,8,0.0
horsehair,0,8,8,1.0
sideman,0,8,8,1.0
llevar,1,7,8,0.875
cnerp,0,8,8,1.0
behr,8,0,8,0.0
advise,0,8,8,1.0
frigga,0,8,8,1.0
thingman,0,8,8,1.0
idealiy,0,8,8,1.0
butcher,3,5,8,0.625
approb,0,8,8,1.0
kemen,8,0,8,0.0
usx,8,0,8,0.0
strongfont,0,8,8,1.0
muzi,0,8,8,1.0
fungibl,2,6,8,0.75
pune,3,5,8,0.625
talcott,8,0,8,0.0
ocai,0,8,8,1.0
physcial,8,0,8,0.0
mothbal,4,4,8,0.5
efectivo,0,8,8,1.0
siphon,1,7,8,0.875
celiu,0,8,8,1.0
haitian,0,8,8,1.0
oswald,0,8,8,1.0
politick,4,4,8,0.5
koka,8,0,8,0.0
vailey,0,8,8,1.0
insouci,3,5,8,0.625
moneywort,0,8,8,1.0
stockmak,0,8,8,1.0
aider,0,8,8,1.0
satx,8,0,8,0.0
ehold,0,8,8,1.0
sanitarium,0,8,8,1.0
ionospher,0,8,8,1.0
flotat,3,5,8,0.625
farouk,8,0,8,0.0
awsuit,0,8,8,1.0
surmount,1,7,8,0.875
needlepoint,0,8,8,1.0
caldera,1,7,8,0.875
rodolfo,7,1,8,0.125
singabl,0,8,8,1.0
transcod,0,8,8,1.0
gumbo,0,8,8,1.0
tallow,0,8,8,1.0
repr,0,8,8,1.0
crone,0,8,8,1.0
vade,0,8,8,1.0
circumscript,0,8,8,1.0
tgp,8,0,8,0.0
christain,1,7,8,0.875
gosl,1,7,8,0.875
eest,0,8,8,1.0
mummi,0,8,8,1.0
organizao,0,8,8,1.0
türkçe,0,8,8,1.0
mooki,0,8,8,1.0
eshopp,0,8,8,1.0
mexicana,0,8,8,1.0
nowis,0,8,8,1.0
magnat,0,8,8,1.0
sidecar,0,8,8,1.0
transitori,3,5,8,0.625
fondli,1,7,8,0.875
daewoo,3,5,8,0.625
oceansid,0,8,8,1.0
stathi,8,0,8,0.0
choreographi,0,8,8,1.0
kokinda,8,0,8,0.0
knack,1,7,8,0.875
burger,2,6,8,0.75
ciimb,0,8,8,1.0
droop,0,8,8,1.0
eavesdropp,1,7,8,0.875
pleistocen,0,8,8,1.0
lmbgfaeh,0,8,8,1.0
vanek,8,0,8,0.0
curli,0,8,8,1.0
geiger,1,7,8,0.875
affer,0,8,8,1.0
matic,0,8,8,1.0
crispin,0,8,8,1.0
redston,0,8,8,1.0
pharrn,0,8,8,1.0
mouthpiec,0,8,8,1.0
mbaban,0,8,8,1.0
interno,0,8,8,1.0
blackrock,8,0,8,0.0
epimorph,0,8,8,1.0
tgc,8,0,8,0.0
lilac,0,8,8,1.0
anatom,0,8,8,1.0
scoreboard,3,5,8,0.625
rockbound,0,8,8,1.0
patio,2,6,8,0.75
wx,2,6,8,0.75
contraven,0,8,8,1.0
magnanim,0,8,8,1.0
authoritarian,0,8,8,1.0
sculptor,0,8,8,1.0
penit,0,8,8,1.0
asiat,0,8,8,1.0
ladwp,8,0,8,0.0
finaiiz,0,8,8,1.0
hyphen,1,7,8,0.875
instanti,0,8,8,1.0
uniphas,8,0,8,0.0
canteen,0,8,8,1.0
credo,0,8,8,1.0
chinamen,0,8,8,1.0
ecumenist,0,8,8,1.0
sullo,8,0,8,0.0
manic,0,8,8,1.0
leer,1,7,8,0.875
caitech,0,8,8,1.0
perihelion,0,8,8,1.0
berglund,0,8,8,1.0
corvoid,0,8,8,1.0
clotho,0,8,8,1.0
jamm,0,8,8,1.0
mizuho,0,8,8,1.0
tradabl,8,0,8,0.0
lora,7,1,8,0.125
clergyman,0,8,8,1.0
falloff,4,4,8,0.5
flak,1,7,8,0.875
kombu,0,8,8,1.0
royc,2,6,8,0.75
workmanlik,0,8,8,1.0
chirp,0,8,8,1.0
przepraszam,8,0,8,0.0
hapsburg,0,8,8,1.0
lqqk,0,8,8,1.0
lett,2,6,8,0.75
epp,7,1,8,0.125
pilll,0,8,8,1.0
instalar,0,8,8,1.0
lineaslada,0,8,8,1.0
bernardino,0,8,8,1.0
grope,0,8,8,1.0
forsak,2,6,8,0.75
escapad,0,8,8,1.0
holyston,0,8,8,1.0
bursti,0,8,8,1.0
bericht,0,8,8,1.0
predictor,1,7,8,0.875
macroprocessor,0,8,8,1.0
fibromyalgia,0,8,8,1.0
bandstand,0,8,8,1.0
persh,0,8,8,1.0
aftermarket,0,8,8,1.0
zoe,3,5,8,0.625
samaniego,8,0,8,0.0
cgt,8,0,8,0.0
armenia,0,8,8,1.0
bitwis,0,8,8,1.0
incalcul,0,8,8,1.0
steami,0,8,8,1.0
hoyt,3,5,8,0.625
xnx,0,8,8,1.0
plowman,0,8,8,1.0
memoranda,1,7,8,0.875
fha,0,8,8,1.0
nico,1,7,8,0.875
handpick,6,2,8,0.25
buchwald,0,8,8,1.0
nightshirt,0,8,8,1.0
leaflet,2,6,8,0.75
erranc,0,8,8,1.0
pvol,8,0,8,0.0
stroll,4,4,8,0.5
dino,2,6,8,0.75
amra,0,8,8,1.0
werbung,0,8,8,1.0
esti,0,8,8,1.0
circ,0,8,8,1.0
afre,0,8,8,1.0
counci,0,8,8,1.0
frock,0,8,8,1.0
epiderm,0,8,8,1.0
orthonorm,0,8,8,1.0
asund,0,8,8,1.0
assylum,0,8,8,1.0
mcrae,5,3,8,0.375
coiffur,0,8,8,1.0
mandola,8,0,8,0.0
calcuiat,0,8,8,1.0
haiku,0,8,8,1.0
madeira,0,8,8,1.0
weblog,0,8,8,1.0
ervin,3,5,8,0.625
preteen,0,8,8,1.0
hater,0,8,8,1.0
captor,0,8,8,1.0
headstand,0,8,8,1.0
wz,0,8,8,1.0
espinosa,0,8,8,1.0
sangwin,8,0,8,0.0
lifeblood,2,6,8,0.75
boredom,0,8,8,1.0
bourgeoisi,0,8,8,1.0
banjo,1,7,8,0.875
normalci,3,5,8,0.625
hesist,0,8,8,1.0
goof,3,5,8,0.625
baud,0,8,8,1.0
bea,2,6,8,0.75
rk,0,8,8,1.0
goldens,0,8,8,1.0
vase,3,5,8,0.625
sussex,0,8,8,1.0
uhmain,8,0,8,0.0
nlbxo,8,0,8,0.0
djw,6,2,8,0.25
ossa,8,0,8,0.0
menschen,0,8,8,1.0
fibertel,0,8,8,1.0
bonné,0,8,8,1.0
slingshot,0,8,8,1.0
yk,0,8,8,1.0
mountainsid,0,8,8,1.0
assam,0,8,8,1.0
serfdom,0,8,8,1.0
abcdef,0,8,8,1.0
zd,0,8,8,1.0
awai,8,0,8,0.0
micron,3,5,8,0.625
diocesan,0,8,8,1.0
channelview,8,0,8,0.0
ubiqu,0,8,8,1.0
regula,0,8,8,1.0
jefe,1,7,8,0.875
entourag,0,8,8,1.0
scrapbook,0,8,8,1.0
edlm,0,8,8,1.0
lithuania,1,7,8,0.875
gubernatori,5,3,8,0.375
blockhous,0,8,8,1.0
ctprti,8,0,8,0.0
paulsen,3,5,8,0.625
gobbl,1,7,8,0.875
sahara,0,8,8,1.0
investigatori,2,6,8,0.75
devolv,0,8,8,1.0
distribucin,0,8,8,1.0
conjunto,0,8,8,1.0
selena,4,4,8,0.5
camarillo,3,5,8,0.625
weatherstrip,0,8,8,1.0
handicraftsmen,0,8,8,1.0
elizabethan,0,8,8,1.0
bagwel,8,0,8,0.0
bluefish,1,7,8,0.875
matilda,0,8,8,1.0
transist,8,0,8,0.0
messagelogin,0,8,8,1.0
townsend,5,3,8,0.375
unwieldi,3,5,8,0.625
forgav,1,7,8,0.875
lenf,0,8,8,1.0
carpool,8,0,8,0.0
handlin,3,5,8,0.625
magi,0,8,8,1.0
lemaistr,8,0,8,0.0
hornmouth,0,8,8,1.0
canari,1,7,8,0.875
humlicek,8,0,8,0.0
appleton,1,7,8,0.875
abstent,0,8,8,1.0
policeman,1,7,8,0.875
goingwiththeflow,0,8,8,1.0
nihilist,0,8,8,1.0
euclidean,0,8,8,1.0
figaro,0,8,8,1.0
khi,0,8,8,1.0
wack,2,6,8,0.75
elong,0,8,8,1.0
nakadia,0,8,8,1.0
pron,0,8,8,1.0
cooley,5,3,8,0.375
declamatori,0,8,8,1.0
eleazar,0,8,8,1.0
digitalgogett,0,8,8,1.0
cravat,0,8,8,1.0
harvil,0,8,8,1.0
dpu,0,8,8,1.0
tellez,8,0,8,0.0
gastrodidymu,0,8,8,1.0
transferr,2,6,8,0.75
raster,0,8,8,1.0
blumenau,0,8,8,1.0
eagan,0,8,8,1.0
downtrodden,0,8,8,1.0
airman,0,8,8,1.0
pll,0,8,8,1.0
subtleti,3,5,8,0.625
sesam,1,7,8,0.875
nebul,1,7,8,0.875
gazel,0,8,8,1.0
erver,0,8,8,1.0
bedstraw,0,8,8,1.0
waterman,4,4,8,0.5
slang,0,8,8,1.0
porject,8,0,8,0.0
mangl,3,5,8,0.625
awn,0,8,8,1.0
gaff,0,8,8,1.0
royalclear,0,8,8,1.0
joni,7,1,8,0.125
fugit,2,6,8,0.75
anythingfory,0,8,8,1.0
cro,3,5,8,0.625
lobotomi,0,8,8,1.0
forehigh,0,8,8,1.0
siev,0,8,8,1.0
voluptu,0,8,8,1.0
gocoug,0,8,8,1.0
kking,0,8,8,1.0
delicaci,1,7,8,0.875
dtt,8,0,8,0.0
namepl,3,5,8,0.625
disprov,3,5,8,0.625
infam,4,4,8,0.5
stung,6,2,8,0.25
strop,0,8,8,1.0
arabi,0,8,8,1.0
acceleromet,0,8,8,1.0
hunk,0,8,8,1.0
congresswomen,0,8,8,1.0
distrust,4,4,8,0.5
economica,0,8,8,1.0
ehrlich,0,8,8,1.0
sultat,0,8,8,1.0
imperish,0,8,8,1.0
asteria,0,8,8,1.0
congeal,0,8,8,1.0
cet,3,5,8,0.625
noncash,8,0,8,0.0
adjudg,0,8,8,1.0
dfgsg,0,8,8,1.0
eletrnica,0,8,8,1.0
demor,5,3,8,0.375
colbert,5,3,8,0.375
southampton,2,6,8,0.75
ocarina,0,8,8,1.0
downbeat,2,6,8,0.75
microsal,0,8,8,1.0
pdh,8,0,8,0.0
hendri,8,0,8,0.0
darlin,0,8,8,1.0
inapt,0,8,8,1.0
potpourri,0,8,8,1.0
shunt,2,6,8,0.75
captech,0,8,8,1.0
homeward,0,8,8,1.0
eurosex,0,8,8,1.0
implemet,8,0,8,0.0
poweriin,0,8,8,1.0
acceptor,0,8,8,1.0
tefogl,8,0,8,0.0
ded,0,8,8,1.0
clicar,0,8,8,1.0
muschar,8,0,8,0.0
epicur,0,8,8,1.0
beebread,0,8,8,1.0
submitplu,0,8,8,1.0
meil,8,0,8,0.0
frenet,4,4,8,0.5
schiavon,3,5,8,0.625
fief,0,8,8,1.0
beachcomb,0,8,8,1.0
invicta,0,8,8,1.0
narr,6,2,8,0.25
truer,8,0,8,0.0
fifteenth,0,8,8,1.0
beggar,0,8,8,1.0
equaliy,0,8,8,1.0
cck,3,5,8,0.625
harem,0,8,8,1.0
stere,0,8,8,1.0
follicular,0,8,8,1.0
basal,0,8,8,1.0
tholt,8,0,8,0.0
anemon,0,8,8,1.0
provi,0,8,8,1.0
statesmoneyz,0,8,8,1.0
allotrop,0,8,8,1.0
whitehal,0,8,8,1.0
whither,0,8,8,1.0
primera,0,8,8,1.0
konrad,0,8,8,1.0
stewardship,7,1,8,0.125
efnplsjupt,0,8,8,1.0
unprofit,8,0,8,0.0
gaudett,8,0,8,0.0
mckee,0,8,8,1.0
ecar,8,0,8,0.0
cleat,0,8,8,1.0
bahrein,0,8,8,1.0
winnetka,1,7,8,0.875
mytholog,1,7,8,0.875
lesse,0,8,8,1.0
sgl,8,0,8,0.0
dihedr,0,8,8,1.0
brontosauru,0,8,8,1.0
treacheri,0,8,8,1.0
igl,0,8,8,1.0
yuck,0,8,8,1.0
extenu,1,7,8,0.875
emer,0,8,8,1.0
borat,0,8,8,1.0
pitcher,1,7,8,0.875
evitra,0,8,8,1.0
jx,0,8,8,1.0
hangmen,0,8,8,1.0
meedic,0,8,8,1.0
oakdal,0,8,8,1.0
havolin,8,0,8,0.0
kirsten,8,0,8,0.0
ù,0,8,8,1.0
leash,5,3,8,0.375
neodymium,0,8,8,1.0
magnesit,0,8,8,1.0
maldonado,8,0,8,0.0
reenter,1,7,8,0.875
sancho,0,8,8,1.0
mysiteinc,0,8,8,1.0
dotat,0,8,8,1.0
shoup,8,0,8,0.0
decenc,4,4,8,0.5
angaria,0,8,8,1.0
tootsi,1,7,8,0.875
pomegran,0,8,8,1.0
accost,0,8,8,1.0
staircas,2,6,8,0.75
regurgit,2,6,8,0.75
intercom,2,6,8,0.75
wrack,0,8,8,1.0
blowup,2,6,8,0.75
deadhead,0,8,8,1.0
rmaghom,8,0,8,0.0
slime,0,8,8,1.0
secondhand,1,7,8,0.875
jobtran,0,8,8,1.0
ydol,8,0,8,0.0
iletisim,0,8,8,1.0
ireiand,0,8,8,1.0
shoestr,0,8,8,1.0
kamara,0,8,8,1.0
alcatel,7,1,8,0.125
mcp,8,0,8,0.0
kimmel,5,3,8,0.375
penh,0,8,8,1.0
wspp,8,0,8,0.0
centaur,1,7,8,0.875
smud,8,0,8,0.0
rrp,0,8,8,1.0
groan,0,8,8,1.0
forney,8,0,8,0.0
herbalist,0,8,8,1.0
pullout,8,0,8,0.0
extinguish,3,5,8,0.625
ott,4,4,8,0.5
ferramenta,0,8,8,1.0
nevi,0,8,8,1.0
sociedad,1,7,8,0.875
nozzl,2,6,8,0.75
xpention,0,8,8,1.0
stadia,0,8,8,1.0
shutter,3,5,8,0.625
shrapnel,0,8,8,1.0
stagnant,0,8,8,1.0
fount,0,8,8,1.0
cholera,0,8,8,1.0
gangland,0,8,8,1.0
hyman,4,4,8,0.5
coltish,0,8,8,1.0
leviti,0,8,8,1.0
crestview,0,8,8,1.0
glom,0,8,8,1.0
cutter,1,7,8,0.875
frontlinefocu,0,8,8,1.0
çevýrý,0,8,8,1.0
prescrip,0,8,8,1.0
cereu,0,8,8,1.0
beechwood,0,8,8,1.0
anh,6,2,8,0.25
mammal,1,7,8,0.875
tarsi,8,0,8,0.0
triplett,0,8,8,1.0
psychiatr,0,8,8,1.0
hologram,0,8,8,1.0
lenor,0,8,8,1.0
apoio,0,8,8,1.0
profe,0,8,8,1.0
elf,6,2,8,0.25
mohav,8,0,8,0.0
meali,0,8,8,1.0
incestu,0,8,8,1.0
marong,8,0,8,0.0
spore,4,4,8,0.5
respit,4,4,8,0.5
causa,0,8,8,1.0
technica,1,7,8,0.875
sunbird,0,8,8,1.0
colli,0,8,8,1.0
saddam,2,6,8,0.75
patrician,0,8,8,1.0
lada,0,8,8,1.0
locut,0,8,8,1.0
eclogu,0,8,8,1.0
rowland,0,8,8,1.0
ying,8,0,8,0.0
obtien,0,8,8,1.0
lhl,0,8,8,1.0
myshoppingplac,0,8,8,1.0
porcupin,0,8,8,1.0
polyhedron,0,8,8,1.0
gangbang,0,8,8,1.0
stalk,4,4,8,0.5
idash,8,0,8,0.0
disculpa,0,8,8,1.0
biopsi,2,6,8,0.75
ytterbium,0,8,8,1.0
airdrop,0,8,8,1.0
flinti,0,8,8,1.0
drows,0,8,8,1.0
myorder,8,0,8,0.0
everhart,0,8,8,1.0
respir,0,8,8,1.0
guanidin,0,8,8,1.0
qoalo,0,8,8,1.0
plaqu,1,7,8,0.875
crackpot,0,8,8,1.0
realopt,8,0,8,0.0
lupe,4,4,8,0.5
whitten,0,8,8,1.0
firesid,0,8,8,1.0
kermit,3,5,8,0.625
infirmari,0,8,8,1.0
snug,0,8,8,1.0
grumula,8,0,8,0.0
animadvert,0,8,8,1.0
sandman,6,2,8,0.25
llustrat,0,8,8,1.0
ilford,0,8,8,1.0
hausdorff,0,8,8,1.0
enrolle,1,7,8,0.875
yamada,8,0,8,0.0
tinydr,0,8,8,1.0
terramail,0,8,8,1.0
pedal,2,6,8,0.75
eyesor,0,8,8,1.0
blare,0,8,8,1.0
turbofan,0,8,8,1.0
hummer,7,1,8,0.125
disband,8,0,8,0.0
headwat,0,8,8,1.0
stier,8,0,8,0.0
mermaid,2,6,8,0.75
morta,0,8,8,1.0
etkt,8,0,8,0.0
cessful,0,8,8,1.0
lovel,7,1,8,0.125
restless,0,8,8,1.0
insensit,0,8,8,1.0
haldenstein,8,0,8,0.0
nissan,0,8,8,1.0
quarrel,1,7,8,0.875
uncer,0,8,8,1.0
accepta,0,8,8,1.0
bartok,0,8,8,1.0
espana,1,7,8,0.875
hmmm,3,5,8,0.625
woodson,7,1,8,0.125
cdu,0,8,8,1.0
eugenia,2,6,8,0.75
violin,0,8,8,1.0
mxarray,0,8,8,1.0
minoan,0,8,8,1.0
verder,0,8,8,1.0
leider,0,8,8,1.0
stallion,0,8,8,1.0
irksom,0,8,8,1.0
csvdfh,0,8,8,1.0
propriocept,0,8,8,1.0
fiftieth,1,7,8,0.875
todayshow,0,8,8,1.0
bloqueo,0,8,8,1.0
emailaddress,0,8,8,1.0
drosophila,0,8,8,1.0
fantasia,0,8,8,1.0
stupor,0,8,8,1.0
antil,1,7,8,0.875
pepperi,0,8,8,1.0
coon,1,7,8,0.875
poffenroth,8,0,8,0.0
ifr,6,2,8,0.25
immisc,0,8,8,1.0
jobgalleriescom,0,8,8,1.0
somerset,1,7,8,0.875
wbradfo,8,0,8,0.0
squezz,0,8,8,1.0
stafford,5,3,8,0.375
dpl,7,1,8,0.125
discanon,0,8,8,1.0
unbear,2,6,8,0.75
prolus,0,8,8,1.0
ecmwf,8,0,8,0.0
pirogu,0,8,8,1.0
fedesarrollo,0,8,8,1.0
chantey,0,8,8,1.0
invstm,0,8,8,1.0
curiti,0,8,8,1.0
kelvin,1,7,8,0.875
geriatr,0,8,8,1.0
comprar,0,8,8,1.0
jamal,7,1,8,0.125
lymph,0,8,8,1.0
recibiendo,0,8,8,1.0
bto,0,8,8,1.0
vveight,0,8,8,1.0
socializ,0,8,8,1.0
juggl,2,6,8,0.75
cadi,1,7,8,0.875
gemin,0,8,8,1.0
appii,0,8,8,1.0
emiratestend,0,8,8,1.0
hrothgar,0,8,8,1.0
usted,0,8,8,1.0
aliceposta,0,8,8,1.0
jod,8,0,8,0.0
algenib,0,8,8,1.0
chrysanthemum,0,8,8,1.0
yx,0,8,8,1.0
puedan,0,8,8,1.0
regierung,0,8,8,1.0
mozart,0,8,8,1.0
mcnalli,0,8,8,1.0
rhea,0,8,8,1.0
confluent,0,8,8,1.0
elkin,8,0,8,0.0
conclu,6,2,8,0.25
aspher,0,8,8,1.0
yoshiura,8,0,8,0.0
pueraria,0,8,8,1.0
jacobson,3,5,8,0.625
teness,0,8,8,1.0
camouflag,2,6,8,0.75
sucker,6,2,8,0.25
inclos,0,8,8,1.0
infield,0,8,8,1.0
swastika,0,8,8,1.0
junctor,0,8,8,1.0
merrymak,0,8,8,1.0
intergr,2,6,8,0.75
hex,3,5,8,0.625
metallgesellschaft,8,0,8,0.0
hara,7,1,8,0.125
lakeland,6,2,8,0.25
graini,0,8,8,1.0
cloddish,0,8,8,1.0
abuild,0,8,8,1.0
cornelio,8,0,8,0.0
smoother,4,4,8,0.5
valenzuela,8,0,8,0.0
planetapprov,0,8,8,1.0
crandel,8,0,8,0.0
geoduck,0,8,8,1.0
gustat,0,8,8,1.0
cupo,0,8,8,1.0
lausann,0,8,8,1.0
mainfram,4,4,8,0.5
nubia,0,8,8,1.0
fermium,0,8,8,1.0
vroooom,0,8,8,1.0
msmswo,8,0,8,0.0
wept,0,8,8,1.0
thirst,1,7,8,0.875
provost,1,7,8,0.875
mll,0,8,8,1.0
incommunic,0,8,8,1.0
yumi,8,0,8,0.0
sappiest,0,8,8,1.0
dostoevski,0,8,8,1.0
ecobank,0,8,8,1.0
drugg,0,8,8,1.0
tart,1,7,8,0.875
nilay,8,0,8,0.0
semirami,0,8,8,1.0
honeyw,0,8,8,1.0
bisop,0,8,8,1.0
varia,0,8,8,1.0
firehous,0,8,8,1.0
ciliata,0,8,8,1.0
drawbaugh,8,0,8,0.0
obedi,0,8,8,1.0
suni,0,8,8,1.0
echinoderm,0,8,8,1.0
motoris,0,8,8,1.0
xnd,0,8,8,1.0
heo,8,0,8,0.0
statuari,0,8,8,1.0
jnl,0,8,8,1.0
rebec,0,8,8,1.0
effluent,0,8,8,1.0
waitress,3,5,8,0.625
aduitcryogen,0,8,8,1.0
pseudo,3,5,8,0.625
shrunken,0,8,8,1.0
cosin,0,8,8,1.0
rocc,8,0,8,0.0
quarrelsom,0,8,8,1.0
julissa,8,0,8,0.0
enamel,0,8,8,1.0
seabreez,8,0,8,0.0
shank,5,3,8,0.375
selen,0,8,8,1.0
bromat,0,8,8,1.0
handicraftsman,0,8,8,1.0
populardrug,0,8,8,1.0
matroid,0,8,8,1.0
creameri,2,6,8,0.75
ampersand,0,8,8,1.0
kindermorgan,8,0,8,0.0
ncl,5,3,8,0.375
uaig,0,8,8,1.0
enjoin,0,8,8,1.0
barrionuevo,8,0,8,0.0
looney,0,8,8,1.0
gander,0,8,8,1.0
tweedi,0,8,8,1.0
brockl,0,8,8,1.0
edata,8,0,8,0.0
moonset,0,8,8,1.0
bagha,8,0,8,0.0
ellipsomet,0,8,8,1.0
seventhpow,0,8,8,1.0
morphem,0,8,8,1.0
turbid,0,8,8,1.0
decaf,7,1,8,0.125
ksiazk,8,0,8,0.0
nordstrom,3,5,8,0.625
hale,3,5,8,0.625
altitud,0,8,8,1.0
byeby,0,8,8,1.0
casebook,1,7,8,0.875
overtak,5,3,8,0.375
nagi,0,7,7,1.0
twaddl,0,7,7,1.0
xanex,0,7,7,1.0
sickroom,0,7,7,1.0
mcintosh,0,7,7,1.0
rencontr,0,7,7,1.0
blg,0,7,7,1.0
mgoa,0,7,7,1.0
obtrus,0,7,7,1.0
stalklet,0,7,7,1.0
withdrawl,7,0,7,0.0
brandt,0,7,7,1.0
grappl,4,3,7,0.429
forbad,0,7,7,1.0
presupuesto,0,7,7,1.0
pomona,0,7,7,1.0
windl,2,5,7,0.714
vax,1,6,7,0.857
illegitim,0,7,7,1.0
chilblain,0,7,7,1.0
ssb,7,0,7,0.0
ozon,1,6,7,0.857
mescal,0,7,7,1.0
eyepiec,0,7,7,1.0
sive,0,7,7,1.0
syllogist,0,7,7,1.0
usuario,0,7,7,1.0
informaçõ,0,7,7,1.0
mailo,1,6,7,0.857
departmentebay,0,7,7,1.0
mindset,3,4,7,0.571
winifr,0,7,7,1.0
sleight,0,7,7,1.0
arya,7,0,7,0.0
solenoid,0,7,7,1.0
foil,0,7,7,1.0
ifont,0,7,7,1.0
cortex,0,7,7,1.0
cowpok,0,7,7,1.0
ruffl,0,7,7,1.0
gantri,0,7,7,1.0
orsak,7,0,7,0.0
meritocrat,7,0,7,0.0
aristotelean,0,7,7,1.0
heptan,0,7,7,1.0
toffe,0,7,7,1.0
abbonati,0,7,7,1.0
sparger,7,0,7,0.0
megabyt,2,5,7,0.714
befel,0,7,7,1.0
csco,7,0,7,0.0
fetu,0,7,7,1.0
vapid,0,7,7,1.0
outcrop,0,7,7,1.0
goblu,0,7,7,1.0
inca,0,7,7,1.0
ephesian,3,4,7,0.571
quod,0,7,7,1.0
cvm,6,1,7,0.143
jpmorganenergi,7,0,7,0.0
galen,1,6,7,0.857
idiomat,0,7,7,1.0
bellingham,2,5,7,0.714
pupil,1,6,7,0.857
pastoralist,0,7,7,1.0
squeege,0,7,7,1.0
comclick,0,7,7,1.0
necklin,0,7,7,1.0
pint,0,7,7,1.0
feldspar,0,7,7,1.0
deuterium,0,7,7,1.0
naden,7,0,7,0.0
prosthes,0,7,7,1.0
verdant,0,7,7,1.0
andscap,0,7,7,1.0
jimboman,7,0,7,0.0
lemuel,0,7,7,1.0
srinstitut,7,0,7,0.0
selldown,7,0,7,0.0
bellicos,0,7,7,1.0
guffaw,0,7,7,1.0
troup,0,7,7,1.0
uriel,0,7,7,1.0
básico,0,7,7,1.0
emba,5,2,7,0.286
prerank,7,0,7,0.0
brbrbrbrbrbr,0,7,7,1.0
diedrich,7,0,7,0.0
bijouteri,0,7,7,1.0
drub,0,7,7,1.0
noetherian,0,7,7,1.0
sinclair,5,2,7,0.286
inexpi,0,7,7,1.0
trebl,6,1,7,0.143
pullman,1,6,7,0.857
deleteri,0,7,7,1.0
aps,0,7,7,1.0
lyett,7,0,7,0.0
chitradurga,7,0,7,0.0
fbuffl,0,7,7,1.0
hungarian,0,7,7,1.0
kafkaesqu,0,7,7,1.0
crux,0,7,7,1.0
dildo,0,7,7,1.0
cursiv,0,7,7,1.0
nite,1,6,7,0.857
coachman,0,7,7,1.0
ranc,5,2,7,0.286
fulsom,0,7,7,1.0
shog,0,7,7,1.0
montros,6,1,7,0.143
mississippian,0,7,7,1.0
carefre,0,7,7,1.0
agway,0,7,7,1.0
epigrammat,0,7,7,1.0
informati,0,7,7,1.0
constantinopl,0,7,7,1.0
skopj,0,7,7,1.0
wardrob,3,4,7,0.571
timid,1,6,7,0.857
garret,1,6,7,0.857
mollusk,0,7,7,1.0
storytel,2,5,7,0.714
womenshealth,0,7,7,1.0
adair,0,7,7,1.0
curious,2,5,7,0.714
knead,1,6,7,0.857
fishman,7,0,7,0.0
inhomogen,0,7,7,1.0
nipsco,7,0,7,0.0
dion,0,7,7,1.0
gorman,2,5,7,0.714
,0,7,7,1.0
gefunden,0,7,7,1.0
karn,1,6,7,0.857
seagul,3,4,7,0.571
faraday,1,6,7,0.857
vq,4,3,7,0.429
cun,0,7,7,1.0
feeney,1,6,7,0.857
plainfield,0,7,7,1.0
inveigl,0,7,7,1.0
professori,2,5,7,0.714
crofton,5,2,7,0.286
zulu,0,7,7,1.0
kwk,7,0,7,0.0
hydrophob,0,7,7,1.0
esperanza,3,4,7,0.571
christlik,0,7,7,1.0
consultar,0,7,7,1.0
crusti,0,7,7,1.0
thunderstorm,0,7,7,1.0
osteoarthr,0,7,7,1.0
saavv,0,7,7,1.0
pgel,7,0,7,0.0
cider,0,7,7,1.0
tualatin,7,0,7,0.0
nape,1,6,7,0.857
trophic,0,7,7,1.0
impresario,0,7,7,1.0
meritori,2,5,7,0.714
bravura,0,7,7,1.0
subsum,0,7,7,1.0
ravin,0,7,7,1.0
sapient,2,5,7,0.714
bpu,7,0,7,0.0
levator,0,7,7,1.0
axiolog,0,7,7,1.0
fehlgeschlagen,0,7,7,1.0
isoverwhelm,0,7,7,1.0
twombl,0,7,7,1.0
jameson,5,2,7,0.286
jacobu,4,3,7,0.429
contr,7,0,7,0.0
perrin,7,0,7,0.0
presario,0,7,7,1.0
pee,0,7,7,1.0
wabash,0,7,7,1.0
inhibitori,0,7,7,1.0
lava,1,6,7,0.857
kosher,1,6,7,0.857
henestrosa,0,7,7,1.0
majest,0,7,7,1.0
sesia,0,7,7,1.0
nucleotid,0,7,7,1.0
photogen,0,7,7,1.0
cytochemistri,0,7,7,1.0
breaux,7,0,7,0.0
epiphysi,0,7,7,1.0
kongolo,0,7,7,1.0
pornograph,0,7,7,1.0
corrug,0,7,7,1.0
fusibl,0,7,7,1.0
chalieng,0,7,7,1.0
vial,0,7,7,1.0
streight,7,0,7,0.0
quak,0,7,7,1.0
opnet,7,0,7,0.0
ift,0,7,7,1.0
reactionari,0,7,7,1.0
unpardon,0,7,7,1.0
jazzfre,0,7,7,1.0
munson,1,6,7,0.857
seismograph,0,7,7,1.0
statesmanlik,0,7,7,1.0
kcc,5,2,7,0.286
cij,0,7,7,1.0
flatteri,0,7,7,1.0
igf,0,7,7,1.0
roadshow,7,0,7,0.0
thirsti,0,7,7,1.0
epigraph,0,7,7,1.0
satisf,0,7,7,1.0
westbound,3,4,7,0.571
matin,0,7,7,1.0
viscomet,0,7,7,1.0
lest,0,7,7,1.0
sabrina,4,3,7,0.429
debera,0,7,7,1.0
radon,0,7,7,1.0
hotli,6,1,7,0.143
rei,3,4,7,0.571
biometrika,0,7,7,1.0
pushpin,0,7,7,1.0
mccamey,7,0,7,0.0
mri,5,2,7,0.286
insofar,1,6,7,0.857
birdwatch,0,7,7,1.0
mishka,0,7,7,1.0
optometri,0,7,7,1.0
incondens,0,7,7,1.0
escritoir,0,7,7,1.0
cominco,2,5,7,0.714
groep,4,3,7,0.429
pearli,0,7,7,1.0
cyz,7,0,7,0.0
acclim,0,7,7,1.0
damnat,0,7,7,1.0
wedelmus,0,7,7,1.0
heureka,0,7,7,1.0
slacker,0,7,7,1.0
slat,0,7,7,1.0
evereadi,0,7,7,1.0
lyr,6,1,7,0.143
irreplac,0,7,7,1.0
indoctrin,0,7,7,1.0
observingli,0,7,7,1.0
tten,6,1,7,0.143
postscript,4,3,7,0.429
bq,0,7,7,1.0
lome,0,7,7,1.0
syo,0,7,7,1.0
comatos,0,7,7,1.0
tributari,2,5,7,0.714
cann,0,7,7,1.0
styptic,0,7,7,1.0
wilhelm,0,7,7,1.0
pinhead,0,7,7,1.0
redir,7,0,7,0.0
rypm,0,7,7,1.0
zesti,0,7,7,1.0
keystrok,1,6,7,0.857
fieri,1,6,7,0.857
parallelogram,0,7,7,1.0
turvi,0,7,7,1.0
waldron,0,7,7,1.0
mccann,0,7,7,1.0
wendel,3,4,7,0.571
contrario,0,7,7,1.0
anachronist,0,7,7,1.0
enfield,0,7,7,1.0
sentient,0,7,7,1.0
jkalbach,7,0,7,0.0
wove,0,7,7,1.0
muffin,3,4,7,0.571
rhombic,0,7,7,1.0
macromolecul,0,7,7,1.0
everytim,2,5,7,0.714
poultic,0,7,7,1.0
giddi,1,6,7,0.857
mojo,7,0,7,0.0
economis,0,7,7,1.0
tonit,6,1,7,0.143
principi,0,7,7,1.0
gardin,6,1,7,0.143
proxad,0,7,7,1.0
casserol,0,7,7,1.0
gelder,6,1,7,0.143
bulkbook,0,7,7,1.0
sech,0,7,7,1.0
lamonsoff,7,0,7,0.0
lithospher,0,7,7,1.0
atheism,0,7,7,1.0
contus,0,7,7,1.0
anda,0,7,7,1.0
dunford,7,0,7,0.0
plr,7,0,7,0.0
princelet,0,7,7,1.0
debugg,0,7,7,1.0
bohemia,0,7,7,1.0
nocera,7,0,7,0.0
atx,0,7,7,1.0
hebben,0,7,7,1.0
streamwort,0,7,7,1.0
suffield,7,0,7,0.0
snuffer,0,7,7,1.0
fussi,1,6,7,0.857
leapt,0,7,7,1.0
evista,0,7,7,1.0
autoclav,0,7,7,1.0
torrid,1,6,7,0.857
esl,1,6,7,0.857
alys,7,0,7,0.0
shutout,3,4,7,0.571
licenti,0,7,7,1.0
gurkha,0,7,7,1.0
currentsupport,0,7,7,1.0
yemen,2,5,7,0.714
cygnu,0,7,7,1.0
livro,0,7,7,1.0
sachem,0,7,7,1.0
sxn,7,0,7,0.0
untouch,2,5,7,0.714
heroism,4,3,7,0.429
eudoramail,0,7,7,1.0
securetim,0,7,7,1.0
posteriori,0,7,7,1.0
powerworld,7,0,7,0.0
jcaruso,7,0,7,0.0
shag,0,7,7,1.0
turbocharg,1,6,7,0.857
punster,0,7,7,1.0
barrera,1,6,7,0.857
noram,7,0,7,0.0
signif,0,7,7,1.0
asses,1,6,7,0.857
grammat,2,5,7,0.714
nahoutrd,7,0,7,0.0
cavit,0,7,7,1.0
bonaventur,0,7,7,1.0
gläubig,0,7,7,1.0
postwar,1,6,7,0.857
sonant,0,7,7,1.0
física,0,7,7,1.0
gtl,1,6,7,0.857
equivoc,1,6,7,0.857
llm,4,3,7,0.429
whimsic,0,7,7,1.0
trainingconsortium,0,7,7,1.0
gdno,0,7,7,1.0
barycentr,0,7,7,1.0
inkassobüro,0,7,7,1.0
jumpychat,0,7,7,1.0
committeewoman,0,7,7,1.0
contamo,0,7,7,1.0
banyo,0,7,7,1.0
joa,7,0,7,0.0
basement,7,0,7,0.0
rachidi,0,7,7,1.0
eglob,1,6,7,0.857
anticrypt,0,7,7,1.0
dosimet,0,7,7,1.0
tockhold,0,7,7,1.0
coproduct,0,7,7,1.0
ablx,7,0,7,0.0
fortran,5,2,7,0.286
heathkit,0,7,7,1.0
totti,0,7,7,1.0
pug,2,5,7,0.714
errantri,0,7,7,1.0
muzo,0,7,7,1.0
nucleo,0,7,7,1.0
negotiationskil,7,0,7,0.0
propylen,5,2,7,0.286
miktex,7,0,7,0.0
sweatband,0,7,7,1.0
disulfid,0,7,7,1.0
klicken,0,7,7,1.0
goodd,0,7,7,1.0
yerk,0,7,7,1.0
hippopotamu,0,7,7,1.0
priggish,0,7,7,1.0
perfectmeet,7,0,7,0.0
fairfield,5,2,7,0.286
chicori,0,7,7,1.0
brainchildren,0,7,7,1.0
raci,0,7,7,1.0
sepo,7,0,7,0.0
booksel,0,7,7,1.0
voraci,1,6,7,0.857
dor,0,7,7,1.0
mallet,0,7,7,1.0
cocksur,0,7,7,1.0
psycho,2,5,7,0.714
mira,1,6,7,0.857
rheum,0,7,7,1.0
hob,0,7,7,1.0
idioci,0,7,7,1.0
atch,0,7,7,1.0
cerebellum,0,7,7,1.0
coypu,0,7,7,1.0
shakeabl,0,7,7,1.0
curbsid,0,7,7,1.0
przede,7,0,7,0.0
swordplay,0,7,7,1.0
roderick,6,1,7,0.143
juana,5,2,7,0.286
excori,0,7,7,1.0
tapa,0,7,7,1.0
horsesho,0,7,7,1.0
norwalk,2,5,7,0.714
smallish,3,4,7,0.571
israni,7,0,7,0.0
drizzl,0,7,7,1.0
tepid,3,4,7,0.571
grandiloqu,0,7,7,1.0
moulag,0,7,7,1.0
recordson,0,7,7,1.0
onrush,0,7,7,1.0
nio,0,7,7,1.0
ducot,7,0,7,0.0
etch,2,5,7,0.714
flatland,0,7,7,1.0
uncanni,0,7,7,1.0
thumbnail,0,7,7,1.0
genv,0,7,7,1.0
pervad,1,6,7,0.857
zwart,0,7,7,1.0
alilum,0,7,7,1.0
wq,0,7,7,1.0
puffi,0,7,7,1.0
palaeographi,0,7,7,1.0
política,0,7,7,1.0
metcalf,2,5,7,0.714
serviceshttp,0,7,7,1.0
fpexmail,7,0,7,0.0
mirag,2,5,7,0.714
pithi,1,6,7,0.857
barbudo,0,7,7,1.0
possvel,0,7,7,1.0
lsi,3,4,7,0.571
aktif,0,7,7,1.0
workbench,3,4,7,0.571
greensward,0,7,7,1.0
trabulsi,7,0,7,0.0
scarciti,6,1,7,0.143
discomfrt,0,7,7,1.0
postord,0,7,7,1.0
hondura,0,7,7,1.0
optin,0,7,7,1.0
slav,0,7,7,1.0
furey,7,0,7,0.0
matchmak,0,7,7,1.0
memento,2,5,7,0.714
telco,1,6,7,0.857
industrialsmonthli,7,0,7,0.0
até,0,7,7,1.0
lundquist,1,6,7,0.857
pintor,0,7,7,1.0
syndyasmian,0,7,7,1.0
sanctifi,0,7,7,1.0
haze,1,6,7,0.857
apl,2,5,7,0.714
nummer,0,7,7,1.0
paleozo,0,7,7,1.0
enthalpi,0,7,7,1.0
muon,0,7,7,1.0
mozesz,2,5,7,0.714
sandton,0,7,7,1.0
morr,0,7,7,1.0
tapi,0,7,7,1.0
cng,7,0,7,0.0
lowland,0,7,7,1.0
minou,0,7,7,1.0
montagn,7,0,7,0.0
forestal,5,2,7,0.286
killam,7,0,7,0.0
bigmac,0,7,7,1.0
smut,0,7,7,1.0
urself,0,7,7,1.0
kemmer,7,0,7,0.0
onomatopo,0,7,7,1.0
matsumoto,2,5,7,0.714
neeed,0,7,7,1.0
kalmia,0,7,7,1.0
geocentr,0,7,7,1.0
gestalt,0,7,7,1.0
flare,1,6,7,0.857
shrilli,1,6,7,0.857
modificacin,0,7,7,1.0
benwick,0,7,7,1.0
impermiss,0,7,7,1.0
abovement,0,7,7,1.0
lavern,1,6,7,0.857
centum,0,7,7,1.0
pgsenergi,7,0,7,0.0
fusti,0,7,7,1.0
sprao,7,0,7,0.0
houstoncellular,7,0,7,0.0
jiffi,0,7,7,1.0
zoroastrian,0,7,7,1.0
bindl,0,7,7,1.0
snif,3,4,7,0.571
polyploidi,0,7,7,1.0
beadi,0,7,7,1.0
srge,0,7,7,1.0
resistor,0,7,7,1.0
languaq,0,7,7,1.0
indiscrimin,0,7,7,1.0
oedipu,0,7,7,1.0
interesa,0,7,7,1.0
olvera,7,0,7,0.0
gryphon,0,7,7,1.0
wann,1,6,7,0.857
explet,1,6,7,0.857
eni,1,6,7,0.857
shrill,2,5,7,0.714
trini,7,0,7,0.0
bannantin,7,0,7,0.0
nonaffili,0,7,7,1.0
bufflehead,0,7,7,1.0
bladderwort,0,7,7,1.0
cepheu,0,7,7,1.0
scud,0,7,7,1.0
triassic,0,7,7,1.0
momenta,0,7,7,1.0
hereabout,0,7,7,1.0
tote,0,7,7,1.0
reub,0,7,7,1.0
triai,0,7,7,1.0
abramo,7,0,7,0.0
subgroup,2,5,7,0.714
breathingli,0,7,7,1.0
paddi,4,3,7,0.429
hobbyhors,0,7,7,1.0
woodwind,0,7,7,1.0
slp,0,7,7,1.0
usuri,0,7,7,1.0
fain,0,7,7,1.0
terramycin,0,7,7,1.0
catia,0,7,7,1.0
participacion,1,6,7,0.857
teléfono,0,7,7,1.0
ledain,7,0,7,0.0
rozycki,7,0,7,0.0
jubile,0,7,7,1.0
finalment,0,7,7,1.0
atn,0,7,7,1.0
yw,0,7,7,1.0
peroxid,0,7,7,1.0
µa,0,7,7,1.0
fz,0,7,7,1.0
daher,0,7,7,1.0
quill,2,5,7,0.714
beagon,0,7,7,1.0
rakhi,7,0,7,0.0
snl,0,7,7,1.0
msword,7,0,7,0.0
rapidsit,3,4,7,0.571
kobayashi,4,3,7,0.429
alyssa,0,7,7,1.0
infonet,2,5,7,0.714
bennick,7,0,7,0.0
eggplant,1,6,7,0.857
unglorifi,0,7,7,1.0
floral,3,4,7,0.571
sra,3,4,7,0.571
parapsycholog,0,7,7,1.0
bichrom,0,7,7,1.0
homo,0,7,7,1.0
bot,4,3,7,0.429
deltec,7,0,7,0.0
jizz,0,7,7,1.0
prizewin,0,7,7,1.0
severin,7,0,7,0.0
dauter,7,0,7,0.0
mcurran,7,0,7,0.0
einsteinium,0,7,7,1.0
coannex,0,7,7,1.0
occipit,0,7,7,1.0
womb,1,6,7,0.857
popuiat,0,7,7,1.0
lyle,2,5,7,0.714
distinta,0,7,7,1.0
kafu,7,0,7,0.0
packer,2,5,7,0.714
frig,0,7,7,1.0
outstrip,7,0,7,0.0
reporti,7,0,7,0.0
iik,0,7,7,1.0
qe,2,5,7,0.714
paregor,0,7,7,1.0
komp,7,0,7,0.0
foliat,0,7,7,1.0
brahmaputra,0,7,7,1.0
garimella,7,0,7,0.0
moonwalk,0,7,7,1.0
asshol,3,4,7,0.571
fickl,4,3,7,0.429
guttur,0,7,7,1.0
gestapo,0,7,7,1.0
viral,0,7,7,1.0
cooperativa,0,7,7,1.0
unmanageabi,0,7,7,1.0
reticul,0,7,7,1.0
hearsay,0,7,7,1.0
narrat,2,5,7,0.714
haddock,0,7,7,1.0
pleat,0,7,7,1.0
qual,3,4,7,0.571
pyre,0,7,7,1.0
moroni,0,7,7,1.0
nostrand,0,7,7,1.0
potentiomet,0,7,7,1.0
swarthout,1,6,7,0.857
qd,0,7,7,1.0
szablya,7,0,7,0.0
meati,0,7,7,1.0
etra,0,7,7,1.0
jgarven,7,0,7,0.0
gevalia,0,7,7,1.0
axelrod,6,1,7,0.143
fzf,0,7,7,1.0
allyl,0,7,7,1.0
cpp,0,7,7,1.0
shyandnot,0,7,7,1.0
greaney,7,0,7,0.0
pgeof,7,0,7,0.0
vandal,1,6,7,0.857
inconsequenti,0,7,7,1.0
diazepam,0,7,7,1.0
bramlett,7,0,7,0.0
sherrick,7,0,7,0.0
otcpk,0,7,7,1.0
brisban,0,7,7,1.0
lawman,0,7,7,1.0
milkwe,0,7,7,1.0
banter,0,7,7,1.0
seraglio,0,7,7,1.0
halley,3,4,7,0.571
qn,0,7,7,1.0
sweatshirt,1,6,7,0.857
identidad,0,7,7,1.0
lutfen,0,7,7,1.0
curlicu,0,7,7,1.0
thane,7,0,7,0.0
karat,0,7,7,1.0
reestablish,6,1,7,0.143
leaseback,7,0,7,0.0
schaffer,7,0,7,0.0
municipa,0,7,7,1.0
doucett,7,0,7,0.0
pupat,0,7,7,1.0
remem,0,7,7,1.0
imri,7,0,7,0.0
lectern,2,5,7,0.714
coder,6,1,7,0.143
engend,3,4,7,0.571
mistleto,0,7,7,1.0
bloch,0,7,7,1.0
quelqu,0,7,7,1.0
dehumidifi,1,6,7,0.857
jade,3,4,7,0.571
forgiven,1,6,7,0.857
cyne,7,0,7,0.0
toru,1,6,7,0.857
nogal,0,7,7,1.0
effortlessli,0,7,7,1.0
minehaul,0,7,7,1.0
preval,1,6,7,0.857
esper,3,4,7,0.571
nterpris,0,7,7,1.0
vitriol,1,6,7,0.857
dissid,0,7,7,1.0
wassup,7,0,7,0.0
yakubu,0,7,7,1.0
nicer,7,0,7,0.0
cfp,6,1,7,0.143
testi,4,3,7,0.429
ruinat,0,7,7,1.0
laad,7,0,7,0.0
zkhokher,7,0,7,0.0
niga,7,0,7,0.0
salaci,1,6,7,0.857
shw,5,2,7,0.286
poignant,0,7,7,1.0
garnt,0,7,7,1.0
quietu,0,7,7,1.0
politico,0,7,7,1.0
linn,6,1,7,0.143
umc,0,7,7,1.0
gusset,0,7,7,1.0
pyrrhic,0,7,7,1.0
isentrop,0,7,7,1.0
necessrio,0,7,7,1.0
wszystkim,7,0,7,0.0
grail,0,7,7,1.0
flavour,0,7,7,1.0
relación,0,7,7,1.0
capa,3,4,7,0.571
rsweb,7,0,7,0.0
schoolteach,0,7,7,1.0
operandi,1,6,7,0.857
stemcel,0,7,7,1.0
gmail,0,7,7,1.0
therei,0,7,7,1.0
truce,0,7,7,1.0
tekmail,0,7,7,1.0
cornbird,0,7,7,1.0
compunctionari,0,7,7,1.0
mckinley,3,4,7,0.571
fffff,0,7,7,1.0
godlik,0,7,7,1.0
broadax,0,7,7,1.0
handgun,0,7,7,1.0
phenter,0,7,7,1.0
twine,0,7,7,1.0
procaci,0,7,7,1.0
cyst,0,7,7,1.0
inopportun,0,7,7,1.0
crum,7,0,7,0.0
sapo,0,7,7,1.0
sherril,5,2,7,0.286
loquat,0,7,7,1.0
jblantonjr,7,0,7,0.0
brasileiro,6,1,7,0.143
clive,2,5,7,0.714
ballfield,0,7,7,1.0
repress,0,7,7,1.0
schoolgirlish,0,7,7,1.0
syntroleum,7,0,7,0.0
marksmen,0,7,7,1.0
immodest,3,4,7,0.571
sandston,0,7,7,1.0
symbian,0,7,7,1.0
guitar,0,7,7,1.0
evenhand,0,7,7,1.0
dwivedi,7,0,7,0.0
overpaid,4,3,7,0.429
bridal,0,7,7,1.0
etal,7,0,7,0.0
andiron,0,7,7,1.0
khrushchev,0,7,7,1.0
parlay,2,5,7,0.714
onomatopoeia,0,7,7,1.0
podr,0,7,7,1.0
capacitor,0,7,7,1.0
cedex,5,2,7,0.286
bono,1,6,7,0.857
liven,0,7,7,1.0
sonoridad,0,7,7,1.0
parakeet,0,7,7,1.0
crewmen,0,7,7,1.0
inexperi,2,5,7,0.714
chomski,0,7,7,1.0
ltcm,7,0,7,0.0
catfac,0,7,7,1.0
sturn,7,0,7,0.0
glum,1,6,7,0.857
mlpf,7,0,7,0.0
consumidor,0,7,7,1.0
wristband,0,7,7,1.0
waskom,7,0,7,0.0
haughti,0,7,7,1.0
improb,2,5,7,0.714
cryptolog,0,7,7,1.0
babylom,0,7,7,1.0
collud,0,7,7,1.0
acosta,1,6,7,0.857
clpartner,7,0,7,0.0
contradistinguish,0,7,7,1.0
whalen,4,3,7,0.429
durward,0,7,7,1.0
showdown,2,5,7,0.714
josé,0,7,7,1.0
concaten,0,7,7,1.0
sz,2,5,7,0.714
xdrug,0,7,7,1.0
vintner,0,7,7,1.0
shatalm,0,7,7,1.0
porphyri,0,7,7,1.0
valhalla,0,7,7,1.0
vide,0,7,7,1.0
leapfrog,2,5,7,0.714
backsid,0,7,7,1.0
counterbal,1,6,7,0.857
asu,0,7,7,1.0
triag,7,0,7,0.0
johanna,0,7,7,1.0
bigfen,0,7,7,1.0
presswir,0,7,7,1.0
sicilian,0,7,7,1.0
washbasin,0,7,7,1.0
cranium,0,7,7,1.0
coda,0,7,7,1.0
micki,0,7,7,1.0
malefactor,0,7,7,1.0
sawfli,0,7,7,1.0
photometri,0,7,7,1.0
informat,0,7,7,1.0
bmrefi,0,7,7,1.0
adagio,0,7,7,1.0
bide,0,7,7,1.0
tribas,0,7,7,1.0
pander,0,7,7,1.0
stag,0,7,7,1.0
inth,1,6,7,0.857
frau,0,7,7,1.0
frees,7,0,7,0.0
isotherm,0,7,7,1.0
jarrow,7,0,7,0.0
awenda,7,0,7,0.0
escutcheon,0,7,7,1.0
cessna,0,7,7,1.0
rehman,5,2,7,0.286
isogen,0,7,7,1.0
kimberley,2,5,7,0.714
untortur,0,7,7,1.0
gam,0,7,7,1.0
boatswain,0,7,7,1.0
massacr,0,7,7,1.0
sexta,0,7,7,1.0
ilgili,0,7,7,1.0
unplan,7,0,7,0.0
tabloid,0,7,7,1.0
honorif,0,7,7,1.0
tatter,5,2,7,0.286
hagstrom,1,6,7,0.857
enso,7,0,7,0.0
smutni,7,0,7,0.0
leatheri,0,7,7,1.0
shreveport,0,7,7,1.0
nof,0,7,7,1.0
sunspot,1,6,7,0.857
barkowski,7,0,7,0.0
vreeland,0,7,7,1.0
fascism,1,6,7,0.857
extensor,0,7,7,1.0
northbound,4,3,7,0.429
blastula,0,7,7,1.0
gump,7,0,7,0.0
hodgson,7,0,7,0.0
oath,1,6,7,0.857
asterix,0,7,7,1.0
removers,0,7,7,1.0
tlmsn,0,7,7,1.0
cosbi,6,1,7,0.143
gulp,1,6,7,0.857
eastwood,1,6,7,0.857
corley,7,0,7,0.0
levit,1,6,7,0.857
jujub,0,7,7,1.0
fica,5,2,7,0.286
jasononlin,0,7,7,1.0
jonah,0,7,7,1.0
amateurish,0,7,7,1.0
outlearn,0,7,7,1.0
inelast,2,5,7,0.714
craftsmanship,0,7,7,1.0
opul,0,7,7,1.0
valiant,0,7,7,1.0
bandpass,0,7,7,1.0
mayeux,7,0,7,0.0
placent,0,7,7,1.0
fior,0,7,7,1.0
muscat,0,7,7,1.0
deluca,7,0,7,0.0
hbcamp,7,0,7,0.0
carcinoma,0,7,7,1.0
vocabularian,0,7,7,1.0
lawal,0,7,7,1.0
ioric,0,7,7,1.0
codetermin,0,7,7,1.0
nia,7,0,7,0.0
thermofax,0,7,7,1.0
ilyushin,0,7,7,1.0
heuser,0,7,7,1.0
slander,0,7,7,1.0
docil,1,6,7,0.857
decidedli,2,5,7,0.714
automaton,0,7,7,1.0
labyrinth,1,6,7,0.857
ayni,0,7,7,1.0
stelli,7,0,7,0.0
cytoplasm,0,7,7,1.0
corvu,0,7,7,1.0
flaccid,0,7,7,1.0
witchcraft,1,6,7,0.857
invitacion,2,5,7,0.714
horsewoman,0,7,7,1.0
participar,0,7,7,1.0
specter,5,2,7,0.286
gmssr,7,0,7,0.0
econometrica,0,7,7,1.0
cistern,0,7,7,1.0
bessem,0,7,7,1.0
rimbau,7,0,7,0.0
rangi,0,7,7,1.0
opticu,7,0,7,0.0
nook,3,4,7,0.571
auckland,0,7,7,1.0
medea,0,7,7,1.0
selector,0,7,7,1.0
toccata,0,7,7,1.0
helmsman,0,7,7,1.0
blackbal,0,7,7,1.0
compton,0,7,7,1.0
knightsbridg,0,7,7,1.0
powerx,7,0,7,0.0
ebulli,0,7,7,1.0
filamentari,0,7,7,1.0
hubl,7,0,7,0.0
goldmin,0,7,7,1.0
gla,1,6,7,0.857
victrola,0,7,7,1.0
karnwea,0,7,7,1.0
tippi,0,7,7,1.0
requlr,0,7,7,1.0
puffin,0,7,7,1.0
iconenet,0,7,7,1.0
environmentaili,0,7,7,1.0
marketwis,0,7,7,1.0
procmail,0,7,7,1.0
fishi,4,3,7,0.429
hondo,0,7,7,1.0
stoppag,3,4,7,0.571
proveedor,0,7,7,1.0
backdat,0,7,7,1.0
mutin,1,6,7,0.857
alvarado,5,2,7,0.286
glassi,0,7,7,1.0
abordar,0,7,7,1.0
teat,0,7,7,1.0
saksena,7,0,7,0.0
gallow,0,7,7,1.0
wacog,7,0,7,0.0
lmi,0,7,7,1.0
depos,0,7,7,1.0
frlee,0,7,7,1.0
neutron,0,7,7,1.0
tass,2,5,7,0.714
chiu,7,0,7,0.0
credent,0,7,7,1.0
usedbr,0,7,7,1.0
whalan,7,0,7,0.0
robl,3,4,7,0.571
thatcher,6,1,7,0.143
perpendicular,0,7,7,1.0
pintail,0,7,7,1.0
malicho,0,7,7,1.0
única,0,7,7,1.0
zimmer,7,0,7,0.0
tacobel,0,7,7,1.0
disloc,5,2,7,0.286
gallinul,0,7,7,1.0
llegar,0,7,7,1.0
springerlink,0,7,7,1.0
feebl,0,7,7,1.0
zvjc,0,7,7,1.0
senatori,0,7,7,1.0
havemor,0,7,7,1.0
blankfont,0,7,7,1.0
shattuck,0,7,7,1.0
supposit,2,5,7,0.714
flageolet,0,7,7,1.0
pilkington,6,1,7,0.143
unari,0,7,7,1.0
basicaliy,0,7,7,1.0
primex,0,7,7,1.0
bombardi,7,0,7,0.0
apprehend,0,7,7,1.0
shuttlecock,0,7,7,1.0
takeaway,7,0,7,0.0
altac,0,7,7,1.0
glaci,0,7,7,1.0
terrapin,0,7,7,1.0
delphinium,0,7,7,1.0
gorham,0,7,7,1.0
parch,0,7,7,1.0
littor,0,7,7,1.0
porcelain,0,7,7,1.0
hoar,0,7,7,1.0
texasex,7,0,7,0.0
mortim,1,6,7,0.857
fiy,0,7,7,1.0
pedagog,2,5,7,0.714
eventid,0,7,7,1.0
reassum,7,0,7,0.0
sall,1,6,7,0.857
mial,7,0,7,0.0
medicat,0,7,7,1.0
sorceri,3,4,7,0.571
medix,0,7,7,1.0
chump,0,7,7,1.0
hotei,0,7,7,1.0
meoh,7,0,7,0.0
mul,0,7,7,1.0
ribbonfish,0,7,7,1.0
cutov,0,7,7,1.0
worktabl,0,7,7,1.0
víagra,0,7,7,1.0
quakeress,0,7,7,1.0
acg,5,2,7,0.286
zebra,1,6,7,0.857
enni,7,0,7,0.0
bogeymen,0,7,7,1.0
fal,0,7,7,1.0
hobson,1,6,7,0.857
gangbust,0,7,7,1.0
tactician,0,7,7,1.0
gabriela,5,2,7,0.286
detalh,0,7,7,1.0
uprais,0,7,7,1.0
maudlin,0,7,7,1.0
treacher,0,7,7,1.0
rifl,0,7,7,1.0
collid,0,7,7,1.0
tlr,1,6,7,0.857
alka,7,0,7,0.0
dowri,0,7,7,1.0
chaotic,3,4,7,0.571
fragrant,1,6,7,0.857
soapsud,0,7,7,1.0
ux,0,7,7,1.0
schoolmat,2,5,7,0.714
desai,7,0,7,0.0
mahayana,0,7,7,1.0
flaman,7,0,7,0.0
anguel,7,0,7,0.0
lamict,0,7,7,1.0
fourier,1,6,7,0.857
cabc,7,0,7,0.0
vortic,0,7,7,1.0
groucho,0,7,7,1.0
bou,7,0,7,0.0
vcf,7,0,7,0.0
bludgeon,1,6,7,0.857
debaucheri,0,7,7,1.0
christenson,2,5,7,0.714
mitral,0,7,7,1.0
gelat,0,7,7,1.0
oxali,0,7,7,1.0
dega,0,7,7,1.0
publico,0,7,7,1.0
indiscreet,0,7,7,1.0
riordan,4,3,7,0.429
figurehead,0,7,7,1.0
overbuild,7,0,7,0.0
patchwork,2,5,7,0.714
proc,3,4,7,0.571
pillar,6,1,7,0.143
wholesom,0,7,7,1.0
arabesqu,0,7,7,1.0
rajah,0,7,7,1.0
dutchmen,0,7,7,1.0
letharg,0,7,7,1.0
quirin,0,7,7,1.0
hoot,1,6,7,0.857
freeweb,0,7,7,1.0
standardis,7,0,7,0.0
instancia,0,7,7,1.0
petunia,0,7,7,1.0
compromiso,0,7,7,1.0
fiendish,0,7,7,1.0
renunci,0,7,7,1.0
caranti,7,0,7,0.0
pieper,7,0,7,0.0
fireston,2,5,7,0.714
lectionari,0,7,7,1.0
celebratori,2,5,7,0.714
campground,1,6,7,0.857
thistledown,0,7,7,1.0
distal,0,7,7,1.0
thiagarajan,7,0,7,0.0
inmat,2,5,7,0.714
için,0,7,7,1.0
blotch,0,7,7,1.0
knop,7,0,7,0.0
schizoid,0,7,7,1.0
melancholi,0,7,7,1.0
cathet,0,7,7,1.0
djakarta,0,7,7,1.0
agarwalla,7,0,7,0.0
gac,7,0,7,0.0
indescrib,1,6,7,0.857
acerca,0,7,7,1.0
moreso,0,7,7,1.0
pappa,3,4,7,0.571
euterp,0,7,7,1.0
onyx,1,6,7,0.857
uvr,0,7,7,1.0
confiabl,0,7,7,1.0
annot,0,7,7,1.0
enclav,0,7,7,1.0
transect,0,7,7,1.0
anhydrid,0,7,7,1.0
clove,0,7,7,1.0
bismuth,0,7,7,1.0
kalbach,7,0,7,0.0
extort,2,5,7,0.714
dnieper,0,7,7,1.0
tanner,2,5,7,0.714
elp,1,6,7,0.857
caprici,2,5,7,0.714
sambur,0,7,7,1.0
hackmatack,0,7,7,1.0
titular,0,7,7,1.0
orvil,0,7,7,1.0
euphor,1,6,7,0.857
wieght,0,7,7,1.0
falla,0,7,7,1.0
prune,1,6,7,0.857
spr,1,6,7,0.857
jcartwright,7,0,7,0.0
eval,7,0,7,0.0
pent,1,6,7,0.857
blubber,0,7,7,1.0
yogi,0,7,7,1.0
discolor,0,7,7,1.0
glycin,0,7,7,1.0
nitti,2,5,7,0.714
choleski,7,0,7,0.0
polygon,0,7,7,1.0
dlt,0,7,7,1.0
precook,0,7,7,1.0
betid,0,7,7,1.0
tice,7,0,7,0.0
schmitt,4,3,7,0.429
lacon,2,5,7,0.714
rocha,7,0,7,0.0
fluorin,0,7,7,1.0
kettler,7,0,7,0.0
laserwrit,0,7,7,1.0
gilbertson,0,7,7,1.0
totter,4,3,7,0.429
clave,0,7,7,1.0
twirli,0,7,7,1.0
swga,7,0,7,0.0
unhedg,7,0,7,0.0
acatando,0,7,7,1.0
deleon,5,2,7,0.286
campanil,0,7,7,1.0
officio,0,7,7,1.0
vatrfac,7,0,7,0.0
qr,1,6,7,0.857
gegenschein,0,7,7,1.0
circulatori,0,7,7,1.0
invinc,0,7,7,1.0
septillion,0,7,7,1.0
ballott,1,6,7,0.857
wozni,7,0,7,0.0
vivek,6,1,7,0.143
diff,5,2,7,0.286
lakist,0,7,7,1.0
colatitud,0,7,7,1.0
scd,1,6,7,0.857
retribut,3,4,7,0.571
dergevorgian,7,0,7,0.0
pbristow,7,0,7,0.0
washier,0,7,7,1.0
eaz,0,7,7,1.0
tableau,0,7,7,1.0
aujob,0,7,7,1.0
interg,7,0,7,0.0
adminstr,5,2,7,0.286
gurante,2,5,7,0.714
matsuyama,7,0,7,0.0
dispiay,0,7,7,1.0
pagenetip,7,0,7,0.0
cajol,2,5,7,0.714
borough,0,7,7,1.0
schnell,1,6,7,0.857
tjacob,7,0,7,0.0
mf,3,4,7,0.571
usmc,0,7,7,1.0
bough,0,7,7,1.0
listo,1,6,7,0.857
cryptanalysi,0,7,7,1.0
mathieu,1,6,7,0.857
indeterminaci,0,7,7,1.0
myrx,0,7,7,1.0
vile,3,4,7,0.571
kilometr,2,5,7,0.714
rohm,7,0,7,0.0
fireproof,0,7,7,1.0
monash,0,7,7,1.0
cosh,0,7,7,1.0
penchant,1,6,7,0.857
painrelief,0,7,7,1.0
depto,0,7,7,1.0
westfield,3,4,7,0.571
renni,7,0,7,0.0
wheelchair,1,6,7,0.857
hertzog,0,7,7,1.0
shhop,0,7,7,1.0
mussal,0,7,7,1.0
embarcadero,0,7,7,1.0
horowitz,0,7,7,1.0
fungoid,0,7,7,1.0
pongo,0,7,7,1.0
easton,6,1,7,0.143
munch,0,7,7,1.0
extraterrestri,0,7,7,1.0
bpserver,0,7,7,1.0
raphael,0,7,7,1.0
guidebook,1,6,7,0.857
decidu,0,7,7,1.0
alai,0,7,7,1.0
parol,1,6,7,0.857
degass,0,7,7,1.0
lasso,0,7,7,1.0
louti,0,7,7,1.0
jeffersonian,0,7,7,1.0
neapolitan,0,7,7,1.0
aibum,0,7,7,1.0
hammock,0,7,7,1.0
chaucer,0,7,7,1.0
glasswort,0,7,7,1.0
lunaci,0,7,7,1.0
fife,0,7,7,1.0
snowfal,1,6,7,0.857
aagrra,0,7,7,1.0
delist,5,2,7,0.286
distraught,0,7,7,1.0
zainteresuj,2,5,7,0.714
gravi,1,6,7,0.857
hoskin,6,1,7,0.143
lalji,7,0,7,0.0
rotenon,0,7,7,1.0
sibyl,0,7,7,1.0
venir,0,7,7,1.0
membro,0,7,7,1.0
edict,1,6,7,0.857
aegi,1,6,7,0.857
xj,0,7,7,1.0
decibel,0,7,7,1.0
messiah,2,5,7,0.714
sampler,3,4,7,0.571
midweek,0,7,7,1.0
racl,0,7,7,1.0
tambien,0,7,7,1.0
ademá,0,7,7,1.0
ingrid,5,2,7,0.286
kopin,7,0,7,0.0
osl,6,1,7,0.143
spallat,0,7,7,1.0
lmmbtu,7,0,7,0.0
resgat,0,7,7,1.0
protean,0,7,7,1.0
despar,1,6,7,0.857
pruett,6,1,7,0.143
gargoyl,0,7,7,1.0
guil,0,7,7,1.0
rxmedic,0,7,7,1.0
schnabel,0,7,7,1.0
offc,0,7,7,1.0
gurley,7,0,7,0.0
repar,0,7,7,1.0
nutriti,1,6,7,0.857
smooch,0,7,7,1.0
preponder,0,7,7,1.0
gunfight,0,7,7,1.0
ballist,1,6,7,0.857
oar,2,5,7,0.714
kensington,3,4,7,0.571
talbot,4,3,7,0.429
jb,2,5,7,0.714
holdout,0,7,7,1.0
breen,7,0,7,0.0
kimberle,7,0,7,0.0
idiosyncrat,3,4,7,0.571
bergamot,0,7,7,1.0
indesir,0,7,7,1.0
finni,0,7,7,1.0
exchequ,2,5,7,0.714
barto,6,1,7,0.143
haplolog,0,7,7,1.0
markdown,4,3,7,0.429
simm,4,3,7,0.429
eclat,0,7,7,1.0
radiogram,0,7,7,1.0
zie,6,1,7,0.143
quir,0,7,7,1.0
norvasc,0,7,7,1.0
quandari,1,6,7,0.857
excursu,0,7,7,1.0
monetar,0,7,7,1.0
syllabu,2,5,7,0.714
glossi,0,7,7,1.0
predisposit,0,7,7,1.0
indira,2,5,7,0.714
pista,0,7,7,1.0
toolsmith,0,7,7,1.0
rbc,6,1,7,0.143
pigtail,0,7,7,1.0
jenuwin,7,0,7,0.0
consistentiy,0,7,7,1.0
asplenium,0,7,7,1.0
soldano,7,0,7,0.0
smudgi,0,7,7,1.0
precoc,0,7,7,1.0
encomia,0,7,7,1.0
tasha,7,0,7,0.0
trc,7,0,7,0.0
aborn,0,7,7,1.0
moreen,0,7,7,1.0
etil,0,7,7,1.0
virtuou,2,5,7,0.714
fossulet,0,7,7,1.0
uitimateiy,0,7,7,1.0
learner,6,1,7,0.143
jurisprud,0,7,7,1.0
irresolv,0,7,7,1.0
benik,7,0,7,0.0
luzon,0,7,7,1.0
intrepid,0,7,7,1.0
pneumonia,1,6,7,0.857
discont,4,3,7,0.429
casein,0,7,7,1.0
bleat,0,7,7,1.0
solarc,7,0,7,0.0
cytosin,0,7,7,1.0
sian,3,4,7,0.571
leu,0,7,7,1.0
divfont,0,7,7,1.0
pey,0,7,7,1.0
glottal,0,7,7,1.0
footbridg,0,7,7,1.0
lub,5,2,7,0.286
whiplash,0,7,7,1.0
orchestra,0,7,7,1.0
nank,1,6,7,0.857
demianen,7,0,7,0.0
osmot,0,7,7,1.0
original,0,7,7,1.0
croe,7,0,7,0.0
prosopopoeia,0,7,7,1.0
combustor,4,3,7,0.429
vronski,0,7,7,1.0
grizzli,0,7,7,1.0
práctica,0,7,7,1.0
crosstalk,0,7,7,1.0
innerhalb,0,7,7,1.0
epitheli,0,7,7,1.0
potion,1,6,7,0.857
tei,0,7,7,1.0
dressi,1,6,7,0.857
unfavor,5,2,7,0.286
aiuminum,0,7,7,1.0
alterman,0,7,7,1.0
sardin,0,7,7,1.0
penmen,0,7,7,1.0
rcotten,7,0,7,0.0
slipper,0,7,7,1.0
cfgl,7,0,7,0.0
kq,0,7,7,1.0
mumbl,0,7,7,1.0
kohlberg,7,0,7,0.0
pharamci,0,7,7,1.0
shaker,1,6,7,0.857
heliotrop,0,7,7,1.0
soiv,0,7,7,1.0
aghast,0,7,7,1.0
chemisorb,0,7,7,1.0
ceutic,0,7,7,1.0
telesi,1,6,7,0.857
nameabl,0,7,7,1.0
sero,0,7,7,1.0
wich,2,5,7,0.714
jy,0,7,7,1.0
fleck,1,6,7,0.857
savonarola,0,7,7,1.0
pki,0,7,7,1.0
jhherbert,7,0,7,0.0
polsc,7,0,7,0.0
obsequy,0,7,7,1.0
deprav,0,7,7,1.0
chanci,1,6,7,0.857
helmholtz,0,7,7,1.0
prisonlik,0,7,7,1.0
pancrea,2,5,7,0.714
losss,0,7,7,1.0
unwelcom,5,2,7,0.286
lighthous,0,7,7,1.0
entro,0,7,7,1.0
nwfusion,7,0,7,0.0
kitti,0,7,7,1.0
diopter,0,7,7,1.0
clothesmen,0,7,7,1.0
schreiben,0,7,7,1.0
barbari,3,4,7,0.571
heatherloch,7,0,7,0.0
isyn,0,7,7,1.0
thither,0,7,7,1.0
reparte,0,7,7,1.0
mercer,3,4,7,0.571
wj,0,7,7,1.0
turquois,0,7,7,1.0
mulet,0,7,7,1.0
psychogenet,0,7,7,1.0
tahoma,0,7,7,1.0
loja,0,7,7,1.0
sangster,7,0,7,0.0
permalloy,0,7,7,1.0
burett,0,7,7,1.0
hereand,0,7,7,1.0
peafowl,0,7,7,1.0
perryton,2,5,7,0.714
milliped,0,7,7,1.0
thati,0,7,7,1.0
mcadam,4,3,7,0.429
gout,0,7,7,1.0
euler,0,7,7,1.0
uninomin,0,7,7,1.0
pensil,0,7,7,1.0
pentan,0,7,7,1.0
lawson,3,4,7,0.571
hoosegow,0,7,7,1.0
plexu,0,7,7,1.0
feverish,3,4,7,0.571
hardtack,0,7,7,1.0
euphrat,0,7,7,1.0
zheng,1,6,7,0.857
ncua,1,6,7,0.857
grassland,0,7,7,1.0
nkanga,0,7,7,1.0
corinth,0,7,7,1.0
dgj,0,7,7,1.0
stevestock,7,0,7,0.0
lutanist,0,7,7,1.0
harsimran,7,0,7,0.0
cramp,1,6,7,0.857
tappet,0,7,7,1.0
stanhop,0,7,7,1.0
introit,0,7,7,1.0
gwk,0,7,7,1.0
tetraval,0,7,7,1.0
impalp,0,7,7,1.0
nettleton,7,0,7,0.0
meme,7,0,7,0.0
quantil,0,7,7,1.0
unido,0,7,7,1.0
gori,2,5,7,0.714
exemplari,6,1,7,0.143
chiller,5,2,7,0.286
stonewal,2,5,7,0.714
hibern,1,6,7,0.857
beetl,0,7,7,1.0
pewter,0,7,7,1.0
knowhow,0,7,7,1.0
slovenia,3,4,7,0.571
breezi,0,7,7,1.0
incommut,0,7,7,1.0
confessor,0,7,7,1.0
tej,6,1,7,0.143
avaya,5,2,7,0.286
abteilung,0,7,7,1.0
concerti,0,7,7,1.0
winnow,1,6,7,0.857
hyperion,6,1,7,0.143
gedanken,0,7,7,1.0
homrig,7,0,7,0.0
inefficaci,0,7,7,1.0
netti,2,5,7,0.714
ventil,5,2,7,0.286
hotelman,0,7,7,1.0
gorst,0,7,7,1.0
tabernacl,0,7,7,1.0
mraymon,7,0,7,0.0
commi,0,7,7,1.0
dodo,0,7,7,1.0
amnesti,3,4,7,0.571
pinochl,1,6,7,0.857
waterg,2,5,7,0.714
adversari,1,6,7,0.857
pnw,7,0,7,0.0
leder,0,7,7,1.0
witcoski,7,0,7,0.0
sudanes,0,7,7,1.0
monik,7,0,7,0.0
thierri,3,4,7,0.571
commando,0,7,7,1.0
reformatori,0,7,7,1.0
tippl,1,6,7,0.857
willoughbi,1,6,7,0.857
tracey,5,2,7,0.286
stereoscopi,0,7,7,1.0
vantag,0,7,7,1.0
forderungen,0,7,7,1.0
redwood,1,6,7,0.857
mcleod,3,4,7,0.571
textron,1,6,7,0.857
transceiv,0,7,7,1.0
cretan,0,7,7,1.0
faulkner,0,7,7,1.0
wiseacr,0,7,7,1.0
exorcis,0,7,7,1.0
rabbl,0,7,7,1.0
signet,0,7,7,1.0
scrip,0,7,7,1.0
prescriptio,0,7,7,1.0
eigenspac,0,7,7,1.0
thereupon,0,7,7,1.0
storyboard,1,6,7,0.857
fleshi,0,7,7,1.0
rhombu,0,7,7,1.0
rerat,7,0,7,0.0
demodul,0,7,7,1.0
pamper,1,6,7,0.857
miembro,0,7,7,1.0
itp,3,4,7,0.571
virul,0,7,7,1.0
extracellular,0,7,7,1.0
siudg,0,7,7,1.0
tuer,7,0,7,0.0
cormor,0,7,7,1.0
xs,3,4,7,0.571
biscayn,2,5,7,0.714
schumann,0,7,7,1.0
hershel,0,7,7,1.0
ucb,0,7,7,1.0
craven,1,6,7,0.857
treatement,1,6,7,0.857
weisel,7,0,7,0.0
patho,0,7,7,1.0
glidden,0,7,7,1.0
sled,0,7,7,1.0
communig,0,7,7,1.0
quixot,1,6,7,0.857
dlscount,0,7,7,1.0
meno,0,7,7,1.0
alternativa,1,6,7,0.857
adicion,0,7,7,1.0
hacksaw,0,7,7,1.0
fugu,0,7,7,1.0
composur,0,7,7,1.0
litepad,0,7,7,1.0
stippler,0,7,7,1.0
thk,7,0,7,0.0
scatterbrain,0,7,7,1.0
runout,2,5,7,0.714
trencherman,0,7,7,1.0
conspiratori,0,7,7,1.0
teraz,7,0,7,0.0
nagoya,0,7,7,1.0
trdt,7,0,7,0.0
goodluck,0,7,7,1.0
nitric,0,7,7,1.0
pyrit,0,7,7,1.0
penney,7,0,7,0.0
emertech,7,0,7,0.0
martia,0,7,7,1.0
posthum,0,7,7,1.0
chiyoda,7,0,7,0.0
goodel,7,0,7,0.0
pokerbook,0,7,7,1.0
wellbor,5,2,7,0.286
pleo,7,0,7,0.0
grigorov,7,0,7,0.0
oresteia,0,7,7,1.0
obligat,0,7,7,1.0
sambuca,7,0,7,0.0
leona,0,7,7,1.0
encomium,0,7,7,1.0
rmin,0,7,7,1.0
tuft,3,4,7,0.571
mrf,7,0,7,0.0
armaceuticai,0,7,7,1.0
workman,0,7,7,1.0
oubadia,7,0,7,0.0
vogu,1,6,7,0.857
ransack,0,7,7,1.0
fredholm,0,7,7,1.0
mediasetshop,0,7,7,1.0
upend,0,7,7,1.0
legislação,0,7,7,1.0
throb,0,7,7,1.0
jefri,0,7,7,1.0
fevereiro,0,7,7,1.0
smtpr,7,0,7,0.0
ppd,0,7,7,1.0
litholog,0,7,7,1.0
calvinist,0,7,7,1.0
miso,7,0,7,0.0
machen,0,7,7,1.0
bougar,0,7,7,1.0
agc,6,1,7,0.143
heirskip,0,7,7,1.0
pier,3,4,7,0.571
carthaginian,0,7,7,1.0
whiteboard,6,1,7,0.143
guenther,0,7,7,1.0
cablevis,7,0,7,0.0
hotrod,0,7,7,1.0
herk,0,7,7,1.0
beefi,0,7,7,1.0
grep,7,0,7,0.0
geral,0,7,7,1.0
fichera,7,0,7,0.0
salal,7,0,7,0.0
polymer,0,7,7,1.0
estop,0,7,7,1.0
monticello,1,6,7,0.857
swedish,4,3,7,0.429
apec,0,7,7,1.0
paperbound,0,7,7,1.0
qsri,7,0,7,0.0
gawab,0,7,7,1.0
naiv,4,3,7,0.429
unlucki,3,4,7,0.571
precoci,0,7,7,1.0
srk,6,1,7,0.143
ajm,0,7,7,1.0
manten,0,7,7,1.0
muong,0,7,7,1.0
kabel,7,0,7,0.0
chaparr,0,7,7,1.0
housebreak,0,7,7,1.0
undercut,7,0,7,0.0
nqb,3,4,7,0.571
guía,0,7,7,1.0
llu,0,7,7,1.0
gebruik,0,7,7,1.0
castagnola,7,0,7,0.0
hauer,7,0,7,0.0
upsurg,2,5,7,0.714
presuppos,1,6,7,0.857
calenergi,7,0,7,0.0
postpaid,0,7,7,1.0
challang,6,1,7,0.143
nightgown,0,7,7,1.0
untrac,0,7,7,1.0
isfahan,0,7,7,1.0
recomenda,0,7,7,1.0
recht,0,7,7,1.0
krislov,7,0,7,0.0
brite,1,6,7,0.857
gogo,0,7,7,1.0
pietism,0,7,7,1.0
vdwb,0,7,7,1.0
squeamish,1,6,7,0.857
amphibi,0,7,7,1.0
bopd,0,7,7,1.0
unimport,5,2,7,0.286
ensr,7,0,7,0.0
damian,7,0,7,0.0
wxget,0,7,7,1.0
unoc,7,0,7,0.0
snafu,3,4,7,0.571
starfish,0,7,7,1.0
experian,5,2,7,0.286
piecewis,0,7,7,1.0
introspect,0,7,7,1.0
bethought,0,7,7,1.0
rotarian,0,7,7,1.0
parabol,0,7,7,1.0
schnapper,7,0,7,0.0
investigacin,0,7,7,1.0
moffob,0,7,7,1.0
petticoat,0,7,7,1.0
ingrat,0,7,7,1.0
número,0,7,7,1.0
reitmey,7,0,7,0.0
bollerslev,7,0,7,0.0
rostrum,0,7,7,1.0
paladin,7,0,7,0.0
hampden,0,7,7,1.0
crafti,0,7,7,1.0
hidebound,0,7,7,1.0
proflig,1,6,7,0.857
kuhn,2,5,7,0.714
opa,2,5,7,0.714
tub,0,7,7,1.0
epoxi,0,7,7,1.0
demijohn,0,7,7,1.0
cutset,0,7,7,1.0
vlm,0,7,7,1.0
delma,7,0,7,0.0
blingsoft,0,7,7,1.0
frige,0,7,7,1.0
gali,0,7,7,1.0
mania,0,7,7,1.0
extremi,0,7,7,1.0
dubit,0,7,7,1.0
eir,0,7,7,1.0
reata,1,6,7,0.857
rmation,0,7,7,1.0
possibilti,1,6,7,0.857
landlin,0,7,7,1.0
katja,7,0,7,0.0
knauer,0,7,7,1.0
vila,0,7,7,1.0
kinross,7,0,7,0.0
incendiari,1,6,7,0.857
riviera,2,5,7,0.714
cowgirl,0,7,7,1.0
lambda,2,5,7,0.714
suffrag,0,7,7,1.0
neuter,1,6,7,0.857
newtonian,0,7,7,1.0
merriss,7,0,7,0.0
arteriol,0,7,7,1.0
glotti,0,7,7,1.0
yuh,0,7,7,1.0
bayberri,0,7,7,1.0
creedal,0,7,7,1.0
ital,4,3,7,0.429
orm,0,7,7,1.0
basl,7,0,7,0.0
hldg,6,1,7,0.143
tshirt,0,7,7,1.0
wap,2,5,7,0.714
ffffa,0,7,7,1.0
hindmost,0,7,7,1.0
worcest,0,7,7,1.0
rupert,4,3,7,0.429
praca,7,0,7,0.0
misbeliev,0,7,7,1.0
shinto,0,7,7,1.0
lob,1,6,7,0.857
handyman,0,7,7,1.0
taunt,0,7,7,1.0
sloe,0,7,7,1.0
shimek,7,0,7,0.0
stile,1,6,7,0.857
ktori,7,0,7,0.0
unschedul,7,0,7,0.0
decivil,0,7,7,1.0
cq,0,7,7,1.0
nelsonb,7,0,7,0.0
lhe,0,7,7,1.0
berryman,7,0,7,0.0
capacitación,0,7,7,1.0
disfigur,0,7,7,1.0
faze,0,7,7,1.0
undul,0,7,7,1.0
arragon,0,7,7,1.0
angular,0,7,7,1.0
bedchamb,0,7,7,1.0
renault,0,7,7,1.0
forcibl,0,7,7,1.0
bruckner,0,7,7,1.0
gml,0,7,7,1.0
gristmil,0,7,7,1.0
activeiy,0,7,7,1.0
sagitt,0,7,7,1.0
thrift,3,4,7,0.571
clang,0,7,7,1.0
iz,1,6,7,0.857
wri,1,6,7,0.857
martini,0,7,7,1.0
insens,0,7,7,1.0
hogu,5,2,7,0.286
equilibria,0,7,7,1.0
pervert,0,7,7,1.0
influent,0,7,7,1.0
barstow,0,7,7,1.0
minefield,3,4,7,0.571
smilow,7,0,7,0.0
gyro,0,7,7,1.0
vestig,3,4,7,0.571
lackawanna,7,0,7,0.0
vengeanc,4,3,7,0.429
tca,1,6,7,0.857
primo,1,6,7,0.857
eiectromagnet,0,7,7,1.0
mercatu,7,0,7,0.0
smailer,0,7,7,1.0
subvers,1,6,7,0.857
zk,0,7,7,1.0
kiddi,0,7,7,1.0
puct,7,0,7,0.0
dynasti,1,6,7,0.857
sunlit,0,7,7,1.0
yellowish,0,7,7,1.0
comqual,0,7,7,1.0
indig,0,7,7,1.0
stripper,0,7,7,1.0
chaw,0,7,7,1.0
lewthwait,7,0,7,0.0
rube,0,7,7,1.0
smother,1,6,7,0.857
gutenberg,0,7,7,1.0
somatotyp,0,7,7,1.0
sadist,1,6,7,0.857
mujer,0,7,7,1.0
buckl,1,6,7,0.857
brockett,7,0,7,0.0
controvert,0,7,7,1.0
internecin,0,7,7,1.0
ehrenberg,7,0,7,0.0
josiah,0,7,7,1.0
chowchilla,0,7,7,1.0
refract,0,7,7,1.0
bachtel,7,0,7,0.0
franciscan,0,7,7,1.0
wimbledon,2,5,7,0.714
poesía,0,7,7,1.0
rushmor,2,5,7,0.714
coff,0,7,7,1.0
epinephrin,0,7,7,1.0
allegori,0,7,7,1.0
flamenca,0,7,7,1.0
seccurrittie,0,7,7,1.0
grizzl,0,7,7,1.0
whit,1,6,7,0.857
póngase,0,7,7,1.0
brit,7,0,7,0.0
reus,4,3,7,0.429
monti,2,5,7,0.714
freyr,7,0,7,0.0
rememdi,0,7,7,1.0
chipmunk,0,7,7,1.0
rosenzweig,1,6,7,0.857
stockad,0,7,7,1.0
donehernow,0,7,7,1.0
selfridg,0,7,7,1.0
rosenth,2,5,7,0.714
worldvideobusi,0,7,7,1.0
bonapart,0,7,7,1.0
prismat,0,7,7,1.0
fresno,0,7,7,1.0
kayn,7,0,7,0.0
suez,3,4,7,0.571
malnutrit,0,7,7,1.0
sorghum,0,7,7,1.0
compositor,0,7,7,1.0
jonesgsm,7,0,7,0.0
inborn,0,7,7,1.0
mortgeg,0,7,7,1.0
bulker,0,7,7,1.0
median,3,4,7,0.571
stolid,3,4,7,0.571
perspectiva,1,6,7,0.857
surpriz,4,3,7,0.429
outpati,0,7,7,1.0
entranceway,0,7,7,1.0
belfri,0,7,7,1.0
quizz,1,6,7,0.857
guitarra,0,7,7,1.0
redshank,0,7,7,1.0
ammend,7,0,7,0.0
corbal,7,0,7,0.0
sutra,0,7,7,1.0
fogarti,0,7,7,1.0
consignor,0,7,7,1.0
surech,7,0,7,0.0
boyer,5,2,7,0.286
beyhum,7,0,7,0.0
jumbo,1,6,7,0.857
smyrna,0,7,7,1.0
tridiagon,0,7,7,1.0
lockian,0,7,7,1.0
superl,0,7,7,1.0
curvilinear,0,7,7,1.0
eightfold,1,6,7,0.857
hemlock,0,7,7,1.0
spaniel,0,7,7,1.0
whale,0,7,7,1.0
swami,1,6,7,0.857
pinwheel,1,6,7,0.857
stocksnut,0,7,7,1.0
inln,7,0,7,0.0
rabbi,0,7,7,1.0
tdi,4,3,7,0.429
masturbación,0,7,7,1.0
wholeheart,0,7,7,1.0
advil,0,7,7,1.0
wen,3,4,7,0.571
girdl,0,7,7,1.0
eril,0,7,7,1.0
presen,7,0,7,0.0
hubris,0,7,7,1.0
jurgen,1,6,7,0.857
safat,0,7,7,1.0
eyberg,7,0,7,0.0
argillac,0,7,7,1.0
compactifi,0,7,7,1.0
detox,5,2,7,0.286
mural,0,7,7,1.0
aad,0,7,7,1.0
raceway,0,7,7,1.0
itch,0,7,7,1.0
pueril,0,7,7,1.0
natarajan,7,0,7,0.0
paraboloid,0,7,7,1.0
facad,0,7,7,1.0
tauzier,7,0,7,0.0
brinkmanship,0,7,7,1.0
hundredth,0,7,7,1.0
untru,4,3,7,0.429
sandal,0,7,7,1.0
jarvi,3,4,7,0.571
excresc,0,7,7,1.0
infrar,0,7,7,1.0
kkr,7,0,7,0.0
trainman,0,7,7,1.0
hideout,0,7,7,1.0
cora,6,1,7,0.143
vampir,2,5,7,0.714
mcmoran,7,0,7,0.0
chanson,0,7,7,1.0
krypton,0,7,7,1.0
greenback,1,6,7,0.857
scutum,0,7,7,1.0
permanent,2,5,7,0.714
skydiv,6,1,7,0.143
mongolia,0,7,7,1.0
quadrangl,0,7,7,1.0
bellyach,0,7,7,1.0
spotti,4,3,7,0.429
squamou,0,7,7,1.0
contrabass,0,7,7,1.0
bubenko,7,0,7,0.0
orderind,0,7,7,1.0
purswel,7,0,7,0.0
sugarcan,7,0,7,0.0
proffession,0,7,7,1.0
orgiast,0,7,7,1.0
medzz,0,7,7,1.0
saucepan,0,7,7,1.0
ejector,0,7,7,1.0
tractlet,0,7,7,1.0
jablonski,0,7,7,1.0
glutam,0,7,7,1.0
mudsl,0,7,7,1.0
exhort,0,7,7,1.0
commis,4,3,7,0.429
pistol,1,6,7,0.857
soludo,0,7,7,1.0
vng,7,0,7,0.0
leitmotiv,0,7,7,1.0
hatton,6,1,7,0.143
arsenid,0,7,7,1.0
asparagu,0,7,7,1.0
lizard,0,7,7,1.0
wingmen,0,7,7,1.0
housebroken,0,7,7,1.0
opiat,0,7,7,1.0
univeristi,2,5,7,0.714
waylaid,1,6,7,0.857
possessor,0,7,7,1.0
meisner,7,0,7,0.0
infanc,2,5,7,0.714
geognost,0,7,7,1.0
welsch,7,0,7,0.0
timmon,5,2,7,0.286
riven,0,7,7,1.0
livid,1,6,7,0.857
mauritania,0,7,7,1.0
filth,0,7,7,1.0
uppercas,0,7,7,1.0
bounci,0,7,7,1.0
defenc,2,5,7,0.714
punctur,2,5,7,0.714
hipster,0,7,7,1.0
amethyst,0,7,7,1.0
mcallen,2,5,7,0.714
webcaf,7,0,7,0.0
comunicacin,0,7,7,1.0
wichita,0,7,7,1.0
acess,0,7,7,1.0
roost,4,3,7,0.429
evzon,0,7,7,1.0
notinus,0,7,7,1.0
becau,1,6,7,0.857
termer,0,7,7,1.0
molybdenit,0,7,7,1.0
matchbook,0,7,7,1.0
indicar,0,7,7,1.0
nana,0,7,7,1.0
neurontin,0,7,7,1.0
marilu,7,0,7,0.0
shrine,1,6,7,0.857
sibil,0,7,7,1.0
jlew,7,0,7,0.0
patern,1,6,7,0.857
fleawort,0,7,7,1.0
vivianc,7,0,7,0.0
shoal,0,7,7,1.0
splotchi,0,7,7,1.0
franai,0,7,7,1.0
incapacit,1,6,7,0.857
snuffl,0,7,7,1.0
buzzer,0,7,7,1.0
ignatia,0,7,7,1.0
prefect,0,7,7,1.0
peal,0,7,7,1.0
blondi,1,6,7,0.857
addtion,7,0,7,0.0
fleec,0,7,7,1.0
yee,5,2,7,0.286
wsbn,0,7,7,1.0
lute,0,7,7,1.0
asinin,0,7,7,1.0
shack,0,7,7,1.0
siegfri,1,6,7,0.857
qx,2,5,7,0.714
secreto,0,7,7,1.0
kravi,7,0,7,0.0
eschalot,0,7,7,1.0
psychopath,0,7,7,1.0
consigne,0,7,7,1.0
speedwel,4,3,7,0.429
hao,6,1,7,0.143
siightli,0,7,7,1.0
saxena,7,0,7,0.0
etho,4,3,7,0.429
taketh,0,7,7,1.0
poppi,0,7,7,1.0
kittenish,0,7,7,1.0
fabricio,7,0,7,0.0
ifci,7,0,7,0.0
grabbl,0,7,7,1.0
lawless,2,5,7,0.714
promulg,6,1,7,0.143
hostelri,0,7,7,1.0
cablefilt,0,7,7,1.0
isonephel,0,7,7,1.0
gpgrm,7,0,7,0.0
kadlec,7,0,7,0.0
stabilis,7,0,7,0.0
oversecur,0,7,7,1.0
tientsin,0,7,7,1.0
coii,0,7,7,1.0
bayreuth,0,7,7,1.0
tassel,0,7,7,1.0
providenti,0,7,7,1.0
enzymat,0,7,7,1.0
bergsiek,7,0,7,0.0
peninsula,2,5,7,0.714
lbp,0,7,7,1.0
cqo,7,0,7,0.0
incit,0,7,7,1.0
entorno,0,7,7,1.0
jambolan,0,7,7,1.0
cetu,0,7,7,1.0
kennan,0,7,7,1.0
defauit,0,7,7,1.0
quel,0,7,7,1.0
nakornthai,7,0,7,0.0
lipton,0,7,7,1.0
ome,0,7,7,1.0
lister,6,1,7,0.143
plat,0,7,7,1.0
umbra,0,7,7,1.0
shirlecl,7,0,7,0.0
sculli,7,0,7,0.0
brushlik,0,7,7,1.0
sutur,0,7,7,1.0
tragen,0,7,7,1.0
jubran,7,0,7,0.0
pdc,6,1,7,0.143
dram,4,3,7,0.429
sheath,0,7,7,1.0
cynet,7,0,7,0.0
multpl,0,7,7,1.0
aldacton,0,7,7,1.0
duracin,0,7,7,1.0
pyromet,0,7,7,1.0
zig,1,6,7,0.857
supercomput,1,6,7,0.857
retailpric,0,7,7,1.0
dimetapp,7,0,7,0.0
phycomycet,0,7,7,1.0
netvis,0,7,7,1.0
embryolog,0,7,7,1.0
taboo,0,7,7,1.0
digi,0,7,7,1.0
pennzenergi,7,0,7,0.0
rangoon,0,7,7,1.0
apothegm,0,7,7,1.0
drophead,0,7,7,1.0
nondescript,1,6,7,0.857
mantl,4,3,7,0.429
scripp,1,6,7,0.857
ffffb,0,7,7,1.0
hildebrand,3,4,7,0.571
fixat,1,6,7,0.857
flagrant,3,4,7,0.571
orthodont,0,7,7,1.0
anethol,0,7,7,1.0
indemnif,7,0,7,0.0
cdp,7,0,7,0.0
muitinationa,0,7,7,1.0
heterostructur,0,7,7,1.0
leeway,3,4,7,0.571
lithographi,0,7,7,1.0
somatotropin,0,7,7,1.0
bifac,0,7,7,1.0
vee,0,7,7,1.0
,0,7,7,1.0
lode,1,6,7,0.857
nether,0,7,7,1.0
viltz,7,0,7,0.0
freaguila,0,7,7,1.0
mateo,1,6,7,0.857
famish,0,7,7,1.0
conifer,0,7,7,1.0
apothecari,0,7,7,1.0
ouch,0,7,7,1.0
rewardsgateway,0,7,7,1.0
especialista,0,7,7,1.0
buscar,0,7,7,1.0
orograph,0,7,7,1.0
xiaojun,7,0,7,0.0
gazett,0,7,7,1.0
inalien,0,7,7,1.0
linkwork,0,7,7,1.0
siberian,0,7,7,1.0
horseflesh,0,7,7,1.0
astronomica,0,7,7,1.0
softw,0,7,7,1.0
workmiracl,0,7,7,1.0
candidato,0,7,7,1.0
unruli,0,7,7,1.0
gst,6,1,7,0.143
frauen,0,7,7,1.0
palermo,0,7,7,1.0
veneer,1,6,7,0.857
odessa,1,6,7,0.857
noonan,7,0,7,0.0
softer,6,1,7,0.143
prob,7,0,7,0.0
adrift,0,7,7,1.0
apollonian,0,7,7,1.0
yawn,4,3,7,0.429
luxo,0,7,7,1.0
pundit,1,6,7,0.857
moratorium,5,2,7,0.286
almagu,7,0,7,0.0
cryptograph,0,7,7,1.0
cheesecak,0,7,7,1.0
kathol,7,0,7,0.0
yeol,7,0,7,0.0
rect,0,7,7,1.0
havard,7,0,7,0.0
fidalgo,0,7,7,1.0
crodrig,7,0,7,0.0
narsimha,7,0,7,0.0
repertoir,1,6,7,0.857
handicapp,0,7,7,1.0
moth,1,6,7,0.857
alvo,0,7,7,1.0
wheelwork,0,7,7,1.0
pinot,1,6,7,0.857
hypochlor,0,7,7,1.0
ganz,0,7,7,1.0
huffman,1,6,7,0.857
pariti,6,1,7,0.143
dah,1,6,7,0.857
emaci,0,7,7,1.0
macgregor,2,5,7,0.714
hspace,0,7,7,1.0
inflect,0,7,7,1.0
hussein,1,6,7,0.857
lockdown,6,1,7,0.143
uncommanded,0,7,7,1.0
faucet,0,7,7,1.0
starvat,0,7,7,1.0
mumm,7,0,7,0.0
madsen,0,7,7,1.0
sequestr,0,7,7,1.0
inscribas,0,7,7,1.0
dropdown,6,1,7,0.143
prm,7,0,7,0.0
ginsberg,1,6,7,0.857
loooook,0,7,7,1.0
epidermi,0,7,7,1.0
avapro,0,7,7,1.0
mabl,5,2,7,0.286
kerchief,0,7,7,1.0
vestri,0,7,7,1.0
frankfort,2,5,7,0.714
pluggabl,0,7,7,1.0
fraley,7,0,7,0.0
farney,7,0,7,0.0
spinal,0,7,7,1.0
bromley,2,5,7,0.714
crear,0,7,7,1.0
whouli,7,0,7,0.0
pugnaci,1,6,7,0.857
interprovinci,0,7,7,1.0
sarma,7,0,7,0.0
winslow,2,5,7,0.714
clomp,0,7,7,1.0
revisionari,0,7,7,1.0
hagerstown,7,0,7,0.0
ithaca,1,6,7,0.857
vite,0,7,7,1.0
ishihara,7,0,7,0.0
hummel,1,6,7,0.857
absoiut,0,7,7,1.0
fluvial,0,7,7,1.0
pozdrowienia,7,0,7,0.0
silti,0,7,7,1.0
pip,0,7,7,1.0
skiff,0,7,7,1.0
erac,7,0,7,0.0
opper,0,7,7,1.0
sda,2,5,7,0.714
creatorstol,0,7,7,1.0
loyalist,7,0,7,0.0
florin,0,7,7,1.0
buddhist,1,6,7,0.857
intoler,1,6,7,0.857
sordid,1,6,7,0.857
insignia,2,5,7,0.714
mcneill,7,0,7,0.0
pouvez,0,7,7,1.0
newborn,3,4,7,0.571
fomd,0,7,7,1.0
pasta,3,4,7,0.571
exculp,0,7,7,1.0
ypsilanti,0,7,7,1.0
coverlet,0,7,7,1.0
wsrefi,0,7,7,1.0
permis,7,0,7,0.0
wadl,7,0,7,0.0
rmt,7,0,7,0.0
swissreenergi,7,0,7,0.0
thunderflow,0,7,7,1.0
stellen,0,7,7,1.0
shadflow,0,7,7,1.0
transcoast,7,0,7,0.0
dasr,7,0,7,0.0
autorepli,2,5,7,0.714
rhapsodi,0,7,7,1.0
aguayo,7,0,7,0.0
insular,1,6,7,0.857
sonata,0,7,7,1.0
drafti,0,7,7,1.0
ccustom,0,7,7,1.0
spica,0,7,7,1.0
deje,0,7,7,1.0
triquint,7,0,7,0.0
autist,0,7,7,1.0
tamper,1,6,7,0.857
bracepatt,7,0,7,0.0
dougherti,0,7,7,1.0
sanborn,2,5,7,0.714
compunct,0,7,7,1.0
,0,7,7,1.0
greenwood,4,3,7,0.429
rinsland,0,7,7,1.0
jmyan,7,0,7,0.0
offertori,0,7,7,1.0
sadli,4,3,7,0.429
fcu,1,6,7,0.857
prosod,0,7,7,1.0
aero,7,0,7,0.0
cochlea,0,7,7,1.0
artilleri,0,7,7,1.0
mirrior,0,7,7,1.0
pion,0,7,7,1.0
fodder,1,6,7,0.857
sanhedrin,0,7,7,1.0
acidul,0,7,7,1.0
catelog,0,7,7,1.0
codic,0,7,7,1.0
meek,3,4,7,0.571
choix,0,7,7,1.0
wiltfong,7,0,7,0.0
rhodesia,0,7,7,1.0
respiratori,0,7,7,1.0
beani,0,7,7,1.0
surceas,0,7,7,1.0
interesant,0,7,7,1.0
corrig,0,7,7,1.0
giantess,0,7,7,1.0
cozaar,0,7,7,1.0
stabi,0,7,7,1.0
energyplu,7,0,7,0.0
lado,0,7,7,1.0
olympia,1,6,7,0.857
bigotri,0,7,7,1.0
shini,2,5,7,0.714
handili,5,2,7,0.286
gawki,0,7,7,1.0
actionlas,0,7,7,1.0
unicom,1,6,7,0.857
comi,3,4,7,0.571
nelli,3,4,7,0.571
tourism,1,6,7,0.857
uat,7,0,7,0.0
wolcott,0,7,7,1.0
fitzsimmon,7,0,7,0.0
embalm,0,7,7,1.0
escherichia,0,7,7,1.0
vielen,1,6,7,0.857
conseguir,0,7,7,1.0
involuntarili,6,1,7,0.143
premia,7,0,7,0.0
junio,0,7,7,1.0
universit,6,1,7,0.143
mandarin,1,6,7,0.857
tollgat,0,7,7,1.0
upkeep,0,7,7,1.0
journeymen,0,7,7,1.0
verdi,0,7,7,1.0
synm,7,0,7,0.0
pillowslip,0,7,7,1.0
clothesman,0,7,7,1.0
merritt,5,2,7,0.286
solament,0,7,7,1.0
beaujolai,0,7,7,1.0
censorship,1,6,7,0.857
burma,0,7,7,1.0
gilsan,7,0,7,0.0
genii,0,7,7,1.0
climatolog,1,6,7,0.857
iol,0,7,7,1.0
scat,0,7,7,1.0
veranda,0,7,7,1.0
apn,0,7,7,1.0
volkswagen,3,4,7,0.571
patagonia,3,4,7,0.571
guidlin,0,7,7,1.0
misstep,6,1,7,0.143
savoyard,0,7,7,1.0
mele,1,6,7,0.857
residuum,0,7,7,1.0
pinchback,0,7,7,1.0
carport,0,7,7,1.0
lection,0,7,7,1.0
gönderilmiþtir,0,7,7,1.0
midsiz,3,4,7,0.571
egotist,1,6,7,0.857
ingot,0,7,7,1.0
noti,7,0,7,0.0
rummi,0,7,7,1.0
quickenloan,7,0,7,0.0
coiumbia,0,7,7,1.0
gunshot,0,7,7,1.0
getrespons,0,7,7,1.0
shd,7,0,7,0.0
aplicacin,0,7,7,1.0
stepson,0,7,7,1.0
pharr,7,0,7,0.0
neva,0,7,7,1.0
septiembr,1,6,7,0.857
tellurium,0,7,7,1.0
modestli,4,3,7,0.429
aspidistra,0,7,7,1.0
ffffffnbsp,0,7,7,1.0
ironwood,0,7,7,1.0
radioshack,7,0,7,0.0
nneed,0,7,7,1.0
banda,0,7,7,1.0
bfp,0,7,7,1.0
uih,0,7,7,1.0
govadv,7,0,7,0.0
bryophyta,0,7,7,1.0
roundoff,3,4,7,0.571
augean,0,7,7,1.0
mantenimiento,0,7,7,1.0
bestxpshop,0,7,7,1.0
olga,2,5,7,0.714
peed,0,7,7,1.0
eitf,7,0,7,0.0
allright,7,0,7,0.0
wardsman,0,7,7,1.0
flawless,5,2,7,0.286
handleabl,0,7,7,1.0
semper,0,7,7,1.0
correnti,7,0,7,0.0
pyroelectr,0,7,7,1.0
tingl,0,7,7,1.0
pao,1,6,7,0.857
swede,0,7,7,1.0
isi,1,6,7,0.857
moresbi,0,7,7,1.0
platen,1,6,7,0.857
huck,0,7,7,1.0
collim,0,7,7,1.0
bluebil,0,7,7,1.0
snark,0,7,7,1.0
kink,5,2,7,0.286
crzo,7,0,7,0.0
formic,0,7,7,1.0
louisvil,1,6,7,0.857
rna,0,7,7,1.0
aperiod,0,7,7,1.0
fzo,0,7,7,1.0
prophylact,0,7,7,1.0
deposito,0,7,7,1.0
monstrou,2,5,7,0.714
digitai,0,7,7,1.0
phdel,7,0,7,0.0
pendulum,2,5,7,0.714
ethnographi,0,7,7,1.0
ooz,0,7,7,1.0
compartir,3,4,7,0.571
hygien,0,7,7,1.0
rov,3,4,7,0.571
ninesigma,0,7,7,1.0
suivant,0,7,7,1.0
lessor,2,5,7,0.714
auroch,0,7,7,1.0
eyelid,0,7,7,1.0
carga,0,7,7,1.0
verdad,0,7,7,1.0
amentifer,0,7,7,1.0
leopard,0,7,7,1.0
temser,0,7,7,1.0
satin,0,7,7,1.0
sanyo,1,6,7,0.857
pittman,4,3,7,0.429
bodhisattva,0,7,7,1.0
chyral,7,0,7,0.0
trimer,0,7,7,1.0
ittl,0,7,7,1.0
piwetz,7,0,7,0.0
fanout,0,7,7,1.0
haunch,0,7,7,1.0
accross,3,4,7,0.571
reklam,0,7,7,1.0
mast,0,7,7,1.0
ciass,0,7,7,1.0
usaf,0,7,7,1.0
checkerboard,0,7,7,1.0
speli,0,7,7,1.0
epsa,7,0,7,0.0
despatch,3,4,7,0.571
molier,1,6,7,0.857
vario,0,7,7,1.0
orr,2,5,7,0.714
loll,0,7,7,1.0
thysanopteran,0,7,7,1.0
cacumin,0,7,7,1.0
trichophor,0,7,7,1.0
stell,0,7,7,1.0
aunqu,0,7,7,1.0
exogen,0,7,7,1.0
obnoxi,0,7,7,1.0
natco,7,0,7,0.0
antipathi,1,6,7,0.857
mound,0,7,7,1.0
pcanywher,0,7,7,1.0
redcoat,0,7,7,1.0
bindwe,0,7,7,1.0
primros,1,6,7,0.857
womencentr,7,0,7,0.0
imprimatur,0,7,7,1.0
capsiz,0,7,7,1.0
concertmast,0,7,7,1.0
inculp,0,7,7,1.0
dumfound,0,7,7,1.0
eet,0,7,7,1.0
sangare,0,7,7,1.0
thaddeu,2,5,7,0.714
bogot,0,7,7,1.0
landfil,3,4,7,0.571
toc,5,2,7,0.286
obsolesc,1,6,7,0.857
ekstrom,0,7,7,1.0
jfk,6,1,7,0.143
inshor,0,7,7,1.0
maori,0,7,7,1.0
dragonfli,1,6,7,0.857
hemp,0,7,7,1.0
sabl,6,1,7,0.143
penelop,0,7,7,1.0
fivefold,0,7,7,1.0
heret,0,7,7,1.0
peacetim,3,4,7,0.571
laddi,0,7,7,1.0
grendel,0,7,7,1.0
swanki,0,7,7,1.0
parliamentarian,0,7,7,1.0
syrinx,0,7,7,1.0
photonephograph,0,7,7,1.0
presbyterian,5,2,7,0.286
oberlin,0,7,7,1.0
uptrend,1,6,7,0.857
potassium,1,6,7,0.857
janitor,0,7,7,1.0
cyanid,0,7,7,1.0
suction,3,4,7,0.571
postimperi,0,7,7,1.0
blasphemi,0,7,7,1.0
croix,1,6,7,0.857
hydroxid,0,7,7,1.0
keavey,7,0,7,0.0
typ,0,7,7,1.0
qg,0,7,7,1.0
overestim,6,1,7,0.143
steepl,0,7,7,1.0
kenseaman,7,0,7,0.0
pittston,0,7,7,1.0
transalpin,0,7,7,1.0
tallymen,0,7,7,1.0
postcod,0,7,7,1.0
hearken,0,7,7,1.0
superorgan,0,7,7,1.0
chiquita,1,6,7,0.857
skiil,0,7,7,1.0
generi,0,7,7,1.0
knowiedg,0,7,7,1.0
gait,0,7,7,1.0
electrónica,0,7,7,1.0
whimper,1,6,7,0.857
discrown,0,7,7,1.0
scintil,2,5,7,0.714
premonitori,0,7,7,1.0
apocalyps,1,6,7,0.857
guillaum,7,0,7,0.0
knobia,0,7,7,1.0
nadziej,7,0,7,0.0
exceptionnel,0,7,7,1.0
seleccionado,0,7,7,1.0
underwear,2,5,7,0.714
nua,0,7,7,1.0
innkeep,0,7,7,1.0
sputter,2,5,7,0.714
foti,7,0,7,0.0
inept,3,4,7,0.571
schoen,7,0,7,0.0
angora,0,7,7,1.0
franco,0,7,7,1.0
kinney,0,7,7,1.0
nanosecond,0,7,7,1.0
cinnamon,0,7,7,1.0
lisl,1,6,7,0.857
jusqu,0,7,7,1.0
vuthi,7,0,7,0.0
unbranch,0,7,7,1.0
foursquar,1,6,7,0.857
marmalad,0,7,7,1.0
everyman,0,7,7,1.0
biplan,0,7,7,1.0
bx,0,7,7,1.0
suspensin,0,7,7,1.0
mannequin,0,7,7,1.0
dif,0,7,7,1.0
biofiavonoid,0,7,7,1.0
fitzroy,1,6,7,0.857
quarri,2,5,7,0.714
youu,0,7,7,1.0
edycja,7,0,7,0.0
billiard,0,7,7,1.0
cortland,0,7,7,1.0
sauerkraut,0,7,7,1.0
enronavailsl,7,0,7,0.0
rhino,0,7,7,1.0
circlet,0,7,7,1.0
shaie,0,7,7,1.0
strychnin,0,7,7,1.0
kreep,0,7,7,1.0
ingli,6,1,7,0.143
tuna,3,4,7,0.571
fileshar,0,7,7,1.0
varian,0,7,7,1.0
monoxid,0,7,7,1.0
ompadec,0,7,7,1.0
kurd,0,7,7,1.0
youcan,0,7,7,1.0
behemoth,6,1,7,0.143
contador,0,7,7,1.0
birgit,0,7,7,1.0
petroleo,7,0,7,0.0
interferomet,0,6,6,1.0
nobleman,0,6,6,1.0
tablebrbrbrbra,0,6,6,1.0
preneur,0,6,6,1.0
highroad,0,6,6,1.0
neufeldt,6,0,6,0.0
paprika,0,6,6,1.0
rapport,1,5,6,0.833
dutta,6,0,6,0.0
microprocesador,0,6,6,1.0
telefunken,0,6,6,1.0
puck,1,5,6,0.833
pumpkin,1,5,6,0.833
minuscul,1,5,6,0.833
giftcent,6,0,6,0.0
streptococcu,0,6,6,1.0
userl,2,4,6,0.667
swish,0,6,6,1.0
binnenkort,0,6,6,1.0
mathi,2,4,6,0.667
klik,0,6,6,1.0
allario,6,0,6,0.0
sudhakar,6,0,6,0.0
effervesc,5,1,6,0.167
enoch,0,6,6,1.0
compadr,0,6,6,1.0
chek,0,6,6,1.0
ueber,0,6,6,1.0
monomer,0,6,6,1.0
incio,0,6,6,1.0
uptak,1,5,6,0.833
packagingshiip,0,6,6,1.0
carpal,2,4,6,0.667
dmshtml,0,6,6,1.0
quadrupol,0,6,6,1.0
gallop,0,6,6,1.0
talc,0,6,6,1.0
niz,6,0,6,0.0
mejorar,0,6,6,1.0
unknowingli,0,6,6,1.0
presens,6,0,6,0.0
moneytback,0,6,6,1.0
loquaci,0,6,6,1.0
vshanbh,6,0,6,0.0
loonkost,0,6,6,1.0
overstat,5,1,6,0.167
uout,0,6,6,1.0
koh,3,3,6,0.5
yourpr,0,6,6,1.0
psychopomp,0,6,6,1.0
riboflavin,0,6,6,1.0
doha,6,0,6,0.0
livonia,6,0,6,0.0
zipmail,0,6,6,1.0
amatori,0,6,6,1.0
spine,1,5,6,0.833
smutti,0,6,6,1.0
borderland,0,6,6,1.0
prealabl,6,0,6,0.0
streetcar,0,6,6,1.0
hygromet,0,6,6,1.0
deconvolut,0,6,6,1.0
stephenson,2,4,6,0.667
malden,2,4,6,0.667
densitomet,0,6,6,1.0
luxembourg,0,6,6,1.0
cbartlett,4,2,6,0.333
,6,0,6,0.0
mysql,2,4,6,0.667
hazelnut,0,6,6,1.0
twiddl,1,5,6,0.833
sycophant,0,6,6,1.0
sempron,0,6,6,1.0
tbn,5,1,6,0.167
tubul,0,6,6,1.0
tenha,0,6,6,1.0
poelling,6,0,6,0.0
issn,0,6,6,1.0
airpanel,0,6,6,1.0
mcneil,2,4,6,0.667
yoou,0,6,6,1.0
unfairmind,0,6,6,1.0
pungent,0,6,6,1.0
exposición,0,6,6,1.0
quintess,0,6,6,1.0
hardtop,0,6,6,1.0
investinm,6,0,6,0.0
netord,0,6,6,1.0
seventieth,0,6,6,1.0
ghose,6,0,6,0.0
outra,0,6,6,1.0
ouagadoug,0,6,6,1.0
zoisit,0,6,6,1.0
viac,0,6,6,1.0
exogami,0,6,6,1.0
tribesman,0,6,6,1.0
ssz,0,6,6,1.0
lifelik,0,6,6,1.0
iptek,0,6,6,1.0
spif,0,6,6,1.0
parviz,6,0,6,0.0
rhubbard,6,0,6,0.0
chattanooga,1,5,6,0.833
sporti,0,6,6,1.0
souffl,0,6,6,1.0
clytemnestra,0,6,6,1.0
foxhal,0,6,6,1.0
eproject,6,0,6,0.0
rhodolit,0,6,6,1.0
gomedz,0,6,6,1.0
ogress,0,6,6,1.0
phamaci,0,6,6,1.0
patrolman,0,6,6,1.0
scrawler,0,6,6,1.0
remium,0,6,6,1.0
pariah,4,2,6,0.333
baggerli,6,0,6,0.0
trinitroxylol,0,6,6,1.0
coffeepot,0,6,6,1.0
capaz,0,6,6,1.0
sbr,4,2,6,0.333
scarlett,0,6,6,1.0
quito,0,6,6,1.0
indentur,0,6,6,1.0
armageddon,0,6,6,1.0
zachmorri,0,6,6,1.0
dislodg,0,6,6,1.0
nucleolu,0,6,6,1.0
digita,0,6,6,1.0
rosett,0,6,6,1.0
autenticidad,0,6,6,1.0
rádio,0,6,6,1.0
extrapelv,0,6,6,1.0
smartmoney,6,0,6,0.0
bateau,0,6,6,1.0
gorsuch,6,0,6,0.0
bini,0,6,6,1.0
bec,0,6,6,1.0
toren,0,6,6,1.0
polyphenol,0,6,6,1.0
okel,0,6,6,1.0
stohl,6,0,6,0.0
blanton,5,1,6,0.167
toenail,0,6,6,1.0
tristat,0,6,6,1.0
belinski,6,0,6,0.0
croak,0,6,6,1.0
fredrik,6,0,6,0.0
whatsnew,0,6,6,1.0
completley,0,6,6,1.0
thambiah,6,0,6,0.0
sealynx,0,6,6,1.0
gnbsp,0,6,6,1.0
tienda,0,6,6,1.0
dvi,4,2,6,0.333
lideliv,0,6,6,1.0
sacral,0,6,6,1.0
yiddish,0,6,6,1.0
brouhaha,0,6,6,1.0
fission,0,6,6,1.0
saran,1,5,6,0.833
calendarl,0,6,6,1.0
nae,3,3,6,0.5
toadi,0,6,6,1.0
przed,6,0,6,0.0
unmistak,4,2,6,0.333
haudek,6,0,6,0.0
matlab,6,0,6,0.0
showboat,1,5,6,0.833
liebert,6,0,6,0.0
suppl,0,6,6,1.0
eerction,0,6,6,1.0
yourpayp,0,6,6,1.0
gbl,6,0,6,0.0
direcpc,0,6,6,1.0
cem,2,4,6,0.667
sila,0,6,6,1.0
sendo,0,6,6,1.0
softli,0,6,6,1.0
rahmet,0,6,6,1.0
synaps,0,6,6,1.0
indecompos,0,6,6,1.0
effi,0,6,6,1.0
carti,1,5,6,0.833
inees,0,6,6,1.0
sollt,0,6,6,1.0
hew,1,5,6,0.833
saveri,6,0,6,0.0
surtax,0,6,6,1.0
muskrat,0,6,6,1.0
papoos,0,6,6,1.0
sensuou,0,6,6,1.0
roundhous,0,6,6,1.0
,0,6,6,1.0
plenum,1,5,6,0.833
elvira,0,6,6,1.0
snicker,0,6,6,1.0
lubrici,0,6,6,1.0
laguerr,0,6,6,1.0
sundri,2,4,6,0.667
wavenumb,0,6,6,1.0
bboi,0,6,6,1.0
existenti,0,6,6,1.0
sundown,0,6,6,1.0
yellowpag,0,6,6,1.0
confis,0,6,6,1.0
faustian,0,6,6,1.0
gradient,0,6,6,1.0
carreira,0,6,6,1.0
haphazard,0,6,6,1.0
loir,0,6,6,1.0
oyaiti,0,6,6,1.0
blackwood,5,1,6,0.167
sinner,0,6,6,1.0
eck,2,4,6,0.667
medlar,0,6,6,1.0
particulariy,0,6,6,1.0
yyyymmdd,6,0,6,0.0
gibberish,1,5,6,0.833
pz,0,6,6,1.0
einig,0,6,6,1.0
bidiagon,0,6,6,1.0
fundamentai,0,6,6,1.0
queer,0,6,6,1.0
regionsnet,0,6,6,1.0
imf,4,2,6,0.333
superd,0,6,6,1.0
patteson,6,0,6,0.0
kvasir,0,6,6,1.0
placehold,3,3,6,0.5
bugey,0,6,6,1.0
seepag,0,6,6,1.0
transfinit,0,6,6,1.0
epoch,1,5,6,0.833
hippocrat,0,6,6,1.0
bmo,1,5,6,0.833
charcoal,0,6,6,1.0
housefli,0,6,6,1.0
gravel,2,4,6,0.667
pasha,3,3,6,0.5
pim,6,0,6,0.0
motown,6,0,6,0.0
potboil,0,6,6,1.0
seedb,0,6,6,1.0
riser,6,0,6,0.0
espe,6,0,6,0.0
piston,0,6,6,1.0
ï,0,6,6,1.0
ntsc,1,5,6,0.833
reentri,0,6,6,1.0
poros,0,6,6,1.0
buffi,0,6,6,1.0
tware,0,6,6,1.0
ketchup,0,6,6,1.0
obl,1,5,6,0.833
lepidolit,0,6,6,1.0
angier,0,6,6,1.0
fiscu,6,0,6,0.0
donohu,6,0,6,0.0
crucifix,0,6,6,1.0
kitchenett,0,6,6,1.0
jebsen,6,0,6,0.0
workaround,6,0,6,0.0
taciturn,6,0,6,0.0
nge,0,6,6,1.0
ksg,0,6,6,1.0
oaken,0,6,6,1.0
kollegen,0,6,6,1.0
coconutmodem,6,0,6,0.0
inviol,0,6,6,1.0
dryad,0,6,6,1.0
piiii,0,6,6,1.0
buyonlinrm,0,6,6,1.0
runtim,4,2,6,0.333
salamand,0,6,6,1.0
wist,0,6,6,1.0
swindl,1,5,6,0.833
istvan,0,6,6,1.0
deneb,0,6,6,1.0
hyena,0,6,6,1.0
loudli,1,5,6,0.833
underr,1,5,6,0.833
redrum,0,6,6,1.0
larryl,0,6,6,1.0
preaccept,0,6,6,1.0
showstopp,6,0,6,0.0
maak,6,0,6,0.0
hanoverian,0,6,6,1.0
lecher,0,6,6,1.0
reluctantli,4,2,6,0.333
underag,3,3,6,0.5
conciud,0,6,6,1.0
idacorp,6,0,6,0.0
blimp,0,6,6,1.0
andré,0,6,6,1.0
dasilva,6,0,6,0.0
homan,6,0,6,0.0
hogarth,4,2,6,0.333
herringbon,0,6,6,1.0
reguard,3,3,6,0.5
rutland,0,6,6,1.0
dcaf,6,0,6,0.0
thyroidmind,0,6,6,1.0
unequivoc,6,0,6,0.0
midcap,0,6,6,1.0
curio,0,6,6,1.0
werken,0,6,6,1.0
zbaqooqk,0,6,6,1.0
scherzando,0,6,6,1.0
handclasp,0,6,6,1.0
depresss,0,6,6,1.0
wiga,6,0,6,0.0
samoa,0,6,6,1.0
soggi,0,6,6,1.0
zapz,0,6,6,1.0
medicatio,0,6,6,1.0
polarfleec,0,6,6,1.0
sigmund,1,5,6,0.833
sadiqu,0,6,6,1.0
dichlorid,0,6,6,1.0
lunari,0,6,6,1.0
ini,3,3,6,0.5
simuitaneousiy,0,6,6,1.0
rubbermaid,6,0,6,0.0
saltwat,0,6,6,1.0
muess,0,6,6,1.0
acetosolubl,0,6,6,1.0
afft,0,6,6,1.0
gastromenia,0,6,6,1.0
cosmograph,0,6,6,1.0
abreact,0,6,6,1.0
unsesquipedalian,0,6,6,1.0
tcigp,0,6,6,1.0
seced,0,6,6,1.0
hightail,0,6,6,1.0
alameda,0,6,6,1.0
greatnewcar,0,6,6,1.0
coover,6,0,6,0.0
abeg,6,0,6,0.0
inconvenienc,3,3,6,0.5
mohr,0,6,6,1.0
yakima,1,5,6,0.833
murat,6,0,6,0.0
planar,1,5,6,0.833
kassim,4,2,6,0.333
waa,0,6,6,1.0
priapean,0,6,6,1.0
frap,0,6,6,1.0
eolinfo,6,0,6,0.0
interco,6,0,6,0.0
anharmon,0,6,6,1.0
nonchal,0,6,6,1.0
irishmen,0,6,6,1.0
wowserian,0,6,6,1.0
hapdx,6,0,6,0.0
recebeu,0,6,6,1.0
nye,0,6,6,1.0
materialis,6,0,6,0.0
tabular,1,5,6,0.833
darvon,0,6,6,1.0
extranet,0,6,6,1.0
namen,0,6,6,1.0
interscop,0,6,6,1.0
choicesandopt,0,6,6,1.0
strobe,4,2,6,0.333
phish,0,6,6,1.0
gob,0,6,6,1.0
soru,0,6,6,1.0
fim,0,6,6,1.0
dich,0,6,6,1.0
reconfigur,6,0,6,0.0
crl,5,1,6,0.167
ector,0,6,6,1.0
desafio,0,6,6,1.0
gunk,0,6,6,1.0
tcc,5,1,6,0.167
gmii,6,0,6,0.0
jesuit,0,6,6,1.0
anoush,6,0,6,0.0
theotcbb,0,6,6,1.0
dtext,0,6,6,1.0
basisnw,6,0,6,0.0
expioratori,0,6,6,1.0
uaf,6,0,6,0.0
nashua,2,4,6,0.667
oldi,0,6,6,1.0
zenextend,0,6,6,1.0
grillwork,0,6,6,1.0
eckstein,6,0,6,0.0
semaphor,0,6,6,1.0
thud,0,6,6,1.0
stipend,3,3,6,0.5
funciona,0,6,6,1.0
finial,0,6,6,1.0
gooseberri,0,6,6,1.0
waldorf,2,4,6,0.667
bll,0,6,6,1.0
handlowej,6,0,6,0.0
braden,6,0,6,0.0
insuper,0,6,6,1.0
klaxon,0,6,6,1.0
prise,1,5,6,0.833
garlic,0,6,6,1.0
fogl,0,6,6,1.0
shim,3,3,6,0.5
timpowel,6,0,6,0.0
swingopt,6,0,6,0.0
newspaperman,0,6,6,1.0
xsvcd,0,6,6,1.0
resini,0,6,6,1.0
hellbend,0,6,6,1.0
contabl,0,6,6,1.0
highpass,0,6,6,1.0
gesendet,0,6,6,1.0
ewz,6,0,6,0.0
wou,0,6,6,1.0
njabl,0,6,6,1.0
potomu,0,6,6,1.0
beatif,0,6,6,1.0
splurg,1,5,6,0.833
hears,0,6,6,1.0
strawber,0,6,6,1.0
loam,0,6,6,1.0
posabl,0,6,6,1.0
medzstoreonlin,0,6,6,1.0
nestor,0,6,6,1.0
placebo,0,6,6,1.0
quezon,0,6,6,1.0
axford,6,0,6,0.0
quillwort,0,6,6,1.0
aparec,0,6,6,1.0
indefatig,0,6,6,1.0
alphal,0,6,6,1.0
rancor,1,5,6,0.833
norden,6,0,6,0.0
xannax,0,6,6,1.0
khartoum,0,6,6,1.0
volubl,0,6,6,1.0
holmdel,0,6,6,1.0
gird,3,3,6,0.5
loincloth,0,6,6,1.0
mcnabb,6,0,6,0.0
stucco,0,6,6,1.0
leahi,6,0,6,0.0
decenni,0,6,6,1.0
miscommun,6,0,6,0.0
goucher,1,5,6,0.833
fontcolor,0,6,6,1.0
teflon,1,5,6,0.833
antwort,0,6,6,1.0
inexcus,1,5,6,0.833
windowsmobil,0,6,6,1.0
gesamt,0,6,6,1.0
movress,0,6,6,1.0
wlodarski,6,0,6,0.0
airam,6,0,6,0.0
touchdown,1,5,6,0.833
steepest,4,2,6,0.333
ptolemi,0,6,6,1.0
sigilo,0,6,6,1.0
pageant,1,5,6,0.833
cytost,0,6,6,1.0
dgweir,6,0,6,0.0
tigr,1,5,6,0.833
cheetah,0,6,6,1.0
garantir,0,6,6,1.0
ajaokuta,0,6,6,1.0
rava,0,6,6,1.0
farad,0,6,6,1.0
bedfellow,4,2,6,0.333
midband,0,6,6,1.0
dissect,4,2,6,0.333
eft,0,6,6,1.0
kamah,0,6,6,1.0
pejor,0,6,6,1.0
nauauauaghti,0,6,6,1.0
slavic,1,5,6,0.833
stanfield,6,0,6,0.0
cfr,4,2,6,0.333
rasp,0,6,6,1.0
suiphid,0,6,6,1.0
fbbg,0,6,6,1.0
enaresearch,6,0,6,0.0
goforth,6,0,6,0.0
aluko,0,6,6,1.0
minder,0,6,6,1.0
bumblebe,0,6,6,1.0
erstwhil,5,1,6,0.167
hectar,0,6,6,1.0
gulari,0,6,6,1.0
ocn,0,6,6,1.0
ditech,0,6,6,1.0
tedium,0,6,6,1.0
minutia,2,4,6,0.667
pentax,0,6,6,1.0
lyfdad,0,6,6,1.0
pneumococcu,0,6,6,1.0
netspac,0,6,6,1.0
lacew,0,6,6,1.0
telstra,0,6,6,1.0
dsco,6,0,6,0.0
touchton,0,6,6,1.0
identificar,0,6,6,1.0
advogado,0,6,6,1.0
glacial,2,4,6,0.667
pdn,6,0,6,0.0
dgener,0,6,6,1.0
chswiss,0,6,6,1.0
daniela,6,0,6,0.0
timkennedyo,0,6,6,1.0
dyersdal,6,0,6,0.0
jodyanddavid,0,6,6,1.0
baichun,6,0,6,0.0
liggett,0,6,6,1.0
enom,6,0,6,0.0
tabss,0,6,6,1.0
nubil,0,6,6,1.0
ppmg,0,6,6,1.0
firmindex,0,6,6,1.0
mrbndahau,6,0,6,0.0
nug,5,1,6,0.167
mendelevium,0,6,6,1.0
freer,3,3,6,0.5
shiloh,0,6,6,1.0
infarct,0,6,6,1.0
myra,1,5,6,0.833
typhon,0,6,6,1.0
laughabl,3,3,6,0.5
chantelleart,0,6,6,1.0
stopper,4,2,6,0.333
snivel,0,6,6,1.0
activit,2,4,6,0.667
medlcationsno,0,6,6,1.0
deme,3,3,6,0.5
curia,0,6,6,1.0
mesopotamia,0,6,6,1.0
tautophon,0,6,6,1.0
sandbag,0,6,6,1.0
ecrit,6,0,6,0.0
vac,1,5,6,0.833
freereward,0,6,6,1.0
kosecki,6,0,6,0.0
swelt,0,6,6,1.0
hardhat,0,6,6,1.0
isav,4,2,6,0.333
unconvent,0,6,6,1.0
perfectvgr,0,6,6,1.0
loiter,0,6,6,1.0
signin,0,6,6,1.0
shawne,4,2,6,0.333
graf,6,0,6,0.0
shoop,0,6,6,1.0
ciip,0,6,6,1.0
tddiv,0,6,6,1.0
soutan,0,6,6,1.0
stilwel,6,0,6,0.0
sre,6,0,6,0.0
cauldron,0,6,6,1.0
karachi,0,6,6,1.0
remo,0,6,6,1.0
borax,0,6,6,1.0
tkn,0,6,6,1.0
optimizar,0,6,6,1.0
thnx,6,0,6,0.0
rígido,0,6,6,1.0
emphysemat,0,6,6,1.0
markov,1,5,6,0.833
megohm,0,6,6,1.0
subramaniam,6,0,6,0.0
intersearch,0,6,6,1.0
icai,0,6,6,1.0
indium,0,6,6,1.0
raison,0,6,6,1.0
rafferti,2,4,6,0.667
telltal,0,6,6,1.0
ress,1,5,6,0.833
napervil,0,6,6,1.0
randomnameisgood,0,6,6,1.0
kmurray,6,0,6,0.0
calspreadopt,6,0,6,0.0
hoo,5,1,6,0.167
mmail,0,6,6,1.0
zeta,0,6,6,1.0
gladdi,0,6,6,1.0
perhc,0,6,6,1.0
chiang,2,4,6,0.667
khouri,6,0,6,0.0
aak,0,6,6,1.0
kresg,0,6,6,1.0
bridgeabl,0,6,6,1.0
mutad,0,6,6,1.0
retrac,3,3,6,0.5
caliso,6,0,6,0.0
carmella,4,2,6,0.333
tff,6,0,6,0.0
chaeap,0,6,6,1.0
faz,0,6,6,1.0
pgn,6,0,6,0.0
datenfrequenz,6,0,6,0.0
azîm,0,6,6,1.0
servicemen,0,6,6,1.0
pomerantz,6,0,6,0.0
kolay,0,6,6,1.0
anastomot,0,6,6,1.0
onlfor,0,6,6,1.0
montmartr,0,6,6,1.0
horseman,0,6,6,1.0
winnipesauke,0,6,6,1.0
triem,6,0,6,0.0
scythia,0,6,6,1.0
guelph,0,6,6,1.0
monomi,0,6,6,1.0
dobler,6,0,6,0.0
comsouth,0,6,6,1.0
basketb,0,6,6,1.0
twisterburrito,0,6,6,1.0
deidr,6,0,6,0.0
ingreso,0,6,6,1.0
hermanek,6,0,6,0.0
vicar,0,6,6,1.0
preze,0,6,6,1.0
doorman,0,6,6,1.0
shimbun,6,0,6,0.0
foxsport,6,0,6,0.0
zhan,6,0,6,0.0
mobster,0,6,6,1.0
meeeeeeeeeeet,0,6,6,1.0
osaka,1,5,6,0.833
gogreec,0,6,6,1.0
gtvcf,0,6,6,1.0
seaquak,0,6,6,1.0
valuer,4,2,6,0.333
gentlemanli,6,0,6,0.0
bluemountain,6,0,6,0.0
pipsissewa,0,6,6,1.0
irsyou,0,6,6,1.0
lahey,6,0,6,0.0
gnupg,0,6,6,1.0
skunk,1,5,6,0.833
mdt,2,4,6,0.667
dailey,1,5,6,0.833
quarterback,4,2,6,0.333
causholli,6,0,6,0.0
fuzz,0,6,6,1.0
equanim,0,6,6,1.0
slagl,6,0,6,0.0
ramachandran,6,0,6,0.0
prosp,0,6,6,1.0
bellmarket,0,6,6,1.0
merriment,0,6,6,1.0
ppro,0,6,6,1.0
ponchartrain,0,6,6,1.0
zv,0,6,6,1.0
tlp,0,6,6,1.0
wynyc,6,0,6,0.0
thraldom,0,6,6,1.0
metalloid,0,6,6,1.0
simunov,6,0,6,0.0
esposito,1,5,6,0.833
avertir,6,0,6,0.0
trifluourid,0,6,6,1.0
nab,1,5,6,0.833
ison,0,6,6,1.0
leut,0,6,6,1.0
cha,1,5,6,0.833
oswego,1,5,6,0.833
exhilar,0,6,6,1.0
qoph,0,6,6,1.0
regrad,0,6,6,1.0
dyplomowa,6,0,6,0.0
glucos,0,6,6,1.0
prriicegreat,0,6,6,1.0
sarcoma,0,6,6,1.0
postmortem,1,5,6,0.833
aldebaran,0,6,6,1.0
penanc,0,6,6,1.0
hrgi,6,0,6,0.0
nazaren,0,6,6,1.0
natchez,1,5,6,0.833
ganglion,0,6,6,1.0
westchest,0,6,6,1.0
scabrou,0,6,6,1.0
philbin,0,6,6,1.0
fastwebsnet,0,6,6,1.0
teamlead,6,0,6,0.0
alguma,0,6,6,1.0
ginseng,0,6,6,1.0
mavrix,6,0,6,0.0
gottfri,0,6,6,1.0
yep,4,2,6,0.333
sardon,0,6,6,1.0
creol,0,6,6,1.0
inetu,0,6,6,1.0
gila,4,2,6,0.333
priscilla,4,2,6,0.333
informationa,0,6,6,1.0
nihil,0,6,6,1.0
gaspe,0,6,6,1.0
expediteur,6,0,6,0.0
reload,5,1,6,0.167
iniquit,0,6,6,1.0
siltron,6,0,6,0.0
graydon,6,0,6,0.0
juneau,2,4,6,0.667
anglelid,6,0,6,0.0
midterm,1,5,6,0.833
heu,6,0,6,0.0
smartbas,0,6,6,1.0
suppressor,0,6,6,1.0
rye,0,6,6,1.0
oeil,0,6,6,1.0
filehunt,0,6,6,1.0
penguin,0,6,6,1.0
tuner,0,6,6,1.0
preapprov,1,5,6,0.833
downspout,0,6,6,1.0
huong,6,0,6,0.0
mightn,0,6,6,1.0
shiplap,0,6,6,1.0
spectromet,0,6,6,1.0
courrier,0,6,6,1.0
afont,0,6,6,1.0
lias,6,0,6,0.0
punditri,0,6,6,1.0
inscripcin,0,6,6,1.0
icn,0,6,6,1.0
banamex,0,6,6,1.0
iplanet,0,6,6,1.0
clamuko,0,6,6,1.0
bruge,5,1,6,0.167
leboeuf,6,0,6,0.0
worksit,0,6,6,1.0
tritton,0,6,6,1.0
folio,1,5,6,0.833
tgifcam,0,6,6,1.0
cottonmouth,0,6,6,1.0
rican,3,3,6,0.5
wiec,6,0,6,0.0
obliter,0,6,6,1.0
hazar,6,0,6,0.0
auric,0,6,6,1.0
winkelpersoneel,0,6,6,1.0
rewriterl,0,6,6,1.0
sinter,0,6,6,1.0
announcerev,6,0,6,0.0
inequit,0,6,6,1.0
ygo,5,1,6,0.167
terenc,3,3,6,0.5
fritillari,0,6,6,1.0
sketchpad,0,6,6,1.0
fira,0,6,6,1.0
mama,1,5,6,0.833
pitchfork,0,6,6,1.0
dfw,6,0,6,0.0
iritani,6,0,6,0.0
amabil,6,0,6,0.0
zoch,6,0,6,0.0
wichtig,0,6,6,1.0
sehen,0,6,6,1.0
edcc,6,0,6,0.0
proporcionar,0,6,6,1.0
infertil,0,6,6,1.0
gouda,0,6,6,1.0
eluat,0,6,6,1.0
mailserv,5,1,6,0.167
thair,0,6,6,1.0
memb,0,6,6,1.0
synops,0,6,6,1.0
spyzonetown,0,6,6,1.0
garanti,0,6,6,1.0
kale,2,4,6,0.667
hawley,2,4,6,0.667
shipyard,3,3,6,0.5
tacton,6,0,6,0.0
spleen,2,4,6,0.667
noxious,0,6,6,1.0
disavino,6,0,6,0.0
aun,5,1,6,0.167
chicagoan,0,6,6,1.0
paunikar,6,0,6,0.0
craftspeopl,0,6,6,1.0
rayment,0,6,6,1.0
onsight,0,6,6,1.0
lipid,0,6,6,1.0
scarfac,0,6,6,1.0
galton,0,6,6,1.0
ciient,0,6,6,1.0
topmargin,0,6,6,1.0
obter,0,6,6,1.0
valliium,0,6,6,1.0
zimmi,0,6,6,1.0
paulson,0,6,6,1.0
eisenstein,6,0,6,0.0
johnathan,5,1,6,0.167
virgilio,0,6,6,1.0
galway,0,6,6,1.0
predigest,6,0,6,0.0
gutsi,0,6,6,1.0
occlud,0,6,6,1.0
sniff,2,4,6,0.667
syllog,0,6,6,1.0
hijink,0,6,6,1.0
vetch,0,6,6,1.0
prexi,0,6,6,1.0
shend,0,6,6,1.0
pulpit,2,4,6,0.667
amaryl,0,6,6,1.0
yt,0,6,6,1.0
duranc,0,6,6,1.0
planeload,0,6,6,1.0
gard,0,6,6,1.0
malagasi,0,6,6,1.0
muitibiliion,0,6,6,1.0
artículo,0,6,6,1.0
reedi,2,4,6,0.667
imbed,6,0,6,0.0
videox,0,6,6,1.0
onlli,0,6,6,1.0
pellechia,6,0,6,0.0
recklessli,3,3,6,0.5
epcor,6,0,6,0.0
develo,6,0,6,0.0
roughneck,1,5,6,0.833
adjoint,0,6,6,1.0
basichromatin,0,6,6,1.0
encontrara,0,6,6,1.0
smtpsvc,1,5,6,0.833
conferencista,0,6,6,1.0
flutter,0,6,6,1.0
ovenbird,0,6,6,1.0
mida,3,3,6,0.5
thespian,0,6,6,1.0
reserva,0,6,6,1.0
harbing,3,3,6,0.5
qiii,6,0,6,0.0
rebuk,0,6,6,1.0
lorio,6,0,6,0.0
varwork,6,0,6,0.0
garcía,0,6,6,1.0
hurrah,1,5,6,0.833
procura,0,6,6,1.0
iverson,0,6,6,1.0
manvil,0,6,6,1.0
romp,1,5,6,0.833
leviitra,0,6,6,1.0
trinket,0,6,6,1.0
obecni,6,0,6,0.0
crk,0,6,6,1.0
gmr,0,6,6,1.0
kennel,0,6,6,1.0
firemen,1,5,6,0.833
kibbutzim,0,6,6,1.0
bah,0,6,6,1.0
extemporan,0,6,6,1.0
rookverbod,0,6,6,1.0
jinan,0,6,6,1.0
nextday,0,6,6,1.0
mfsa,0,6,6,1.0
maher,6,0,6,0.0
pollack,4,2,6,0.333
stroup,6,0,6,0.0
typolog,0,6,6,1.0
anual,0,6,6,1.0
madhup,6,0,6,0.0
marinov,6,0,6,0.0
tdtda,0,6,6,1.0
swissbank,6,0,6,0.0
moritzburk,6,0,6,0.0
tecnologa,0,6,6,1.0
backwood,0,6,6,1.0
seacoast,0,6,6,1.0
rou,0,6,6,1.0
yone,0,6,6,1.0
hottap,6,0,6,0.0
fueron,0,6,6,1.0
betwixt,0,6,6,1.0
pusey,0,6,6,1.0
wigwam,0,6,6,1.0
gaithersburg,1,5,6,0.833
passband,0,6,6,1.0
rondo,0,6,6,1.0
kudin,6,0,6,0.0
windbag,0,6,6,1.0
balsam,0,6,6,1.0
inbsp,0,6,6,1.0
clipper,1,5,6,0.833
slick,3,3,6,0.5
pinafor,0,6,6,1.0
fdaapprov,0,6,6,1.0
lopsid,0,6,6,1.0
disscount,0,6,6,1.0
orinoco,0,6,6,1.0
kluwer,0,6,6,1.0
spotkac,6,0,6,0.0
diarrhoeal,0,6,6,1.0
crypt,0,6,6,1.0
hattan,0,6,6,1.0
screwworm,0,6,6,1.0
kne,2,4,6,0.667
roduct,0,6,6,1.0
directament,0,6,6,1.0
axthemax,0,6,6,1.0
landrat,0,6,6,1.0
lexicon,0,6,6,1.0
arbeiten,3,3,6,0.5
atl,2,4,6,0.667
picazo,6,0,6,0.0
morel,3,3,6,0.5
mescalin,0,6,6,1.0
avn,5,1,6,0.167
procliv,0,6,6,1.0
myfantasysweep,0,6,6,1.0
participatori,4,2,6,0.333
essec,6,0,6,0.0
fortieth,0,6,6,1.0
eerst,0,6,6,1.0
stagnat,3,3,6,0.5
trefz,6,0,6,0.0
sketchi,3,3,6,0.5
freest,0,6,6,1.0
fiyati,0,6,6,1.0
wiser,3,3,6,0.5
rodino,6,0,6,0.0
rowley,0,6,6,1.0
mawkish,0,6,6,1.0
impervi,0,6,6,1.0
considera,0,6,6,1.0
cotillion,0,6,6,1.0
fillmypocketsful,0,6,6,1.0
responsibilti,6,0,6,0.0
dayli,0,6,6,1.0
lavado,0,6,6,1.0
kalgoorli,0,6,6,1.0
visitant,0,6,6,1.0
diplom,0,6,6,1.0
suav,2,4,6,0.667
mace,1,5,6,0.833
goood,0,6,6,1.0
prattl,0,6,6,1.0
middenstand,0,6,6,1.0
piquant,0,6,6,1.0
washout,1,5,6,0.833
arisman,0,6,6,1.0
helpmat,0,6,6,1.0
lograr,0,6,6,1.0
creditex,6,0,6,0.0
healthyexchang,0,6,6,1.0
amanita,0,6,6,1.0
wirya,6,0,6,0.0
yost,0,6,6,1.0
horeca,0,6,6,1.0
rauscher,6,0,6,0.0
voorinschrijv,0,6,6,1.0
pguiteau,6,0,6,0.0
hankin,5,1,6,0.167
hainsworth,6,0,6,0.0
onslaught,2,4,6,0.667
allum,0,6,6,1.0
boren,6,0,6,0.0
arnel,6,0,6,0.0
delphic,0,6,6,1.0
presag,2,4,6,0.667
newt,0,6,6,1.0
seedl,0,6,6,1.0
aliya,0,6,6,1.0
lete,2,4,6,0.667
retrograd,0,6,6,1.0
parimutuel,0,6,6,1.0
matron,0,6,6,1.0
bulrush,0,6,6,1.0
geraldin,3,3,6,0.5
ninguna,0,6,6,1.0
lascar,0,6,6,1.0
lyserg,0,6,6,1.0
mensualidad,0,6,6,1.0
prescrlpt,0,6,6,1.0
ftware,0,6,6,1.0
outr,1,5,6,0.833
mcmillan,0,6,6,1.0
calmli,1,5,6,0.833
nonogenarian,0,6,6,1.0
wingman,0,6,6,1.0
waxen,0,6,6,1.0
passer,0,6,6,1.0
snvbf,0,6,6,1.0
quasistationari,0,6,6,1.0
queensley,0,6,6,1.0
plainli,0,6,6,1.0
fragen,0,6,6,1.0
asata,0,6,6,1.0
reciv,0,6,6,1.0
dissuas,0,6,6,1.0
shaukiwan,0,6,6,1.0
luskin,6,0,6,0.0
unica,0,6,6,1.0
omma,0,6,6,1.0
scath,0,6,6,1.0
gyroscop,0,6,6,1.0
sapsecur,6,0,6,0.0
balsa,0,6,6,1.0
bioelectron,0,6,6,1.0
nowz,0,6,6,1.0
xstepdown,0,6,6,1.0
hetman,0,6,6,1.0
nsp,4,2,6,0.333
riskbrief,6,0,6,0.0
altarpiec,0,6,6,1.0
guaranteeliwork,0,6,6,1.0
hinduism,0,6,6,1.0
pompos,0,6,6,1.0
nirvan,0,6,6,1.0
farber,1,5,6,0.833
chassi,0,6,6,1.0
shard,0,6,6,1.0
wwwbargin,0,6,6,1.0
rattail,0,6,6,1.0
periódico,0,6,6,1.0
waer,6,0,6,0.0
sijuko,0,6,6,1.0
metallurg,0,6,6,1.0
epilogu,2,4,6,0.667
sullcrom,6,0,6,0.0
prose,0,6,6,1.0
hedgehog,0,6,6,1.0
geisha,0,6,6,1.0
luiz,6,0,6,0.0
zhongxun,0,6,6,1.0
counterargu,0,6,6,1.0
doghous,1,5,6,0.833
ciboul,0,6,6,1.0
sandia,0,6,6,1.0
bestubbl,0,6,6,1.0
viston,6,0,6,0.0
fluoresc,0,6,6,1.0
papal,0,6,6,1.0
ensor,6,0,6,0.0
stormbound,0,6,6,1.0
antoniopilurzo,0,6,6,1.0
sustainabi,0,6,6,1.0
sont,0,6,6,1.0
neeede,0,6,6,1.0
skittl,3,3,6,0.5
chnage,6,0,6,0.0
presbyteri,0,6,6,1.0
stethoscop,0,6,6,1.0
okidata,0,6,6,1.0
ourmail,0,6,6,1.0
phent,0,6,6,1.0
imprec,0,6,6,1.0
connectiv,6,0,6,0.0
wwwo,0,6,6,1.0
flannel,1,5,6,0.833
ignoramu,0,6,6,1.0
gault,6,0,6,0.0
asi,0,6,6,1.0
holler,4,2,6,0.333
quintu,0,6,6,1.0
lapboard,0,6,6,1.0
blackguard,0,6,6,1.0
dcid,0,6,6,1.0
vagin,0,6,6,1.0
carload,0,6,6,1.0
htmlfont,0,6,6,1.0
foradditionalus,0,6,6,1.0
grafic,0,6,6,1.0
magnetron,0,6,6,1.0
glownej,6,0,6,0.0
freightmart,0,6,6,1.0
citrin,0,6,6,1.0
sleepingaid,0,6,6,1.0
justificativa,0,6,6,1.0
longoria,6,0,6,0.0
ipci,0,6,6,1.0
ö,0,6,6,1.0
heirarchi,6,0,6,0.0
nonerron,0,6,6,1.0
oficial,0,6,6,1.0
carbaugh,6,0,6,0.0
eyeglass,2,4,6,0.667
datapest,0,6,6,1.0
milano,0,6,6,1.0
brt,6,0,6,0.0
vestal,1,5,6,0.833
oilcloth,0,6,6,1.0
recriminatori,0,6,6,1.0
henban,0,6,6,1.0
hacemo,0,6,6,1.0
vierg,0,6,6,1.0
completando,0,6,6,1.0
kone,0,6,6,1.0
troca,0,6,6,1.0
puchas,3,3,6,0.5
consideracion,0,6,6,1.0
braedi,6,0,6,0.0
dioxid,0,6,6,1.0
mica,0,6,6,1.0
mien,0,6,6,1.0
wep,0,6,6,1.0
erickson,0,6,6,1.0
syke,1,5,6,0.833
bespectacl,0,6,6,1.0
servitud,0,6,6,1.0
rickett,6,0,6,0.0
tharsilla,6,0,6,0.0
fileplan,6,0,6,0.0
firecrack,0,6,6,1.0
immodesti,0,6,6,1.0
ephm,0,6,6,1.0
keypunch,0,6,6,1.0
carnav,0,6,6,1.0
khalil,0,6,6,1.0
bradstreet,6,0,6,0.0
thebestmortag,0,6,6,1.0
oggi,0,6,6,1.0
trav,0,6,6,1.0
garish,0,6,6,1.0
donaho,6,0,6,0.0
springtail,0,6,6,1.0
adultwebmast,0,6,6,1.0
glycerid,0,6,6,1.0
deerfield,5,1,6,0.167
telephotographi,0,6,6,1.0
ponto,0,6,6,1.0
louvr,0,6,6,1.0
medsfory,0,6,6,1.0
transferor,2,4,6,0.667
patronag,0,6,6,1.0
dsa,0,6,6,1.0
obsidian,0,6,6,1.0
spoed,6,0,6,0.0
kulak,0,6,6,1.0
lantefield,6,0,6,0.0
brunhild,0,6,6,1.0
kullanim,0,6,6,1.0
oportuna,0,6,6,1.0
solac,0,6,6,1.0
plucki,0,6,6,1.0
lomax,6,0,6,0.0
starlight,0,6,6,1.0
bmadesign,0,6,6,1.0
travertin,0,6,6,1.0
denen,0,6,6,1.0
electronical,6,0,6,0.0
penkava,6,0,6,0.0
myopic,0,6,6,1.0
mikel,0,6,6,1.0
ratigan,6,0,6,0.0
oyj,6,0,6,0.0
lerach,6,0,6,0.0
territorio,0,6,6,1.0
odiou,0,6,6,1.0
stripswingopt,6,0,6,0.0
vilifi,5,1,6,0.167
ferrugin,0,6,6,1.0
furthest,0,6,6,1.0
mimet,0,6,6,1.0
respectivo,0,6,6,1.0
tupl,0,6,6,1.0
ellag,0,6,6,1.0
behead,0,6,6,1.0
unintermitt,0,6,6,1.0
teolgico,0,6,6,1.0
hackl,0,6,6,1.0
platzieren,0,6,6,1.0
hydrocodoon,0,6,6,1.0
incurs,0,6,6,1.0
mesenter,0,6,6,1.0
trenton,1,5,6,0.833
crimea,0,6,6,1.0
handkerchief,1,5,6,0.833
sunnyval,0,6,6,1.0
warmli,0,6,6,1.0
fordham,3,3,6,0.5
kellerrohrback,6,0,6,0.0
idri,0,6,6,1.0
nirvana,0,6,6,1.0
vix,5,1,6,0.167
asnsprd,6,0,6,0.0
sourberri,0,6,6,1.0
madrig,0,6,6,1.0
tld,0,6,6,1.0
vermilion,0,6,6,1.0
abstin,0,6,6,1.0
zealot,2,4,6,0.667
eal,1,5,6,0.833
surinam,0,6,6,1.0
nomso,6,0,6,0.0
alliant,6,0,6,0.0
casio,1,5,6,0.833
penat,0,6,6,1.0
scicomp,6,0,6,0.0
experinc,0,6,6,1.0
adamantli,6,0,6,0.0
scrape,4,2,6,0.333
plasm,0,6,6,1.0
mendac,0,6,6,1.0
pediatrician,1,5,6,0.833
jomr,0,6,6,1.0
hitech,0,6,6,1.0
singlet,0,6,6,1.0
eanic,0,6,6,1.0
poiitica,0,6,6,1.0
roadhous,0,6,6,1.0
cipher,0,6,6,1.0
spruiell,6,0,6,0.0
erda,0,6,6,1.0
fescu,0,6,6,1.0
leroux,6,0,6,0.0
mbia,6,0,6,0.0
imperturb,0,6,6,1.0
pheasant,1,5,6,0.833
pliabl,0,6,6,1.0
idealen,6,0,6,0.0
wishbon,0,6,6,1.0
rutledg,0,6,6,1.0
richfield,4,2,6,0.333
cassiopeia,0,6,6,1.0
dworkin,6,0,6,0.0
missss,0,6,6,1.0
cpol,6,0,6,0.0
yaound,0,6,6,1.0
rump,1,5,6,0.833
paralyz,4,2,6,0.333
pastim,1,5,6,0.833
polyphemu,0,6,6,1.0
burundi,0,6,6,1.0
headston,0,6,6,1.0
arcco,0,6,6,1.0
certi,0,6,6,1.0
pdm,1,5,6,0.833
mve,6,0,6,0.0
arteaga,6,0,6,0.0
tereti,0,6,6,1.0
infoprob,0,6,6,1.0
oad,0,6,6,1.0
molehil,0,6,6,1.0
hickok,6,0,6,0.0
kabba,0,6,6,1.0
forklift,0,6,6,1.0
taikoo,0,6,6,1.0
tooday,0,6,6,1.0
revisión,0,6,6,1.0
mirfak,0,6,6,1.0
orangeroot,0,6,6,1.0
dogwood,0,6,6,1.0
mpb,0,6,6,1.0
jure,0,6,6,1.0
hegemoni,0,6,6,1.0
shonni,6,0,6,0.0
serpen,0,6,6,1.0
rambol,0,6,6,1.0
overcrowd,1,5,6,0.833
keef,6,0,6,0.0
rosemead,4,2,6,0.333
scotch,0,6,6,1.0
cytolysi,0,6,6,1.0
guidepost,0,6,6,1.0
dragica,6,0,6,0.0
htmlheadmeta,0,6,6,1.0
heaviest,6,0,6,0.0
esnj,6,0,6,0.0
sleet,0,6,6,1.0
sepur,0,6,6,1.0
assembiy,0,6,6,1.0
peltz,6,0,6,0.0
speil,0,6,6,1.0
tableland,0,6,6,1.0
ineffectu,3,3,6,0.5
aplicaçõ,0,6,6,1.0
jubil,0,6,6,1.0
cyanamid,0,6,6,1.0
psm,1,5,6,0.833
volvo,2,4,6,0.667
miscreant,2,4,6,0.667
gullet,0,6,6,1.0
succinct,2,4,6,0.667
unstemm,0,6,6,1.0
buis,1,5,6,0.833
gleeful,0,6,6,1.0
radium,0,6,6,1.0
hydrolysi,0,6,6,1.0
hashish,0,6,6,1.0
lagerstrom,6,0,6,0.0
bannerghatta,6,0,6,0.0
eosin,0,6,6,1.0
lurid,0,6,6,1.0
josephson,0,6,6,1.0
nautica,0,6,6,1.0
thurman,0,6,6,1.0
nouveau,0,6,6,1.0
lmsp,0,6,6,1.0
corallin,0,6,6,1.0
hanlon,0,6,6,1.0
exclusivament,0,6,6,1.0
chewabl,1,5,6,0.833
seahors,0,6,6,1.0
laallen,6,0,6,0.0
geopolit,1,5,6,0.833
treatmenti,0,6,6,1.0
moonlit,1,5,6,0.833
febo,6,0,6,0.0
transduc,0,6,6,1.0
vagari,2,4,6,0.667
makovich,6,0,6,0.0
snout,0,6,6,1.0
isbn,3,3,6,0.5
exogam,0,6,6,1.0
thereto,1,5,6,0.833
ravel,0,6,6,1.0
amyn,6,0,6,0.0
imperfor,0,6,6,1.0
liniment,0,6,6,1.0
garrul,0,6,6,1.0
auburndal,6,0,6,0.0
statment,1,5,6,0.833
sivaraman,6,0,6,0.0
spat,3,3,6,0.5
gofish,0,6,6,1.0
issi,0,6,6,1.0
kilohm,0,6,6,1.0
micella,0,6,6,1.0
happyday,0,6,6,1.0
moel,0,6,6,1.0
unwis,1,5,6,0.833
texasnf,6,0,6,0.0
gospelc,0,6,6,1.0
abdalla,0,6,6,1.0
flexiforc,0,6,6,1.0
xpforyou,0,6,6,1.0
paesano,6,0,6,0.0
brka,6,0,6,0.0
corrigendum,0,6,6,1.0
adrial,6,0,6,0.0
jumpstart,2,4,6,0.667
xeniic,0,6,6,1.0
graef,6,0,6,0.0
musk,0,6,6,1.0
prei,0,6,6,1.0
millionth,0,6,6,1.0
stanza,0,6,6,1.0
nuzzl,0,6,6,1.0
neuriti,0,6,6,1.0
presentan,0,6,6,1.0
markenwein,0,6,6,1.0
soullier,6,0,6,0.0
nostalgia,0,6,6,1.0
gaberon,0,6,6,1.0
rua,0,6,6,1.0
tofu,1,5,6,0.833
nicholi,6,0,6,0.0
roie,0,6,6,1.0
meastman,6,0,6,0.0
tomograph,0,6,6,1.0
bextra,0,6,6,1.0
breakoff,0,6,6,1.0
codomain,0,6,6,1.0
simpleton,0,6,6,1.0
weill,5,1,6,0.167
arshak,6,0,6,0.0
xrmd,0,6,6,1.0
cassi,1,5,6,0.833
lisi,6,0,6,0.0
blacksmith,0,6,6,1.0
picosecond,0,6,6,1.0
ufo,0,6,6,1.0
jacobit,0,6,6,1.0
mephistophel,0,6,6,1.0
extermin,0,6,6,1.0
lifeguard,0,6,6,1.0
plushi,0,6,6,1.0
bowgun,0,6,6,1.0
alfa,3,3,6,0.5
trsor,0,6,6,1.0
netgraph,6,0,6,0.0
conakri,0,6,6,1.0
foundl,0,6,6,1.0
villar,6,0,6,0.0
hairdress,0,6,6,1.0
neutrino,2,4,6,0.667
ficat,0,6,6,1.0
productivo,0,6,6,1.0
expressea,0,6,6,1.0
childbear,0,6,6,1.0
calibal,0,6,6,1.0
galena,0,6,6,1.0
ejemplo,0,6,6,1.0
flagpol,1,5,6,0.833
generaliy,0,6,6,1.0
kepler,0,6,6,1.0
syou,0,6,6,1.0
topocentr,0,6,6,1.0
hillman,1,5,6,0.833
bestellen,0,6,6,1.0
longterm,5,1,6,0.167
mohammedan,0,6,6,1.0
afin,0,6,6,1.0
tweez,0,6,6,1.0
paí,0,6,6,1.0
gyrocompass,0,6,6,1.0
midget,0,6,6,1.0
drm,0,6,6,1.0
enahnc,0,6,6,1.0
promethium,0,6,6,1.0
obr,0,6,6,1.0
cullen,5,1,6,0.167
gypsum,0,6,6,1.0
boater,0,6,6,1.0
largement,0,6,6,1.0
electragi,0,6,6,1.0
freehold,0,6,6,1.0
tation,0,6,6,1.0
zich,0,6,6,1.0
ruiz,5,1,6,0.167
wsllhk,0,6,6,1.0
fzl,0,6,6,1.0
centroid,0,6,6,1.0
palisad,0,6,6,1.0
pluton,0,6,6,1.0
rebush,0,6,6,1.0
uygulama,0,6,6,1.0
kyl,0,6,6,1.0
mikkelson,6,0,6,0.0
dusenberg,0,6,6,1.0
grimsbi,0,6,6,1.0
theophil,0,6,6,1.0
berkeiey,0,6,6,1.0
sohu,0,6,6,1.0
mcarthi,0,6,6,1.0
cof,6,0,6,0.0
radii,0,6,6,1.0
ataman,0,6,6,1.0
merton,6,0,6,0.0
imbru,0,6,6,1.0
corba,2,4,6,0.667
nationallotteri,0,6,6,1.0
blowjob,0,6,6,1.0
tian,3,3,6,0.5
bohn,6,0,6,0.0
pyritolog,0,6,6,1.0
spald,6,0,6,0.0
osseou,0,6,6,1.0
discoount,0,6,6,1.0
beatriz,0,6,6,1.0
necropsi,0,6,6,1.0
softforfast,0,6,6,1.0
irat,3,3,6,0.5
madeof,0,6,6,1.0
playtim,0,6,6,1.0
bergesen,6,0,6,0.0
shortfa,0,6,6,1.0
esclarecimento,0,6,6,1.0
thunderclap,0,6,6,1.0
executrix,0,6,6,1.0
thousandfold,0,6,6,1.0
xy,0,6,6,1.0
evaluacin,0,6,6,1.0
jilt,0,6,6,1.0
minc,0,6,6,1.0
penson,6,0,6,0.0
guofeng,0,6,6,1.0
heterozyg,0,6,6,1.0
sockmak,0,6,6,1.0
whitselk,6,0,6,0.0
orb,0,6,6,1.0
indiscret,1,5,6,0.833
maryann,3,3,6,0.5
limousin,0,6,6,1.0
trtda,0,6,6,1.0
loeb,0,6,6,1.0
electrod,0,6,6,1.0
traor,0,6,6,1.0
informationen,0,6,6,1.0
trivial,4,2,6,0.333
jaegerlecoultr,0,6,6,1.0
increasingiy,0,6,6,1.0
característica,0,6,6,1.0
chenil,0,6,6,1.0
technocrat,1,5,6,0.833
helcfim,0,6,6,1.0
jansenist,0,6,6,1.0
retaildesk,6,0,6,0.0
workperk,6,0,6,0.0
kilsheim,6,0,6,0.0
hermet,0,6,6,1.0
pyrex,0,6,6,1.0
millineri,0,6,6,1.0
jacobian,0,6,6,1.0
zorn,0,6,6,1.0
jocund,0,6,6,1.0
comerciai,0,6,6,1.0
están,0,6,6,1.0
furl,0,6,6,1.0
anagram,0,6,6,1.0
dialin,0,6,6,1.0
callitrichac,0,6,6,1.0
salti,0,6,6,1.0
sebesta,6,0,6,0.0
twinkl,0,6,6,1.0
dap,0,6,6,1.0
kruse,0,6,6,1.0
middleweight,0,6,6,1.0
pomad,0,6,6,1.0
marketlink,6,0,6,0.0
daddychoic,0,6,6,1.0
presencia,1,5,6,0.833
wideiy,0,6,6,1.0
villahermosa,0,6,6,1.0
ummah,0,6,6,1.0
upstatebeef,0,6,6,1.0
lothian,6,0,6,0.0
jacobf,6,0,6,0.0
moomoo,0,6,6,1.0
emailadl,0,6,6,1.0
xllwj,0,6,6,1.0
kleenex,0,6,6,1.0
amphibolog,0,6,6,1.0
cott,6,0,6,0.0
stalwart,0,6,6,1.0
mbah,0,6,6,1.0
purveyor,0,6,6,1.0
makeov,0,6,6,1.0
pinon,6,0,6,0.0
titti,0,6,6,1.0
jedoch,3,3,6,0.5
purdu,2,4,6,0.667
protoconulid,0,6,6,1.0
doin,0,6,6,1.0
menhaden,0,6,6,1.0
octahedra,0,6,6,1.0
histrion,0,6,6,1.0
halid,0,6,6,1.0
masculin,0,6,6,1.0
ingrati,0,6,6,1.0
cinemark,6,0,6,0.0
hybeammail,0,6,6,1.0
rediff,6,0,6,0.0
eapa,0,6,6,1.0
normandi,0,6,6,1.0
nineteenshot,0,6,6,1.0
guarda,0,6,6,1.0
yearend,6,0,6,0.0
homebrew,0,6,6,1.0
preconfer,6,0,6,0.0
aural,0,6,6,1.0
ivr,4,2,6,0.333
mutuel,0,6,6,1.0
circumpolar,0,6,6,1.0
gideon,0,6,6,1.0
huxtabl,0,6,6,1.0
bhutan,0,6,6,1.0
poach,3,3,6,0.5
roma,1,5,6,0.833
haryono,6,0,6,0.0
asdokm,0,6,6,1.0
sizeabl,4,2,6,0.333
findgoodstuffher,0,6,6,1.0
immer,0,6,6,1.0
fplo,6,0,6,0.0
sonanc,0,6,6,1.0
recrimin,1,5,6,0.833
formação,0,6,6,1.0
counteract,1,5,6,0.833
honer,0,6,6,1.0
brlr,0,6,6,1.0
ouster,6,0,6,0.0
souvenir,0,6,6,1.0
amston,0,6,6,1.0
foxhound,0,6,6,1.0
metamorph,0,6,6,1.0
waren,0,6,6,1.0
reto,0,6,6,1.0
maurin,2,4,6,0.667
rme,1,5,6,0.833
dirig,0,6,6,1.0
goggl,0,6,6,1.0
hailson,0,6,6,1.0
variac,0,6,6,1.0
cordoba,1,5,6,0.833
meretrici,0,6,6,1.0
traylor,6,0,6,0.0
homeownernew,6,0,6,0.0
evidencia,0,6,6,1.0
turpsz,0,6,6,1.0
amfor,6,0,6,0.0
zn,4,2,6,0.333
assasin,0,6,6,1.0
vestibul,0,6,6,1.0
unlead,6,0,6,0.0
highboy,0,6,6,1.0
cajon,6,0,6,0.0
caretak,2,4,6,0.667
uneven,2,4,6,0.667
duba,0,6,6,1.0
arialbvnbsp,0,6,6,1.0
canin,3,3,6,0.5
bigman,0,6,6,1.0
possibii,0,6,6,1.0
pancreat,0,6,6,1.0
reman,0,6,6,1.0
olkusz,0,6,6,1.0
haus,0,6,6,1.0
ragout,0,6,6,1.0
esenjay,6,0,6,0.0
pedimo,0,6,6,1.0
germantown,0,6,6,1.0
qwpoazrrn,0,6,6,1.0
tempestu,0,6,6,1.0
funki,2,4,6,0.667
jettison,0,6,6,1.0
erreichen,0,6,6,1.0
ordway,6,0,6,0.0
nondefault,6,0,6,0.0
wxgal,0,6,6,1.0
reav,1,5,6,0.833
tendon,0,6,6,1.0
chard,0,6,6,1.0
glazier,6,0,6,0.0
myfreegiftcard,0,6,6,1.0
sunantha,0,6,6,1.0
postdoctor,3,3,6,0.5
myle,1,5,6,0.833
reek,1,5,6,0.833
dough,0,6,6,1.0
hermosa,0,6,6,1.0
meistersing,0,6,6,1.0
kieth,5,1,6,0.167
reced,4,2,6,0.333
kogko,0,6,6,1.0
krishnar,6,0,6,0.0
plough,4,2,6,0.333
manley,0,6,6,1.0
reactor,5,1,6,0.167
incaut,0,6,6,1.0
infatu,0,6,6,1.0
portia,2,4,6,0.667
idper,0,6,6,1.0
belsha,6,0,6,0.0
tired,0,6,6,1.0
diffswap,6,0,6,0.0
koko,1,5,6,0.833
propens,1,5,6,0.833
dresner,6,0,6,0.0
curless,6,0,6,0.0
martian,0,6,6,1.0
interregnum,0,6,6,1.0
toxin,0,6,6,1.0
stockspromot,0,6,6,1.0
oq,0,6,6,1.0
hyad,0,6,6,1.0
netconnect,6,0,6,0.0
lanett,6,0,6,0.0
ibank,2,4,6,0.667
rux,0,6,6,1.0
dunc,0,6,6,1.0
trrc,6,0,6,0.0
oboist,0,6,6,1.0
jwilliamson,6,0,6,0.0
allmerica,0,6,6,1.0
pricedesk,6,0,6,0.0
kamela,0,6,6,1.0
satiabl,0,6,6,1.0
monic,0,6,6,1.0
whitehors,0,6,6,1.0
dmt,6,0,6,0.0
findikkiran,0,6,6,1.0
bargaain,0,6,6,1.0
moribund,1,5,6,0.833
bandsmen,0,6,6,1.0
geehrt,0,6,6,1.0
extrema,0,6,6,1.0
confrim,6,0,6,0.0
às,0,6,6,1.0
transmogrifi,0,6,6,1.0
woodsid,2,4,6,0.667
xbl,0,6,6,1.0
parsnip,0,6,6,1.0
harker,2,4,6,0.667
manageabi,0,6,6,1.0
foreseen,4,2,6,0.333
naturopath,0,6,6,1.0
diaaf,0,6,6,1.0
bluebook,0,6,6,1.0
wilt,0,6,6,1.0
octahedr,0,6,6,1.0
christodoul,6,0,6,0.0
sucess,3,3,6,0.5
trucker,6,0,6,0.0
masonri,0,6,6,1.0
purcha,0,6,6,1.0
disyl,0,6,6,1.0
excitatori,0,6,6,1.0
manitowich,6,0,6,0.0
londr,0,6,6,1.0
lrmc,6,0,6,0.0
uymail,0,6,6,1.0
musicnetwork,0,6,6,1.0
asl,0,6,6,1.0
cleverli,2,4,6,0.667
quiera,0,6,6,1.0
gusmer,0,6,6,1.0
horsedom,0,6,6,1.0
herasimchuk,6,0,6,0.0
oscillatori,0,6,6,1.0
didrex,0,6,6,1.0
vivaci,0,6,6,1.0
affymetrix,6,0,6,0.0
etg,6,0,6,0.0
ribald,0,6,6,1.0
hatem,1,5,6,0.833
forderung,0,6,6,1.0
tdtdfont,0,6,6,1.0
devour,1,5,6,0.833
pearlston,0,6,6,1.0
peritoneomuscular,0,6,6,1.0
elektronisch,0,6,6,1.0
nippl,0,6,6,1.0
rivulet,0,6,6,1.0
mcknight,3,3,6,0.5
breakneck,4,2,6,0.333
shonikon,0,6,6,1.0
flowerpot,0,6,6,1.0
portlanddev,6,0,6,0.0
portag,0,6,6,1.0
allpennystock,0,6,6,1.0
indochina,0,6,6,1.0
elemento,0,6,6,1.0
mvittal,6,0,6,0.0
starlet,0,6,6,1.0
canadlan,0,6,6,1.0
brisco,6,0,6,0.0
rainstorm,1,5,6,0.833
kashiwamura,6,0,6,0.0
vasp,0,6,6,1.0
heatherlock,6,0,6,0.0
wealdsman,0,6,6,1.0
slapstick,0,6,6,1.0
kolkhoz,0,6,6,1.0
evitar,0,6,6,1.0
vignaroli,6,0,6,0.0
nmppenergi,6,0,6,0.0
freio,0,6,6,1.0
perciv,0,6,6,1.0
heiress,0,6,6,1.0
alphons,0,6,6,1.0
ief,0,6,6,1.0
couldnt,2,4,6,0.667
synopt,0,6,6,1.0
sleigh,0,6,6,1.0
humpback,0,6,6,1.0
whig,0,6,6,1.0
lunchroom,0,6,6,1.0
marjoram,0,6,6,1.0
onion,2,4,6,0.667
furri,0,6,6,1.0
purr,0,6,6,1.0
gertrud,0,6,6,1.0
peijin,0,6,6,1.0
hartsfield,6,0,6,0.0
tryout,0,6,6,1.0
irrupt,0,6,6,1.0
thrice,1,5,6,0.833
rmove,0,6,6,1.0
berk,6,0,6,0.0
librettist,0,6,6,1.0
oilmen,4,2,6,0.333
nooooo,0,6,6,1.0
borrars,0,6,6,1.0
bhushan,6,0,6,0.0
shaggi,0,6,6,1.0
abmelden,0,6,6,1.0
jakarta,0,6,6,1.0
millard,0,6,6,1.0
leicest,0,6,6,1.0
nonimmun,0,6,6,1.0
inund,2,4,6,0.667
busier,6,0,6,0.0
hempstead,1,5,6,0.833
erasmu,0,6,6,1.0
garantizado,0,6,6,1.0
gentian,0,6,6,1.0
bieniawski,6,0,6,0.0
stopcock,0,6,6,1.0
countrifi,0,6,6,1.0
otisa,0,6,6,1.0
nevin,0,6,6,1.0
pfennig,0,6,6,1.0
umsatzsteuernumm,0,6,6,1.0
foz,0,6,6,1.0
gebhardt,6,0,6,0.0
foulmouth,0,6,6,1.0
chalmer,0,6,6,1.0
chantri,0,6,6,1.0
gripp,0,6,6,1.0
clump,0,6,6,1.0
mcafeecent,0,6,6,1.0
schoolmast,0,6,6,1.0
valida,0,6,6,1.0
bedava,0,6,6,1.0
triangulum,0,6,6,1.0
lookdog,0,6,6,1.0
kumquat,0,6,6,1.0
monogami,0,6,6,1.0
dilworth,6,0,6,0.0
dietspeci,0,6,6,1.0
enpep,6,0,6,0.0
introvert,0,6,6,1.0
intransig,0,6,6,1.0
pif,0,6,6,1.0
pith,0,6,6,1.0
sonogram,0,6,6,1.0
liqueur,0,6,6,1.0
glücklichen,0,6,6,1.0
euphem,1,5,6,0.833
neath,0,6,6,1.0
partout,0,6,6,1.0
cheungpui,0,6,6,1.0
maio,0,6,6,1.0
celesta,0,6,6,1.0
partia,0,6,6,1.0
koinonia,0,6,6,1.0
comenzar,0,6,6,1.0
yam,0,6,6,1.0
andel,6,0,6,0.0
disapprov,4,2,6,0.333
pianist,0,6,6,1.0
ineluct,0,6,6,1.0
squirrel,1,5,6,0.833
rlink,0,6,6,1.0
anhui,0,6,6,1.0
querul,0,6,6,1.0
guis,2,4,6,0.667
verpflichtungen,0,6,6,1.0
missin,0,6,6,1.0
jacm,0,6,6,1.0
stoll,6,0,6,0.0
whar,5,1,6,0.167
ffvol,6,0,6,0.0
illusori,0,6,6,1.0
acomodaçõ,0,6,6,1.0
khttp,0,6,6,1.0
bingolin,0,6,6,1.0
sedimentari,2,4,6,0.667
skitter,6,0,6,0.0
hothous,3,3,6,0.5
importncia,0,6,6,1.0
pecherski,6,0,6,0.0
spokespeopl,6,0,6,0.0
spav,6,0,6,0.0
pentecost,0,6,6,1.0
tez,6,0,6,0.0
rhine,0,6,6,1.0
chamfer,0,6,6,1.0
aditya,6,0,6,0.0
dleftstrongemfont,0,6,6,1.0
consejo,0,6,6,1.0
rhenium,0,6,6,1.0
enronfcu,6,0,6,0.0
syncrud,6,0,6,0.0
rpinoniv,6,0,6,0.0
bethani,4,2,6,0.333
sisyphean,0,6,6,1.0
praiseworthi,0,6,6,1.0
lichen,0,6,6,1.0
knnen,0,6,6,1.0
philpott,6,0,6,0.0
unturn,3,3,6,0.5
blindli,3,3,6,0.5
toqetherwith,0,6,6,1.0
nicaragua,0,6,6,1.0
maldiv,0,6,6,1.0
pretenti,2,4,6,0.667
troubador,0,6,6,1.0
zt,0,6,6,1.0
junkerdom,0,6,6,1.0
cialll,0,6,6,1.0
catechol,0,6,6,1.0
judiciari,0,6,6,1.0
nance,0,6,6,1.0
huski,3,3,6,0.5
adaptabi,0,6,6,1.0
tempestividad,0,6,6,1.0
coercion,0,6,6,1.0
suscripción,0,6,6,1.0
pantheism,0,6,6,1.0
zeitraum,6,0,6,0.0
periscop,2,4,6,0.667
glit,0,6,6,1.0
schmuel,6,0,6,0.0
phipp,1,5,6,0.833
ismael,0,6,6,1.0
latino,4,2,6,0.333
weinstein,0,6,6,1.0
prem,2,4,6,0.667
exoticswap,6,0,6,0.0
dpt,2,4,6,0.667
toothbrush,2,4,6,0.667
retaliatori,4,2,6,0.333
excretori,0,6,6,1.0
achil,1,5,6,0.833
glaciat,0,6,6,1.0
proteg,3,3,6,0.5
ironston,0,6,6,1.0
radix,0,6,6,1.0
furlough,0,6,6,1.0
valparaiso,0,6,6,1.0
gren,0,6,6,1.0
kzl,0,6,6,1.0
embrass,0,6,6,1.0
piscataway,0,6,6,1.0
leandro,5,1,6,0.167
subjunct,0,6,6,1.0
erglib,6,0,6,0.0
steffanmul,0,6,6,1.0
iegsearch,6,0,6,0.0
cynergi,6,0,6,0.0
softshop,0,6,6,1.0
aliant,6,0,6,0.0
norwood,5,1,6,0.167
deseo,0,6,6,1.0
prim,0,6,6,1.0
emessag,0,6,6,1.0
jut,0,6,6,1.0
exceil,0,6,6,1.0
uao,0,6,6,1.0
tellab,6,0,6,0.0
ditt,6,0,6,0.0
sucha,2,4,6,0.667
inextinguish,0,6,6,1.0
brochau,6,0,6,0.0
staminaincreas,0,6,6,1.0
carb,0,6,6,1.0
unbidden,0,6,6,1.0
loquac,0,6,6,1.0
rizzi,6,0,6,0.0
schweitzer,0,6,6,1.0
sixteenth,0,6,6,1.0
garten,3,3,6,0.5
krueger,0,6,6,1.0
zanzibar,0,6,6,1.0
siteion,0,6,6,1.0
winckowski,6,0,6,0.0
wyman,4,2,6,0.333
alpbach,6,0,6,0.0
feffer,6,0,6,0.0
burnertip,6,0,6,0.0
reginald,3,3,6,0.5
discreeeeet,0,6,6,1.0
raz,5,1,6,0.167
fieldston,0,6,6,1.0
vardýr,0,6,6,1.0
trudg,0,6,6,1.0
esh,0,6,6,1.0
posses,1,5,6,0.833
highfield,6,0,6,0.0
epitaph,0,6,6,1.0
knowingli,4,2,6,0.333
sarko,6,0,6,0.0
clotheshors,0,6,6,1.0
eulerian,0,6,6,1.0
electrobolt,6,0,6,0.0
unjustifi,1,5,6,0.833
mediamax,0,6,6,1.0
reliaquot,0,6,6,1.0
opossum,0,6,6,1.0
bastid,0,6,6,1.0
kenagi,6,0,6,0.0
anneal,1,5,6,0.833
overdeliv,6,0,6,0.0
rebuf,6,0,6,0.0
cyan,0,6,6,1.0
bmlm,0,6,6,1.0
enriqu,4,2,6,0.333
moschatellin,0,6,6,1.0
rampart,0,6,6,1.0
mater,2,4,6,0.667
mito,0,6,6,1.0
sax,0,6,6,1.0
uprc,6,0,6,0.0
gosh,1,5,6,0.833
fleetboston,6,0,6,0.0
chicano,0,6,6,1.0
judit,6,0,6,0.0
boal,6,0,6,0.0
muffl,2,4,6,0.667
sockey,0,6,6,1.0
tockhoid,0,6,6,1.0
comcalib,6,0,6,0.0
preallow,0,6,6,1.0
jonquil,0,6,6,1.0
dinah,0,6,6,1.0
recompens,1,5,6,0.833
stylographi,0,6,6,1.0
uaredo,0,6,6,1.0
gile,0,6,6,1.0
kinemat,0,6,6,1.0
guaiiti,0,6,6,1.0
brg,6,0,6,0.0
oakwood,0,6,6,1.0
destaqu,0,6,6,1.0
parentag,0,6,6,1.0
glisten,0,6,6,1.0
nightingal,0,6,6,1.0
vgra,0,6,6,1.0
olefin,3,3,6,0.5
messieur,0,6,6,1.0
pharmrightnow,0,6,6,1.0
bresnan,6,0,6,0.0
sheenier,0,6,6,1.0
regassif,6,0,6,0.0
politiqu,0,6,6,1.0
phiiip,0,6,6,1.0
untri,0,6,6,1.0
drrug,0,6,6,1.0
icor,0,6,6,1.0
eletricidad,6,0,6,0.0
ldere,0,6,6,1.0
fredericton,0,6,6,1.0
mcn,6,0,6,0.0
mayhem,0,6,6,1.0
otter,1,5,6,0.833
indicador,0,6,6,1.0
prefab,0,6,6,1.0
chavan,6,0,6,0.0
µµ,0,6,6,1.0
capss,0,6,6,1.0
minimax,0,6,6,1.0
godfath,4,2,6,0.333
priviledg,0,6,6,1.0
inscreva,0,6,6,1.0
afriqu,0,6,6,1.0
adso,0,6,6,1.0
ganymed,0,6,6,1.0
utilidad,0,6,6,1.0
latit,0,6,6,1.0
inexact,0,6,6,1.0
supercharg,0,6,6,1.0
kund,0,6,6,1.0
succubu,0,6,6,1.0
presion,0,6,6,1.0
geez,1,5,6,0.833
dandydom,0,6,6,1.0
schwarzkopf,6,0,6,0.0
tvlr,6,0,6,0.0
sunsweetwin,0,6,6,1.0
inalter,0,6,6,1.0
dermal,0,6,6,1.0
unrest,5,1,6,0.167
desic,0,6,6,1.0
hellodo,0,6,6,1.0
regístrat,0,6,6,1.0
aberden,0,6,6,1.0
unship,6,0,6,0.0
flaxen,0,6,6,1.0
mog,6,0,6,0.0
pollen,1,5,6,0.833
insubstanti,2,4,6,0.667
solent,6,0,6,0.0
vorac,0,6,6,1.0
almuerzo,0,6,6,1.0
premonit,0,6,6,1.0
dort,0,6,6,1.0
epfl,0,6,6,1.0
bluejacket,0,6,6,1.0
polia,0,6,6,1.0
rensink,6,0,6,0.0
loehr,6,0,6,0.0
osmium,0,6,6,1.0
bunker,0,6,6,1.0
beardsley,0,6,6,1.0
rgua,0,6,6,1.0
mpa,5,1,6,0.167
knockdown,0,6,6,1.0
init,3,3,6,0.5
aro,0,6,6,1.0
ortemeca,0,6,6,1.0
shing,0,6,6,1.0
hydrospher,0,6,6,1.0
emce,0,6,6,1.0
atomis,0,6,6,1.0
foursom,1,5,6,0.833
evanesc,0,6,6,1.0
isador,0,6,6,1.0
migrant,0,6,6,1.0
potenci,0,6,6,1.0
spragu,3,3,6,0.5
kemper,5,1,6,0.167
crayfish,0,6,6,1.0
gourd,0,6,6,1.0
egghead,0,6,6,1.0
ozarchuk,6,0,6,0.0
bandstop,0,6,6,1.0
severetens,0,6,6,1.0
donaldabeki,0,6,6,1.0
szilard,0,6,6,1.0
evensong,0,6,6,1.0
fern,0,6,6,1.0
cloister,0,6,6,1.0
haffez,0,6,6,1.0
insipid,0,6,6,1.0
abdelaziz,0,6,6,1.0
councilman,0,6,6,1.0
metzler,1,5,6,0.833
skyhook,0,6,6,1.0
conzelmann,6,0,6,0.0
counterpropos,0,6,6,1.0
snorkel,0,6,6,1.0
uncap,1,5,6,0.833
mynah,0,6,6,1.0
grimm,2,4,6,0.667
assit,1,5,6,0.833
kass,6,0,6,0.0
irrever,0,6,6,1.0
bagot,6,0,6,0.0
hexahydr,0,6,6,1.0
hydrochlorid,0,6,6,1.0
xylophon,0,6,6,1.0
hark,4,2,6,0.333
crepe,0,6,6,1.0
oge,6,0,6,0.0
cruickshank,0,6,6,1.0
lisbon,1,5,6,0.833
brevit,0,6,6,1.0
reme,0,6,6,1.0
girish,6,0,6,0.0
oakvil,2,4,6,0.667
misogynist,0,6,6,1.0
grwhit,6,0,6,0.0
shoelac,1,5,6,0.833
produccion,0,6,6,1.0
perfumeri,0,6,6,1.0
inflationari,0,6,6,1.0
expl,6,0,6,0.0
appet,6,0,6,0.0
psychophysiolog,0,6,6,1.0
congeni,0,6,6,1.0
halluin,6,0,6,0.0
interstiti,0,6,6,1.0
aria,0,6,6,1.0
hermeneut,0,6,6,1.0
terpsichorean,0,6,6,1.0
ultracomput,0,6,6,1.0
promethean,0,6,6,1.0
mila,0,6,6,1.0
polyurea,0,6,6,1.0
hovad,0,6,6,1.0
drogi,6,0,6,0.0
nolog,0,6,6,1.0
periclean,0,6,6,1.0
manchesterwould,0,6,6,1.0
camelopard,0,6,6,1.0
jorgenson,0,6,6,1.0
boehm,6,0,6,0.0
silhouett,0,6,6,1.0
colarusso,6,0,6,0.0
mango,0,6,6,1.0
aylesburi,0,6,6,1.0
damhsa,0,6,6,1.0
immunolog,0,6,6,1.0
globalview,6,0,6,0.0
parley,3,3,6,0.5
nemesi,2,4,6,0.667
primeiro,0,6,6,1.0
rubro,0,6,6,1.0
loq,0,6,6,1.0
jessel,6,0,6,0.0
amethystin,0,6,6,1.0
furz,0,6,6,1.0
handiwork,1,5,6,0.833
frailti,0,6,6,1.0
sunphol,6,0,6,0.0
atten,0,6,6,1.0
qing,6,0,6,0.0
polytypi,0,6,6,1.0
trickster,0,6,6,1.0
hove,2,4,6,0.667
tuttl,0,6,6,1.0
mmewatch,0,6,6,1.0
pulsat,0,6,6,1.0
phon,0,6,6,1.0
midtexa,6,0,6,0.0
fungal,0,6,6,1.0
milt,1,5,6,0.833
vassar,1,5,6,0.833
minot,0,6,6,1.0
fathom,1,5,6,0.833
compaa,0,6,6,1.0
hidrulico,0,6,6,1.0
shubh,6,0,6,0.0
tobago,1,5,6,0.833
rmonmib,6,0,6,0.0
stutter,0,6,6,1.0
plugin,0,6,6,1.0
psychometri,0,6,6,1.0
weatherproof,1,5,6,0.833
inscrib,0,6,6,1.0
kwitcoski,6,0,6,0.0
octo,6,0,6,0.0
realizaran,0,6,6,1.0
smaliest,0,6,6,1.0
arn,1,5,6,0.833
greylag,0,6,6,1.0
infel,0,6,6,1.0
olden,0,6,6,1.0
robila,6,0,6,0.0
cheapmarket,0,6,6,1.0
funforeveryon,0,6,6,1.0
sainthood,0,6,6,1.0
operon,0,6,6,1.0
mezzo,0,6,6,1.0
physicist,3,3,6,0.5
epsilon,1,5,6,0.833
brood,0,6,6,1.0
partiel,6,0,6,0.0
willard,1,5,6,0.833
dlcatlon,0,6,6,1.0
optoacoust,0,6,6,1.0
guilford,0,6,6,1.0
brazier,0,6,6,1.0
nair,2,4,6,0.667
morocco,1,5,6,0.833
anticompetit,6,0,6,0.0
eidet,0,6,6,1.0
mitten,0,6,6,1.0
mackey,4,2,6,0.333
skimpi,3,3,6,0.5
melethil,6,0,6,0.0
malton,0,6,6,1.0
ento,0,6,6,1.0
ninetieth,0,6,6,1.0
globalflash,6,0,6,0.0
imb,6,0,6,0.0
farka,0,6,6,1.0
aula,0,6,6,1.0
wretch,1,5,6,0.833
weal,0,6,6,1.0
vill,5,1,6,0.167
spumoni,0,6,6,1.0
glaswegian,0,6,6,1.0
yaqui,0,6,6,1.0
faro,0,6,6,1.0
hankam,6,0,6,0.0
unison,0,6,6,1.0
weathet,6,0,6,0.0
sanskrit,0,6,6,1.0
nostalg,0,6,6,1.0
aerat,0,6,6,1.0
failsaf,1,5,6,0.833
turkcel,0,6,6,1.0
swett,6,0,6,0.0
fillet,0,6,6,1.0
enbank,6,0,6,0.0
ephemer,0,6,6,1.0
nobr,0,6,6,1.0
tanto,0,6,6,1.0
sczykutowicz,6,0,6,0.0
worldwin,0,6,6,1.0
dicuss,5,1,6,0.167
ldupmn,0,6,6,1.0
twosom,0,6,6,1.0
fourteenth,0,6,6,1.0
thereb,0,6,6,1.0
slecht,0,6,6,1.0
þù,0,6,6,1.0
celer,0,6,6,1.0
mmbtud,6,0,6,0.0
mevc,6,0,6,0.0
dcontent,0,6,6,1.0
mellow,0,6,6,1.0
vagrant,0,6,6,1.0
prescr,0,6,6,1.0
physiognomi,0,6,6,1.0
novembr,0,6,6,1.0
schweiger,6,0,6,0.0
bodyt,0,6,6,1.0
candor,6,0,6,0.0
aquir,0,6,6,1.0
echemist,0,6,6,1.0
zg,2,4,6,0.667
paracorolla,0,6,6,1.0
miimiz,6,0,6,0.0
aca,3,3,6,0.5
stealthi,0,6,6,1.0
graduacin,0,6,6,1.0
quai,0,6,6,1.0
hoooooooooook,0,6,6,1.0
dialer,0,6,6,1.0
mrportland,6,0,6,0.0
mantic,0,6,6,1.0
snuggl,0,6,6,1.0
ahmadabad,0,6,6,1.0
oclp,6,0,6,0.0
goober,0,6,6,1.0
mglatz,6,0,6,0.0
hardt,6,0,6,0.0
persia,0,6,6,1.0
savd,0,6,6,1.0
maim,0,6,6,1.0
towboat,0,6,6,1.0
beneficl,0,6,6,1.0
trea,4,2,6,0.333
fleaban,0,6,6,1.0
optdiffswap,6,0,6,0.0
tabor,6,0,6,0.0
lucil,1,5,6,0.833
tuscon,1,5,6,0.833
quiero,0,6,6,1.0
papaw,0,6,6,1.0
nautic,1,5,6,0.833
rsk,0,6,6,1.0
copernicu,0,6,6,1.0
bacterium,0,6,6,1.0
tompaidi,6,0,6,0.0
uad,0,6,6,1.0
tragedian,0,6,6,1.0
sensationincreas,0,6,6,1.0
microsoftsf,6,0,6,0.0
omicron,2,4,6,0.667
verlfl,0,6,6,1.0
friee,0,6,6,1.0
microdr,0,6,6,1.0
outermost,0,6,6,1.0
somb,0,6,6,1.0
nig,0,6,6,1.0
freni,6,0,6,0.0
benner,6,0,6,0.0
procedimento,0,6,6,1.0
bellhop,0,6,6,1.0
ningún,0,6,6,1.0
sparta,0,6,6,1.0
armonlin,0,6,6,1.0
olugbad,0,6,6,1.0
cwtc,0,6,6,1.0
heredia,0,6,6,1.0
spc,4,2,6,0.333
unobserv,3,3,6,0.5
refina,0,6,6,1.0
valoracion,0,6,6,1.0
gaffney,6,0,6,0.0
gsi,0,6,6,1.0
worldwi,0,6,6,1.0
ghetto,0,6,6,1.0
chimera,0,6,6,1.0
goff,0,6,6,1.0
lqol,6,0,6,0.0
trnsito,0,6,6,1.0
despic,0,6,6,1.0
trench,2,4,6,0.667
cabana,0,6,6,1.0
cutlass,0,6,6,1.0
iid,3,3,6,0.5
renssela,2,4,6,0.667
nmero,0,6,6,1.0
quaff,0,6,6,1.0
reevalu,5,1,6,0.167
alcantara,5,1,6,0.167
epithet,1,5,6,0.833
kinkl,0,6,6,1.0
murk,1,5,6,0.833
fuifi,0,6,6,1.0
overappl,6,0,6,0.0
agt,6,0,6,0.0
forgeri,0,6,6,1.0
eccl,0,6,6,1.0
ebayisapi,0,6,6,1.0
herculean,0,6,6,1.0
virgul,0,6,6,1.0
hotlink,1,5,6,0.833
akili,0,6,6,1.0
qué,0,6,6,1.0
crupper,0,6,6,1.0
podium,0,6,6,1.0
frase,0,6,6,1.0
probler,0,6,6,1.0
slte,0,6,6,1.0
nakedmail,0,6,6,1.0
chartreus,0,6,6,1.0
ldl,1,5,6,0.833
eriksson,6,0,6,0.0
pookiel,0,6,6,1.0
impur,0,6,6,1.0
clmp,6,0,6,0.0
wehner,6,0,6,0.0
ult,0,6,6,1.0
arrheniu,0,6,6,1.0
moneey,0,6,6,1.0
supers,1,5,6,0.833
smco,0,6,6,1.0
excruci,3,3,6,0.5
apocrypha,0,6,6,1.0
nitrid,0,6,6,1.0
avanzada,0,6,6,1.0
obtrud,0,6,6,1.0
chenoweth,6,0,6,0.0
commercialiy,0,6,6,1.0
fredrickson,0,6,6,1.0
webber,2,4,6,0.667
corpjobsl,6,0,6,0.0
mortician,0,6,6,1.0
oas,0,6,6,1.0
xain,0,6,6,1.0
sediment,1,5,6,0.833
verna,0,6,6,1.0
peoplewil,0,6,6,1.0
turban,0,6,6,1.0
misinform,6,0,6,0.0
wile,2,4,6,0.667
fusaro,6,0,6,0.0
mmbut,6,0,6,0.0
powerless,3,3,6,0.5
mallard,0,6,6,1.0
allâhümm,0,6,6,1.0
squint,0,6,6,1.0
puesto,0,6,6,1.0
bullcomb,0,6,6,1.0
viftxtol,0,6,6,1.0
enronr,6,0,6,0.0
schuyler,0,6,6,1.0
inadvis,1,5,6,0.833
lavarato,6,0,6,0.0
bhutya,0,6,6,1.0
leftmost,0,6,6,1.0
munific,2,4,6,0.667
joslyn,6,0,6,0.0
pirouett,0,6,6,1.0
neustaedt,6,0,6,0.0
avista,6,0,6,0.0
teles,0,6,6,1.0
increibl,0,6,6,1.0
henn,5,1,6,0.167
bershad,6,0,6,0.0
elaborar,0,6,6,1.0
vonderheid,6,0,6,0.0
volit,0,6,6,1.0
huff,5,1,6,0.167
celestica,6,0,6,0.0
crankshaft,1,5,6,0.833
atmic,6,0,6,0.0
boor,0,6,6,1.0
modesto,3,3,6,0.5
ochoa,0,6,6,1.0
sherwood,1,5,6,0.833
crock,0,6,6,1.0
gma,0,6,6,1.0
pvrefi,0,6,6,1.0
brassfield,6,0,6,0.0
forsgren,6,0,6,0.0
herzlichen,3,3,6,0.5
impawn,0,6,6,1.0
henequen,0,6,6,1.0
clannish,0,6,6,1.0
zimi,6,0,6,0.0
produccin,0,6,6,1.0
tbalestreri,6,0,6,0.0
cerca,0,6,6,1.0
huzzah,0,6,6,1.0
ammonium,0,6,6,1.0
metodologia,0,6,6,1.0
tikn,0,6,6,1.0
conseil,0,6,6,1.0
acrobaat,0,6,6,1.0
inmanchest,0,6,6,1.0
hercul,1,5,6,0.833
geadresseerd,0,6,6,1.0
zoolant,0,6,6,1.0
nearsight,0,6,6,1.0
superstit,0,6,6,1.0
cbinet,6,0,6,0.0
waistlin,0,6,6,1.0
fulfi,0,6,6,1.0
snappi,0,6,6,1.0
mayeaux,6,0,6,0.0
dnya,0,6,6,1.0
foreclos,3,3,6,0.5
dilediginiz,0,6,6,1.0
peckel,6,0,6,0.0
sphagnum,0,6,6,1.0
verso,0,6,6,1.0
hemolyt,0,6,6,1.0
wald,6,0,6,0.0
optindexswap,6,0,6,0.0
irr,5,1,6,0.167
probiti,1,5,6,0.833
adib,6,0,6,0.0
americium,0,6,6,1.0
torna,0,6,6,1.0
aken,0,6,6,1.0
overrul,5,1,6,0.167
oraz,6,0,6,0.0
schilmoel,6,0,6,0.0
shingl,2,4,6,0.667
qda,0,6,6,1.0
taient,0,6,6,1.0
búsqueda,0,6,6,1.0
erec,3,3,6,0.5
deben,0,6,6,1.0
orific,0,6,6,1.0
splatter,0,6,6,1.0
inequival,0,6,6,1.0
inur,1,5,6,0.833
minerva,0,6,6,1.0
olivetea,0,6,6,1.0
spivey,4,2,6,0.333
epigram,0,6,6,1.0
rte,1,5,6,0.833
mckey,6,0,6,0.0
footmen,0,6,6,1.0
homeownership,0,6,6,1.0
foolproof,1,5,6,0.833
mckean,6,0,6,0.0
alphonso,4,2,6,0.333
sollicit,0,6,6,1.0
amiri,6,0,6,0.0
burlap,0,6,6,1.0
krieger,0,6,6,1.0
demostrado,0,6,6,1.0
phentremin,0,6,6,1.0
cour,0,6,6,1.0
chickade,0,6,6,1.0
niestrath,6,0,6,0.0
leskowitz,6,0,6,0.0
unbelieb,0,6,6,1.0
protozoan,0,6,6,1.0
alizarin,0,6,6,1.0
diophantin,0,6,6,1.0
laminar,0,6,6,1.0
destinado,0,6,6,1.0
instapay,0,6,6,1.0
palmetto,1,5,6,0.833
egnr,0,6,6,1.0
undecid,3,3,6,0.5
azym,0,6,6,1.0
mjsteven,6,0,6,0.0
numero,0,6,6,1.0
irredeem,0,6,6,1.0
alyson,6,0,6,0.0
weatherwav,0,6,6,1.0
landivar,6,0,6,0.0
baughpdx,6,0,6,0.0
verwandt,0,6,6,1.0
judicatur,0,6,6,1.0
octal,0,6,6,1.0
huthmach,6,0,6,0.0
masterdisc,0,6,6,1.0
lettermen,0,6,6,1.0
petroglyph,0,6,6,1.0
gibraltar,1,5,6,0.833
fractiou,0,6,6,1.0
solidu,0,6,6,1.0
lemma,1,5,6,0.833
riner,0,6,6,1.0
getmeoff,0,6,6,1.0
virtuous,6,0,6,0.0
tlf,0,6,6,1.0
colicki,0,6,6,1.0
pellet,0,6,6,1.0
phentrimin,0,6,6,1.0
saffron,0,6,6,1.0
arid,0,6,6,1.0
cicutoxin,0,6,6,1.0
gta,1,5,6,0.833
apric,0,6,6,1.0
piscicultur,0,6,6,1.0
resurfac,6,0,6,0.0
ncreas,0,6,6,1.0
acquitt,0,6,6,1.0
ramrod,0,6,6,1.0
cellaret,0,6,6,1.0
stoni,0,6,6,1.0
mangement,5,1,6,0.167
ywca,0,6,6,1.0
pathutil,6,0,6,0.0
retri,0,6,6,1.0
memphi,0,6,6,1.0
advalva,0,6,6,1.0
compensatori,2,4,6,0.667
nnaji,0,6,6,1.0
cattiesinc,0,6,6,1.0
ruse,0,6,6,1.0
moniey,0,6,6,1.0
scot,2,4,6,0.667
operacin,0,6,6,1.0
capestani,6,0,6,0.0
sturmwass,6,0,6,0.0
midmorn,4,2,6,0.333
nonputresc,0,6,6,1.0
lightproof,0,6,6,1.0
mbpsu,0,6,6,1.0
reunit,0,6,6,1.0
doorknob,1,5,6,0.833
ananzi,0,6,6,1.0
atlanci,6,0,6,0.0
rabbil,0,6,6,1.0
raber,6,0,6,0.0
willowi,0,6,6,1.0
peddl,2,4,6,0.667
moko,0,6,6,1.0
powercalib,6,0,6,0.0
applan,0,6,6,1.0
yz,0,6,6,1.0
erotica,0,6,6,1.0
superfici,1,5,6,0.833
qed,0,6,6,1.0
horehound,0,6,6,1.0
funkhous,6,0,6,0.0
axlet,0,6,6,1.0
autenticao,0,6,6,1.0
gozk,0,6,6,1.0
mshtml,0,6,6,1.0
blm,5,1,6,0.167
kwesi,0,6,6,1.0
infimum,0,6,6,1.0
dovetail,1,5,6,0.833
ilâh,0,6,6,1.0
eduat,0,6,6,1.0
countersink,0,6,6,1.0
raffia,0,6,6,1.0
archa,0,6,6,1.0
salesian,0,6,6,1.0
charteron,0,6,6,1.0
tanaka,1,5,6,0.833
bassal,6,0,6,0.0
wanton,0,6,6,1.0
langeland,6,0,6,0.0
truley,0,6,6,1.0
lijst,0,6,6,1.0
felicidad,0,6,6,1.0
mynheer,0,6,6,1.0
snob,0,6,6,1.0
webtext,6,0,6,0.0
staunch,2,4,6,0.667
wat,1,5,6,0.833
signag,3,3,6,0.5
dronet,6,0,6,0.0
malevol,1,5,6,0.833
bingl,0,6,6,1.0
seaquot,0,6,6,1.0
diphthong,0,6,6,1.0
milkeninstitut,6,0,6,0.0
xxl,4,2,6,0.333
graminifoli,0,6,6,1.0
illiter,0,6,6,1.0
hingoran,6,0,6,0.0
footwork,2,4,6,0.667
pogrom,0,6,6,1.0
embarras,0,6,6,1.0
tablecloth,0,6,6,1.0
deweb,0,6,6,1.0
rebrand,2,4,6,0.667
interlud,2,4,6,0.667
tirrel,6,0,6,0.0
huor,0,6,6,1.0
acesso,0,6,6,1.0
jederzeit,3,3,6,0.5
threadbar,0,6,6,1.0
gabl,0,6,6,1.0
maraud,0,6,6,1.0
bak,0,6,6,1.0
triceratop,0,6,6,1.0
vigilant,0,6,6,1.0
mullion,0,6,6,1.0
nachling,6,0,6,0.0
sternberg,0,6,6,1.0
rejoin,4,2,6,0.333
fornaio,6,0,6,0.0
darci,2,4,6,0.667
motel,0,6,6,1.0
neuropsychiatr,0,6,6,1.0
niobium,0,6,6,1.0
geralynn,6,0,6,0.0
libertin,0,6,6,1.0
ppo,1,5,6,0.833
patryk,6,0,6,0.0
warszawa,6,0,6,0.0
quantin,6,0,6,0.0
sunlight,0,6,6,1.0
hostmast,6,0,6,0.0
topromot,0,6,6,1.0
alzheim,3,3,6,0.5
tipsi,0,6,6,1.0
antonionuezc,0,6,6,1.0
mami,5,1,6,0.167
brackish,0,6,6,1.0
aycel,0,6,6,1.0
iption,0,6,6,1.0
mydebtsit,0,6,6,1.0
altadena,0,6,6,1.0
autorise,6,0,6,0.0
tenspot,0,6,6,1.0
gunderson,0,6,6,1.0
ranganathan,6,0,6,0.0
dieu,0,6,6,1.0
plumbat,0,6,6,1.0
mapsourc,0,6,6,1.0
aliyu,0,6,6,1.0
benevil,6,0,6,0.0
hamat,0,6,6,1.0
fairmont,5,1,6,0.167
tradingexhang,0,6,6,1.0
absoluteiy,0,6,6,1.0
expr,1,5,6,0.833
samaniec,6,0,6,0.0
chromatin,0,6,6,1.0
ritchi,1,5,6,0.833
conclut,0,6,6,1.0
cebryk,6,0,6,0.0
gors,0,6,6,1.0
spastic,0,6,6,1.0
storeroom,0,6,6,1.0
shinyseek,0,6,6,1.0
clatteri,0,6,6,1.0
misiniz,0,6,6,1.0
numro,0,6,6,1.0
mesaj,0,6,6,1.0
asesor,0,6,6,1.0
ioan,0,6,6,1.0
sturbridg,0,6,6,1.0
ciudadano,0,6,6,1.0
peoni,0,6,6,1.0
knowlton,1,5,6,0.833
holt,2,4,6,0.667
etatist,0,6,6,1.0
fijo,0,6,6,1.0
cheaep,0,6,6,1.0
ebrochur,2,4,6,0.667
cornmeal,0,6,6,1.0
microcosm,0,6,6,1.0
juxtapos,3,3,6,0.5
itg,1,5,6,0.833
twig,0,6,6,1.0
macho,4,2,6,0.333
espaa,0,6,6,1.0
chaxel,6,0,6,0.0
utilicon,6,0,6,0.0
dwp,2,4,6,0.667
ombudsman,0,6,6,1.0
bonusdex,0,6,6,1.0
mizuhobanklotto,0,6,6,1.0
boxx,6,0,6,0.0
compañía,0,6,6,1.0
promissori,6,0,6,0.0
sawhors,0,6,6,1.0
kirchoff,0,6,6,1.0
adbfaksaqw,0,6,6,1.0
propio,0,6,6,1.0
grammarian,0,6,6,1.0
serena,5,1,6,0.167
dtn,0,6,6,1.0
stylit,0,6,6,1.0
paraphras,2,4,6,0.667
foolhardi,3,3,6,0.5
prostrat,0,6,6,1.0
flabbergast,0,6,6,1.0
calaluna,0,6,6,1.0
runnymed,0,6,6,1.0
tripartit,0,6,6,1.0
aguilera,2,4,6,0.667
armshop,0,6,6,1.0
henzel,6,0,6,0.0
stymi,3,3,6,0.5
bakr,6,0,6,0.0
banczak,6,0,6,0.0
hackberri,1,5,6,0.833
gustavu,0,6,6,1.0
sanatorium,0,6,6,1.0
exegesi,0,6,6,1.0
gehl,6,0,6,0.0
shr,4,2,6,0.333
berkelium,0,6,6,1.0
starch,0,6,6,1.0
gabon,0,6,6,1.0
numvett,0,6,6,1.0
revista,0,6,6,1.0
ncheat,0,6,6,1.0
tomu,0,6,6,1.0
implantao,0,6,6,1.0
porsch,6,0,6,0.0
superssal,0,6,6,1.0
fioriceet,0,6,6,1.0
octopu,2,4,6,0.667
regener,0,6,6,1.0
securitytip,0,6,6,1.0
yahoobb,0,6,6,1.0
paysit,0,6,6,1.0
responsi,6,0,6,0.0
steev,0,6,6,1.0
liechtenstein,0,6,6,1.0
kelemen,6,0,6,0.0
ppmc,6,0,6,0.0
wannab,5,1,6,0.167
lefti,0,6,6,1.0
actinium,0,6,6,1.0
tangent,0,6,6,1.0
raroc,6,0,6,0.0
zealou,4,2,6,0.333
smholden,6,0,6,0.0
ransom,1,5,6,0.833
unrust,0,6,6,1.0
ubr,0,6,6,1.0
scranni,0,6,6,1.0
haddad,0,6,6,1.0
schlampen,0,6,6,1.0
revuls,1,5,6,0.833
mayfair,0,6,6,1.0
fwi,5,1,6,0.167
ood,0,6,6,1.0
mantissa,0,6,6,1.0
polkadot,0,6,6,1.0
manabu,6,0,6,0.0
biopharmaceut,4,2,6,0.333
realitytvaudit,0,6,6,1.0
cine,0,6,6,1.0
festuca,0,6,6,1.0
oomph,0,6,6,1.0
exemplar,2,4,6,0.667
okura,6,0,6,0.0
mishap,2,4,6,0.667
ima,5,1,6,0.167
sportsbook,0,6,6,1.0
blissfullifestyl,0,6,6,1.0
junto,0,6,6,1.0
sdram,1,5,6,0.833
practis,1,5,6,0.833
plagiarist,0,6,6,1.0
ciebi,6,0,6,0.0
tratamiento,0,6,6,1.0
rq,0,6,6,1.0
psico,0,6,6,1.0
connubi,0,6,6,1.0
participl,0,6,6,1.0
acai,0,6,6,1.0
oratori,0,6,6,1.0
ministro,0,6,6,1.0
circumfer,0,6,6,1.0
jobsonlin,6,0,6,0.0
pandanu,0,6,6,1.0
equilibr,0,6,6,1.0
ifax,0,6,6,1.0
stockhous,0,6,6,1.0
debian,3,3,6,0.5
deferenti,1,5,6,0.833
chandelett,0,6,6,1.0
journales,0,6,6,1.0
faça,0,6,6,1.0
dingi,0,6,6,1.0
horrid,1,5,6,0.833
fetter,0,6,6,1.0
lingua,0,6,6,1.0
toi,0,6,6,1.0
perdit,0,6,6,1.0
thefront,0,6,6,1.0
mcgill,0,6,6,1.0
sexohol,0,6,6,1.0
enzymologist,0,6,6,1.0
caplan,3,3,6,0.5
iink,0,6,6,1.0
swizzl,0,6,6,1.0
equidist,0,6,6,1.0
tfont,0,6,6,1.0
teardrop,0,6,6,1.0
jule,1,5,6,0.833
dnsbl,0,6,6,1.0
utilizando,0,6,6,1.0
papaci,0,6,6,1.0
vlagara,0,6,6,1.0
abramowicz,6,0,6,0.0
makeshift,0,6,6,1.0
faun,0,6,6,1.0
mhh,6,0,6,0.0
cyberad,0,6,6,1.0
zumali,0,6,6,1.0
pepcoenergi,6,0,6,0.0
jolyon,6,0,6,0.0
novellu,6,0,6,0.0
sixnet,0,6,6,1.0
ticketmast,2,4,6,0.667
deerstalk,0,6,6,1.0
gerund,0,6,6,1.0
blox,0,6,6,1.0
insuppress,0,6,6,1.0
unequ,6,0,6,0.0
interesado,0,6,6,1.0
teal,0,6,6,1.0
bespok,0,6,6,1.0
orthophosph,0,6,6,1.0
confidentiel,6,0,6,0.0
gotham,0,6,6,1.0
unfoundedli,0,6,6,1.0
rivalri,0,6,6,1.0
orderstatu,0,6,6,1.0
viaduct,0,6,6,1.0
monoid,0,6,6,1.0
appalachian,5,1,6,0.167
fatuou,0,6,6,1.0
astor,0,6,6,1.0
samarium,0,6,6,1.0
ragno,0,6,6,1.0
showi,0,6,6,1.0
sann,0,6,6,1.0
meniscu,0,6,6,1.0
oppressor,0,6,6,1.0
fugazi,0,6,6,1.0
satcher,6,0,6,0.0
novamedia,0,6,6,1.0
leucit,0,6,6,1.0
aumentar,0,6,6,1.0
phonet,0,6,6,1.0
pitman,3,3,6,0.5
admoredontmor,0,6,6,1.0
untup,0,6,6,1.0
margo,1,5,6,0.833
postlethwait,6,0,6,0.0
hospitai,0,6,6,1.0
drizzlier,0,6,6,1.0
icodiin,0,6,6,1.0
adjunto,1,5,6,0.833
lint,0,6,6,1.0
shortlist,5,1,6,0.167
sideband,0,6,6,1.0
juda,0,6,6,1.0
philolog,0,6,6,1.0
harshen,0,6,6,1.0
preposter,3,3,6,0.5
mslia,0,6,6,1.0
louver,0,6,6,1.0
cytolog,0,6,6,1.0
phalarop,0,6,6,1.0
flomax,0,6,6,1.0
hplol,6,0,6,0.0
malta,0,6,6,1.0
uterointestin,0,6,6,1.0
bourqu,6,0,6,0.0
brownbag,6,0,6,0.0
zottermj,6,0,6,0.0
envolvido,0,6,6,1.0
inconspicu,0,6,6,1.0
cunard,0,6,6,1.0
childlik,0,6,6,1.0
immobil,0,6,6,1.0
stale,4,2,6,0.333
gasmsgboard,6,0,6,0.0
getlaidnow,0,6,6,1.0
clamav,0,6,6,1.0
healthlin,0,6,6,1.0
qcf,6,0,6,0.0
heartili,3,3,6,0.5
nne,0,6,6,1.0
ola,2,4,6,0.667
indec,0,6,6,1.0
cortez,3,3,6,0.5
lieferung,6,0,6,0.0
nonsuggest,0,6,6,1.0
saddlebag,0,6,6,1.0
asdf,0,6,6,1.0
toon,0,6,6,1.0
lamaquina,6,0,6,0.0
tienen,0,6,6,1.0
gudget,0,6,6,1.0
bookiyour,0,6,6,1.0
dither,1,5,6,0.833
intimat,0,6,6,1.0
probusinesstax,6,0,6,0.0
popuiar,0,6,6,1.0
squall,0,6,6,1.0
prendr,0,6,6,1.0
pharmz,0,6,6,1.0
sbi,6,0,6,0.0
bst,0,6,6,1.0
scion,0,6,6,1.0
lourd,0,6,6,1.0
disgrac,1,5,6,0.833
oid,0,6,6,1.0
electricit,6,0,6,0.0
aevanloon,6,0,6,0.0
indexswap,6,0,6,0.0
barbera,0,6,6,1.0
thyronin,0,6,6,1.0
trtdimg,0,6,6,1.0
dautel,6,0,6,0.0
venic,0,6,6,1.0
saloon,0,6,6,1.0
fosterl,0,6,6,1.0
mitt,0,6,6,1.0
vni,6,0,6,0.0
lumpi,2,4,6,0.667
checkmat,1,5,6,0.833
stngvaol,0,6,6,1.0
forrwarrrd,0,6,6,1.0
drinker,0,6,6,1.0
gwynn,6,0,6,0.0
mustard,1,5,6,0.833
aldr,0,6,6,1.0
wilbeck,6,0,6,0.0
ciaim,0,6,6,1.0
talu,0,6,6,1.0
flatu,0,6,6,1.0
abril,0,6,6,1.0
tsx,0,6,6,1.0
carola,0,6,6,1.0
trainabl,1,5,6,0.833
logarithm,0,6,6,1.0
squashberri,0,6,6,1.0
vaiid,0,6,6,1.0
clonic,0,6,6,1.0
primordi,0,6,6,1.0
pineappl,0,6,6,1.0
vacationland,0,6,6,1.0
decathlon,0,6,6,1.0
powerman,0,6,6,1.0
swarthi,0,6,6,1.0
hydrodynam,0,6,6,1.0
knoweth,0,6,6,1.0
tlphonez,0,6,6,1.0
cornstarch,0,6,6,1.0
chw,0,6,6,1.0
reclin,0,6,6,1.0
ribonucl,0,6,6,1.0
tgo,0,6,6,1.0
bulgarian,2,4,6,0.667
strum,0,6,6,1.0
yoshida,6,0,6,0.0
potbelli,0,6,6,1.0
inauspici,0,6,6,1.0
cdollar,6,0,6,0.0
frieda,5,1,6,0.167
precisa,0,6,6,1.0
epdc,6,0,6,0.0
eazel,6,0,6,0.0
involutori,0,6,6,1.0
winnipeg,0,6,6,1.0
gorgon,0,6,6,1.0
enronanywher,6,0,6,0.0
horria,0,6,6,1.0
valld,0,6,6,1.0
leighton,0,6,6,1.0
firepow,3,3,6,0.5
ustrat,0,6,6,1.0
mastermind,3,3,6,0.5
planetoid,0,6,6,1.0
repin,6,0,6,0.0
detiveaux,6,0,6,0.0
ideabank,6,0,6,0.0
harrelson,6,0,6,0.0
esecur,0,6,6,1.0
holdco,6,0,6,0.0
tullman,6,0,6,0.0
holmium,0,6,6,1.0
meinem,0,6,6,1.0
retrait,0,6,6,1.0
ruff,1,5,6,0.833
mensagen,0,6,6,1.0
edad,0,6,6,1.0
pilferag,0,6,6,1.0
acit,6,0,6,0.0
cabello,0,6,6,1.0
psuedo,6,0,6,0.0
cordin,2,4,6,0.667
permeat,1,5,6,0.833
belvieu,6,0,6,0.0
nottingham,0,6,6,1.0
summitri,0,6,6,1.0
phan,6,0,6,0.0
ogr,1,5,6,0.833
palett,0,6,6,1.0
serverbr,0,6,6,1.0
giesen,5,1,6,0.167
canu,6,0,6,0.0
bvargo,6,0,6,0.0
simplemind,0,6,6,1.0
prevatt,6,0,6,0.0
esprit,0,6,6,1.0
proton,2,4,6,0.667
vertraulich,0,6,6,1.0
nai,5,1,6,0.167
sla,5,1,6,0.167
lebran,6,0,6,0.0
volcano,1,5,6,0.833
minsk,0,6,6,1.0
implementor,0,6,6,1.0
incredibili,0,6,6,1.0
selectman,0,6,6,1.0
railhead,0,6,6,1.0
ultrason,5,1,6,0.167
morgen,0,6,6,1.0
chfc,6,0,6,0.0
uremia,0,6,6,1.0
cybervers,0,6,6,1.0
asti,0,6,6,1.0
duanýn,0,6,6,1.0
shoo,2,4,6,0.667
subsidis,6,0,6,0.0
funcion,0,6,6,1.0
scamp,0,6,6,1.0
bretail,0,6,6,1.0
rococo,0,6,6,1.0
moncrieff,6,0,6,0.0
tsa,4,2,6,0.333
phylacteri,0,6,6,1.0
screwdriv,1,5,6,0.833
stablemen,0,6,6,1.0
holstein,0,6,6,1.0
buffoon,0,6,6,1.0
brrjmsbroderick,0,6,6,1.0
pennisi,6,0,6,0.0
myelodiastasi,0,6,6,1.0
equin,1,5,6,0.833
cose,6,0,6,0.0
alken,0,6,6,1.0
starkey,0,6,6,1.0
thien,6,0,6,0.0
ruscitti,6,0,6,0.0
senorita,0,6,6,1.0
ugo,0,6,6,1.0
thirdli,4,2,6,0.333
psychobiolog,0,6,6,1.0
spurg,0,6,6,1.0
hotfix,0,6,6,1.0
ophthalmolog,0,6,6,1.0
hn,0,6,6,1.0
shone,1,5,6,0.833
perkcard,6,0,6,0.0
faiiur,0,6,6,1.0
knobbi,0,6,6,1.0
goi,5,1,6,0.167
rollick,0,6,6,1.0
physiotherapist,0,6,6,1.0
saturnin,0,6,6,1.0
carnal,0,6,6,1.0
stp,5,1,6,0.167
glebou,0,6,6,1.0
opportuneless,0,6,6,1.0
prreexxxxiscrlpt,0,6,6,1.0
torranc,0,6,6,1.0
estimado,1,5,6,0.833
hyanni,0,6,6,1.0
priya,6,0,6,0.0
fmw,0,6,6,1.0
anthracit,0,6,6,1.0
prsidentiel,0,6,6,1.0
pulley,0,6,6,1.0
prophesi,0,6,6,1.0
lwl,4,2,6,0.333
imbu,0,6,6,1.0
disrepect,3,3,6,0.5
ordabl,0,6,6,1.0
dnabri,0,6,6,1.0
plebeian,0,6,6,1.0
harriman,1,5,6,0.833
galea,6,0,6,0.0
wasp,0,6,6,1.0
usero,0,6,6,1.0
cardmemb,6,0,6,0.0
gritti,3,3,6,0.5
canela,0,6,6,1.0
forswear,0,6,6,1.0
dataroom,6,0,6,0.0
switchgear,5,1,6,0.167
hive,0,6,6,1.0
zing,1,5,6,0.833
rhesu,0,6,6,1.0
basso,0,6,6,1.0
beater,0,6,6,1.0
interé,0,6,6,1.0
polymorph,0,6,6,1.0
aller,0,6,6,1.0
boycott,0,6,6,1.0
temat,6,0,6,0.0
muezzin,0,6,6,1.0
lanthanid,0,6,6,1.0
terrel,5,1,6,0.167
macassar,0,6,6,1.0
fowl,0,6,6,1.0
zal,3,3,6,0.5
noy,0,6,6,1.0
haynesvili,0,6,6,1.0
yanello,6,0,6,0.0
gravid,0,6,6,1.0
earcockl,0,6,6,1.0
unfavour,3,3,6,0.5
marque,2,4,6,0.667
degeorg,6,0,6,0.0
ntri,0,6,6,1.0
truant,0,6,6,1.0
sbm,0,6,6,1.0
hangman,0,6,6,1.0
mzzzzzzz,0,6,6,1.0
topaz,0,6,6,1.0
frmli,6,0,6,0.0
thambo,0,6,6,1.0
jovial,0,6,6,1.0
butteri,1,5,6,0.833
cailer,0,6,6,1.0
tiv,0,6,6,1.0
stayatloch,0,6,6,1.0
boarder,1,5,6,0.833
sedul,0,6,6,1.0
pianism,0,6,6,1.0
carrera,1,5,6,0.833
conservativeiy,0,6,6,1.0
esop,6,0,6,0.0
cgc,0,6,6,1.0
laredo,0,6,6,1.0
chancel,0,6,6,1.0
wharf,0,6,6,1.0
setran,6,0,6,0.0
fumbl,1,5,6,0.833
jerzi,6,0,6,0.0
yarrow,0,6,6,1.0
hered,0,6,6,1.0
maintan,4,2,6,0.333
jew,3,3,6,0.5
picturesqu,1,5,6,0.833
okoy,0,6,6,1.0
disinfect,0,6,6,1.0
rxonlinen,0,6,6,1.0
spooki,1,5,6,0.833
fluenci,1,5,6,0.833
arellano,0,6,6,1.0
woolworth,1,5,6,0.833
duski,0,6,6,1.0
mukden,0,6,6,1.0
daron,6,0,6,0.0
shibuichi,0,6,6,1.0
confederaci,0,6,6,1.0
funcionamiento,0,6,6,1.0
fontbrbr,0,6,6,1.0
wordperfect,2,4,6,0.667
koroma,0,6,6,1.0
juliusz,6,0,6,0.0
volta,0,6,6,1.0
hlb,6,0,6,0.0
kiowa,0,6,6,1.0
wardroom,0,6,6,1.0
upriv,0,6,6,1.0
inconclus,0,6,6,1.0
brakeman,0,6,6,1.0
tamez,6,0,6,0.0
essful,0,6,6,1.0
labia,0,6,6,1.0
catarina,1,5,6,0.833
indstria,0,6,6,1.0
illallâhul,0,6,6,1.0
vinegar,0,6,6,1.0
rosetta,1,5,6,0.833
dosebr,0,6,6,1.0
giacomo,0,6,6,1.0
sjox,0,6,6,1.0
dehi,6,0,6,0.0
watchband,0,6,6,1.0
cypherpunk,0,6,6,1.0
pattichi,0,6,6,1.0
scissor,0,6,6,1.0
xvcd,0,6,6,1.0
oglethorp,0,6,6,1.0
grosbeak,0,6,6,1.0
duda,0,6,6,1.0
becket,0,6,6,1.0
whiff,0,6,6,1.0
forerunn,1,5,6,0.833
gaat,0,6,6,1.0
redress,1,5,6,0.833
shellack,0,6,6,1.0
necrot,0,6,6,1.0
mortag,0,6,6,1.0
hoang,6,0,6,0.0
trot,0,6,6,1.0
superimpos,1,5,6,0.833
dewat,6,0,6,0.0
vouchsaf,0,6,6,1.0
switzeriand,0,6,6,1.0
chirac,0,6,6,1.0
obeis,0,6,6,1.0
reprimand,1,5,6,0.833
oxyzon,0,6,6,1.0
severepain,0,6,6,1.0
epsom,0,6,6,1.0
bhi,0,6,6,1.0
myabsinth,0,6,6,1.0
morrissey,0,6,6,1.0
chenopod,0,6,6,1.0
euclid,0,6,6,1.0
lamela,0,6,6,1.0
furthermost,0,6,6,1.0
penthous,1,5,6,0.833
worldaccessnet,0,6,6,1.0
respuesta,0,6,6,1.0
midshipman,0,6,6,1.0
spock,0,6,6,1.0
osonenko,6,0,6,0.0
gtb,1,5,6,0.833
tmp,4,2,6,0.333
panjandrum,0,6,6,1.0
fora,0,6,6,1.0
augend,0,6,6,1.0
oprefi,0,6,6,1.0
xptpc,0,6,6,1.0
rbac,6,0,6,0.0
parágrafo,0,6,6,1.0
tamp,1,5,6,0.833
tmc,2,4,6,0.667
balden,0,6,6,1.0
seesaw,6,0,6,0.0
saiba,0,6,6,1.0
tiresom,4,2,6,0.333
dingl,0,6,6,1.0
dayn,6,0,6,0.0
qri,0,6,6,1.0
pascal,1,5,6,0.833
powley,6,0,6,0.0
buret,0,6,6,1.0
labaum,6,0,6,0.0
trilobit,0,6,6,1.0
ronan,6,0,6,0.0
neptun,2,4,6,0.667
onlinegenericrx,0,6,6,1.0
thereat,0,6,6,1.0
ciassic,0,6,6,1.0
mosbach,6,0,6,0.0
rnbsp,0,6,6,1.0
unbeleiv,0,6,6,1.0
kayla,6,0,6,0.0
hummingbird,0,6,6,1.0
nolan,1,5,6,0.833
movil,1,5,6,0.833
breadboard,0,6,6,1.0
jamar,0,6,6,1.0
kirkwood,6,0,6,0.0
kip,5,1,6,0.167
darlington,0,6,6,1.0
firew,0,6,6,1.0
parallelotrop,0,6,6,1.0
alhibklb,6,0,6,0.0
patil,6,0,6,0.0
animist,0,6,6,1.0
swipe,4,2,6,0.333
oday,0,6,6,1.0
xoxo,1,5,6,0.833
jenna,0,6,6,1.0
biom,0,6,6,1.0
payless,2,4,6,0.667
microjoul,0,6,6,1.0
indors,0,6,6,1.0
amant,0,6,6,1.0
telfax,0,6,6,1.0
mgrn,0,6,6,1.0
mollyl,0,6,6,1.0
reiy,0,6,6,1.0
fluorit,0,6,6,1.0
incluso,0,6,6,1.0
cambel,0,6,6,1.0
pandemonium,1,5,6,0.833
puddli,0,6,6,1.0
weedmail,0,6,6,1.0
dividida,0,6,6,1.0
astonishingli,6,0,6,0.0
bhavna,6,0,6,0.0
juiy,0,6,6,1.0
flashi,0,6,6,1.0
sengchen,0,6,6,1.0
cavanaugh,3,3,6,0.5
itst,0,6,6,1.0
attica,0,6,6,1.0
velaw,6,0,6,0.0
hesitat,0,6,6,1.0
languid,0,6,6,1.0
optimización,0,6,6,1.0
recurr,1,5,6,0.833
compania,0,6,6,1.0
sunbonnet,0,6,6,1.0
sophism,0,6,6,1.0
scanti,0,6,6,1.0
meachim,6,0,6,0.0
detm,6,0,6,0.0
contrata,0,6,6,1.0
immediat,6,0,6,0.0
saliva,1,5,6,0.833
pleasureincreas,0,6,6,1.0
dilogarithm,0,6,6,1.0
cml,3,3,6,0.5
poorer,2,4,6,0.667
swart,0,5,5,1.0
extramur,0,5,5,1.0
kiff,0,5,5,1.0
unexecut,5,0,5,0.0
postgradu,0,5,5,1.0
negotiat,5,0,5,0.0
pharmaceuti,0,5,5,1.0
milliken,0,5,5,1.0
vasectomi,0,5,5,1.0
grous,5,0,5,0.0
ogic,0,5,5,1.0
clavi,0,5,5,1.0
brandenburg,0,5,5,1.0
remass,0,5,5,1.0
nilpot,0,5,5,1.0
pacbel,0,5,5,1.0
mlb,1,4,5,0.8
anaconda,0,5,5,1.0
requiir,0,5,5,1.0
croucher,5,0,5,0.0
transfert,0,5,5,1.0
calll,0,5,5,1.0
kma,2,3,5,0.6
appurten,4,1,5,0.2
pradesh,5,0,5,0.0
bouak,0,5,5,1.0
mow,0,5,5,1.0
antigon,0,5,5,1.0
hrap,5,0,5,0.0
annualis,2,3,5,0.6
buccan,1,4,5,0.8
ruffian,0,5,5,1.0
plod,0,5,5,1.0
reduccin,0,5,5,1.0
sugiura,5,0,5,0.0
medellin,0,5,5,1.0
dawac,0,5,5,1.0
htmcomp,0,5,5,1.0
shakedown,1,4,5,0.8
comapni,1,4,5,0.8
compiex,0,5,5,1.0
plankton,0,5,5,1.0
imponder,0,5,5,1.0
fortin,1,4,5,0.8
reliv,1,4,5,0.8
periclit,0,5,5,1.0
reeeliefff,0,5,5,1.0
muskmelon,0,5,5,1.0
draught,0,5,5,1.0
hondal,0,5,5,1.0
mourdant,5,0,5,0.0
silldorff,5,0,5,0.0
rhineston,0,5,5,1.0
bonner,2,3,5,0.6
kayo,0,5,5,1.0
sautern,0,5,5,1.0
universitat,0,5,5,1.0
symm,5,0,5,0.0
managua,0,5,5,1.0
rhoe,0,5,5,1.0
pradyumna,5,0,5,0.0
cowpunch,0,5,5,1.0
possemen,0,5,5,1.0
isdn,5,0,5,0.0
overtax,5,0,5,0.0
congruent,0,5,5,1.0
perseu,0,5,5,1.0
middlesex,0,5,5,1.0
bellinghausen,5,0,5,0.0
nolo,0,5,5,1.0
nuclid,0,5,5,1.0
affil,0,5,5,1.0
cfb,3,2,5,0.4
amoin,5,0,5,0.0
passo,0,5,5,1.0
pharrnaci,0,5,5,1.0
lkitchen,5,0,5,0.0
teiegeographi,0,5,5,1.0
fluorspar,0,5,5,1.0
gingko,0,5,5,1.0
labdunum,0,5,5,1.0
ater,1,4,5,0.8
nuisanc,1,4,5,0.8
fut,0,5,5,1.0
stinston,5,0,5,0.0
hollingsworth,0,5,5,1.0
cest,0,5,5,1.0
voluntaria,0,5,5,1.0
doubtless,2,3,5,0.6
ricochet,0,5,5,1.0
harlem,0,5,5,1.0
unsightli,0,5,5,1.0
misguid,4,1,5,0.2
tomh,0,5,5,1.0
radial,0,5,5,1.0
sonoran,5,0,5,0.0
lotz,5,0,5,0.0
nger,0,5,5,1.0
razon,0,5,5,1.0
schoolboy,0,5,5,1.0
hydrophil,0,5,5,1.0
disinterest,0,5,5,1.0
dekatherm,5,0,5,0.0
fuckpol,0,5,5,1.0
gwel,0,5,5,1.0
tiber,0,5,5,1.0
tactual,0,5,5,1.0
tombal,3,2,5,0.4
pandol,5,0,5,0.0
siena,0,5,5,1.0
papav,0,5,5,1.0
bannerman,5,0,5,0.0
tachomet,0,5,5,1.0
skindiv,0,5,5,1.0
udo,0,5,5,1.0
expurg,0,5,5,1.0
wvb,0,5,5,1.0
sententi,0,5,5,1.0
zabriski,5,0,5,0.0
aluno,0,5,5,1.0
rickettsia,0,5,5,1.0
clt,1,4,5,0.8
realoemsal,0,5,5,1.0
binki,1,4,5,0.8
bahia,3,2,5,0.4
pocketpc,0,5,5,1.0
roundabout,1,4,5,0.8
sybarit,0,5,5,1.0
ethnolog,0,5,5,1.0
rittenhous,5,0,5,0.0
ignobl,0,5,5,1.0
voicestream,2,3,5,0.6
overhear,3,2,5,0.4
planetaria,0,5,5,1.0
spelt,4,1,5,0.2
faceti,0,5,5,1.0
dheinek,5,0,5,0.0
colorless,0,5,5,1.0
riskfre,3,2,5,0.4
empower,5,0,5,0.0
hattera,0,5,5,1.0
lcn,0,5,5,1.0
choong,0,5,5,1.0
stokin,0,5,5,1.0
provencaux,0,5,5,1.0
lsluk,0,5,5,1.0
hbsp,5,0,5,0.0
powderpuff,0,5,5,1.0
fisticuff,0,5,5,1.0
weiteren,0,5,5,1.0
echostar,4,1,5,0.2
habea,0,5,5,1.0
hnol,0,5,5,1.0
sodergreen,5,0,5,0.0
bjarn,5,0,5,0.0
tyco,5,0,5,0.0
scorch,0,5,5,1.0
fiducial,0,5,5,1.0
cranelik,0,5,5,1.0
rrr,0,5,5,1.0
praci,5,0,5,0.0
excelsior,0,5,5,1.0
jozef,5,0,5,0.0
edgecliff,5,0,5,0.0
ugi,4,1,5,0.2
interrogatori,1,4,5,0.8
depech,0,5,5,1.0
comdex,1,4,5,0.8
telegraphi,0,5,5,1.0
pickax,0,5,5,1.0
hypothalamu,0,5,5,1.0
adarsh,5,0,5,0.0
cico,5,0,5,0.0
wisenheim,0,5,5,1.0
wolfman,0,5,5,1.0
jeannett,5,0,5,0.0
twi,0,5,5,1.0
lowden,5,0,5,0.0
ritter,0,5,5,1.0
sternum,0,5,5,1.0
realhomeown,0,5,5,1.0
outhit,0,5,5,1.0
honshu,0,5,5,1.0
iladiba,0,5,5,1.0
mltrochta,5,0,5,0.0
bherod,5,0,5,0.0
celebrityfuckfest,0,5,5,1.0
monochrom,0,5,5,1.0
longo,0,5,5,1.0
noncompet,5,0,5,0.0
otb,0,5,5,1.0
faciiit,0,5,5,1.0
mariguana,0,5,5,1.0
quartil,0,5,5,1.0
triplex,0,5,5,1.0
negociacin,0,5,5,1.0
teasel,0,5,5,1.0
ripper,0,5,5,1.0
chondroit,0,5,5,1.0
upbraid,0,5,5,1.0
sgovenar,5,0,5,0.0
jacinto,5,0,5,0.0
preci,0,5,5,1.0
thedeal,5,0,5,0.0
dfbeki,0,5,5,1.0
norsk,5,0,5,0.0
avonmor,0,5,5,1.0
purgat,0,5,5,1.0
mafia,0,5,5,1.0
fungi,0,5,5,1.0
elledg,5,0,5,0.0
shanker,5,0,5,0.0
stockpromot,0,5,5,1.0
estaremo,0,5,5,1.0
billiton,1,4,5,0.8
behrend,5,0,5,0.0
quintessenti,2,3,5,0.6
battenberg,0,5,5,1.0
radiophys,0,5,5,1.0
ggrant,5,0,5,0.0
lasallebank,0,5,5,1.0
trancript,0,5,5,1.0
exxonkati,5,0,5,0.0
foosbal,5,0,5,0.0
jameika,5,0,5,0.0
procain,0,5,5,1.0
lenticular,0,5,5,1.0
talal,5,0,5,0.0
naeem,0,5,5,1.0
middleeast,0,5,5,1.0
bushmast,0,5,5,1.0
kingman,5,0,5,0.0
greenzer,0,5,5,1.0
seward,0,5,5,1.0
vz,0,5,5,1.0
weyerhaus,0,5,5,1.0
funcionando,0,5,5,1.0
alexandrovich,0,5,5,1.0
caan,0,5,5,1.0
waddl,0,5,5,1.0
turnera,0,5,5,1.0
killerzxss,0,5,5,1.0
aangekondigd,0,5,5,1.0
genesco,0,5,5,1.0
noodl,3,2,5,0.4
prefatori,0,5,5,1.0
plaetzen,0,5,5,1.0
autoregress,5,0,5,0.0
raisin,0,5,5,1.0
cwomack,5,0,5,0.0
unseemli,5,0,5,0.0
uccessful,0,5,5,1.0
theologian,0,5,5,1.0
kassi,5,0,5,0.0
solvat,0,5,5,1.0
stadler,5,0,5,0.0
hai,3,2,5,0.4
cometari,0,5,5,1.0
cuatro,0,5,5,1.0
plasmon,0,5,5,1.0
larsson,2,3,5,0.6
denali,0,5,5,1.0
bernal,3,2,5,0.4
acefbogota,0,5,5,1.0
geodesi,0,5,5,1.0
previa,0,5,5,1.0
quadrenni,0,5,5,1.0
scop,0,5,5,1.0
himalaya,0,5,5,1.0
vasvir,0,5,5,1.0
mascara,0,5,5,1.0
melpomen,0,5,5,1.0
multinationa,0,5,5,1.0
wrought,0,5,5,1.0
peke,0,5,5,1.0
unalloc,5,0,5,0.0
kimaeva,0,5,5,1.0
empt,4,1,5,0.2
trazer,0,5,5,1.0
becloud,0,5,5,1.0
haakon,5,0,5,0.0
wingd,0,5,5,1.0
sowa,0,5,5,1.0
mso,0,5,5,1.0
nenhum,0,5,5,1.0
bie,2,3,5,0.6
croon,0,5,5,1.0
comita,5,0,5,0.0
konstroi,0,5,5,1.0
fluorescein,0,5,5,1.0
hetrick,5,0,5,0.0
enviamo,0,5,5,1.0
ectrl,5,0,5,0.0
trouv,0,5,5,1.0
beehiv,0,5,5,1.0
millennia,1,4,5,0.8
anticoagul,0,5,5,1.0
cordillera,5,0,5,0.0
mccoppin,5,0,5,0.0
sloven,0,5,5,1.0
wanp,0,5,5,1.0
gunman,0,5,5,1.0
agreeemnt,5,0,5,0.0
famtriptravel,0,5,5,1.0
hadron,0,5,5,1.0
parekh,5,0,5,0.0
andar,0,5,5,1.0
penitentiari,0,5,5,1.0
erectionsbest,0,5,5,1.0
skar,5,0,5,0.0
blameworthi,0,5,5,1.0
altecom,0,5,5,1.0
mclane,5,0,5,0.0
madan,1,4,5,0.8
olav,0,5,5,1.0
momentarili,5,0,5,0.0
kasper,5,0,5,0.0
stroni,5,0,5,0.0
costi,0,5,5,1.0
chargeless,0,5,5,1.0
prie,0,5,5,1.0
technetium,0,5,5,1.0
tenfold,2,3,5,0.6
lizbeth,0,5,5,1.0
krakatoa,0,5,5,1.0
peregrin,0,5,5,1.0
heater,1,4,5,0.8
olkjer,5,0,5,0.0
meryl,4,1,5,0.2
glycogen,0,5,5,1.0
consolidationhom,0,5,5,1.0
rive,5,0,5,0.0
tempest,0,5,5,1.0
warp,1,4,5,0.8
suckl,0,5,5,1.0
infantri,0,5,5,1.0
lide,0,5,5,1.0
tconveri,5,0,5,0.0
tibet,0,5,5,1.0
quickinksonlin,0,5,5,1.0
rectori,0,5,5,1.0
wkd,5,0,5,0.0
gauteng,0,5,5,1.0
autier,5,0,5,0.0
tpnet,0,5,5,1.0
ndf,3,2,5,0.4
exet,1,4,5,0.8
logjam,2,3,5,0.6
cbp,0,5,5,1.0
demisc,0,5,5,1.0
dowitch,0,5,5,1.0
suffolk,2,3,5,0.6
discountinu,0,5,5,1.0
fnc,5,0,5,0.0
burbank,1,4,5,0.8
eslick,5,0,5,0.0
yucca,0,5,5,1.0
echidna,0,5,5,1.0
axcp,0,5,5,1.0
dishearten,2,3,5,0.6
mondial,0,5,5,1.0
midmonth,5,0,5,0.0
camper,3,2,5,0.4
tundra,0,5,5,1.0
marketmak,1,4,5,0.8
paperless,4,1,5,0.2
westlak,5,0,5,0.0
madamu,0,5,5,1.0
corzin,5,0,5,0.0
guali,5,0,5,0.0
bylem,5,0,5,0.0
hexachlorid,0,5,5,1.0
ningun,0,5,5,1.0
sempratrad,5,0,5,0.0
alias,1,4,5,0.8
optica,0,5,5,1.0
sorkina,5,0,5,0.0
dueli,0,5,5,1.0
plowshar,0,5,5,1.0
hund,1,4,5,0.8
reintroduc,4,1,5,0.2
colter,5,0,5,0.0
zco,4,1,5,0.2
conclusion,0,5,5,1.0
ombudsperson,0,5,5,1.0
istediginiz,0,5,5,1.0
ennron,5,0,5,0.0
qcc,0,5,5,1.0
tansil,0,5,5,1.0
doer,3,2,5,0.4
greeley,0,5,5,1.0
monasteri,0,5,5,1.0
pctv,0,5,5,1.0
tular,0,5,5,1.0
unqualifi,1,4,5,0.8
lander,2,3,5,0.6
teh,5,0,5,0.0
resubstanti,5,0,5,0.0
pimpl,0,5,5,1.0
swank,3,2,5,0.4
soccerl,0,5,5,1.0
ecstat,1,4,5,0.8
dtop,0,5,5,1.0
soundless,0,5,5,1.0
apb,4,1,5,0.2
similiar,5,0,5,0.0
trichloroethan,0,5,5,1.0
desej,0,5,5,1.0
slaveri,0,5,5,1.0
eservic,1,4,5,0.8
retort,0,5,5,1.0
femenino,0,5,5,1.0
lude,0,5,5,1.0
izatt,5,0,5,0.0
besten,3,2,5,0.4
conteúdo,0,5,5,1.0
clausen,1,4,5,0.8
otaylor,5,0,5,0.0
platitudin,0,5,5,1.0
lurch,2,3,5,0.6
pennington,5,0,5,0.0
storyclick,0,5,5,1.0
asher,0,5,5,1.0
insidi,0,5,5,1.0
malaria,0,5,5,1.0
fermion,0,5,5,1.0
shakespearian,0,5,5,1.0
peggotti,0,5,5,1.0
lamer,0,5,5,1.0
asc,0,5,5,1.0
defibril,5,0,5,0.0
seexx,0,5,5,1.0
lascivi,0,5,5,1.0
xaa,3,2,5,0.4
histo,0,5,5,1.0
ethica,0,5,5,1.0
downriv,0,5,5,1.0
kerygma,0,5,5,1.0
phyla,0,5,5,1.0
zacalechichi,0,5,5,1.0
jeszcz,5,0,5,0.0
steliar,0,5,5,1.0
offfmeebabyy,0,5,5,1.0
scrim,0,5,5,1.0
moderna,0,5,5,1.0
whomsoev,0,5,5,1.0
millman,0,5,5,1.0
shatavari,0,5,5,1.0
inord,0,5,5,1.0
partenair,0,5,5,1.0
wpe,0,5,5,1.0
veatch,5,0,5,0.0
trodden,0,5,5,1.0
alcoh,0,5,5,1.0
infocastinc,5,0,5,0.0
nexu,4,1,5,0.2
plastron,0,5,5,1.0
slung,0,5,5,1.0
koenigsberg,0,5,5,1.0
tenaci,1,4,5,0.8
knockout,1,4,5,0.8
karol,0,5,5,1.0
flimsi,1,4,5,0.8
edum,0,5,5,1.0
warnig,0,5,5,1.0
besstt,0,5,5,1.0
spinod,0,5,5,1.0
bohemian,0,5,5,1.0
reinhold,0,5,5,1.0
bridgewat,1,4,5,0.8
nog,0,5,5,1.0
harbach,5,0,5,0.0
hurta,5,0,5,0.0
dotcool,0,5,5,1.0
umbow,5,0,5,0.0
grumpi,1,4,5,0.8
viaggra,0,5,5,1.0
scubal,0,5,5,1.0
cacti,0,5,5,1.0
halsteadr,5,0,5,0.0
crud,0,5,5,1.0
smock,3,2,5,0.4
fascist,0,5,5,1.0
ogenyi,5,0,5,0.0
grvisit,0,5,5,1.0
handmaiden,0,5,5,1.0
boeotia,0,5,5,1.0
verstorben,0,5,5,1.0
scowl,1,4,5,0.8
dewhurst,5,0,5,0.0
bjd,5,0,5,0.0
frick,0,5,5,1.0
inderp,5,0,5,0.0
codeposit,0,5,5,1.0
rlm,5,0,5,0.0
iion,0,5,5,1.0
drumlin,0,5,5,1.0
unsign,4,1,5,0.2
laissez,2,3,5,0.6
iki,0,5,5,1.0
quay,0,5,5,1.0
alltheweb,0,5,5,1.0
symptomat,0,5,5,1.0
wastag,0,5,5,1.0
invertebr,0,5,5,1.0
lusti,0,5,5,1.0
bilgisayar,0,5,5,1.0
fistiana,0,5,5,1.0
unbil,5,0,5,0.0
machiavelli,0,5,5,1.0
dichondra,0,5,5,1.0
toastmast,0,5,5,1.0
sneer,0,5,5,1.0
hoodlum,0,5,5,1.0
hdmso,0,5,5,1.0
drugi,5,0,5,0.0
philodendron,0,5,5,1.0
snowden,4,1,5,0.2
aquarium,3,2,5,0.4
herschel,1,4,5,0.8
heaith,0,5,5,1.0
insecticid,0,5,5,1.0
frigidair,0,5,5,1.0
vacacion,0,5,5,1.0
splatterdash,0,5,5,1.0
ferneri,0,5,5,1.0
klussman,5,0,5,0.0
upn,0,5,5,1.0
biconcav,0,5,5,1.0
ispat,5,0,5,0.0
xanaxm,0,5,5,1.0
mandeep,5,0,5,0.0
maldistribut,0,5,5,1.0
stork,0,5,5,1.0
thabo,0,5,5,1.0
marrietta,0,5,5,1.0
pyrotechn,0,5,5,1.0
mmo,0,5,5,1.0
atención,0,5,5,1.0
decook,5,0,5,0.0
flujo,0,5,5,1.0
barium,0,5,5,1.0
experto,0,5,5,1.0
kudossweep,0,5,5,1.0
courtyard,1,4,5,0.8
vendredi,0,5,5,1.0
abboni,0,5,5,1.0
removall,0,5,5,1.0
adren,0,5,5,1.0
hansom,0,5,5,1.0
grover,0,5,5,1.0
painless,4,1,5,0.2
misinterpret,3,2,5,0.4
zahwa,0,5,5,1.0
parsley,0,5,5,1.0
tradicion,0,5,5,1.0
xmim,5,0,5,0.0
isranir,5,0,5,0.0
sarkissian,5,0,5,0.0
reiativ,0,5,5,1.0
yuobyher,0,5,5,1.0
ftn,5,0,5,0.0
ausnit,5,0,5,0.0
meador,5,0,5,0.0
postul,0,5,5,1.0
superannu,0,5,5,1.0
operationa,0,5,5,1.0
handsfre,0,5,5,1.0
whihc,5,0,5,0.0
woesom,0,5,5,1.0
synchroni,0,5,5,1.0
millar,5,0,5,0.0
cheater,0,5,5,1.0
vellum,0,5,5,1.0
inscribir,0,5,5,1.0
brainer,2,3,5,0.6
toothpick,0,5,5,1.0
icebox,0,5,5,1.0
sonya,3,2,5,0.4
podemo,0,5,5,1.0
sagaci,0,5,5,1.0
zotter,5,0,5,0.0
fialka,5,0,5,0.0
datenbank,0,5,5,1.0
sincerel,0,5,5,1.0
issyo,0,5,5,1.0
ludlow,0,5,5,1.0
biomedicom,0,5,5,1.0
zócalo,0,5,5,1.0
equipot,0,5,5,1.0
wexvd,0,5,5,1.0
incorrig,0,5,5,1.0
ono,2,3,5,0.6
neuhau,5,0,5,0.0
ploma,0,5,5,1.0
gasohol,0,5,5,1.0
wainwright,0,5,5,1.0
cascara,0,5,5,1.0
khake,5,0,5,0.0
utilizado,0,5,5,1.0
chome,5,0,5,0.0
sayl,5,0,5,0.0
seroiu,0,5,5,1.0
texlan,5,0,5,0.0
lombard,0,5,5,1.0
thrifti,2,3,5,0.6
sluic,0,5,5,1.0
dsbl,0,5,5,1.0
mgm,1,4,5,0.8
jowl,0,5,5,1.0
tamarack,0,5,5,1.0
mutandi,0,5,5,1.0
journa,0,5,5,1.0
tiim,0,5,5,1.0
footfal,0,5,5,1.0
gauguin,0,5,5,1.0
cowen,4,1,5,0.2
garvey,1,4,5,0.8
wheedl,0,5,5,1.0
heidelberg,0,5,5,1.0
nnco,0,5,5,1.0
realment,0,5,5,1.0
phthalat,0,5,5,1.0
galatia,0,5,5,1.0
viejo,0,5,5,1.0
claimer,0,5,5,1.0
tinsley,5,0,5,0.0
sicklewort,0,5,5,1.0
pail,0,5,5,1.0
pigpen,0,5,5,1.0
electronico,0,5,5,1.0
degiac,5,0,5,0.0
administración,0,5,5,1.0
koran,0,5,5,1.0
redskin,5,0,5,0.0
floc,0,5,5,1.0
toth,2,3,5,0.6
mrsa,0,5,5,1.0
planter,0,5,5,1.0
assetmain,0,5,5,1.0
secu,0,5,5,1.0
stl,0,5,5,1.0
mung,0,5,5,1.0
rutkowski,5,0,5,0.0
laplacian,0,5,5,1.0
krista,2,3,5,0.6
webd,0,5,5,1.0
sermocin,0,5,5,1.0
everson,0,5,5,1.0
simpiy,0,5,5,1.0
rafal,5,0,5,0.0
courson,0,5,5,1.0
firstworld,5,0,5,0.0
teapot,1,4,5,0.8
salutari,0,5,5,1.0
houten,5,0,5,0.0
johnna,5,0,5,0.0
rapier,0,5,5,1.0
pricest,0,5,5,1.0
atur,0,5,5,1.0
butternut,0,5,5,1.0
kraut,0,5,5,1.0
spindletop,5,0,5,0.0
twofold,1,4,5,0.8
lovelorn,0,5,5,1.0
rayleigh,0,5,5,1.0
tobiasmunk,5,0,5,0.0
unreport,3,2,5,0.4
schoolmarm,0,5,5,1.0
tho,3,2,5,0.4
hornblend,0,5,5,1.0
thrip,0,5,5,1.0
swerv,0,5,5,1.0
feagan,5,0,5,0.0
necklac,0,5,5,1.0
backhom,0,5,5,1.0
othello,1,4,5,0.8
zhiyun,5,0,5,0.0
bilhet,0,5,5,1.0
gadgetri,1,4,5,0.8
sarcast,0,5,5,1.0
falconbridg,0,5,5,1.0
nth,0,5,5,1.0
reinstaur,0,5,5,1.0
welton,5,0,5,0.0
firstipag,0,5,5,1.0
sinuou,0,5,5,1.0
nobil,0,5,5,1.0
kpeterso,5,0,5,0.0
molass,0,5,5,1.0
affor,0,5,5,1.0
nesta,0,5,5,1.0
heterodyn,0,5,5,1.0
lubel,0,5,5,1.0
infract,0,5,5,1.0
chooseno,0,5,5,1.0
arredondo,0,5,5,1.0
leafi,0,5,5,1.0
nveer,0,5,5,1.0
dcenterstrongfont,0,5,5,1.0
achat,0,5,5,1.0
millenia,0,5,5,1.0
gwihgwih,0,5,5,1.0
incandesc,0,5,5,1.0
garantia,0,5,5,1.0
alianza,0,5,5,1.0
semioblivi,0,5,5,1.0
thriti,0,5,5,1.0
stuffi,1,4,5,0.8
kormo,5,0,5,0.0
churchwomen,0,5,5,1.0
remodelación,0,5,5,1.0
ccmail,5,0,5,0.0
epilept,0,5,5,1.0
inboard,0,5,5,1.0
rubberi,0,5,5,1.0
yalta,0,5,5,1.0
arcado,0,5,5,1.0
uti,5,0,5,0.0
thirteenth,1,4,5,0.8
randa,5,0,5,0.0
blesi,5,0,5,0.0
jestesmi,5,0,5,0.0
chmielewski,5,0,5,0.0
spong,0,5,5,1.0
soliloquy,0,5,5,1.0
neater,0,5,5,1.0
ceck,0,5,5,1.0
zydeco,5,0,5,0.0
slosh,0,5,5,1.0
telefax,0,5,5,1.0
microcentrosom,0,5,5,1.0
holbrook,0,5,5,1.0
sidewis,0,5,5,1.0
scranton,0,5,5,1.0
engg,5,0,5,0.0
exorcist,0,5,5,1.0
jz,0,5,5,1.0
zucchini,0,5,5,1.0
siderit,0,5,5,1.0
kertz,5,0,5,0.0
hesperu,0,5,5,1.0
asx,0,5,5,1.0
entrar,0,5,5,1.0
scrotum,0,5,5,1.0
gasif,2,3,5,0.6
mycena,0,5,5,1.0
psychologist,0,5,5,1.0
brandnam,0,5,5,1.0
cpl,2,3,5,0.6
ciialli,0,5,5,1.0
ubswarburgenergi,5,0,5,0.0
speedo,0,5,5,1.0
pupal,0,5,5,1.0
shamrock,0,5,5,1.0
maricela,5,0,5,0.0
caseybil,0,5,5,1.0
lanam,5,0,5,0.0
urbana,0,5,5,1.0
nonrefund,5,0,5,0.0
inaptitud,0,5,5,1.0
slouch,2,3,5,0.6
multinomi,0,5,5,1.0
mealtim,0,5,5,1.0
fpua,5,0,5,0.0
hilar,0,5,5,1.0
larceni,0,5,5,1.0
bandyopadhyay,5,0,5,0.0
udoh,0,5,5,1.0
fercsr,5,0,5,0.0
neuroanatom,0,5,5,1.0
rkm,3,2,5,0.4
concierto,0,5,5,1.0
invitamo,0,5,5,1.0
godkin,0,5,5,1.0
theorem,1,4,5,0.8
solidli,5,0,5,0.0
baixar,0,5,5,1.0
lavel,1,4,5,0.8
serendipit,0,5,5,1.0
shortstop,0,5,5,1.0
stratum,0,5,5,1.0
fonga,0,5,5,1.0
garman,5,0,5,0.0
ddd,1,4,5,0.8
fortunemail,5,0,5,0.0
hooligan,0,5,5,1.0
immov,0,5,5,1.0
guuaarante,0,5,5,1.0
sawfish,0,5,5,1.0
tort,2,3,5,0.6
lethbridg,5,0,5,0.0
sotwar,0,5,5,1.0
cwihost,0,5,5,1.0
warmong,1,4,5,0.8
severest,0,5,5,1.0
stannic,0,5,5,1.0
sothebi,5,0,5,0.0
glv,0,5,5,1.0
brenton,3,2,5,0.4
ouut,0,5,5,1.0
mulct,0,5,5,1.0
foregang,0,5,5,1.0
bdgevorgian,5,0,5,0.0
exercício,0,5,5,1.0
olympu,0,5,5,1.0
ginni,3,2,5,0.4
lca,5,0,5,0.0
uranc,0,5,5,1.0
pragu,0,5,5,1.0
unassign,5,0,5,0.0
geaccon,5,0,5,0.0
strove,0,5,5,1.0
bipartisanship,5,0,5,0.0
zionism,0,5,5,1.0
viruz,0,5,5,1.0
magnu,0,5,5,1.0
searchlight,0,5,5,1.0
endevor,0,5,5,1.0
determinar,0,5,5,1.0
wuwei,5,0,5,0.0
posner,0,5,5,1.0
silveri,0,5,5,1.0
postfach,0,5,5,1.0
prihoda,5,0,5,0.0
fibrat,0,5,5,1.0
rosado,4,1,5,0.2
shovvroom,0,5,5,1.0
shyness,0,5,5,1.0
gaul,0,5,5,1.0
ofu,0,5,5,1.0
featherbrain,0,5,5,1.0
doehrman,5,0,5,0.0
tittl,5,0,5,0.0
midori,1,4,5,0.8
spinoff,3,2,5,0.4
midcoast,5,0,5,0.0
aradigm,5,0,5,0.0
bookservic,0,5,5,1.0
forrwarrd,0,5,5,1.0
airfield,0,5,5,1.0
sago,0,5,5,1.0
sinh,0,5,5,1.0
duse,0,5,5,1.0
kirchner,0,5,5,1.0
squibb,4,1,5,0.2
tenga,0,5,5,1.0
plafond,0,5,5,1.0
shortwav,0,5,5,1.0
gargantuan,0,5,5,1.0
sonnier,5,0,5,0.0
lookln,0,5,5,1.0
eigenst,0,5,5,1.0
outwardli,3,2,5,0.4
moto,0,5,5,1.0
zwischen,3,2,5,0.4
shaven,0,5,5,1.0
unitarian,0,5,5,1.0
scala,0,5,5,1.0
hotpop,0,5,5,1.0
nomenclatur,0,5,5,1.0
emarket,0,5,5,1.0
incluyen,0,5,5,1.0
uitim,0,5,5,1.0
wheatley,5,0,5,0.0
adedeji,5,0,5,0.0
typescript,0,5,5,1.0
topnotch,0,5,5,1.0
huxley,0,5,5,1.0
lymphoma,0,5,5,1.0
bollom,5,0,5,0.0
evolutionari,0,5,5,1.0
sativa,0,5,5,1.0
sandherr,5,0,5,0.0
jurass,0,5,5,1.0
robinhoo,0,5,5,1.0
aplic,0,5,5,1.0
adicionai,0,5,5,1.0
michelin,1,4,5,0.8
actipatch,0,5,5,1.0
ultrasound,2,3,5,0.6
overallot,5,0,5,0.0
gurgl,0,5,5,1.0
hydromet,0,5,5,1.0
corrigan,4,1,5,0.2
staccato,0,5,5,1.0
underw,3,2,5,0.4
moir,0,5,5,1.0
szkole,5,0,5,0.0
ctma,5,0,5,0.0
cadena,3,2,5,0.4
unsuccesful,0,5,5,1.0
accion,0,5,5,1.0
tivoli,5,0,5,0.0
piddl,0,5,5,1.0
sociabl,0,5,5,1.0
clapton,0,5,5,1.0
mcmorrow,5,0,5,0.0
manohar,5,0,5,0.0
maley,5,0,5,0.0
fealti,0,5,5,1.0
trashi,0,5,5,1.0
monsanto,0,5,5,1.0
reisz,5,0,5,0.0
dendrobian,0,5,5,1.0
arrestor,0,5,5,1.0
whup,0,5,5,1.0
carrefour,0,5,5,1.0
swindon,5,0,5,0.0
sicili,0,5,5,1.0
serviceberri,0,5,5,1.0
ctrc,5,0,5,0.0
tesco,2,3,5,0.6
hardscrabbl,0,5,5,1.0
frei,0,5,5,1.0
manna,0,5,5,1.0
scratchi,0,5,5,1.0
applicatiion,4,1,5,0.2
amarillonet,0,5,5,1.0
bandeja,0,5,5,1.0
spb,1,4,5,0.8
encumbr,0,5,5,1.0
allerd,1,4,5,0.8
tenormin,0,5,5,1.0
jefferid,5,0,5,0.0
dillig,2,3,5,0.6
aeruginosa,0,5,5,1.0
thuban,0,5,5,1.0
forbor,0,5,5,1.0
freethink,0,5,5,1.0
salesladi,0,5,5,1.0
histochem,0,5,5,1.0
honeysuckl,0,5,5,1.0
nlimit,0,5,5,1.0
onu,2,3,5,0.6
lowercas,4,1,5,0.2
shelia,3,2,5,0.4
stearon,0,5,5,1.0
symanteec,0,5,5,1.0
ó,0,5,5,1.0
laotian,0,5,5,1.0
corwin,3,2,5,0.4
poplar,1,4,5,0.8
cta,1,4,5,0.8
ringblom,5,0,5,0.0
gaudi,0,5,5,1.0
automática,0,5,5,1.0
doggett,5,0,5,0.0
abelson,0,5,5,1.0
hoyl,5,0,5,0.0
ladl,0,5,5,1.0
romulu,1,4,5,0.8
sumter,0,5,5,1.0
pompey,0,5,5,1.0
introducida,0,5,5,1.0
htmfont,0,5,5,1.0
punk,0,5,5,1.0
médico,0,5,5,1.0
duplicat,0,5,5,1.0
nix,3,2,5,0.4
serviett,0,5,5,1.0
religios,0,5,5,1.0
portraitur,0,5,5,1.0
emetra,5,0,5,0.0
jurisprudenti,0,5,5,1.0
webserv,0,5,5,1.0
rossi,2,3,5,0.6
proscript,0,5,5,1.0
vosko,5,0,5,0.0
contracted,0,5,5,1.0
gerenciador,0,5,5,1.0
opium,0,5,5,1.0
congen,0,5,5,1.0
tigress,0,5,5,1.0
euthanasia,0,5,5,1.0
edisonmiss,5,0,5,0.0
soldw,0,5,5,1.0
indentifi,2,3,5,0.6
esc,4,1,5,0.2
hysteria,1,4,5,0.8
hyacinth,0,5,5,1.0
franzen,2,3,5,0.6
lehr,5,0,5,0.0
euphoni,0,5,5,1.0
freemail,0,5,5,1.0
protozoa,0,5,5,1.0
directeur,0,5,5,1.0
hafslund,5,0,5,0.0
sheidun,5,0,5,0.0
decant,0,5,5,1.0
potenzon,5,0,5,0.0
orbitari,0,5,5,1.0
loy,0,5,5,1.0
polyhedra,0,5,5,1.0
kazarian,0,5,5,1.0
sifi,0,5,5,1.0
solch,3,2,5,0.4
desfibrilação,0,5,5,1.0
finaci,1,4,5,0.8
pullicino,5,0,5,0.0
leta,0,5,5,1.0
barrington,1,4,5,0.8
emitra,5,0,5,0.0
gilford,0,5,5,1.0
gratuita,0,5,5,1.0
spiel,1,4,5,0.8
furor,5,0,5,0.0
prosym,5,0,5,0.0
expoprod,0,5,5,1.0
switchman,0,5,5,1.0
dair,3,2,5,0.4
rumania,0,5,5,1.0
quetzal,0,5,5,1.0
transocean,1,4,5,0.8
haja,0,5,5,1.0
biometri,0,5,5,1.0
epperson,5,0,5,0.0
epistolatori,0,5,5,1.0
optizen,0,5,5,1.0
munt,5,0,5,0.0
chinastar,0,5,5,1.0
floweri,0,5,5,1.0
thatch,0,5,5,1.0
heusen,0,5,5,1.0
unscath,4,1,5,0.2
cohr,5,0,5,0.0
twitch,0,5,5,1.0
samuelson,2,3,5,0.6
lacerta,0,5,5,1.0
gambit,1,4,5,0.8
tindal,5,0,5,0.0
tuni,0,5,5,1.0
railbird,0,5,5,1.0
haydn,0,5,5,1.0
lotonazo,0,5,5,1.0
chaileng,0,5,5,1.0
plnnaccl,0,5,5,1.0
rozdzia,5,0,5,0.0
findet,0,5,5,1.0
narcosi,0,5,5,1.0
publicitario,0,5,5,1.0
hzol,0,5,5,1.0
legibl,0,5,5,1.0
mambo,0,5,5,1.0
latent,1,4,5,0.8
huntco,5,0,5,0.0
femur,0,5,5,1.0
wrw,0,5,5,1.0
odysseu,0,5,5,1.0
woodcock,1,4,5,0.8
wng,0,5,5,1.0
marcha,0,5,5,1.0
marlborough,0,5,5,1.0
descontado,0,5,5,1.0
alth,0,5,5,1.0
derbyshir,0,5,5,1.0
mare,0,5,5,1.0
dahlberg,5,0,5,0.0
speckl,0,5,5,1.0
poloponi,0,5,5,1.0
mathia,0,5,5,1.0
customerss,0,5,5,1.0
phosphat,0,5,5,1.0
antiterror,5,0,5,0.0
línea,0,5,5,1.0
flycatch,0,5,5,1.0
eshopkey,0,5,5,1.0
daño,0,5,5,1.0
heckerman,5,0,5,0.0
overvveight,0,5,5,1.0
znalezc,5,0,5,0.0
precancel,0,5,5,1.0
rubicund,0,5,5,1.0
lewiston,0,5,5,1.0
metabolit,0,5,5,1.0
cuilla,5,0,5,0.0
oint,0,5,5,1.0
osu,3,2,5,0.4
hoppl,0,5,5,1.0
audiovox,0,5,5,1.0
whosoev,0,5,5,1.0
embarss,0,5,5,1.0
perforc,0,5,5,1.0
repetiti,0,5,5,1.0
koninklijk,1,4,5,0.8
qeti,0,5,5,1.0
polyhymnia,0,5,5,1.0
grindston,0,5,5,1.0
isinglass,0,5,5,1.0
illusionari,0,5,5,1.0
fotografía,0,5,5,1.0
savoy,1,4,5,0.8
paranoid,2,3,5,0.6
ffree,0,5,5,1.0
glaucophanit,0,5,5,1.0
obduraci,0,5,5,1.0
insuffer,0,5,5,1.0
shifti,0,5,5,1.0
noticepend,0,5,5,1.0
maurer,4,1,5,0.2
cavendish,1,4,5,0.8
helic,0,5,5,1.0
imperm,0,5,5,1.0
heraclitu,0,5,5,1.0
endogenet,0,5,5,1.0
wehn,4,1,5,0.2
telphon,0,5,5,1.0
affilli,0,5,5,1.0
dikeman,5,0,5,0.0
dembo,5,0,5,0.0
naviga,0,5,5,1.0
freepag,0,5,5,1.0
sollen,0,5,5,1.0
unfin,5,0,5,0.0
outta,3,2,5,0.4
somal,0,5,5,1.0
seinen,0,5,5,1.0
iom,4,1,5,0.2
dagogo,4,1,5,0.2
rime,0,5,5,1.0
ontogeni,0,5,5,1.0
printmak,2,3,5,0.6
justificacion,0,5,5,1.0
dicarlo,4,1,5,0.2
thosand,0,5,5,1.0
dooryard,0,5,5,1.0
camelish,0,5,5,1.0
skibbi,0,5,5,1.0
abona,0,5,5,1.0
bestimmt,3,2,5,0.4
mountaintop,5,0,5,0.0
kazoo,0,5,5,1.0
campfir,0,5,5,1.0
sergeant,0,5,5,1.0
elec,4,1,5,0.2
grocer,0,5,5,1.0
anomi,0,5,5,1.0
citric,0,5,5,1.0
reec,4,1,5,0.2
pajama,0,5,5,1.0
exurban,0,5,5,1.0
haritaki,0,5,5,1.0
tarri,0,5,5,1.0
coachabl,0,5,5,1.0
vocat,4,1,5,0.2
parkinson,0,5,5,1.0
opuc,5,0,5,0.0
modo,0,5,5,1.0
heterosexu,0,5,5,1.0
glycosid,0,5,5,1.0
bandini,5,0,5,0.0
armour,0,5,5,1.0
investec,3,2,5,0.4
lennox,1,4,5,0.8
medtron,1,4,5,0.8
demographi,0,5,5,1.0
bubba,5,0,5,0.0
royalm,0,5,5,1.0
irremedi,0,5,5,1.0
maildrop,0,5,5,1.0
brbrbrbrbrbrbr,0,5,5,1.0
agrmt,5,0,5,0.0
chilton,5,0,5,0.0
specular,0,5,5,1.0
pmh,4,1,5,0.2
tsteel,5,0,5,0.0
menial,0,5,5,1.0
buttrick,0,5,5,1.0
trb,1,4,5,0.8
nordest,3,2,5,0.4
marseil,0,5,5,1.0
qaeda,5,0,5,0.0
hardboil,0,5,5,1.0
parabola,0,5,5,1.0
tenderfoot,0,5,5,1.0
berkin,0,5,5,1.0
exclusionari,0,5,5,1.0
arguijo,5,0,5,0.0
bmar,5,0,5,0.0
theretofor,0,5,5,1.0
vatican,0,5,5,1.0
hippo,0,5,5,1.0
pressroom,5,0,5,0.0
worldpow,5,0,5,0.0
grist,0,5,5,1.0
monmouth,1,4,5,0.8
thymin,0,5,5,1.0
midc,5,0,5,0.0
pelham,0,5,5,1.0
vakharia,5,0,5,0.0
florentin,0,5,5,1.0
frostbitten,0,5,5,1.0
ethnobotan,0,5,5,1.0
convair,0,5,5,1.0
stalford,5,0,5,0.0
overpul,5,0,5,0.0
molestia,0,5,5,1.0
assembi,0,5,5,1.0
beter,1,4,5,0.8
seigl,5,0,5,0.0
prebon,5,0,5,0.0
ketosi,0,5,5,1.0
tbal,5,0,5,0.0
brlearn,0,5,5,1.0
hyewon,0,5,5,1.0
pokerunn,0,5,5,1.0
ningn,0,5,5,1.0
chaaaaang,0,5,5,1.0
myopia,0,5,5,1.0
wlasni,0,5,5,1.0
notorieti,1,4,5,0.8
cge,5,0,5,0.0
aviv,0,5,5,1.0
fiori,0,5,5,1.0
eratosthen,0,5,5,1.0
gigh,0,5,5,1.0
politburo,0,5,5,1.0
wilbur,1,4,5,0.8
billionth,0,5,5,1.0
directhttp,0,5,5,1.0
cpt,5,0,5,0.0
muhl,5,0,5,0.0
stronk,0,5,5,1.0
cntimo,0,5,5,1.0
metasolv,5,0,5,0.0
clanci,0,5,5,1.0
sonic,0,5,5,1.0
tuscarora,1,4,5,0.8
sovereignti,0,5,5,1.0
discu,1,4,5,0.8
considerar,0,5,5,1.0
epr,4,1,5,0.2
moser,0,5,5,1.0
roddick,1,4,5,0.8
maw,2,3,5,0.6
txuenergi,5,0,5,0.0
wolni,1,4,5,0.8
gmac,5,0,5,0.0
oerst,0,5,5,1.0
breathi,0,5,5,1.0
meinen,1,4,5,0.8
kmow,5,0,5,0.0
psychiatrist,0,5,5,1.0
epipi,0,5,5,1.0
ginti,5,0,5,0.0
bistat,0,5,5,1.0
underclassmen,0,5,5,1.0
upton,0,5,5,1.0
sharecrop,0,5,5,1.0
berm,0,5,5,1.0
hardboard,0,5,5,1.0
clamb,0,5,5,1.0
ziemlich,0,5,5,1.0
splice,1,4,5,0.8
glutin,0,5,5,1.0
huckleberri,0,5,5,1.0
extirp,0,5,5,1.0
mutagen,0,5,5,1.0
mucilag,0,5,5,1.0
varsiti,2,3,5,0.6
aunti,0,5,5,1.0
ibg,0,5,5,1.0
bankrol,0,5,5,1.0
lolli,0,5,5,1.0
thorstein,0,5,5,1.0
seaborn,0,5,5,1.0
confist,0,5,5,1.0
adambob,5,0,5,0.0
wien,4,1,5,0.2
yarmouth,0,5,5,1.0
lightfac,0,5,5,1.0
bmc,5,0,5,0.0
prologu,0,5,5,1.0
quadratur,1,4,5,0.8
loni,0,5,5,1.0
alleghenyenergi,5,0,5,0.0
hoofmark,0,5,5,1.0
functori,0,5,5,1.0
lossi,0,5,5,1.0
tideland,0,5,5,1.0
volatilit,5,0,5,0.0
scull,0,5,5,1.0
ueckert,5,0,5,0.0
brysch,5,0,5,0.0
lyne,4,1,5,0.2
utilizam,0,5,5,1.0
strate,5,0,5,0.0
ringlet,0,5,5,1.0
orthant,0,5,5,1.0
ucu,5,0,5,0.0
pgl,4,1,5,0.2
registerd,0,5,5,1.0
kaseko,0,5,5,1.0
conic,0,5,5,1.0
soidier,0,5,5,1.0
strident,0,5,5,1.0
hovv,0,5,5,1.0
vito,0,5,5,1.0
gfergu,5,0,5,0.0
verisimilitud,0,5,5,1.0
hereditari,0,5,5,1.0
vann,4,1,5,0.2
filmi,0,5,5,1.0
rockk,0,5,5,1.0
overwork,1,4,5,0.8
psychotherapeut,0,5,5,1.0
roic,5,0,5,0.0
saln,0,5,5,1.0
loess,0,5,5,1.0
transgress,1,4,5,0.8
drachasha,0,5,5,1.0
authorityt,0,5,5,1.0
unita,0,5,5,1.0
postadr,0,5,5,1.0
spici,1,4,5,0.8
gbi,0,5,5,1.0
niagara,4,1,5,0.2
peaceabl,0,5,5,1.0
mortgage,0,5,5,1.0
stylelog,5,0,5,0.0
jeder,0,5,5,1.0
flacon,0,5,5,1.0
mervin,0,5,5,1.0
phagocyt,0,5,5,1.0
balko,0,5,5,1.0
plagiar,0,5,5,1.0
algin,0,5,5,1.0
scotiamocatta,5,0,5,0.0
equaili,0,5,5,1.0
fielder,5,0,5,0.0
mee,2,3,5,0.6
gulfstream,5,0,5,0.0
lavoro,3,2,5,0.4
bodikin,0,5,5,1.0
cathedral,0,5,5,1.0
anwalt,0,5,5,1.0
sputnik,0,5,5,1.0
tsj,0,5,5,1.0
fone,0,5,5,1.0
midtown,3,2,5,0.4
capstan,0,5,5,1.0
chrisman,5,0,5,0.0
farragut,0,5,5,1.0
saron,0,5,5,1.0
halit,0,5,5,1.0
oftentim,0,5,5,1.0
decemberl,1,4,5,0.8
noowe,0,5,5,1.0
guignol,0,5,5,1.0
srv,0,5,5,1.0
columbin,0,5,5,1.0
hazili,5,0,5,0.0
hotbot,1,4,5,0.8
quer,0,5,5,1.0
sellout,1,4,5,0.8
ultimateiy,0,5,5,1.0
iliac,0,5,5,1.0
goggin,0,5,5,1.0
thoriat,0,5,5,1.0
lla,4,1,5,0.2
savel,0,5,5,1.0
thermogen,0,5,5,1.0
hinet,0,5,5,1.0
scallop,0,5,5,1.0
rabv,0,5,5,1.0
uptick,3,2,5,0.4
spiki,0,5,5,1.0
kissner,5,0,5,0.0
pritchard,2,3,5,0.6
hereadv,0,5,5,1.0
strongiy,0,5,5,1.0
zloti,1,4,5,0.8
discord,0,5,5,1.0
policemen,0,5,5,1.0
pagin,0,5,5,1.0
yeap,0,5,5,1.0
shockley,0,5,5,1.0
peritect,0,5,5,1.0
iepa,5,0,5,0.0
proteas,0,5,5,1.0
mozliwosci,5,0,5,0.0
yearbook,0,5,5,1.0
aderso,0,5,5,1.0
unattend,2,3,5,0.6
inclua,0,5,5,1.0
pujol,0,5,5,1.0
telkom,0,5,5,1.0
sista,5,0,5,0.0
noos,0,5,5,1.0
reprov,1,4,5,0.8
houlihan,4,1,5,0.2
ideaili,0,5,5,1.0
subdirectori,5,0,5,0.0
broil,0,5,5,1.0
presscippt,0,5,5,1.0
miocen,0,5,5,1.0
axel,2,3,5,0.6
flashback,1,4,5,0.8
meow,0,5,5,1.0
johnsen,0,5,5,1.0
tnob,5,0,5,0.0
standish,1,4,5,0.8
pseudomorph,0,5,5,1.0
emeka,0,5,5,1.0
plantz,0,5,5,1.0
prig,0,5,5,1.0
pillag,1,4,5,0.8
tektronix,3,2,5,0.4
valedictorian,0,5,5,1.0
hillsid,0,5,5,1.0
tailorless,0,5,5,1.0
etoco,5,0,5,0.0
frosti,0,5,5,1.0
ubn,0,5,5,1.0
autorizacin,0,5,5,1.0
trolley,3,2,5,0.4
hinterland,0,5,5,1.0
businesslin,5,0,5,0.0
atencin,0,5,5,1.0
paddock,2,3,5,0.6
widowhood,0,5,5,1.0
sipc,3,2,5,0.4
solarisexpert,0,5,5,1.0
inhospit,0,5,5,1.0
unveii,0,5,5,1.0
mullein,0,5,5,1.0
computadora,0,5,5,1.0
guadett,5,0,5,0.0
fiefdom,1,4,5,0.8
wearisom,0,5,5,1.0
paaaaain,0,5,5,1.0
ino,1,4,5,0.8
jag,0,5,5,1.0
gullah,0,5,5,1.0
willperiod,0,5,5,1.0
incentr,5,0,5,0.0
atentament,0,5,5,1.0
stingl,0,5,5,1.0
colectiva,0,5,5,1.0
lazybon,0,5,5,1.0
lovingli,5,0,5,0.0
ectoderm,0,5,5,1.0
especia,0,5,5,1.0
bharsh,5,0,5,0.0
gdo,0,5,5,1.0
powermod,5,0,5,0.0
wrt,5,0,5,0.0
glue,1,4,5,0.8
geeet,0,5,5,1.0
nader,5,0,5,0.0
precinct,3,2,5,0.4
titil,0,5,5,1.0
recei,0,5,5,1.0
locutor,0,5,5,1.0
doldan,0,5,5,1.0
formeriy,0,5,5,1.0
inr,3,2,5,0.4
histogram,2,3,5,0.6
juiceman,0,5,5,1.0
ubu,0,5,5,1.0
dogfish,0,5,5,1.0
grovel,0,5,5,1.0
applym,0,5,5,1.0
webschedul,5,0,5,0.0
protestor,4,1,5,0.2
isom,0,5,5,1.0
analizi,5,0,5,0.0
underweight,5,0,5,0.0
ledieskey,0,5,5,1.0
dubious,3,2,5,0.4
mpl,2,3,5,0.6
dezemb,3,2,5,0.4
similitud,0,5,5,1.0
gscm,5,0,5,0.0
jojo,0,5,5,1.0
lufthansa,2,3,5,0.6
mmx,0,5,5,1.0
erleb,0,5,5,1.0
hellish,1,4,5,0.8
rebirth,1,4,5,0.8
glossa,0,5,5,1.0
esca,5,0,5,0.0
nwp,5,0,5,0.0
strabism,0,5,5,1.0
examen,0,5,5,1.0
secess,2,3,5,0.6
middlesboro,0,5,5,1.0
rooftre,0,5,5,1.0
bigwig,4,1,5,0.2
scooter,2,3,5,0.6
shepard,2,3,5,0.6
replicca,0,5,5,1.0
havent,3,2,5,0.4
nwa,0,5,5,1.0
halverson,0,5,5,1.0
roomer,5,0,5,0.0
inconvien,1,4,5,0.8
responsevivek,0,5,5,1.0
wendt,5,0,5,0.0
colvil,0,5,5,1.0
mysexgirli,0,5,5,1.0
fogi,0,5,5,1.0
directorship,5,0,5,0.0
navel,0,5,5,1.0
gluey,0,5,5,1.0
cartero,0,5,5,1.0
tripod,0,5,5,1.0
fireboat,0,5,5,1.0
marcinkowski,5,0,5,0.0
signpost,4,1,5,0.2
antihemagglutinin,0,5,5,1.0
trytophan,0,5,5,1.0
mendelssohn,0,5,5,1.0
garvin,5,0,5,0.0
associao,0,5,5,1.0
milenia,5,0,5,0.0
seiection,0,5,5,1.0
shibboleth,0,5,5,1.0
licciardo,5,0,5,0.0
cadeau,0,5,5,1.0
profesor,0,5,5,1.0
alittl,2,3,5,0.6
bourga,0,5,5,1.0
charliel,0,5,5,1.0
satieti,0,5,5,1.0
trailhead,0,5,5,1.0
comit,0,5,5,1.0
shadi,1,4,5,0.8
omnipres,1,4,5,0.8
scylla,0,5,5,1.0
northerli,0,5,5,1.0
hunek,5,0,5,0.0
costantino,5,0,5,0.0
ballad,0,5,5,1.0
kiefner,0,5,5,1.0
cpprove,0,5,5,1.0
gusti,0,5,5,1.0
ampute,0,5,5,1.0
poinsettia,0,5,5,1.0
salisha,5,0,5,0.0
logit,3,2,5,0.4
api,3,2,5,0.4
fahey,1,4,5,0.8
bfi,0,5,5,1.0
ize,0,5,5,1.0
histamin,0,5,5,1.0
aggr,5,0,5,0.0
steen,3,2,5,0.4
runic,0,5,5,1.0
rakish,2,3,5,0.6
netherworld,0,5,5,1.0
cripp,5,0,5,0.0
ecpc,5,0,5,0.0
vlagro,0,5,5,1.0
ballestero,1,4,5,0.8
rewrot,5,0,5,0.0
mccoll,0,5,5,1.0
hunan,0,5,5,1.0
sibb,0,5,5,1.0
shoud,5,0,5,0.0
nonreg,0,5,5,1.0
jurvetson,5,0,5,0.0
gipson,5,0,5,0.0
luebber,5,0,5,0.0
dungeon,0,5,5,1.0
frey,0,5,5,1.0
seq,4,1,5,0.2
quizzic,0,5,5,1.0
darmow,0,5,5,1.0
inexhaust,0,5,5,1.0
nyg,4,1,5,0.2
sniffl,0,5,5,1.0
mtl,4,1,5,0.2
dewbr,5,0,5,0.0
sergei,0,5,5,1.0
leftward,0,5,5,1.0
jturco,0,5,5,1.0
ecstasi,0,5,5,1.0
bcu,4,1,5,0.2
fischbein,0,5,5,1.0
lonsdal,5,0,5,0.0
fapsa,5,0,5,0.0
winstal,5,0,5,0.0
ownerstoshiba,0,5,5,1.0
dayonlin,0,5,5,1.0
resp,4,1,5,0.2
somali,0,5,5,1.0
homm,0,5,5,1.0
commercialis,5,0,5,0.0
sentir,0,5,5,1.0
industrialinfo,5,0,5,0.0
judah,4,1,5,0.2
onpeak,5,0,5,0.0
uter,0,5,5,1.0
wsengi,5,0,5,0.0
papillari,0,5,5,1.0
oblong,0,5,5,1.0
oratorio,0,5,5,1.0
hernia,1,4,5,0.8
throwback,1,4,5,0.8
grower,2,3,5,0.6
bogota,0,5,5,1.0
zachariah,0,5,5,1.0
fio,0,5,5,1.0
salsifi,0,5,5,1.0
jolla,1,4,5,0.8
beinterrupt,0,5,5,1.0
aggrag,5,0,5,0.0
tetanu,0,5,5,1.0
reinstal,5,0,5,0.0
solventar,0,5,5,1.0
hysteresi,0,5,5,1.0
eminem,0,5,5,1.0
queasi,0,5,5,1.0
probl,0,5,5,1.0
knave,0,5,5,1.0
mailroom,5,0,5,0.0
llfe,0,5,5,1.0
seater,0,5,5,1.0
yardstick,3,2,5,0.4
karolyi,5,0,5,0.0
sinistr,0,5,5,1.0
truro,5,0,5,0.0
quadripartit,0,5,5,1.0
paterson,1,4,5,0.8
anapterygot,0,5,5,1.0
rebacke,0,5,5,1.0
comr,0,5,5,1.0
waymark,5,0,5,0.0
hiram,0,5,5,1.0
preset,2,3,5,0.6
iag,0,5,5,1.0
mccallum,0,5,5,1.0
baumann,5,0,5,0.0
ubsintegr,5,0,5,0.0
subroto,5,0,5,0.0
rhododendron,0,5,5,1.0
roustabout,0,5,5,1.0
warhead,0,5,5,1.0
humidifi,0,5,5,1.0
vacuol,0,5,5,1.0
mycont,5,0,5,0.0
javascript,0,5,5,1.0
plumbago,0,5,5,1.0
schooner,0,5,5,1.0
cheapsoftshop,0,5,5,1.0
salvator,0,5,5,1.0
enfrentar,0,5,5,1.0
rudder,1,4,5,0.8
stereognost,0,5,5,1.0
flnanc,0,5,5,1.0
serap,0,5,5,1.0
lodowick,0,5,5,1.0
dayangd,5,0,5,0.0
parameter,0,5,5,1.0
gruber,5,0,5,0.0
runneth,0,5,5,1.0
palmpilot,0,5,5,1.0
shill,1,4,5,0.8
horbal,0,5,5,1.0
sidney,4,1,5,0.2
locknut,0,5,5,1.0
octav,0,5,5,1.0
smallcompani,0,5,5,1.0
algol,0,5,5,1.0
hjm,5,0,5,0.0
skulk,0,5,5,1.0
raheem,3,2,5,0.4
pawar,5,0,5,0.0
ncar,0,5,5,1.0
enr,5,0,5,0.0
stio,0,5,5,1.0
emchombo,5,0,5,0.0
fuchsia,1,4,5,0.8
glaa,5,0,5,0.0
olivustea,0,5,5,1.0
cataiyst,0,5,5,1.0
fuera,0,5,5,1.0
harman,4,1,5,0.2
humankind,0,5,5,1.0
odi,0,5,5,1.0
boettcher,5,0,5,0.0
poc,3,2,5,0.4
rocker,1,4,5,0.8
charrg,0,5,5,1.0
sturgeon,0,5,5,1.0
munarin,0,5,5,1.0
sensorimotor,0,5,5,1.0
noeoo,0,5,5,1.0
yardag,0,5,5,1.0
flit,0,5,5,1.0
gardena,0,5,5,1.0
fierob,0,5,5,1.0
presumptu,0,5,5,1.0
brushwork,0,5,5,1.0
amiray,0,5,5,1.0
fairgoer,0,5,5,1.0
touchston,0,5,5,1.0
stirrup,0,5,5,1.0
radiotelephon,0,5,5,1.0
urchin,0,5,5,1.0
nco,0,5,5,1.0
relihan,5,0,5,0.0
huffsmith,5,0,5,0.0
ingdirect,0,5,5,1.0
experienti,0,5,5,1.0
hymen,0,5,5,1.0
sulphoazot,0,5,5,1.0
collateralis,5,0,5,0.0
mcvey,5,0,5,0.0
duquesn,0,5,5,1.0
chmn,5,0,5,0.0
sandpoint,0,5,5,1.0
alvaro,0,5,5,1.0
assetid,0,5,5,1.0
flnanclng,0,5,5,1.0
thunderbal,5,0,5,0.0
psychoanalyst,0,5,5,1.0
aql,0,5,5,1.0
riverin,0,5,5,1.0
polarogram,0,5,5,1.0
anteroom,0,5,5,1.0
spaeth,5,0,5,0.0
humboldt,0,5,5,1.0
frambesia,0,5,5,1.0
dreamwork,0,5,5,1.0
maktoob,0,5,5,1.0
juju,0,5,5,1.0
nothin,4,1,5,0.2
middleburi,3,2,5,0.4
lyonnais,5,0,5,0.0
fak,0,5,5,1.0
leadersx,0,5,5,1.0
dollarmonst,0,5,5,1.0
refectori,0,5,5,1.0
leavenworth,1,4,5,0.8
leadlng,0,5,5,1.0
nlb,0,5,5,1.0
mili,1,4,5,0.8
ivor,0,5,5,1.0
lcl,0,5,5,1.0
altemu,0,5,5,1.0
febril,0,5,5,1.0
merlyn,5,0,5,0.0
bentham,0,5,5,1.0
madro,5,0,5,0.0
freewheel,4,1,5,0.2
swahili,0,5,5,1.0
hideaway,0,5,5,1.0
referenti,2,3,5,0.6
tangi,3,2,5,0.4
junket,3,2,5,0.4
nfj,0,5,5,1.0
apropo,0,5,5,1.0
levasseur,0,5,5,1.0
weierstrass,0,5,5,1.0
wapiti,0,5,5,1.0
hotvsnot,0,5,5,1.0
snp,1,4,5,0.8
deprec,0,5,5,1.0
belshazzar,0,5,5,1.0
belohnung,0,5,5,1.0
hemingway,0,5,5,1.0
indochines,0,5,5,1.0
benzedrin,0,5,5,1.0
nitroglycerin,0,5,5,1.0
galliv,0,5,5,1.0
nodul,0,5,5,1.0
daria,0,5,5,1.0
sinai,0,5,5,1.0
woodsh,0,5,5,1.0
lite,3,2,5,0.4
sorti,0,5,5,1.0
sophoclean,0,5,5,1.0
ultraenthusiast,0,5,5,1.0
sworn,1,4,5,0.8
selenium,0,5,5,1.0
montar,0,5,5,1.0
rectangl,0,5,5,1.0
republish,1,4,5,0.8
znalazlam,0,5,5,1.0
wieder,0,5,5,1.0
noxiou,1,4,5,0.8
healthiest,1,4,5,0.8
asb,5,0,5,0.0
singla,5,0,5,0.0
mday,5,0,5,0.0
vislt,0,5,5,1.0
brae,0,5,5,1.0
lobat,0,5,5,1.0
barfield,0,5,5,1.0
summerholiday,0,5,5,1.0
paperlesspobox,0,5,5,1.0
nowspec,0,5,5,1.0
recast,2,3,5,0.6
cuprou,0,5,5,1.0
titleal,0,5,5,1.0
ritual,0,5,5,1.0
sextillion,0,5,5,1.0
cashmer,0,5,5,1.0
cbo,4,1,5,0.2
gunflint,0,5,5,1.0
lank,0,5,5,1.0
skidoo,0,5,5,1.0
capistrano,0,5,5,1.0
gestin,0,5,5,1.0
myocardi,0,5,5,1.0
landhold,0,5,5,1.0
amla,0,5,5,1.0
infinitum,0,5,5,1.0
antrag,0,5,5,1.0
regulu,0,5,5,1.0
hazi,0,5,5,1.0
visita,0,5,5,1.0
elrod,5,0,5,0.0
tuscaloosa,0,5,5,1.0
knurl,0,5,5,1.0
agenzia,0,5,5,1.0
strabismu,0,5,5,1.0
ejot,5,0,5,0.0
metarout,5,0,5,0.0
necessist,0,5,5,1.0
teensi,0,5,5,1.0
decipher,0,5,5,1.0
ilustrativo,0,5,5,1.0
ahold,4,1,5,0.2
glandular,0,5,5,1.0
charitywerk,0,5,5,1.0
fuehn,5,0,5,0.0
galactos,0,5,5,1.0
szanowni,5,0,5,0.0
lakeisha,0,5,5,1.0
koskin,0,5,5,1.0
smelt,2,3,5,0.6
hre,0,5,5,1.0
maitr,0,5,5,1.0
woch,0,5,5,1.0
amtel,5,0,5,0.0
lehigh,0,5,5,1.0
whish,0,5,5,1.0
carlen,1,4,5,0.8
sonneborn,5,0,5,0.0
trigram,0,5,5,1.0
quimica,0,5,5,1.0
nkosi,0,5,5,1.0
dtel,0,5,5,1.0
manriqu,5,0,5,0.0
incombust,0,5,5,1.0
stoplight,4,1,5,0.2
oyou,0,5,5,1.0
metallographi,0,5,5,1.0
divulgao,0,5,5,1.0
calai,0,5,5,1.0
stoner,0,5,5,1.0
britann,0,5,5,1.0
genius,3,2,5,0.4
pilger,0,5,5,1.0
havertown,0,5,5,1.0
labrador,1,4,5,0.8
etf,0,5,5,1.0
bofa,5,0,5,0.0
mailhost,1,4,5,0.8
sayr,5,0,5,0.0
moat,0,5,5,1.0
localización,0,5,5,1.0
flashnet,5,0,5,0.0
surest,3,2,5,0.4
pedobaptist,0,5,5,1.0
puckett,5,0,5,0.0
dwl,0,5,5,1.0
clothbound,0,5,5,1.0
stubborn,1,4,5,0.8
aall,0,5,5,1.0
masterl,0,5,5,1.0
kearney,4,1,5,0.2
incrimin,1,4,5,0.8
milder,4,1,5,0.2
ironsid,0,5,5,1.0
elifrit,5,0,5,0.0
carranza,4,1,5,0.2
ssist,1,4,5,0.8
fovea,0,5,5,1.0
sauna,0,5,5,1.0
rxbarginz,0,5,5,1.0
shachov,5,0,5,0.0
pettit,5,0,5,0.0
troglodyt,0,5,5,1.0
tenac,1,4,5,0.8
jettk,5,0,5,0.0
mbothwel,5,0,5,0.0
neurophysiolog,0,5,5,1.0
zunaechst,3,2,5,0.4
vishnu,0,5,5,1.0
sab,1,4,5,0.8
soundli,1,4,5,0.8
stocksolut,0,5,5,1.0
icaru,1,4,5,0.8
gemacht,0,5,5,1.0
machinelik,0,5,5,1.0
muriat,0,5,5,1.0
apk,5,0,5,0.0
sprdopt,5,0,5,0.0
flail,0,5,5,1.0
sophocl,0,5,5,1.0
conveyor,0,5,5,1.0
aftershock,4,1,5,0.2
pumper,5,0,5,0.0
predessor,0,5,5,1.0
syntact,0,5,5,1.0
exasperat,0,5,5,1.0
hesr,0,5,5,1.0
highhand,0,5,5,1.0
gesticul,0,5,5,1.0
idahopow,5,0,5,0.0
junta,0,5,5,1.0
wicku,5,0,5,0.0
stannou,0,5,5,1.0
interplay,4,1,5,0.2
hagelman,5,0,5,0.0
buhler,5,0,5,0.0
livingston,2,3,5,0.6
brokaw,3,2,5,0.4
sobriquet,0,5,5,1.0
mandela,2,3,5,0.6
kikuyu,0,5,5,1.0
gypsi,0,5,5,1.0
enpwer,5,0,5,0.0
verdienst,0,5,5,1.0
wisp,0,5,5,1.0
ginn,0,5,5,1.0
haploid,0,5,5,1.0
lda,1,4,5,0.8
sophia,0,5,5,1.0
netout,5,0,5,0.0
gog,0,5,5,1.0
fudici,0,5,5,1.0
sewerag,0,5,5,1.0
enronexec,5,0,5,0.0
cholo,0,5,5,1.0
nextcard,5,0,5,0.0
renom,5,0,5,0.0
trendi,0,5,5,1.0
principio,0,5,5,1.0
taiichi,5,0,5,0.0
sawtooth,0,5,5,1.0
petul,0,5,5,1.0
bbq,4,1,5,0.2
caixa,0,5,5,1.0
vec,0,5,5,1.0
objector,0,5,5,1.0
flyway,0,5,5,1.0
heroicli,0,5,5,1.0
dalecka,5,0,5,0.0
maggot,0,5,5,1.0
hardcov,0,5,5,1.0
ineff,0,5,5,1.0
sightseer,0,5,5,1.0
rpt,5,0,5,0.0
sib,0,5,5,1.0
zion,1,4,5,0.8
tradeoff,2,3,5,0.6
dolium,0,5,5,1.0
junek,5,0,5,0.0
marguerit,0,5,5,1.0
localidad,0,5,5,1.0
rockford,2,3,5,0.6
interlink,4,1,5,0.2
scarsdal,0,5,5,1.0
keynesian,0,5,5,1.0
soror,0,5,5,1.0
stardom,0,5,5,1.0
weg,0,5,5,1.0
stow,1,4,5,0.8
willb,0,5,5,1.0
ostrich,1,4,5,0.8
sprain,0,5,5,1.0
wyli,3,2,5,0.4
grinch,2,3,5,0.6
metallica,0,5,5,1.0
mycobacteria,0,5,5,1.0
smug,1,4,5,0.8
enviarno,0,5,5,1.0
sse,0,5,5,1.0
methacryl,0,5,5,1.0
businessito,0,5,5,1.0
loglin,0,5,5,1.0
corrient,0,5,5,1.0
venlo,0,5,5,1.0
inculc,0,5,5,1.0
almi,0,5,5,1.0
featheri,0,5,5,1.0
martn,0,5,5,1.0
rimer,5,0,5,0.0
hershkovitz,5,0,5,0.0
spacesuit,0,5,5,1.0
unpopular,4,1,5,0.2
transpacif,0,5,5,1.0
snowbird,5,0,5,0.0
wacki,2,3,5,0.6
swanlik,0,5,5,1.0
citifi,0,5,5,1.0
nardi,5,0,5,0.0
chacun,0,5,5,1.0
filmset,0,5,5,1.0
highwayman,0,5,5,1.0
jhender,5,0,5,0.0
dhjommto,0,5,5,1.0
tintin,0,5,5,1.0
hinton,2,3,5,0.6
doole,0,5,5,1.0
seiten,0,5,5,1.0
jac,5,0,5,0.0
naranja,0,5,5,1.0
churchgoer,0,5,5,1.0
istor,0,5,5,1.0
henriqu,4,1,5,0.2
evo,0,5,5,1.0
factiou,0,5,5,1.0
crossway,0,5,5,1.0
spyglass,1,4,5,0.8
gladston,1,4,5,0.8
quilt,0,5,5,1.0
noontim,0,5,5,1.0
anno,0,5,5,1.0
ters,4,1,5,0.2
roobaert,5,0,5,0.0
aprovecha,0,5,5,1.0
steamboat,0,5,5,1.0
autismo,0,5,5,1.0
tehran,0,5,5,1.0
niesteti,5,0,5,0.0
dishevel,0,5,5,1.0
pagerank,0,5,5,1.0
waveform,0,5,5,1.0
hudler,5,0,5,0.0
magicstor,0,5,5,1.0
lumbar,0,5,5,1.0
hookworm,0,5,5,1.0
vidor,5,0,5,0.0
cambiar,0,5,5,1.0
kreg,5,0,5,0.0
phrasemak,0,5,5,1.0
inset,0,5,5,1.0
esophagectomi,0,5,5,1.0
responsabilidad,0,5,5,1.0
pel,0,5,5,1.0
redrock,5,0,5,0.0
misgiv,2,3,5,0.6
vprofil,0,5,5,1.0
kola,0,5,5,1.0
bechler,0,5,5,1.0
ventricl,0,5,5,1.0
nevrl,5,0,5,0.0
nitpick,0,5,5,1.0
olabilir,0,5,5,1.0
salmonella,0,5,5,1.0
lutetium,0,5,5,1.0
kwashiorkor,0,5,5,1.0
neurosmith,0,5,5,1.0
rinehart,1,4,5,0.8
loook,0,5,5,1.0
serrano,2,3,5,0.6
mcquad,5,0,5,0.0
holdov,0,5,5,1.0
quaiit,0,5,5,1.0
dastard,0,5,5,1.0
wah,0,5,5,1.0
jermakyan,5,0,5,0.0
tonal,0,5,5,1.0
retinu,0,5,5,1.0
pricey,3,2,5,0.4
troutman,3,2,5,0.4
mailout,5,0,5,0.0
danilochkina,5,0,5,0.0
wth,0,5,5,1.0
minal,5,0,5,0.0
fash,5,0,5,0.0
qii,5,0,5,0.0
mhm,2,3,5,0.6
scholarli,1,4,5,0.8
skean,5,0,5,0.0
spatula,0,5,5,1.0
terbium,0,5,5,1.0
tnt,0,5,5,1.0
workmen,0,5,5,1.0
efectiva,0,5,5,1.0
mnemon,0,5,5,1.0
zack,4,1,5,0.2
colegio,0,5,5,1.0
twix,4,1,5,0.2
calier,0,5,5,1.0
etccarri,0,5,5,1.0
mfa,3,2,5,0.4
sssmith,5,0,5,0.0
taipei,1,4,5,0.8
licoric,0,5,5,1.0
emilia,0,5,5,1.0
marginheight,0,5,5,1.0
eschew,0,5,5,1.0
monika,5,0,5,0.0
cher,0,5,5,1.0
hellol,0,5,5,1.0
superbowl,4,1,5,0.2
virtuos,0,5,5,1.0
egov,5,0,5,0.0
threshingtim,0,5,5,1.0
lpc,0,5,5,1.0
arachnophag,0,5,5,1.0
goodli,0,5,5,1.0
fluff,1,4,5,0.8
dustbin,0,5,5,1.0
unearli,0,5,5,1.0
featherbed,0,5,5,1.0
reprehens,0,5,5,1.0
vário,0,5,5,1.0
parac,0,5,5,1.0
unguid,0,5,5,1.0
racketi,0,5,5,1.0
wif,0,5,5,1.0
medida,0,5,5,1.0
hillel,0,5,5,1.0
uxuri,0,5,5,1.0
scheuer,5,0,5,0.0
movimiento,0,5,5,1.0
jute,0,5,5,1.0
midshipmen,0,5,5,1.0
fanfold,0,5,5,1.0
fundamento,0,5,5,1.0
camoglu,5,0,5,0.0
bloke,1,4,5,0.8
enronl,5,0,5,0.0
puddingston,0,5,5,1.0
matosinho,0,5,5,1.0
laureat,2,3,5,0.6
uyumlu,0,5,5,1.0
devitofranceschi,5,0,5,0.0
substat,5,0,5,0.0
credito,0,5,5,1.0
impromptu,1,4,5,0.8
watkiss,5,0,5,0.0
chil,0,5,5,1.0
jazzi,0,5,5,1.0
shaffer,0,5,5,1.0
chariotway,0,5,5,1.0
setoff,5,0,5,0.0
loe,5,0,5,0.0
czasu,5,0,5,0.0
dougi,0,5,5,1.0
offbeat,0,5,5,1.0
kz,1,4,5,0.8
botul,0,5,5,1.0
yodel,0,5,5,1.0
sanctuari,0,5,5,1.0
snick,0,5,5,1.0
mcname,5,0,5,0.0
guo,5,0,5,0.0
peoplesoft,5,0,5,0.0
expeci,0,5,5,1.0
suffus,0,5,5,1.0
hackmypsp,0,5,5,1.0
wakerobin,0,5,5,1.0
iasa,5,0,5,0.0
genial,0,5,5,1.0
pulmonari,0,5,5,1.0
bivari,0,5,5,1.0
tosco,5,0,5,0.0
chanut,5,0,5,0.0
vate,0,5,5,1.0
makkai,5,0,5,0.0
forthrightli,5,0,5,0.0
gauz,0,5,5,1.0
ashton,4,1,5,0.2
riparian,0,5,5,1.0
marykay,5,0,5,0.0
oranj,0,5,5,1.0
pathogenesi,0,5,5,1.0
nnw,0,5,5,1.0
aceptar,0,5,5,1.0
prash,0,5,5,1.0
mulberri,0,5,5,1.0
theorizi,0,5,5,1.0
indispos,0,5,5,1.0
loanx,5,0,5,0.0
gjohnson,5,0,5,0.0
handlebar,1,4,5,0.8
woebegon,0,5,5,1.0
dickhead,0,5,5,1.0
strode,0,5,5,1.0
trisodium,0,5,5,1.0
unansw,5,0,5,0.0
seismographi,0,5,5,1.0
wearabl,0,5,5,1.0
nightmarish,0,5,5,1.0
truanci,0,5,5,1.0
cuban,2,3,5,0.6
gbmdc,5,0,5,0.0
misnom,0,5,5,1.0
highqual,0,5,5,1.0
itiner,0,5,5,1.0
rnore,0,5,5,1.0
neik,0,5,5,1.0
genealog,0,5,5,1.0
laughingstock,0,5,5,1.0
irredentist,0,5,5,1.0
ellh,0,5,5,1.0
alterao,0,5,5,1.0
gab,0,5,5,1.0
soth,1,4,5,0.8
xerx,0,5,5,1.0
blazer,3,2,5,0.4
rant,2,3,5,0.6
gett,0,5,5,1.0
peggott,0,5,5,1.0
irradi,0,5,5,1.0
ipfinanceink,0,5,5,1.0
spire,0,5,5,1.0
autosign,0,5,5,1.0
burru,4,1,5,0.2
gaurav,4,1,5,0.2
mrrefinanc,0,5,5,1.0
madagascar,0,5,5,1.0
innuendo,1,4,5,0.8
dxg,0,5,5,1.0
philadelphian,0,5,5,1.0
stargaz,1,4,5,0.8
calea,0,5,5,1.0
assyriolog,0,5,5,1.0
iev,0,5,5,1.0
sitter,3,2,5,0.4
mpg,3,2,5,0.4
escher,0,5,5,1.0
lebanon,2,3,5,0.6
sicken,1,4,5,0.8
gridco,5,0,5,0.0
oblat,0,5,5,1.0
gimbl,5,0,5,0.0
maillet,5,0,5,0.0
galapago,0,5,5,1.0
molin,0,5,5,1.0
ontolog,0,5,5,1.0
leif,1,4,5,0.8
symposia,0,5,5,1.0
ipfinans,0,5,5,1.0
aiignment,0,5,5,1.0
afteral,4,1,5,0.2
hypocrisi,0,5,5,1.0
spoilag,0,5,5,1.0
spinster,0,5,5,1.0
relacion,0,5,5,1.0
abierto,0,5,5,1.0
tanh,0,5,5,1.0
neuroanatomi,0,5,5,1.0
nyquist,0,5,5,1.0
enva,0,5,5,1.0
nanomet,0,5,5,1.0
joust,0,5,5,1.0
washi,0,5,5,1.0
egresado,0,5,5,1.0
personaili,0,5,5,1.0
constancia,0,5,5,1.0
haberdasheri,0,5,5,1.0
csgu,0,5,5,1.0
burley,0,5,5,1.0
whizz,0,5,5,1.0
bethel,1,4,5,0.8
composé,0,5,5,1.0
seksaria,5,0,5,0.0
mmore,4,1,5,0.2
totalitarian,1,4,5,0.8
bailiff,0,5,5,1.0
jaundic,0,5,5,1.0
sankey,5,0,5,0.0
masfr,0,5,5,1.0
nucredit,0,5,5,1.0
cza,5,0,5,0.0
estratgico,0,5,5,1.0
qal,0,5,5,1.0
gruel,3,2,5,0.4
awea,3,2,5,0.4
pompeu,0,5,5,1.0
padlock,1,4,5,0.8
kauf,0,5,5,1.0
observatori,1,4,5,0.8
raoul,0,5,5,1.0
rowboat,0,5,5,1.0
shipley,0,5,5,1.0
moo,0,5,5,1.0
foci,0,5,5,1.0
maxwellian,0,5,5,1.0
consulag,0,5,5,1.0
froehl,5,0,5,0.0
styli,0,5,5,1.0
inadmiss,0,5,5,1.0
portman,0,5,5,1.0
krava,5,0,5,0.0
effic,0,5,5,1.0
vanston,5,0,5,0.0
veya,0,5,5,1.0
branom,5,0,5,0.0
adrrf,5,0,5,0.0
murr,0,5,5,1.0
kf,1,4,5,0.8
insinu,0,5,5,1.0
enchantress,0,5,5,1.0
mockeri,0,5,5,1.0
slimi,1,4,5,0.8
camellia,0,5,5,1.0
joinlb,5,0,5,0.0
unstopp,4,1,5,0.2
sak,4,1,5,0.2
pansi,0,5,5,1.0
wpm,2,3,5,0.6
hehe,0,5,5,1.0
zantac,0,5,5,1.0
palczer,5,0,5,0.0
hemisher,5,0,5,0.0
cookoff,5,0,5,0.0
southward,1,4,5,0.8
glr,0,5,5,1.0
velutin,0,5,5,1.0
pharmacyfory,0,5,5,1.0
sondra,3,2,5,0.4
affordabowl,0,5,5,1.0
frate,5,0,5,0.0
gaugeabl,0,5,5,1.0
naacp,0,5,5,1.0
lemonad,1,4,5,0.8
lak,4,1,5,0.2
blankenship,1,4,5,0.8
lisk,5,0,5,0.0
wht,1,4,5,0.8
husbandman,0,5,5,1.0
lissaj,0,5,5,1.0
nepalesian,0,5,5,1.0
masseur,0,5,5,1.0
shoulda,5,0,5,0.0
granola,0,5,5,1.0
whitefac,0,5,5,1.0
vassal,0,5,5,1.0
lousewort,0,5,5,1.0
abrbrfont,0,5,5,1.0
aleksandra,3,2,5,0.4
octoroon,0,5,5,1.0
podg,0,5,5,1.0
capex,4,1,5,0.2
sdsc,5,0,5,0.0
zij,0,5,5,1.0
toggl,1,4,5,0.8
olex,0,5,5,1.0
kaskaskia,0,5,5,1.0
rdio,0,5,5,1.0
sooo,2,3,5,0.6
somat,0,5,5,1.0
giganticne,0,5,5,1.0
sulli,1,4,5,0.8
rsultat,0,5,5,1.0
corbitt,5,0,5,0.0
saturnalia,0,5,5,1.0
wadsworth,0,5,5,1.0
dimli,0,5,5,1.0
tyrannicid,0,5,5,1.0
typographi,1,4,5,0.8
resuem,5,0,5,0.0
consignar,0,5,5,1.0
hereford,0,5,5,1.0
harangu,2,3,5,0.6
nel,3,2,5,0.4
uxga,0,5,5,1.0
yhdo,0,5,5,1.0
capacidad,0,5,5,1.0
equestrian,0,5,5,1.0
halvah,0,5,5,1.0
smelteri,0,5,5,1.0
amedeo,0,5,5,1.0
intelligentsia,0,5,5,1.0
ajudar,0,5,5,1.0
grater,0,5,5,1.0
pios,0,5,5,1.0
yarmulk,0,5,5,1.0
taffeta,0,5,5,1.0
shortsight,2,3,5,0.6
sawdust,1,4,5,0.8
isaacson,1,4,5,0.8
mudguard,0,5,5,1.0
kaplanfox,5,0,5,0.0
preacher,4,1,5,0.2
unperm,0,5,5,1.0
splotch,0,5,5,1.0
optimizacin,0,5,5,1.0
unsuperscrib,0,5,5,1.0
waal,4,1,5,0.2
stegosauru,0,5,5,1.0
perrot,0,5,5,1.0
axa,4,1,5,0.2
vesicular,0,5,5,1.0
hedon,0,5,5,1.0
coga,5,0,5,0.0
unitari,0,5,5,1.0
laurentii,0,5,5,1.0
skyjack,0,5,5,1.0
coroutin,0,5,5,1.0
spangl,1,4,5,0.8
lieskovski,5,0,5,0.0
infosel,4,1,5,0.2
batho,0,5,5,1.0
corpuscular,0,5,5,1.0
whistleabl,0,5,5,1.0
morgu,0,5,5,1.0
wortham,5,0,5,0.0
dnb,4,1,5,0.2
algum,0,5,5,1.0
ofa,0,5,5,1.0
galiot,0,5,5,1.0
mailbag,0,5,5,1.0
incontrovert,0,5,5,1.0
platonist,0,5,5,1.0
preposit,0,5,5,1.0
mooresourc,5,0,5,0.0
nonexist,5,0,5,0.0
pushbutton,0,5,5,1.0
devoid,1,4,5,0.8
upt,0,5,5,1.0
pestil,0,5,5,1.0
strengthless,0,5,5,1.0
bladdernut,0,5,5,1.0
luminari,0,5,5,1.0
childish,0,5,5,1.0
seminarian,0,5,5,1.0
enogex,5,0,5,0.0
shay,0,5,5,1.0
sprung,0,5,5,1.0
anaysi,0,5,5,1.0
longleg,0,5,5,1.0
petzoldt,0,5,5,1.0
ejacult,0,5,5,1.0
artik,0,5,5,1.0
roeder,5,0,5,0.0
doric,0,5,5,1.0
windshield,0,5,5,1.0
bwnbsp,0,5,5,1.0
mrtg,0,5,5,1.0
zelda,5,0,5,0.0
privaten,0,5,5,1.0
midspan,0,5,5,1.0
amphisbaenian,0,5,5,1.0
smokin,0,5,5,1.0
mcafpre,0,5,5,1.0
breeder,0,5,5,1.0
casadelaciudad,0,5,5,1.0
afeet,0,5,5,1.0
igneou,0,5,5,1.0
putti,0,5,5,1.0
tobe,0,5,5,1.0
mstibolt,5,0,5,0.0
endicott,0,5,5,1.0
sycoph,0,5,5,1.0
hotpick,0,5,5,1.0
avaliação,0,5,5,1.0
transvers,0,5,5,1.0
porcin,0,5,5,1.0
vermouth,0,5,5,1.0
counterman,0,5,5,1.0
justinl,0,5,5,1.0
oddli,4,1,5,0.2
frail,1,4,5,0.8
kareem,0,5,5,1.0
atendimento,0,5,5,1.0
augusto,0,5,5,1.0
bluebush,0,5,5,1.0
kjeldahl,0,5,5,1.0
indisposit,0,5,5,1.0
jerami,0,5,5,1.0
xerographi,0,5,5,1.0
tarot,0,5,5,1.0
metalwork,1,4,5,0.8
anaspec,0,5,5,1.0
xvid,0,5,5,1.0
squawbush,0,5,5,1.0
cirqu,4,1,5,0.2
stoic,3,2,5,0.4
aprov,1,4,5,0.8
pelot,5,0,5,0.0
incarn,1,4,5,0.8
aeolu,0,5,5,1.0
ratner,5,0,5,0.0
impieti,0,5,5,1.0
osc,2,3,5,0.6
jackup,5,0,5,0.0
gell,1,4,5,0.8
squeaki,1,4,5,0.8
nlwbio,5,0,5,0.0
hartland,0,5,5,1.0
superstiti,1,4,5,0.8
procyon,0,5,5,1.0
moneyhon,0,5,5,1.0
retro,5,0,5,0.0
excellen,0,5,5,1.0
recuit,5,0,5,0.0
recevoir,0,5,5,1.0
tanzania,0,5,5,1.0
transduct,0,5,5,1.0
pong,0,5,5,1.0
havilland,0,5,5,1.0
walkout,0,5,5,1.0
penna,0,5,5,1.0
hirsut,0,5,5,1.0
militiamen,0,5,5,1.0
stereographi,0,5,5,1.0
rsn,5,0,5,0.0
itiv,0,5,5,1.0
nitrit,0,5,5,1.0
howsomev,0,5,5,1.0
engross,0,5,5,1.0
yomama,0,5,5,1.0
plop,0,5,5,1.0
huckster,0,5,5,1.0
pimp,0,5,5,1.0
hopewel,0,5,5,1.0
yarn,0,5,5,1.0
sommerfeld,0,5,5,1.0
mwi,1,4,5,0.8
dicho,0,5,5,1.0
heh,0,5,5,1.0
ansonsten,3,2,5,0.4
synesthesia,0,5,5,1.0
kimat,5,0,5,0.0
photodynam,0,5,5,1.0
anschrift,0,5,5,1.0
ipg,0,5,5,1.0
overarch,0,5,5,1.0
cheep,0,5,5,1.0
barrymor,0,5,5,1.0
dormitori,0,5,5,1.0
rpc,0,5,5,1.0
indoeuropean,0,5,5,1.0
hiemstra,5,0,5,0.0
trenkl,0,5,5,1.0
tigri,0,5,5,1.0
divorce,0,5,5,1.0
duopoli,0,5,5,1.0
breadroot,0,5,5,1.0
ieta,1,4,5,0.8
adbahadur,0,5,5,1.0
peppi,0,5,5,1.0
ohm,0,5,5,1.0
recevez,0,5,5,1.0
desire,2,3,5,0.6
dahlig,0,5,5,1.0
researc,0,5,5,1.0
helplessli,3,2,5,0.4
imperceiv,0,5,5,1.0
nepirem,0,5,5,1.0
gude,5,0,5,0.0
arctang,0,5,5,1.0
magma,1,4,5,0.8
mayst,0,5,5,1.0
hydrofluor,0,5,5,1.0
velasquez,2,3,5,0.6
meadowtre,5,0,5,0.0
bop,0,5,5,1.0
trikatu,0,5,5,1.0
eyadema,0,5,5,1.0
outli,2,3,5,0.6
flirtat,0,5,5,1.0
fanc,5,0,5,0.0
liasion,3,2,5,0.4
wuhan,0,5,5,1.0
insemin,0,5,5,1.0
tarmac,3,2,5,0.4
comfi,4,1,5,0.2
nigh,0,5,5,1.0
nordhoff,0,5,5,1.0
hellfir,0,5,5,1.0
glib,0,5,5,1.0
leaki,0,5,5,1.0
outlandish,1,4,5,0.8
sunda,3,2,5,0.4
mori,2,3,5,0.6
aeecent,5,0,5,0.0
usub,0,5,5,1.0
coltsfoot,0,5,5,1.0
cosa,0,5,5,1.0
tattler,0,5,5,1.0
frist,3,2,5,0.4
flaxse,0,5,5,1.0
entre,4,1,5,0.2
manda,0,5,5,1.0
habla,0,5,5,1.0
azteca,2,3,5,0.6
youngster,0,5,5,1.0
onemain,5,0,5,0.0
harmshop,0,5,5,1.0
gypsit,0,5,5,1.0
priv,0,5,5,1.0
bestcheapstuff,0,5,5,1.0
sstore,0,5,5,1.0
inmobiliam,0,5,5,1.0
mag,1,4,5,0.8
ogloszenia,0,5,5,1.0
morew,0,5,5,1.0
workhors,1,4,5,0.8
buiness,2,3,5,0.6
escondido,5,0,5,0.0
screech,0,5,5,1.0
lippincott,0,5,5,1.0
darzustellen,3,2,5,0.4
tavern,0,5,5,1.0
mutton,0,5,5,1.0
naivet,0,5,5,1.0
serifno,0,5,5,1.0
whisk,1,4,5,0.8
septat,0,5,5,1.0
medir,0,5,5,1.0
innatpenn,5,0,5,0.0
radford,5,0,5,0.0
unsubstanti,3,2,5,0.4
medzmail,0,5,5,1.0
glassin,0,5,5,1.0
rorschach,4,1,5,0.2
aplicar,0,5,5,1.0
wbm,0,5,5,1.0
snuffi,0,5,5,1.0
ticnet,5,0,5,0.0
suzerain,0,5,5,1.0
sul,1,4,5,0.8
triennial,4,1,5,0.2
ceyhan,5,0,5,0.0
phosphoresc,0,5,5,1.0
enerfax,5,0,5,0.0
dbt,0,5,5,1.0
avantageux,0,5,5,1.0
roda,0,5,5,1.0
headstrong,0,5,5,1.0
withi,0,5,5,1.0
unlog,0,5,5,1.0
menscar,0,5,5,1.0
resound,5,0,5,0.0
tessandori,5,0,5,0.0
irvingwac,0,5,5,1.0
calypso,0,5,5,1.0
ontvangen,0,5,5,1.0
hanoi,0,5,5,1.0
diffusa,0,5,5,1.0
wonderfulm,0,5,5,1.0
popu,0,5,5,1.0
octil,0,5,5,1.0
tumblewe,5,0,5,0.0
onlln,0,5,5,1.0
texasmonthli,5,0,5,0.0
strongstrongemfont,0,5,5,1.0
squid,0,5,5,1.0
navidad,1,4,5,0.8
polecat,0,5,5,1.0
moneeyi,0,5,5,1.0
macromolecular,0,5,5,1.0
salish,0,5,5,1.0
divan,0,5,5,1.0
triumphant,0,5,5,1.0
waterburi,0,5,5,1.0
rabat,0,5,5,1.0
menac,0,5,5,1.0
mypic,0,5,5,1.0
knickerbock,0,5,5,1.0
phonographi,0,5,5,1.0
nondisclosur,5,0,5,0.0
contraremonstr,0,5,5,1.0
sweater,0,5,5,1.0
ashor,0,5,5,1.0
headland,0,5,5,1.0
ittasteslikeappl,0,5,5,1.0
miteproof,0,5,5,1.0
necesaria,0,5,5,1.0
couscou,0,5,5,1.0
wxgatru,0,5,5,1.0
jerusalem,1,4,5,0.8
accomplic,1,4,5,0.8
mallam,0,5,5,1.0
clubroom,0,5,5,1.0
cbl,0,5,5,1.0
stibolt,5,0,5,0.0
friar,0,5,5,1.0
watersinfo,5,0,5,0.0
retdehola,0,5,5,1.0
eadership,0,5,5,1.0
markwart,5,0,5,0.0
ceridian,5,0,5,0.0
olfactori,0,5,5,1.0
larkspur,0,5,5,1.0
lth,0,5,5,1.0
oxcart,0,5,5,1.0
dgo,0,5,5,1.0
sleeper,0,5,5,1.0
excalibu,0,5,5,1.0
slightest,5,0,5,0.0
captulo,0,5,5,1.0
mahonia,5,0,5,0.0
sayer,3,2,5,0.4
voicenet,1,4,5,0.8
jayshre,5,0,5,0.0
harpi,0,5,5,1.0
salesgirl,0,5,5,1.0
pergunta,0,5,5,1.0
raccoon,0,5,5,1.0
metallurgi,0,5,5,1.0
oro,0,5,5,1.0
forbish,5,0,5,0.0
ilen,4,1,5,0.2
celexa,0,5,5,1.0
gridflorida,5,0,5,0.0
teem,0,5,5,1.0
maltos,0,5,5,1.0
testicl,0,5,5,1.0
antioquia,0,5,5,1.0
facult,0,5,5,1.0
electrif,2,3,5,0.6
fabra,0,5,5,1.0
igservic,5,0,5,0.0
alpert,0,5,5,1.0
ajit,5,0,5,0.0
neuen,0,5,5,1.0
trame,0,5,5,1.0
kowalewski,0,5,5,1.0
tarif,0,5,5,1.0
erogen,0,5,5,1.0
chrysalid,0,5,5,1.0
refrigerio,0,5,5,1.0
burchett,5,0,5,0.0
rote,0,5,5,1.0
ezekiel,0,5,5,1.0
driveimprov,0,5,5,1.0
schill,4,1,5,0.2
unforseen,0,5,5,1.0
subterfug,1,4,5,0.8
watermelon,0,5,5,1.0
nmrc,0,5,5,1.0
innard,0,5,5,1.0
magdalen,0,5,5,1.0
shrewish,0,5,5,1.0
saratoga,0,5,5,1.0
slimp,5,0,5,0.0
questoil,0,5,5,1.0
yourr,0,5,5,1.0
correspondingli,4,1,5,0.2
hacerlo,0,5,5,1.0
immemori,0,5,5,1.0
exciton,0,5,5,1.0
crítica,0,5,5,1.0
macmilli,5,0,5,0.0
kostya,5,0,5,0.0
gammal,5,0,5,0.0
milieu,0,5,5,1.0
rowadi,5,0,5,0.0
crochet,0,5,5,1.0
graveyard,0,5,5,1.0
melio,0,5,5,1.0
eyelash,0,5,5,1.0
inteliectu,0,5,5,1.0
sadi,0,5,5,1.0
vitr,0,5,5,1.0
sharess,0,5,5,1.0
stablil,5,0,5,0.0
tabitha,0,5,5,1.0
reissu,5,0,5,0.0
viewabl,3,2,5,0.4
rodrigu,5,0,5,0.0
especial,0,5,5,1.0
kremlin,0,5,5,1.0
pinscher,0,5,5,1.0
montenegrin,0,5,5,1.0
undeni,1,4,5,0.8
mcdonough,3,2,5,0.4
arriesgar,0,5,5,1.0
johnstown,0,5,5,1.0
partsong,0,5,5,1.0
coffl,0,5,5,1.0
miejsc,0,5,5,1.0
casamento,0,5,5,1.0
knopick,0,5,5,1.0
aredit,0,5,5,1.0
minski,0,5,5,1.0
graveur,0,5,5,1.0
pyrolysi,0,5,5,1.0
occid,0,5,5,1.0
chau,0,5,5,1.0
racheal,2,3,5,0.6
taub,5,0,5,0.0
correspondient,0,5,5,1.0
lifeboat,0,5,5,1.0
tyburn,0,5,5,1.0
cir,2,3,5,0.6
tinkl,0,5,5,1.0
pledelo,0,5,5,1.0
referenda,2,3,5,0.6
moe,0,5,5,1.0
kajar,0,5,5,1.0
jou,0,5,5,1.0
landwehr,5,0,5,0.0
kimono,0,5,5,1.0
medg,0,5,5,1.0
tarifa,0,5,5,1.0
distinctli,1,4,5,0.8
vorschlag,0,5,5,1.0
tabletalk,5,0,5,0.0
jockstrap,0,5,5,1.0
horesho,0,5,5,1.0
plaisir,0,5,5,1.0
termini,0,5,5,1.0
monaur,0,5,5,1.0
firmi,5,0,5,0.0
turnback,5,0,5,0.0
wishi,0,5,5,1.0
outreach,4,1,5,0.2
oblivi,1,4,5,0.8
sherbet,0,5,5,1.0
pareja,0,5,5,1.0
acn,1,4,5,0.8
mod,5,0,5,0.0
dermatolog,0,5,5,1.0
hypertext,0,5,5,1.0
repossess,0,5,5,1.0
rangler,0,5,5,1.0
fring,1,4,5,0.8
maledict,0,5,5,1.0
titu,0,5,5,1.0
superfin,0,5,5,1.0
tcnico,0,5,5,1.0
ottoman,0,5,5,1.0
deiiv,0,5,5,1.0
malabar,0,5,5,1.0
ocena,5,0,5,0.0
malfeas,2,3,5,0.6
tantamount,2,3,5,0.6
photomot,0,5,5,1.0
mshop,0,5,5,1.0
glft,0,5,5,1.0
bolling,5,0,5,0.0
ackermann,5,0,5,0.0
referencia,0,5,5,1.0
gullion,5,0,5,0.0
empleado,0,5,5,1.0
vulneros,0,5,5,1.0
gauntlet,0,5,5,1.0
accuweath,5,0,5,0.0
cuz,0,5,5,1.0
metamorphosi,0,5,5,1.0
mariana,2,3,5,0.6
ýle,0,5,5,1.0
ncaa,0,5,5,1.0
retainag,5,0,5,0.0
florio,5,0,5,0.0
gruessen,0,5,5,1.0
spheric,2,3,5,0.6
jefford,5,0,5,0.0
penumbra,0,5,5,1.0
neroli,0,5,5,1.0
diciaccio,0,5,5,1.0
lycopodium,0,5,5,1.0
analista,0,5,5,1.0
vitiat,0,5,5,1.0
romain,2,3,5,0.6
excalibur,4,1,5,0.2
mentorso,0,5,5,1.0
chavana,0,5,5,1.0
inbre,0,5,5,1.0
destec,5,0,5,0.0
administrar,0,5,5,1.0
sok,0,5,5,1.0
madr,0,5,5,1.0
rollup,5,0,5,0.0
enpip,5,0,5,0.0
izbz,0,5,5,1.0
luken,5,0,5,0.0
indestruct,0,5,5,1.0
trefoil,0,5,5,1.0
eulog,0,5,5,1.0
embryo,0,5,5,1.0
profoundli,1,4,5,0.8
carruth,0,5,5,1.0
foist,1,4,5,0.8
tinto,1,4,5,0.8
vessei,0,5,5,1.0
olli,1,4,5,0.8
hadrian,0,5,5,1.0
hearth,0,5,5,1.0
monaco,2,3,5,0.6
risklimit,5,0,5,0.0
synthes,2,3,5,0.6
halpern,0,5,5,1.0
residuari,0,5,5,1.0
modena,0,5,5,1.0
sojourn,0,5,5,1.0
amoxil,0,5,5,1.0
grandniec,0,5,5,1.0
ã,0,5,5,1.0
payyless,0,5,5,1.0
momentari,0,5,5,1.0
lipread,0,5,5,1.0
yve,0,5,5,1.0
foodstuff,0,5,5,1.0
loosestrif,0,5,5,1.0
estudo,0,5,5,1.0
prescrlptlon,0,5,5,1.0
formaldehyd,0,5,5,1.0
dictatorship,0,5,5,1.0
misogyni,0,5,5,1.0
keddah,0,5,5,1.0
imprimir,3,2,5,0.4
inerti,0,5,5,1.0
corrigenda,0,5,5,1.0
propyno,0,5,5,1.0
onnliin,0,5,5,1.0
weve,0,5,5,1.0
nihk,0,5,5,1.0
dundalk,0,5,5,1.0
ufc,0,5,5,1.0
swapsmonitor,5,0,5,0.0
zombi,2,3,5,0.6
magicprint,0,5,5,1.0
reredo,0,5,5,1.0
medco,5,0,5,0.0
relentlessli,5,0,5,0.0
overgrown,0,5,5,1.0
hopkinsvil,5,0,5,0.0
kauffman,3,2,5,0.4
walcott,0,5,5,1.0
multimdia,0,5,5,1.0
fomalhaut,0,5,5,1.0
incluir,0,5,5,1.0
hitler,0,5,5,1.0
underrecov,5,0,5,0.0
rankl,1,4,5,0.8
rutabaga,0,5,5,1.0
herren,0,5,5,1.0
buxom,0,5,5,1.0
srpnet,5,0,5,0.0
womanhood,0,5,5,1.0
pentiumc,5,0,5,0.0
todavia,0,5,5,1.0
successfuili,0,5,5,1.0
ypl,0,5,5,1.0
stahl,0,5,5,1.0
roundhead,0,5,5,1.0
possui,0,5,5,1.0
bozano,5,0,5,0.0
swine,0,5,5,1.0
confoc,0,5,5,1.0
cendant,5,0,5,0.0
neslag,5,0,5,0.0
acima,0,5,5,1.0
nextpart,2,3,5,0.6
bombet,0,5,5,1.0
lise,2,3,5,0.6
twila,0,5,5,1.0
nameistr,0,5,5,1.0
reddish,2,3,5,0.6
hotwir,0,5,5,1.0
peppermint,0,5,5,1.0
shedir,0,5,5,1.0
croatian,4,1,5,0.2
mobcap,0,5,5,1.0
schertz,0,5,5,1.0
quillaia,0,5,5,1.0
pandem,0,5,5,1.0
dealsuw,0,5,5,1.0
kaleidoscop,0,5,5,1.0
comvers,3,2,5,0.4
synod,0,5,5,1.0
cigarettez,0,5,5,1.0
pemmican,0,5,5,1.0
envoic,5,0,5,0.0
jebong,5,0,5,0.0
thconfsess,5,0,5,0.0
entrevista,0,5,5,1.0
encycloped,0,5,5,1.0
zzn,1,4,5,0.8
aquilino,0,5,5,1.0
mvsn,1,4,5,0.8
mahmoud,5,0,5,0.0
sepa,2,3,5,0.6
dpo,0,5,5,1.0
fsu,4,1,5,0.2
jano,3,2,5,0.4
neurosi,0,5,5,1.0
fhilton,5,0,5,0.0
rachmaninoff,0,5,5,1.0
cinicia,0,5,5,1.0
gummi,2,3,5,0.6
netlimit,0,5,5,1.0
skelet,0,5,5,1.0
enstatit,0,5,5,1.0
wtco,5,0,5,0.0
peugeot,0,5,5,1.0
idiosyncrasi,0,5,5,1.0
pastrana,5,0,5,0.0
opel,0,5,5,1.0
pout,0,5,5,1.0
jede,0,5,5,1.0
parrino,5,0,5,0.0
kafka,0,5,5,1.0
postlud,0,5,5,1.0
seethayya,5,0,5,0.0
heintzelman,5,0,5,0.0
disarray,2,3,5,0.6
josi,1,4,5,0.8
sherwin,0,5,5,1.0
contar,1,4,5,0.8
blennymen,0,5,5,1.0
cupertino,0,5,5,1.0
hingorani,5,0,5,0.0
monga,0,5,5,1.0
venial,0,5,5,1.0
dona,0,5,5,1.0
officialiy,0,5,5,1.0
neeraj,5,0,5,0.0
noncompetit,2,3,5,0.6
oconnor,0,5,5,1.0
streptobacillu,0,5,5,1.0
viller,5,0,5,0.0
naturaleza,0,5,5,1.0
besprinkl,0,5,5,1.0
pequena,0,5,5,1.0
mcpafpe,0,5,5,1.0
ifni,0,5,5,1.0
comprovant,0,5,5,1.0
singlehand,0,5,5,1.0
encom,5,0,5,0.0
linck,0,5,5,1.0
oakley,0,5,5,1.0
responsvei,0,5,5,1.0
ijj,0,5,5,1.0
tuberculin,0,5,5,1.0
kivu,0,5,5,1.0
lsg,4,1,5,0.2
heinek,5,0,5,0.0
flamboy,0,5,5,1.0
nomograph,0,5,5,1.0
jacksonian,0,5,5,1.0
adiccion,0,5,5,1.0
onth,0,5,5,1.0
overag,5,0,5,0.0
populist,1,4,5,0.8
organometal,0,5,5,1.0
rayna,0,5,5,1.0
waterwork,0,5,5,1.0
morph,2,3,5,0.6
gasket,0,5,5,1.0
tern,0,5,5,1.0
phb,3,2,5,0.4
molybd,0,5,5,1.0
enrag,2,3,5,0.6
montessori,2,3,5,0.6
siig,5,0,5,0.0
bew,0,5,5,1.0
joss,0,5,5,1.0
pgcn,0,5,5,1.0
slob,0,5,5,1.0
strass,0,5,5,1.0
narcissist,0,5,5,1.0
gunneri,0,5,5,1.0
longu,0,5,5,1.0
teleprocess,0,5,5,1.0
appiont,0,5,5,1.0
rostant,5,0,5,0.0
magnamin,0,5,5,1.0
ission,0,5,5,1.0
paralinguist,0,5,5,1.0
senor,0,5,5,1.0
notfic,0,5,5,1.0
unreach,0,5,5,1.0
omen,0,5,5,1.0
videlicet,0,5,5,1.0
wzo,0,5,5,1.0
maximis,5,0,5,0.0
marksman,0,5,5,1.0
pedantri,0,5,5,1.0
pondwe,0,5,5,1.0
assim,0,5,5,1.0
kolosvari,5,0,5,0.0
lobul,0,5,5,1.0
usado,0,5,5,1.0
relic,0,5,5,1.0
inedito,0,5,5,1.0
chamoi,0,5,5,1.0
billionair,3,2,5,0.4
sasl,0,5,5,1.0
stefani,5,0,5,0.0
anderen,0,5,5,1.0
eth,3,2,5,0.4
zhangn,5,0,5,0.0
bringen,3,2,5,0.4
newscast,1,4,5,0.8
neutropenia,0,5,5,1.0
pollster,2,3,5,0.6
receive,0,5,5,1.0
godwin,0,5,5,1.0
databank,5,0,5,0.0
kedar,5,0,5,0.0
prbolem,0,5,5,1.0
skye,0,5,5,1.0
bmxp,0,5,5,1.0
spectroscop,0,5,5,1.0
mysticli,0,5,5,1.0
yueguo,5,0,5,0.0
lenten,0,5,5,1.0
rot,2,3,5,0.6
stuggl,5,0,5,0.0
styl,0,5,5,1.0
halfheart,0,5,5,1.0
uaiiti,0,5,5,1.0
liner,2,3,5,0.6
cgki,0,5,5,1.0
tutto,0,5,5,1.0
unsustain,5,0,5,0.0
spinach,0,5,5,1.0
gallium,0,5,5,1.0
dadurch,0,5,5,1.0
especialment,0,5,5,1.0
requit,0,5,5,1.0
radioact,0,5,5,1.0
waygood,0,5,5,1.0
nightdress,0,5,5,1.0
breif,5,0,5,0.0
slm,0,5,5,1.0
freya,0,5,5,1.0
cardiogenesi,0,5,5,1.0
descrev,0,5,5,1.0
jukebox,1,4,5,0.8
realon,0,5,5,1.0
triplic,1,4,5,0.8
pica,0,5,5,1.0
tetrafluorid,0,5,5,1.0
phalang,0,5,5,1.0
tatiana,5,0,5,0.0
nibelung,0,5,5,1.0
trelli,0,5,5,1.0
anspruch,0,5,5,1.0
reposit,4,1,5,0.2
padilla,5,0,5,0.0
aflam,0,5,5,1.0
smil,5,0,5,0.0
modish,0,5,5,1.0
propagandist,0,5,5,1.0
dilli,0,5,5,1.0
triplet,1,4,5,0.8
sourwood,0,5,5,1.0
lsl,2,3,5,0.6
clipreport,0,5,5,1.0
clari,4,1,5,0.2
canda,1,4,5,0.8
hollyhock,0,5,5,1.0
pollin,0,5,5,1.0
yer,3,2,5,0.4
antisanct,5,0,5,0.0
talmud,3,2,5,0.4
valum,0,5,5,1.0
drivr,0,5,5,1.0
bioflavonoid,0,5,5,1.0
acadian,5,0,5,0.0
adalat,0,5,5,1.0
sidelight,0,5,5,1.0
aquel,0,5,5,1.0
galb,0,5,5,1.0
suse,1,4,5,0.8
ciancio,5,0,5,0.0
vasconcello,5,0,5,0.0
prn,4,1,5,0.2
moravia,0,5,5,1.0
adduc,1,4,5,0.8
sku,0,5,5,1.0
curr,4,1,5,0.2
fdi,4,1,5,0.2
diagnostician,0,5,5,1.0
glycocid,0,5,5,1.0
otcreport,0,5,5,1.0
incompress,0,5,5,1.0
lif,2,3,5,0.6
bezoekadr,0,5,5,1.0
rheumatoid,0,5,5,1.0
kilku,5,0,5,0.0
mazafaka,0,5,5,1.0
stoneheng,0,5,5,1.0
pomyslalam,0,5,5,1.0
trout,1,4,5,0.8
wtd,5,0,5,0.0
entropi,0,5,5,1.0
taber,0,5,5,1.0
mandril,0,5,5,1.0
shuster,0,5,5,1.0
nectarin,0,5,5,1.0
townsman,0,5,5,1.0
moloch,0,5,5,1.0
wring,0,5,5,1.0
nachricht,0,5,5,1.0
chagrin,2,3,5,0.6
energii,5,0,5,0.0
riotou,0,5,5,1.0
rapproch,0,5,5,1.0
narciss,0,5,5,1.0
reseach,5,0,5,0.0
awg,0,5,5,1.0
winkl,0,5,5,1.0
melanoma,0,5,5,1.0
classica,2,3,5,0.6
tolo,0,5,5,1.0
unimbu,0,5,5,1.0
emergência,0,5,5,1.0
aif,0,5,5,1.0
luster,4,1,5,0.2
rezaeian,5,0,5,0.0
ayo,0,5,5,1.0
basepoint,0,5,5,1.0
disneyesqu,0,5,5,1.0
ramifi,0,5,5,1.0
tadpol,0,5,5,1.0
pandora,0,5,5,1.0
teri,5,0,5,0.0
otm,4,1,5,0.2
pareto,1,4,5,0.8
guod,0,5,5,1.0
pollan,5,0,5,0.0
sanguinari,0,5,5,1.0
planeta,0,5,5,1.0
knnown,0,5,5,1.0
spearmint,0,5,5,1.0
sempr,0,5,5,1.0
plumag,0,5,5,1.0
voiceband,0,5,5,1.0
steagal,5,0,5,0.0
shopnow,0,5,5,1.0
hrach,5,0,5,0.0
gestossen,3,2,5,0.4
conjuct,5,0,5,0.0
dennis,0,5,5,1.0
fearsom,1,4,5,0.8
swelter,0,5,5,1.0
completetli,0,5,5,1.0
hierat,0,5,5,1.0
narragansett,0,5,5,1.0
harriet,0,5,5,1.0
eckerson,0,5,5,1.0
verdadera,0,5,5,1.0
neglige,0,5,5,1.0
vixen,0,5,5,1.0
redshirt,0,5,5,1.0
beneficiaili,0,5,5,1.0
christop,0,5,5,1.0
haytim,0,5,5,1.0
softwa,0,5,5,1.0
prealarm,0,5,5,1.0
orthogon,0,5,5,1.0
eder,0,5,5,1.0
uranu,1,4,5,0.8
mgplc,5,0,5,0.0
sapsuck,0,5,5,1.0
morenewslettersl,0,5,5,1.0
kabbah,0,5,5,1.0
throwaway,0,5,5,1.0
iranian,0,5,5,1.0
taskforc,5,0,5,0.0
kroneck,0,5,5,1.0
fka,5,0,5,0.0
soong,5,0,5,0.0
saltiel,5,0,5,0.0
sverig,0,5,5,1.0
miliio,0,5,5,1.0
neppl,5,0,5,0.0
rightward,0,5,5,1.0
receiptsdeliveri,5,0,5,0.0
barman,0,5,5,1.0
sonst,0,5,5,1.0
tiong,5,0,5,0.0
sulfanilamid,0,5,5,1.0
znac,5,0,5,0.0
schulz,1,4,5,0.8
prospex,5,0,5,0.0
storyacquir,0,5,5,1.0
epinici,0,5,5,1.0
youstil,0,5,5,1.0
happiest,0,5,5,1.0
comprobant,0,5,5,1.0
particp,5,0,5,0.0
yergen,5,0,5,0.0
mackinaw,0,5,5,1.0
euphemist,0,5,5,1.0
bulf,5,0,5,0.0
wiltshir,5,0,5,0.0
swingabl,0,5,5,1.0
gaslift,5,0,5,0.0
sdwt,5,0,5,0.0
becalm,0,5,5,1.0
barnhard,0,5,5,1.0
wurmb,0,5,5,1.0
poo,0,5,5,1.0
mullennix,0,5,5,1.0
worrk,0,5,5,1.0
stater,0,5,5,1.0
pixar,5,0,5,0.0
totalis,0,5,5,1.0
helmrich,5,0,5,0.0
dubh,0,5,5,1.0
fter,0,5,5,1.0
quorum,0,5,5,1.0
snarl,1,4,5,0.8
breilli,5,0,5,0.0
akinlad,0,5,5,1.0
freepass,0,5,5,1.0
solver,5,0,5,0.0
prosthet,0,5,5,1.0
takach,0,5,5,1.0
musical,0,5,5,1.0
podurgiel,5,0,5,0.0
londyni,5,0,5,0.0
precursorship,0,5,5,1.0
lamplight,0,5,5,1.0
independencia,0,5,5,1.0
shalom,0,5,5,1.0
bizimg,0,5,5,1.0
nwlink,5,0,5,0.0
mystifi,0,5,5,1.0
telesp,0,5,5,1.0
bizet,0,5,5,1.0
straat,0,5,5,1.0
warmish,0,5,5,1.0
familia,0,5,5,1.0
lutianid,0,5,5,1.0
murrel,5,0,5,0.0
belkin,0,5,5,1.0
pentagram,0,5,5,1.0
markt,0,5,5,1.0
bauru,2,3,5,0.6
lae,0,5,5,1.0
areveffo,5,0,5,0.0
dost,0,5,5,1.0
lowdown,1,4,5,0.8
fpc,1,4,5,0.8
advetis,5,0,5,0.0
unitedst,0,5,5,1.0
cmt,2,3,5,0.6
comingupthebest,0,5,5,1.0
richar,5,0,5,0.0
giblet,0,5,5,1.0
rickshaw,0,5,5,1.0
simil,0,5,5,1.0
precool,0,5,5,1.0
winthrop,2,3,5,0.6
prickl,0,5,5,1.0
glycerol,0,5,5,1.0
slicker,0,5,5,1.0
actaeon,0,5,5,1.0
permitan,0,5,5,1.0
lass,0,5,5,1.0
mielk,5,0,5,0.0
priam,0,5,5,1.0
bibliographi,1,4,5,0.8
sepoy,0,5,5,1.0
ursa,0,5,5,1.0
narbonn,0,5,5,1.0
kaas,5,0,5,0.0
harp,2,3,5,0.6
lineback,1,4,5,0.8
filmstrip,0,5,5,1.0
arithmocraci,0,5,5,1.0
spcial,0,5,5,1.0
indio,0,5,5,1.0
schutza,5,0,5,0.0
sixfold,0,5,5,1.0
darrah,5,0,5,0.0
conavi,0,5,5,1.0
winpo,0,5,5,1.0
switchabl,2,3,5,0.6
choloid,0,5,5,1.0
delinvest,5,0,5,0.0
medicationn,0,5,5,1.0
iambic,0,5,5,1.0
milch,0,5,5,1.0
menelau,0,5,5,1.0
bourbon,0,5,5,1.0
gemc,5,0,5,0.0
telemedia,0,5,5,1.0
rabinlaw,5,0,5,0.0
wastrel,0,5,5,1.0
chabli,0,5,5,1.0
beriberi,0,5,5,1.0
fichier,0,5,5,1.0
hypothyroid,0,5,5,1.0
obrien,4,1,5,0.2
disavow,4,1,5,0.2
spinak,5,0,5,0.0
atmo,5,0,5,0.0
dcc,0,5,5,1.0
unwav,2,3,5,0.6
hypnosisdownload,0,5,5,1.0
previo,1,4,5,0.8
ocasin,0,5,5,1.0
datenicegirl,0,5,5,1.0
schuldner,0,5,5,1.0
thiss,0,5,5,1.0
nucleat,0,5,5,1.0
pavlov,0,5,5,1.0
marketingmal,0,5,5,1.0
casi,2,3,5,0.6
sepuchr,0,5,5,1.0
endogen,2,3,5,0.6
koala,0,5,5,1.0
sheikh,4,1,5,0.2
knyaz,0,5,5,1.0
platitud,0,5,5,1.0
spatt,5,0,5,0.0
opi,3,2,5,0.4
recombin,0,5,5,1.0
observacion,0,5,5,1.0
caulk,0,5,5,1.0
ccheap,0,5,5,1.0
byronelli,5,0,5,0.0
westmor,5,0,5,0.0
tektit,0,5,5,1.0
ghoul,0,5,5,1.0
photon,0,5,5,1.0
capybara,0,5,5,1.0
nightfal,0,5,5,1.0
nebraskan,3,2,5,0.4
conocido,0,5,5,1.0
sowohl,0,5,5,1.0
rizvi,5,0,5,0.0
rbi,3,2,5,0.4
pythagora,0,5,5,1.0
choctaw,0,5,5,1.0
reimpos,2,3,5,0.6
spreadid,5,0,5,0.0
stopband,0,5,5,1.0
outquest,0,5,5,1.0
hermitian,0,5,5,1.0
histochemistri,0,5,5,1.0
larynx,1,4,5,0.8
atisfi,0,5,5,1.0
goldschen,0,5,5,1.0
salemm,0,5,5,1.0
goldfield,1,4,5,0.8
pmi,3,2,5,0.4
competitividad,0,5,5,1.0
fric,0,5,5,1.0
skymil,5,0,5,0.0
hailstorm,1,4,5,0.8
therewith,0,5,5,1.0
leal,4,1,5,0.2
kaleidescop,0,5,5,1.0
grantor,0,5,5,1.0
rescon,0,5,5,1.0
zellerbach,0,5,5,1.0
datlng,0,5,5,1.0
roughshod,1,4,5,0.8
quicklink,5,0,5,0.0
antipodean,0,5,5,1.0
condi,0,5,5,1.0
jackdaw,0,5,5,1.0
evanston,2,3,5,0.6
valderrama,5,0,5,0.0
impotenci,0,5,5,1.0
protactinium,0,5,5,1.0
pompon,0,5,5,1.0
nazism,0,5,5,1.0
mylar,0,5,5,1.0
macquari,0,5,5,1.0
fragranc,0,5,5,1.0
simonson,0,5,5,1.0
futurelook,0,5,5,1.0
mailll,0,5,5,1.0
warplan,0,5,5,1.0
pasteup,0,5,5,1.0
wiener,1,4,5,0.8
coldfus,0,5,5,1.0
lol,1,4,5,0.8
pknopick,0,5,5,1.0
natrajan,5,0,5,0.0
proverbi,2,3,5,0.6
informationthank,0,5,5,1.0
infima,0,5,5,1.0
hilltop,0,5,5,1.0
sawbelli,0,5,5,1.0
towhe,0,5,5,1.0
estratgica,0,5,5,1.0
roa,0,5,5,1.0
ranjit,5,0,5,0.0
koothrappali,5,0,5,0.0
protagonist,0,5,5,1.0
ipco,5,0,5,0.0
consegu,0,5,5,1.0
jeffer,2,3,5,0.6
sofia,1,4,5,0.8
contactarlo,0,5,5,1.0
onsitewel,0,5,5,1.0
gentri,1,4,5,0.8
melanin,0,5,5,1.0
rudolf,2,3,5,0.6
dadson,5,0,5,0.0
pliocen,0,5,5,1.0
tadalaf,0,5,5,1.0
dogleg,0,5,5,1.0
rmzmail,0,5,5,1.0
lettr,0,5,5,1.0
israelit,0,5,5,1.0
manifestacion,0,5,5,1.0
vanderpoel,0,5,5,1.0
bunyan,0,5,5,1.0
kzxgvamvlenkvnmo,0,5,5,1.0
ctrp,0,5,5,1.0
cambio,0,5,5,1.0
fizeau,0,5,5,1.0
powerbrokersllc,5,0,5,0.0
stiletto,0,5,5,1.0
osob,5,0,5,0.0
katwala,5,0,5,0.0
langer,0,5,5,1.0
darussalam,0,5,5,1.0
morita,5,0,5,0.0
unfruit,0,5,5,1.0
coordiant,5,0,5,0.0
recapitai,0,5,5,1.0
byzantium,0,5,5,1.0
woodlot,0,5,5,1.0
nymph,0,5,5,1.0
pla,0,5,5,1.0
gunnarsson,0,5,5,1.0
turnoff,0,5,5,1.0
offenbach,0,5,5,1.0
traceri,0,5,5,1.0
collett,5,0,5,0.0
fallibl,0,5,5,1.0
filial,0,5,5,1.0
rockland,0,5,5,1.0
ponoka,5,0,5,0.0
herpetolog,0,5,5,1.0
referncia,0,5,5,1.0
ico,0,5,5,1.0
tinsel,0,5,5,1.0
maop,5,0,5,0.0
claustrophobia,0,5,5,1.0
ihappeningsi,5,0,5,0.0
atravé,0,5,5,1.0
nnel,0,5,5,1.0
xenograft,0,5,5,1.0
nannett,0,5,5,1.0
ersatz,0,5,5,1.0
atul,5,0,5,0.0
ayuda,0,5,5,1.0
vella,0,5,5,1.0
hopkinsian,0,5,5,1.0
firearm,0,5,5,1.0
seresh,5,0,5,0.0
unimodular,0,5,5,1.0
sio,0,5,5,1.0
lubowski,5,0,5,0.0
strewn,0,5,5,1.0
automatch,5,0,5,0.0
trunklin,5,0,5,0.0
topsid,5,0,5,0.0
silicid,0,5,5,1.0
reorganiz,5,0,5,0.0
unip,0,5,5,1.0
fcd,5,0,5,0.0
sowbelli,0,5,5,1.0
vogel,5,0,5,0.0
ephraim,0,5,5,1.0
finnish,2,3,5,0.6
injun,0,5,5,1.0
comrcio,0,5,5,1.0
prtica,0,5,5,1.0
fissi,0,5,5,1.0
kart,1,4,5,0.8
reminis,0,5,5,1.0
contrarian,4,1,5,0.2
fullzero,0,5,5,1.0
fluor,1,4,5,0.8
wmv,0,5,5,1.0
janna,3,2,5,0.4
uav,4,1,5,0.2
korbelik,5,0,5,0.0
ganhar,0,5,5,1.0
weber,1,4,5,0.8
trickeri,0,5,5,1.0
mansel,3,2,5,0.4
riga,0,5,5,1.0
hopeyouar,0,5,5,1.0
bedraggl,0,5,5,1.0
teakettl,0,5,5,1.0
prspctl,0,4,4,1.0
toprol,0,4,4,1.0
unmodifi,0,4,4,1.0
tetrahedron,0,4,4,1.0
ritmo,0,4,4,1.0
rahat,0,4,4,1.0
ccheaper,0,4,4,1.0
qro,1,3,4,0.75
avez,0,4,4,1.0
sevevteen,0,4,4,1.0
mailord,0,4,4,1.0
anoint,3,1,4,0.25
ihatetowork,0,4,4,1.0
cate,4,0,4,0.0
simplex,1,3,4,0.75
ohmmet,0,4,4,1.0
ibrom,4,0,4,0.0
rosel,0,4,4,1.0
ure,0,4,4,1.0
suchen,0,4,4,1.0
morgansecur,0,4,4,1.0
zeigen,0,4,4,1.0
subpart,2,2,4,0.5
ouur,0,4,4,1.0
gunpowd,0,4,4,1.0
reneg,4,0,4,0.0
inoffens,0,4,4,1.0
torment,0,4,4,1.0
wellha,0,4,4,1.0
gino,0,4,4,1.0
forexdaytrad,0,4,4,1.0
louie,4,0,4,0.0
snaper,0,4,4,1.0
tenebr,0,4,4,1.0
sonrasnda,0,4,4,1.0
halfback,0,4,4,1.0
aimghjcef,0,4,4,1.0
ktt,0,4,4,1.0
octel,4,0,4,0.0
notik,0,4,4,1.0
copernican,0,4,4,1.0
bset,0,4,4,1.0
medlca,0,4,4,1.0
vomit,0,4,4,1.0
bassem,0,4,4,1.0
snub,0,4,4,1.0
jedfh,0,4,4,1.0
midwiv,0,4,4,1.0
origem,0,4,4,1.0
issac,0,4,4,1.0
sor,1,3,4,0.75
fibergla,0,4,4,1.0
teet,0,4,4,1.0
escamilla,4,0,4,0.0
miniskirt,0,4,4,1.0
fadeout,1,3,4,0.75
wight,0,4,4,1.0
conocida,0,4,4,1.0
prélude,0,4,4,1.0
residualincom,0,4,4,1.0
fellatio,0,4,4,1.0
swimsuit,1,3,4,0.75
shortridg,4,0,4,0.0
paralelo,0,4,4,1.0
benalmadena,0,4,4,1.0
sewel,4,0,4,0.0
reet,0,4,4,1.0
childress,1,3,4,0.75
prebid,4,0,4,0.0
consumi,0,4,4,1.0
maletoyz,0,4,4,1.0
villeggiant,4,0,4,0.0
pontoi,4,0,4,0.0
darr,0,4,4,1.0
intelligentsport,0,4,4,1.0
placewar,4,0,4,0.0
nonpartisan,4,0,4,0.0
psychiatri,0,4,4,1.0
merhaba,0,4,4,1.0
northumberland,0,4,4,1.0
djnr,4,0,4,0.0
lbcunningham,4,0,4,0.0
wydaj,4,0,4,0.0
andman,0,4,4,1.0
nosed,4,0,4,0.0
submittyour,0,4,4,1.0
laudatori,0,4,4,1.0
diario,0,4,4,1.0
zagreb,0,4,4,1.0
phage,0,4,4,1.0
marcusevanstx,4,0,4,0.0
surfbuddi,0,4,4,1.0
drp,3,1,4,0.25
mescid,0,4,4,1.0
kiani,4,0,4,0.0
duron,0,4,4,1.0
wispi,0,4,4,1.0
extrovert,0,4,4,1.0
joker,4,0,4,0.0
candidat,0,4,4,1.0
niacin,0,4,4,1.0
gtma,4,0,4,0.0
veinott,4,0,4,0.0
spacetim,0,4,4,1.0
reamer,3,1,4,0.25
addin,4,0,4,0.0
tarwo,0,4,4,1.0
zahlen,0,4,4,1.0
pygmi,0,4,4,1.0
houssewivv,0,4,4,1.0
lottohat,0,4,4,1.0
kickback,0,4,4,1.0
sunburnt,0,4,4,1.0
ova,0,4,4,1.0
arabian,2,2,4,0.5
fcp,4,0,4,0.0
effectsno,0,4,4,1.0
hallucin,0,4,4,1.0
guaran,0,4,4,1.0
topp,0,4,4,1.0
mvanrassel,4,0,4,0.0
ptolema,0,4,4,1.0
umv,0,4,4,1.0
publicit,0,4,4,1.0
dileriz,0,4,4,1.0
brayton,4,0,4,0.0
shanley,3,1,4,0.25
unimod,0,4,4,1.0
horsefli,0,4,4,1.0
lisp,0,4,4,1.0
uteru,0,4,4,1.0
ektachrom,0,4,4,1.0
uaeenquiri,0,4,4,1.0
wireman,0,4,4,1.0
backach,0,4,4,1.0
firststepport,4,0,4,0.0
nuno,0,4,4,1.0
commercl,0,4,4,1.0
cert,2,2,4,0.5
wto,4,0,4,0.0
sugerencia,0,4,4,1.0
ssle,0,4,4,1.0
googlecash,0,4,4,1.0
tukur,0,4,4,1.0
calaway,0,4,4,1.0
femm,0,4,4,1.0
nlo,0,4,4,1.0
infomerciai,0,4,4,1.0
conozca,0,4,4,1.0
chopra,4,0,4,0.0
jibe,0,4,4,1.0
farshad,4,0,4,0.0
yesnoexplain,0,4,4,1.0
serveur,0,4,4,1.0
apasco,4,0,4,0.0
amfont,0,4,4,1.0
eciips,0,4,4,1.0
listemizden,0,4,4,1.0
gridlock,4,0,4,0.0
particul,0,4,4,1.0
charterpipelin,0,4,4,1.0
jpi,4,0,4,0.0
viewhostd,0,4,4,1.0
remeron,0,4,4,1.0
decisão,0,4,4,1.0
obstin,0,4,4,1.0
boyffriend,0,4,4,1.0
istanbul,0,4,4,1.0
voll,3,1,4,0.25
consolidao,0,4,4,1.0
stuffff,0,4,4,1.0
fangm,4,0,4,0.0
uml,0,4,4,1.0
fuji,0,4,4,1.0
agrocom,0,4,4,1.0
kumbo,0,4,4,1.0
enkindl,0,4,4,1.0
pantheist,0,4,4,1.0
roibot,0,4,4,1.0
higgason,4,0,4,0.0
sagebrush,0,4,4,1.0
globul,0,4,4,1.0
lessard,4,0,4,0.0
hoie,0,4,4,1.0
luego,0,4,4,1.0
accountonlin,4,0,4,0.0
brockhan,4,0,4,0.0
deman,0,4,4,1.0
poiuyt,0,4,4,1.0
tiazac,0,4,4,1.0
sollten,0,4,4,1.0
mansfeld,4,0,4,0.0
marino,1,3,4,0.75
adss,1,3,4,0.75
curral,4,0,4,0.0
thconfsessionsl,4,0,4,0.0
xyx,0,4,4,1.0
appprov,0,4,4,1.0
shahalam,0,4,4,1.0
paleolith,0,4,4,1.0
kvaerner,2,2,4,0.5
spectroscopi,0,4,4,1.0
gnp,0,4,4,1.0
aon,2,2,4,0.5
promcoord,0,4,4,1.0
ubb,0,4,4,1.0
thump,0,4,4,1.0
býrlýkte,0,4,4,1.0
steakhous,4,0,4,0.0
zlonghorn,4,0,4,0.0
visigoth,0,4,4,1.0
heriitag,0,4,4,1.0
tradesmen,0,4,4,1.0
regimen,0,4,4,1.0
benedicta,2,2,4,0.5
olczyk,4,0,4,0.0
bggv,0,4,4,1.0
utensil,0,4,4,1.0
kbohn,4,0,4,0.0
naic,4,0,4,0.0
malarkey,4,0,4,0.0
adovor,4,0,4,0.0
thabet,4,0,4,0.0
pch,0,4,4,1.0
gunsling,2,2,4,0.5
intención,0,4,4,1.0
alaina,2,2,4,0.5
ecran,0,4,4,1.0
aceh,0,4,4,1.0
lrci,4,0,4,0.0
hoov,0,4,4,1.0
emuls,0,4,4,1.0
fmg,0,4,4,1.0
kajeta,0,4,4,1.0
mogli,4,0,4,0.0
overlaid,2,2,4,0.5
geschdftskunden,0,4,4,1.0
hawker,3,1,4,0.25
sigleto,0,4,4,1.0
manhol,0,4,4,1.0
saygilarimizla,0,4,4,1.0
pharaoh,0,4,4,1.0
ofession,0,4,4,1.0
portmanteau,0,4,4,1.0
proteja,0,4,4,1.0
priviieg,0,4,4,1.0
lessl,0,4,4,1.0
copul,0,4,4,1.0
odel,0,4,4,1.0
stockguru,0,4,4,1.0
gigaherz,0,4,4,1.0
owgr,0,4,4,1.0
ustom,0,4,4,1.0
hecho,0,4,4,1.0
cruver,4,0,4,0.0
afriedman,4,0,4,0.0
socorro,0,4,4,1.0
albemarl,4,0,4,0.0
liturg,0,4,4,1.0
wonyan,0,4,4,1.0
overcam,4,0,4,0.0
mse,3,1,4,0.25
dotcom,4,0,4,0.0
filigre,0,4,4,1.0
atemberaubend,0,4,4,1.0
compelet,4,0,4,0.0
lvan,4,0,4,0.0
phosphin,0,4,4,1.0
karkhani,4,0,4,0.0
oecol,4,0,4,0.0
xantz,0,4,4,1.0
edoingw,0,4,4,1.0
foxglov,0,4,4,1.0
kilim,0,4,4,1.0
smikl,4,0,4,0.0
manlichdukko,0,4,4,1.0
strongroom,0,4,4,1.0
vicodi,0,4,4,1.0
oligoclas,0,4,4,1.0
foxhol,0,4,4,1.0
firewa,0,4,4,1.0
fich,0,4,4,1.0
pennyroy,0,4,4,1.0
ifram,0,4,4,1.0
codigo,0,4,4,1.0
nrc,0,4,4,1.0
dlare,0,4,4,1.0
veltri,4,0,4,0.0
maa,0,4,4,1.0
mgica,0,4,4,1.0
timesofindia,4,0,4,0.0
meetingstop,4,0,4,0.0
nwt,4,0,4,0.0
gcgkmjcmeb,0,4,4,1.0
maltreat,0,4,4,1.0
typewrit,0,4,4,1.0
saturat,0,4,4,1.0
dlsmith,4,0,4,0.0
pillsburi,2,2,4,0.5
holzer,4,0,4,0.0
caicedo,0,4,4,1.0
interviewsemerg,0,4,4,1.0
agmg,0,4,4,1.0
blijft,0,4,4,1.0
época,0,4,4,1.0
xanaix,0,4,4,1.0
xchang,0,4,4,1.0
sunburn,0,4,4,1.0
tung,2,2,4,0.5
sideboard,0,4,4,1.0
instinctu,0,4,4,1.0
soffit,0,4,4,1.0
moviesvil,0,4,4,1.0
gatewood,4,0,4,0.0
informarl,0,4,4,1.0
lidofont,0,4,4,1.0
hindi,0,4,4,1.0
forefath,2,2,4,0.5
pepperoni,0,4,4,1.0
freshmen,0,4,4,1.0
tensil,0,4,4,1.0
mpeti,0,4,4,1.0
runt,0,4,4,1.0
artística,0,4,4,1.0
inir,0,4,4,1.0
loggerhead,0,4,4,1.0
vogler,4,0,4,0.0
flinch,0,4,4,1.0
fontsit,0,4,4,1.0
yarkand,0,4,4,1.0
estdio,0,4,4,1.0
zagaponi,0,4,4,1.0
identificao,0,4,4,1.0
extremum,0,4,4,1.0
alann,4,0,4,0.0
aldrin,0,4,4,1.0
wca,0,4,4,1.0
seja,0,4,4,1.0
piill,0,4,4,1.0
covey,0,4,4,1.0
tusk,0,4,4,1.0
softwindow,0,4,4,1.0
pouvoir,0,4,4,1.0
fernandez,1,3,4,0.75
tallest,2,2,4,0.5
rápido,0,4,4,1.0
teheran,0,4,4,1.0
lebesgu,0,4,4,1.0
powernext,4,0,4,0.0
efbh,4,0,4,0.0
barrio,0,4,4,1.0
spss,4,0,4,0.0
pav,2,2,4,0.5
verkeersveiligheid,0,4,4,1.0
parisio,0,4,4,1.0
tbutton,4,0,4,0.0
ureg,0,4,4,1.0
protecion,0,4,4,1.0
pup,0,4,4,1.0
zuerich,3,1,4,0.25
schizomycet,0,4,4,1.0
procurando,0,4,4,1.0
ccessful,0,4,4,1.0
aboutu,0,4,4,1.0
everyoung,0,4,4,1.0
ypf,3,1,4,0.25
escrev,0,4,4,1.0
snigger,0,4,4,1.0
oaxaqueño,0,4,4,1.0
gmp,0,4,4,1.0
laiho,4,0,4,0.0
piesniewska,4,0,4,0.0
humber,4,0,4,0.0
daliah,0,4,4,1.0
technoiogicaili,0,4,4,1.0
ican,0,4,4,1.0
raze,0,4,4,1.0
hotb,0,4,4,1.0
honoraria,0,4,4,1.0
eiectrica,0,4,4,1.0
smartpurchas,0,4,4,1.0
vanderhorst,4,0,4,0.0
amanullah,4,0,4,0.0
freezer,0,4,4,1.0
myelin,0,4,4,1.0
fsmail,0,4,4,1.0
sylow,0,4,4,1.0
krisna,4,0,4,0.0
puhca,4,0,4,0.0
mauldin,4,0,4,0.0
nhbqlfivih,0,4,4,1.0
spencerian,0,4,4,1.0
treo,0,4,4,1.0
webkatalogen,0,4,4,1.0
gern,3,1,4,0.25
mmb,4,0,4,0.0
maliba,0,4,4,1.0
letra,0,4,4,1.0
commite,4,0,4,0.0
gambiil,0,4,4,1.0
netofficesi,4,0,4,0.0
heisenberg,0,4,4,1.0
hermoso,0,4,4,1.0
andal,0,4,4,1.0
paisaj,0,4,4,1.0
dgautschi,4,0,4,0.0
grtl,0,4,4,1.0
skirl,0,4,4,1.0
ahmet,0,4,4,1.0
safeco,4,0,4,0.0
vacil,0,4,4,1.0
gda,4,0,4,0.0
hoong,4,0,4,0.0
produ,0,4,4,1.0
cotejo,0,4,4,1.0
ruinou,3,1,4,0.25
counterclockwis,0,4,4,1.0
probeer,0,4,4,1.0
karpoff,4,0,4,0.0
hanslip,4,0,4,0.0
mcculloch,4,0,4,0.0
shamo,4,0,4,0.0
amrica,0,4,4,1.0
careerbuild,0,4,4,1.0
pacmemb,4,0,4,0.0
altura,0,4,4,1.0
sprit,3,1,4,0.25
hattiesburg,0,4,4,1.0
bvifont,0,4,4,1.0
kiwi,0,4,4,1.0
infidel,0,4,4,1.0
jansen,1,3,4,0.75
wasnt,1,3,4,0.75
ramsymed,0,4,4,1.0
gardi,4,0,4,0.0
grainn,4,0,4,0.0
kichler,0,4,4,1.0
eti,0,4,4,1.0
habib,0,4,4,1.0
gönül,0,4,4,1.0
fusiform,0,4,4,1.0
echul,0,4,4,1.0
madefrom,0,4,4,1.0
drei,0,4,4,1.0
officiaili,0,4,4,1.0
peikert,4,0,4,0.0
uran,0,4,4,1.0
loveimpact,0,4,4,1.0
ipsilater,0,4,4,1.0
arserv,4,0,4,0.0
molar,0,4,4,1.0
durkin,0,4,4,1.0
wheatland,4,0,4,0.0
uncontrol,2,2,4,0.5
substitutionari,0,4,4,1.0
offshoot,1,3,4,0.75
mtablism,0,4,4,1.0
izzo,4,0,4,0.0
kibitz,0,4,4,1.0
analytica,4,0,4,0.0
cupric,0,4,4,1.0
poot,0,4,4,1.0
transept,0,4,4,1.0
damion,0,4,4,1.0
floodlit,0,4,4,1.0
lynnett,3,1,4,0.25
heathen,0,4,4,1.0
harshest,4,0,4,0.0
carácter,0,4,4,1.0
nineveh,0,4,4,1.0
godzilla,0,4,4,1.0
estrogen,0,4,4,1.0
dunphi,4,0,4,0.0
enigmat,0,4,4,1.0
bütün,0,4,4,1.0
cornshuck,4,0,4,0.0
calub,4,0,4,0.0
zajda,4,0,4,0.0
efendimiz,0,4,4,1.0
sadism,0,4,4,1.0
commodit,4,0,4,0.0
jayd,0,4,4,1.0
dobri,4,0,4,0.0
frigulti,0,4,4,1.0
fwpgncv,0,4,4,1.0
crech,0,4,4,1.0
þcómo,0,4,4,1.0
pornladi,0,4,4,1.0
velveti,0,4,4,1.0
tedious,0,4,4,1.0
moodysqra,4,0,4,0.0
robson,4,0,4,0.0
spiro,0,4,4,1.0
windowpan,0,4,4,1.0
plush,0,4,4,1.0
hirschler,4,0,4,0.0
weiight,0,4,4,1.0
spudeck,4,0,4,0.0
callthi,0,4,4,1.0
tomorrowworldwid,0,4,4,1.0
polari,0,4,4,1.0
mackayj,4,0,4,0.0
grackl,0,4,4,1.0
mildr,0,4,4,1.0
mormon,0,4,4,1.0
nogid,4,0,4,0.0
ewrm,4,0,4,0.0
billon,1,3,4,0.75
freestor,0,4,4,1.0
shipo,4,0,4,0.0
inzynieria,4,0,4,0.0
pollux,0,4,4,1.0
rastraer,0,4,4,1.0
newlett,0,4,4,1.0
çýkmak,0,4,4,1.0
dcenternbsp,0,4,4,1.0
cmpltnss,4,0,4,0.0
hewett,0,4,4,1.0
yergin,4,0,4,0.0
angiorrhagia,0,4,4,1.0
resumo,0,4,4,1.0
wwf,0,4,4,1.0
weasel,0,4,4,1.0
transconduct,0,4,4,1.0
lacklust,2,2,4,0.5
elleri,4,0,4,0.0
instrumenta,0,4,4,1.0
stamen,0,4,4,1.0
gamlng,0,4,4,1.0
ehirst,4,0,4,0.0
portico,0,4,4,1.0
baltiacapit,0,4,4,1.0
hvdc,4,0,4,0.0
kortney,4,0,4,0.0
litana,0,4,4,1.0
ýçin,0,4,4,1.0
valuabi,0,4,4,1.0
tbo,1,3,4,0.75
dhurri,0,4,4,1.0
wochenend,0,4,4,1.0
segurança,0,4,4,1.0
foxboro,3,1,4,0.25
padamsinh,4,0,4,0.0
carrabin,4,0,4,0.0
raritan,0,4,4,1.0
vlad,0,4,4,1.0
lineprint,0,4,4,1.0
pricepow,0,4,4,1.0
softgoeshom,0,4,4,1.0
bijna,0,4,4,1.0
llodoyo,0,4,4,1.0
sheather,0,4,4,1.0
schermerhorn,4,0,4,0.0
maceut,0,4,4,1.0
atbukwvlkcg,0,4,4,1.0
pelz,4,0,4,0.0
coteri,4,0,4,0.0
seahawk,4,0,4,0.0
llaga,0,4,4,1.0
finicki,0,4,4,1.0
lyczak,4,0,4,0.0
consejera,0,4,4,1.0
talkingstock,0,4,4,1.0
williem,0,4,4,1.0
esso,3,1,4,0.25
adeyinka,0,4,4,1.0
shaver,4,0,4,0.0
choquett,4,0,4,0.0
loler,0,4,4,1.0
moneyjudg,0,4,4,1.0
fitzgibbon,4,0,4,0.0
siegmund,0,4,4,1.0
hodgeson,4,0,4,0.0
clonazepam,0,4,4,1.0
joelpittet,0,4,4,1.0
fustig,0,4,4,1.0
thomspson,0,4,4,1.0
pizzeria,0,4,4,1.0
sebastin,0,4,4,1.0
pugh,0,4,4,1.0
alemin,0,4,4,1.0
gid,0,4,4,1.0
zici,4,0,4,0.0
virtuosi,0,4,4,1.0
qualm,1,3,4,0.75
sleuth,0,4,4,1.0
retval,4,0,4,0.0
manad,4,0,4,0.0
dalewilliam,0,4,4,1.0
vollen,1,3,4,0.75
ukrpi,4,0,4,0.0
unintellig,3,1,4,0.25
tradesman,0,4,4,1.0
refect,0,4,4,1.0
flatli,3,1,4,0.25
banerje,3,1,4,0.25
layn,4,0,4,0.0
allher,0,4,4,1.0
sonido,0,4,4,1.0
kwame,0,4,4,1.0
ertyiurewr,0,4,4,1.0
tochter,0,4,4,1.0
pnl,4,0,4,0.0
bleaker,4,0,4,0.0
spume,0,4,4,1.0
kuehler,4,0,4,0.0
michi,0,4,4,1.0
medsgalor,0,4,4,1.0
depr,4,0,4,0.0
baertlein,4,0,4,0.0
forrwwarrrd,0,4,4,1.0
hammar,0,4,4,1.0
compilado,0,4,4,1.0
guiana,0,4,4,1.0
asistent,0,4,4,1.0
lti,1,3,4,0.75
tomara,0,4,4,1.0
husbandri,1,3,4,0.75
xola,0,4,4,1.0
egisl,0,4,4,1.0
efp,3,1,4,0.25
legate,0,4,4,1.0
bakun,4,0,4,0.0
trombon,0,4,4,1.0
implicitli,4,0,4,0.0
odpowiedz,4,0,4,0.0
nurel,0,4,4,1.0
turgid,0,4,4,1.0
extrada,0,4,4,1.0
uwvqv,0,4,4,1.0
lemo,0,4,4,1.0
houdini,0,4,4,1.0
psl,2,2,4,0.5
oportunidadhbl,0,4,4,1.0
useabl,4,0,4,0.0
documentao,0,4,4,1.0
iztari,0,4,4,1.0
larryjoneso,0,4,4,1.0
engnieer,0,4,4,1.0
expost,4,0,4,0.0
westar,4,0,4,0.0
gerichtsvollzieh,0,4,4,1.0
dao,0,4,4,1.0
gobi,0,4,4,1.0
flonetwork,0,4,4,1.0
tractabl,4,0,4,0.0
intestina,0,4,4,1.0
minkowski,4,0,4,0.0
millionen,0,4,4,1.0
enviara,0,4,4,1.0
premiumhealthnow,0,4,4,1.0
contactez,0,4,4,1.0
nilesh,4,0,4,0.0
bandh,4,0,4,0.0
pomp,0,4,4,1.0
virginian,0,4,4,1.0
naturalgain,0,4,4,1.0
paramu,0,4,4,1.0
ryzykiem,4,0,4,0.0
sarcasm,1,3,4,0.75
nbpl,4,0,4,0.0
guga,0,4,4,1.0
nakib,0,4,4,1.0
gikgo,0,4,4,1.0
seidel,2,2,4,0.5
macau,0,4,4,1.0
ricket,0,4,4,1.0
simplement,0,4,4,1.0
noncurr,4,0,4,0.0
mitr,0,4,4,1.0
siniard,4,0,4,0.0
gsf,4,0,4,0.0
myspyeras,0,4,4,1.0
directn,0,4,4,1.0
egmar,4,0,4,0.0
mercat,0,4,4,1.0
ancla,0,4,4,1.0
abudu,0,4,4,1.0
diver,1,3,4,0.75
flunk,0,4,4,1.0
bure,4,0,4,0.0
vielleicht,0,4,4,1.0
póliza,0,4,4,1.0
peliet,0,4,4,1.0
unbound,3,1,4,0.25
bissonnet,4,0,4,0.0
commcent,4,0,4,0.0
remettr,0,4,4,1.0
neveragain,0,4,4,1.0
mukesh,4,0,4,0.0
andth,0,4,4,1.0
superpos,0,4,4,1.0
cmsenergi,4,0,4,0.0
stator,0,4,4,1.0
eluk,0,4,4,1.0
eyelet,0,4,4,1.0
ratliff,3,1,4,0.25
fesselungen,0,4,4,1.0
prazer,0,4,4,1.0
prooblem,0,4,4,1.0
marko,0,4,4,1.0
dayhello,0,4,4,1.0
tillag,0,4,4,1.0
brauchen,0,4,4,1.0
viewport,0,4,4,1.0
macphail,4,0,4,0.0
prolix,0,4,4,1.0
sailboat,1,3,4,0.75
colega,0,4,4,1.0
yin,1,3,4,0.75
baltia,0,4,4,1.0
somo,0,4,4,1.0
phentfont,0,4,4,1.0
millikan,0,4,4,1.0
puni,0,4,4,1.0
privfirm,4,0,4,0.0
plumber,0,4,4,1.0
gnassingb,0,4,4,1.0
rorer,4,0,4,0.0
priceson,0,4,4,1.0
fusco,4,0,4,0.0
iqpc,4,0,4,0.0
idempot,0,4,4,1.0
interventur,0,4,4,1.0
croasdal,4,0,4,0.0
dover,1,3,4,0.75
meand,0,4,4,1.0
comfont,0,4,4,1.0
osgood,0,4,4,1.0
poisson,0,4,4,1.0
qqn,0,4,4,1.0
voosen,0,4,4,1.0
houser,4,0,4,0.0
apym,0,4,4,1.0
riopuerco,4,0,4,0.0
ribos,0,4,4,1.0
wnt,4,0,4,0.0
gfg,0,4,4,1.0
optician,0,4,4,1.0
insrast,4,0,4,0.0
mustang,3,1,4,0.25
oxen,0,4,4,1.0
diall,1,3,4,0.75
sidesaddl,0,4,4,1.0
monologist,0,4,4,1.0
comthi,0,4,4,1.0
aftead,0,4,4,1.0
kendrick,2,2,4,0.5
zwei,0,4,4,1.0
vspace,0,4,4,1.0
araujo,4,0,4,0.0
relacionada,0,4,4,1.0
dominica,1,3,4,0.75
enerson,4,0,4,0.0
gator,0,4,4,1.0
wongfay,0,4,4,1.0
susquehanna,4,0,4,0.0
alamonsoff,4,0,4,0.0
youngstown,0,4,4,1.0
zivic,4,0,4,0.0
accrcyj,4,0,4,0.0
basvol,4,0,4,0.0
llar,0,4,4,1.0
rpondez,0,4,4,1.0
levinson,4,0,4,0.0
sucheta,4,0,4,0.0
intercal,0,4,4,1.0
knucklebal,0,4,4,1.0
freehostchina,0,4,4,1.0
wilton,4,0,4,0.0
magpi,0,4,4,1.0
forkesparrk,0,4,4,1.0
iten,0,4,4,1.0
saba,2,2,4,0.5
jaffri,4,0,4,0.0
avendida,0,4,4,1.0
alabi,0,4,4,1.0
dipex,0,4,4,1.0
lamott,0,4,4,1.0
bancom,0,4,4,1.0
figueira,0,4,4,1.0
swirli,0,4,4,1.0
styx,1,3,4,0.75
coyuntura,0,4,4,1.0
flack,0,4,4,1.0
spermatazoa,0,4,4,1.0
legerdemain,0,4,4,1.0
picasso,0,4,4,1.0
geltend,0,4,4,1.0
tinder,0,4,4,1.0
carcass,0,4,4,1.0
iftr,0,4,4,1.0
gallu,0,4,4,1.0
posibilita,0,4,4,1.0
sparkman,1,3,4,0.75
legan,0,4,4,1.0
thema,0,4,4,1.0
huggin,0,4,4,1.0
thegreatestbodi,0,4,4,1.0
pbhg,4,0,4,0.0
topsitez,0,4,4,1.0
gmasson,4,0,4,0.0
onllin,0,4,4,1.0
priddi,4,0,4,0.0
infix,0,4,4,1.0
statesdollar,0,4,4,1.0
incubi,0,4,4,1.0
bookmobil,0,4,4,1.0
leonin,0,4,4,1.0
thistransact,0,4,4,1.0
multidisciplinari,3,1,4,0.25
savfont,0,4,4,1.0
primaci,0,4,4,1.0
ejoh,0,4,4,1.0
abass,0,4,4,1.0
septuagenarian,0,4,4,1.0
brelsford,4,0,4,0.0
herron,3,1,4,0.25
decca,0,4,4,1.0
timeworn,0,4,4,1.0
posi,0,4,4,1.0
colorimet,0,4,4,1.0
newsboy,0,4,4,1.0
zihillr,0,4,4,1.0
selftreat,0,4,4,1.0
straggl,0,4,4,1.0
eisenhour,4,0,4,0.0
testb,0,4,4,1.0
preferido,0,4,4,1.0
urethan,0,4,4,1.0
pickman,0,4,4,1.0
arialbufont,0,4,4,1.0
puntual,0,4,4,1.0
agreem,0,4,4,1.0
bevan,0,4,4,1.0
eedu,4,0,4,0.0
prohibitori,0,4,4,1.0
icebreak,4,0,4,0.0
aplicado,0,4,4,1.0
lai,0,4,4,1.0
sternal,0,4,4,1.0
emr,1,3,4,0.75
nastiest,0,4,4,1.0
houstoneneryg,4,0,4,0.0
whippet,0,4,4,1.0
abgeschlossen,0,4,4,1.0
iwil,0,4,4,1.0
cirm,0,4,4,1.0
sitesar,0,4,4,1.0
conosco,0,4,4,1.0
payent,0,4,4,1.0
metrix,4,0,4,0.0
apo,4,0,4,0.0
dimanch,0,4,4,1.0
erbium,0,4,4,1.0
usar,0,4,4,1.0
nish,4,0,4,0.0
aliment,0,4,4,1.0
pappi,0,4,4,1.0
kyodo,4,0,4,0.0
roullett,0,4,4,1.0
bronchi,0,4,4,1.0
paydo,0,4,4,1.0
brokeriq,4,0,4,0.0
transcendent,0,4,4,1.0
sentanc,1,3,4,0.75
sulk,0,4,4,1.0
skater,1,3,4,0.75
oingwel,0,4,4,1.0
vahfaz,0,4,4,1.0
imort,0,4,4,1.0
goo,0,4,4,1.0
hatt,0,4,4,1.0
mostrando,0,4,4,1.0
overtop,0,4,4,1.0
fantasm,0,4,4,1.0
bruner,4,0,4,0.0
wateri,0,4,4,1.0
riedman,4,0,4,0.0
islamabad,1,3,4,0.75
fricker,4,0,4,0.0
toel,0,4,4,1.0
comparlson,0,4,4,1.0
evita,0,4,4,1.0
ufj,4,0,4,0.0
wsfoclxkmsyflo,0,4,4,1.0
accordion,0,4,4,1.0
gemanix,4,0,4,0.0
ghostffff,0,4,4,1.0
musicolog,0,4,4,1.0
stuntz,4,0,4,0.0
wmo,4,0,4,0.0
megastor,0,4,4,1.0
hendon,4,0,4,0.0
fehler,0,4,4,1.0
kde,4,0,4,0.0
shoebind,0,4,4,1.0
greenmountain,4,0,4,0.0
credittelephon,0,4,4,1.0
boeski,4,0,4,0.0
unprepar,2,2,4,0.5
antonyhessen,0,4,4,1.0
goran,4,0,4,0.0
stipiform,0,4,4,1.0
franciso,0,4,4,1.0
heckman,0,4,4,1.0
surfez,0,4,4,1.0
gorel,4,0,4,0.0
yok,0,4,4,1.0
funcin,0,4,4,1.0
lare,0,4,4,1.0
defcon,0,4,4,1.0
cfpcisseo,0,4,4,1.0
dewlap,0,4,4,1.0
walch,4,0,4,0.0
trypanolyt,0,4,4,1.0
pppwd,4,0,4,0.0
wsu,4,0,4,0.0
whiz,2,2,4,0.5
ajayi,0,4,4,1.0
goodyear,0,4,4,1.0
bdpl,4,0,4,0.0
ckalmeida,4,0,4,0.0
atent,0,4,4,1.0
rufino,4,0,4,0.0
farhangi,4,0,4,0.0
reenerg,4,0,4,0.0
underriddl,0,4,4,1.0
hrl,2,2,4,0.5
lidia,4,0,4,0.0
ayad,0,4,4,1.0
nkuma,0,4,4,1.0
angeben,0,4,4,1.0
allno,0,4,4,1.0
lye,0,4,4,1.0
pyrolys,0,4,4,1.0
misrepresent,2,2,4,0.5
aristid,0,4,4,1.0
incredi,0,4,4,1.0
nik,4,0,4,0.0
citysearch,4,0,4,0.0
photolyt,0,4,4,1.0
thurbin,4,0,4,0.0
colchicin,0,4,4,1.0
yoyoforsheerjoy,0,4,4,1.0
detailsto,0,4,4,1.0
unsaf,3,1,4,0.25
forebear,4,0,4,0.0
moroccan,0,4,4,1.0
orest,0,4,4,1.0
numerisch,0,4,4,1.0
simbol,0,4,4,1.0
esearch,4,0,4,0.0
watanab,1,3,4,0.75
newyorklif,4,0,4,0.0
worldstream,0,4,4,1.0
srimer,4,0,4,0.0
kennedywilson,4,0,4,0.0
maladroit,0,4,4,1.0
bni,4,0,4,0.0
soieli,0,4,4,1.0
darla,3,1,4,0.25
contrasea,0,4,4,1.0
thyroxin,0,4,4,1.0
pyrosis,0,4,4,1.0
reclassifi,3,1,4,0.25
absens,4,0,4,0.0
minutemen,0,4,4,1.0
estimacin,0,4,4,1.0
hho,0,4,4,1.0
originalbut,0,4,4,1.0
trampl,0,4,4,1.0
pitsaw,0,4,4,1.0
undisadvantag,0,4,4,1.0
oeri,0,4,4,1.0
valent,0,4,4,1.0
permitido,0,4,4,1.0
plataforma,0,4,4,1.0
eilao,0,4,4,1.0
replet,0,4,4,1.0
impresora,0,4,4,1.0
escribano,0,4,4,1.0
microbiolog,1,3,4,0.75
webmillion,0,4,4,1.0
criptografia,0,4,4,1.0
thimbu,0,4,4,1.0
desarrollar,0,4,4,1.0
malawi,0,4,4,1.0
ettien,4,0,4,0.0
obsequi,0,4,4,1.0
owest,0,4,4,1.0
chandrapur,4,0,4,0.0
kingsgat,4,0,4,0.0
taiseid,4,0,4,0.0
mustachio,0,4,4,1.0
hereunto,0,4,4,1.0
jeffri,2,2,4,0.5
swappabl,0,4,4,1.0
perlingier,4,0,4,0.0
wxl,0,4,4,1.0
mle,2,2,4,0.5
falmouth,0,4,4,1.0
uoh,4,0,4,0.0
lopucki,4,0,4,0.0
konusunda,0,4,4,1.0
tecum,0,4,4,1.0
yerger,4,0,4,0.0
sapp,2,2,4,0.5
çankaya,0,4,4,1.0
optimic,0,4,4,1.0
stultifi,0,4,4,1.0
opo,0,4,4,1.0
fow,4,0,4,0.0
grout,1,3,4,0.75
methionin,0,4,4,1.0
patrycja,4,0,4,0.0
solectron,4,0,4,0.0
aceprintwear,0,4,4,1.0
altinda,0,4,4,1.0
detalhar,0,4,4,1.0
kohl,3,1,4,0.25
latitudinari,0,4,4,1.0
país,0,4,4,1.0
horsehead,0,4,4,1.0
otherworld,0,4,4,1.0
vlco,0,4,4,1.0
bioterror,4,0,4,0.0
irec,0,4,4,1.0
fulil,0,4,4,1.0
datanetwork,0,4,4,1.0
joyrid,0,4,4,1.0
mesma,0,4,4,1.0
thli,0,4,4,1.0
addressess,0,4,4,1.0
postmultipli,0,4,4,1.0
scaveng,2,2,4,0.5
rptg,4,0,4,0.0
wazzzup,4,0,4,0.0
akkabay,0,4,4,1.0
cdsusa,4,0,4,0.0
sayfalarinin,0,4,4,1.0
balt,4,0,4,0.0
atth,0,4,4,1.0
chirano,0,4,4,1.0
rechtlich,0,4,4,1.0
scyth,0,4,4,1.0
eae,0,4,4,1.0
pieterman,0,4,4,1.0
padila,0,4,4,1.0
dumont,1,3,4,0.75
maggoti,0,4,4,1.0
candlelit,0,4,4,1.0
watchindustri,0,4,4,1.0
gre,2,2,4,0.5
rosali,0,4,4,1.0
cuota,0,4,4,1.0
intrchng,4,0,4,0.0
ferazdr,0,4,4,1.0
siltat,0,4,4,1.0
sanook,0,4,4,1.0
erastu,0,4,4,1.0
swroy,4,0,4,0.0
clecomarand,4,0,4,0.0
fngl,0,4,4,1.0
govenar,4,0,4,0.0
colaborar,0,4,4,1.0
healthfirm,0,4,4,1.0
sitepronew,0,4,4,1.0
starwar,0,4,4,1.0
wildcatt,2,2,4,0.5
edgley,4,0,4,0.0
foulston,0,4,4,1.0
suey,0,4,4,1.0
effectsfast,0,4,4,1.0
prinivil,0,4,4,1.0
surfeit,0,4,4,1.0
nto,1,3,4,0.75
pyroxen,0,4,4,1.0
actualizar,0,4,4,1.0
schloss,0,4,4,1.0
panu,4,0,4,0.0
molybdenum,0,4,4,1.0
bigbonu,0,4,4,1.0
pector,1,3,4,0.75
hoffmann,2,2,4,0.5
leola,3,1,4,0.25
virscan,4,0,4,0.0
radiotelegraph,0,4,4,1.0
readersim,0,4,4,1.0
homeopath,0,4,4,1.0
motet,0,4,4,1.0
msmswolpx,4,0,4,0.0
unsteadi,0,4,4,1.0
rationa,0,4,4,1.0
abordagen,0,4,4,1.0
larenc,4,0,4,0.0
ostentati,1,3,4,0.75
hensch,4,0,4,0.0
jumpsocieti,0,4,4,1.0
sevrr,0,4,4,1.0
herhangi,0,4,4,1.0
mbna,2,2,4,0.5
orthodox,0,4,4,1.0
econmico,0,4,4,1.0
salk,0,4,4,1.0
advertls,0,4,4,1.0
cefgjkalhi,0,4,4,1.0
woechentlich,3,1,4,0.25
veeri,0,4,4,1.0
creveffo,4,0,4,0.0
phosphid,0,4,4,1.0
dramaticaili,0,4,4,1.0
mathematik,0,4,4,1.0
investsourc,0,4,4,1.0
petrauska,4,0,4,0.0
hexan,1,3,4,0.75
stepwis,0,4,4,1.0
pppwdl,4,0,4,0.0
uncheck,3,1,4,0.25
helmsmen,0,4,4,1.0
menfolk,0,4,4,1.0
institucion,0,4,4,1.0
hsdl,0,4,4,1.0
glycol,0,4,4,1.0
yusuffl,0,4,4,1.0
percentu,0,4,4,1.0
ctp,1,3,4,0.75
endosperm,0,4,4,1.0
singsong,0,4,4,1.0
phantasi,0,4,4,1.0
goldi,0,4,4,1.0
horvan,0,4,4,1.0
secção,0,4,4,1.0
feminin,0,4,4,1.0
zaakvoerd,0,4,4,1.0
unspecif,4,0,4,0.0
capetown,0,4,4,1.0
thibaut,4,0,4,0.0
coz,0,4,4,1.0
amidogen,0,4,4,1.0
spatio,0,4,4,1.0
rog,4,0,4,0.0
significa,0,4,4,1.0
nominatif,0,4,4,1.0
ntlworld,0,4,4,1.0
widman,4,0,4,0.0
sediti,0,4,4,1.0
smokestack,0,4,4,1.0
sphalerit,0,4,4,1.0
rubdown,0,4,4,1.0
wainscot,0,4,4,1.0
wilford,3,1,4,0.25
georgi,4,0,4,0.0
myeloid,0,4,4,1.0
rexrod,4,0,4,0.0
interspers,0,4,4,1.0
weinert,4,0,4,0.0
arindam,4,0,4,0.0
theist,0,4,4,1.0
rbow,4,0,4,0.0
peral,4,0,4,0.0
delgado,3,1,4,0.25
geyser,1,3,4,0.75
chaaang,0,4,4,1.0
olma,0,4,4,1.0
gana,0,4,4,1.0
eakin,4,0,4,0.0
shehan,0,4,4,1.0
invlida,0,4,4,1.0
kofi,0,4,4,1.0
nem,0,4,4,1.0
bovanno,0,4,4,1.0
prothonotari,0,4,4,1.0
overcapac,4,0,4,0.0
extened,4,0,4,0.0
okek,0,4,4,1.0
hemapophys,0,4,4,1.0
purron,0,4,4,1.0
chappetto,4,0,4,0.0
trabajador,0,4,4,1.0
pertinaci,0,4,4,1.0
distancia,0,4,4,1.0
notesmail,4,0,4,0.0
schofield,0,4,4,1.0
corgi,4,0,4,0.0
magrud,1,3,4,0.75
magnuson,1,3,4,0.75
mammalian,0,4,4,1.0
michelangelo,0,4,4,1.0
tousl,0,4,4,1.0
uio,1,3,4,0.75
engrenagen,0,4,4,1.0
korkma,4,0,4,0.0
monologu,0,4,4,1.0
anic,0,4,4,1.0
individuel,0,4,4,1.0
wicked,0,4,4,1.0
kovac,1,3,4,0.75
livesit,0,4,4,1.0
viriiiti,0,4,4,1.0
pharmci,0,4,4,1.0
miscalcul,4,0,4,0.0
honeybe,1,3,4,0.75
tomoko,3,1,4,0.25
pruyt,4,0,4,0.0
rudl,0,4,4,1.0
prejudg,4,0,4,0.0
lovebird,0,4,4,1.0
bblico,0,4,4,1.0
snoopi,0,4,4,1.0
aynhgh,0,4,4,1.0
monarchi,0,4,4,1.0
divstrong,0,4,4,1.0
narottam,4,0,4,0.0
akaa,0,4,4,1.0
entonc,0,4,4,1.0
phafont,0,4,4,1.0
mitnick,4,0,4,0.0
tagliarino,4,0,4,0.0
cristiana,0,4,4,1.0
sandpil,0,4,4,1.0
librium,0,4,4,1.0
studenikin,0,4,4,1.0
engañar,0,4,4,1.0
aomori,4,0,4,0.0
procctrldesk,4,0,4,0.0
psim,4,0,4,0.0
hewn,0,4,4,1.0
disneau,4,0,4,0.0
sappi,0,4,4,1.0
sadam,0,4,4,1.0
lockstep,1,3,4,0.75
sonoma,0,4,4,1.0
cowparad,4,0,4,0.0
worklif,4,0,4,0.0
mloom,0,4,4,1.0
otherworldli,1,3,4,0.75
ecomom,0,4,4,1.0
rarefi,0,4,4,1.0
euesden,0,4,4,1.0
delfeld,4,0,4,0.0
unicament,0,4,4,1.0
allwein,4,0,4,0.0
mlokay,4,0,4,0.0
pacient,0,4,4,1.0
tnsc,4,0,4,0.0
mackenziefinanci,4,0,4,0.0
bbtu,4,0,4,0.0
mtpi,0,4,4,1.0
mpdirect,0,4,4,1.0
scab,0,4,4,1.0
consecuencia,0,4,4,1.0
paradigmat,0,4,4,1.0
verstndni,0,4,4,1.0
unchalleng,2,2,4,0.5
disentangl,4,0,4,0.0
recapp,0,4,4,1.0
sacrosanct,0,4,4,1.0
ineduc,0,4,4,1.0
deco,3,1,4,0.25
mümezzak,0,4,4,1.0
durgin,4,0,4,0.0
rercruit,4,0,4,0.0
wedlock,0,4,4,1.0
tulsiani,4,0,4,0.0
briç,0,4,4,1.0
kaffaf,0,4,4,1.0
heartedli,1,3,4,0.75
prestomium,0,4,4,1.0
intoyour,0,4,4,1.0
odomet,0,4,4,1.0
moeten,0,4,4,1.0
pazirik,0,4,4,1.0
effortless,0,4,4,1.0
forsaken,0,4,4,1.0
hpshum,0,4,4,1.0
envía,0,4,4,1.0
rde,0,4,4,1.0
ipado,0,4,4,1.0
biuetooth,0,4,4,1.0
axp,4,0,4,0.0
nabisco,1,3,4,0.75
notifiy,4,0,4,0.0
ringmast,0,4,4,1.0
hausman,4,0,4,0.0
mbaldwin,4,0,4,0.0
labenemeritao,0,4,4,1.0
poética,0,4,4,1.0
þemlehum,0,4,4,1.0
stippl,0,4,4,1.0
eohippu,0,4,4,1.0
magnoiia,0,4,4,1.0
hoist,1,3,4,0.75
iilinoi,0,4,4,1.0
arquitecto,0,4,4,1.0
lyri,4,0,4,0.0
inexpert,0,4,4,1.0
narcissu,0,4,4,1.0
bunc,4,0,4,0.0
brumley,0,4,4,1.0
triatom,0,4,4,1.0
prace,4,0,4,0.0
inexplain,0,4,4,1.0
swiftest,4,0,4,0.0
haano,0,4,4,1.0
tatt,0,4,4,1.0
manitoba,0,4,4,1.0
promocin,0,4,4,1.0
calla,0,4,4,1.0
featherb,0,4,4,1.0
liv,0,4,4,1.0
purvey,0,4,4,1.0
angegeben,0,4,4,1.0
loraforexmanag,0,4,4,1.0
wijzen,0,4,4,1.0
dug,0,4,4,1.0
claro,0,4,4,1.0
sedit,0,4,4,1.0
spaniolo,4,0,4,0.0
beynehum,0,4,4,1.0
judicatori,0,4,4,1.0
brownfeld,4,0,4,0.0
degeyt,4,0,4,0.0
filtersppv,0,4,4,1.0
reread,1,3,4,0.75
wydani,4,0,4,0.0
biorhythm,0,4,4,1.0
especializada,0,4,4,1.0
shantung,0,4,4,1.0
dipros,4,0,4,0.0
jsf,2,2,4,0.5
marketingform,0,4,4,1.0
stehlin,4,0,4,0.0
czajkowski,0,4,4,1.0
pantalla,0,4,4,1.0
whinni,0,4,4,1.0
rasnic,4,0,4,0.0
apellido,0,4,4,1.0
lrgroff,4,0,4,0.0
freundlichem,0,4,4,1.0
gautschi,4,0,4,0.0
fou,0,4,4,1.0
underlist,0,4,4,1.0
pubesc,0,4,4,1.0
greenspoint,2,2,4,0.5
hochmuth,4,0,4,0.0
hendrix,0,4,4,1.0
wolfram,4,0,4,0.0
ellodoy,0,4,4,1.0
whatnot,0,4,4,1.0
gonzlez,0,4,4,1.0
nyti,4,0,4,0.0
communci,4,0,4,0.0
dlw,0,4,4,1.0
creepi,0,4,4,1.0
interactivo,0,4,4,1.0
rafeh,0,4,4,1.0
bpat,4,0,4,0.0
ingeniero,0,4,4,1.0
bsico,0,4,4,1.0
calmer,1,3,4,0.75
achar,0,4,4,1.0
pleura,0,4,4,1.0
senahealth,0,4,4,1.0
sanduski,0,4,4,1.0
feliz,0,4,4,1.0
chaeng,4,0,4,0.0
getirilir,0,4,4,1.0
remier,0,4,4,1.0
firestorm,4,0,4,0.0
lunadrug,0,4,4,1.0
xetra,4,0,4,0.0
terabyt,4,0,4,0.0
enro,2,2,4,0.5
snuff,1,3,4,0.75
overboard,4,0,4,0.0
multicli,4,0,4,0.0
avtansini,4,0,4,0.0
moorish,0,4,4,1.0
sermon,2,2,4,0.5
bfjkdei,0,4,4,1.0
hartney,4,0,4,0.0
kitt,0,4,4,1.0
macroeconmica,0,4,4,1.0
fullback,1,3,4,0.75
risktrack,4,0,4,0.0
popish,0,4,4,1.0
fortescu,0,4,4,1.0
overkil,3,1,4,0.25
pergamon,0,4,4,1.0
idx,3,1,4,0.25
altera,2,2,4,0.5
invita,0,4,4,1.0
neww,0,4,4,1.0
macdougal,0,4,4,1.0
sledgehamm,0,4,4,1.0
demott,0,4,4,1.0
chartplott,0,4,4,1.0
laufend,0,4,4,1.0
loch,4,0,4,0.0
kamich,4,0,4,0.0
ramada,0,4,4,1.0
erwartet,0,4,4,1.0
infocom,4,0,4,0.0
osf,0,4,4,1.0
unshak,0,4,4,1.0
zammit,4,0,4,0.0
eiae,0,4,4,1.0
mahesh,4,0,4,0.0
slovakia,2,2,4,0.5
weedi,0,4,4,1.0
portuaria,0,4,4,1.0
behaupten,0,4,4,1.0
vaz,4,0,4,0.0
makosana,0,4,4,1.0
nrgi,0,4,4,1.0
barchart,4,0,4,0.0
madelein,0,4,4,1.0
furhter,3,1,4,0.25
cybernauta,0,4,4,1.0
lieber,0,4,4,1.0
undeclar,0,4,4,1.0
estatuto,0,4,4,1.0
camporeal,4,0,4,0.0
dbq,4,0,4,0.0
ningbo,1,3,4,0.75
moldavia,0,4,4,1.0
mýthat,0,4,4,1.0
fux,0,4,4,1.0
realsoft,0,4,4,1.0
rechard,0,4,4,1.0
andalusia,0,4,4,1.0
sluttyyyy,0,4,4,1.0
gunmen,0,4,4,1.0
spini,0,4,4,1.0
tize,4,0,4,0.0
versail,0,4,4,1.0
definatl,0,4,4,1.0
atco,4,0,4,0.0
tehachapi,4,0,4,0.0
cmpdv,4,0,4,0.0
compañia,0,4,4,1.0
livingillus,0,4,4,1.0
mogul,1,3,4,0.75
allthewhey,0,4,4,1.0
jcpenney,4,0,4,0.0
yall,3,1,4,0.25
vrouwen,0,4,4,1.0
commoditit,4,0,4,0.0
hoarfrost,0,4,4,1.0
argpc,0,4,4,1.0
gameplan,4,0,4,0.0
jonka,0,4,4,1.0
brumm,4,0,4,0.0
boehlk,4,0,4,0.0
resumevalet,0,4,4,1.0
alpenantiqu,0,4,4,1.0
cybertech,4,0,4,0.0
editar,0,4,4,1.0
acessar,0,4,4,1.0
purportedli,3,1,4,0.25
hillcrest,0,4,4,1.0
tlc,0,4,4,1.0
sprintmail,4,0,4,0.0
establecida,0,4,4,1.0
hitchhik,0,4,4,1.0
partisanship,4,0,4,0.0
leachat,0,4,4,1.0
splendor,0,4,4,1.0
ashmen,0,4,4,1.0
blotter,3,1,4,0.25
utilitiesffff,0,4,4,1.0
reptilian,0,4,4,1.0
gruß,0,4,4,1.0
interlac,0,4,4,1.0
aslong,0,4,4,1.0
nuditi,0,4,4,1.0
poepl,3,1,4,0.25
rumpu,0,4,4,1.0
recomend,1,3,4,0.75
individ,0,4,4,1.0
mesoderm,0,4,4,1.0
sault,0,4,4,1.0
gewinnen,0,4,4,1.0
flist,4,0,4,0.0
rotenberbg,4,0,4,0.0
kargbou,0,4,4,1.0
yong,3,1,4,0.25
elhamdulillahi,0,4,4,1.0
martinisblu,0,4,4,1.0
skimp,2,2,4,0.5
waybil,0,4,4,1.0
ýyý,0,4,4,1.0
cfmadeghl,0,4,4,1.0
vividlif,0,4,4,1.0
jacksondr,0,4,4,1.0
physik,0,4,4,1.0
pulaski,0,4,4,1.0
yourtimetolaugh,0,4,4,1.0
rooki,1,3,4,0.75
gerat,0,4,4,1.0
eneo,4,0,4,0.0
aclamado,0,4,4,1.0
panach,0,4,4,1.0
leter,0,4,4,1.0
removey,0,4,4,1.0
instrutor,0,4,4,1.0
parapet,0,4,4,1.0
linkpopular,0,4,4,1.0
wadi,1,3,4,0.75
miscibl,0,4,4,1.0
gasconi,0,4,4,1.0
mediareadi,0,4,4,1.0
teratogen,0,4,4,1.0
iiagra,0,4,4,1.0
multiplicand,0,4,4,1.0
optoelectron,0,4,4,1.0
mtier,0,4,4,1.0
refractomet,0,4,4,1.0
vasotec,0,4,4,1.0
burgo,1,3,4,0.75
última,0,4,4,1.0
overrod,1,3,4,0.75
cacaro,4,0,4,0.0
denim,2,2,4,0.5
moli,0,4,4,1.0
solips,0,4,4,1.0
dmiami,0,4,4,1.0
mdvip,0,4,4,1.0
rausser,4,0,4,0.0
skci,0,4,4,1.0
empioy,0,4,4,1.0
fabricao,0,4,4,1.0
fco,2,2,4,0.5
uwe,0,4,4,1.0
monogam,0,4,4,1.0
jocos,0,4,4,1.0
piquantli,0,4,4,1.0
spauld,0,4,4,1.0
unborn,2,2,4,0.5
waxman,4,0,4,0.0
sandburg,0,4,4,1.0
kokeng,4,0,4,0.0
shijiazhuang,0,4,4,1.0
neeeed,0,4,4,1.0
dof,0,4,4,1.0
piggish,0,4,4,1.0
rebuilt,4,0,4,0.0
mrjoemark,0,4,4,1.0
fiyer,0,4,4,1.0
sinnagasak,0,4,4,1.0
situar,0,4,4,1.0
tamlyn,4,0,4,0.0
fvd,0,4,4,1.0
twdp,4,0,4,0.0
sphinx,0,4,4,1.0
reaccept,4,0,4,0.0
lura,0,4,4,1.0
wwmapolp,4,0,4,0.0
ionq,0,4,4,1.0
enjoind,0,4,4,1.0
interraci,0,4,4,1.0
qot,0,4,4,1.0
coord,3,1,4,0.25
obligor,4,0,4,0.0
foon,4,0,4,0.0
verapamil,0,4,4,1.0
ìl,0,4,4,1.0
fecund,0,4,4,1.0
zyxel,0,4,4,1.0
estwith,0,4,4,1.0
hydrophthalmo,0,4,4,1.0
ibid,0,4,4,1.0
ept,4,0,4,0.0
gibi,0,4,4,1.0
tyrosin,0,4,4,1.0
caa,1,3,4,0.75
chromatogram,0,4,4,1.0
revnet,0,4,4,1.0
atel,4,0,4,0.0
westerli,0,4,4,1.0
equabl,0,4,4,1.0
verstoeben,0,4,4,1.0
thal,4,0,4,0.0
storedirect,0,4,4,1.0
kingfish,0,4,4,1.0
yun,0,4,4,1.0
okuma,0,4,4,1.0
lope,0,4,4,1.0
quicklim,0,4,4,1.0
arialdownload,0,4,4,1.0
oati,4,0,4,0.0
inhous,4,0,4,0.0
laughlin,0,4,4,1.0
solstic,1,3,4,0.75
cockl,0,4,4,1.0
stuttgart,0,4,4,1.0
ceci,0,4,4,1.0
psychophys,0,4,4,1.0
petruszka,4,0,4,0.0
fontin,0,4,4,1.0
zazen,0,4,4,1.0
hilda,4,0,4,0.0
abqjwjadf,0,4,4,1.0
ergwn,0,4,4,1.0
mfdab,0,4,4,1.0
threonin,0,4,4,1.0
llh,2,2,4,0.5
growthmarket,0,4,4,1.0
deepscan,0,4,4,1.0
mucu,0,4,4,1.0
plunkett,2,2,4,0.5
sandip,4,0,4,0.0
teletyp,0,4,4,1.0
quedará,0,4,4,1.0
phllip,4,0,4,0.0
oviduct,0,4,4,1.0
friedrich,0,4,4,1.0
stubbl,0,4,4,1.0
xin,1,3,4,0.75
koz,2,2,4,0.5
olariu,0,4,4,1.0
rhombi,0,4,4,1.0
unbeknownst,0,4,4,1.0
infoluckydayinfo,0,4,4,1.0
sickl,0,4,4,1.0
bruxel,0,4,4,1.0
sgould,4,0,4,0.0
allsoftbest,0,4,4,1.0
mildli,2,2,4,0.5
tild,0,4,4,1.0
nepenth,0,4,4,1.0
orthoclas,0,4,4,1.0
ijn,3,1,4,0.25
enthral,0,4,4,1.0
frontag,0,4,4,1.0
highwaydatabas,0,4,4,1.0
fdei,0,4,4,1.0
foy,4,0,4,0.0
spermamax,0,4,4,1.0
scurril,0,4,4,1.0
serin,0,4,4,1.0
pincu,4,0,4,0.0
gaa,2,2,4,0.5
peabodi,2,2,4,0.5
mirabel,3,1,4,0.25
ltr,4,0,4,0.0
buymax,0,4,4,1.0
gyrfalcon,0,4,4,1.0
namaz,0,4,4,1.0
kmicorp,4,0,4,0.0
greatt,0,4,4,1.0
fontbien,0,4,4,1.0
moos,0,4,4,1.0
rekatta,0,4,4,1.0
forcast,1,3,4,0.75
interstic,0,4,4,1.0
teakerl,4,0,4,0.0
scrumptiou,0,4,4,1.0
creampi,0,4,4,1.0
gissel,1,3,4,0.75
philippian,1,3,4,0.75
denic,0,4,4,1.0
netz,0,4,4,1.0
vollmer,4,0,4,0.0
crdena,0,4,4,1.0
bucha,0,4,4,1.0
wokomah,0,4,4,1.0
dexatrim,4,0,4,0.0
instalado,0,4,4,1.0
marlett,4,0,4,0.0
lionel,0,4,4,1.0
gaucheri,0,4,4,1.0
brandli,4,0,4,0.0
ern,1,3,4,0.75
fucekd,0,4,4,1.0
pppwel,4,0,4,0.0
wspolpracujemi,4,0,4,0.0
qam,0,4,4,1.0
oysterhood,0,4,4,1.0
colsta,0,4,4,1.0
thesauru,0,4,4,1.0
gelabl,0,4,4,1.0
nava,4,0,4,0.0
withn,0,4,4,1.0
raff,0,4,4,1.0
isnbank,0,4,4,1.0
sidl,0,4,4,1.0
judder,1,3,4,0.75
ahum,0,4,4,1.0
whimsey,0,4,4,1.0
candella,4,0,4,0.0
pontali,0,4,4,1.0
bassey,0,4,4,1.0
waterfront,0,4,4,1.0
salat,0,4,4,1.0
skullduggeri,2,2,4,0.5
seremak,4,0,4,0.0
cortic,0,4,4,1.0
atocwed,0,4,4,1.0
baco,0,4,4,1.0
snakebird,0,4,4,1.0
borenstein,4,0,4,0.0
beasley,4,0,4,0.0
lkbk,4,0,4,0.0
osmosi,1,3,4,0.75
unperpetr,0,4,4,1.0
barnburn,3,1,4,0.25
infelicit,0,4,4,1.0
nst,0,4,4,1.0
agi,1,3,4,0.75
successnet,0,4,4,1.0
haf,0,4,4,1.0
sagamu,0,4,4,1.0
marisa,4,0,4,0.0
uunila,4,0,4,0.0
anatomía,0,4,4,1.0
ovari,0,4,4,1.0
peccari,0,4,4,1.0
talento,0,4,4,1.0
inquest,0,4,4,1.0
taxonom,0,4,4,1.0
matemática,0,4,4,1.0
bstl,4,0,4,0.0
coolest,2,2,4,0.5
tmf,4,0,4,0.0
easo,4,0,4,0.0
cathey,4,0,4,0.0
minicomput,0,4,4,1.0
wilshir,2,2,4,0.5
capilar,0,4,4,1.0
unfriendli,0,4,4,1.0
joul,0,4,4,1.0
flatwar,0,4,4,1.0
indexexpress,0,4,4,1.0
agp,1,3,4,0.75
trida,4,0,4,0.0
comis,2,2,4,0.5
rxonlinenet,0,4,4,1.0
hua,0,4,4,1.0
gymnosperm,0,4,4,1.0
vichi,0,4,4,1.0
stainlessteelbodi,0,4,4,1.0
gruff,0,4,4,1.0
bitnet,0,4,4,1.0
ppay,0,4,4,1.0
customersr,0,4,4,1.0
cvel,0,4,4,1.0
issuealerthtml,4,0,4,0.0
olguin,0,4,4,1.0
sarahl,0,4,4,1.0
millic,0,4,4,1.0
ausenhu,4,0,4,0.0
valuim,0,4,4,1.0
whereabout,1,3,4,0.75
somerhald,4,0,4,0.0
medici,0,4,4,1.0
pinw,4,0,4,0.0
whic,0,4,4,1.0
volp,4,0,4,0.0
subdivis,4,0,4,0.0
wharv,0,4,4,1.0
baller,4,0,4,0.0
tijd,0,4,4,1.0
martensit,0,4,4,1.0
mbf,0,4,4,1.0
devicebackup,0,4,4,1.0
chopper,1,3,4,0.75
airbas,4,0,4,0.0
versýyonlari,0,4,4,1.0
segu,0,4,4,1.0
wapato,0,4,4,1.0
ergod,0,4,4,1.0
superclub,0,4,4,1.0
piatek,4,0,4,0.0
zfmuhlpmicrosoft,0,4,4,1.0
industryindustri,0,4,4,1.0
levulos,0,4,4,1.0
rebuff,3,1,4,0.25
carcter,0,4,4,1.0
pinnat,0,4,4,1.0
nutbush,4,0,4,0.0
enronofflin,4,0,4,0.0
weiner,4,0,4,0.0
pleiad,0,4,4,1.0
dex,1,3,4,0.75
extr,0,4,4,1.0
herew,0,4,4,1.0
knoll,0,4,4,1.0
esuppli,2,2,4,0.5
sokol,4,0,4,0.0
newbold,0,4,4,1.0
springbok,0,4,4,1.0
gfdgfppp,0,4,4,1.0
irreduc,0,4,4,1.0
shirtmak,0,4,4,1.0
cbt,1,3,4,0.75
baez,0,4,4,1.0
bronk,0,4,4,1.0
delibero,4,0,4,0.0
tickler,0,4,4,1.0
gwaltney,4,0,4,0.0
heaviiy,0,4,4,1.0
hrgim,4,0,4,0.0
aparecen,0,4,4,1.0
panpacif,0,4,4,1.0
platon,0,4,4,1.0
abscond,0,4,4,1.0
ssinvit,4,0,4,0.0
rollex,0,4,4,1.0
pioneiro,0,4,4,1.0
ümmete,0,4,4,1.0
highrol,0,4,4,1.0
beud,0,4,4,1.0
swum,0,4,4,1.0
phc,3,1,4,0.25
coinag,0,4,4,1.0
extensiblearesol,0,4,4,1.0
liloo,0,4,4,1.0
gettysburg,0,4,4,1.0
tearlik,0,4,4,1.0
triphenylphosphin,0,4,4,1.0
coreexpress,4,0,4,0.0
twitchi,0,4,4,1.0
birden,0,4,4,1.0
pribbl,4,0,4,0.0
stearic,0,4,4,1.0
contábil,0,4,4,1.0
posh,0,4,4,1.0
millston,1,3,4,0.75
circumnavig,0,4,4,1.0
sdgdfhgh,0,4,4,1.0
printwear,0,4,4,1.0
logica,0,4,4,1.0
overexpos,3,1,4,0.25
anw,0,4,4,1.0
powolac,4,0,4,0.0
emech,4,0,4,0.0
propietario,0,4,4,1.0
espreadaso,4,0,4,0.0
hensi,0,4,4,1.0
junichi,4,0,4,0.0
dsmobil,0,4,4,1.0
nnh,4,0,4,0.0
limpieza,0,4,4,1.0
joinworldbuydirect,0,4,4,1.0
irrefut,0,4,4,1.0
lenhart,4,0,4,0.0
cordova,3,1,4,0.25
italiana,3,1,4,0.25
makron,0,4,4,1.0
havea,0,4,4,1.0
serwin,4,0,4,0.0
ensconc,0,4,4,1.0
eek,0,4,4,1.0
patriarchi,0,4,4,1.0
ismail,1,3,4,0.75
coserv,4,0,4,0.0
piggi,2,2,4,0.5
tuscan,0,4,4,1.0
gunnison,0,4,4,1.0
belirsizliin,0,4,4,1.0
reserpin,0,4,4,1.0
uiaton,0,4,4,1.0
leewel,4,0,4,0.0
antithesi,3,1,4,0.25
cloner,0,4,4,1.0
bieten,0,4,4,1.0
miff,0,4,4,1.0
autoridad,0,4,4,1.0
bunn,4,0,4,0.0
winsom,0,4,4,1.0
vitrifi,0,4,4,1.0
fayad,0,4,4,1.0
orford,0,4,4,1.0
spre,0,4,4,1.0
emarketplac,4,0,4,0.0
emailmarket,0,4,4,1.0
vel,0,4,4,1.0
competitivo,0,4,4,1.0
sladang,0,4,4,1.0
macabr,0,4,4,1.0
orgaasm,0,4,4,1.0
hardbak,0,4,4,1.0
aberta,0,4,4,1.0
forfeitur,0,4,4,1.0
procrust,0,4,4,1.0
rango,0,4,4,1.0
unreimburs,4,0,4,0.0
ndesign,0,4,4,1.0
wotan,0,4,4,1.0
formarl,0,4,4,1.0
shooter,4,0,4,0.0
cagr,0,4,4,1.0
descarguelo,0,4,4,1.0
felecia,3,1,4,0.25
fontbrfont,0,4,4,1.0
usinet,0,4,4,1.0
viscou,0,4,4,1.0
beaton,2,2,4,0.5
exoner,0,4,4,1.0
fontrmaci,0,4,4,1.0
kalecik,0,4,4,1.0
bearbeitung,0,4,4,1.0
indrasantra,0,4,4,1.0
fontp,0,4,4,1.0
numismat,0,4,4,1.0
sciatica,0,4,4,1.0
selenit,0,4,4,1.0
turnkeyim,0,4,4,1.0
spilt,0,4,4,1.0
pubiano,0,4,4,1.0
goleta,0,4,4,1.0
fcornr,4,0,4,0.0
wallop,0,4,4,1.0
storewid,0,4,4,1.0
oxonian,0,4,4,1.0
wydarzenia,4,0,4,0.0
muda,0,4,4,1.0
espreadapo,4,0,4,0.0
rburchf,4,0,4,0.0
theopilu,0,4,4,1.0
finitari,0,4,4,1.0
swlx,4,0,4,0.0
vitreou,0,4,4,1.0
mccluskey,0,4,4,1.0
beschikbaar,0,4,4,1.0
rfq,4,0,4,0.0
becton,4,0,4,0.0
notepad,2,2,4,0.5
adoiesc,0,4,4,1.0
idia,0,4,4,1.0
itsforyouonli,0,4,4,1.0
cleansweepffff,0,4,4,1.0
valfont,0,4,4,1.0
injudici,0,4,4,1.0
aplicao,0,4,4,1.0
trazabilidad,0,4,4,1.0
scherzo,0,4,4,1.0
kibla,0,4,4,1.0
sliver,0,4,4,1.0
mailseach,0,4,4,1.0
relif,0,4,4,1.0
hhi,3,1,4,0.25
parasympathet,0,4,4,1.0
scald,0,4,4,1.0
folglich,0,4,4,1.0
macaqu,0,4,4,1.0
furtado,0,4,4,1.0
gwellhav,0,4,4,1.0
domnguez,0,4,4,1.0
boc,3,1,4,0.25
erasur,0,4,4,1.0
giuliano,0,4,4,1.0
gehören,0,4,4,1.0
walkov,0,4,4,1.0
oncal,4,0,4,0.0
recibirá,0,4,4,1.0
ffffe,0,4,4,1.0
verfahren,0,4,4,1.0
torsion,0,4,4,1.0
greeat,0,4,4,1.0
receptionist,3,1,4,0.25
filtro,0,4,4,1.0
unrespons,3,1,4,0.25
wraith,0,4,4,1.0
garygreen,4,0,4,0.0
strom,1,3,4,0.75
danner,3,1,4,0.25
vasicek,4,0,4,0.0
donut,4,0,4,0.0
apod,0,4,4,1.0
sektion,0,4,4,1.0
cima,4,0,4,0.0
fontctor,0,4,4,1.0
centerbfont,0,4,4,1.0
aaldou,4,0,4,0.0
comw,0,4,4,1.0
ffffbeffffc,0,4,4,1.0
goniomet,0,4,4,1.0
stinki,0,4,4,1.0
mywebwealth,0,4,4,1.0
infolinkca,0,4,4,1.0
rafn,0,4,4,1.0
iipow,4,0,4,0.0
supurti,4,0,4,0.0
gmweissman,4,0,4,0.0
klm,4,0,4,0.0
dnsix,0,4,4,1.0
interrel,1,3,4,0.75
stew,3,1,4,0.25
nakayama,0,4,4,1.0
reiation,0,4,4,1.0
recibilo,0,4,4,1.0
rtga,0,4,4,1.0
edayh,0,4,4,1.0
milligan,3,1,4,0.25
dobra,4,0,4,0.0
bondad,4,0,4,0.0
felsing,4,0,4,0.0
serveron,4,0,4,0.0
estab,0,4,4,1.0
prova,0,4,4,1.0
stomp,2,2,4,0.5
hiiton,0,4,4,1.0
toungé,0,4,4,1.0
saathoff,0,4,4,1.0
setia,0,4,4,1.0
blomqvist,0,4,4,1.0
kanga,0,4,4,1.0
gladewat,4,0,4,0.0
siesta,0,4,4,1.0
totali,0,4,4,1.0
newyorkmedz,0,4,4,1.0
langley,0,4,4,1.0
ephross,4,0,4,0.0
grx,0,4,4,1.0
kerryn,4,0,4,0.0
dreamlik,0,4,4,1.0
inciner,0,4,4,1.0
whipsaw,0,4,4,1.0
nagpur,2,2,4,0.5
raffi,4,0,4,0.0
otios,0,4,4,1.0
steradian,0,4,4,1.0
codpiec,0,4,4,1.0
itright,0,4,4,1.0
wannt,0,4,4,1.0
oxymatrin,0,4,4,1.0
wreckag,0,4,4,1.0
genfont,0,4,4,1.0
amavisd,0,4,4,1.0
fullfil,2,2,4,0.5
daxa,4,0,4,0.0
tinfoil,0,4,4,1.0
physicaliy,0,4,4,1.0
encadenamiento,0,4,4,1.0
inviata,0,4,4,1.0
severn,0,4,4,1.0
demai,0,4,4,1.0
homeloan,0,4,4,1.0
webspher,0,4,4,1.0
vocifer,0,4,4,1.0
pieasantiy,0,4,4,1.0
walden,2,2,4,0.5
desteklý,0,4,4,1.0
paranoiac,0,4,4,1.0
morepl,0,4,4,1.0
gettt,0,4,4,1.0
normin,0,4,4,1.0
pell,0,4,4,1.0
minuend,0,4,4,1.0
velasco,3,1,4,0.25
constitucin,0,4,4,1.0
viktor,0,4,4,1.0
synonymi,0,4,4,1.0
keepsak,1,3,4,0.75
hiss,0,4,4,1.0
sprue,0,4,4,1.0
thundershow,0,4,4,1.0
pigeonfoot,0,4,4,1.0
gwarada,0,4,4,1.0
unattain,0,4,4,1.0
etn,4,0,4,0.0
reclus,0,4,4,1.0
glyph,0,4,4,1.0
agregado,0,4,4,1.0
lipotrop,0,4,4,1.0
qy,0,4,4,1.0
proyeccion,0,4,4,1.0
badura,4,0,4,0.0
benefitsnow,4,0,4,0.0
pigott,4,0,4,0.0
peacock,1,3,4,0.75
fromth,1,3,4,0.75
latinev,0,4,4,1.0
maam,0,4,4,1.0
julin,0,4,4,1.0
nimh,0,4,4,1.0
stirl,0,4,4,1.0
mokeen,4,0,4,0.0
oyalti,0,4,4,1.0
electrophoru,0,4,4,1.0
lbellami,4,0,4,0.0
septum,0,4,4,1.0
temario,0,4,4,1.0
oldsmobil,0,4,4,1.0
pintura,0,4,4,1.0
iiu,0,4,4,1.0
ahi,2,2,4,0.5
nibong,0,4,4,1.0
lotensin,0,4,4,1.0
existen,0,4,4,1.0
positon,4,0,4,0.0
mtwr,4,0,4,0.0
perjuri,0,4,4,1.0
brou,0,4,4,1.0
wesleyan,0,4,4,1.0
contenedor,0,4,4,1.0
byl,4,0,4,0.0
backfir,3,1,4,0.25
mdl,1,3,4,0.75
tabela,0,4,4,1.0
guycarp,4,0,4,0.0
nauseum,0,4,4,1.0
khalifa,0,4,4,1.0
placid,0,4,4,1.0
mtd,4,0,4,0.0
halind,0,4,4,1.0
primal,1,3,4,0.75
lmonth,4,0,4,0.0
endotherm,1,3,4,0.75
igho,0,4,4,1.0
fightpyc,0,4,4,1.0
olufemi,0,4,4,1.0
ricci,0,4,4,1.0
midamerican,4,0,4,0.0
operand,0,4,4,1.0
týklayýn,0,4,4,1.0
wenig,0,4,4,1.0
bowleg,0,4,4,1.0
dinosaur,0,4,4,1.0
advancv,4,0,4,0.0
landesbank,4,0,4,0.0
unscrib,0,4,4,1.0
durex,0,4,4,1.0
deta,0,4,4,1.0
concepo,0,4,4,1.0
gumdrop,0,4,4,1.0
thje,4,0,4,0.0
tendência,0,4,4,1.0
cabel,4,0,4,0.0
loseweightfast,0,4,4,1.0
vavrik,4,0,4,0.0
hobgoblin,0,4,4,1.0
hbr,4,0,4,0.0
kirkbridebuild,0,4,4,1.0
mcmullan,3,1,4,0.25
poiuytrdesc,0,4,4,1.0
manate,0,4,4,1.0
qse,4,0,4,0.0
buscamo,0,4,4,1.0
iet,0,4,4,1.0
wujin,0,4,4,1.0
linxiao,0,4,4,1.0
primero,0,4,4,1.0
bralamon,0,4,4,1.0
erratum,0,4,4,1.0
soderquist,4,0,4,0.0
brigantin,0,4,4,1.0
secretaria,0,4,4,1.0
ceq,0,4,4,1.0
wix,3,1,4,0.25
inharmoni,0,4,4,1.0
gladiolu,0,4,4,1.0
dult,0,4,4,1.0
eigenen,0,4,4,1.0
naszego,4,0,4,0.0
ozu,0,4,4,1.0
senario,4,0,4,0.0
yaralov,4,0,4,0.0
oracular,0,4,4,1.0
gkoepk,4,0,4,0.0
nichrom,0,4,4,1.0
gaurante,0,4,4,1.0
manserv,0,4,4,1.0
padmesh,4,0,4,0.0
kýlýnýr,0,4,4,1.0
ksbrownl,4,0,4,0.0
viabilizao,0,4,4,1.0
substitu,0,4,4,1.0
flautist,0,4,4,1.0
oneil,3,1,4,0.25
cudgel,0,4,4,1.0
digger,3,1,4,0.25
contempla,0,4,4,1.0
rightmost,0,4,4,1.0
salvacin,0,4,4,1.0
cybernoon,4,0,4,0.0
brownle,4,0,4,0.0
oasispost,4,0,4,0.0
neiman,4,0,4,0.0
brevario,0,4,4,1.0
colombian,1,3,4,0.75
montford,4,0,4,0.0
orfont,0,4,4,1.0
somia,0,4,4,1.0
ebookpro,0,4,4,1.0
orden,0,4,4,1.0
goodsoft,0,4,4,1.0
ssmith,4,0,4,0.0
kundenservic,0,4,4,1.0
unexpropri,0,4,4,1.0
vipprofit,0,4,4,1.0
pharmzm,0,4,4,1.0
uplink,0,4,4,1.0
headlight,0,4,4,1.0
cleanest,4,0,4,0.0
gruen,4,0,4,0.0
spiewak,4,0,4,0.0
leepcor,0,4,4,1.0
gabdrafikov,0,4,4,1.0
lâ,0,4,4,1.0
ultrium,0,4,4,1.0
larboard,0,4,4,1.0
anketin,0,4,4,1.0
windowsil,0,4,4,1.0
relocat,0,4,4,1.0
sdss,0,4,4,1.0
wewil,0,4,4,1.0
hypophys,0,4,4,1.0
munguba,0,4,4,1.0
epicycl,0,4,4,1.0
pasentertain,0,4,4,1.0
comanch,0,4,4,1.0
irrepar,0,4,4,1.0
fsi,0,4,4,1.0
tempu,0,4,4,1.0
unviabl,4,0,4,0.0
prescriipt,0,4,4,1.0
býlsag,0,4,4,1.0
zakenvoorstellen,0,4,4,1.0
hexafluorid,0,4,4,1.0
danilow,4,0,4,0.0
meruit,4,0,4,0.0
lmffhmll,0,4,4,1.0
imss,0,4,4,1.0
nino,4,0,4,0.0
humano,0,4,4,1.0
envano,0,4,4,1.0
savingsplan,4,0,4,0.0
torben,0,4,4,1.0
sforzando,0,4,4,1.0
raider,1,3,4,0.75
przywodztwa,4,0,4,0.0
essa,0,4,4,1.0
nalink,4,0,4,0.0
wasl,4,0,4,0.0
elafandi,4,0,4,0.0
euripid,0,4,4,1.0
apolig,4,0,4,0.0
ifa,0,4,4,1.0
looper,4,0,4,0.0
schiffman,4,0,4,0.0
wiggli,0,4,4,1.0
gamon,0,4,4,1.0
botello,4,0,4,0.0
mcd,4,0,4,0.0
especiai,0,4,4,1.0
trainmen,0,4,4,1.0
consultantdr,0,4,4,1.0
chiidren,0,4,4,1.0
plinfo,0,4,4,1.0
dessa,0,4,4,1.0
mklhbi,0,4,4,1.0
onlinepharmacycheap,0,4,4,1.0
eyedirecti,0,4,4,1.0
desenho,0,4,4,1.0
oligarch,0,4,4,1.0
iver,1,3,4,0.75
ecatalog,0,4,4,1.0
preemption,1,3,4,0.75
decir,0,4,4,1.0
existent,0,4,4,1.0
nomogram,0,4,4,1.0
thinner,1,3,4,0.75
irreconcil,1,3,4,0.75
suppur,0,4,4,1.0
lij,0,4,4,1.0
lawrencelrtnmt,4,0,4,0.0
lyra,0,4,4,1.0
yolk,1,3,4,0.75
nadaski,4,0,4,0.0
fonter,0,4,4,1.0
bronchu,0,4,4,1.0
jusbasch,4,0,4,0.0
rotogravur,0,4,4,1.0
viab,3,1,4,0.25
bossom,0,4,4,1.0
caracol,0,4,4,1.0
yourwin,0,4,4,1.0
ýster,0,4,4,1.0
commingl,0,4,4,1.0
playseat,0,4,4,1.0
uncollectedmoney,0,4,4,1.0
ssw,0,4,4,1.0
sanit,2,2,4,0.5
shpped,0,4,4,1.0
zarzadzania,4,0,4,0.0
paisajista,0,4,4,1.0
microfich,0,4,4,1.0
clueless,3,1,4,0.25
washgh,0,4,4,1.0
trofholz,4,0,4,0.0
flatt,0,4,4,1.0
sod,0,4,4,1.0
kearn,4,0,4,0.0
cartridgesfor,0,4,4,1.0
aviron,4,0,4,0.0
amostra,0,4,4,1.0
þettit,0,4,4,1.0
oynamak,0,4,4,1.0
stringfellow,4,0,4,0.0
locu,0,4,4,1.0
hotelu,4,0,4,0.0
sprock,4,0,4,0.0
moniqu,4,0,4,0.0
euskadi,0,4,4,1.0
imfd,0,4,4,1.0
rousseau,2,2,4,0.5
nomura,4,0,4,0.0
substantiaili,0,4,4,1.0
paola,0,4,4,1.0
ssh,0,4,4,1.0
newmont,1,3,4,0.75
prctico,0,4,4,1.0
globalhost,0,4,4,1.0
farinella,0,4,4,1.0
brillianc,1,3,4,0.75
marek,4,0,4,0.0
obdur,0,4,4,1.0
hig,0,4,4,1.0
breton,0,4,4,1.0
sacrileg,0,4,4,1.0
scriptless,0,4,4,1.0
msz,0,4,4,1.0
speach,4,0,4,0.0
stuyves,0,4,4,1.0
heyyy,0,4,4,1.0
wordsworth,0,4,4,1.0
sidler,4,0,4,0.0
tionyou,0,4,4,1.0
einmal,0,4,4,1.0
mystiqu,2,2,4,0.5
prithviraj,4,0,4,0.0
hopscotch,0,4,4,1.0
labourist,0,4,4,1.0
hebraic,0,4,4,1.0
trevelyan,0,4,4,1.0
scss,0,4,4,1.0
electricitydesk,4,0,4,0.0
conseq,1,3,4,0.75
clickgreat,0,4,4,1.0
spectat,1,3,4,0.75
venturesom,0,4,4,1.0
yhol,4,0,4,0.0
shortish,0,4,4,1.0
kwp,2,2,4,0.5
engbrock,4,0,4,0.0
jeopardis,2,2,4,0.5
godbold,4,0,4,0.0
footstool,0,4,4,1.0
fontnax,0,4,4,1.0
noblest,0,4,4,1.0
firmwar,1,3,4,0.75
pompous,0,4,4,1.0
gaussian,0,4,4,1.0
htsc,0,4,4,1.0
bolu,0,4,4,1.0
halsey,0,4,4,1.0
quid,1,3,4,0.75
costbas,4,0,4,0.0
ghg,4,0,4,0.0
sonda,0,4,4,1.0
popularli,0,4,4,1.0
cooli,0,4,4,1.0
tuþuna,0,4,4,1.0
breveffo,4,0,4,0.0
medzplac,0,4,4,1.0
chyba,4,0,4,0.0
caprio,2,2,4,0.5
loneli,0,4,4,1.0
zsoxlxkmicrosoft,0,4,4,1.0
anodyn,0,4,4,1.0
unisex,0,4,4,1.0
gemlik,0,4,4,1.0
nimrod,0,4,4,1.0
tinet,0,4,4,1.0
nepzzz,0,4,4,1.0
mcle,0,4,4,1.0
microfibr,0,4,4,1.0
dwindow,0,4,4,1.0
giuarante,0,4,4,1.0
browner,4,0,4,0.0
stetson,2,2,4,0.5
hopeyoua,0,4,4,1.0
wheelbas,0,4,4,1.0
filmwork,0,4,4,1.0
insiderinsight,4,0,4,0.0
ordnanc,0,4,4,1.0
olivetti,0,4,4,1.0
falfurria,4,0,4,0.0
valenti,4,0,4,0.0
uci,2,2,4,0.5
bessel,0,4,4,1.0
famer,1,3,4,0.75
jocelyn,0,4,4,1.0
collectorsinternet,0,4,4,1.0
triamin,4,0,4,0.0
deana,4,0,4,0.0
frg,0,4,4,1.0
britney,0,4,4,1.0
numin,0,4,4,1.0
pedir,0,4,4,1.0
renal,0,4,4,1.0
spainthi,0,4,4,1.0
fibrosi,0,4,4,1.0
priice,0,4,4,1.0
filbert,0,4,4,1.0
eurekahedg,0,4,4,1.0
mcminn,4,0,4,0.0
sarsparilla,0,4,4,1.0
influncia,0,4,4,1.0
zygoma,0,4,4,1.0
lian,4,0,4,0.0
fido,1,3,4,0.75
theaker,4,0,4,0.0
branco,0,4,4,1.0
enfolio,4,0,4,0.0
xmassav,0,4,4,1.0
verstorbenen,0,4,4,1.0
ssfull,0,4,4,1.0
breakfastin,0,4,4,1.0
zel,4,0,4,0.0
nlsl,4,0,4,0.0
icep,0,4,4,1.0
obtenido,0,4,4,1.0
qz,0,4,4,1.0
furthersmart,0,4,4,1.0
timshometownstori,0,4,4,1.0
osuna,0,4,4,1.0
emailsss,0,4,4,1.0
yappi,0,4,4,1.0
hdfc,4,0,4,0.0
xylen,0,4,4,1.0
autohedg,4,0,4,0.0
baseless,3,1,4,0.25
millionsof,0,4,4,1.0
leytonston,0,4,4,1.0
espirito,2,2,4,0.5
naren,0,4,4,1.0
procreat,0,4,4,1.0
fuselag,0,4,4,1.0
bernadett,4,0,4,0.0
levar,0,4,4,1.0
goudarzi,4,0,4,0.0
epicent,1,3,4,0.75
russula,0,4,4,1.0
razorback,0,4,4,1.0
leek,0,4,4,1.0
pastel,0,4,4,1.0
jiji,4,0,4,0.0
turnel,0,4,4,1.0
polson,4,0,4,0.0
nlng,4,0,4,0.0
bdsm,0,4,4,1.0
latur,4,0,4,0.0
lovingest,0,4,4,1.0
fisica,0,4,4,1.0
std,4,0,4,0.0
joo,0,4,4,1.0
gestellt,0,4,4,1.0
spfa,0,4,4,1.0
incomeop,0,4,4,1.0
leftfont,0,4,4,1.0
nymphomaniac,0,4,4,1.0
eseimoku,0,4,4,1.0
inhalt,0,4,4,1.0
lipp,3,1,4,0.25
myrxo,0,4,4,1.0
goldland,0,4,4,1.0
casiino,0,4,4,1.0
devem,0,4,4,1.0
namer,4,0,4,0.0
webworld,0,4,4,1.0
equilíbrio,0,4,4,1.0
crstm,0,4,4,1.0
macrovis,2,2,4,0.5
selv,0,4,4,1.0
lesdit,0,4,4,1.0
accessibi,0,4,4,1.0
keegan,1,3,4,0.75
incomput,0,4,4,1.0
zoznam,0,4,4,1.0
lucern,0,4,4,1.0
schizophrenia,0,4,4,1.0
seuemail,0,4,4,1.0
pagel,3,1,4,0.25
nacional,0,4,4,1.0
prsident,0,4,4,1.0
berggren,4,0,4,0.0
eze,0,4,4,1.0
pctel,0,4,4,1.0
pendient,0,4,4,1.0
mailmen,0,4,4,1.0
entomolog,0,4,4,1.0
fishmong,0,4,4,1.0
groth,4,0,4,0.0
zakiu,0,4,4,1.0
outokumpu,0,4,4,1.0
enchanc,0,4,4,1.0
scraggli,0,4,4,1.0
thegrid,4,0,4,0.0
fearnley,4,0,4,0.0
raghunatha,4,0,4,0.0
moglichkeit,0,4,4,1.0
irfan,4,0,4,0.0
niej,4,0,4,0.0
incapac,0,4,4,1.0
donlevi,4,0,4,0.0
boxb,0,4,4,1.0
molal,0,4,4,1.0
mcgarret,4,0,4,0.0
mcmurrey,4,0,4,0.0
workmanship,0,4,4,1.0
kinshasha,0,4,4,1.0
tarbel,0,4,4,1.0
viscount,0,4,4,1.0
bastida,4,0,4,0.0
hefei,0,4,4,1.0
xle,0,4,4,1.0
applet,4,0,4,0.0
effexor,0,4,4,1.0
savageri,0,4,4,1.0
deatil,1,3,4,0.75
fozzi,0,4,4,1.0
cardura,0,4,4,1.0
clemenc,0,4,4,1.0
kindergarten,1,3,4,0.75
nanosensor,0,4,4,1.0
earningsvisibili,4,0,4,0.0
neolith,0,4,4,1.0
llamar,0,4,4,1.0
sigrid,3,1,4,0.25
zar,2,2,4,0.5
moneyl,0,4,4,1.0
glichkeit,0,4,4,1.0
gadolinium,0,4,4,1.0
omnisci,0,4,4,1.0
agemak,0,4,4,1.0
consensus,0,4,4,1.0
magoora,0,4,4,1.0
fiscalizadora,0,4,4,1.0
priicess,0,4,4,1.0
semprasolut,4,0,4,0.0
ronger,0,4,4,1.0
endoderm,0,4,4,1.0
fantabul,0,4,4,1.0
meara,2,2,4,0.5
czesc,4,0,4,0.0
ucretsiz,0,4,4,1.0
oduct,0,4,4,1.0
beneficia,0,4,4,1.0
chipset,0,4,4,1.0
keepinghealthi,0,4,4,1.0
werther,0,4,4,1.0
msexch,0,4,4,1.0
verkeersinfo,0,4,4,1.0
eil,0,4,4,1.0
theocraci,0,4,4,1.0
shishido,4,0,4,0.0
infozon,4,0,4,0.0
monetarist,0,4,4,1.0
pino,0,4,4,1.0
provocateur,0,4,4,1.0
radioastronomi,0,4,4,1.0
lchel,0,4,4,1.0
powazaniem,4,0,4,0.0
geert,0,4,4,1.0
imam,3,1,4,0.25
melcher,2,2,4,0.5
gumel,0,4,4,1.0
tgpl,4,0,4,0.0
jessurun,0,4,4,1.0
okq,0,4,4,1.0
conjugado,0,4,4,1.0
hej,0,4,4,1.0
ndg,0,4,4,1.0
cdss,4,0,4,0.0
konten,0,4,4,1.0
xrx,2,2,4,0.5
twanda,4,0,4,0.0
rashpal,4,0,4,0.0
pullen,4,0,4,0.0
prepackag,4,0,4,0.0
lactat,0,4,4,1.0
eighteenth,0,4,4,1.0
typefac,0,4,4,1.0
etiolog,0,4,4,1.0
baer,4,0,4,0.0
microshit,0,4,4,1.0
trainersdr,0,4,4,1.0
comeou,0,4,4,1.0
xcelentbio,0,4,4,1.0
zdrive,0,4,4,1.0
llego,0,4,4,1.0
jetlin,1,3,4,0.75
arfan,4,0,4,0.0
effot,4,0,4,0.0
effeccti,0,4,4,1.0
vulcan,0,4,4,1.0
sandisk,0,4,4,1.0
ukl,0,4,4,1.0
unriv,3,1,4,0.25
darán,0,4,4,1.0
undergrad,4,0,4,0.0
finagl,3,1,4,0.25
despesa,0,4,4,1.0
wsbl,0,4,4,1.0
eoe,2,2,4,0.5
jvi,0,4,4,1.0
instat,4,0,4,0.0
unseasonabi,0,4,4,1.0
lugwig,0,4,4,1.0
jaisinghani,4,0,4,0.0
zernicek,4,0,4,0.0
huangli,0,4,4,1.0
fructuc,0,4,4,1.0
stupefi,0,4,4,1.0
ubicado,0,4,4,1.0
semblanc,0,4,4,1.0
inat,0,4,4,1.0
pawn,1,3,4,0.75
volgen,0,4,4,1.0
zakup,4,0,4,0.0
maladi,0,4,4,1.0
leblanc,4,0,4,0.0
baccatin,0,4,4,1.0
confira,0,4,4,1.0
vivicam,0,4,4,1.0
sagac,0,4,4,1.0
sapien,0,4,4,1.0
paceset,0,4,4,1.0
bushhamm,0,4,4,1.0
paramilitari,0,4,4,1.0
ordder,0,4,4,1.0
harpreet,4,0,4,0.0
scudder,4,0,4,0.0
veze,0,4,4,1.0
delmar,4,0,4,0.0
eld,0,4,4,1.0
micromineralog,0,4,4,1.0
duve,0,4,4,1.0
napoli,4,0,4,0.0
retrovis,0,4,4,1.0
egoist,0,4,4,1.0
racer,3,1,4,0.25
videodisc,0,4,4,1.0
lacaniana,0,4,4,1.0
assistir,0,4,4,1.0
deshalb,0,4,4,1.0
energyargu,4,0,4,0.0
qrn,0,4,4,1.0
vonda,4,0,4,0.0
vijapurkar,4,0,4,0.0
administração,0,4,4,1.0
technologicaili,0,4,4,1.0
velâ,0,4,4,1.0
launchpad,4,0,4,0.0
binkley,0,4,4,1.0
groot,3,1,4,0.25
qnx,0,4,4,1.0
wielu,4,0,4,0.0
dulcet,0,4,4,1.0
troxerutin,0,4,4,1.0
yourpartn,0,4,4,1.0
intalco,4,0,4,0.0
dunnaway,4,0,4,0.0
langmuir,0,4,4,1.0
hastert,4,0,4,0.0
rendit,0,4,4,1.0
ellha,0,4,4,1.0
winfaxffff,0,4,4,1.0
khazen,0,4,4,1.0
estel,0,4,4,1.0
eani,0,4,4,1.0
crobat,0,4,4,1.0
sunshad,1,3,4,0.75
mazurka,0,4,4,1.0
wlnd,0,4,4,1.0
dbo,3,1,4,0.25
evildo,0,4,4,1.0
diosimin,0,4,4,1.0
nightcap,0,4,4,1.0
playwright,0,4,4,1.0
manualment,0,4,4,1.0
aal,0,4,4,1.0
tvhollywood,0,4,4,1.0
slit,3,1,4,0.25
landspringi,0,4,4,1.0
psicofarmacologia,0,4,4,1.0
zko,0,4,4,1.0
abrm,0,4,4,1.0
isopod,0,4,4,1.0
itil,4,0,4,0.0
qsb,0,4,4,1.0
getmethru,0,4,4,1.0
recebendo,0,4,4,1.0
postmen,0,4,4,1.0
mockernut,0,4,4,1.0
pulpifi,0,4,4,1.0
proposta,0,4,4,1.0
xonax,0,4,4,1.0
triun,0,4,4,1.0
rocher,4,0,4,0.0
energen,4,0,4,0.0
careth,4,0,4,0.0
peepl,4,0,4,0.0
oocyt,0,4,4,1.0
kendýnýzý,0,4,4,1.0
metod,2,2,4,0.5
bligh,4,0,4,0.0
epec,4,0,4,0.0
przez,4,0,4,0.0
ouu,0,4,4,1.0
smbuk,0,4,4,1.0
pharmaz,0,4,4,1.0
kudym,4,0,4,0.0
augusthom,4,0,4,0.0
spprssant,0,4,4,1.0
mirella,4,0,4,0.0
rbk,0,4,4,1.0
railleri,0,4,4,1.0
lov,0,4,4,1.0
netlead,0,4,4,1.0
illegitimaci,0,4,4,1.0
scm,1,3,4,0.75
spectrograph,0,4,4,1.0
ktore,4,0,4,0.0
vonag,0,4,4,1.0
gubser,4,0,4,0.0
skipjack,0,4,4,1.0
proft,0,4,4,1.0
platoon,0,4,4,1.0
ephesu,0,4,4,1.0
hydrocodin,0,4,4,1.0
permita,0,4,4,1.0
ppg,2,2,4,0.5
phrmci,0,4,4,1.0
talfik,0,4,4,1.0
maint,4,0,4,0.0
clula,0,4,4,1.0
ubsol,2,2,4,0.5
jlc,0,4,4,1.0
lof,0,4,4,1.0
wmdh,0,4,4,1.0
incluindo,0,4,4,1.0
bhavsar,4,0,4,0.0
lobata,0,4,4,1.0
simmmmmmpli,0,4,4,1.0
prodctsfrom,0,4,4,1.0
audiotypist,0,4,4,1.0
lpmqkubnnlwnhhi,0,4,4,1.0
sidebar,2,2,4,0.5
boletin,0,4,4,1.0
alimentación,0,4,4,1.0
motif,2,2,4,0.5
jakbi,4,0,4,0.0
wirick,4,0,4,0.0
maypearl,4,0,4,0.0
talkington,0,4,4,1.0
beaufort,4,0,4,0.0
bëst,0,4,4,1.0
paranorm,0,4,4,1.0
meserv,4,0,4,0.0
spplemnt,0,4,4,1.0
phillipin,3,1,4,0.25
spect,0,4,4,1.0
sidelong,0,4,4,1.0
arnout,0,4,4,1.0
unforgiv,4,0,4,0.0
paperweight,0,4,4,1.0
brandl,4,0,4,0.0
assuredli,3,1,4,0.25
bilsag,0,4,4,1.0
pebbl,0,4,4,1.0
isbel,4,0,4,0.0
euskadiko,0,4,4,1.0
vignett,0,4,4,1.0
valii,0,4,4,1.0
halîmul,0,4,4,1.0
laserclass,4,0,4,0.0
hankel,0,4,4,1.0
zebi,4,0,4,0.0
deliveryno,0,4,4,1.0
incredibiy,0,4,4,1.0
raship,4,0,4,0.0
schirmeist,4,0,4,0.0
florif,0,4,4,1.0
makum,0,4,4,1.0
meli,0,4,4,1.0
simplif,2,2,4,0.5
basýnýz,0,4,4,1.0
escribeno,0,4,4,1.0
metýn,0,4,4,1.0
mrsmackintosh,0,4,4,1.0
heftig,0,4,4,1.0
minima,0,4,4,1.0
engineand,0,4,4,1.0
goldenberg,3,1,4,0.25
testamentari,0,4,4,1.0
sumrow,4,0,4,0.0
dyar,3,1,4,0.25
finnel,4,0,4,0.0
cgey,4,0,4,0.0
infolin,0,4,4,1.0
koerselman,4,0,4,0.0
justici,0,4,4,1.0
mjaafar,4,0,4,0.0
primat,0,4,4,1.0
tangerin,0,4,4,1.0
powermanl,0,4,4,1.0
principal,0,4,4,1.0
ainter,0,4,4,1.0
seimler,0,4,4,1.0
naringin,0,4,4,1.0
adriann,4,0,4,0.0
botulin,0,4,4,1.0
obituari,0,4,4,1.0
steilar,0,4,4,1.0
clll,0,4,4,1.0
tvill,4,0,4,0.0
ventana,3,1,4,0.25
stainlesssteelback,0,4,4,1.0
,0,4,4,1.0
lynchburg,0,4,4,1.0
ecologista,0,4,4,1.0
distltmich,0,4,4,1.0
eyebright,0,4,4,1.0
worlwid,0,4,4,1.0
eutic,0,4,4,1.0
dispensari,0,4,4,1.0
goodfriend,3,1,4,0.25
pickard,3,1,4,0.25
responsibilit,4,0,4,0.0
trento,0,4,4,1.0
oost,0,4,4,1.0
prcing,0,4,4,1.0
isogenet,0,4,4,1.0
billerica,4,0,4,0.0
miasma,0,4,4,1.0
buckthorn,0,4,4,1.0
consiga,0,4,4,1.0
netflix,0,4,4,1.0
nutzen,0,4,4,1.0
shrubberi,0,4,4,1.0
foday,0,4,4,1.0
shakeup,4,0,4,0.0
siyasi,0,4,4,1.0
ncr,1,3,4,0.75
billyoung,4,0,4,0.0
eklavya,4,0,4,0.0
netcommiss,0,4,4,1.0
culp,4,0,4,0.0
eckel,4,0,4,0.0
iul,0,4,4,1.0
adver,0,4,4,1.0
ambein,0,4,4,1.0
putout,0,4,4,1.0
scapula,0,4,4,1.0
tamamen,0,4,4,1.0
calculadora,0,4,4,1.0
machismo,0,4,4,1.0
streamsid,0,4,4,1.0
mandisi,0,4,4,1.0
insubordin,0,4,4,1.0
rins,0,4,4,1.0
illâ,0,4,4,1.0
unicredito,4,0,4,0.0
eukemia,0,4,4,1.0
compean,4,0,4,0.0
pondremo,0,4,4,1.0
reassert,2,2,4,0.5
recomendamo,0,4,4,1.0
doen,0,4,4,1.0
mughni,0,4,4,1.0
reznor,0,4,4,1.0
steeel,0,4,4,1.0
ataria,0,4,4,1.0
iguaranteedi,0,4,4,1.0
basak,4,0,4,0.0
encontrando,0,4,4,1.0
syng,0,4,4,1.0
emp,2,2,4,0.5
convertido,0,4,4,1.0
interdict,0,4,4,1.0
onom,0,4,4,1.0
acevedo,4,0,4,0.0
trabajar,0,4,4,1.0
paraiso,0,4,4,1.0
linu,0,4,4,1.0
kyren,4,0,4,0.0
cfx,0,4,4,1.0
typesett,2,2,4,0.5
teachabl,0,4,4,1.0
reb,0,4,4,1.0
stadnick,4,0,4,0.0
junki,0,4,4,1.0
reprogram,0,4,4,1.0
verticallv,0,4,4,1.0
sfull,0,4,4,1.0
fca,0,4,4,1.0
keeshond,0,4,4,1.0
inquisitor,0,4,4,1.0
vg,0,4,4,1.0
weatherwis,4,0,4,0.0
magneto,0,4,4,1.0
handov,3,1,4,0.25
xfocwg,0,4,4,1.0
bem,0,4,4,1.0
abrwallk,0,4,4,1.0
ashktorab,4,0,4,0.0
naar,0,4,4,1.0
becken,4,0,4,0.0
backyardkati,0,4,4,1.0
asociacion,0,4,4,1.0
frio,0,4,4,1.0
imagest,0,4,4,1.0
genoa,0,4,4,1.0
silversmith,0,4,4,1.0
phili,4,0,4,0.0
unpric,4,0,4,0.0
macra,4,0,4,0.0
esperamo,1,3,4,0.75
weakli,4,0,4,0.0
kimberlain,4,0,4,0.0
resumeo,4,0,4,0.0
ipass,4,0,4,0.0
gmcr,0,4,4,1.0
tourl,0,4,4,1.0
ryall,4,0,4,0.0
monat,0,4,4,1.0
southernenergi,4,0,4,0.0
pasteboard,0,4,4,1.0
dragonsight,0,4,4,1.0
terrypark,0,4,4,1.0
winusgreencard,0,4,4,1.0
ullom,4,0,4,0.0
transgressor,1,3,4,0.75
hessian,0,4,4,1.0
prashant,4,0,4,0.0
hypergrowth,4,0,4,0.0
aquello,0,4,4,1.0
geilen,0,4,4,1.0
nitin,4,0,4,0.0
otoscop,0,4,4,1.0
jmstrong,4,0,4,0.0
springi,0,4,4,1.0
misshapen,0,4,4,1.0
sabha,4,0,4,0.0
biever,4,0,4,0.0
adminscript,0,4,4,1.0
paco,0,4,4,1.0
libertyfund,0,4,4,1.0
thea,0,4,4,1.0
polystyren,0,4,4,1.0
raghu,4,0,4,0.0
datei,4,0,4,0.0
misapropri,0,4,4,1.0
pimentel,0,4,4,1.0
gynostema,0,4,4,1.0
guangn,0,4,4,1.0
shoji,0,4,4,1.0
infolink,0,4,4,1.0
mezzikhum,0,4,4,1.0
novedad,0,4,4,1.0
doctorxx,0,4,4,1.0
discountrx,0,4,4,1.0
lsig,0,4,4,1.0
johnokel,0,4,4,1.0
shockingli,1,3,4,0.75
tauru,0,4,4,1.0
alcorn,4,0,4,0.0
veng,0,4,4,1.0
supran,0,4,4,1.0
loveland,0,4,4,1.0
izvestia,0,4,4,1.0
neuralgia,0,4,4,1.0
kapner,4,0,4,0.0
greatwood,4,0,4,0.0
surfola,0,4,4,1.0
deon,3,1,4,0.25
prettylook,0,4,4,1.0
drott,4,0,4,0.0
gsl,1,3,4,0.75
minuteman,0,4,4,1.0
timl,0,4,4,1.0
senden,0,4,4,1.0
janp,0,4,4,1.0
moszkowski,4,0,4,0.0
appallingli,0,4,4,1.0
venal,0,4,4,1.0
nformat,0,4,4,1.0
guillen,4,0,4,0.0
sherron,4,0,4,0.0
rrcotten,4,0,4,0.0
polyphoni,0,4,4,1.0
dle,0,4,4,1.0
lysa,4,0,4,0.0
clicavenu,0,4,4,1.0
communc,4,0,4,0.0
schere,3,1,4,0.25
endpoint,0,4,4,1.0
sangokujin,4,0,4,0.0
boxer,2,2,4,0.5
youar,0,4,4,1.0
omi,0,4,4,1.0
manhour,0,4,4,1.0
mickelson,0,4,4,1.0
alarma,0,4,4,1.0
hengsan,0,4,4,1.0
librat,0,4,4,1.0
obtenga,0,4,4,1.0
winder,4,0,4,0.0
cwco,1,3,4,0.75
bryanci,4,0,4,0.0
thiamin,0,4,4,1.0
monopol,4,0,4,0.0
longhua,0,4,4,1.0
gansu,0,4,4,1.0
harbin,0,4,4,1.0
conscion,0,4,4,1.0
gallberri,0,4,4,1.0
prado,1,3,4,0.75
subj,1,3,4,0.75
melita,4,0,4,0.0
fajita,4,0,4,0.0
strefin,0,4,4,1.0
phuket,0,4,4,1.0
senticor,0,4,4,1.0
uidl,4,0,4,0.0
rhythmic,0,4,4,1.0
mineralis,0,4,4,1.0
trgi,0,4,4,1.0
navin,4,0,4,0.0
coinvest,4,0,4,0.0
rahl,4,0,4,0.0
mastic,0,4,4,1.0
furlong,0,4,4,1.0
componen,0,4,4,1.0
quint,1,3,4,0.75
compañero,0,4,4,1.0
throe,2,2,4,0.5
blackic,4,0,4,0.0
petra,2,2,4,0.5
kurtjackson,0,4,4,1.0
bertron,1,3,4,0.75
astrip,4,0,4,0.0
yttrium,0,4,4,1.0
lamellar,0,4,4,1.0
ziegler,1,3,4,0.75
chlor,4,0,4,0.0
ningxiong,4,0,4,0.0
physiochem,0,4,4,1.0
nxwti,4,0,4,0.0
sutter,4,0,4,0.0
severalfold,0,4,4,1.0
wolfgang,0,4,4,1.0
heav,1,3,4,0.75
tzigan,0,4,4,1.0
startlog,0,4,4,1.0
haddow,4,0,4,0.0
vendibl,0,4,4,1.0
ecommercetim,0,4,4,1.0
teledyn,0,4,4,1.0
cchoos,0,4,4,1.0
pho,0,4,4,1.0
thrum,0,4,4,1.0
realt,4,0,4,0.0
pkrishn,4,0,4,0.0
zabawa,4,0,4,0.0
trao,0,4,4,1.0
shymail,0,4,4,1.0
leonian,0,4,4,1.0
zabo,4,0,4,0.0
gwendolyn,3,1,4,0.25
heidrick,4,0,4,0.0
obfuscatori,0,4,4,1.0
morain,2,2,4,0.5
actualizacion,0,4,4,1.0
hydrocod,0,4,4,1.0
bck,0,4,4,1.0
wasserstein,4,0,4,0.0
neli,0,4,4,1.0
venou,0,4,4,1.0
hillbilli,0,4,4,1.0
rihjk,0,4,4,1.0
bankmanag,0,4,4,1.0
mtholyok,4,0,4,0.0
idli,1,3,4,0.75
anitha,4,0,4,0.0
silverwar,0,4,4,1.0
pauper,0,4,4,1.0
duffman,0,4,4,1.0
tirad,0,4,4,1.0
mortis,0,4,4,1.0
bevstarl,0,4,4,1.0
intermit,0,4,4,1.0
pocketjet,0,4,4,1.0
roundworm,0,4,4,1.0
smoki,0,4,4,1.0
yazilimlari,0,4,4,1.0
baillargeon,4,0,4,0.0
pwrteam,4,0,4,0.0
grandsn,4,0,4,0.0
fisico,0,4,4,1.0
gardenia,0,4,4,1.0
cavallo,4,0,4,0.0
sora,0,4,4,1.0
lucratividad,0,4,4,1.0
waveguid,0,4,4,1.0
snappish,0,4,4,1.0
odoyoust,0,4,4,1.0
clearif,0,4,4,1.0
enlargëmënt,0,4,4,1.0
asur,0,4,4,1.0
surreal,1,3,4,0.75
underfoot,0,4,4,1.0
spencerstuart,4,0,4,0.0
thulium,0,4,4,1.0
molucca,0,4,4,1.0
journeyman,0,4,4,1.0
shlpping,0,4,4,1.0
hellnet,0,4,4,1.0
tepc,4,0,4,0.0
pocketcinema,0,4,4,1.0
gimpi,0,4,4,1.0
greenston,0,4,4,1.0
muster,4,0,4,0.0
cgkao,4,0,4,0.0
boric,0,4,4,1.0
plum,0,4,4,1.0
senhor,0,4,4,1.0
indol,0,4,4,1.0
rdm,4,0,4,0.0
muham,0,4,4,1.0
ementa,0,4,4,1.0
someoneels,0,4,4,1.0
television,0,4,4,1.0
ejac,0,4,4,1.0
airtran,4,0,4,0.0
nhncer,0,4,4,1.0
tlot,0,4,4,1.0
gabardin,0,4,4,1.0
requiredhug,0,4,4,1.0
lieb,0,4,4,1.0
terralibr,4,0,4,0.0
waffl,1,3,4,0.75
bareback,0,4,4,1.0
hgre,0,4,4,1.0
waggl,0,4,4,1.0
pesso,4,0,4,0.0
dzien,4,0,4,0.0
eelgrass,0,4,4,1.0
fortiori,0,4,4,1.0
igualment,0,4,4,1.0
norrr,4,0,4,0.0
mchineri,0,4,4,1.0
madhous,0,4,4,1.0
tunic,0,4,4,1.0
ibra,0,4,4,1.0
muhammad,0,4,4,1.0
colstrip,4,0,4,0.0
hecuba,0,4,4,1.0
espllp,4,0,4,0.0
jeftha,0,4,4,1.0
zxgwvpimicrosoft,0,4,4,1.0
adminsystem,0,4,4,1.0
franklyn,0,4,4,1.0
xoloxo,0,4,4,1.0
locowe,0,4,4,1.0
polymar,4,0,4,0.0
ryder,0,4,4,1.0
mckone,4,0,4,0.0
ebo,4,0,4,0.0
godzini,4,0,4,0.0
umbil,0,4,4,1.0
chiron,4,0,4,0.0
qcsb,0,4,4,1.0
millerchip,4,0,4,0.0
footpad,0,4,4,1.0
película,0,4,4,1.0
uppercut,0,4,4,1.0
reff,0,4,4,1.0
standardtrust,0,4,4,1.0
dewret,0,4,4,1.0
zelfstandigen,0,4,4,1.0
frogsaregoodfood,0,4,4,1.0
oesophag,0,4,4,1.0
balah,0,4,4,1.0
kodjo,4,0,4,0.0
dependencia,0,4,4,1.0
aggressiveiy,0,4,4,1.0
reas,0,4,4,1.0
getcheapdrug,0,4,4,1.0
kasay,0,4,4,1.0
laguna,0,4,4,1.0
shravan,4,0,4,0.0
trianon,0,4,4,1.0
trestl,0,4,4,1.0
yorker,0,4,4,1.0
cdlfnvprj,0,4,4,1.0
stockton,2,2,4,0.5
beautifu,0,4,4,1.0
officialdom,1,3,4,0.75
ouruniqu,0,4,4,1.0
spunk,0,4,4,1.0
radiochem,0,4,4,1.0
pko,3,1,4,0.25
irreclaim,0,4,4,1.0
grader,2,2,4,0.5
sequest,0,4,4,1.0
cybercar,0,4,4,1.0
virawan,4,0,4,0.0
exigencia,0,4,4,1.0
mieux,0,4,4,1.0
moreof,0,4,4,1.0
forumforenergi,4,0,4,0.0
pulver,1,3,4,0.75
sainsburi,4,0,4,0.0
beagl,0,4,4,1.0
killjoy,0,4,4,1.0
contac,3,1,4,0.25
odwalla,4,0,4,0.0
deskpro,4,0,4,0.0
amir,2,2,4,0.5
cherian,4,0,4,0.0
advertisersplash,0,4,4,1.0
aurantii,0,4,4,1.0
tac,4,0,4,0.0
yokut,0,4,4,1.0
phiri,0,4,4,1.0
adil,4,0,4,0.0
enroot,0,4,4,1.0
pkgd,0,4,4,1.0
displeasur,4,0,4,0.0
firth,4,0,4,0.0
heffron,4,0,4,0.0
cheao,0,4,4,1.0
asymmetr,4,0,4,0.0
userswho,0,4,4,1.0
meltwat,0,4,4,1.0
cort,2,2,4,0.5
apricot,0,4,4,1.0
nwani,0,4,4,1.0
astring,0,4,4,1.0
mnimo,0,4,4,1.0
bedard,0,4,4,1.0
jihad,3,1,4,0.25
irfx,4,0,4,0.0
kommen,0,4,4,1.0
xbrite,0,4,4,1.0
snifter,0,4,4,1.0
titut,0,4,4,1.0
ýký,0,4,4,1.0
infonavit,0,4,4,1.0
scrubtheweb,0,4,4,1.0
integrand,0,4,4,1.0
jeanel,0,4,4,1.0
gwe,0,4,4,1.0
funplex,4,0,4,0.0
sepal,0,4,4,1.0
scrupul,0,4,4,1.0
llum,0,4,4,1.0
lamproit,0,4,4,1.0
qoi,0,4,4,1.0
politica,0,4,4,1.0
ýnternett,0,4,4,1.0
veveca,0,4,4,1.0
schwaighof,0,4,4,1.0
unic,0,4,4,1.0
zw,0,4,4,1.0
bylismi,4,0,4,0.0
risckrac,4,0,4,0.0
winningst,0,4,4,1.0
curesript,0,4,4,1.0
ecial,1,3,4,0.75
dra,4,0,4,0.0
smtpo,0,4,4,1.0
fictiv,0,4,4,1.0
frankel,1,3,4,0.75
lupin,0,4,4,1.0
manz,4,0,4,0.0
fornecedor,0,4,4,1.0
netpointag,0,4,4,1.0
seanc,0,4,4,1.0
adamiak,4,0,4,0.0
tüm,0,4,4,1.0
bautista,0,4,4,1.0
kapit,0,4,4,1.0
stagestruck,0,4,4,1.0
douc,0,4,4,1.0
dvdrw,0,4,4,1.0
gazetesi,0,4,4,1.0
somethin,0,4,4,1.0
virgina,4,0,4,0.0
eingerichtet,0,4,4,1.0
themail,0,4,4,1.0
ledbett,3,1,4,0.25
subleas,4,0,4,0.0
engrenagem,0,4,4,1.0
frecuentement,0,4,4,1.0
richli,1,3,4,0.75
sandbox,4,0,4,0.0
tobin,1,3,4,0.75
virendra,4,0,4,0.0
endstr,0,4,4,1.0
oflwjwsonnkigarhp,0,4,4,1.0
trth,0,4,4,1.0
oilse,0,4,4,1.0
hvb,3,1,4,0.25
uzerba,0,4,4,1.0
sanatoria,0,4,4,1.0
gentler,3,1,4,0.25
groter,0,4,4,1.0
mardanov,4,0,4,0.0
amour,0,4,4,1.0
andw,0,4,4,1.0
vifont,0,4,4,1.0
revil,0,4,4,1.0
woork,0,4,4,1.0
particulari,4,0,4,0.0
slum,3,1,4,0.25
hulay,0,4,4,1.0
thii,0,4,4,1.0
pewe,0,4,4,1.0
libertarian,1,3,4,0.75
wisemil,4,0,4,0.0
revia,0,4,4,1.0
dscr,4,0,4,0.0
transylvania,0,4,4,1.0
europian,0,4,4,1.0
correcta,0,4,4,1.0
sylwest,4,0,4,0.0
competitorw,0,4,4,1.0
hunni,0,4,4,1.0
tribuna,0,4,4,1.0
mmmmm,0,4,4,1.0
heiss,0,4,4,1.0
klan,0,4,4,1.0
prohibida,0,4,4,1.0
leggi,0,4,4,1.0
pugachevski,4,0,4,0.0
cmkenyon,4,0,4,0.0
lacquer,0,4,4,1.0
energywrit,4,0,4,0.0
marionett,0,4,4,1.0
jacobean,0,4,4,1.0
follett,4,0,4,0.0
lilt,0,4,4,1.0
tco,2,2,4,0.5
wydarzeniu,4,0,4,0.0
biop,4,0,4,0.0
admind,0,4,4,1.0
maguir,2,2,4,0.5
surefir,3,1,4,0.25
stemden,0,4,4,1.0
lindquist,0,4,4,1.0
outlawri,0,4,4,1.0
hans,4,0,4,0.0
sev,0,4,4,1.0
interbank,4,0,4,0.0
nexen,3,1,4,0.25
clickag,0,4,4,1.0
possum,0,4,4,1.0
kinkead,4,0,4,0.0
ihn,0,4,4,1.0
marchini,4,0,4,0.0
begmfhlaj,0,4,4,1.0
masseg,0,4,4,1.0
mouton,1,3,4,0.75
lexicographi,0,4,4,1.0
veuillez,0,4,4,1.0
emolu,0,4,4,1.0
aefhikbclm,0,4,4,1.0
seton,0,4,4,1.0
turin,0,4,4,1.0
autienc,4,0,4,0.0
callout,4,0,4,0.0
agregar,0,4,4,1.0
teleport,4,0,4,0.0
oilpatch,4,0,4,0.0
atgw,0,4,4,1.0
remoud,0,4,4,1.0
snc,0,4,4,1.0
desdit,0,4,4,1.0
filament,0,4,4,1.0
vachuska,4,0,4,0.0
anvasetc,0,4,4,1.0
comporium,0,4,4,1.0
rhetorician,0,4,4,1.0
rpmtec,4,0,4,0.0
velho,1,3,4,0.75
baumerich,4,0,4,0.0
ofstimul,0,4,4,1.0
xcbl,4,0,4,0.0
vivaldi,0,4,4,1.0
perenni,0,4,4,1.0
afterburn,0,4,4,1.0
latam,4,0,4,0.0
emw,4,0,4,0.0
gambler,0,4,4,1.0
dei,0,4,4,1.0
opterm,0,4,4,1.0
kapsaml,0,4,4,1.0
doh,4,0,4,0.0
mycolog,0,4,4,1.0
goebel,4,0,4,0.0
volcker,4,0,4,0.0
gatorad,4,0,4,0.0
vermiculit,0,4,4,1.0
fontli,0,4,4,1.0
ramtron,4,0,4,0.0
transtion,4,0,4,0.0
holist,0,4,4,1.0
btdt,0,4,4,1.0
hornick,4,0,4,0.0
froward,2,2,4,0.5
fontagra,0,4,4,1.0
girll,0,4,4,1.0
tristar,3,1,4,0.25
listagem,0,4,4,1.0
triangul,0,4,4,1.0
gobackffffa,0,4,4,1.0
trenchant,1,3,4,0.75
dança,0,4,4,1.0
handymen,0,4,4,1.0
versandt,0,4,4,1.0
poweil,0,4,4,1.0
zive,4,0,4,0.0
ldupn,0,4,4,1.0
nyj,4,0,4,0.0
heut,0,4,4,1.0
finanzsymposium,4,0,4,0.0
criticis,4,0,4,0.0
ggtsstock,0,4,4,1.0
ameritech,0,4,4,1.0
gibbou,0,4,4,1.0
orthorhomb,0,4,4,1.0
sleazi,4,0,4,0.0
epidemiolog,0,4,4,1.0
wheezi,0,4,4,1.0
wlt,0,4,4,1.0
ursulin,0,4,4,1.0
ligand,0,4,4,1.0
beckley,0,4,4,1.0
empresario,0,4,4,1.0
clovi,0,4,4,1.0
kitizdr,0,4,4,1.0
editionbr,0,4,4,1.0
international,0,4,4,1.0
pitiabl,0,4,4,1.0
uzerind,0,4,4,1.0
taglin,3,1,4,0.25
raewyn,4,0,4,0.0
paean,0,4,4,1.0
pënî,0,4,4,1.0
massenhaft,0,4,4,1.0
meerjarenplan,0,4,4,1.0
sistemleritel,0,4,4,1.0
partenariat,0,4,4,1.0
shawl,0,4,4,1.0
gestão,0,4,4,1.0
klller,0,4,4,1.0
afee,0,4,4,1.0
featuress,0,4,4,1.0
yourstopisher,0,4,4,1.0
doclibrari,4,0,4,0.0
ledzep,0,4,4,1.0
frete,0,4,4,1.0
yco,4,0,4,0.0
hotzon,0,4,4,1.0
cfd,3,1,4,0.25
ucl,3,1,4,0.25
tamoxifen,0,4,4,1.0
amountwithin,0,4,4,1.0
daj,4,0,4,0.0
tagj,4,0,4,0.0
misterm,0,4,4,1.0
facultad,0,4,4,1.0
trabalhista,0,4,4,1.0
berberin,0,4,4,1.0
finalidad,0,4,4,1.0
lunzer,4,0,4,0.0
cul,1,3,4,0.75
zavala,4,0,4,0.0
evl,4,0,4,0.0
onder,0,4,4,1.0
masteri,0,4,4,1.0
clearlak,4,0,4,0.0
amson,4,0,4,0.0
protokol,0,4,4,1.0
mush,0,4,4,1.0
buenaventura,0,4,4,1.0
postop,0,4,4,1.0
enronmet,4,0,4,0.0
beaudoin,0,4,4,1.0
showman,0,4,4,1.0
slipperi,1,3,4,0.75
wsl,0,4,4,1.0
vocacion,0,4,4,1.0
ongest,0,4,4,1.0
kio,0,4,4,1.0
failsoft,0,4,4,1.0
mjj,4,0,4,0.0
symbiot,0,4,4,1.0
homozyg,0,4,4,1.0
consideyellow,0,4,4,1.0
decemberlo,0,4,4,1.0
peltri,0,4,4,1.0
hydrotherm,0,4,4,1.0
ksignpasson,0,4,4,1.0
gar,0,4,4,1.0
stockroom,0,4,4,1.0
rhamnon,0,4,4,1.0
graybeard,0,4,4,1.0
analept,0,4,4,1.0
bibianna,4,0,4,0.0
lampblack,0,4,4,1.0
gotomeet,0,4,4,1.0
orga,0,4,4,1.0
ejim,0,4,4,1.0
emmiss,2,2,4,0.5
gavdb,0,4,4,1.0
jeden,1,3,4,0.75
jobgalleri,0,4,4,1.0
wsccnet,4,0,4,0.0
cwnframework,0,4,4,1.0
endomorph,0,4,4,1.0
beah,0,4,4,1.0
pcenergi,4,0,4,0.0
asdfasdfasdf,0,4,4,1.0
palmerton,4,0,4,0.0
turnip,0,4,4,1.0
zulkifli,4,0,4,0.0
vctor,0,4,4,1.0
toilsom,0,4,4,1.0
ducan,0,4,4,1.0
warfarin,0,4,4,1.0
worldmail,0,4,4,1.0
ttng,0,4,4,1.0
amplio,0,4,4,1.0
owolabi,0,4,4,1.0
doesmatt,0,4,4,1.0
lbo,4,0,4,0.0
folow,4,0,4,0.0
ohter,0,4,4,1.0
goodratezz,0,4,4,1.0
média,0,4,4,1.0
uwb,0,4,4,1.0
wholesai,0,4,4,1.0
ribosom,0,4,4,1.0
directrio,0,4,4,1.0
faux,0,4,4,1.0
inapplic,0,4,4,1.0
suppositori,0,4,4,1.0
maupintour,0,4,4,1.0
muitibi,0,4,4,1.0
bleacher,4,0,4,0.0
clearcas,4,0,4,0.0
ralis,0,4,4,1.0
previleg,0,4,4,1.0
ideolect,0,4,4,1.0
whitewash,2,2,4,0.5
auszufllen,0,4,4,1.0
msft,4,0,4,0.0
repond,4,0,4,0.0
igloo,0,4,4,1.0
basketba,0,4,4,1.0
gamecock,0,4,4,1.0
flax,0,4,4,1.0
jumper,3,1,4,0.25
dani,0,4,4,1.0
brbrprice,0,4,4,1.0
fogo,4,0,4,0.0
esteban,2,2,4,0.5
brittler,0,4,4,1.0
basinski,4,0,4,0.0
thrush,0,4,4,1.0
construção,0,4,4,1.0
bcghaefimjl,0,4,4,1.0
tetc,4,0,4,0.0
hengl,0,4,4,1.0
statler,0,4,4,1.0
ozarka,4,0,4,0.0
westernga,4,0,4,0.0
paypalr,0,4,4,1.0
aptop,0,4,4,1.0
enhâil,0,4,4,1.0
parsif,0,4,4,1.0
exotherm,1,3,4,0.75
myinput,0,4,4,1.0
cong,4,0,4,0.0
lok,4,0,4,0.0
tesoro,4,0,4,0.0
outlast,2,2,4,0.5
tranger,0,4,4,1.0
gasmart,4,0,4,0.0
obiwan,0,4,4,1.0
interweb,0,4,4,1.0
skillet,0,4,4,1.0
metaboiit,0,4,4,1.0
wfc,4,0,4,0.0
lisafont,0,4,4,1.0
ife,0,4,4,1.0
yelp,0,4,4,1.0
pagaré,0,4,4,1.0
discoouunt,0,4,4,1.0
pei,0,4,4,1.0
underpaid,4,0,4,0.0
ongevraagd,0,4,4,1.0
prometheu,0,4,4,1.0
pestl,0,4,4,1.0
arabtop,0,4,4,1.0
reascend,0,4,4,1.0
joc,4,0,4,0.0
rotari,0,4,4,1.0
þerrin,0,4,4,1.0
cxml,4,0,4,0.0
decompra,0,4,4,1.0
mayerbrown,4,0,4,0.0
asea,0,4,4,1.0
themat,0,4,4,1.0
amni,0,4,4,1.0
iabiiiti,0,4,4,1.0
reaiiti,0,4,4,1.0
lopressor,0,4,4,1.0
endlessli,0,4,4,1.0
gingham,0,4,4,1.0
morsel,0,4,4,1.0
earnbigmoney,0,4,4,1.0
backo,0,4,4,1.0
redoubt,0,4,4,1.0
virtualpc,0,4,4,1.0
sideshow,0,4,4,1.0
laiti,0,4,4,1.0
sulfobenzo,0,4,4,1.0
sennnd,0,4,4,1.0
pplm,4,0,4,0.0
peti,0,4,4,1.0
webchu,0,4,4,1.0
fren,2,2,4,0.5
risibl,0,4,4,1.0
eworld,0,4,4,1.0
schockl,4,0,4,0.0
rrrhythm,0,4,4,1.0
interceptor,0,4,4,1.0
breakabl,0,4,4,1.0
thyratron,0,4,4,1.0
gebracht,0,4,4,1.0
audhammond,0,4,4,1.0
everlast,1,3,4,0.75
larubbio,4,0,4,0.0
tantalu,0,4,4,1.0
rodzaju,4,0,4,0.0
ceviri,0,4,4,1.0
interacción,0,4,4,1.0
allthed,0,4,4,1.0
wapping,0,4,4,1.0
concreta,0,4,4,1.0
diffid,0,4,4,1.0
gestor,0,4,4,1.0
wonderland,0,4,4,1.0
homel,1,3,4,0.75
topologia,0,4,4,1.0
caigari,0,4,4,1.0
isguarante,0,4,4,1.0
tetrahedr,0,4,4,1.0
whee,0,4,4,1.0
erfahrung,3,1,4,0.25
mmccoy,4,0,4,0.0
recomienda,0,4,4,1.0
calweb,0,4,4,1.0
francesca,0,4,4,1.0
doliv,4,0,4,0.0
moderador,0,4,4,1.0
psychosi,0,4,4,1.0
virani,4,0,4,0.0
hubbyi,0,4,4,1.0
mayflow,0,4,4,1.0
willa,0,4,4,1.0
hough,1,3,4,0.75
zelin,4,0,4,0.0
metil,0,4,4,1.0
deii,0,4,4,1.0
eisenman,4,0,4,0.0
dervin,4,0,4,0.0
withdecay,4,0,4,0.0
stalactit,0,4,4,1.0
lakewood,1,3,4,0.75
ringbark,0,4,4,1.0
fazla,0,4,4,1.0
provenient,0,4,4,1.0
disear,0,4,4,1.0
bciafont,0,4,4,1.0
lish,0,4,4,1.0
loco,1,3,4,0.75
capabi,0,4,4,1.0
neeli,2,2,4,0.5
rasshe,0,4,4,1.0
flair,0,4,4,1.0
dominguez,3,1,4,0.25
merola,4,0,4,0.0
mzmail,0,4,4,1.0
fermi,0,4,4,1.0
phanish,4,0,4,0.0
fiend,0,4,4,1.0
cadiparma,0,4,4,1.0
mergans,0,4,4,1.0
ocur,4,0,4,0.0
hangi,0,4,4,1.0
dyscras,0,4,4,1.0
lacrecia,4,0,4,0.0
desconto,0,4,4,1.0
nyseg,4,0,4,0.0
dhamhsa,0,4,4,1.0
postlewait,4,0,4,0.0
arac,4,0,4,0.0
tecla,0,4,4,1.0
recontract,4,0,4,0.0
sandalwood,0,4,4,1.0
intercommun,0,4,4,1.0
concluso,0,4,4,1.0
lysin,0,4,4,1.0
ork,0,4,4,1.0
nameand,0,4,4,1.0
precip,4,0,4,0.0
wyner,0,4,4,1.0
yakasia,0,4,4,1.0
nathali,0,4,4,1.0
mcisaac,4,0,4,0.0
oldenhui,4,0,4,0.0
altrad,4,0,4,0.0
particuiar,0,4,4,1.0
mitsui,4,0,4,0.0
helina,0,4,4,1.0
erath,0,4,4,1.0
jimmydotcom,4,0,4,0.0
milner,1,3,4,0.75
pendergrass,4,0,4,0.0
yourmonthli,0,4,4,1.0
manchesterpeopl,0,4,4,1.0
agaufu,0,4,4,1.0
matchless,0,4,4,1.0
rendezv,0,4,4,1.0
bld,0,4,4,1.0
neric,0,4,4,1.0
abrbr,0,4,4,1.0
wmd,0,4,4,1.0
ribe,0,4,4,1.0
genl,4,0,4,0.0
bhatti,2,2,4,0.5
niggl,0,4,4,1.0
lucro,0,4,4,1.0
macedon,0,4,4,1.0
kubu,0,4,4,1.0
agr,0,4,4,1.0
ionic,0,4,4,1.0
horatio,0,4,4,1.0
breathless,3,1,4,0.25
joln,0,4,4,1.0
minesweep,0,4,4,1.0
mlle,0,4,4,1.0
hypochlorit,0,4,4,1.0
abfhegjk,0,4,4,1.0
pdi,0,4,4,1.0
sunfish,0,4,4,1.0
macbeth,0,4,4,1.0
septa,0,4,4,1.0
dilgenc,4,0,4,0.0
stateroom,0,4,4,1.0
flannigan,4,0,4,0.0
inexpen,0,4,4,1.0
fazeka,0,4,4,1.0
yanýnda,0,4,4,1.0
handspik,0,4,4,1.0
seleo,0,4,4,1.0
ureach,0,4,4,1.0
useful,1,3,4,0.75
viscoelast,0,4,4,1.0
phillipp,4,0,4,0.0
bancora,0,4,4,1.0
forgett,0,4,4,1.0
velar,0,4,4,1.0
sfi,0,4,4,1.0
nikkel,4,0,4,0.0
ele,0,4,4,1.0
dancer,2,2,4,0.5
wlel,0,4,4,1.0
monsoon,1,3,4,0.75
lickin,0,4,4,1.0
automis,4,0,4,0.0
beamtern,0,4,4,1.0
pisz,4,0,4,0.0
ferst,4,0,4,0.0
stw,0,4,4,1.0
stockmail,0,4,4,1.0
slurp,0,4,4,1.0
malaga,0,4,4,1.0
hinojosa,4,0,4,0.0
extremen,0,4,4,1.0
pcl,1,3,4,0.75
glaucoma,0,4,4,1.0
spira,0,4,4,1.0
daedalu,0,4,4,1.0
publicservicel,0,4,4,1.0
incentivar,0,4,4,1.0
conclusi,0,4,4,1.0
prescfont,0,4,4,1.0
prolin,0,4,4,1.0
sextupl,0,4,4,1.0
brulinski,4,0,4,0.0
adan,0,4,4,1.0
horney,0,4,4,1.0
wykladi,4,0,4,0.0
mimeograph,0,4,4,1.0
anway,4,0,4,0.0
wirklich,0,4,4,1.0
enci,0,4,4,1.0
sanantonio,4,0,4,0.0
eapo,4,0,4,0.0
yow,0,4,4,1.0
foxtail,0,4,4,1.0
vermeil,0,4,4,1.0
hanweck,4,0,4,0.0
sfarm,0,4,4,1.0
geomet,1,3,4,0.75
mitchmileston,4,0,4,0.0
fitchburg,0,4,4,1.0
averr,0,4,4,1.0
yingquan,4,0,4,0.0
reqiur,0,4,4,1.0
professl,0,4,4,1.0
pawnshop,0,4,4,1.0
universa,0,4,4,1.0
agricuitura,0,4,4,1.0
ouest,0,4,4,1.0
krbe,4,0,4,0.0
annualmedsal,0,4,4,1.0
sawtimb,0,4,4,1.0
dessou,0,4,4,1.0
aeromarin,0,4,4,1.0
bcx,4,0,4,0.0
caulicul,0,4,4,1.0
codirector,0,4,4,1.0
bster,0,4,4,1.0
fontder,0,4,4,1.0
carrick,4,0,4,0.0
donnah,4,0,4,0.0
hairmagict,0,4,4,1.0
snakelik,0,4,4,1.0
phlox,0,4,4,1.0
backlight,0,4,4,1.0
veal,0,4,4,1.0
placestostay,4,0,4,0.0
financieel,0,4,4,1.0
edlcat,0,4,4,1.0
schlitterbahn,4,0,4,0.0
bedzi,4,0,4,0.0
dawg,3,1,4,0.25
euroc,1,3,4,0.75
whatley,1,3,4,0.75
fantstica,0,4,4,1.0
busboy,0,4,4,1.0
rocketlead,0,4,4,1.0
milki,0,4,4,1.0
fumar,0,4,4,1.0
subserr,0,4,4,1.0
promptitud,0,4,4,1.0
atti,4,0,4,0.0
misjudg,2,2,4,0.5
productividad,0,4,4,1.0
aynoway,0,4,4,1.0
telemet,0,4,4,1.0
taek,4,0,4,0.0
fazemo,0,4,4,1.0
biztalk,4,0,4,0.0
adolescent,0,4,4,1.0
cazalet,4,0,4,0.0
arayabilirsiniz,0,4,4,1.0
lelia,0,4,4,1.0
pocono,2,2,4,0.5
leitmotif,0,4,4,1.0
mioney,0,4,4,1.0
ì,0,4,4,1.0
betoken,0,4,4,1.0
bobrowski,4,0,4,0.0
aufzusuchen,0,4,4,1.0
parabl,2,2,4,0.5
lvoe,0,4,4,1.0
geronimo,0,4,4,1.0
guidant,4,0,4,0.0
paraxi,0,4,4,1.0
destinatari,0,4,4,1.0
amparo,0,4,4,1.0
enviaremo,0,4,4,1.0
prolog,0,4,4,1.0
winfield,1,3,4,0.75
yamen,4,0,4,0.0
gasp,0,4,4,1.0
orland,0,4,4,1.0
glint,0,4,4,1.0
sniffli,0,4,4,1.0
portanex,0,4,4,1.0
fbblop,4,0,4,0.0
xn,0,4,4,1.0
incentiv,4,0,4,0.0
inscribirs,0,4,4,1.0
fabricamo,0,4,4,1.0
afecta,0,4,4,1.0
genannt,0,4,4,1.0
kolinski,0,4,4,1.0
moduli,0,4,4,1.0
pauciti,4,0,4,0.0
computerworld,4,0,4,0.0
storefront,0,4,4,1.0
sixgun,0,4,4,1.0
myrna,3,1,4,0.25
paii,0,4,4,1.0
sellen,4,0,4,0.0
danusia,4,0,4,0.0
stubbornli,4,0,4,0.0
stocki,2,2,4,0.5
polycom,4,0,4,0.0
shuntong,0,4,4,1.0
successfuliy,0,4,4,1.0
agrarisch,0,4,4,1.0
insati,1,3,4,0.75
flamengo,0,4,4,1.0
verfuegung,3,1,4,0.25
tritium,0,4,4,1.0
quasiperiod,0,4,4,1.0
hoyo,4,0,4,0.0
venema,0,4,4,1.0
filch,0,4,4,1.0
economm,0,4,4,1.0
consola,0,4,4,1.0
ldn,4,0,4,0.0
qjl,0,4,4,1.0
sobotka,4,0,4,0.0
único,0,4,4,1.0
foranyon,0,4,4,1.0
jvidal,4,0,4,0.0
creador,0,4,4,1.0
iroj,0,4,4,1.0
staph,0,4,4,1.0
onpoint,4,0,4,0.0
woodtip,4,0,4,0.0
minibik,0,4,4,1.0
finden,0,4,4,1.0
pamietasz,4,0,4,0.0
enrondirectfin,4,0,4,0.0
powerfultool,0,4,4,1.0
jaar,0,4,4,1.0
bost,4,0,4,0.0
spinident,0,4,4,1.0
dike,1,3,4,0.75
mevacor,0,4,4,1.0
transiat,0,4,4,1.0
tepe,0,4,4,1.0
carat,0,4,4,1.0
stadacona,4,0,4,0.0
luma,0,4,4,1.0
snapdragon,0,4,4,1.0
vanhan,0,4,4,1.0
refocus,3,1,4,0.25
içinçikar,0,4,4,1.0
langston,4,0,4,0.0
enhancd,0,4,4,1.0
escriba,0,4,4,1.0
exploti,0,4,4,1.0
qnec,4,0,4,0.0
amateurpetit,0,4,4,1.0
xafont,0,4,4,1.0
slavon,0,4,4,1.0
saud,1,3,4,0.75
polarimet,0,4,4,1.0
competitiva,0,4,4,1.0
twigg,4,0,4,0.0
tarantula,0,4,4,1.0
sandputil,4,0,4,0.0
mfr,1,3,4,0.75
mpalmer,4,0,4,0.0
coneway,4,0,4,0.0
welk,0,4,4,1.0
technoiogicaliy,0,4,4,1.0
ralston,3,1,4,0.25
schemata,0,4,4,1.0
buht,0,4,4,1.0
todat,4,0,4,0.0
ambac,4,0,4,0.0
rekat,0,4,4,1.0
gilet,0,4,4,1.0
thackeray,4,0,4,0.0
stormont,0,4,4,1.0
gegeven,0,4,4,1.0
ruthven,4,0,4,0.0
kennett,4,0,4,0.0
modalidad,0,4,4,1.0
hethorn,4,0,4,0.0
fbnhjenm,0,4,4,1.0
informaticabox,0,4,4,1.0
bonjour,0,4,4,1.0
uncouth,0,4,4,1.0
kasravi,4,0,4,0.0
tonai,4,0,4,0.0
kamiyacho,4,0,4,0.0
jobhold,0,4,4,1.0
perma,0,4,4,1.0
alwond,0,4,4,1.0
bigaaron,0,4,4,1.0
ahlstrom,4,0,4,0.0
ravanshad,4,0,4,0.0
mote,0,4,4,1.0
unmov,3,1,4,0.25
catenul,0,4,4,1.0
lifem,0,4,4,1.0
moge,4,0,4,0.0
buscando,0,4,4,1.0
expeditionari,0,4,4,1.0
retrovir,0,4,4,1.0
omg,0,4,4,1.0
plenitud,0,4,4,1.0
qaagjfbcjlm,0,4,4,1.0
sekkur,0,4,4,1.0
nicklo,4,0,4,0.0
brower,2,2,4,0.5
francium,0,4,4,1.0
mek,4,0,4,0.0
egreso,0,4,4,1.0
cphi,0,4,4,1.0
olan,0,4,4,1.0
scarlatti,0,4,4,1.0
inscrevemo,0,4,4,1.0
pido,0,4,4,1.0
lement,0,4,4,1.0
curnm,0,4,4,1.0
casefil,0,4,4,1.0
subscribt,0,4,4,1.0
jackman,0,4,4,1.0
taxicab,0,4,4,1.0
hyperpagina,0,4,4,1.0
bratwurst,0,4,4,1.0
quiller,4,0,4,0.0
braze,2,2,4,0.5
furious,3,1,4,0.25
pugacheski,4,0,4,0.0
updatehotlin,0,4,4,1.0
wort,0,4,4,1.0
iar,0,4,4,1.0
costass,0,4,4,1.0
sexx,0,4,4,1.0
sanicl,0,4,4,1.0
drawabl,0,4,4,1.0
demonica,4,0,4,0.0
docfont,0,4,4,1.0
alu,1,3,4,0.75
gbujama,0,4,4,1.0
benk,4,0,4,0.0
thel,1,3,4,0.75
contemplao,0,4,4,1.0
mcm,2,2,4,0.5
xonon,4,0,4,0.0
lambi,4,0,4,0.0
tcash,4,0,4,0.0
delivieri,4,0,4,0.0
flowlin,4,0,4,0.0
tercel,0,4,4,1.0
hindustan,4,0,4,0.0
sparl,0,4,4,1.0
histoir,0,4,4,1.0
physiotherapi,0,4,4,1.0
ppharmaci,0,4,4,1.0
contactyour,0,4,4,1.0
hooch,0,4,4,1.0
apresenta,0,4,4,1.0
prcieux,0,4,4,1.0
vlag,0,4,4,1.0
interert,4,0,4,0.0
interavail,0,4,4,1.0
imsa,4,0,4,0.0
cálculo,0,4,4,1.0
abli,0,4,4,1.0
hierba,0,4,4,1.0
andfiftythousand,0,4,4,1.0
lapasini,4,0,4,0.0
plaintiv,0,4,4,1.0
seawe,0,4,4,1.0
coreg,0,4,4,1.0
revelri,0,4,4,1.0
townsmen,0,4,4,1.0
tittyhillstudio,0,4,4,1.0
âlemi,0,4,4,1.0
hunza,0,4,4,1.0
workpiec,1,3,4,0.75
conep,0,4,4,1.0
frenzel,4,0,4,0.0
nasz,4,0,4,0.0
darf,0,4,4,1.0
olivin,0,4,4,1.0
regatta,0,4,4,1.0
hio,4,0,4,0.0
comienzan,0,4,4,1.0
deseja,0,4,4,1.0
waver,1,3,4,0.75
departmenthttp,0,4,4,1.0
uz,0,4,4,1.0
fireplac,1,3,4,0.75
alipennystock,0,4,4,1.0
opsdoc,4,0,4,0.0
importancia,0,4,4,1.0
cannonda,0,4,4,1.0
oleand,0,4,4,1.0
stringi,0,4,4,1.0
freedomfund,0,4,4,1.0
ancial,0,4,4,1.0
zia,4,0,4,0.0
skylight,0,4,4,1.0
jenrett,4,0,4,0.0
fuch,0,4,4,1.0
colocar,0,4,4,1.0
rivet,1,3,4,0.75
graveston,0,4,4,1.0
pedricktown,4,0,4,0.0
maputo,2,2,4,0.5
bausch,0,4,4,1.0
ruewan,4,0,4,0.0
bonin,4,0,4,0.0
fontermin,0,4,4,1.0
perfectionwatch,0,4,4,1.0
skylink,0,4,4,1.0
resto,0,4,4,1.0
mackerel,0,4,4,1.0
postposit,0,4,4,1.0
coleu,0,4,4,1.0
choirmast,0,4,4,1.0
sheen,0,4,4,1.0
infantryman,0,4,4,1.0
visitstoyoursit,0,4,4,1.0
docomo,0,4,4,1.0
ynnde,0,4,4,1.0
leden,4,0,4,0.0
moustach,0,4,4,1.0
cjone,4,0,4,0.0
imbric,0,4,4,1.0
pokerfac,0,4,4,1.0
fabukl,0,4,4,1.0
rlo,0,4,4,1.0
hapless,4,0,4,0.0
helga,0,4,4,1.0
fritter,0,4,4,1.0
incluimo,0,4,4,1.0
phoenicia,0,4,4,1.0
geoi,0,4,4,1.0
newspapermen,0,4,4,1.0
anderegg,0,4,4,1.0
ddiscount,0,4,4,1.0
joyou,0,4,4,1.0
sprldbo,4,0,4,0.0
panopli,0,4,4,1.0
lamprey,0,4,4,1.0
diabas,0,4,4,1.0
strawman,4,0,4,0.0
compni,0,4,4,1.0
hyper,1,3,4,0.75
quiroga,3,1,4,0.25
lingual,2,2,4,0.5
astrodom,4,0,4,0.0
imokawa,4,0,4,0.0
gopalakrishnan,4,0,4,0.0
ileum,0,4,4,1.0
cliick,0,4,4,1.0
irework,0,4,4,1.0
adesion,0,4,4,1.0
ikem,0,4,4,1.0
zit,0,4,4,1.0
rosseydr,0,4,4,1.0
comhuman,0,4,4,1.0
judic,0,4,4,1.0
invect,0,4,4,1.0
tioga,0,4,4,1.0
educao,0,4,4,1.0
nutria,0,4,4,1.0
msi,2,2,4,0.5
dhont,4,0,4,0.0
getafund,0,4,4,1.0
tautolog,0,4,4,1.0
emmetsburg,4,0,4,0.0
tldrequest,4,0,4,0.0
thermostat,0,4,4,1.0
rueful,0,4,4,1.0
mavi,0,4,4,1.0
fontv,0,4,4,1.0
diorepresidentdr,0,4,4,1.0
hazira,4,0,4,0.0
unab,4,0,4,0.0
así,0,4,4,1.0
handcuf,3,1,4,0.25
hereinbelow,0,4,4,1.0
vtyc,0,4,4,1.0
bacheli,4,0,4,0.0
periwinkl,0,4,4,1.0
serviceman,0,4,4,1.0
waylay,0,4,4,1.0
mallamyusuf,0,4,4,1.0
dfikbaqugvipevwbi,0,4,4,1.0
voodoo,0,4,4,1.0
gunaratn,4,0,4,0.0
haynesvil,0,4,4,1.0
vardir,0,4,4,1.0
oviform,0,4,4,1.0
lege,0,4,4,1.0
keyn,1,3,4,0.75
gelen,0,4,4,1.0
oprat,0,4,4,1.0
seeqmail,0,4,4,1.0
tipper,3,1,4,0.25
quisieramo,0,4,4,1.0
anywhererepair,0,4,4,1.0
linemen,0,4,4,1.0
adobe,0,4,4,1.0
neurológico,0,4,4,1.0
bebe,1,3,4,0.75
gwell,0,4,4,1.0
pasar,0,4,4,1.0
vought,0,4,4,1.0
necesitamo,0,4,4,1.0
prosrm,4,0,4,0.0
virusscan,0,4,4,1.0
hed,0,4,4,1.0
elsbp,4,0,4,0.0
gumsho,0,4,4,1.0
siendo,0,4,4,1.0
gartner,1,3,4,0.75
angeliqu,2,2,4,0.5
sulfonamid,0,4,4,1.0
jawbreak,0,4,4,1.0
kamil,0,4,4,1.0
rmaceut,0,4,4,1.0
ejakul,0,4,4,1.0
morganchas,4,0,4,0.0
engberg,4,0,4,0.0
onlfont,0,4,4,1.0
ifeanyi,0,4,4,1.0
uck,0,4,4,1.0
bibiliographi,4,0,4,0.0
alcanc,0,4,4,1.0
zusammenhang,0,4,4,1.0
sondheim,4,0,4,0.0
lastinglov,0,4,4,1.0
rosettanet,4,0,4,0.0
patro,1,3,4,0.75
propositivo,0,4,4,1.0
hegelian,0,4,4,1.0
creditrisk,4,0,4,0.0
juba,0,4,4,1.0
ujjwal,4,0,4,0.0
dvida,0,4,4,1.0
lucien,1,3,4,0.75
lifetrak,4,0,4,0.0
tarpaulin,0,4,4,1.0
isuzu,4,0,4,0.0
traduccion,0,4,4,1.0
defazio,4,0,4,0.0
atlntico,0,4,4,1.0
inlaid,0,4,4,1.0
gigajoul,4,0,4,0.0
douka,4,0,4,0.0
bharat,2,2,4,0.5
homco,4,0,4,0.0
persu,2,2,4,0.5
kinningham,4,0,4,0.0
adamik,4,0,4,0.0
gesellschaft,0,4,4,1.0
gendesk,4,0,4,0.0
emitido,0,4,4,1.0
yeast,0,4,4,1.0
echavarra,0,4,4,1.0
tasimaya,0,4,4,1.0
niño,0,4,4,1.0
tengo,0,4,4,1.0
texwin,0,4,4,1.0
anisotrop,0,4,4,1.0
totalplay,0,4,4,1.0
goldstin,0,4,4,1.0
bewilder,0,4,4,1.0
proctor,0,4,4,1.0
sacrilegi,0,4,4,1.0
encontrará,0,4,4,1.0
medl,0,4,4,1.0
pabst,0,4,4,1.0
avanc,0,4,4,1.0
tacki,0,4,4,1.0
spatial,0,4,4,1.0
laue,0,4,4,1.0
jsmith,4,0,4,0.0
gordonii,0,4,4,1.0
miiliken,0,4,4,1.0
fiinanc,0,4,4,1.0
pocketclinician,0,4,4,1.0
symaantec,0,4,4,1.0
medd,0,4,4,1.0
vertent,0,4,4,1.0
hawkey,0,4,4,1.0
cornett,1,3,4,0.75
dâike,0,4,4,1.0
daimlerchrysl,4,0,4,0.0
sioma,0,4,4,1.0
radiochemistri,0,4,4,1.0
dach,0,4,4,1.0
typhus,0,4,4,1.0
aimtech,4,0,4,0.0
loav,0,4,4,1.0
soya,0,4,4,1.0
creacion,0,4,4,1.0
recoverabi,0,4,4,1.0
pptite,0,4,4,1.0
cobro,0,4,4,1.0
finai,0,4,4,1.0
dukepow,4,0,4,0.0
logl,0,4,4,1.0
mcreynold,4,0,4,0.0
specfic,4,0,4,0.0
rickbellrist,0,4,4,1.0
riemannian,0,4,4,1.0
palioura,0,4,4,1.0
ywood,0,4,4,1.0
unwilling,4,0,4,0.0
filemak,0,4,4,1.0
laplanch,0,4,4,1.0
credict,0,4,4,1.0
cleme,4,0,4,0.0
bbh,4,0,4,0.0
emrul,4,0,4,0.0
sjc,3,1,4,0.25
kebler,4,0,4,0.0
watercours,0,4,4,1.0
sinirsiz,0,4,4,1.0
hogar,0,4,4,1.0
mun,4,0,4,0.0
sumptuou,0,4,4,1.0
stratagem,0,4,4,1.0
dlkr,0,4,4,1.0
jimbo,0,4,4,1.0
cadastrado,0,4,4,1.0
montag,1,3,4,0.75
gidado,0,4,4,1.0
woodruff,0,4,4,1.0
poynt,0,4,4,1.0
prezentacj,4,0,4,0.0
trancura,0,4,4,1.0
neeley,4,0,4,0.0
merten,4,0,4,0.0
accountif,0,4,4,1.0
vickrey,4,0,4,0.0
meddic,0,4,4,1.0
inversión,0,4,4,1.0
schizophren,0,4,4,1.0
tempecvb,0,4,4,1.0
resumeu,4,0,4,0.0
ecagra,0,4,4,1.0
wuhp,0,4,4,1.0
godson,0,4,4,1.0
jambore,0,4,4,1.0
makari,0,4,4,1.0
ellod,0,4,4,1.0
concluss,0,4,4,1.0
introject,0,4,4,1.0
nadiah,0,4,4,1.0
gekommen,0,4,4,1.0
külle,0,4,4,1.0
bharathi,4,0,4,0.0
lightest,1,3,4,0.75
doo,1,3,4,0.75
northamerica,4,0,4,0.0
grazyna,4,0,4,0.0
lafav,4,0,4,0.0
leftmargin,0,4,4,1.0
firstoem,0,4,4,1.0
grenobl,0,4,4,1.0
fazenda,0,4,4,1.0
muti,0,4,4,1.0
undesir,1,3,4,0.75
islandsw,0,4,4,1.0
handedli,3,1,4,0.25
glidewel,0,4,4,1.0
kokori,0,4,4,1.0
luciano,2,2,4,0.5
sobrieti,0,4,4,1.0
upstand,1,3,4,0.75
pucn,0,4,4,1.0
wicket,1,3,4,0.75
fastnetspain,0,4,4,1.0
unprov,0,4,4,1.0
parthenon,0,4,4,1.0
netporni,0,4,4,1.0
texp,4,0,4,0.0
menarch,0,4,4,1.0
texacogp,4,0,4,0.0
ainsi,0,4,4,1.0
gotto,4,0,4,0.0
sellingdrug,0,4,4,1.0
alii,0,4,4,1.0
enthof,4,0,4,0.0
beispiel,0,4,4,1.0
livemerci,0,4,4,1.0
garpnyl,4,0,4,0.0
dasha,0,4,4,1.0
brandfass,4,0,4,0.0
thymu,0,4,4,1.0
swickheim,4,0,4,0.0
psychoanalysi,0,4,4,1.0
nodel,0,4,4,1.0
býlgýsayar,0,4,4,1.0
tsr,1,3,4,0.75
standeth,0,4,4,1.0
colleaguesherein,0,4,4,1.0
tvasut,4,0,4,0.0
presupposit,0,4,4,1.0
arasi,0,4,4,1.0
tradin,4,0,4,0.0
partridg,0,4,4,1.0
syncop,2,2,4,0.5
squirm,1,3,4,0.75
sankho,0,4,4,1.0
nvel,0,4,4,1.0
llhjr,0,4,4,1.0
agileconcept,0,4,4,1.0
viverito,4,0,4,0.0
neap,0,4,4,1.0
wydawnictwa,4,0,4,0.0
ndlovu,0,4,4,1.0
mccorkl,4,0,4,0.0
metronom,0,4,4,1.0
doormen,0,4,4,1.0
directric,0,4,4,1.0
cuidado,0,4,4,1.0
bijoya,4,0,4,0.0
lewel,4,0,4,0.0
craver,4,0,4,0.0
vectori,0,4,4,1.0
hecatomb,0,4,4,1.0
crespo,2,2,4,0.5
kker,4,0,4,0.0
industrial,0,4,4,1.0
lunz,4,0,4,0.0
synch,3,1,4,0.25
clarinet,0,4,4,1.0
tress,0,4,4,1.0
carro,0,4,4,1.0
skylark,0,4,4,1.0
abachafamili,0,4,4,1.0
huson,4,0,4,0.0
tutti,0,4,4,1.0
starr,0,4,4,1.0
redundant,0,4,4,1.0
doyoust,0,4,4,1.0
sarsaparilla,0,4,4,1.0
möglichkeit,0,4,4,1.0
bizop,0,4,4,1.0
matrin,0,4,4,1.0
lanni,2,2,4,0.5
prdouct,0,4,4,1.0
concklin,4,0,4,0.0
louisiu,0,4,4,1.0
alexmann,4,0,4,0.0
albun,0,4,4,1.0
donaji,0,4,4,1.0
dubuqu,0,4,4,1.0
automail,0,4,4,1.0
wieloma,4,0,4,0.0
manama,0,4,4,1.0
empress,1,3,4,0.75
trite,0,4,4,1.0
neuroanotomi,0,4,4,1.0
presentando,0,4,4,1.0
partypok,0,4,4,1.0
bronagh,0,4,4,1.0
dvdcopyplu,0,4,4,1.0
recod,3,1,4,0.25
bedingungen,0,4,4,1.0
oodl,0,4,4,1.0
artici,0,4,4,1.0
westbro,4,0,4,0.0
savimbi,0,4,4,1.0
prolegomena,0,4,4,1.0
fibrous,0,4,4,1.0
stripteas,0,4,4,1.0
parcelamentoa,0,4,4,1.0
atingir,0,4,4,1.0
fadel,4,0,4,0.0
hyler,4,0,4,0.0
montclair,0,4,4,1.0
tablespoon,0,4,4,1.0
largemouth,0,4,4,1.0
hicago,4,0,4,0.0
prusu,4,0,4,0.0
kok,0,4,4,1.0
tamsa,4,0,4,0.0
feint,0,4,4,1.0
sharif,4,0,4,0.0
frre,0,4,4,1.0
greatcarr,0,4,4,1.0
giovannani,4,0,4,0.0
infamacion,0,4,4,1.0
nondiscriminatori,4,0,4,0.0
prochein,0,4,4,1.0
lumberman,0,4,4,1.0
jehovah,0,4,4,1.0
bioproject,0,4,4,1.0
mph,1,3,4,0.75
dlng,0,4,4,1.0
virolog,0,4,4,1.0
newx,0,4,4,1.0
pate,0,4,4,1.0
reehand,0,4,4,1.0
fosterit,0,4,4,1.0
pigsti,0,4,4,1.0
unchart,4,0,4,0.0
ftb,2,2,4,0.5
oiy,0,4,4,1.0
haifa,1,3,4,0.75
wingtip,0,4,4,1.0
manor,0,4,4,1.0
consiguen,0,4,4,1.0
hyderabad,3,1,4,0.25
gartland,4,0,4,0.0
spigot,0,4,4,1.0
gdarrah,4,0,4,0.0
seotool,0,4,4,1.0
boxl,0,4,4,1.0
sweepsens,0,4,4,1.0
pleit,0,4,4,1.0
hrglobal,4,0,4,0.0
adultfre,0,4,4,1.0
dentada,0,4,4,1.0
ayrýntýlý,0,4,4,1.0
endogami,0,4,4,1.0
laserfax,0,4,4,1.0
firebreak,0,4,4,1.0
battlefront,0,4,4,1.0
outpress,0,4,4,1.0
meng,0,4,4,1.0
formuia,0,4,4,1.0
milord,0,4,4,1.0
tinta,0,4,4,1.0
centbank,0,4,4,1.0
tribunai,0,4,4,1.0
woodbridg,4,0,4,0.0
blatchford,4,0,4,0.0
medicamento,0,4,4,1.0
aofarachain,0,4,4,1.0
goodoff,0,4,4,1.0
erss,0,4,4,1.0
atta,3,1,4,0.25
lettuc,0,4,4,1.0
lucretia,0,4,4,1.0
etail,1,3,4,0.75
decolon,0,4,4,1.0
nooooooo,0,4,4,1.0
warmheart,0,4,4,1.0
petrifi,0,4,4,1.0
plantea,0,4,4,1.0
sspltm,0,4,4,1.0
mathewson,0,4,4,1.0
aprovech,0,4,4,1.0
apartn,0,4,4,1.0
niamey,0,4,4,1.0
lamarck,0,4,4,1.0
mvern,0,4,4,1.0
dwayn,4,0,4,0.0
nme,1,3,4,0.75
lbn,4,0,4,0.0
takemeoff,0,4,4,1.0
vre,0,4,4,1.0
windstorm,2,2,4,0.5
heyz,0,4,4,1.0
simultaneousiy,0,4,4,1.0
geigi,0,4,4,1.0
insomniac,0,4,4,1.0
poiic,0,4,4,1.0
andmonthli,0,4,4,1.0
qem,0,4,4,1.0
clcl,4,0,4,0.0
trifluorid,0,4,4,1.0
prooax,0,4,4,1.0
gluiest,0,4,4,1.0
supercent,0,4,4,1.0
halff,4,0,4,0.0
marshmallow,0,4,4,1.0
ejercito,0,4,4,1.0
typici,4,0,4,0.0
mutati,0,4,4,1.0
ehim,4,0,4,0.0
omnirepres,0,4,4,1.0
adex,0,4,4,1.0
hartley,1,3,4,0.75
motherland,0,4,4,1.0
gochegevara,0,4,4,1.0
smoothbor,0,4,4,1.0
longitud,0,4,4,1.0
maelstrom,1,3,4,0.75
splashi,0,4,4,1.0
diploid,0,4,4,1.0
mosa,0,4,4,1.0
pawtucket,0,4,4,1.0
trina,4,0,4,0.0
lybrand,4,0,4,0.0
sealess,0,4,4,1.0
preclos,4,0,4,0.0
tattl,0,4,4,1.0
intec,0,4,4,1.0
anticaipt,0,4,4,1.0
deca,0,4,4,1.0
southafrican,0,4,4,1.0
mif,2,2,4,0.5
intercess,4,0,4,0.0
snowsho,1,3,4,0.75
linoleum,0,4,4,1.0
saeeb,0,4,4,1.0
endanger,4,0,4,0.0
snell,0,4,4,1.0
teleprint,0,4,4,1.0
scram,0,4,4,1.0
spiegel,2,2,4,0.5
maken,0,4,4,1.0
utx,3,1,4,0.25
declear,0,4,4,1.0
organización,0,4,4,1.0
zmian,4,0,4,0.0
tribul,0,4,4,1.0
medzo,0,4,4,1.0
jonch,4,0,4,0.0
weatherbeaten,0,4,4,1.0
proan,4,0,4,0.0
milleniumprecis,0,4,4,1.0
enap,4,0,4,0.0
optstripspreadopt,4,0,4,0.0
mackinac,0,4,4,1.0
mpm,3,1,4,0.25
popund,0,4,4,1.0
sharfman,4,0,4,0.0
publicación,0,4,4,1.0
amgen,4,0,4,0.0
vot,0,4,4,1.0
zest,0,4,4,1.0
serdeczni,4,0,4,0.0
tovc,0,4,4,1.0
pene,0,4,4,1.0
amiabl,1,3,4,0.75
fmjku,0,4,4,1.0
zongo,0,4,4,1.0
intial,4,0,4,0.0
enhaanc,0,4,4,1.0
lowergrad,0,4,4,1.0
hatti,0,4,4,1.0
lenngth,0,4,4,1.0
bax,1,3,4,0.75
prnew,0,4,4,1.0
undersign,0,4,4,1.0
allawi,0,4,4,1.0
relativist,2,2,4,0.5
erro,0,4,4,1.0
fluorogen,0,4,4,1.0
tater,0,4,4,1.0
parishion,0,4,4,1.0
também,0,4,4,1.0
nonenergi,4,0,4,0.0
kla,3,1,4,0.25
ofb,0,4,4,1.0
fiddlestick,0,4,4,1.0
rney,0,4,4,1.0
resumen,4,0,4,0.0
linkpak,0,4,4,1.0
acetaminophen,0,4,4,1.0
notificando,0,4,4,1.0
infinitud,0,4,4,1.0
issur,3,1,4,0.25
nfcf,4,0,4,0.0
analisar,0,4,4,1.0
neoplu,0,4,4,1.0
tartar,0,4,4,1.0
crasch,0,4,4,1.0
timon,0,4,4,1.0
skateboard,0,4,4,1.0
curto,0,4,4,1.0
perjur,0,4,4,1.0
respondido,0,4,4,1.0
spt,0,4,4,1.0
keeplookingtil,0,4,4,1.0
onlinn,0,4,4,1.0
allahümm,0,4,4,1.0
abzubestellen,0,4,4,1.0
fontium,0,4,4,1.0
pilsburi,4,0,4,0.0
tunisia,0,4,4,1.0
siglo,0,4,4,1.0
unfinish,1,3,4,0.75
gubernament,0,4,4,1.0
imccracken,4,0,4,0.0
guillotin,0,4,4,1.0
legendr,0,4,4,1.0
aproximadament,0,4,4,1.0
legier,4,0,4,0.0
aoivertis,0,4,4,1.0
withal,0,4,4,1.0
wowmedz,0,4,4,1.0
gtd,2,2,4,0.5
surfact,0,4,4,1.0
intensepressur,0,4,4,1.0
planoconcav,0,4,4,1.0
keat,0,4,4,1.0
vred,4,0,4,0.0
borgman,4,0,4,0.0
komv,0,4,4,1.0
enhancemefast,0,4,4,1.0
stanchion,0,4,4,1.0
octant,0,4,4,1.0
telekom,2,2,4,0.5
guhagar,4,0,4,0.0
gladden,0,4,4,1.0
próximo,0,4,4,1.0
chelan,4,0,4,0.0
manslaught,0,4,4,1.0
potencialidad,0,4,4,1.0
entregar,0,4,4,1.0
siddiqi,4,0,4,0.0
ecrackapo,4,0,4,0.0
headwind,0,4,4,1.0
whitehil,4,0,4,0.0
hydrangea,0,4,4,1.0
misdeclar,4,0,4,0.0
parisian,0,4,4,1.0
fasl,4,0,4,0.0
engler,4,0,4,0.0
mmaddox,4,0,4,0.0
edmonston,4,0,4,0.0
inappeas,0,4,4,1.0
mfink,4,0,4,0.0
summerset,0,4,4,1.0
hermit,0,4,4,1.0
peppergrass,0,4,4,1.0
maxdtq,4,0,4,0.0
consejeria,0,4,4,1.0
valletta,0,4,4,1.0
tivo,0,4,4,1.0
amateursmut,0,4,4,1.0
fuqua,4,0,4,0.0
bullion,4,0,4,0.0
kamal,0,4,4,1.0
morestuff,0,4,4,1.0
operateout,0,4,4,1.0
vaio,0,4,4,1.0
ttimeonlin,4,0,4,0.0
unliv,0,4,4,1.0
vanbel,0,4,4,1.0
valtech,4,0,4,0.0
zou,1,3,4,0.75
leniti,0,4,4,1.0
iknowmedia,0,4,4,1.0
remand,0,4,4,1.0
pîll,0,4,4,1.0
melvern,0,4,4,1.0
buyorbt,0,4,4,1.0
billymartin,0,4,4,1.0
jakubik,4,0,4,0.0
jbm,2,2,4,0.5
natti,0,4,4,1.0
masquerad,0,4,4,1.0
anxi,0,4,4,1.0
partook,0,4,4,1.0
stringer,3,1,4,0.25
antivirusffff,0,4,4,1.0
ansmtp,0,4,4,1.0
speedup,0,4,4,1.0
kalla,2,2,4,0.5
abreo,4,0,4,0.0
dalia,4,0,4,0.0
mecca,1,3,4,0.75
compusep,0,4,4,1.0
knoblauh,4,0,4,0.0
arabl,0,4,4,1.0
squaw,0,4,4,1.0
toot,0,4,4,1.0
hollimon,4,0,4,0.0
jogo,0,4,4,1.0
muniz,3,1,4,0.25
millbend,4,0,4,0.0
aldwark,0,4,4,1.0
ralliedand,0,4,4,1.0
copp,0,4,4,1.0
sulfit,0,4,4,1.0
edayhel,0,4,4,1.0
evolución,0,4,4,1.0
teleost,0,4,4,1.0
sublimin,0,4,4,1.0
expandinq,0,4,4,1.0
indwel,0,4,4,1.0
koll,4,0,4,0.0
abalikhin,0,4,4,1.0
somervil,1,3,4,0.75
superscript,3,1,4,0.25
flowerist,0,4,4,1.0
tetrachlorid,0,4,4,1.0
fightpyco,0,4,4,1.0
ptn,4,0,4,0.0
hotest,0,4,4,1.0
prreeiscrlpt,0,4,4,1.0
fluxstar,0,4,4,1.0
kyran,4,0,4,0.0
legum,0,4,4,1.0
goodbyebz,0,4,4,1.0
slychac,4,0,4,0.0
cic,1,3,4,0.75
hidi,0,4,4,1.0
spinneret,0,4,4,1.0
lvlfe,0,4,4,1.0
sieg,2,2,4,0.5
joliet,2,2,4,0.5
carbonium,0,4,4,1.0
tressel,0,4,4,1.0
arrion,4,0,4,0.0
taeglich,3,1,4,0.25
cnd,1,3,4,0.75
kiedi,4,0,4,0.0
intoxic,0,4,4,1.0
pierwszi,4,0,4,0.0
iworkperksi,4,0,4,0.0
kerner,4,0,4,0.0
feldspath,0,4,4,1.0
applel,0,4,4,1.0
felicitar,0,4,4,1.0
gherkin,0,4,4,1.0
pppwe,4,0,4,0.0
stadnyk,0,4,4,1.0
allott,2,2,4,0.5
ouzo,0,4,4,1.0
mastiff,0,4,4,1.0
txglo,4,0,4,0.0
klineberg,4,0,4,0.0
bribetak,0,4,4,1.0
datamonitor,1,3,4,0.75
liverpoo,0,4,4,1.0
yoghurt,0,4,4,1.0
approvedl,0,4,4,1.0
howit,0,4,4,1.0
quater,0,4,4,1.0
reativ,0,4,4,1.0
simx,0,4,4,1.0
whereupon,2,2,4,0.5
comimg,0,4,4,1.0
wakker,0,4,4,1.0
entscheidung,0,4,4,1.0
rtol,4,0,4,0.0
herz,4,0,4,0.0
antiquitaeten,0,4,4,1.0
furbelow,0,4,4,1.0
zukin,4,0,4,0.0
zhi,1,3,4,0.75
dfmc,0,4,4,1.0
hiroshi,0,4,4,1.0
saleh,4,0,4,0.0
eiten,0,4,4,1.0
chg,3,1,4,0.25
pinbal,0,4,4,1.0
vosso,0,4,4,1.0
gemunu,4,0,4,0.0
madcap,0,4,4,1.0
kaufmann,0,4,4,1.0
latrob,4,0,4,0.0
octogenarian,0,4,4,1.0
nca,0,4,4,1.0
enichem,4,0,4,0.0
unico,0,4,4,1.0
pembrok,0,4,4,1.0
puranam,4,0,4,0.0
rfpl,4,0,4,0.0
lateran,0,4,4,1.0
atlanticasp,0,4,4,1.0
soldado,0,4,4,1.0
icosahedr,0,4,4,1.0
selectmen,0,4,4,1.0
pawne,2,2,4,0.5
sunken,0,4,4,1.0
insatisfactorili,0,4,4,1.0
fuelcel,4,0,4,0.0
membran,0,4,4,1.0
noh,0,4,4,1.0
dint,0,4,4,1.0
cfin,0,4,4,1.0
prulif,0,4,4,1.0
wieczor,4,0,4,0.0
wyeth,0,4,4,1.0
spasm,0,4,4,1.0
wunsch,0,4,4,1.0
sedg,0,4,4,1.0
pipett,0,4,4,1.0
shoptheworld,0,4,4,1.0
doesnot,0,4,4,1.0
crocinamillion,0,4,4,1.0
diahreeeha,0,4,4,1.0
intouch,0,4,4,1.0
treiben,0,4,4,1.0
souhait,0,4,4,1.0
framingham,2,2,4,0.5
eveillard,4,0,4,0.0
ccok,0,4,4,1.0
webxpert,0,4,4,1.0
pandya,4,0,4,0.0
cialdi,0,4,4,1.0
onica,4,0,4,0.0
yeasti,0,4,4,1.0
linhart,4,0,4,0.0
meddlcatlon,0,4,4,1.0
ridgway,0,4,4,1.0
goldenrod,0,4,4,1.0
wronskian,0,4,4,1.0
ambala,0,4,4,1.0
szol,0,4,4,1.0
heartless,3,1,4,0.25
politiecontrol,0,4,4,1.0
optometrist,0,4,4,1.0
psicoanalisi,0,4,4,1.0
stank,1,3,4,0.75
busqueda,0,4,4,1.0
abramov,0,4,4,1.0
preis,0,4,4,1.0
springeronlin,0,4,4,1.0
acjab,0,4,4,1.0
stoval,4,0,4,0.0
wangxd,0,4,4,1.0
burgundian,0,4,4,1.0
cpo,2,2,4,0.5
restauración,0,4,4,1.0
jambalaya,4,0,4,0.0
stephanopoulo,0,4,4,1.0
houghton,0,4,4,1.0
utiliza,0,4,4,1.0
sabara,0,4,4,1.0
gwh,4,0,4,0.0
troi,0,4,4,1.0
cyl,0,4,4,1.0
pomarolli,0,4,4,1.0
aleyk,0,4,4,1.0
bayview,0,4,4,1.0
discounnt,0,4,4,1.0
tianjin,0,4,4,1.0
rlf,3,1,4,0.25
tanfield,0,4,4,1.0
llb,0,4,4,1.0
hno,0,4,4,1.0
whitecapp,0,4,4,1.0
gruess,4,0,4,0.0
dbk,3,1,4,0.25
umd,4,0,4,0.0
eee,0,4,4,1.0
flouri,0,4,4,1.0
rogerson,0,4,4,1.0
yazilim,0,4,4,1.0
gauss,0,4,4,1.0
topipag,0,4,4,1.0
homesick,0,4,4,1.0
tranport,4,0,4,0.0
inversin,0,4,4,1.0
regalo,0,4,4,1.0
liegt,0,4,4,1.0
lma,0,4,4,1.0
underemploy,0,4,4,1.0
nte,2,2,4,0.5
winsiow,0,4,4,1.0
suburbia,0,4,4,1.0
accessrx,0,4,4,1.0
deejaymail,0,4,4,1.0
iyi,0,4,4,1.0
segn,0,4,4,1.0
cfpim,0,4,4,1.0
oooooff,0,4,4,1.0
protonix,0,4,4,1.0
redden,0,4,4,1.0
loongeer,0,4,4,1.0
smalley,0,4,4,1.0
nuclei,0,4,4,1.0
placemat,0,4,4,1.0
aod,1,3,4,0.75
mistura,0,4,4,1.0
unfound,3,1,4,0.25
magisteri,0,4,4,1.0
sarcophagu,0,4,4,1.0
longish,2,2,4,0.5
santayana,0,4,4,1.0
ivolunteeri,4,0,4,0.0
hamal,0,4,4,1.0
abitibi,4,0,4,0.0
toshow,4,0,4,0.0
hcc,1,3,4,0.75
georgewbush,4,0,4,0.0
waugh,4,0,4,0.0
programación,0,4,4,1.0
hime,4,0,4,0.0
derik,4,0,4,0.0
efendý,0,4,4,1.0
mew,0,4,4,1.0
schottki,0,4,4,1.0
mendaci,0,4,4,1.0
bittern,0,4,4,1.0
fontript,0,4,4,1.0
propsito,0,4,4,1.0
borea,0,4,4,1.0
vernacular,0,4,4,1.0
mgp,4,0,4,0.0
martinson,0,4,4,1.0
hoydenish,0,4,4,1.0
friendlier,3,1,4,0.25
foxpro,0,4,4,1.0
jesli,4,0,4,0.0
sponger,0,4,4,1.0
fixa,0,4,4,1.0
freightlin,4,0,4,0.0
dwa,4,0,4,0.0
exceptionaliy,0,4,4,1.0
veer,0,4,4,1.0
strat,0,4,4,1.0
kritik,0,4,4,1.0
tetonka,4,0,4,0.0
karimu,0,4,4,1.0
tompkin,2,2,4,0.5
soylean,0,4,4,1.0
ideat,0,4,4,1.0
estabilish,4,0,4,0.0
megalopsia,0,4,4,1.0
thinh,4,0,4,0.0
feminist,0,4,4,1.0
pracuj,4,0,4,0.0
sehum,0,4,4,1.0
representant,0,4,4,1.0
sbxx,4,0,4,0.0
legat,0,4,4,1.0
heuertz,4,0,4,0.0
paperloop,4,0,4,0.0
musti,0,4,4,1.0
efficientiy,0,4,4,1.0
tradepet,0,4,4,1.0
tvl,0,4,4,1.0
nothnk,0,4,4,1.0
enerdata,4,0,4,0.0
swagger,2,2,4,0.5
herbst,4,0,4,0.0
nettlesom,0,4,4,1.0
zeiss,0,4,4,1.0
brainpow,4,0,4,0.0
eon,2,2,4,0.5
lansford,0,4,4,1.0
harelip,0,4,4,1.0
reifund,0,4,4,1.0
redirecti,0,4,4,1.0
getitreadi,0,4,4,1.0
martinscoml,0,4,4,1.0
fonttor,0,4,4,1.0
aeh,0,4,4,1.0
nugent,4,0,4,0.0
celebst,0,4,4,1.0
buttermagma,0,4,4,1.0
storekeep,0,4,4,1.0
supera,0,4,4,1.0
aamed,0,4,4,1.0
ermoeglichen,0,4,4,1.0
hornblow,0,4,4,1.0
satisimiz,0,4,4,1.0
uj,1,3,4,0.75
zx,0,4,4,1.0
zf,0,4,4,1.0
misspel,3,1,4,0.25
latson,4,0,4,0.0
alojamento,0,4,4,1.0
tripoli,0,4,4,1.0
privacidad,0,4,4,1.0
speedili,3,1,4,0.25
sundew,0,4,4,1.0
xix,0,4,4,1.0
fremont,3,1,4,0.25
interna,0,4,4,1.0
oab,0,4,4,1.0
orlandotaylor,4,0,4,0.0
alvial,0,4,4,1.0
righteous,0,4,4,1.0
rotenberg,4,0,4,0.0
stigmata,0,4,4,1.0
jeezi,0,4,4,1.0
johnn,0,4,4,1.0
definet,0,4,4,1.0
wightman,0,4,4,1.0
rater,2,2,4,0.5
adherimo,0,4,4,1.0
longnam,4,0,4,0.0
tecton,0,4,4,1.0
rpida,0,4,4,1.0
hýssedeceksýnýz,0,4,4,1.0
smmr,0,4,4,1.0
ejecutiva,0,4,4,1.0
lisva,0,4,4,1.0
aera,4,0,4,0.0
afast,0,4,4,1.0
dsseldorf,0,4,4,1.0
prolocutor,0,4,4,1.0
efworldexpo,0,4,4,1.0
carryingcas,0,4,4,1.0
lpxquot,0,4,4,1.0
astartetour,0,4,4,1.0
owl,3,1,4,0.25
zelma,0,4,4,1.0
iridioplatinum,0,4,4,1.0
dsktotalint,4,0,4,0.0
turneri,0,4,4,1.0
unexampl,0,4,4,1.0
urm,4,0,4,0.0
rumford,1,3,4,0.75
kroger,4,0,4,0.0
cusack,3,1,4,0.25
sbin,0,4,4,1.0
toolbox,2,2,4,0.5
ampleamateur,0,4,4,1.0
mosquitocid,0,4,4,1.0
salesmen,0,4,4,1.0
vacc,0,3,3,1.0
przeprowadzam,3,0,3,0.0
malori,0,3,3,1.0
teenmodel,0,3,3,1.0
absoiuteiy,0,3,3,1.0
duiker,0,3,3,1.0
sirpo,3,0,3,0.0
businessnet,0,3,3,1.0
milnthrop,3,0,3,0.0
wormi,0,3,3,1.0
sheaf,0,3,3,1.0
warszawi,3,0,3,0.0
nobless,0,3,3,1.0
rowena,0,3,3,1.0
abadi,1,2,3,0.667
bchydro,3,0,3,0.0
icc,2,1,3,0.333
catlon,0,3,3,1.0
yimix,0,3,3,1.0
monto,0,3,3,1.0
dnso,3,0,3,0.0
vlaanderen,0,3,3,1.0
gulag,3,0,3,0.0
supplyvalid,0,3,3,1.0
parliamentari,2,1,3,0.333
snelheid,0,3,3,1.0
redactor,0,3,3,1.0
crescentcon,3,0,3,0.0
womenhealth,0,3,3,1.0
escolha,0,3,3,1.0
defenit,0,3,3,1.0
thansk,3,0,3,0.0
lenderto,0,3,3,1.0
enronian,3,0,3,0.0
himseif,0,3,3,1.0
wilburn,0,3,3,1.0
herit,0,3,3,1.0
flytecrew,0,3,3,1.0
zamay,0,3,3,1.0
ardizzoni,3,0,3,0.0
diadem,0,3,3,1.0
lvcii,3,0,3,0.0
yuma,3,0,3,0.0
supr,0,3,3,1.0
ticklish,0,3,3,1.0
faheem,3,0,3,0.0
tallgreenpl,0,3,3,1.0
unsresolv,3,0,3,0.0
totalfinaelf,3,0,3,0.0
holen,0,3,3,1.0
reproductor,0,3,3,1.0
castrat,1,2,3,0.667
nanaess,0,3,3,1.0
effecten,0,3,3,1.0
mariella,3,0,3,0.0
caboos,2,1,3,0.333
crabtre,2,1,3,0.333
mnoo,3,0,3,0.0
mywondermovi,0,3,3,1.0
royaiti,0,3,3,1.0
wschodem,3,0,3,0.0
femia,0,3,3,1.0
noisiest,3,0,3,0.0
sherryour,0,3,3,1.0
chanda,1,2,3,0.667
direktoren,0,3,3,1.0
ineptli,3,0,3,0.0
mogadiscio,0,3,3,1.0
wilhelmina,0,3,3,1.0
trmino,0,3,3,1.0
treadl,0,3,3,1.0
hich,0,3,3,1.0
intraleukocyt,0,3,3,1.0
vaudoi,0,3,3,1.0
confirmit,3,0,3,0.0
sicaf,0,3,3,1.0
unpeac,0,3,3,1.0
delieveri,2,1,3,0.333
hedger,3,0,3,0.0
percocet,0,3,3,1.0
plusi,3,0,3,0.0
candidhost,0,3,3,1.0
artaddict,0,3,3,1.0
crmexicomexico,0,3,3,1.0
springdal,3,0,3,0.0
precuriet,3,0,3,0.0
pickerel,0,3,3,1.0
oaa,3,0,3,0.0
fixer,0,3,3,1.0
kartlarina,0,3,3,1.0
cruiser,3,0,3,0.0
lonestarsteel,3,0,3,0.0
stmt,3,0,3,0.0
etymologist,0,3,3,1.0
expiabl,0,3,3,1.0
menstrual,0,3,3,1.0
allí,0,3,3,1.0
dpsftp,0,3,3,1.0
juxtaposit,0,3,3,1.0
fiance,0,3,3,1.0
mccook,3,0,3,0.0
whatuseek,0,3,3,1.0
lordosi,0,3,3,1.0
pfzr,0,3,3,1.0
sstojic,3,0,3,0.0
yourgiftcard,0,3,3,1.0
gish,3,0,3,0.0
pitchblend,0,3,3,1.0
maret,3,0,3,0.0
soprano,0,3,3,1.0
documentair,0,3,3,1.0
keycorp,3,0,3,0.0
rodent,0,3,3,1.0
tuberculosi,0,3,3,1.0
cbxsale,0,3,3,1.0
opco,3,0,3,0.0
esperada,0,3,3,1.0
sfp,2,1,3,0.333
knitwear,0,3,3,1.0
malboro,0,3,3,1.0
seelig,3,0,3,0.0
chowdhri,3,0,3,0.0
okoro,0,3,3,1.0
gazm,0,3,3,1.0
accesstel,0,3,3,1.0
sofcom,0,3,3,1.0
swi,0,3,3,1.0
enetwork,0,3,3,1.0
warri,1,2,3,0.667
federman,0,3,3,1.0
manieren,0,3,3,1.0
moneytrancecorp,0,3,3,1.0
presentaton,3,0,3,0.0
hoopla,0,3,3,1.0
hgovenar,3,0,3,0.0
munder,3,0,3,0.0
levent,3,0,3,0.0
chefe,0,3,3,1.0
aristaseducativa,0,3,3,1.0
stabbin,0,3,3,1.0
blais,3,0,3,0.0
presentado,0,3,3,1.0
zhiyang,3,0,3,0.0
normatividad,0,3,3,1.0
bai,3,0,3,0.0
gastronomi,0,3,3,1.0
bluesea,0,3,3,1.0
eunomia,0,3,3,1.0
alkjmcq,0,3,3,1.0
shrinkwrap,0,3,3,1.0
pleae,3,0,3,0.0
prokaryot,0,3,3,1.0
bodyshap,0,3,3,1.0
pltor,0,3,3,1.0
cidado,0,3,3,1.0
neoconserv,0,3,3,1.0
darauf,0,3,3,1.0
pittsfield,0,3,3,1.0
cozinheiro,0,3,3,1.0
vive,0,3,3,1.0
asalam,0,3,3,1.0
inwiefern,3,0,3,0.0
chisom,0,3,3,1.0
houstona,3,0,3,0.0
theseemail,0,3,3,1.0
karina,1,2,3,0.667
sociolog,1,2,3,0.667
quickcam,0,3,3,1.0
neolog,0,3,3,1.0
lha,0,3,3,1.0
nchsten,0,3,3,1.0
distast,0,3,3,1.0
oldham,0,3,3,1.0
bullshit,0,3,3,1.0
montecarlo,3,0,3,0.0
homebound,0,3,3,1.0
quaii,0,3,3,1.0
ensoul,0,3,3,1.0
kev,3,0,3,0.0
quieter,3,0,3,0.0
meedz,0,3,3,1.0
webtv,2,1,3,0.333
phenomenolog,1,2,3,0.667
truequot,3,0,3,0.0
jporionshttp,0,3,3,1.0
chatlin,0,3,3,1.0
livabl,0,3,3,1.0
thalia,0,3,3,1.0
snelnieuw,0,3,3,1.0
falstaff,0,3,3,1.0
cribsheet,0,3,3,1.0
mfn,3,0,3,0.0
basley,0,3,3,1.0
gadwal,0,3,3,1.0
verbag,3,0,3,0.0
netcnrshttp,0,3,3,1.0
xanzax,0,3,3,1.0
scifin,3,0,3,0.0
shrove,0,3,3,1.0
plianci,0,3,3,1.0
echt,0,3,3,1.0
aboutnbsp,0,3,3,1.0
localblok,3,0,3,0.0
expandir,0,3,3,1.0
sprig,0,3,3,1.0
boliviaweb,0,3,3,1.0
matiss,1,2,3,0.667
wiwl,0,3,3,1.0
refurbishednotebook,0,3,3,1.0
groscrand,3,0,3,0.0
vanguardngr,0,3,3,1.0
lassi,0,3,3,1.0
kobena,0,3,3,1.0
sidemen,0,3,3,1.0
asdfjk,0,3,3,1.0
hurti,0,3,3,1.0
fitli,0,3,3,1.0
youe,0,3,3,1.0
polyhedr,0,3,3,1.0
marchri,3,0,3,0.0
pecker,0,3,3,1.0
homem,0,3,3,1.0
patrocinador,0,3,3,1.0
mya,1,2,3,0.667
surtout,0,3,3,1.0
tipoff,0,3,3,1.0
tecra,0,3,3,1.0
vertigo,1,2,3,0.667
nicklau,3,0,3,0.0
bedziesz,3,0,3,0.0
followeth,0,3,3,1.0
vick,0,3,3,1.0
instndig,0,3,3,1.0
onramp,3,0,3,0.0
revitalis,3,0,3,0.0
energyinfosourc,3,0,3,0.0
durban,0,3,3,1.0
cresswel,3,0,3,0.0
shyn,0,3,3,1.0
gnash,0,3,3,1.0
cez,1,2,3,0.667
turish,0,3,3,1.0
complacncia,0,3,3,1.0
thebrit,0,3,3,1.0
dep,1,2,3,0.667
paulino,3,0,3,0.0
sajat,0,3,3,1.0
acces,0,3,3,1.0
sweetwat,3,0,3,0.0
eleio,0,3,3,1.0
agous,0,3,3,1.0
fyol,3,0,3,0.0
rydberg,0,3,3,1.0
shephard,1,2,3,0.667
zerhusen,3,0,3,0.0
lasdon,3,0,3,0.0
prtm,3,0,3,0.0
morb,0,3,3,1.0
registra,0,3,3,1.0
procomp,3,0,3,0.0
gove,0,3,3,1.0
developingand,0,3,3,1.0
rqw,0,3,3,1.0
mahal,3,0,3,0.0
iirltd,3,0,3,0.0
wkamin,3,0,3,0.0
breezili,0,3,3,1.0
covent,3,0,3,0.0
cardspcmcia,0,3,3,1.0
fef,3,0,3,0.0
mansperform,0,3,3,1.0
batizado,0,3,3,1.0
sdlt,0,3,3,1.0
adj,0,3,3,1.0
polsku,3,0,3,0.0
bysmi,3,0,3,0.0
chancey,3,0,3,0.0
safeweb,3,0,3,0.0
lia,3,0,3,0.0
arun,2,1,3,0.333
byh,3,0,3,0.0
newsoff,0,3,3,1.0
iconoclast,0,3,3,1.0
getofflist,0,3,3,1.0
overproduct,3,0,3,0.0
colum,3,0,3,0.0
spx,3,0,3,0.0
fung,0,3,3,1.0
microfilm,1,2,3,0.667
siames,0,3,3,1.0
saler,0,3,3,1.0
trug,0,3,3,1.0
irc,0,3,3,1.0
alicja,0,3,3,1.0
igh,0,3,3,1.0
zeppelin,0,3,3,1.0
nternat,0,3,3,1.0
paar,0,3,3,1.0
salvar,0,3,3,1.0
commtomm,0,3,3,1.0
billabl,1,2,3,0.667
kimker,3,0,3,0.0
umich,3,0,3,0.0
satiat,0,3,3,1.0
gorki,0,3,3,1.0
monteverdi,0,3,3,1.0
pouz,0,3,3,1.0
mundt,3,0,3,0.0
qml,0,3,3,1.0
arginin,0,3,3,1.0
houstonexp,3,0,3,0.0
lduppd,0,3,3,1.0
pushiest,3,0,3,0.0
vailresort,3,0,3,0.0
twitter,0,3,3,1.0
forlorn,1,2,3,0.667
ubbi,0,3,3,1.0
aveyoumon,0,3,3,1.0
metri,3,0,3,0.0
uranyl,0,3,3,1.0
odum,3,0,3,0.0
transstatu,3,0,3,0.0
sabado,0,3,3,1.0
oferecendo,0,3,3,1.0
facilti,3,0,3,0.0
priami,0,3,3,1.0
nnew,0,3,3,1.0
machek,0,3,3,1.0
adaez,0,3,3,1.0
geneer,0,3,3,1.0
orbitz,3,0,3,0.0
rens,0,3,3,1.0
softwra,0,3,3,1.0
enteron,3,0,3,0.0
claiborn,0,3,3,1.0
jyz,0,3,3,1.0
skulu,0,3,3,1.0
intracellular,0,3,3,1.0
stine,3,0,3,0.0
sprintlab,3,0,3,0.0
guarnt,0,3,3,1.0
onlyi,0,3,3,1.0
verita,3,0,3,0.0
sisnero,3,0,3,0.0
taiwo,0,3,3,1.0
silniejszi,3,0,3,0.0
werbalowski,3,0,3,0.0
smithson,0,3,3,1.0
brversion,0,3,3,1.0
charrington,3,0,3,0.0
concensu,3,0,3,0.0
daiwa,3,0,3,0.0
volver,0,3,3,1.0
preisempfehlung,0,3,3,1.0
jsfadf,0,3,3,1.0
personalnym,3,0,3,0.0
addressdatabas,0,3,3,1.0
novakov,3,0,3,0.0
pca,3,0,3,0.0
cashin,3,0,3,0.0
deinter,0,3,3,1.0
swenson,2,1,3,0.333
trapezium,0,3,3,1.0
waspish,0,3,3,1.0
jeri,0,3,3,1.0
piplin,2,1,3,0.333
blower,2,1,3,0.333
kartlar,0,3,3,1.0
sevenfold,0,3,3,1.0
prostaff,3,0,3,0.0
gewonnen,0,3,3,1.0
leuven,3,0,3,0.0
keuz,0,3,3,1.0
privilegiada,0,3,3,1.0
ender,0,3,3,1.0
sunamerica,3,0,3,0.0
middi,0,3,3,1.0
eliminado,0,3,3,1.0
teenmail,0,3,3,1.0
benq,0,3,3,1.0
businesswomen,3,0,3,0.0
perview,0,3,3,1.0
kasmervisz,3,0,3,0.0
krishan,3,0,3,0.0
xxxperson,0,3,3,1.0
traducción,0,3,3,1.0
porfolio,3,0,3,0.0
listsorsoftwar,0,3,3,1.0
ballanc,0,3,3,1.0
ashle,0,3,3,1.0
vdl,0,3,3,1.0
finansowa,3,0,3,0.0
cozulerek,0,3,3,1.0
relacin,0,3,3,1.0
stumpi,0,3,3,1.0
ciclo,0,3,3,1.0
compatibii,0,3,3,1.0
beelin,0,3,3,1.0
ellington,1,2,3,0.667
dividido,0,3,3,1.0
pijll,0,3,3,1.0
yerden,0,3,3,1.0
smithereen,0,3,3,1.0
unpublish,3,0,3,0.0
forsaw,0,3,3,1.0
benoetigt,3,0,3,0.0
codone,0,3,3,1.0
divnbsp,0,3,3,1.0
realizada,0,3,3,1.0
halftim,3,0,3,0.0
odogu,0,3,3,1.0
shahid,3,0,3,0.0
topl,2,1,3,0.333
credi,0,3,3,1.0
brbra,0,3,3,1.0
thatdo,0,3,3,1.0
salario,0,3,3,1.0
aulooksmarthttp,0,3,3,1.0
ameren,3,0,3,0.0
feeler,3,0,3,0.0
miti,1,2,3,0.667
labra,0,3,3,1.0
polygyn,0,3,3,1.0
esi,0,3,3,1.0
lazzaro,3,0,3,0.0
vadim,3,0,3,0.0
evangelina,0,3,3,1.0
iang,0,3,3,1.0
oprima,0,3,3,1.0
nervoustens,0,3,3,1.0
gráti,0,3,3,1.0
enerv,0,3,3,1.0
cabman,0,3,3,1.0
nectari,0,3,3,1.0
fieldwork,0,3,3,1.0
primu,0,3,3,1.0
realizarn,0,3,3,1.0
goin,0,3,3,1.0
nikon,0,3,3,1.0
senter,3,0,3,0.0
marissa,1,2,3,0.667
colliqu,0,3,3,1.0
bxptlkt,0,3,3,1.0
yupi,0,3,3,1.0
mdaemon,0,3,3,1.0
inphon,0,3,3,1.0
westreal,3,0,3,0.0
gilad,3,0,3,0.0
bloor,3,0,3,0.0
nsuranc,1,2,3,0.667
volautomatisch,0,3,3,1.0
singleey,0,3,3,1.0
camarografo,0,3,3,1.0
collen,0,3,3,1.0
sepia,1,2,3,0.667
looseleaf,0,3,3,1.0
staphylococcu,0,3,3,1.0
pillxanax,0,3,3,1.0
virtur,1,2,3,0.667
lime,0,3,3,1.0
openwav,3,0,3,0.0
fibroid,0,3,3,1.0
presley,3,0,3,0.0
spode,3,0,3,0.0
routledg,3,0,3,0.0
nestlé,0,3,3,1.0
middlo,3,0,3,0.0
guidri,1,2,3,0.667
tgt,2,1,3,0.333
boeg,3,0,3,0.0
combiplayag,0,3,3,1.0
churro,1,2,3,0.667
pompeii,0,3,3,1.0
rockaby,0,3,3,1.0
diffeer,0,3,3,1.0
highperform,0,3,3,1.0
atenderemo,0,3,3,1.0
dankbar,3,0,3,0.0
rmshop,0,3,3,1.0
triod,0,3,3,1.0
surpresa,0,3,3,1.0
bijkomend,0,3,3,1.0
elmo,3,0,3,0.0
pharmacopoeia,0,3,3,1.0
businesswir,1,2,3,0.667
autobahn,0,3,3,1.0
bayileri,0,3,3,1.0
wingback,0,3,3,1.0
kgpl,3,0,3,0.0
sniper,0,3,3,1.0
competencia,0,3,3,1.0
pew,0,3,3,1.0
harryvinston,0,3,3,1.0
contraint,3,0,3,0.0
noorigohttp,0,3,3,1.0
petasi,0,3,3,1.0
hundrend,0,3,3,1.0
naturallyspeak,0,3,3,1.0
umsonst,0,3,3,1.0
lile,3,0,3,0.0
siisi,0,3,3,1.0
chawkin,3,0,3,0.0
offstag,0,3,3,1.0
ordeer,0,3,3,1.0
smso,0,3,3,1.0
davda,3,0,3,0.0
darkest,1,2,3,0.667
kst,0,3,3,1.0
beatl,0,3,3,1.0
porvid,3,0,3,0.0
darialtramadol,0,3,3,1.0
ahnhgh,0,3,3,1.0
avgeri,3,0,3,0.0
wunderlich,3,0,3,0.0
sheldrick,3,0,3,0.0
wyfmgrqgp,0,3,3,1.0
technoiogica,0,3,3,1.0
couterparti,3,0,3,0.0
zakharenko,0,3,3,1.0
junkmail,0,3,3,1.0
inescap,0,3,3,1.0
cortizyt,0,3,3,1.0
pillambien,0,3,3,1.0
rickey,0,3,3,1.0
convertbond,3,0,3,0.0
mattel,1,2,3,0.667
topper,1,2,3,0.667
limpkin,0,3,3,1.0
uncool,3,0,3,0.0
alcan,3,0,3,0.0
verwandten,0,3,3,1.0
bilek,3,0,3,0.0
valedict,0,3,3,1.0
santamaría,0,3,3,1.0
sybil,0,3,3,1.0
comeaux,3,0,3,0.0
lolmag,0,3,3,1.0
edrug,0,3,3,1.0
fehl,2,1,3,0.333
hydroderm,0,3,3,1.0
polio,0,3,3,1.0
hagler,3,0,3,0.0
butterwebsit,0,3,3,1.0
ltv,2,1,3,0.333
smokehous,0,3,3,1.0
milllion,1,2,3,0.667
satchel,1,2,3,0.667
poner,0,3,3,1.0
pese,0,3,3,1.0
pazdzierniku,3,0,3,0.0
considerando,0,3,3,1.0
galor,0,3,3,1.0
heavenward,0,3,3,1.0
solltest,0,3,3,1.0
viagara,0,3,3,1.0
panoram,0,3,3,1.0
wackerl,3,0,3,0.0
outsourcehub,0,3,3,1.0
produit,0,3,3,1.0
gurri,3,0,3,0.0
jocular,0,3,3,1.0
redploy,3,0,3,0.0
copeiro,0,3,3,1.0
heriberto,1,2,3,0.667
positiveiy,0,3,3,1.0
bargainbuyernetwork,0,3,3,1.0
uwaoma,0,3,3,1.0
errortpleas,0,3,3,1.0
perfil,0,3,3,1.0
definetli,2,1,3,0.333
lignit,0,3,3,1.0
hebe,0,3,3,1.0
unida,0,3,3,1.0
montagem,0,3,3,1.0
trimmer,0,3,3,1.0
turren,0,3,3,1.0
turalbutpow,0,3,3,1.0
encircl,1,2,3,0.667
byc,2,1,3,0.333
sider,0,3,3,1.0
benckenstein,3,0,3,0.0
rhinocero,0,3,3,1.0
skywest,3,0,3,0.0
jackallik,3,0,3,0.0
photospray,0,3,3,1.0
lewd,0,3,3,1.0
iplu,0,3,3,1.0
rwcdrw,0,3,3,1.0
koffic,3,0,3,0.0
dca,2,1,3,0.333
wicker,2,1,3,0.333
disposicion,0,3,3,1.0
datapaid,0,3,3,1.0
petrel,0,3,3,1.0
postcardsl,0,3,3,1.0
requieren,0,3,3,1.0
cabot,0,3,3,1.0
vermutlich,3,0,3,0.0
ignatiu,0,3,3,1.0
certeza,0,3,3,1.0
moneyi,0,3,3,1.0
pressuris,2,1,3,0.333
zgmmubadf,0,3,3,1.0
assid,0,3,3,1.0
correcto,0,3,3,1.0
personalsxxx,0,3,3,1.0
directoryhttp,0,3,3,1.0
fercinfo,3,0,3,0.0
nyo,3,0,3,0.0
lwood,1,2,3,0.667
desenvolvido,0,3,3,1.0
abilen,1,2,3,0.667
critrio,0,3,3,1.0
dermaradi,0,3,3,1.0
varaiya,3,0,3,0.0
nobelium,0,3,3,1.0
autonr,0,3,3,1.0
chemicai,0,3,3,1.0
pompou,0,3,3,1.0
legali,2,1,3,0.333
ltimo,0,3,3,1.0
keybank,0,3,3,1.0
orthodoxi,1,2,3,0.667
acount,0,3,3,1.0
zusaetzlich,3,0,3,0.0
claybrook,3,0,3,0.0
talebear,0,3,3,1.0
gilligan,0,3,3,1.0
halibut,0,3,3,1.0
taccount,3,0,3,0.0
desarrollan,0,3,3,1.0
kabuki,0,3,3,1.0
frontiersmen,0,3,3,1.0
dkjubiihttp,0,3,3,1.0
transfair,0,3,3,1.0
zenab,0,3,3,1.0
depaoli,3,0,3,0.0
kwmonth,3,0,3,0.0
shawstak,0,3,3,1.0
inground,0,3,3,1.0
projekt,2,1,3,0.333
wordt,0,3,3,1.0
antebellum,0,3,3,1.0
siiurian,0,3,3,1.0
edumm,0,3,3,1.0
gettingandfind,0,3,3,1.0
capri,2,1,3,0.333
schep,3,0,3,0.0
stunk,1,2,3,0.667
peev,0,3,3,1.0
siigshot,0,3,3,1.0
vladivostok,0,3,3,1.0
kosaraju,3,0,3,0.0
merrimack,0,3,3,1.0
titian,0,3,3,1.0
aldin,3,0,3,0.0
upholster,0,3,3,1.0
verschiedensten,0,3,3,1.0
phpnuke,0,3,3,1.0
butbr,0,3,3,1.0
yourmembership,0,3,3,1.0
comboliviabolivia,0,3,3,1.0
tetrahedra,0,3,3,1.0
dnavi,0,3,3,1.0
ratnagiri,3,0,3,0.0
kohnstamm,3,0,3,0.0
vvay,0,3,3,1.0
vesta,0,3,3,1.0
renta,0,3,3,1.0
beign,0,3,3,1.0
inicio,0,3,3,1.0
desbien,3,0,3,0.0
ofrecemo,0,3,3,1.0
photokinesi,0,3,3,1.0
ecila,0,3,3,1.0
octarchi,0,3,3,1.0
próprio,0,3,3,1.0
aggres,3,0,3,0.0
tamra,0,3,3,1.0
praecox,0,3,3,1.0
protection,3,0,3,0.0
luciu,0,3,3,1.0
moja,3,0,3,0.0
wno,0,3,3,1.0
miramar,2,1,3,0.333
haitham,3,0,3,0.0
macroeconom,2,1,3,0.333
searchit,0,3,3,1.0
comif,0,3,3,1.0
poyntz,3,0,3,0.0
vexat,0,3,3,1.0
annehmen,3,0,3,0.0
cxl,3,0,3,0.0
cristob,1,2,3,0.667
checkdr,0,3,3,1.0
netherloto,0,3,3,1.0
ibt,0,3,3,1.0
subm,3,0,3,0.0
kaseco,3,0,3,0.0
causal,0,3,3,1.0
hacert,0,3,3,1.0
laudanum,0,3,3,1.0
abcm,3,0,3,0.0
gatlinburg,0,3,3,1.0
geknebelt,0,3,3,1.0
vievv,0,3,3,1.0
brnbsp,0,3,3,1.0
nefari,2,1,3,0.333
motionless,0,3,3,1.0
lider,0,3,3,1.0
linepr,0,3,3,1.0
ngobe,0,3,3,1.0
bongani,0,3,3,1.0
ecard,0,3,3,1.0
miska,3,0,3,0.0
profid,3,0,3,0.0
enviart,0,3,3,1.0
xeni,0,3,3,1.0
leh,3,0,3,0.0
newzimbabw,0,3,3,1.0
dalk,3,0,3,0.0
sivertsen,0,3,3,1.0
comfierahttp,0,3,3,1.0
teetot,0,3,3,1.0
sabe,0,3,3,1.0
imneverwrong,0,3,3,1.0
tjone,3,0,3,0.0
milhar,0,3,3,1.0
ptonlin,3,0,3,0.0
artauct,0,3,3,1.0
inlinern,0,3,3,1.0
laboral,0,3,3,1.0
ratiocin,0,3,3,1.0
positv,3,0,3,0.0
hohe,3,0,3,0.0
sachin,3,0,3,0.0
mayonnais,0,3,3,1.0
repect,1,2,3,0.667
executivo,0,3,3,1.0
pelt,0,3,3,1.0
downyou,0,3,3,1.0
hod,1,2,3,0.667
untrain,0,3,3,1.0
addddd,0,3,3,1.0
vippass,0,3,3,1.0
bischoff,3,0,3,0.0
sandt,3,0,3,0.0
hlpc,3,0,3,0.0
fagan,3,0,3,0.0
incereas,3,0,3,0.0
oasa,3,0,3,0.0
plugit,0,3,3,1.0
africaonlin,0,3,3,1.0
missyoui,0,3,3,1.0
realizao,0,3,3,1.0
crother,1,2,3,0.667
juha,3,0,3,0.0
jst,0,3,3,1.0
serou,0,3,3,1.0
trapez,0,3,3,1.0
institution,3,0,3,0.0
twkk,0,3,3,1.0
caudl,3,0,3,0.0
tuley,3,0,3,0.0
camoglum,3,0,3,0.0
locomotor,0,3,3,1.0
generiacut,0,3,3,1.0
skil,0,3,3,1.0
mispronunci,0,3,3,1.0
drungk,0,3,3,1.0
revelacin,0,3,3,1.0
bozeman,0,3,3,1.0
maidserv,0,3,3,1.0
coastand,0,3,3,1.0
autoria,0,3,3,1.0
prew,3,0,3,0.0
recurs,1,2,3,0.667
caili,0,3,3,1.0
oleg,3,0,3,0.0
karenina,0,3,3,1.0
phamraceut,0,3,3,1.0
ampliament,0,3,3,1.0
escolar,0,3,3,1.0
sild,0,3,3,1.0
versatec,0,3,3,1.0
hollick,3,0,3,0.0
vicken,3,0,3,0.0
hellebor,0,3,3,1.0
stentophon,3,0,3,0.0
nlils,0,3,3,1.0
uxm,0,3,3,1.0
moneytv,0,3,3,1.0
matr,3,0,3,0.0
depósito,0,3,3,1.0
aegon,3,0,3,0.0
qadhi,0,3,3,1.0
resulta,0,3,3,1.0
louder,1,2,3,0.667
semivari,3,0,3,0.0
aolier,0,3,3,1.0
dagelijk,0,3,3,1.0
onliiiin,0,3,3,1.0
kodlari,0,3,3,1.0
sieglinda,0,3,3,1.0
nron,3,0,3,0.0
gauchonet,0,3,3,1.0
hgk,3,0,3,0.0
crysta,0,3,3,1.0
strontium,0,3,3,1.0
salton,2,1,3,0.333
saddest,1,2,3,0.667
iro,0,3,3,1.0
inemail,1,2,3,0.667
joyous,0,3,3,1.0
texarkana,3,0,3,0.0
audley,0,3,3,1.0
blakey,2,1,3,0.333
luna,2,1,3,0.333
edwardo,0,3,3,1.0
distinctlybio,0,3,3,1.0
callaway,3,0,3,0.0
nomform,3,0,3,0.0
paraphernalia,0,3,3,1.0
kjoea,0,3,3,1.0
neurodesarrollo,0,3,3,1.0
kcal,3,0,3,0.0
pexni,0,3,3,1.0
theism,0,3,3,1.0
normalment,0,3,3,1.0
nacimiento,0,3,3,1.0
empresariamento,0,3,3,1.0
phpnukefr,0,3,3,1.0
samurai,0,3,3,1.0
starkweath,0,3,3,1.0
flatworm,0,3,3,1.0
hindubusinesslin,3,0,3,0.0
ragayl,3,0,3,0.0
almacn,0,3,3,1.0
roya,0,3,3,1.0
gok,0,3,3,1.0
venkat,3,0,3,0.0
leatherneck,0,3,3,1.0
geometri,0,3,3,1.0
kck,0,3,3,1.0
fangl,0,3,3,1.0
fey,2,1,3,0.333
lawmen,0,3,3,1.0
jmartinbiosketch,3,0,3,0.0
asdkfj,0,3,3,1.0
wab,0,3,3,1.0
dimm,0,3,3,1.0
windup,0,3,3,1.0
canadathi,0,3,3,1.0
ccffff,0,3,3,1.0
mmpta,3,0,3,0.0
taper,1,2,3,0.667
orem,2,1,3,0.333
kgme,3,0,3,0.0
vdeo,0,3,3,1.0
tmat,3,0,3,0.0
mur,1,2,3,0.667
cyberopp,0,3,3,1.0
techi,2,1,3,0.333
psyllium,0,3,3,1.0
material,0,3,3,1.0
sueldo,0,3,3,1.0
bala,2,1,3,0.333
estateco,3,0,3,0.0
recepcin,0,3,3,1.0
sweetli,0,3,3,1.0
curent,0,3,3,1.0
gossipi,0,3,3,1.0
rth,0,3,3,1.0
domanc,0,3,3,1.0
tenney,0,3,3,1.0
modernizacin,0,3,3,1.0
rgsm,0,3,3,1.0
etenr,0,3,3,1.0
kalmuk,0,3,3,1.0
bym,2,1,3,0.333
immédiat,0,3,3,1.0
sgh,3,0,3,0.0
guridi,0,3,3,1.0
comtempl,0,3,3,1.0
infonavi,0,3,3,1.0
walkin,0,3,3,1.0
vod,1,2,3,0.667
bluewin,0,3,3,1.0
singhjai,3,0,3,0.0
zajmuj,3,0,3,0.0
woyaa,0,3,3,1.0
skya,0,3,3,1.0
maan,1,2,3,0.667
farhad,3,0,3,0.0
ameripath,3,0,3,0.0
disproportion,3,0,3,0.0
statementscdgt,0,3,3,1.0
comitali,0,3,3,1.0
pressreleas,3,0,3,0.0
exsicc,0,3,3,1.0
vug,0,3,3,1.0
happilli,0,3,3,1.0
criando,0,3,3,1.0
pecado,0,3,3,1.0
leiden,0,3,3,1.0
neeeeeeeed,0,3,3,1.0
nscpcd,3,0,3,0.0
amapari,0,3,3,1.0
centralr,0,3,3,1.0
theco,0,3,3,1.0
comseznamhttp,0,3,3,1.0
aliceczesc,0,3,3,1.0
traitor,0,3,3,1.0
dormitorio,0,3,3,1.0
sleepili,0,3,3,1.0
jpwatchhttp,0,3,3,1.0
informeren,0,3,3,1.0
lukemia,0,3,3,1.0
guevara,0,3,3,1.0
subsect,2,1,3,0.333
aklsdf,0,3,3,1.0
tarpap,0,3,3,1.0
zuhaus,0,3,3,1.0
tule,2,1,3,0.333
prakop,3,0,3,0.0
ofgem,3,0,3,0.0
pequeña,0,3,3,1.0
seccin,0,3,3,1.0
webwombat,0,3,3,1.0
ventaja,0,3,3,1.0
vag,0,3,3,1.0
bussi,0,3,3,1.0
vicsav,0,3,3,1.0
theprincess,0,3,3,1.0
vinho,0,3,3,1.0
dogban,0,3,3,1.0
orp,3,0,3,0.0
disturn,3,0,3,0.0
tbelden,3,0,3,0.0
supplya,0,3,3,1.0
exccel,0,3,3,1.0
shugart,3,0,3,0.0
frvoilahttp,0,3,3,1.0
willl,1,2,3,0.667
esophagi,0,3,3,1.0
seagram,1,2,3,0.667
allergan,0,3,3,1.0
gallo,0,3,3,1.0
letco,3,0,3,0.0
errect,0,3,3,1.0
petrifact,0,3,3,1.0
bernella,3,0,3,0.0
menshealthissu,0,3,3,1.0
tessel,0,3,3,1.0
ihwlkl,0,3,3,1.0
promoção,0,3,3,1.0
marley,1,2,3,0.667
bote,0,3,3,1.0
overbought,2,1,3,0.333
opttyp,3,0,3,0.0
settanni,3,0,3,0.0
felicitación,0,3,3,1.0
botanik,0,3,3,1.0
rifleman,0,3,3,1.0
cnpj,0,3,3,1.0
zeem,0,3,3,1.0
odm,0,3,3,1.0
nbr,3,0,3,0.0
nosediv,3,0,3,0.0
nevvest,0,3,3,1.0
anregungen,0,3,3,1.0
bagno,0,3,3,1.0
tvhoilywood,0,3,3,1.0
wgbh,3,0,3,0.0
rqfi,0,3,3,1.0
approveddrug,0,3,3,1.0
quailti,0,3,3,1.0
cili,0,3,3,1.0
inteilectu,0,3,3,1.0
espera,0,3,3,1.0
ibzi,0,3,3,1.0
bma,0,3,3,1.0
unmeasur,1,2,3,0.667
rpx,2,1,3,0.333
bernita,3,0,3,0.0
cansa,0,3,3,1.0
indexcol,0,3,3,1.0
inconvini,0,3,3,1.0
podra,0,3,3,1.0
cieri,3,0,3,0.0
lire,3,0,3,0.0
nlsearch,0,3,3,1.0
discutir,0,3,3,1.0
stojic,3,0,3,0.0
startbgmlmezin,0,3,3,1.0
consultaion,0,3,3,1.0
heinou,1,2,3,0.667
criptionm,0,3,3,1.0
mailprogramma,0,3,3,1.0
sima,0,3,3,1.0
grog,0,3,3,1.0
phentiermin,0,3,3,1.0
qwild,0,3,3,1.0
obtenida,0,3,3,1.0
adolfo,0,3,3,1.0
asista,0,3,3,1.0
tristategt,3,0,3,0.0
checkk,0,3,3,1.0
grang,0,3,3,1.0
croesu,0,3,3,1.0
petroquemica,3,0,3,0.0
norg,0,3,3,1.0
thirrrti,0,3,3,1.0
arraing,3,0,3,0.0
celilo,3,0,3,0.0
demghiljk,0,3,3,1.0
edio,0,3,3,1.0
seei,0,3,3,1.0
gerth,3,0,3,0.0
litter,2,1,3,0.333
partido,0,3,3,1.0
immidi,0,3,3,1.0
svein,3,0,3,0.0
fontenot,2,1,3,0.333
manomet,0,3,3,1.0
rsd,3,0,3,0.0
subtli,0,3,3,1.0
quack,1,2,3,0.667
claii,0,3,3,1.0
inquilino,0,3,3,1.0
genuflex,0,3,3,1.0
aztecan,0,3,3,1.0
sickish,0,3,3,1.0
sudburi,0,3,3,1.0
fritador,0,3,3,1.0
willamet,3,0,3,0.0
bringyour,0,3,3,1.0
shallot,0,3,3,1.0
gcd,2,1,3,0.333
stimpson,3,0,3,0.0
personalizada,0,3,3,1.0
curaci,0,3,3,1.0
zc,0,3,3,1.0
venorth,0,3,3,1.0
internaut,0,3,3,1.0
stowag,0,3,3,1.0
naiad,0,3,3,1.0
grajewski,3,0,3,0.0
eagelvictorylottol,0,3,3,1.0
netback,3,0,3,0.0
fancythesmartest,0,3,3,1.0
phosphodiesteras,0,3,3,1.0
zastanawia,3,0,3,0.0
nowciali,0,3,3,1.0
carryback,3,0,3,0.0
opmaak,0,3,3,1.0
argv,0,3,3,1.0
tdicker,3,0,3,0.0
camacho,1,2,3,0.667
sofft,0,3,3,1.0
hollerith,0,3,3,1.0
nexlum,0,3,3,1.0
dayem,3,0,3,0.0
greenwar,0,3,3,1.0
moraira,0,3,3,1.0
bvigari,0,3,3,1.0
odder,1,2,3,0.667
plo,2,1,3,0.333
febiak,0,3,3,1.0
cardoso,3,0,3,0.0
carcas,0,3,3,1.0
sjg,2,1,3,0.333
corrin,2,1,3,0.333
compareproduct,0,3,3,1.0
cedu,0,3,3,1.0
lade,0,3,3,1.0
spambit,0,3,3,1.0
squirehood,0,3,3,1.0
revalid,2,1,3,0.333
bestoem,0,3,3,1.0
rosann,0,3,3,1.0
spaceland,3,0,3,0.0
ghostwrit,0,3,3,1.0
avcp,0,3,3,1.0
sfaiz,3,0,3,0.0
ilsivuvhttp,0,3,3,1.0
erlassen,0,3,3,1.0
obviousiy,0,3,3,1.0
szczegolowi,3,0,3,0.0
shitti,1,2,3,0.667
krugman,3,0,3,0.0
provendiscoveri,0,3,3,1.0
withour,0,3,3,1.0
onda,0,3,3,1.0
thetop,0,3,3,1.0
ckcrew,3,0,3,0.0
accessnz,0,3,3,1.0
udp,2,1,3,0.333
neuros,0,3,3,1.0
sill,0,3,3,1.0
mutaz,3,0,3,0.0
sieger,0,3,3,1.0
servicemast,3,0,3,0.0
fairport,0,3,3,1.0
seriouss,0,3,3,1.0
erreichbar,1,2,3,0.667
hundredd,0,3,3,1.0
arthrit,0,3,3,1.0
britinddemon,0,3,3,1.0
mignon,2,1,3,0.333
maia,0,3,3,1.0
creditmanag,3,0,3,0.0
pinxter,0,3,3,1.0
sog,0,3,3,1.0
bsite,0,3,3,1.0
pherentermin,0,3,3,1.0
vhe,0,3,3,1.0
kommt,0,3,3,1.0
yousif,0,3,3,1.0
panamanian,2,1,3,0.333
zustzlichen,0,3,3,1.0
lnnk,0,3,3,1.0
monel,0,3,3,1.0
doutrina,0,3,3,1.0
loin,0,3,3,1.0
jowli,0,3,3,1.0
paticip,0,3,3,1.0
slatternli,0,3,3,1.0
mailat,0,3,3,1.0
afrikaan,0,3,3,1.0
muff,0,3,3,1.0
reklami,0,3,3,1.0
cidad,0,3,3,1.0
isilo,0,3,3,1.0
secretariaat,0,3,3,1.0
sobrevivência,0,3,3,1.0
wealthnow,0,3,3,1.0
tracer,0,3,3,1.0
ceiv,0,3,3,1.0
nalexand,3,0,3,0.0
churrasqueiro,0,3,3,1.0
chilnet,0,3,3,1.0
northernlight,0,3,3,1.0
godmoth,0,3,3,1.0
oursid,0,3,3,1.0
withint,0,3,3,1.0
salida,0,3,3,1.0
fruiti,0,3,3,1.0
davy,3,0,3,0.0
volumin,1,2,3,0.667
decidir,0,3,3,1.0
lmw,2,1,3,0.333
htmlindial,0,3,3,1.0
doch,0,3,3,1.0
economista,0,3,3,1.0
debido,0,3,3,1.0
darft,3,0,3,0.0
klay,3,0,3,0.0
assistantship,3,0,3,0.0
chettiar,3,0,3,0.0
vgl,0,3,3,1.0
goup,2,1,3,0.333
runyon,0,3,3,1.0
rlb,1,2,3,0.667
primeira,0,3,3,1.0
tne,1,2,3,0.667
workahol,3,0,3,0.0
behney,3,0,3,0.0
frolic,0,3,3,1.0
cleanser,0,3,3,1.0
bankerchu,0,3,3,1.0
noseble,0,3,3,1.0
prac,3,0,3,0.0
cotsworld,3,0,3,0.0
superlovvpric,0,3,3,1.0
poodl,0,3,3,1.0
lamella,0,3,3,1.0
strohmey,3,0,3,0.0
seeketh,0,3,3,1.0
malraux,0,3,3,1.0
tropiga,3,0,3,0.0
intellikey,0,3,3,1.0
sustiva,0,3,3,1.0
varietyof,0,3,3,1.0
clickciti,0,3,3,1.0
nantucket,0,3,3,1.0
uhl,1,2,3,0.667
stigmastero,0,3,3,1.0
permitindo,0,3,3,1.0
lapidari,0,3,3,1.0
chec,0,3,3,1.0
hatchway,0,3,3,1.0
hmason,3,0,3,0.0
ratingslist,3,0,3,0.0
guag,2,1,3,0.333
theoriz,2,1,3,0.333
flexion,0,3,3,1.0
farmilist,0,3,3,1.0
aproach,3,0,3,0.0
miil,0,3,3,1.0
kinsella,0,3,3,1.0
abattoir,0,3,3,1.0
ossai,0,3,3,1.0
grunden,0,3,3,1.0
yeari,3,0,3,0.0
latwiej,3,0,3,0.0
dilbert,3,0,3,0.0
angielsku,3,0,3,0.0
talwin,0,3,3,1.0
doolittl,0,3,3,1.0
tropo,3,0,3,0.0
servlet,3,0,3,0.0
quotient,0,3,3,1.0
adjustor,0,3,3,1.0
attorneyatlaw,0,3,3,1.0
bldhlth,0,3,3,1.0
kinko,1,2,3,0.667
estimada,0,3,3,1.0
msrp,0,3,3,1.0
pred,0,3,3,1.0
bookshop,3,0,3,0.0
remessa,0,3,3,1.0
beamont,3,0,3,0.0
dnia,3,0,3,0.0
kinaesthet,0,3,3,1.0
ciub,0,3,3,1.0
wapner,3,0,3,0.0
keychain,0,3,3,1.0
alquist,3,0,3,0.0
raindrop,0,3,3,1.0
vtxto,0,3,3,1.0
throughemail,0,3,3,1.0
perdida,0,3,3,1.0
sprinkler,1,2,3,0.667
homedept,3,0,3,0.0
attemp,2,1,3,0.333
elitem,0,3,3,1.0
elebrex,0,3,3,1.0
nlnorway,0,3,3,1.0
vorig,0,3,3,1.0
umanoff,3,0,3,0.0
mandrak,0,3,3,1.0
thursadi,3,0,3,0.0
playabl,0,3,3,1.0
bywat,3,0,3,0.0
ttt,0,3,3,1.0
windi,1,2,3,0.667
informationy,0,3,3,1.0
dni,3,0,3,0.0
overregul,3,0,3,0.0
hochschild,3,0,3,0.0
boykin,3,0,3,0.0
jutland,0,3,3,1.0
materiel,0,3,3,1.0
chola,3,0,3,0.0
bethurem,3,0,3,0.0
riogen,3,0,3,0.0
krispi,3,0,3,0.0
oligopoli,1,2,3,0.667
laterit,0,3,3,1.0
stuffer,0,3,3,1.0
putumayo,0,3,3,1.0
lnventori,0,3,3,1.0
freemason,0,3,3,1.0
avistacorp,3,0,3,0.0
actúa,0,3,3,1.0
homotopi,0,3,3,1.0
mirna,2,1,3,0.333
taco,1,2,3,0.667
alejqoz,0,3,3,1.0
prescriptm,0,3,3,1.0
undefin,3,0,3,0.0
transfix,0,3,3,1.0
gild,0,3,3,1.0
blt,2,1,3,0.333
paclitaxol,0,3,3,1.0
enet,3,0,3,0.0
rdernow,0,3,3,1.0
vildenafil,0,3,3,1.0
vermek,0,3,3,1.0
roslyn,0,3,3,1.0
ashburton,0,3,3,1.0
thanl,1,2,3,0.667
tractabel,3,0,3,0.0
cou,0,3,3,1.0
qchenl,3,0,3,0.0
rustproof,0,3,3,1.0
orthodontia,3,0,3,0.0
preconfirm,3,0,3,0.0
lepag,1,2,3,0.667
dcorrig,3,0,3,0.0
windango,0,3,3,1.0
pagoda,0,3,3,1.0
pathologist,1,2,3,0.667
gerenciamento,0,3,3,1.0
vrio,0,3,3,1.0
logout,3,0,3,0.0
tyrannosauru,0,3,3,1.0
addess,0,3,3,1.0
mailenvelop,0,3,3,1.0
uaredoin,0,3,3,1.0
swampi,0,3,3,1.0
frnomadehttp,0,3,3,1.0
youssef,2,1,3,0.333
stimulatori,0,3,3,1.0
oingw,0,3,3,1.0
hundl,3,0,3,0.0
highwaymen,0,3,3,1.0
viagrla,0,3,3,1.0
burkinab,0,3,3,1.0
remoov,0,3,3,1.0
oxey,0,3,3,1.0
griddl,0,3,3,1.0
bettter,1,2,3,0.667
hksrch,0,3,3,1.0
yael,0,3,3,1.0
behren,3,0,3,0.0
brenham,3,0,3,0.0
rirdc,0,3,3,1.0
respecto,0,3,3,1.0
mozliwosc,3,0,3,0.0
gehrig,3,0,3,0.0
myslalem,3,0,3,0.0
blankvisit,0,3,3,1.0
devido,0,3,3,1.0
hoppik,0,3,3,1.0
wbushop,0,3,3,1.0
lamachina,3,0,3,0.0
doggonevisit,0,3,3,1.0
ifiy,0,3,3,1.0
udog,3,0,3,0.0
responsvel,0,3,3,1.0
saibi,3,0,3,0.0
overschedul,3,0,3,0.0
epivir,0,3,3,1.0
ehrmann,0,3,3,1.0
latinworld,0,3,3,1.0
lxx,2,1,3,0.333
henk,2,1,3,0.333
veiw,0,3,3,1.0
fqian,3,0,3,0.0
shenhua,3,0,3,0.0
swordtail,0,3,3,1.0
lenienc,1,2,3,0.667
teed,1,2,3,0.667
quantuti,0,3,3,1.0
gregorio,0,3,3,1.0
gnn,0,3,3,1.0
estimulación,0,3,3,1.0
niedriger,3,0,3,0.0
billowi,3,0,3,0.0
lovelac,0,3,3,1.0
unachiev,1,2,3,0.667
seguidad,0,3,3,1.0
vallarta,0,3,3,1.0
zehn,3,0,3,0.0
qepr,0,3,3,1.0
edem,3,0,3,0.0
neevr,0,3,3,1.0
quiicker,0,3,3,1.0
webwatch,0,3,3,1.0
ukhttp,0,3,3,1.0
gerontolog,0,3,3,1.0
reshun,0,3,3,1.0
fairer,3,0,3,0.0
agradec,0,3,3,1.0
leitor,0,3,3,1.0
bux,0,3,3,1.0
mtico,0,3,3,1.0
moechten,0,3,3,1.0
kapoor,3,0,3,0.0
bpap,3,0,3,0.0
klb,2,1,3,0.333
engageenergi,3,0,3,0.0
mysearch,0,3,3,1.0
gokshu,0,3,3,1.0
hourhelp,0,3,3,1.0
immunocompromis,1,2,3,0.667
vlagkra,0,3,3,1.0
envoi,0,3,3,1.0
presena,0,3,3,1.0
interlock,1,2,3,0.667
perfom,3,0,3,0.0
realvideo,0,3,3,1.0
shengi,0,3,3,1.0
camuflag,0,3,3,1.0
waeren,3,0,3,0.0
opdracht,0,3,3,1.0
vicccodinn,0,3,3,1.0
parikh,2,1,3,0.333
verzonden,0,3,3,1.0
presentacion,0,3,3,1.0
mglondon,3,0,3,0.0
janetomaha,0,3,3,1.0
heutig,3,0,3,0.0
pfr,3,0,3,0.0
geldeinsatz,0,3,3,1.0
esteras,0,3,3,1.0
sericit,0,3,3,1.0
uselessli,0,3,3,1.0
spherul,0,3,3,1.0
nngb,3,0,3,0.0
ergon,3,0,3,0.0
iowgi,0,3,3,1.0
spatterdock,0,3,3,1.0
miscellani,0,3,3,1.0
hab,0,3,3,1.0
lectura,0,3,3,1.0
jphole,0,3,3,1.0
anglogold,0,3,3,1.0
tributaria,0,3,3,1.0
vce,0,3,3,1.0
tollhous,0,3,3,1.0
benachrichtung,0,3,3,1.0
trag,0,3,3,1.0
gmla,0,3,3,1.0
florid,0,3,3,1.0
knowthat,0,3,3,1.0
dcam,0,3,3,1.0
winch,0,3,3,1.0
oustand,3,0,3,0.0
adelant,0,3,3,1.0
ahe,0,3,3,1.0
isoscel,0,3,3,1.0
seami,0,3,3,1.0
considerada,0,3,3,1.0
mueh,3,0,3,0.0
buch,0,3,3,1.0
howardlin,3,0,3,0.0
autorcorrel,3,0,3,0.0
paunchi,0,3,3,1.0
yournew,0,3,3,1.0
stirrer,0,3,3,1.0
mayord,0,3,3,1.0
unithold,3,0,3,0.0
jackass,0,3,3,1.0
quedo,0,3,3,1.0
autoflit,0,3,3,1.0
queijo,0,3,3,1.0
savor,1,2,3,0.667
schicken,0,3,3,1.0
tmx,0,3,3,1.0
bflassoci,3,0,3,0.0
fedorova,0,3,3,1.0
rawbon,0,3,3,1.0
infomr,2,1,3,0.333
altria,3,0,3,0.0
caperton,3,0,3,0.0
plow,2,1,3,0.333
redoin,0,3,3,1.0
keren,2,1,3,0.333
ramzi,3,0,3,0.0
tierra,0,3,3,1.0
gruppen,3,0,3,0.0
xvvon,0,3,3,1.0
adecuada,0,3,3,1.0
kenetech,3,0,3,0.0
myink,0,3,3,1.0
gerundi,0,3,3,1.0
siteid,1,2,3,0.667
hamza,0,3,3,1.0
stockjobberi,0,3,3,1.0
alinhamento,0,3,3,1.0
ahí,0,3,3,1.0
behappi,0,3,3,1.0
melodramat,0,3,3,1.0
butn,1,2,3,0.667
prliveri,0,3,3,1.0
pharmzonlin,0,3,3,1.0
libbi,2,1,3,0.333
healthnet,3,0,3,0.0
cti,3,0,3,0.0
soliton,0,3,3,1.0
bohannon,3,0,3,0.0
vader,0,3,3,1.0
gottlieb,3,0,3,0.0
califor,3,0,3,0.0
khitsnow,0,3,3,1.0
aberto,0,3,3,1.0
confirmar,0,3,3,1.0
cgali,0,3,3,1.0
romot,0,3,3,1.0
pgordon,3,0,3,0.0
venusian,0,3,3,1.0
odl,0,3,3,1.0
hoffen,0,3,3,1.0
riddanc,1,2,3,0.667
therm,3,0,3,0.0
lector,0,3,3,1.0
thyself,0,3,3,1.0
ocr,0,3,3,1.0
cko,0,3,3,1.0
infomail,0,3,3,1.0
paperco,3,0,3,0.0
omtr,3,0,3,0.0
sbeck,3,0,3,0.0
orderbr,0,3,3,1.0
scorpio,0,3,3,1.0
svl,2,1,3,0.333
intnth,3,0,3,0.0
talbert,3,0,3,0.0
formular,0,3,3,1.0
tysn,3,0,3,0.0
aluguel,0,3,3,1.0
sechrist,3,0,3,0.0
herrn,3,0,3,0.0
sigur,3,0,3,0.0
gebeten,3,0,3,0.0
workss,0,3,3,1.0
tapeworm,0,3,3,1.0
cngc,3,0,3,0.0
errata,0,3,3,1.0
drdf,0,3,3,1.0
nehru,0,3,3,1.0
epigenet,0,3,3,1.0
radiographi,0,3,3,1.0
wlan,0,3,3,1.0
sigmal,3,0,3,0.0
verkeerssituati,0,3,3,1.0
chub,0,3,3,1.0
cadwalad,3,0,3,0.0
kraul,3,0,3,0.0
seersuck,0,3,3,1.0
tactil,0,3,3,1.0
telecomm,3,0,3,0.0
bardic,0,3,3,1.0
youne,1,2,3,0.667
svse,0,3,3,1.0
fastrefi,0,3,3,1.0
whopper,2,1,3,0.333
thn,0,3,3,1.0
scf,3,0,3,0.0
imageo,3,0,3,0.0
resplend,0,3,3,1.0
mysit,0,3,3,1.0
toknow,0,3,3,1.0
silan,0,3,3,1.0
agro,0,3,3,1.0
areejaljazeera,0,3,3,1.0
leath,3,0,3,0.0
invlo,0,3,3,1.0
mkhenderson,3,0,3,0.0
rainwat,0,3,3,1.0
watermellon,0,3,3,1.0
yn,1,2,3,0.667
fulliaccord,0,3,3,1.0
wasteland,0,3,3,1.0
fancher,3,0,3,0.0
solidar,0,3,3,1.0
lilliputian,0,3,3,1.0
hubo,0,3,3,1.0
auna,0,3,3,1.0
disinform,2,1,3,0.333
allflex,0,3,3,1.0
salgado,0,3,3,1.0
hiet,0,3,3,1.0
allmed,0,3,3,1.0
vaticin,0,3,3,1.0
geen,2,1,3,0.333
wednesdayl,2,1,3,0.333
waarme,0,3,3,1.0
tecoenergi,3,0,3,0.0
gobal,0,3,3,1.0
rapa,3,0,3,0.0
quadricep,0,3,3,1.0
winedt,3,0,3,0.0
carle,3,0,3,0.0
eduhttp,3,0,3,0.0
ivanovich,3,0,3,0.0
overus,1,2,3,0.667
cni,0,3,3,1.0
allesklar,0,3,3,1.0
grasshopp,2,1,3,0.333
enroncast,3,0,3,0.0
chheep,0,3,3,1.0
wenst,0,3,3,1.0
brun,1,2,3,0.667
oilplant,0,3,3,1.0
beco,0,3,3,1.0
experimento,0,3,3,1.0
pielop,3,0,3,0.0
photovolta,3,0,3,0.0
rosemond,0,3,3,1.0
imax,3,0,3,0.0
permettez,0,3,3,1.0
supplylink,3,0,3,0.0
storeag,3,0,3,0.0
simi,0,3,3,1.0
silken,0,3,3,1.0
imperativ,0,3,3,1.0
pubol,0,3,3,1.0
kankake,0,3,3,1.0
nch,3,0,3,0.0
neurochem,0,3,3,1.0
marathi,0,3,3,1.0
bli,0,3,3,1.0
oncolgi,0,3,3,1.0
messina,3,0,3,0.0
eucharist,0,3,3,1.0
lign,0,3,3,1.0
excei,0,3,3,1.0
parallax,0,3,3,1.0
testicular,0,3,3,1.0
scottw,3,0,3,0.0
detaine,3,0,3,0.0
boda,0,3,3,1.0
nanterr,3,0,3,0.0
richtlinien,0,3,3,1.0
acambi,3,0,3,0.0
ouer,0,3,3,1.0
stickleback,0,3,3,1.0
gawiuk,3,0,3,0.0
restag,3,0,3,0.0
hotboot,0,3,3,1.0
keifer,3,0,3,0.0
sgabriel,3,0,3,0.0
qhund,0,3,3,1.0
fab,1,2,3,0.667
haarlem,0,3,3,1.0
compatabil,3,0,3,0.0
medgamma,0,3,3,1.0
firesal,3,0,3,0.0
usna,0,3,3,1.0
marketingtoyour,0,3,3,1.0
surfnet,0,3,3,1.0
wci,0,3,3,1.0
fserh,0,3,3,1.0
picturebook,0,3,3,1.0
hkn,0,3,3,1.0
criterio,0,3,3,1.0
multiplex,0,3,3,1.0
besancon,3,0,3,0.0
azzi,3,0,3,0.0
truest,1,2,3,0.667
espey,3,0,3,0.0
ziyong,3,0,3,0.0
yuada,0,3,3,1.0
battin,3,0,3,0.0
perf,1,2,3,0.667
mahan,3,0,3,0.0
underdeliv,3,0,3,0.0
richland,3,0,3,0.0
egger,0,3,3,1.0
sendmultipl,0,3,3,1.0
foami,0,3,3,1.0
privit,0,3,3,1.0
lohmann,1,2,3,0.667
renoir,0,3,3,1.0
josu,1,2,3,0.667
posicionamento,0,3,3,1.0
windowwidth,0,3,3,1.0
rundl,0,3,3,1.0
transluc,0,3,3,1.0
untest,3,0,3,0.0
handoff,3,0,3,0.0
mmlab,0,3,3,1.0
vivitar,0,3,3,1.0
iodat,0,3,3,1.0
biosupplynet,0,3,3,1.0
chombo,0,3,3,1.0
pharmoz,0,3,3,1.0
sumitomo,1,2,3,0.667
overunsuit,0,3,3,1.0
preiiminari,0,3,3,1.0
simmond,3,0,3,0.0
revisin,0,3,3,1.0
krauss,3,0,3,0.0
sscott,3,0,3,0.0
efin,0,3,3,1.0
annuel,0,3,3,1.0
xanx,0,3,3,1.0
jhu,2,1,3,0.333
unexercis,3,0,3,0.0
giovani,0,3,3,1.0
warili,0,3,3,1.0
algo,0,3,3,1.0
emprica,0,3,3,1.0
vccomput,0,3,3,1.0
nutrahoodia,0,3,3,1.0
rokk,0,3,3,1.0
bwi,0,3,3,1.0
ingener,0,3,3,1.0
airfair,3,0,3,0.0
luykenstraat,0,3,3,1.0
medicaton,0,3,3,1.0
jouy,3,0,3,0.0
powrschdi,3,0,3,0.0
foram,0,3,3,1.0
jejun,0,3,3,1.0
shrive,0,3,3,1.0
utic,0,3,3,1.0
requ,0,3,3,1.0
nube,0,3,3,1.0
fblkw,0,3,3,1.0
salimibrah,0,3,3,1.0
hede,3,0,3,0.0
speziel,0,3,3,1.0
updraft,0,3,3,1.0
quatrain,0,3,3,1.0
kadiri,0,3,3,1.0
ole,0,3,3,1.0
sandhu,3,0,3,0.0
spurternj,0,3,3,1.0
primaria,0,3,3,1.0
syzygi,0,3,3,1.0
pitilessli,0,3,3,1.0
ked,0,3,3,1.0
commiddl,0,3,3,1.0
julieth,0,3,3,1.0
ralf,3,0,3,0.0
browserto,0,3,3,1.0
plugboard,0,3,3,1.0
estrem,3,0,3,0.0
dsj,0,3,3,1.0
soldieri,0,3,3,1.0
jain,3,0,3,0.0
caron,3,0,3,0.0
ninebark,0,3,3,1.0
tpp,3,0,3,0.0
ilwalla,0,3,3,1.0
poppymail,0,3,3,1.0
blackj,3,0,3,0.0
thusday,3,0,3,0.0
medicaldirectori,0,3,3,1.0
asiavil,0,3,3,1.0
havana,0,3,3,1.0
rebelli,0,3,3,1.0
htt,1,2,3,0.667
ous,0,3,3,1.0
confirmacion,0,3,3,1.0
llipperdt,3,0,3,0.0
verfuegbar,3,0,3,0.0
kurulu,0,3,3,1.0
okpara,0,3,3,1.0
vanbeyr,3,0,3,0.0
acordo,0,3,3,1.0
casera,0,3,3,1.0
syzdek,3,0,3,0.0
prr,0,3,3,1.0
archvillain,3,0,3,0.0
sheav,0,3,3,1.0
airbu,0,3,3,1.0
dateal,0,3,3,1.0
tarpon,0,3,3,1.0
swisspag,0,3,3,1.0
ouvr,0,3,3,1.0
youtouseemail,0,3,3,1.0
moststring,0,3,3,1.0
kreme,3,0,3,0.0
vertraulichen,0,3,3,1.0
asdawera,0,3,3,1.0
particuiarli,0,3,3,1.0
khokher,3,0,3,0.0
fld,3,0,3,0.0
sivuv,0,3,3,1.0
maketh,0,3,3,1.0
ackag,0,3,3,1.0
gku,3,0,3,0.0
mhenahan,3,0,3,0.0
ifxh,0,3,3,1.0
midg,0,3,3,1.0
reasearch,3,0,3,0.0
bligat,0,3,3,1.0
mzol,0,3,3,1.0
joist,0,3,3,1.0
recepi,3,0,3,0.0
hoodwink,0,3,3,1.0
gbh,0,3,3,1.0
usbn,0,3,3,1.0
garbl,0,3,3,1.0
pto,1,2,3,0.667
sumlin,3,0,3,0.0
luckier,0,3,3,1.0
puission,0,3,3,1.0
freechina,0,3,3,1.0
goemsi,3,0,3,0.0
marvix,3,0,3,0.0
stalteri,0,3,3,1.0
phobic,0,3,3,1.0
cci,2,1,3,0.333
yurt,0,3,3,1.0
stench,0,3,3,1.0
richman,3,0,3,0.0
partho,3,0,3,0.0
delots,0,3,3,1.0
homunculu,0,3,3,1.0
raigel,3,0,3,0.0
sbo,0,3,3,1.0
untruth,2,1,3,0.333
branchcomb,3,0,3,0.0
agricol,1,2,3,0.667
zschappel,3,0,3,0.0
typhoid,0,3,3,1.0
malnourish,0,3,3,1.0
aplicacion,0,3,3,1.0
schieldrop,3,0,3,0.0
cartler,0,3,3,1.0
adupont,3,0,3,0.0
marcom,3,0,3,0.0
untun,0,3,3,1.0
mediev,0,3,3,1.0
federal,0,3,3,1.0
mustach,0,3,3,1.0
fredric,0,3,3,1.0
freelancerevento,0,3,3,1.0
peccia,3,0,3,0.0
squirrelli,3,0,3,0.0
eob,2,1,3,0.333
alchemist,1,2,3,0.667
gasbank,3,0,3,0.0
statmennnt,0,3,3,1.0
loangrownetwork,0,3,3,1.0
capm,3,0,3,0.0
schoemak,3,0,3,0.0
golp,0,3,3,1.0
ulg,0,3,3,1.0
tle,0,3,3,1.0
inconvi,2,1,3,0.333
coepwqr,0,3,3,1.0
texcotextil,0,3,3,1.0
bionic,0,3,3,1.0
borrar,0,3,3,1.0
hypochondriac,0,3,3,1.0
planetesim,0,3,3,1.0
keoun,3,0,3,0.0
salesmanship,3,0,3,0.0
qavi,3,0,3,0.0
spideri,0,3,3,1.0
cozuldu,0,3,3,1.0
realaudio,0,3,3,1.0
wünschen,0,3,3,1.0
droppedr,0,3,3,1.0
kennecott,0,3,3,1.0
janol,3,0,3,0.0
sisal,0,3,3,1.0
hideous,1,2,3,0.667
maytain,3,0,3,0.0
hunderten,0,3,3,1.0
friess,3,0,3,0.0
revison,3,0,3,0.0
achi,0,3,3,1.0
geophysicist,2,1,3,0.333
kampf,2,1,3,0.333
fmm,2,1,3,0.333
allegretto,0,3,3,1.0
undaub,0,3,3,1.0
edifcio,0,3,3,1.0
svdoem,0,3,3,1.0
woken,3,0,3,0.0
valiey,0,3,3,1.0
fln,0,3,3,1.0
veldt,0,3,3,1.0
denison,3,0,3,0.0
doingw,0,3,3,1.0
pram,0,3,3,1.0
amabl,0,3,3,1.0
wondrprod,0,3,3,1.0
repsol,3,0,3,0.0
lkajsdf,0,3,3,1.0
tamariz,3,0,3,0.0
mcpheeter,3,0,3,0.0
kuamp,0,3,3,1.0
vitali,1,2,3,0.667
dag,0,3,3,1.0
magnetit,0,3,3,1.0
sogen,3,0,3,0.0
headspin,3,0,3,0.0
gewinnchancen,0,3,3,1.0
snuffli,0,3,3,1.0
nazwisko,3,0,3,0.0
iknwyouknew,0,3,3,1.0
orthographi,0,3,3,1.0
ffffffstro,0,3,3,1.0
ustra,3,0,3,0.0
scicom,3,0,3,0.0
acanthu,0,3,3,1.0
blameless,2,1,3,0.333
ecowa,0,3,3,1.0
humphri,3,0,3,0.0
bwood,3,0,3,0.0
cellp,0,3,3,1.0
tinglum,3,0,3,0.0
positi,0,3,3,1.0
enliven,1,2,3,0.667
transred,3,0,3,0.0
lullabi,0,3,3,1.0
zrwkd,0,3,3,1.0
comlokacehttp,0,3,3,1.0
wishlist,0,3,3,1.0
sommeli,0,3,3,1.0
cnc,1,2,3,0.667
attivazion,0,3,3,1.0
veggi,3,0,3,0.0
zustellstatu,0,3,3,1.0
traz,0,3,3,1.0
modei,0,3,3,1.0
aavil,0,3,3,1.0
beczech,0,3,3,1.0
ldh,0,3,3,1.0
bailli,3,0,3,0.0
nci,1,2,3,0.667
integu,0,3,3,1.0
royalbank,0,3,3,1.0
asociado,0,3,3,1.0
alfonstraat,0,3,3,1.0
zofran,0,3,3,1.0
benachrichtigung,0,3,3,1.0
trawl,0,3,3,1.0
secretsad,0,3,3,1.0
sinfonica,0,3,3,1.0
sofftwarr,0,3,3,1.0
axll,0,3,3,1.0
gestat,0,3,3,1.0
ilgilenecegini,0,3,3,1.0
hajdukovich,0,3,3,1.0
bili,1,2,3,0.667
scj,0,3,3,1.0
marquett,1,2,3,0.667
submunit,0,3,3,1.0
dafe,0,3,3,1.0
cdrewrit,0,3,3,1.0
pudd,3,0,3,0.0
njsnoop,3,0,3,0.0
biochemist,0,3,3,1.0
squatter,0,3,3,1.0
shredder,0,3,3,1.0
squarehttp,0,3,3,1.0
rece,0,3,3,1.0
behari,3,0,3,0.0
alarmist,2,1,3,0.333
narwhal,0,3,3,1.0
comaustria,0,3,3,1.0
jardin,0,3,3,1.0
nera,3,0,3,0.0
pleaseref,0,3,3,1.0
mplayer,0,3,3,1.0
supremaci,0,3,3,1.0
exn,0,3,3,1.0
deepiy,0,3,3,1.0
conwel,3,0,3,0.0
mortgagedebt,0,3,3,1.0
nonettvik,0,3,3,1.0
getgoodtraff,0,3,3,1.0
bain,3,0,3,0.0
cmi,2,1,3,0.333
confuss,0,3,3,1.0
dace,1,2,3,0.667
xemkt,3,0,3,0.0
digraph,0,3,3,1.0
hubbel,0,3,3,1.0
angrier,1,2,3,0.667
chromotograph,3,0,3,0.0
intron,0,3,3,1.0
bester,0,3,3,1.0
prct,0,3,3,1.0
yoursel,0,3,3,1.0
mackinnon,3,0,3,0.0
maresiafm,0,3,3,1.0
edavsddfe,0,3,3,1.0
jackanap,0,3,3,1.0
libat,0,3,3,1.0
disposess,0,3,3,1.0
antibodi,1,2,3,0.667
bhansen,3,0,3,0.0
biophys,0,3,3,1.0
interpos,0,3,3,1.0
aprovechar,1,2,3,0.667
funnier,0,3,3,1.0
membr,0,3,3,1.0
mwf,3,0,3,0.0
spass,0,3,3,1.0
dypmi,3,0,3,0.0
jarosz,3,0,3,0.0
twk,1,2,3,0.667
mvfl,0,3,3,1.0
umdugunuz,0,3,3,1.0
astramowiczem,3,0,3,0.0
upiand,0,3,3,1.0
shirodkar,3,0,3,0.0
tpw,2,1,3,0.333
vya,0,3,3,1.0
clube,0,3,3,1.0
ferroelectr,0,3,3,1.0
verandah,0,3,3,1.0
systemwid,0,3,3,1.0
hoeffner,3,0,3,0.0
gondola,0,3,3,1.0
ooop,3,0,3,0.0
hamd,1,2,3,0.667
rahal,3,0,3,0.0
csli,3,0,3,0.0
cowbird,0,3,3,1.0
cacciator,3,0,3,0.0
operatorlerin,0,3,3,1.0
fencepost,0,3,3,1.0
isan,0,3,3,1.0
constabl,0,3,3,1.0
zealous,1,2,3,0.667
interpolatori,0,3,3,1.0
ftenergi,3,0,3,0.0
bickerstaff,3,0,3,0.0
mesur,0,3,3,1.0
qaa,3,0,3,0.0
charper,3,0,3,0.0
unlearn,0,3,3,1.0
glowna,3,0,3,0.0
pathfind,1,2,3,0.667
thoman,3,0,3,0.0
viewstat,3,0,3,0.0
windowtop,0,3,3,1.0
uswebck,3,0,3,0.0
zbo,3,0,3,0.0
oxsoralen,0,3,3,1.0
tait,1,2,3,0.667
usia,0,3,3,1.0
ravil,3,0,3,0.0
asem,3,0,3,0.0
cookienam,0,3,3,1.0
replca,0,3,3,1.0
losiv,0,3,3,1.0
stephanoti,0,3,3,1.0
tete,0,3,3,1.0
iction,0,3,3,1.0
dahanayak,3,0,3,0.0
sarnowski,3,0,3,0.0
banküberweisung,0,3,3,1.0
thatyou,0,3,3,1.0
alksd,0,3,3,1.0
frgermanyaladin,0,3,3,1.0
vicoodin,0,3,3,1.0
auweb,0,3,3,1.0
subentri,0,3,3,1.0
pleural,0,3,3,1.0
zound,0,3,3,1.0
shppd,0,3,3,1.0
abonn,0,3,3,1.0
csx,3,0,3,0.0
dermatologist,0,3,3,1.0
nativefeder,0,3,3,1.0
plutarch,0,3,3,1.0
hensel,3,0,3,0.0
toughen,2,1,3,0.333
wtg,3,0,3,0.0
beispielsweis,0,3,3,1.0
akjsdfh,0,3,3,1.0
unsurprisingli,3,0,3,0.0
cabchia,0,3,3,1.0
searfoss,3,0,3,0.0
redacti,0,3,3,1.0
waif,0,3,3,1.0
tresea,3,0,3,0.0
tawni,1,2,3,0.667
fundamentar,0,3,3,1.0
intellectua,0,3,3,1.0
presentar,0,3,3,1.0
ukpx,3,0,3,0.0
pother,0,3,3,1.0
yrtru,0,3,3,1.0
vehici,0,3,3,1.0
irreproach,0,3,3,1.0
sciquest,0,3,3,1.0
kwazulu,0,3,3,1.0
peaki,0,3,3,1.0
ortak,0,3,3,1.0
ibori,0,3,3,1.0
boxset,0,3,3,1.0
cript,0,3,3,1.0
pythagorean,0,3,3,1.0
unsplit,3,0,3,0.0
qslw,0,3,3,1.0
adefobi,0,3,3,1.0
adkd,0,3,3,1.0
ginkgo,0,3,3,1.0
claimyour,0,3,3,1.0
doorstop,3,0,3,0.0
webseiten,0,3,3,1.0
southey,0,3,3,1.0
mosley,0,3,3,1.0
schoolwork,0,3,3,1.0
prearrang,3,0,3,0.0
aktarilabilir,0,3,3,1.0
xxm,0,3,3,1.0
retal,0,3,3,1.0
lots,0,3,3,1.0
faj,0,3,3,1.0
khalkd,0,3,3,1.0
seizecar,0,3,3,1.0
veaniceda,0,3,3,1.0
ngai,3,0,3,0.0
attrack,0,3,3,1.0
dishonesti,0,3,3,1.0
ruchira,3,0,3,0.0
rockwood,0,3,3,1.0
teclado,0,3,3,1.0
plainer,0,3,3,1.0
verbindung,0,3,3,1.0
sledg,0,3,3,1.0
ttek,0,3,3,1.0
wlaggra,0,3,3,1.0
foryourself,0,3,3,1.0
fngc,0,3,3,1.0
pravachol,0,3,3,1.0
sunsweet,0,3,3,1.0
dyzyjd,0,3,3,1.0
defirebal,0,3,3,1.0
flt,0,3,3,1.0
deallesklar,0,3,3,1.0
tnsk,3,0,3,0.0
almaden,0,3,3,1.0
icml,0,3,3,1.0
resea,0,3,3,1.0
jshorter,3,0,3,0.0
unorthodox,3,0,3,0.0
interbusi,0,3,3,1.0
mitarbeit,0,3,3,1.0
pasotia,3,0,3,0.0
snodgrass,3,0,3,0.0
womenshealthcar,0,3,3,1.0
llod,0,3,3,1.0
apw,0,3,3,1.0
easilylow,0,3,3,1.0
enlcal,0,3,3,1.0
informacj,3,0,3,0.0
shuffleboard,0,3,3,1.0
giorgo,0,3,3,1.0
tratamento,0,3,3,1.0
worldkey,0,3,3,1.0
durasoftcorp,3,0,3,0.0
dghsfae,0,3,3,1.0
trendlin,2,1,3,0.333
sexualhealth,0,3,3,1.0
kue,3,0,3,0.0
middel,0,3,3,1.0
zita,0,3,3,1.0
ojapsj,0,3,3,1.0
allwardt,3,0,3,0.0
llenar,0,3,3,1.0
trichloroacet,0,3,3,1.0
apa,3,0,3,0.0
maxaman,0,3,3,1.0
birka,3,0,3,0.0
paystub,3,0,3,0.0
iquant,3,0,3,0.0
lebensraum,0,3,3,1.0
wallofcor,0,3,3,1.0
wingspan,0,3,3,1.0
astramowicza,3,0,3,0.0
slashdot,0,3,3,1.0
kontrol,0,3,3,1.0
numberand,0,3,3,1.0
meetyour,0,3,3,1.0
oxytim,0,3,3,1.0
forign,0,3,3,1.0
flexabl,0,3,3,1.0
sakai,0,3,3,1.0
autodetect,0,3,3,1.0
radmach,3,0,3,0.0
thhe,0,3,3,1.0
aninsta,0,3,3,1.0
tardili,0,3,3,1.0
alissa,3,0,3,0.0
georgel,0,3,3,1.0
tortoiseshel,0,3,3,1.0
rehandl,0,3,3,1.0
salmonberri,0,3,3,1.0
matto,3,0,3,0.0
arcor,3,0,3,0.0
intelligencepress,3,0,3,0.0
alkjhajppoi,0,3,3,1.0
hardeman,1,2,3,0.667
cowt,1,2,3,0.667
projecto,0,3,3,1.0
danya,3,0,3,0.0
misconstru,1,2,3,0.667
ingath,0,3,3,1.0
leidi,3,0,3,0.0
dicier,3,0,3,0.0
guardsman,0,3,3,1.0
stari,0,3,3,1.0
ofdm,0,3,3,1.0
elim,1,2,3,0.667
williamsburg,0,3,3,1.0
reglamento,0,3,3,1.0
prss,0,3,3,1.0
toxicidad,0,3,3,1.0
feudatori,0,3,3,1.0
kedwaii,3,0,3,0.0
sauseda,3,0,3,0.0
dti,0,3,3,1.0
sungu,0,3,3,1.0
alimenticio,0,3,3,1.0
dando,0,3,3,1.0
unsaid,1,2,3,0.667
comqu,0,3,3,1.0
itnot,0,3,3,1.0
dimorph,0,3,3,1.0
baharoglu,0,3,3,1.0
verona,0,3,3,1.0
ukdirectori,0,3,3,1.0
jjsadoinn,0,3,3,1.0
individualshavegreatli,0,3,3,1.0
pdd,0,3,3,1.0
tdlf,0,3,3,1.0
bottomof,0,3,3,1.0
interti,3,0,3,0.0
luxmail,0,3,3,1.0
joachim,0,3,3,1.0
aplicación,0,3,3,1.0
ecap,3,0,3,0.0
sjosey,3,0,3,0.0
xito,0,3,3,1.0
twic,0,3,3,1.0
bermittlung,0,3,3,1.0
wyss,3,0,3,0.0
disina,0,3,3,1.0
bown,3,0,3,0.0
polonium,0,3,3,1.0
gemeinsam,0,3,3,1.0
kaimal,3,0,3,0.0
berton,3,0,3,0.0
paparazzi,0,3,3,1.0
nunber,0,3,3,1.0
otcstockexchang,0,3,3,1.0
qol,3,0,3,0.0
moira,1,2,3,0.667
sinir,0,3,3,1.0
ajkhopu,0,3,3,1.0
asdowo,0,3,3,1.0
fustrat,0,3,3,1.0
unprofession,1,2,3,0.667
initiaili,0,3,3,1.0
visor,0,3,3,1.0
olg,0,3,3,1.0
peretz,0,3,3,1.0
fuso,0,3,3,1.0
altmr,0,3,3,1.0
bonolotol,0,3,3,1.0
floccul,0,3,3,1.0
waxi,0,3,3,1.0
hymnal,0,3,3,1.0
connexion,0,3,3,1.0
ejacuulaton,0,3,3,1.0
puppyish,0,3,3,1.0
cqg,3,0,3,0.0
isreal,0,3,3,1.0
maredia,3,0,3,0.0
neumann,0,3,3,1.0
orkney,0,3,3,1.0
seclud,0,3,3,1.0
bodiless,0,3,3,1.0
indiqu,0,3,3,1.0
aplicamo,0,3,3,1.0
integrado,0,3,3,1.0
agreel,3,0,3,0.0
decrawl,0,3,3,1.0
djray,3,0,3,0.0
pallmal,0,3,3,1.0
refipronetwork,0,3,3,1.0
ooffr,0,3,3,1.0
masani,3,0,3,0.0
investimento,0,3,3,1.0
doyama,0,3,3,1.0
payris,3,0,3,0.0
dessu,0,3,3,1.0
repsons,3,0,3,0.0
lawton,3,0,3,0.0
petrodyn,3,0,3,0.0
jama,0,3,3,1.0
telethon,1,2,3,0.667
realrhapsodi,0,3,3,1.0
dlatbukwvlkcg,0,3,3,1.0
inviabl,0,3,3,1.0
autorizado,0,3,3,1.0
enz,0,3,3,1.0
dwt,3,0,3,0.0
carnahan,3,0,3,0.0
obteniendo,0,3,3,1.0
jeanna,3,0,3,0.0
denken,1,2,3,0.667
fkaset,0,3,3,1.0
mediauk,0,3,3,1.0
checkbox,2,1,3,0.333
skupp,3,0,3,0.0
aprol,3,0,3,0.0
addul,0,3,3,1.0
eradic,0,3,3,1.0
youto,0,3,3,1.0
trichrom,0,3,3,1.0
lego,3,0,3,0.0
bwh,0,3,3,1.0
hibbard,0,3,3,1.0
wesson,0,3,3,1.0
fpu,0,3,3,1.0
psychot,0,3,3,1.0
leibman,3,0,3,0.0
regapok,0,3,3,1.0
phenoiic,0,3,3,1.0
mehdi,2,1,3,0.333
odditi,1,2,3,0.667
secundaria,0,3,3,1.0
tyagi,3,0,3,0.0
tempfail,0,3,3,1.0
htnetwork,0,3,3,1.0
crighton,3,0,3,0.0
sizman,3,0,3,0.0
mossi,0,3,3,1.0
administrars,0,3,3,1.0
partcip,3,0,3,0.0
caicul,0,3,3,1.0
nactiv,3,0,3,0.0
eac,0,3,3,1.0
messiest,1,2,3,0.667
adkjfi,0,3,3,1.0
remap,3,0,3,0.0
dda,0,3,3,1.0
guestbook,0,3,3,1.0
rightto,0,3,3,1.0
mbali,0,3,3,1.0
savant,0,3,3,1.0
caterham,3,0,3,0.0
torico,0,3,3,1.0
mlv,3,0,3,0.0
overi,3,0,3,0.0
rwanda,0,3,3,1.0
childr,3,0,3,0.0
rongfont,0,3,3,1.0
viabcp,0,3,3,1.0
myslal,3,0,3,0.0
roister,0,3,3,1.0
oadj,0,3,3,1.0
cdarrin,3,0,3,0.0
nutr,0,3,3,1.0
lonni,2,1,3,0.333
bactericid,0,3,3,1.0
prctica,0,3,3,1.0
bbr,0,3,3,1.0
bachata,0,3,3,1.0
bfa,3,0,3,0.0
niam,3,0,3,0.0
utrecht,0,3,3,1.0
alkja,0,3,3,1.0
inw,1,2,3,0.667
datastream,3,0,3,0.0
labovitz,0,3,3,1.0
munci,0,3,3,1.0
teuton,0,3,3,1.0
inserido,0,3,3,1.0
smartpad,0,3,3,1.0
zane,0,3,3,1.0
raginbul,0,3,3,1.0
officeprog,0,3,3,1.0
enginehttp,0,3,3,1.0
inkl,0,3,3,1.0
insepar,0,3,3,1.0
larch,0,3,3,1.0
likeabl,2,1,3,0.333
pointwis,0,3,3,1.0
suficient,0,3,3,1.0
fess,2,1,3,0.333
riverboat,3,0,3,0.0
scrw,3,0,3,0.0
sgsurfer,0,3,3,1.0
frisk,0,3,3,1.0
soapi,0,3,3,1.0
imsbiz,3,0,3,0.0
ghoshr,3,0,3,0.0
liqrec,3,0,3,0.0
tanuja,3,0,3,0.0
xed,0,3,3,1.0
constitution,3,0,3,0.0
tajo,0,3,3,1.0
robb,2,1,3,0.333
pcdi,0,3,3,1.0
ernight,0,3,3,1.0
plazo,0,3,3,1.0
archi,3,0,3,0.0
quotabl,0,3,3,1.0
puyana,3,0,3,0.0
desplegado,0,3,3,1.0
ukm,0,3,3,1.0
armand,0,3,3,1.0
superag,0,3,3,1.0
pdalecka,3,0,3,0.0
freeaccess,0,3,3,1.0
kernighan,0,3,3,1.0
pharmazm,0,3,3,1.0
stoller,3,0,3,0.0
imsi,0,3,3,1.0
lese,0,3,3,1.0
righ,3,0,3,0.0
forwardoelpreis,3,0,3,0.0
gwmail,3,0,3,0.0
musculatur,0,3,3,1.0
obstruent,0,3,3,1.0
impresso,0,3,3,1.0
stupefact,0,3,3,1.0
rxonlinesal,0,3,3,1.0
superpack,0,3,3,1.0
twl,1,2,3,0.667
australianmal,0,3,3,1.0
txtol,0,3,3,1.0
freshen,1,2,3,0.667
seramix,0,3,3,1.0
peremptori,0,3,3,1.0
midsect,0,3,3,1.0
wem,0,3,3,1.0
jarl,3,0,3,0.0
rlk,1,2,3,0.667
survivorship,0,3,3,1.0
kalembka,3,0,3,0.0
erick,0,3,3,1.0
waiter,0,3,3,1.0
bêfore,0,3,3,1.0
yournam,0,3,3,1.0
luvrz,0,3,3,1.0
vrije,1,2,3,0.667
oxx,0,3,3,1.0
veanic,0,3,3,1.0
regrowth,0,3,3,1.0
vdeg,3,0,3,0.0
professionalbr,0,3,3,1.0
probar,0,3,3,1.0
gottfredson,3,0,3,0.0
arialbhangov,0,3,3,1.0
lateeest,0,3,3,1.0
trica,0,3,3,1.0
kostinec,3,0,3,0.0
planejamento,0,3,3,1.0
homonym,0,3,3,1.0
optoisol,0,3,3,1.0
moretgaug,0,3,3,1.0
zaman,0,3,3,1.0
koennten,3,0,3,0.0
eviscer,2,1,3,0.333
tennese,1,2,3,0.667
impostur,0,3,3,1.0
podac,3,0,3,0.0
profesyonel,0,3,3,1.0
leghorn,0,3,3,1.0
nooklik,0,3,3,1.0
robber,0,3,3,1.0
punic,0,3,3,1.0
bruni,3,0,3,0.0
woander,0,3,3,1.0
volterra,0,3,3,1.0
tecnopl,0,3,3,1.0
hyb,0,3,3,1.0
valiium,0,3,3,1.0
emaaaaail,0,3,3,1.0
mauch,3,0,3,0.0
panellist,3,0,3,0.0
unkempt,0,3,3,1.0
pettito,0,3,3,1.0
bobby,3,0,3,0.0
anzwershttp,0,3,3,1.0
applebaum,3,0,3,0.0
manti,0,3,3,1.0
cgb,0,3,3,1.0
zhu,3,0,3,0.0
sequin,0,3,3,1.0
maca,2,1,3,0.333
hilburn,3,0,3,0.0
nanoink,0,3,3,1.0
leida,3,0,3,0.0
pourcentag,0,3,3,1.0
nwl,3,0,3,0.0
sharlen,0,3,3,1.0
comasia,0,3,3,1.0
benzoyl,0,3,3,1.0
ubswenergyonlin,3,0,3,0.0
unstick,1,2,3,0.667
donwload,0,3,3,1.0
xgo,0,3,3,1.0
directhit,0,3,3,1.0
umanah,0,3,3,1.0
sharjah,1,2,3,0.667
nolvadex,0,3,3,1.0
afternoondc,3,0,3,0.0
peoplepc,3,0,3,0.0
icioqnbma,0,3,3,1.0
thinkpharm,0,3,3,1.0
fragmentari,1,2,3,0.667
wengler,3,0,3,0.0
kingbird,0,3,3,1.0
graffiti,0,3,3,1.0
catlica,0,3,3,1.0
strongspeci,0,3,3,1.0
miaghkaia,0,3,3,1.0
hieronymu,0,3,3,1.0
windowheight,0,3,3,1.0
abt,2,1,3,0.333
iabil,0,3,3,1.0
excl,1,2,3,0.667
regu,3,0,3,0.0
purinethol,0,3,3,1.0
normativo,0,3,3,1.0
leftw,0,3,3,1.0
rythm,2,1,3,0.333
hesketh,3,0,3,0.0
muitin,0,3,3,1.0
casaucoumeq,3,0,3,0.0
fsfginc,0,3,3,1.0
reflectionist,0,3,3,1.0
shockingincest,0,3,3,1.0
kash,2,1,3,0.333
augl,3,0,3,0.0
hydrid,0,3,3,1.0
nmh,3,0,3,0.0
figurin,0,3,3,1.0
lyou,2,1,3,0.333
ior,0,3,3,1.0
heigh,0,3,3,1.0
brast,0,3,3,1.0
damen,0,3,3,1.0
neigbhour,0,3,3,1.0
hundredthousand,0,3,3,1.0
cuál,0,3,3,1.0
polaczenia,3,0,3,0.0
hyseq,3,0,3,0.0
htp,0,3,3,1.0
cioseiy,0,3,3,1.0
trd,0,3,3,1.0
pracowala,3,0,3,0.0
clf,0,3,3,1.0
floater,3,0,3,0.0
supplementari,1,2,3,0.667
yien,3,0,3,0.0
nosmok,0,3,3,1.0
tourney,3,0,3,0.0
tosend,1,2,3,0.667
ict,0,3,3,1.0
uticai,0,3,3,1.0
iwcc,0,3,3,1.0
secant,0,3,3,1.0
cdsparad,0,3,3,1.0
lookin,0,3,3,1.0
senseless,3,0,3,0.0
byar,3,0,3,0.0
valuedpaypalmemb,0,3,3,1.0
riffl,0,3,3,1.0
flix,0,3,3,1.0
uniaxi,0,3,3,1.0
ensnar,1,2,3,0.667
trinitarian,0,3,3,1.0
ferroinclav,0,3,3,1.0
asdfa,0,3,3,1.0
zerit,0,3,3,1.0
throught,3,0,3,0.0
informação,0,3,3,1.0
ffffffstrong,0,3,3,1.0
thomist,0,3,3,1.0
haggerti,3,0,3,0.0
baglantisi,0,3,3,1.0
rampag,0,3,3,1.0
sumament,0,3,3,1.0
serolog,0,3,3,1.0
chcara,0,3,3,1.0
rigour,3,0,3,0.0
garon,0,3,3,1.0
dynegyfield,3,0,3,0.0
hemstock,3,0,3,0.0
coolhealth,0,3,3,1.0
isb,0,3,3,1.0
completament,0,3,3,1.0
chenvinc,3,0,3,0.0
feverfew,0,3,3,1.0
ulf,3,0,3,0.0
hugoton,3,0,3,0.0
serdeczn,3,0,3,0.0
crainfutur,0,3,3,1.0
uttar,3,0,3,0.0
oqweirpia,0,3,3,1.0
gunn,1,2,3,0.667
loukani,3,0,3,0.0
foryourinfor,0,3,3,1.0
adfkl,0,3,3,1.0
osadolor,0,3,3,1.0
prejean,3,0,3,0.0
dedino,0,3,3,1.0
fedder,0,3,3,1.0
iig,0,3,3,1.0
comyuadahttp,0,3,3,1.0
schoolof,3,0,3,0.0
workfil,2,1,3,0.333
crowel,1,2,3,0.667
cleariy,0,3,3,1.0
peut,0,3,3,1.0
crysp,0,3,3,1.0
kaserek,0,3,3,1.0
corbb,0,3,3,1.0
meridion,0,3,3,1.0
synclit,0,3,3,1.0
whichcontain,0,3,3,1.0
ýstanbul,0,3,3,1.0
fdisk,0,3,3,1.0
muestra,0,3,3,1.0
aroutin,0,3,3,1.0
notig,0,3,3,1.0
atlantico,0,3,3,1.0
rapido,0,3,3,1.0
cedkao,3,0,3,0.0
premler,0,3,3,1.0
vialium,0,3,3,1.0
cuanto,0,3,3,1.0
instructora,0,3,3,1.0
ghu,2,1,3,0.333
immelt,3,0,3,0.0
spacial,0,3,3,1.0
trion,3,0,3,0.0
eatherton,3,0,3,0.0
doar,3,0,3,0.0
moccasin,0,3,3,1.0
bestreplica,0,3,3,1.0
nathoo,3,0,3,0.0
yusearch,0,3,3,1.0
cajun,3,0,3,0.0
midt,3,0,3,0.0
mcgwire,3,0,3,0.0
quink,0,3,3,1.0
auaustralian,0,3,3,1.0
ringsid,0,3,3,1.0
youfor,0,3,3,1.0
bandar,0,3,3,1.0
ftpradic,0,3,3,1.0
naja,0,3,3,1.0
tund,0,3,3,1.0
sitt,0,3,3,1.0
deakin,2,1,3,0.333
rjttzwso,0,3,3,1.0
litigatt,0,3,3,1.0
orth,0,3,3,1.0
srol,3,0,3,0.0
emailwd,0,3,3,1.0
moy,3,0,3,0.0
closeiy,0,3,3,1.0
matine,0,3,3,1.0
olsombeghartl,0,3,3,1.0
wut,0,3,3,1.0
centerbr,0,3,3,1.0
doda,3,0,3,0.0
kinet,0,3,3,1.0
polynomi,0,3,3,1.0
demer,3,0,3,0.0
furch,3,0,3,0.0
petrofina,3,0,3,0.0
cardiorrespiratória,0,3,3,1.0
spangler,0,3,3,1.0
jogger,3,0,3,0.0
tbpl,3,0,3,0.0
msceafeaalxfff,3,0,3,0.0
prest,0,3,3,1.0
successf,0,3,3,1.0
osa,0,3,3,1.0
mccumber,3,0,3,0.0
tesdrop,0,3,3,1.0
typhu,0,3,3,1.0
daa,0,3,3,1.0
mancero,3,0,3,0.0
nikolay,3,0,3,0.0
kaci,0,3,3,1.0
consecutiva,0,3,3,1.0
rabid,0,3,3,1.0
telefonda,0,3,3,1.0
madg,0,3,3,1.0
darialprozac,0,3,3,1.0
eigen,0,3,3,1.0
vper,0,3,3,1.0
owop,0,3,3,1.0
paxll,0,3,3,1.0
gerad,0,3,3,1.0
leesa,3,0,3,0.0
jutro,3,0,3,0.0
tlt,0,3,3,1.0
sidrichga,3,0,3,0.0
livevisu,0,3,3,1.0
disolvê,0,3,3,1.0
paperl,3,0,3,0.0
neeeeeed,0,3,3,1.0
scrupulos,0,3,3,1.0
arend,1,2,3,0.667
frecilahttp,0,3,3,1.0
soulmat,0,3,3,1.0
sfda,0,3,3,1.0
roomat,0,3,3,1.0
monocero,0,3,3,1.0
polonais,0,3,3,1.0
limpet,0,3,3,1.0
harar,0,3,3,1.0
dehttp,0,3,3,1.0
munro,2,1,3,0.333
obydwu,3,0,3,0.0
ischi,3,0,3,0.0
worauf,0,3,3,1.0
betzer,3,0,3,0.0
przenioslem,3,0,3,0.0
junker,3,0,3,0.0
offhand,0,3,3,1.0
thatthey,0,3,3,1.0
krtbn,3,0,3,0.0
netmapl,0,3,3,1.0
lentil,0,3,3,1.0
sectornieuw,0,3,3,1.0
utilizamo,0,3,3,1.0
floe,0,3,3,1.0
burleigh,3,0,3,0.0
riday,3,0,3,0.0
spandrel,0,3,3,1.0
fishtail,3,0,3,0.0
mcmanu,3,0,3,0.0
vistaprint,0,3,3,1.0
cjo,0,3,3,1.0
omb,3,0,3,0.0
filtrada,0,3,3,1.0
noniuk,0,3,3,1.0
bijlmerplein,0,3,3,1.0
comuk,0,3,3,1.0
submers,2,1,3,0.333
shipmat,0,3,3,1.0
ngfont,0,3,3,1.0
wangen,0,3,3,1.0
mindless,2,1,3,0.333
merlon,0,3,3,1.0
bobbin,0,3,3,1.0
eduwealth,0,3,3,1.0
basheer,0,3,3,1.0
enronc,3,0,3,0.0
anya,0,3,3,1.0
clcolombiaindexcol,0,3,3,1.0
spreadopt,3,0,3,0.0
credittrad,3,0,3,0.0
iinew,3,0,3,0.0
civet,0,3,3,1.0
choisir,0,3,3,1.0
htmcomput,0,3,3,1.0
xiaozhuo,3,0,3,0.0
healthen,0,3,3,1.0
steuri,0,3,3,1.0
fsddatasvc,3,0,3,0.0
speedbit,0,3,3,1.0
asdfghjk,0,3,3,1.0
khandker,3,0,3,0.0
tabatha,0,3,3,1.0
olx,0,3,3,1.0
percopo,3,0,3,0.0
ernesto,2,1,3,0.333
cosmopolici,0,3,3,1.0
hotstuff,0,3,3,1.0
chemcial,0,3,3,1.0
baicaiin,0,3,3,1.0
zan,0,3,3,1.0
sfgate,3,0,3,0.0
recepcionista,0,3,3,1.0
ciki,0,3,3,1.0
prouv,0,3,3,1.0
portfoilo,3,0,3,0.0
acompañado,0,3,3,1.0
emeryvil,3,0,3,0.0
privatinsolvenzen,0,3,3,1.0
musculoskelet,0,3,3,1.0
shutoff,0,3,3,1.0
patb,3,0,3,0.0
encomenda,0,3,3,1.0
statistica,3,0,3,0.0
nkx,0,3,3,1.0
coossst,0,3,3,1.0
gemlink,0,3,3,1.0
verbena,0,3,3,1.0
newquot,0,3,3,1.0
respectfu,0,3,3,1.0
vernel,3,0,3,0.0
lustr,0,3,3,1.0
kirti,3,0,3,0.0
impost,0,3,3,1.0
pizzolato,3,0,3,0.0
unnatur,0,3,3,1.0
tuuuuuuurn,0,3,3,1.0
opprobrium,0,3,3,1.0
antituss,0,3,3,1.0
republiqu,0,3,3,1.0
bussin,0,3,3,1.0
placenta,0,3,3,1.0
reorganis,3,0,3,0.0
ghet,0,3,3,1.0
miscegen,0,3,3,1.0
nycl,3,0,3,0.0
yacc,0,3,3,1.0
lensgrind,0,3,3,1.0
klimesh,3,0,3,0.0
msgwo,0,3,3,1.0
vlc,0,3,3,1.0
exxchhhang,0,3,3,1.0
couperin,0,3,3,1.0
staat,0,3,3,1.0
numerica,0,3,3,1.0
regresso,0,3,3,1.0
esperando,0,3,3,1.0
chairmanship,2,1,3,0.333
embarress,0,3,3,1.0
malolo,0,3,3,1.0
chl,0,3,3,1.0
baumgarten,0,3,3,1.0
poilut,0,3,3,1.0
falana,0,3,3,1.0
sil,1,2,3,0.667
oki,0,3,3,1.0
preternatur,0,3,3,1.0
ukh,2,1,3,0.333
ournewslett,0,3,3,1.0
wlde,0,3,3,1.0
riverwalk,3,0,3,0.0
pecuniari,0,3,3,1.0
bhallat,3,0,3,0.0
pharamaci,0,3,3,1.0
tencer,3,0,3,0.0
meadowland,0,3,3,1.0
inwov,0,3,3,1.0
monopolist,3,0,3,0.0
cnq,0,3,3,1.0
pphysician,0,3,3,1.0
tnno,0,3,3,1.0
brando,2,1,3,0.333
tripe,0,3,3,1.0
biorac,3,0,3,0.0
precondit,0,3,3,1.0
boersma,3,0,3,0.0
campbellsoup,3,0,3,0.0
cottom,3,0,3,0.0
drexler,3,0,3,0.0
unpatriot,3,0,3,0.0
daran,1,2,3,0.667
heywhatsupbuddi,0,3,3,1.0
eurol,0,3,3,1.0
southpoint,3,0,3,0.0
désinscrir,0,3,3,1.0
gunki,0,3,3,1.0
agilidad,0,3,3,1.0
cagri,0,3,3,1.0
neeeeed,0,3,3,1.0
daler,3,0,3,0.0
miedzi,3,0,3,0.0
situacin,0,3,3,1.0
newsom,2,1,3,0.333
quasiparticl,0,3,3,1.0
shigeta,3,0,3,0.0
sped,0,3,3,1.0
soleda,0,3,3,1.0
wilcox,2,1,3,0.333
altament,0,3,3,1.0
gssgeomat,0,3,3,1.0
ruggl,3,0,3,0.0
wuerden,3,0,3,0.0
clearsail,3,0,3,0.0
nickol,0,3,3,1.0
erld,0,3,3,1.0
internauta,0,3,3,1.0
autrey,1,2,3,0.667
schuster,1,2,3,0.667
bestofff,0,3,3,1.0
turkiy,0,3,3,1.0
pouc,0,3,3,1.0
lcr,3,0,3,0.0
flagel,0,3,3,1.0
siquiera,0,3,3,1.0
poczatku,3,0,3,0.0
unnumb,1,2,3,0.667
tantrum,0,3,3,1.0
nkem,0,3,3,1.0
hiy,0,3,3,1.0
francimel,0,3,3,1.0
ackuyjpvd,0,3,3,1.0
poilalki,0,3,3,1.0
ffjl,3,0,3,0.0
dorshir,0,3,3,1.0
defensa,0,3,3,1.0
llhav,0,3,3,1.0
poughkeepsi,0,3,3,1.0
yermack,3,0,3,0.0
ligget,0,3,3,1.0
harmazmail,0,3,3,1.0
visão,0,3,3,1.0
drudgeri,0,3,3,1.0
genauer,3,0,3,0.0
trrovh,3,0,3,0.0
tragicom,0,3,3,1.0
prrafo,0,3,3,1.0
sajjad,3,0,3,0.0
strongbr,0,3,3,1.0
angibt,3,0,3,0.0
bestoffr,0,3,3,1.0
tumbrel,0,3,3,1.0
uniglob,1,2,3,0.667
theeeeem,0,3,3,1.0
lackofenergi,0,3,3,1.0
krist,3,0,3,0.0
veraci,0,3,3,1.0
messa,3,0,3,0.0
posa,0,3,3,1.0
phallu,0,3,3,1.0
chturkeydost,0,3,3,1.0
intcx,3,0,3,0.0
enrgailng,0,3,3,1.0
creación,0,3,3,1.0
roject,1,2,3,0.667
droga,2,1,3,0.333
smalltim,0,3,3,1.0
skywav,0,3,3,1.0
winceti,3,0,3,0.0
applicat,0,3,3,1.0
omow,3,0,3,0.0
druq,0,3,3,1.0
dissapoint,0,3,3,1.0
montemor,0,3,3,1.0
wilcott,3,0,3,0.0
trundl,0,3,3,1.0
kasarjian,3,0,3,0.0
nadeem,3,0,3,0.0
tio,0,3,3,1.0
anschutz,3,0,3,0.0
jom,3,0,3,0.0
itnetherlandsd,0,3,3,1.0
ciassica,0,3,3,1.0
abneg,0,3,3,1.0
multiclass,0,3,3,1.0
arkilo,0,3,3,1.0
cbryan,3,0,3,0.0
hri,3,0,3,0.0
lipstick,0,3,3,1.0
gordianresum,3,0,3,0.0
quastionnair,0,3,3,1.0
weatherderiv,3,0,3,0.0
geiv,3,0,3,0.0
myr,0,3,3,1.0
funsurveypromo,0,3,3,1.0
ismiana,0,3,3,1.0
marketingtoy,0,3,3,1.0
behandeln,0,3,3,1.0
pomysl,3,0,3,0.0
esiti,0,3,3,1.0
onet,2,1,3,0.333
recoil,0,3,3,1.0
uswith,0,3,3,1.0
albacor,0,3,3,1.0
feito,0,3,3,1.0
acqur,0,3,3,1.0
byk,0,3,3,1.0
stopov,0,3,3,1.0
putman,3,0,3,0.0
silversea,0,3,3,1.0
premedit,0,3,3,1.0
freepicklotto,0,3,3,1.0
daiti,0,3,3,1.0
forouzan,3,0,3,0.0
seitz,3,0,3,0.0
mcrew,3,0,3,0.0
tradlng,0,3,3,1.0
panalytix,3,0,3,0.0
nemo,0,3,3,1.0
zamin,3,0,3,0.0
mailolb,3,0,3,0.0
denki,3,0,3,0.0
swann,1,2,3,0.667
robison,1,2,3,0.667
rol,1,2,3,0.667
deflix,0,3,3,1.0
ukplu,0,3,3,1.0
frechohttp,0,3,3,1.0
ull,0,3,3,1.0
dcenterfon,0,3,3,1.0
ilafricaregion,0,3,3,1.0
wishbook,3,0,3,0.0
xtremeco,0,3,3,1.0
reemplazo,0,3,3,1.0
xao,3,0,3,0.0
offprint,0,3,3,1.0
wier,0,3,3,1.0
khandelw,3,0,3,0.0
thl,0,3,3,1.0
parada,0,3,3,1.0
betreff,0,3,3,1.0
þque,0,3,3,1.0
fdl,1,2,3,0.667
mcnear,3,0,3,0.0
legisi,0,3,3,1.0
godsend,0,3,3,1.0
asdlak,0,3,3,1.0
mustafa,1,2,3,0.667
chicsho,0,3,3,1.0
schluss,0,3,3,1.0
discr,0,3,3,1.0
comunicacion,0,3,3,1.0
enviabi,0,3,3,1.0
forcemajeureo,3,0,3,0.0
newspaperperson,0,3,3,1.0
epaulet,0,3,3,1.0
corespond,0,3,3,1.0
pitboss,0,3,3,1.0
loup,3,0,3,0.0
esv,1,2,3,0.667
nonhierarch,3,0,3,0.0
guanin,0,3,3,1.0
adelphia,1,2,3,0.667
rosewoodsearch,0,3,3,1.0
unpaus,0,3,3,1.0
bertragenen,0,3,3,1.0
bratbi,3,0,3,0.0
malu,0,3,3,1.0
etud,0,3,3,1.0
tencor,3,0,3,0.0
scudderpublish,3,0,3,0.0
qout,0,3,3,1.0
lacy,3,0,3,0.0
infantrymen,0,3,3,1.0
ciosur,0,3,3,1.0
cybercultur,0,3,3,1.0
mcook,3,0,3,0.0
tbr,0,3,3,1.0
marrowbon,0,3,3,1.0
desfibrilador,0,3,3,1.0
hanford,0,3,3,1.0
poser,2,1,3,0.333
nzsearch,0,3,3,1.0
fukuoka,1,2,3,0.667
marinad,0,3,3,1.0
fantod,0,3,3,1.0
notocord,0,3,3,1.0
poslejt,0,3,3,1.0
radiotherapi,0,3,3,1.0
nasacort,0,3,3,1.0
kuwilamo,0,3,3,1.0
edsono,3,0,3,0.0
upe,0,3,3,1.0
tichi,3,0,3,0.0
multidisciplin,3,0,3,0.0
sunder,0,3,3,1.0
mischaracter,3,0,3,0.0
cobaltl,3,0,3,0.0
prudho,3,0,3,0.0
domininiat,0,3,3,1.0
honorarium,0,3,3,1.0
posseman,0,3,3,1.0
lipperdt,3,0,3,0.0
axia,3,0,3,0.0
respaldo,0,3,3,1.0
ladyfern,0,3,3,1.0
icerigi,0,3,3,1.0
londrina,2,1,3,0.333
comglobepagehttp,0,3,3,1.0
lmmg,0,3,3,1.0
doce,0,3,3,1.0
poseidon,0,3,3,1.0
crepsi,3,0,3,0.0
querido,0,3,3,1.0
crous,3,0,3,0.0
kampala,0,3,3,1.0
palliat,0,3,3,1.0
arrowi,0,3,3,1.0
espectacular,0,3,3,1.0
donett,3,0,3,0.0
murdock,2,1,3,0.333
westsid,3,0,3,0.0
conglomor,0,3,3,1.0
sono,0,3,3,1.0
turley,3,0,3,0.0
edlcatlon,0,3,3,1.0
ghadar,0,3,3,1.0
ulster,0,3,3,1.0
sureshb,3,0,3,0.0
diificult,3,0,3,0.0
malagawireless,0,3,3,1.0
eolbridg,3,0,3,0.0
nonagenarian,0,3,3,1.0
seaquest,0,3,3,1.0
correlata,0,3,3,1.0
roentgen,0,3,3,1.0
tygodniu,3,0,3,0.0
extempor,0,3,3,1.0
newenergi,3,0,3,0.0
pallavi,3,0,3,0.0
finasterid,0,3,3,1.0
asadkdoi,0,3,3,1.0
htmlthe,0,3,3,1.0
holahan,3,0,3,0.0
vj,0,3,3,1.0
unouthoris,0,3,3,1.0
scandinavian,2,1,3,0.333
prasad,1,2,3,0.667
llmlted,0,3,3,1.0
varanda,0,3,3,1.0
thermomet,0,3,3,1.0
htmjapan,0,3,3,1.0
republicczech,0,3,3,1.0
toluen,1,2,3,0.667
unfaz,3,0,3,0.0
dunten,3,0,3,0.0
enbc,1,2,3,0.667
angielskim,3,0,3,0.0
fag,0,3,3,1.0
buxtehud,0,3,3,1.0
bpc,3,0,3,0.0
fbv,0,3,3,1.0
ordinateur,0,3,3,1.0
parcial,0,3,3,1.0
gosj,0,3,3,1.0
thickest,0,3,3,1.0
rnment,0,3,3,1.0
jagernauth,3,0,3,0.0
ndividu,0,3,3,1.0
frigid,0,3,3,1.0
cmdaeo,0,3,3,1.0
savx,0,3,3,1.0
aylmer,0,3,3,1.0
unarm,0,3,3,1.0
uncompl,2,1,3,0.333
keyhom,0,3,3,1.0
feee,0,3,3,1.0
htmlheadtitl,0,3,3,1.0
sheeren,3,0,3,0.0
travé,0,3,3,1.0
pcodrut,0,3,3,1.0
dorteo,3,0,3,0.0
soflwar,0,3,3,1.0
osteolog,0,3,3,1.0
groundsel,0,3,3,1.0
disfrutar,0,3,3,1.0
stickpin,0,3,3,1.0
quieren,0,3,3,1.0
fiera,0,3,3,1.0
promotecompani,0,3,3,1.0
etvcom,0,3,3,1.0
monocl,0,3,3,1.0
laesst,3,0,3,0.0
reger,0,3,3,1.0
lorain,2,1,3,0.333
lune,0,3,3,1.0
melinit,0,3,3,1.0
gdprod,0,3,3,1.0
baruch,3,0,3,0.0
privatinsolvenz,0,3,3,1.0
showplac,0,3,3,1.0
pvl,2,1,3,0.333
comasiannet,0,3,3,1.0
auaustralia,0,3,3,1.0
werk,0,3,3,1.0
turntabl,0,3,3,1.0
ussr,0,3,3,1.0
desenvolvimento,0,3,3,1.0
xaax,0,3,3,1.0
chino,2,1,3,0.333
plex,0,3,3,1.0
vulnerabilidad,0,3,3,1.0
nklqwelm,0,3,3,1.0
entwickeln,0,3,3,1.0
amphitheat,2,1,3,0.333
ingrain,2,1,3,0.333
spectorandroseman,3,0,3,0.0
upborn,0,3,3,1.0
leningrad,0,3,3,1.0
tailwind,0,3,3,1.0
graphtec,3,0,3,0.0
euromoney,3,0,3,0.0
multigsm,0,3,3,1.0
nopaln,0,3,3,1.0
colton,2,1,3,0.333
superconduct,1,2,3,0.667
vestigi,0,3,3,1.0
bankrutpci,3,0,3,0.0
goblin,1,2,3,0.667
wheller,0,3,3,1.0
bnamerica,3,0,3,0.0
parlour,1,2,3,0.667
stoichiometri,0,3,3,1.0
ligatur,0,3,3,1.0
firenz,0,3,3,1.0
neophyt,1,2,3,0.667
stanwel,0,3,3,1.0
ocasión,0,3,3,1.0
lavoratto,3,0,3,0.0
muskox,0,3,3,1.0
cumbranc,0,3,3,1.0
qqv,1,2,3,0.667
lustrou,0,3,3,1.0
thousandth,0,3,3,1.0
ictur,0,3,3,1.0
ilia,2,1,3,0.333
frito,3,0,3,0.0
kurdukar,3,0,3,0.0
terh,0,3,3,1.0
fronterra,3,0,3,0.0
primev,0,3,3,1.0
blackham,3,0,3,0.0
cln,3,0,3,0.0
aualta,0,3,3,1.0
rozn,3,0,3,0.0
peripheri,1,2,3,0.667
californii,3,0,3,0.0
metrick,3,0,3,0.0
easer,0,3,3,1.0
jammer,0,3,3,1.0
earlen,1,2,3,0.667
bassler,3,0,3,0.0
impex,0,3,3,1.0
broombal,3,0,3,0.0
yaparak,0,3,3,1.0
estudant,0,3,3,1.0
yanhoffman,0,3,3,1.0
levltra,0,3,3,1.0
pleasefollow,0,3,3,1.0
usdoilar,0,3,3,1.0
kasner,0,3,3,1.0
embares,0,3,3,1.0
eul,3,0,3,0.0
proopecia,0,3,3,1.0
seg,0,3,3,1.0
hijo,0,3,3,1.0
degilseniz,0,3,3,1.0
uprzejmi,3,0,3,0.0
mhenzel,3,0,3,0.0
pipavav,3,0,3,0.0
gtp,0,3,3,1.0
perilla,0,3,3,1.0
tjae,3,0,3,0.0
inglori,1,2,3,0.667
laplac,0,3,3,1.0
bental,0,3,3,1.0
qlwkejrp,0,3,3,1.0
establec,0,3,3,1.0
dlcall,0,3,3,1.0
fpresto,3,0,3,0.0
scfn,0,3,3,1.0
heb,0,3,3,1.0
disposição,0,3,3,1.0
suitcas,0,3,3,1.0
aparelho,0,3,3,1.0
gustavop,3,0,3,0.0
qoier,0,3,3,1.0
comgauchonet,0,3,3,1.0
hestit,1,2,3,0.667
yahk,0,3,3,1.0
thyrotox,0,3,3,1.0
callibr,3,0,3,0.0
ssyo,0,3,3,1.0
unknow,3,0,3,0.0
gubernamental,0,3,3,1.0
johnsonwern,0,3,3,1.0
sinewi,0,3,3,1.0
danar,0,3,3,1.0
poulopoulo,3,0,3,0.0
audiomusica,0,3,3,1.0
tpt,2,1,3,0.333
photolysi,0,3,3,1.0
gamesman,0,3,3,1.0
proclum,0,3,3,1.0
pase,0,3,3,1.0
railtrack,3,0,3,0.0
rxand,0,3,3,1.0
maintainc,3,0,3,0.0
provoffr,0,3,3,1.0
tuba,0,3,3,1.0
audioseek,0,3,3,1.0
schau,0,3,3,1.0
murtaugh,3,0,3,0.0
onlinew,0,3,3,1.0
viewsingl,0,3,3,1.0
sondern,0,3,3,1.0
buttonand,0,3,3,1.0
offshorepharm,0,3,3,1.0
foreward,3,0,3,0.0
ortam,0,3,3,1.0
rend,0,3,3,1.0
haut,0,3,3,1.0
redound,0,3,3,1.0
searchl,0,3,3,1.0
gielda,3,0,3,0.0
medimmun,3,0,3,0.0
dequeu,0,3,3,1.0
tda,0,3,3,1.0
niin,0,3,3,1.0
narsima,3,0,3,0.0
visitez,0,3,3,1.0
limiti,0,3,3,1.0
lakjsfq,0,3,3,1.0
jpkorea,0,3,3,1.0
numbl,0,3,3,1.0
whitepap,3,0,3,0.0
confirmyour,0,3,3,1.0
abbasi,3,0,3,0.0
juror,0,3,3,1.0
trabuco,0,3,3,1.0
dsectionl,0,3,3,1.0
propion,0,3,3,1.0
naukowo,3,0,3,0.0
chizea,0,3,3,1.0
etner,0,3,3,1.0
redhawk,3,0,3,0.0
portugalmail,0,3,3,1.0
everythiin,0,3,3,1.0
compilação,0,3,3,1.0
smokabl,0,3,3,1.0
abdo,3,0,3,0.0
felsit,0,3,3,1.0
paltri,1,2,3,0.667
trimest,0,3,3,1.0
anasta,3,0,3,0.0
basshead,3,0,3,0.0
atcx,0,3,3,1.0
bahar,0,3,3,1.0
shp,0,3,3,1.0
colaboracion,0,3,3,1.0
encuentran,0,3,3,1.0
rdc,3,0,3,0.0
oiaer,0,3,3,1.0
tattletal,0,3,3,1.0
snpd,3,0,3,0.0
expertli,0,3,3,1.0
corest,3,0,3,0.0
alom,0,3,3,1.0
deann,2,1,3,0.333
vdrugz,0,3,3,1.0
nutmeg,0,3,3,1.0
palomar,0,3,3,1.0
seligman,3,0,3,0.0
theyll,0,3,3,1.0
npr,1,2,3,0.667
instruccion,0,3,3,1.0
eletrônico,0,3,3,1.0
jefa,0,3,3,1.0
buffon,0,3,3,1.0
jefh,0,3,3,1.0
eaa,0,3,3,1.0
ibiza,0,3,3,1.0
besonder,0,3,3,1.0
casìno,0,3,3,1.0
ftpq,0,3,3,1.0
petroluem,0,3,3,1.0
pipeclay,0,3,3,1.0
datenquel,3,0,3,0.0
unencumb,3,0,3,0.0
uhq,0,3,3,1.0
highnrg,0,3,3,1.0
ikeiy,0,3,3,1.0
littlestock,0,3,3,1.0
usli,0,3,3,1.0
phenotyp,0,3,3,1.0
baba,0,3,3,1.0
canaletto,3,0,3,0.0
upf,0,3,3,1.0
maccromeddia,0,3,3,1.0
sencilla,3,0,3,0.0
cholest,0,3,3,1.0
theorist,1,2,3,0.667
zasouth,0,3,3,1.0
equinox,0,3,3,1.0
denari,0,3,3,1.0
ptima,0,3,3,1.0
pcog,3,0,3,0.0
voordelen,0,3,3,1.0
lff,0,3,3,1.0
æ,0,3,3,1.0
svant,3,0,3,0.0
beautician,1,2,3,0.667
lognorm,3,0,3,0.0
vish,2,1,3,0.333
successfuli,2,1,3,0.333
costcentr,3,0,3,0.0
captial,3,0,3,0.0
scholl,3,0,3,0.0
nin,0,3,3,1.0
milepost,3,0,3,0.0
dolpin,3,0,3,0.0
uracil,0,3,3,1.0
netin,2,1,3,0.333
snorter,0,3,3,1.0
breaki,0,3,3,1.0
titten,0,3,3,1.0
florentina,0,3,3,1.0
taiwanes,1,2,3,0.667
workplan,3,0,3,0.0
screenplay,0,3,3,1.0
ctpi,3,0,3,0.0
rockin,1,2,3,0.667
straightlin,0,3,3,1.0
cdil,0,3,3,1.0
seamen,0,3,3,1.0
hinson,3,0,3,0.0
zusagen,0,3,3,1.0
glob,0,3,3,1.0
hisp,0,3,3,1.0
ememb,0,3,3,1.0
woodsmith,3,0,3,0.0
pqer,0,3,3,1.0
adjus,3,0,3,0.0
prprze,0,3,3,1.0
zrobic,3,0,3,0.0
diederich,3,0,3,0.0
ghiai,0,3,3,1.0
kipl,0,3,3,1.0
newsday,2,1,3,0.333
fulltim,3,0,3,0.0
heitmey,3,0,3,0.0
ledg,1,2,3,0.667
rápida,0,3,3,1.0
brehan,3,0,3,0.0
kooser,3,0,3,0.0
maroun,3,0,3,0.0
vicari,0,3,3,1.0
lnter,0,3,3,1.0
dier,3,0,3,0.0
llevarlo,0,3,3,1.0
tramway,0,3,3,1.0
fcpa,3,0,3,0.0
fedora,1,2,3,0.667
aduit,1,2,3,0.667
nonstop,2,1,3,0.333
abq,3,0,3,0.0
braveheart,3,0,3,0.0
onyeik,0,3,3,1.0
ngpa,3,0,3,0.0
rheumatrex,0,3,3,1.0
amazedhardwood,0,3,3,1.0
fnac,0,3,3,1.0
rasga,3,0,3,0.0
statkraft,3,0,3,0.0
hydroc,0,3,3,1.0
flitsboet,0,3,3,1.0
djing,0,3,3,1.0
albuterol,0,3,3,1.0
suffragett,0,3,3,1.0
merrel,3,0,3,0.0
theocrat,3,0,3,0.0
translink,3,0,3,0.0
djf,0,3,3,1.0
pociag,3,0,3,0.0
gretna,3,0,3,0.0
recib,0,3,3,1.0
septenni,0,3,3,1.0
unterbreiten,0,3,3,1.0
pwhi,0,3,3,1.0
frenchmen,0,3,3,1.0
stollerinc,3,0,3,0.0
willasktocdedert,0,3,3,1.0
cheema,0,3,3,1.0
kieffer,0,3,3,1.0
immacul,0,3,3,1.0
excluir,0,3,3,1.0
handlu,3,0,3,0.0
wayback,3,0,3,0.0
mclaughin,3,0,3,0.0
mpe,2,1,3,0.333
travnew,3,0,3,0.0
þãõ,0,3,3,1.0
coll,0,3,3,1.0
imsl,3,0,3,0.0
bishopr,0,3,3,1.0
potentialcustom,0,3,3,1.0
energis,3,0,3,0.0
spreadingaround,0,3,3,1.0
exito,0,3,3,1.0
bvglari,0,3,3,1.0
horniest,0,3,3,1.0
gedri,0,3,3,1.0
anuncio,0,3,3,1.0
lucian,0,3,3,1.0
cartera,0,3,3,1.0
noslovakiakio,0,3,3,1.0
xtia,3,0,3,0.0
retroscreen,0,3,3,1.0
wingo,3,0,3,0.0
pallant,3,0,3,0.0
mollycoddl,0,3,3,1.0
harbir,3,0,3,0.0
malli,3,0,3,0.0
pqweoir,0,3,3,1.0
clapp,1,2,3,0.667
salubri,0,3,3,1.0
lskd,0,3,3,1.0
larkworthi,3,0,3,0.0
vitess,3,0,3,0.0
swingi,0,3,3,1.0
browserwatch,3,0,3,0.0
jeb,0,3,3,1.0
rovid,0,3,3,1.0
cybersstor,0,3,3,1.0
onfidenti,0,3,3,1.0
weeee,0,3,3,1.0
vaugnerit,0,3,3,1.0
anvanc,0,3,3,1.0
thnk,0,3,3,1.0
pieti,0,3,3,1.0
cana,1,2,3,0.667
tinctur,0,3,3,1.0
implemant,3,0,3,0.0
neuromuscular,0,3,3,1.0
teletypewrit,0,3,3,1.0
cofound,1,2,3,0.667
calcium,0,3,3,1.0
oxnard,0,3,3,1.0
bobbycal,0,3,3,1.0
almak,0,3,3,1.0
questri,0,3,3,1.0
lgr,0,3,3,1.0
transformador,0,3,3,1.0
integracion,0,3,3,1.0
metallifer,0,3,3,1.0
zonder,0,3,3,1.0
prici,0,3,3,1.0
adultcryogen,0,3,3,1.0
alfndega,0,3,3,1.0
heisser,0,3,3,1.0
vanbeyer,3,0,3,0.0
mottl,0,3,3,1.0
nasturtium,0,3,3,1.0
tantal,0,3,3,1.0
tnct,3,0,3,0.0
pozklft,0,3,3,1.0
vijayawada,3,0,3,0.0
nss,3,0,3,0.0
setter,3,0,3,0.0
vxa,0,3,3,1.0
dialectolog,0,3,3,1.0
saxton,0,3,3,1.0
importado,0,3,3,1.0
banff,2,1,3,0.333
tylko,3,0,3,0.0
meringu,0,3,3,1.0
lbechterhoff,3,0,3,0.0
nzh,0,3,3,1.0
filmen,0,3,3,1.0
fyr,3,0,3,0.0
amaya,3,0,3,0.0
eisenbrandt,3,0,3,0.0
betterrxinfo,0,3,3,1.0
bursari,0,3,3,1.0
perquisit,0,3,3,1.0
mecanismo,0,3,3,1.0
judo,0,3,3,1.0
batman,0,3,3,1.0
volo,3,0,3,0.0
tampion,0,3,3,1.0
nft,0,3,3,1.0
velocita,0,3,3,1.0
breakthroughrepair,0,3,3,1.0
dwarsstraat,0,3,3,1.0
charlton,1,2,3,0.667
maltes,0,3,3,1.0
handmad,0,3,3,1.0
schreib,0,3,3,1.0
newfound,2,1,3,0.333
guertin,3,0,3,0.0
nikolai,0,3,3,1.0
pettymadden,0,3,3,1.0
relatrio,0,3,3,1.0
vnd,0,3,3,1.0
armzmail,0,3,3,1.0
aladin,0,3,3,1.0
scoundrel,0,3,3,1.0
comcosta,0,3,3,1.0
pufferi,1,2,3,0.667
glomerular,0,3,3,1.0
flamingo,0,3,3,1.0
tiebreak,2,1,3,0.333
wdre,0,3,3,1.0
mullin,2,1,3,0.333
joyzel,3,0,3,0.0
requeri,0,3,3,1.0
prosextra,0,3,3,1.0
peepi,0,3,3,1.0
heliocentr,0,3,3,1.0
kappa,0,3,3,1.0
chcielibysmi,3,0,3,0.0
transactionhub,3,0,3,0.0
whenc,0,3,3,1.0
uncompromis,3,0,3,0.0
cmr,2,1,3,0.333
ihi,3,0,3,0.0
cramton,3,0,3,0.0
taunu,3,0,3,0.0
cytgf,0,3,3,1.0
themigroup,3,0,3,0.0
oiwuer,0,3,3,1.0
pacificar,3,0,3,0.0
clearish,0,3,3,1.0
salif,0,3,3,1.0
ellent,0,3,3,1.0
stillbirth,0,3,3,1.0
jaff,3,0,3,0.0
rememberm,0,3,3,1.0
egyptair,0,3,3,1.0
nucor,3,0,3,0.0
jze,0,3,3,1.0
verid,0,3,3,1.0
rstt,3,0,3,0.0
remeb,1,2,3,0.667
sksloveniaslovenia,0,3,3,1.0
quedado,0,3,3,1.0
jdahl,3,0,3,0.0
betrgereien,0,3,3,1.0
kazuko,0,3,3,1.0
friedenberg,3,0,3,0.0
lienemann,3,0,3,0.0
nuovo,3,0,3,0.0
ludwig,0,3,3,1.0
saith,0,3,3,1.0
kristich,3,0,3,0.0
kalamazoo,0,3,3,1.0
brooch,0,3,3,1.0
gewinnern,0,3,3,1.0
upslop,0,3,3,1.0
tisement,0,3,3,1.0
conv,1,2,3,0.667
reproach,1,2,3,0.667
canspam,0,3,3,1.0
licha,3,0,3,0.0
remu,0,3,3,1.0
anticonceptivo,0,3,3,1.0
alarcon,3,0,3,0.0
quasiord,0,3,3,1.0
transmi,1,2,3,0.667
gnarl,0,3,3,1.0
reformul,2,1,3,0.333
woodcut,0,3,3,1.0
parqu,0,3,3,1.0
hickson,3,0,3,0.0
prontament,0,3,3,1.0
towl,3,0,3,0.0
toform,0,3,3,1.0
hql,0,3,3,1.0
mandaro,3,0,3,0.0
peux,0,3,3,1.0
attatch,3,0,3,0.0
dlo,0,3,3,1.0
armig,3,0,3,0.0
navigantconsult,3,0,3,0.0
aya,0,3,3,1.0
ilovem,0,3,3,1.0
thenceforth,0,3,3,1.0
nvda,1,2,3,0.667
irrecover,0,3,3,1.0
adecuado,0,3,3,1.0
eez,0,3,3,1.0
dst,0,3,3,1.0
pudenda,0,3,3,1.0
abx,3,0,3,0.0
soll,0,3,3,1.0
wastebasket,0,3,3,1.0
isd,2,1,3,0.333
iwj,0,3,3,1.0
smithsonian,0,3,3,1.0
engt,0,3,3,1.0
gosset,3,0,3,0.0
tetrafluourid,0,3,3,1.0
parole,0,3,3,1.0
jpstellarhttp,0,3,3,1.0
neighbourhood,3,0,3,0.0
ermei,0,3,3,1.0
inimit,0,3,3,1.0
fromer,3,0,3,0.0
elsein,0,3,3,1.0
aprati,3,0,3,0.0
cimarron,0,3,3,1.0
periphrast,0,3,3,1.0
jeska,3,0,3,0.0
littleneck,0,3,3,1.0
amundsen,3,0,3,0.0
decapit,1,2,3,0.667
perilya,0,3,3,1.0
pizdet,0,3,3,1.0
reykjavik,0,3,3,1.0
mencionado,0,3,3,1.0
xianax,0,3,3,1.0
weidenbaum,3,0,3,0.0
ssen,1,2,3,0.667
edger,0,3,3,1.0
beatti,0,3,3,1.0
etim,3,0,3,0.0
vist,0,3,3,1.0
batavian,0,3,3,1.0
cipolla,0,3,3,1.0
caracterstica,0,3,3,1.0
prevencion,0,3,3,1.0
landbouw,0,3,3,1.0
severalti,0,3,3,1.0
testen,0,3,3,1.0
botha,0,3,3,1.0
lclickcomplet,0,3,3,1.0
aufladen,0,3,3,1.0
saundra,1,2,3,0.667
bulkpow,3,0,3,0.0
ohb,0,3,3,1.0
phonon,0,3,3,1.0
countess,0,3,3,1.0
pringl,2,1,3,0.333
coburn,3,0,3,0.0
arrante,0,3,3,1.0
tomo,0,3,3,1.0
akaik,3,0,3,0.0
ffffffst,0,3,3,1.0
buchi,0,3,3,1.0
strangul,0,3,3,1.0
montaa,0,3,3,1.0
chordal,0,3,3,1.0
newvatrfac,3,0,3,0.0
mestr,1,2,3,0.667
favorito,0,3,3,1.0
capi,0,3,3,1.0
gaillardia,0,3,3,1.0
katharina,0,3,3,1.0
streeter,3,0,3,0.0
sacrebleu,0,3,3,1.0
rueckfragen,3,0,3,0.0
alegria,0,3,3,1.0
hhmiyahara,0,3,3,1.0
wold,0,3,3,1.0
prescriptdrug,0,3,3,1.0
wilda,0,3,3,1.0
rcsntx,3,0,3,0.0
ginmil,0,3,3,1.0
asurf,0,3,3,1.0
diplomatiqu,0,3,3,1.0
bootabl,0,3,3,1.0
underprivileg,3,0,3,0.0
destabilis,3,0,3,0.0
merengu,0,3,3,1.0
dtxokf,0,3,3,1.0
eserv,3,0,3,0.0
easypay,0,3,3,1.0
ingw,0,3,3,1.0
versionen,0,3,3,1.0
tweenti,0,3,3,1.0
saluden,0,3,3,1.0
dlbr,0,3,3,1.0
bvfh,0,3,3,1.0
netsuchenhttp,0,3,3,1.0
goodss,0,3,3,1.0
signora,0,3,3,1.0
duller,1,2,3,0.667
oceanographi,1,2,3,0.667
mxsbelhttp,0,3,3,1.0
harshli,0,3,3,1.0
lookman,3,0,3,0.0
gorbachev,3,0,3,0.0
muslin,0,3,3,1.0
neuburg,0,3,3,1.0
grandinetti,3,0,3,0.0
podcast,0,3,3,1.0
geimer,3,0,3,0.0
heifer,1,2,3,0.667
vmq,0,3,3,1.0
afecto,0,3,3,1.0
newsworthi,3,0,3,0.0
solicitado,0,3,3,1.0
productor,0,3,3,1.0
cref,3,0,3,0.0
toh,0,3,3,1.0
sfdgsr,0,3,3,1.0
coordinacion,0,3,3,1.0
aciphex,0,3,3,1.0
cópia,0,3,3,1.0
tgro,3,0,3,0.0
ridi,0,3,3,1.0
onstream,3,0,3,0.0
soigne,0,3,3,1.0
bloodbedabbledl,0,3,3,1.0
jine,0,3,3,1.0
antonella,3,0,3,0.0
urbanit,0,3,3,1.0
eroomsystem,0,3,3,1.0
scaleguard,0,3,3,1.0
pigroot,0,3,3,1.0
wadey,3,0,3,0.0
schaffhausen,0,3,3,1.0
redepioy,0,3,3,1.0
kwli,0,3,3,1.0
novament,0,3,3,1.0
groundskeep,0,3,3,1.0
booker,1,2,3,0.667
casc,3,0,3,0.0
inmobiliario,0,3,3,1.0
cix,0,3,3,1.0
puyallup,3,0,3,0.0
gfont,0,3,3,1.0
lendingxid,0,3,3,1.0
schutz,0,3,3,1.0
herefor,0,3,3,1.0
herem,0,3,3,1.0
alr,0,3,3,1.0
searchnz,0,3,3,1.0
hse,1,2,3,0.667
reregul,3,0,3,0.0
keener,1,2,3,0.667
serf,0,3,3,1.0
mieszkam,3,0,3,0.0
carita,0,3,3,1.0
tonia,1,2,3,0.667
foreveryourhost,0,3,3,1.0
stableman,0,3,3,1.0
enfermedad,0,3,3,1.0
purvi,3,0,3,0.0
blackfac,0,3,3,1.0
mondragon,3,0,3,0.0
selfadjoint,0,3,3,1.0
mcandrew,3,0,3,0.0
bele,0,3,3,1.0
hornbuckl,3,0,3,0.0
jlokay,3,0,3,0.0
smucker,0,3,3,1.0
hyam,0,3,3,1.0
neoclass,0,3,3,1.0
wih,3,0,3,0.0
spupel,0,3,3,1.0
whitetail,0,3,3,1.0
tain,0,3,3,1.0
datrx,0,3,3,1.0
imo,1,2,3,0.667
monatlich,3,0,3,0.0
voici,0,3,3,1.0
orgel,0,3,3,1.0
meddz,0,3,3,1.0
lacustrin,0,3,3,1.0
dispirit,3,0,3,0.0
hwpr,0,3,3,1.0
cgil,0,3,3,1.0
unexplain,1,2,3,0.667
modelvar,3,0,3,0.0
poorest,3,0,3,0.0
lau,1,2,3,0.667
olafsson,3,0,3,0.0
cursado,0,3,3,1.0
johnowen,0,3,3,1.0
zustzlich,0,3,3,1.0
gefallen,0,3,3,1.0
edgewat,3,0,3,0.0
blijkt,0,3,3,1.0
reichard,3,0,3,0.0
abend,0,3,3,1.0
dehit,0,3,3,1.0
motorist,0,3,3,1.0
loganvil,0,3,3,1.0
cuadro,0,3,3,1.0
imprescind,0,3,3,1.0
syringa,0,3,3,1.0
nnumb,0,3,3,1.0
magazalar,0,3,3,1.0
cabriol,0,3,3,1.0
topof,0,3,3,1.0
sinecti,1,2,3,0.667
fontf,0,3,3,1.0
conocophillip,3,0,3,0.0
laurentian,0,3,3,1.0
webindex,0,3,3,1.0
rbsa,0,3,3,1.0
businessiemail,0,3,3,1.0
superig,0,3,3,1.0
vork,0,3,3,1.0
totalfina,3,0,3,0.0
oya,0,3,3,1.0
surprisingiy,0,3,3,1.0
startac,3,0,3,0.0
weath,0,3,3,1.0
ouriapolog,0,3,3,1.0
sveinung,3,0,3,0.0
clickher,0,3,3,1.0
sturr,3,0,3,0.0
timmer,0,3,3,1.0
manoj,3,0,3,0.0
aufgrund,0,3,3,1.0
efectuado,0,3,3,1.0
tanitim,0,3,3,1.0
siobhan,0,3,3,1.0
neccesari,0,3,3,1.0
yhell,0,3,3,1.0
akhav,3,0,3,0.0
cnrl,3,0,3,0.0
gershwin,0,3,3,1.0
softarium,0,3,3,1.0
ssv,1,2,3,0.667
chaco,0,3,3,1.0
elixir,2,1,3,0.333
recumb,0,3,3,1.0
leadsman,0,3,3,1.0
spectr,3,0,3,0.0
angeboten,0,3,3,1.0
workov,2,1,3,0.333
gefesselt,0,3,3,1.0
elr,0,3,3,1.0
automático,0,3,3,1.0
sportsbet,0,3,3,1.0
bvl,0,3,3,1.0
plumos,0,3,3,1.0
faller,3,0,3,0.0
gregari,0,3,3,1.0
trailsid,0,3,3,1.0
rmdkwikform,0,3,3,1.0
tushar,3,0,3,0.0
ladyfootlock,3,0,3,0.0
mne,0,3,3,1.0
lcg,1,2,3,0.667
inti,0,3,3,1.0
tirelessli,2,1,3,0.333
envan,0,3,3,1.0
bassalo,3,0,3,0.0
hassel,1,2,3,0.667
fmackin,3,0,3,0.0
lmt,0,3,3,1.0
juarez,0,3,3,1.0
senil,0,3,3,1.0
bolder,3,0,3,0.0
pepesearch,0,3,3,1.0
kyqdv,0,3,3,1.0
briant,3,0,3,0.0
reportero,0,3,3,1.0
ohara,2,1,3,0.333
nametag,3,0,3,0.0
abbl,3,0,3,0.0
hipa,0,3,3,1.0
kreditla,0,3,3,1.0
hander,3,0,3,0.0
philippov,3,0,3,0.0
zuid,0,3,3,1.0
alisa,2,1,3,0.333
grainger,3,0,3,0.0
jugoslavia,0,3,3,1.0
linton,2,1,3,0.333
comlyco,0,3,3,1.0
remak,2,1,3,0.333
mpani,0,3,3,1.0
muessen,0,3,3,1.0
ils,0,3,3,1.0
seung,3,0,3,0.0
wayward,0,3,3,1.0
taj,3,0,3,0.0
oto,2,1,3,0.333
viaceil,0,3,3,1.0
swl,2,1,3,0.333
paseo,0,3,3,1.0
chihuri,0,3,3,1.0
thickli,0,3,3,1.0
smokey,3,0,3,0.0
strt,0,3,3,1.0
gmj,0,3,3,1.0
texasecomm,3,0,3,0.0
barreira,0,3,3,1.0
goshawk,0,3,3,1.0
hentermin,0,3,3,1.0
aesop,3,0,3,0.0
sbelyupi,0,3,3,1.0
sch,3,0,3,0.0
amerikaan,3,0,3,0.0
nazional,3,0,3,0.0
mongolian,0,3,3,1.0
qualitaet,0,3,3,1.0
vorlaeg,3,0,3,0.0
linktausch,0,3,3,1.0
fructifer,0,3,3,1.0
stonecrop,0,3,3,1.0
dpa,0,3,3,1.0
exculpatori,0,3,3,1.0
tollen,0,3,3,1.0
stemc,0,3,3,1.0
leger,0,3,3,1.0
equivalent,0,3,3,1.0
whartonetev,3,0,3,0.0
rspa,3,0,3,0.0
bethun,3,0,3,0.0
magog,2,1,3,0.333
nzsingapor,0,3,3,1.0
degr,0,3,3,1.0
prëscrîptiòn,0,3,3,1.0
obvers,0,3,3,1.0
obj,2,1,3,0.333
howlingi,0,3,3,1.0
dramaticaliy,0,3,3,1.0
edannhau,3,0,3,0.0
egp,3,0,3,0.0
nuerolog,0,3,3,1.0
rsi,0,3,3,1.0
leadeth,0,3,3,1.0
iwuuua,0,3,3,1.0
icki,0,3,3,1.0
chet,1,2,3,0.667
vermeiden,0,3,3,1.0
ustil,0,3,3,1.0
gastrointestin,0,3,3,1.0
bulkexpert,0,3,3,1.0
teme,0,3,3,1.0
geven,0,3,3,1.0
plunk,1,2,3,0.667
songbag,0,3,3,1.0
indonesianet,0,3,3,1.0
bezugnehmend,3,0,3,0.0
cadastrar,0,3,3,1.0
mickit,3,0,3,0.0
gfd,1,2,3,0.667
najbardzij,3,0,3,0.0
entra,0,3,3,1.0
advair,0,3,3,1.0
telecontrol,0,3,3,1.0
ardsley,0,3,3,1.0
wenden,0,3,3,1.0
increa,0,3,3,1.0
globalscap,0,3,3,1.0
martiniqu,0,3,3,1.0
emailz,0,3,3,1.0
álvarez,0,3,3,1.0
bmd,0,3,3,1.0
taf,0,3,3,1.0
kickstart,0,3,3,1.0
webmedia,0,3,3,1.0
guillemot,0,3,3,1.0
advantagey,0,3,3,1.0
gnbt,0,3,3,1.0
spv,3,0,3,0.0
rotund,0,3,3,1.0
speechless,0,3,3,1.0
shiveri,0,3,3,1.0
conrol,3,0,3,0.0
refinancesecond,0,3,3,1.0
inici,0,3,3,1.0
ffoour,0,3,3,1.0
educationa,0,3,3,1.0
adrianbold,0,3,3,1.0
germain,1,2,3,0.667
noticiero,0,3,3,1.0
schweiker,3,0,3,0.0
histolog,0,3,3,1.0
legless,0,3,3,1.0
toomey,3,0,3,0.0
peephol,0,3,3,1.0
catagnola,3,0,3,0.0
subinvest,3,0,3,0.0
zcol,0,3,3,1.0
mak,3,0,3,0.0
sparten,0,3,3,1.0
ramsaran,3,0,3,0.0
sleeti,0,3,3,1.0
bein,0,3,3,1.0
mallikd,3,0,3,0.0
dyck,3,0,3,0.0
douz,0,3,3,1.0
mell,2,1,3,0.333
flotilla,0,3,3,1.0
pinkston,3,0,3,0.0
morroco,0,3,3,1.0
superlunari,0,3,3,1.0
befound,0,3,3,1.0
specialfor,0,3,3,1.0
rearchitectur,3,0,3,0.0
luminos,0,3,3,1.0
demystifi,0,3,3,1.0
nosol,0,3,3,1.0
mthompson,0,3,3,1.0
srie,0,3,3,1.0
adp,1,2,3,0.667
entendr,0,3,3,1.0
minion,0,3,3,1.0
dfasdf,0,3,3,1.0
schuldennachrichten,0,3,3,1.0
sayonara,0,3,3,1.0
tbkvi,0,3,3,1.0
barkpit,0,3,3,1.0
edgehttp,0,3,3,1.0
horsetail,0,3,3,1.0
zarski,3,0,3,0.0
heagan,3,0,3,0.0
swoon,3,0,3,0.0
inni,3,0,3,0.0
ngiam,3,0,3,0.0
closeout,1,2,3,0.667
ingres,0,3,3,1.0
andrzeju,3,0,3,0.0
lolmoh,0,3,3,1.0
gamewood,0,3,3,1.0
trillionth,0,3,3,1.0
severeheadach,0,3,3,1.0
moree,0,3,3,1.0
foggi,0,3,3,1.0
carver,1,2,3,0.667
teacton,3,0,3,0.0
gaetano,0,3,3,1.0
perjuicio,0,3,3,1.0
kahan,3,0,3,0.0
signboard,0,3,3,1.0
hjcapacitypow,0,3,3,1.0
mogal,3,0,3,0.0
maildir,0,3,3,1.0
spinexp,3,0,3,0.0
cyerior,0,3,3,1.0
momodu,0,3,3,1.0
njw,0,3,3,1.0
lech,3,0,3,0.0
lesion,0,3,3,1.0
sparrow,0,3,3,1.0
ggra,0,3,3,1.0
unsound,0,3,3,1.0
rosalyn,1,2,3,0.667
kovalcik,3,0,3,0.0
dhc,3,0,3,0.0
patente,0,3,3,1.0
crosshair,0,3,3,1.0
maxdisc,0,3,3,1.0
terpsichor,0,3,3,1.0
coletta,0,3,3,1.0
salam,0,3,3,1.0
auyantepuy,0,3,3,1.0
wetland,0,3,3,1.0
racist,3,0,3,0.0
sdl,1,2,3,0.667
chasten,1,2,3,0.667
ara,3,0,3,0.0
mailfold,0,3,3,1.0
absolutament,0,3,3,1.0
cmodament,0,3,3,1.0
hyyydroccodeeein,0,3,3,1.0
erotik,0,3,3,1.0
tradeshow,0,3,3,1.0
morphophonem,0,3,3,1.0
korpi,3,0,3,0.0
reproducción,0,3,3,1.0
participa,0,3,3,1.0
doyousti,0,3,3,1.0
cuhk,0,3,3,1.0
zwabic,3,0,3,0.0
snobberi,0,3,3,1.0
lignum,0,3,3,1.0
assaf,3,0,3,0.0
stret,3,0,3,0.0
stockmarket,0,3,3,1.0
echl,3,0,3,0.0
skili,0,3,3,1.0
patronella,3,0,3,0.0
oneta,3,0,3,0.0
baobab,0,3,3,1.0
fera,0,3,3,1.0
vdn,0,3,3,1.0
dissyl,0,3,3,1.0
thallium,0,3,3,1.0
vdeliv,0,3,3,1.0
continuacion,0,3,3,1.0
hokan,0,3,3,1.0
shhip,0,3,3,1.0
extraa,0,3,3,1.0
spatlum,0,3,3,1.0
norristown,3,0,3,0.0
ruanda,0,3,3,1.0
rogram,2,1,3,0.333
immediatelli,0,3,3,1.0
locai,0,3,3,1.0
gyp,0,3,3,1.0
batchnumb,0,3,3,1.0
knepshield,3,0,3,0.0
shrewdli,2,1,3,0.333
affx,3,0,3,0.0
eydi,2,1,3,0.333
pvn,2,1,3,0.333
antonia,0,3,3,1.0
vitol,3,0,3,0.0
wana,0,3,3,1.0
peon,3,0,3,0.0
kedemo,0,3,3,1.0
upow,0,3,3,1.0
geg,3,0,3,0.0
venezuelaonlin,0,3,3,1.0
myocardium,0,3,3,1.0
prprio,0,3,3,1.0
novosibirsk,2,1,3,0.333
unexplor,0,3,3,1.0
acpw,3,0,3,0.0
puerper,0,3,3,1.0
ãæþú,0,3,3,1.0
msci,3,0,3,0.0
lütfen,0,3,3,1.0
directoriessearch,0,3,3,1.0
relativ,0,3,3,1.0
interrelacionada,0,3,3,1.0
solucion,0,3,3,1.0
pissanetzki,3,0,3,0.0
lachman,3,0,3,0.0
gumbel,3,0,3,0.0
guaru,0,3,3,1.0
dahlk,3,0,3,0.0
calro,3,0,3,0.0
rkosecki,3,0,3,0.0
eron,3,0,3,0.0
weis,0,3,3,1.0
inqueri,1,2,3,0.667
boleto,0,3,3,1.0
swatch,0,3,3,1.0
pacificcorp,3,0,3,0.0
zeina,3,0,3,0.0
enervest,3,0,3,0.0
resubscript,3,0,3,0.0
viahgra,0,3,3,1.0
dmshushhb,0,3,3,1.0
pachyderma,0,3,3,1.0
webmap,3,0,3,0.0
toxoplasmosi,0,3,3,1.0
emrh,0,3,3,1.0
unkindest,0,3,3,1.0
piekielniak,3,0,3,0.0
stamin,0,3,3,1.0
sigan,0,3,3,1.0
nez,0,3,3,1.0
unaudit,2,1,3,0.333
olasdlkja,0,3,3,1.0
siskin,0,3,3,1.0
cale,2,1,3,0.333
letk,3,0,3,0.0
bgm,0,3,3,1.0
eec,3,0,3,0.0
usur,0,3,3,1.0
wex,3,0,3,0.0
stupend,0,3,3,1.0
nih,0,3,3,1.0
rbue,0,3,3,1.0
swisscom,0,3,3,1.0
monetis,0,3,3,1.0
deliever,3,0,3,0.0
lase,0,3,3,1.0
mjl,0,3,3,1.0
balvind,0,3,3,1.0
gezwungen,0,3,3,1.0
determ,3,0,3,0.0
newsoffl,0,3,3,1.0
interleav,0,3,3,1.0
wholeworld,0,3,3,1.0
fite,3,0,3,0.0
gastexa,3,0,3,0.0
wayto,0,3,3,1.0
stuebi,3,0,3,0.0
riqueza,0,3,3,1.0
vereinbart,0,3,3,1.0
fronci,3,0,3,0.0
jiggl,0,3,3,1.0
elantec,3,0,3,0.0
witt,0,3,3,1.0
usair,3,0,3,0.0
tónico,0,3,3,1.0
sikorski,0,3,3,1.0
hemmen,1,2,3,0.667
xylem,0,3,3,1.0
dehotlist,0,3,3,1.0
billingsli,3,0,3,0.0
bankkonten,0,3,3,1.0
ghostlik,0,3,3,1.0
bequemen,0,3,3,1.0
comkhoj,0,3,3,1.0
carillon,3,0,3,0.0
turbomachineri,3,0,3,0.0
wresti,0,3,3,1.0
expressss,0,3,3,1.0
kumin,0,3,3,1.0
mallak,3,0,3,0.0
needee,0,3,3,1.0
tostay,0,3,3,1.0
lokac,0,3,3,1.0
fuerza,0,3,3,1.0
bobadilla,0,3,3,1.0
anzwer,0,3,3,1.0
tieback,3,0,3,0.0
chawla,3,0,3,0.0
hunder,0,3,3,1.0
reineck,3,0,3,0.0
dgraf,3,0,3,0.0
inbr,0,3,3,1.0
koromah,0,3,3,1.0
elizabethtown,2,1,3,0.333
telefongespraech,3,0,3,0.0
importa,0,3,3,1.0
nght,0,3,3,1.0
cambrian,0,3,3,1.0
hepa,0,3,3,1.0
comwoyaa,0,3,3,1.0
bryon,1,2,3,0.667
tastyllemo,0,3,3,1.0
phalanx,0,3,3,1.0
sadder,0,3,3,1.0
impuesto,0,3,3,1.0
skja,0,3,3,1.0
mycenaean,0,3,3,1.0
playgroup,3,0,3,0.0
famous,3,0,3,0.0
marni,3,0,3,0.0
suncomm,0,3,3,1.0
siit,0,3,3,1.0
sbohannon,3,0,3,0.0
alcar,3,0,3,0.0
signficantli,3,0,3,0.0
oluchi,0,3,3,1.0
skeet,1,2,3,0.667
flaggenmast,0,3,3,1.0
caico,0,3,3,1.0
nauuuughhhhti,0,3,3,1.0
friona,3,0,3,0.0
mostol,0,3,3,1.0
mexicano,1,2,3,0.667
holla,0,3,3,1.0
jemand,0,3,3,1.0
consumertoday,0,3,3,1.0
bestfory,0,3,3,1.0
earthli,1,2,3,0.667
offrir,0,3,3,1.0
meekli,0,3,3,1.0
brwe,0,3,3,1.0
kyh,0,3,3,1.0
interactiva,0,3,3,1.0
lackadais,0,3,3,1.0
bluegil,0,3,3,1.0
kojo,0,3,3,1.0
bouchaud,3,0,3,0.0
columbian,3,0,3,0.0
agência,0,3,3,1.0
xstrata,0,3,3,1.0
toegestaan,0,3,3,1.0
purseproud,0,3,3,1.0
furman,0,3,3,1.0
ntarr,3,0,3,0.0
ieg,3,0,3,0.0
driller,3,0,3,0.0
viburnum,0,3,3,1.0
cwc,1,2,3,0.667
emailrol,0,3,3,1.0
slop,1,2,3,0.667
stefano,3,0,3,0.0
abondantli,0,3,3,1.0
oorder,0,3,3,1.0
multiplet,0,3,3,1.0
comchil,0,3,3,1.0
marimba,0,3,3,1.0
epcm,0,3,3,1.0
lothar,3,0,3,0.0
qµa,0,3,3,1.0
incubu,0,3,3,1.0
tia,0,3,3,1.0
bbe,0,3,3,1.0
insolvenzverfahren,0,3,3,1.0
kar,0,3,3,1.0
turndown,0,3,3,1.0
schnorbach,3,0,3,0.0
philad,3,0,3,0.0
infrom,1,2,3,0.667
eternament,0,3,3,1.0
rutti,0,3,3,1.0
danex,2,1,3,0.333
prager,3,0,3,0.0
hopelessli,1,2,3,0.667
barbra,0,3,3,1.0
taskmast,0,3,3,1.0
informando,0,3,3,1.0
chanin,3,0,3,0.0
stereotyp,2,1,3,0.333
orquesta,0,3,3,1.0
resultto,0,3,3,1.0
hellmann,3,0,3,0.0
fintod,0,3,3,1.0
autelstrahttp,0,3,3,1.0
nadin,0,3,3,1.0
fxw,0,3,3,1.0
marconi,2,1,3,0.333
hooper,0,3,3,1.0
wavelab,0,3,3,1.0
rkh,0,3,3,1.0
buren,2,1,3,0.333
uninhibit,0,3,3,1.0
tcu,3,0,3,0.0
allocaton,3,0,3,0.0
indien,0,3,3,1.0
wroc,3,0,3,0.0
keilti,3,0,3,0.0
chswisscom,0,3,3,1.0
gafford,3,0,3,0.0
disarm,2,1,3,0.333
nightlin,0,3,3,1.0
spavin,0,3,3,1.0
shuangda,0,3,3,1.0
alltel,0,3,3,1.0
twtelecom,3,0,3,0.0
schweiz,1,2,3,0.667
nadel,3,0,3,0.0
spartanburg,0,3,3,1.0
nypp,3,0,3,0.0
fgcked,0,3,3,1.0
herbold,3,0,3,0.0
quebecor,3,0,3,0.0
lgac,3,0,3,0.0
delycoshttp,0,3,3,1.0
przeczytac,3,0,3,0.0
minshuto,3,0,3,0.0
soport,0,3,3,1.0
flashmail,0,3,3,1.0
walki,0,3,3,1.0
gallston,0,3,3,1.0
bere,1,2,3,0.667
dln,1,2,3,0.667
frombr,0,3,3,1.0
prezado,0,3,3,1.0
wprost,0,3,3,1.0
colvin,3,0,3,0.0
dbzmail,0,3,3,1.0
azp,3,0,3,0.0
rdyerlaw,3,0,3,0.0
facsmil,3,0,3,0.0
whiska,3,0,3,0.0
clasificada,0,3,3,1.0
adonna,3,0,3,0.0
factsheet,3,0,3,0.0
pedagogi,0,3,3,1.0
skyquestcom,0,3,3,1.0
validez,0,3,3,1.0
riggin,3,0,3,0.0
hydrocodone,0,3,3,1.0
saguoro,3,0,3,0.0
moondockgood,0,3,3,1.0
pyrophosph,0,3,3,1.0
pianissimo,0,3,3,1.0
rjh,1,2,3,0.667
latera,0,3,3,1.0
chper,0,3,3,1.0
emmert,3,0,3,0.0
jbic,3,0,3,0.0
alguien,0,3,3,1.0
sacramen,3,0,3,0.0
usenet,0,3,3,1.0
sava,1,2,3,0.667
multifari,0,3,3,1.0
samilan,0,3,3,1.0
urinari,0,3,3,1.0
deskjet,0,3,3,1.0
jayanta,3,0,3,0.0
gford,3,0,3,0.0
massion,3,0,3,0.0
informuj,3,0,3,0.0
koszti,3,0,3,0.0
mgmhomeloan,0,3,3,1.0
giobaili,0,3,3,1.0
jmabeik,0,3,3,1.0
uic,0,3,3,1.0
dvdl,0,3,3,1.0
shipmen,0,3,3,1.0
knabbl,0,3,3,1.0
infoasst,0,3,3,1.0
whippl,1,2,3,0.667
corbin,2,1,3,0.333
bigpond,0,3,3,1.0
killdeer,0,3,3,1.0
filenet,3,0,3,0.0
prevel,3,0,3,0.0
duffield,0,3,3,1.0
outliv,0,3,3,1.0
tarr,3,0,3,0.0
inconsol,0,3,3,1.0
ode,3,0,3,0.0
kistler,3,0,3,0.0
wilmot,0,3,3,1.0
rashidi,0,3,3,1.0
relearn,1,2,3,0.667
lecoutr,0,3,3,1.0
custtom,0,3,3,1.0
limpeza,0,3,3,1.0
emulsifi,0,3,3,1.0
gagnoa,2,1,3,0.333
tranfer,2,1,3,0.333
semain,0,3,3,1.0
diametr,1,2,3,0.667
nabla,0,3,3,1.0
umbrag,0,3,3,1.0
óýøã,0,3,3,1.0
pnq,0,3,3,1.0
ormet,3,0,3,0.0
resoundingli,3,0,3,0.0
chenghui,0,3,3,1.0
sydkraft,3,0,3,0.0
wolfish,0,3,3,1.0
lith,0,3,3,1.0
shoplar,0,3,3,1.0
cyalior,0,3,3,1.0
foothoid,0,3,3,1.0
baptiz,1,2,3,0.667
saut,0,3,3,1.0
divstrongi,0,3,3,1.0
gkn,3,0,3,0.0
roter,0,3,3,1.0
dispositivo,0,3,3,1.0
syllab,0,3,3,1.0
interivew,3,0,3,0.0
fotográfico,0,3,3,1.0
zoiud,0,3,3,1.0
latour,3,0,3,0.0
westonia,0,3,3,1.0
reaalli,0,3,3,1.0
vvl,0,3,3,1.0
candov,3,0,3,0.0
rpol,3,0,3,0.0
copula,3,0,3,0.0
toierant,0,3,3,1.0
foreprovis,0,3,3,1.0
embaress,0,3,3,1.0
ophiuchu,0,3,3,1.0
nicotinamid,0,3,3,1.0
texland,3,0,3,0.0
oyin,0,3,3,1.0
standout,0,3,3,1.0
tuff,0,3,3,1.0
penner,3,0,3,0.0
bratton,3,0,3,0.0
fphot,0,3,3,1.0
thissiteisl,0,3,3,1.0
kiraliktekn,0,3,3,1.0
guz,2,1,3,0.333
tiner,3,0,3,0.0
yummi,2,1,3,0.333
honig,2,1,3,0.333
suo,0,3,3,1.0
pinki,0,3,3,1.0
wintertim,0,3,3,1.0
mezd,0,3,3,1.0
mnl,1,2,3,0.667
dyapex,0,3,3,1.0
formant,0,3,3,1.0
sweeptak,0,3,3,1.0
narjind,3,0,3,0.0
polloi,0,3,3,1.0
subjug,0,3,3,1.0
safi,0,3,3,1.0
dierctor,3,0,3,0.0
ysstem,3,0,3,0.0
despué,0,3,3,1.0
unbalanc,2,1,3,0.333
relyea,3,0,3,0.0
rwxr,0,3,3,1.0
dezembro,0,3,3,1.0
comintersearchhttp,0,3,3,1.0
tegucigalpa,0,3,3,1.0
atlanata,0,3,3,1.0
bardziej,3,0,3,0.0
bullough,3,0,3,0.0
staunton,0,3,3,1.0
kime,1,2,3,0.667
rew,1,2,3,0.667
austra,0,3,3,1.0
multicolor,3,0,3,0.0
moore,0,3,3,1.0
viewfind,0,3,3,1.0
eger,0,3,3,1.0
unbekannt,0,3,3,1.0
videogalerien,0,3,3,1.0
necesidad,0,3,3,1.0
sneakili,0,3,3,1.0
muba,0,3,3,1.0
norikomail,0,3,3,1.0
redispatch,3,0,3,0.0
aroyo,0,3,3,1.0
hagerti,3,0,3,0.0
kusza,0,3,3,1.0
coklu,0,3,3,1.0
podia,0,3,3,1.0
wealso,0,3,3,1.0
restlichen,0,3,3,1.0
mauro,0,3,3,1.0
adkq,0,3,3,1.0
adinfo,3,0,3,0.0
origo,0,3,3,1.0
qtek,0,3,3,1.0
rhombohedr,0,3,3,1.0
megapharm,0,3,3,1.0
manzanita,0,3,3,1.0
izx,0,3,3,1.0
hypertil,3,0,3,0.0
faci,3,0,3,0.0
vieleicht,0,3,3,1.0
headhach,0,3,3,1.0
encrust,2,1,3,0.333
datemcmahon,3,0,3,0.0
straiight,0,3,3,1.0
ceftin,0,3,3,1.0
babington,3,0,3,0.0
idioma,0,3,3,1.0
waernen,3,0,3,0.0
needlessli,2,1,3,0.333
pipkin,3,0,3,0.0
inscrit,0,3,3,1.0
baldick,3,0,3,0.0
miiii,0,3,3,1.0
workaday,0,3,3,1.0
fron,1,2,3,0.667
gassi,0,3,3,1.0
availabilti,3,0,3,0.0
cowley,0,3,3,1.0
isotrop,0,3,3,1.0
doggi,0,3,3,1.0
puffbal,0,3,3,1.0
cvv,0,3,3,1.0
jing,3,0,3,0.0
countryn,0,3,3,1.0
alabilir,0,3,3,1.0
thispromot,0,3,3,1.0
waitlist,3,0,3,0.0
syllabifi,0,3,3,1.0
osobi,3,0,3,0.0
caucus,3,0,3,0.0
wlagra,0,3,3,1.0
assisit,0,3,3,1.0
sanayi,0,3,3,1.0
ecd,0,3,3,1.0
ilstarthttp,0,3,3,1.0
dgck,0,3,3,1.0
josa,3,0,3,0.0
carrefourhttp,0,3,3,1.0
lobster,0,3,3,1.0
kaya,2,1,3,0.333
intruct,1,2,3,0.667
divimg,0,3,3,1.0
lippmann,0,3,3,1.0
corcovado,0,3,3,1.0
taurochol,0,3,3,1.0
drumwright,3,0,3,0.0
friesenhahn,3,0,3,0.0
cialg,0,3,3,1.0
vermijden,0,3,3,1.0
initit,3,0,3,0.0
auhong,0,3,3,1.0
menageri,0,3,3,1.0
thaw,0,3,3,1.0
harkin,2,1,3,0.333
potteri,0,3,3,1.0
accuratesourc,0,3,3,1.0
nlhttp,0,3,3,1.0
bauman,3,0,3,0.0
guardhous,0,3,3,1.0
embermei,0,3,3,1.0
quintri,0,3,3,1.0
transffer,0,3,3,1.0
yoko,2,1,3,0.333
unfit,0,3,3,1.0
unwarili,0,3,3,1.0
bellflow,1,2,3,0.667
alfont,0,3,3,1.0
scroung,0,3,3,1.0
fournier,1,2,3,0.667
crediticio,0,3,3,1.0
viven,0,3,3,1.0
yesteryear,1,2,3,0.667
belloumanah,0,3,3,1.0
gridiron,0,3,3,1.0
youihop,0,3,3,1.0
zimbabwesitu,0,3,3,1.0
ldi,0,3,3,1.0
trish,3,0,3,0.0
isntmedia,0,3,3,1.0
ttamarc,3,0,3,0.0
raa,1,2,3,0.667
stx,3,0,3,0.0
zahlung,0,3,3,1.0
psalter,0,3,3,1.0
remix,0,3,3,1.0
ulrich,3,0,3,0.0
jubii,0,3,3,1.0
headand,0,3,3,1.0
yeshiva,0,3,3,1.0
vhl,2,1,3,0.333
pallid,0,3,3,1.0
cohagan,3,0,3,0.0
drillhol,0,3,3,1.0
implica,0,3,3,1.0
haynesboon,3,0,3,0.0
macarthur,0,3,3,1.0
commmun,3,0,3,0.0
duaghter,0,3,3,1.0
processinq,0,3,3,1.0
quintet,0,3,3,1.0
undim,3,0,3,0.0
jepson,3,0,3,0.0
pilat,0,3,3,1.0
flesich,3,0,3,0.0
qrp,3,0,3,0.0
theirproduct,0,3,3,1.0
fuego,1,2,3,0.667
kinnickinn,0,3,3,1.0
aidan,3,0,3,0.0
vorteil,0,3,3,1.0
oaie,0,3,3,1.0
lpez,0,3,3,1.0
prodelaphoto,0,3,3,1.0
hdfa,0,3,3,1.0
przypomina,3,0,3,0.0
bluestreak,0,3,3,1.0
toolson,3,0,3,0.0
poliomyel,0,3,3,1.0
comhong,0,3,3,1.0
vantagen,0,3,3,1.0
lopi,0,3,3,1.0
aerodrom,2,1,3,0.333
masada,3,0,3,0.0
amal,0,3,3,1.0
amza,0,3,3,1.0
searchengin,0,3,3,1.0
unk,3,0,3,0.0
brimg,0,3,3,1.0
luftwaff,0,3,3,1.0
vehem,3,0,3,0.0
sprechen,0,3,3,1.0
montli,1,2,3,0.667
setupglob,0,3,3,1.0
messaggio,0,3,3,1.0
mahatma,0,3,3,1.0
popsicl,0,3,3,1.0
exon,0,3,3,1.0
larn,0,3,3,1.0
tsamail,0,3,3,1.0
orgazmz,0,3,3,1.0
willalsoprovid,0,3,3,1.0
rattlesnak,0,3,3,1.0
atv,0,3,3,1.0
nhv,2,1,3,0.333
kleb,3,0,3,0.0
dalf,0,3,3,1.0
pussycat,0,3,3,1.0
impo,0,3,3,1.0
bereadi,0,3,3,1.0
tropicalpl,0,3,3,1.0
mohammad,0,3,3,1.0
pfe,3,0,3,0.0
csd,0,3,3,1.0
recus,1,2,3,0.667
gibbet,0,3,3,1.0
couvertur,0,3,3,1.0
aoq,0,3,3,1.0
lylian,0,3,3,1.0
eint,0,3,3,1.0
sandridg,3,0,3,0.0
ebenez,3,0,3,0.0
malconduct,0,3,3,1.0
fabaclbo,0,3,3,1.0
rle,1,2,3,0.667
shabbi,0,3,3,1.0
demi,2,1,3,0.333
definatley,0,3,3,1.0
plunkettresearch,3,0,3,0.0
hastarget,0,3,3,1.0
mochten,0,3,3,1.0
doozi,3,0,3,0.0
diez,0,3,3,1.0
ugm,0,3,3,1.0
vietnames,2,1,3,0.333
memberwww,3,0,3,0.0
fabrica,0,3,3,1.0
elb,0,3,3,1.0
overridden,3,0,3,0.0
nariman,3,0,3,0.0
thorium,0,3,3,1.0
oli,0,3,3,1.0
marubeni,3,0,3,0.0
maaak,0,3,3,1.0
caugh,0,3,3,1.0
heist,0,3,3,1.0
ourr,0,3,3,1.0
eiu,3,0,3,0.0
occassion,1,2,3,0.667
oldenburg,0,3,3,1.0
sulfa,0,3,3,1.0
barkoci,3,0,3,0.0
longa,0,3,3,1.0
imbib,0,3,3,1.0
landman,3,0,3,0.0
npd,1,2,3,0.667
foryou,0,3,3,1.0
mymalaysia,0,3,3,1.0
shadbush,0,3,3,1.0
prodduct,0,3,3,1.0
hoagland,0,3,3,1.0
bluerocketonlin,0,3,3,1.0
dbm,0,3,3,1.0
plcaptw,3,0,3,0.0
husker,3,0,3,0.0
sadc,0,3,3,1.0
deseado,0,3,3,1.0
deseret,3,0,3,0.0
affelt,3,0,3,0.0
lobe,0,3,3,1.0
newresum,3,0,3,0.0
searchdragon,0,3,3,1.0
acrongenom,0,3,3,1.0
resettl,1,2,3,0.667
pbuh,0,3,3,1.0
falck,0,3,3,1.0
caster,1,2,3,0.667
mouser,0,3,3,1.0
supermedio,0,3,3,1.0
bwell,3,0,3,0.0
pavement,1,2,3,0.667
antosh,3,0,3,0.0
pewni,3,0,3,0.0
gefreut,0,3,3,1.0
ppco,3,0,3,0.0
meldrop,0,3,3,1.0
inmail,0,3,3,1.0
byington,3,0,3,0.0
amgj,0,3,3,1.0
sofitel,3,0,3,0.0
mij,0,3,3,1.0
unattract,3,0,3,0.0
jollivi,0,3,3,1.0
actuali,2,1,3,0.333
snazzi,1,2,3,0.667
megasit,0,3,3,1.0
tahmoor,0,3,3,1.0
fahn,0,3,3,1.0
nutritionist,0,3,3,1.0
trlal,0,3,3,1.0
radish,0,3,3,1.0
crna,0,3,3,1.0
helian,0,3,3,1.0
tif,3,0,3,0.0
sueden,0,3,3,1.0
krzysztof,3,0,3,0.0
phenyl,0,3,3,1.0
ilp,0,3,3,1.0
mieszanka,3,0,3,0.0
sfchronicl,3,0,3,0.0
unentgeltlich,0,3,3,1.0
unterstutzung,0,3,3,1.0
poliut,0,3,3,1.0
sendmail,0,3,3,1.0
petrolog,0,3,3,1.0
kuwaiti,3,0,3,0.0
bgo,0,3,3,1.0
yine,0,3,3,1.0
lenchak,3,0,3,0.0
moldboard,0,3,3,1.0
pnob,3,0,3,0.0
haploidi,0,3,3,1.0
drrugg,0,3,3,1.0
overpow,3,0,3,0.0
homag,0,3,3,1.0
slideshow,3,0,3,0.0
lymphocyt,0,3,3,1.0
dleft,0,3,3,1.0
labial,0,3,3,1.0
visando,0,3,3,1.0
metaphys,1,2,3,0.667
plutonium,0,3,3,1.0
skellett,3,0,3,0.0
operan,0,3,3,1.0
jove,0,3,3,1.0
kca,1,2,3,0.667
auaustraliaaussi,0,3,3,1.0
maseru,0,3,3,1.0
ulan,0,3,3,1.0
unbecom,0,3,3,1.0
arcquent,0,3,3,1.0
jejunum,0,3,3,1.0
kittl,0,3,3,1.0
anaplex,0,3,3,1.0
uunet,1,2,3,0.667
vestur,0,3,3,1.0
müssen,0,3,3,1.0
octoplu,0,3,3,1.0
gute,0,3,3,1.0
titmous,0,3,3,1.0
tsschuler,3,0,3,0.0
baskalarini,0,3,3,1.0
ytu,0,3,3,1.0
ayrintili,0,3,3,1.0
choyc,3,0,3,0.0
rapacioli,3,0,3,0.0
hpng,0,3,3,1.0
amana,3,0,3,0.0
loge,0,3,3,1.0
ktc,0,3,3,1.0
feu,0,3,3,1.0
pharmaacci,0,3,3,1.0
ppvf,0,3,3,1.0
msd,0,3,3,1.0
femil,0,3,3,1.0
europen,0,3,3,1.0
oneupmanship,0,3,3,1.0
outclass,0,3,3,1.0
mochila,0,3,3,1.0
unalloy,2,1,3,0.333
lapa,0,3,3,1.0
exh,3,0,3,0.0
rufisqu,0,3,3,1.0
bene,0,3,3,1.0
fffffstrongfont,0,3,3,1.0
ayr,2,1,3,0.333
nidia,3,0,3,0.0
glassman,3,0,3,0.0
hemmingway,3,0,3,0.0
irisl,0,3,3,1.0
goblet,0,3,3,1.0
errand,1,2,3,0.667
medzonl,0,3,3,1.0
mimeo,3,0,3,0.0
comprobar,0,3,3,1.0
konnt,0,3,3,1.0
norcent,0,3,3,1.0
czdenmarkdansk,0,3,3,1.0
bumpi,3,0,3,0.0
gamba,0,3,3,1.0
shovv,0,3,3,1.0
dortha,3,0,3,0.0
viii,0,3,3,1.0
chanceof,0,3,3,1.0
teleolog,0,3,3,1.0
retina,0,3,3,1.0
dpv,0,3,3,1.0
dgsu,0,3,3,1.0
wcll,0,3,3,1.0
fertitta,2,1,3,0.333
mosey,3,0,3,0.0
batti,0,3,3,1.0
bbrslaw,3,0,3,0.0
bewebwatchhttp,0,3,3,1.0
statemnt,0,3,3,1.0
jilp,3,0,3,0.0
devel,3,0,3,0.0
goodin,3,0,3,0.0
deadiy,0,3,3,1.0
mamad,0,3,3,1.0
atintersearchhttp,0,3,3,1.0
dablo,0,3,3,1.0
rginwidth,0,3,3,1.0
raymondstein,0,3,3,1.0
picojoul,0,3,3,1.0
hapli,0,3,3,1.0
lwn,0,3,3,1.0
royallink,0,3,3,1.0
rori,3,0,3,0.0
kinnel,3,0,3,0.0
poplin,0,3,3,1.0
deberán,0,3,3,1.0
moritz,3,0,3,0.0
chwebdohttp,0,3,3,1.0
nwanijoel,0,3,3,1.0
biocomput,0,3,3,1.0
belang,0,3,3,1.0
imageplu,0,3,3,1.0
inesquecvel,0,3,3,1.0
comwebindex,0,3,3,1.0
archpastor,0,3,3,1.0
mcnees,0,3,3,1.0
gopalan,3,0,3,0.0
tabula,0,3,3,1.0
britton,1,2,3,0.667
ubv,0,3,3,1.0
milakovich,0,3,3,1.0
bancrio,0,3,3,1.0
scrabbl,0,3,3,1.0
preffer,0,3,3,1.0
tolstoy,0,3,3,1.0
hoogt,0,3,3,1.0
kongworld,0,3,3,1.0
globepag,0,3,3,1.0
attch,3,0,3,0.0
jkennett,3,0,3,0.0
lavaca,3,0,3,0.0
warship,0,3,3,1.0
zgc,0,3,3,1.0
pitteng,3,0,3,0.0
raffish,0,3,3,1.0
conferencji,3,0,3,0.0
ariel,0,3,3,1.0
risiko,0,3,3,1.0
mosaic,0,3,3,1.0
ncessri,0,3,3,1.0
xtme,0,3,3,1.0
lebensgeschicht,0,3,3,1.0
squashi,0,3,3,1.0
colditz,3,0,3,0.0
espanhol,0,3,3,1.0
inscrita,0,3,3,1.0
tid,0,3,3,1.0
santasr,0,3,3,1.0
asiannet,0,3,3,1.0
fucker,0,3,3,1.0
liliana,0,3,3,1.0
forfast,0,3,3,1.0
poesi,0,3,3,1.0
guitarrista,0,3,3,1.0
quartic,0,3,3,1.0
schmelkin,3,0,3,0.0
townhous,1,2,3,0.667
snd,1,2,3,0.667
laruel,0,3,3,1.0
ostracod,0,3,3,1.0
ahg,0,3,3,1.0
printerink,0,3,3,1.0
wll,0,3,3,1.0
haskel,3,0,3,0.0
equipois,0,3,3,1.0
cicchetti,3,0,3,0.0
operar,0,3,3,1.0
swissair,3,0,3,0.0
bousquet,3,0,3,0.0
cogra,0,3,3,1.0
gljackson,3,0,3,0.0
gehen,0,3,3,1.0
prestacion,0,3,3,1.0
millenarian,0,3,3,1.0
blijven,0,3,3,1.0
kasey,2,1,3,0.333
industrywid,3,0,3,0.0
jobop,0,3,3,1.0
previlegiado,0,3,3,1.0
hedonist,0,3,3,1.0
wkz,0,3,3,1.0
necromant,0,3,3,1.0
plutorist,0,3,3,1.0
lindval,3,0,3,0.0
unxx,0,3,3,1.0
contratao,0,3,3,1.0
weiq,0,3,3,1.0
managinig,0,3,3,1.0
firstrank,0,3,3,1.0
southfield,2,1,3,0.333
spyzon,0,3,3,1.0
nhd,0,3,3,1.0
kelp,0,3,3,1.0
myse,0,3,3,1.0
zdarma,0,3,3,1.0
discusss,3,0,3,0.0
lifequot,0,3,3,1.0
comodato,0,3,3,1.0
eocnom,3,0,3,0.0
breiti,0,3,3,1.0
bernardsvil,0,3,3,1.0
erfuellen,3,0,3,0.0
thallophyt,0,3,3,1.0
tamarind,0,3,3,1.0
stehe,3,0,3,0.0
dork,1,2,3,0.667
hiltabrand,3,0,3,0.0
ellendal,0,3,3,1.0
nettvik,0,3,3,1.0
ephemera,3,0,3,0.0
mattson,0,3,3,1.0
weicom,0,3,3,1.0
oficiai,0,3,3,1.0
wdw,0,3,3,1.0
vanpool,3,0,3,0.0
datensatz,3,0,3,0.0
srd,1,2,3,0.667
profi,0,3,3,1.0
retyp,1,2,3,0.667
prolat,0,3,3,1.0
buitron,3,0,3,0.0
stiuation,3,0,3,0.0
lkj,0,3,3,1.0
joven,0,3,3,1.0
recylc,3,0,3,0.0
stilab,0,3,3,1.0
clauura,0,3,3,1.0
procrustean,0,3,3,1.0
shrewdest,3,0,3,0.0
mkf,3,0,3,0.0
ciawli,0,3,3,1.0
tiaa,3,0,3,0.0
fffffc,0,3,3,1.0
hallelujah,1,2,3,0.667
medsbymail,0,3,3,1.0
lachesi,0,3,3,1.0
overblown,2,1,3,0.333
intuitionist,0,3,3,1.0
staroffic,3,0,3,0.0
airgat,3,0,3,0.0
fontfon,0,3,3,1.0
chuka,0,3,3,1.0
themoney,0,3,3,1.0
muiier,0,3,3,1.0
isfi,0,3,3,1.0
warehousetim,0,3,3,1.0
mohn,3,0,3,0.0
lasd,0,3,3,1.0
dewvil,3,0,3,0.0
ameet,3,0,3,0.0
faixa,0,3,3,1.0
mena,3,0,3,0.0
nació,0,3,3,1.0
espan,0,3,3,1.0
mazdal,0,3,3,1.0
ziehen,0,3,3,1.0
spambyt,0,3,3,1.0
eingesetzt,0,3,3,1.0
smithfield,0,3,3,1.0
fuld,3,0,3,0.0
transposit,0,3,3,1.0
lovabl,1,2,3,0.667
hirel,0,3,3,1.0
licenciada,0,3,3,1.0
freda,2,1,3,0.333
baroda,0,3,3,1.0
gipsi,0,3,3,1.0
mjfuxolom,0,3,3,1.0
webdo,0,3,3,1.0
behn,3,0,3,0.0
plethora,0,3,3,1.0
contig,1,2,3,0.667
beursinfo,0,3,3,1.0
offerr,0,3,3,1.0
guiteau,3,0,3,0.0
aljkewlr,0,3,3,1.0
tokamak,0,3,3,1.0
prahalad,3,0,3,0.0
earthward,0,3,3,1.0
fella,2,1,3,0.333
obligacion,0,3,3,1.0
osi,2,1,3,0.333
jvc,0,3,3,1.0
contributionsto,0,3,3,1.0
glipizid,0,3,3,1.0
netyugoslavia,0,3,3,1.0
spammer,0,3,3,1.0
bandol,0,3,3,1.0
ojo,0,3,3,1.0
doma,0,3,3,1.0
sjo,3,0,3,0.0
standaard,3,0,3,0.0
inconvert,0,3,3,1.0
asimismo,0,3,3,1.0
eafit,0,3,3,1.0
deberá,0,3,3,1.0
pruco,0,3,3,1.0
ofstaff,0,3,3,1.0
geholfen,3,0,3,0.0
bourk,3,0,3,0.0
headick,3,0,3,0.0
worryingli,3,0,3,0.0
pignon,3,0,3,0.0
notor,0,3,3,1.0
nje,1,2,3,0.667
anautomobil,0,3,3,1.0
extensiveanxieti,0,3,3,1.0
coryphe,0,3,3,1.0
repairman,0,3,3,1.0
mymail,0,3,3,1.0
wolverston,0,3,3,1.0
mlted,0,3,3,1.0
phara,0,3,3,1.0
pillvalium,0,3,3,1.0
liveth,0,3,3,1.0
lxi,0,3,3,1.0
apreci,1,2,3,0.667
mothost,0,3,3,1.0
mneeley,3,0,3,0.0
mister,3,0,3,0.0
qwo,3,0,3,0.0
gbe,0,3,3,1.0
socioeconom,0,3,3,1.0
lucha,1,2,3,0.667
derick,0,3,3,1.0
erstmal,0,3,3,1.0
subcontractor,3,0,3,0.0
alambien,0,3,3,1.0
ovid,0,3,3,1.0
ratelow,0,3,3,1.0
rewind,2,1,3,0.333
mushtaq,0,3,3,1.0
peusa,3,0,3,0.0
cutom,2,1,3,0.333
ondr,0,3,3,1.0
hydrochlorrd,0,3,3,1.0
bromberg,3,0,3,0.0
iagr,0,3,3,1.0
chatroom,0,3,3,1.0
adexec,0,3,3,1.0
bakerhugh,3,0,3,0.0
cfab,0,3,3,1.0
theophilu,0,3,3,1.0
gostaria,0,3,3,1.0
pisac,3,0,3,0.0
swingermatch,0,3,3,1.0
humorist,2,1,3,0.333
acceuil,0,3,3,1.0
busti,0,3,3,1.0
eatabl,0,3,3,1.0
ingratitud,0,3,3,1.0
splendidspr,0,3,3,1.0
nowak,3,0,3,0.0
husser,3,0,3,0.0
condicion,0,3,3,1.0
sowel,3,0,3,0.0
castelo,0,3,3,1.0
kloten,3,0,3,0.0
publicar,0,3,3,1.0
viaga,0,3,3,1.0
puberti,0,3,3,1.0
pium,0,3,3,1.0
boaka,3,0,3,0.0
dkjashd,0,3,3,1.0
fmechd,0,3,3,1.0
trongdidrex,0,3,3,1.0
ternari,0,3,3,1.0
seattleclassact,3,0,3,0.0
genelin,0,3,3,1.0
phe,0,3,3,1.0
repllca,0,3,3,1.0
gendermail,0,3,3,1.0
colabor,0,3,3,1.0
chello,0,3,3,1.0
aicpa,3,0,3,0.0
striven,0,3,3,1.0
kambalda,0,3,3,1.0
voltaic,0,3,3,1.0
mcleish,3,0,3,0.0
confoundingli,3,0,3,0.0
pharmacybymal,0,3,3,1.0
garb,0,3,3,1.0
hrt,0,3,3,1.0
cardizem,0,3,3,1.0
healer,1,2,3,0.667
relook,3,0,3,0.0
wisemanm,3,0,3,0.0
investir,0,3,3,1.0
xmail,0,3,3,1.0
vtlv,0,3,3,1.0
ernestin,0,3,3,1.0
andyour,0,3,3,1.0
holtzman,3,0,3,0.0
trypsin,0,3,3,1.0
morado,3,0,3,0.0
reedbuck,0,3,3,1.0
smailcap,0,3,3,1.0
vym,0,3,3,1.0
moisten,0,3,3,1.0
indonesian,0,3,3,1.0
mangskau,3,0,3,0.0
remueva,0,3,3,1.0
darialphentermin,0,3,3,1.0
ldentlcal,0,3,3,1.0
prscrption,0,3,3,1.0
rhodium,0,3,3,1.0
mackkintosh,0,3,3,1.0
tng,0,3,3,1.0
timway,0,3,3,1.0
fjt,0,3,3,1.0
dzonlin,0,3,3,1.0
monten,3,0,3,0.0
metier,0,3,3,1.0
leila,1,2,3,0.667
dnsl,3,0,3,0.0
lacaz,3,0,3,0.0
deinetol,3,0,3,0.0
phonograph,0,3,3,1.0
halich,3,0,3,0.0
suppliersffff,0,3,3,1.0
greggain,3,0,3,0.0
goii,0,3,3,1.0
verdadeira,0,3,3,1.0
condor,1,2,3,0.667
lhom,3,0,3,0.0
fvt,0,3,3,1.0
dosovich,3,0,3,0.0
westwin,3,0,3,0.0
nault,0,3,3,1.0
descripcin,0,3,3,1.0
tosio,3,0,3,0.0
maranzana,3,0,3,0.0
genocid,0,3,3,1.0
nightlif,1,2,3,0.667
tpid,3,0,3,0.0
phiiipp,0,3,3,1.0
comsea,0,3,3,1.0
wert,0,3,3,1.0
enviarl,0,3,3,1.0
hachen,3,0,3,0.0
klatt,3,0,3,0.0
gambrel,3,0,3,0.0
imac,0,3,3,1.0
avait,0,3,3,1.0
frfranc,0,3,3,1.0
eic,1,2,3,0.667
timezon,2,1,3,0.333
parrotkey,3,0,3,0.0
pieasantli,0,3,3,1.0
dowdi,1,2,3,0.667
parrish,2,1,3,0.333
aler,0,3,3,1.0
meetinghous,0,3,3,1.0
katowic,0,3,3,1.0
trumbul,0,3,3,1.0
postdoc,3,0,3,0.0
deede,1,2,3,0.667
mgmcc,3,0,3,0.0
oportuno,0,3,3,1.0
sociologist,1,2,3,0.667
muonoaorrdozgoitti,0,3,3,1.0
purloin,0,3,3,1.0
imprima,0,3,3,1.0
emart,0,3,3,1.0
lactant,0,3,3,1.0
datenanforderungen,3,0,3,0.0
betterthanaman,0,3,3,1.0
dyplomow,3,0,3,0.0
fastweb,3,0,3,0.0
petteway,3,0,3,0.0
ssf,0,3,3,1.0
herdman,3,0,3,0.0
toinfo,0,3,3,1.0
komen,1,2,3,0.667
doktorz,3,0,3,0.0
thimbl,0,3,3,1.0
softnettechnolog,0,3,3,1.0
sofftab,0,3,3,1.0
yardley,3,0,3,0.0
associé,0,3,3,1.0
youwillorgasm,0,3,3,1.0
flamer,0,3,3,1.0
mensajero,0,3,3,1.0
thickish,0,3,3,1.0
rthm,3,0,3,0.0
twda,3,0,3,0.0
biggger,0,3,3,1.0
przedyskutowac,3,0,3,0.0
hamid,2,1,3,0.333
lcatlon,0,3,3,1.0
cfooqka,0,3,3,1.0
lednicki,3,0,3,0.0
jamai,0,3,3,1.0
elan,0,3,3,1.0
bylobi,3,0,3,0.0
cierta,0,3,3,1.0
iodalhl,0,3,3,1.0
telegraphm,3,0,3,0.0
silkworm,0,3,3,1.0
notimelef,0,3,3,1.0
overburden,3,0,3,0.0
deletaremail,0,3,3,1.0
amzn,3,0,3,0.0
pwe,0,3,3,1.0
bartz,3,0,3,0.0
fibrou,0,3,3,1.0
localidadcodigo,0,3,3,1.0
kartlarin,0,3,3,1.0
seznam,0,3,3,1.0
puzzler,3,0,3,0.0
mlrp,3,0,3,0.0
sterna,0,3,3,1.0
verificar,0,3,3,1.0
potwierdzeni,3,0,3,0.0
sau,0,3,3,1.0
fairplay,3,0,3,0.0
scollin,3,0,3,0.0
aireal,3,0,3,0.0
valllum,0,3,3,1.0
lovabledetail,0,3,3,1.0
archivist,0,3,3,1.0
ibestr,0,3,3,1.0
archaeolog,2,1,3,0.333
nola,0,3,3,1.0
abcl,0,3,3,1.0
pequeño,0,3,3,1.0
untitl,1,2,3,0.667
geschenkt,0,3,3,1.0
nvl,0,3,3,1.0
ourstor,0,3,3,1.0
itnerset,0,3,3,1.0
chipkauf,0,3,3,1.0
andex,3,0,3,0.0
striat,0,3,3,1.0
lavatori,0,3,3,1.0
yule,0,3,3,1.0
justt,0,3,3,1.0
soluco,0,3,3,1.0
plese,3,0,3,0.0
multiplexor,0,3,3,1.0
imc,3,0,3,0.0
receivabi,0,3,3,1.0
othersffff,0,3,3,1.0
qatari,3,0,3,0.0
essandoh,3,0,3,0.0
indiscern,0,3,3,1.0
sowi,0,3,3,1.0
sbdc,0,3,3,1.0
iperf,3,0,3,0.0
operat,0,3,3,1.0
ifo,3,0,3,0.0
irelanduk,0,3,3,1.0
litterbug,0,3,3,1.0
clausiu,0,3,3,1.0
liquifi,2,1,3,0.333
dree,0,3,3,1.0
hizmetleri,0,3,3,1.0
reexamin,1,2,3,0.667
environent,3,0,3,0.0
cheffer,3,0,3,0.0
antigua,0,3,3,1.0
dential,0,3,3,1.0
shikoku,3,0,3,0.0
yianni,3,0,3,0.0
otay,3,0,3,0.0
claqueur,0,3,3,1.0
pacw,3,0,3,0.0
bioproduct,0,3,3,1.0
forless,0,3,3,1.0
undersold,1,2,3,0.667
voaltil,3,0,3,0.0
apimpiasnd,0,3,3,1.0
jpmondouhttp,0,3,3,1.0
saat,0,3,3,1.0
stillwat,0,3,3,1.0
sarita,3,0,3,0.0
selway,3,0,3,0.0
zilkha,3,0,3,0.0
quaternari,0,3,3,1.0
henshaw,0,3,3,1.0
solang,0,3,3,1.0
reliquari,0,3,3,1.0
piccolo,0,3,3,1.0
berlant,3,0,3,0.0
zeszlym,3,0,3,0.0
poiitic,0,3,3,1.0
nuetzlich,3,0,3,0.0
unstrap,0,3,3,1.0
neuropatholog,0,3,3,1.0
nobe,0,3,3,1.0
paramed,0,3,3,1.0
settar,0,3,3,1.0
puncheon,0,3,3,1.0
ffd,1,2,3,0.667
thisfund,0,3,3,1.0
qtd,3,0,3,0.0
unconcern,1,2,3,0.667
khoj,0,3,3,1.0
investe,3,0,3,0.0
megaword,0,3,3,1.0
uitschrijven,0,3,3,1.0
kinser,3,0,3,0.0
pegasystem,3,0,3,0.0
smc,0,3,3,1.0
pyridin,0,3,3,1.0
quicktel,3,0,3,0.0
retool,3,0,3,0.0
lich,0,3,3,1.0
isamotrot,0,3,3,1.0
triabl,0,3,3,1.0
wholeheartedli,3,0,3,0.0
conservar,0,3,3,1.0
russet,0,3,3,1.0
pii,0,3,3,1.0
steeplechas,0,3,3,1.0
karkour,3,0,3,0.0
bushton,3,0,3,0.0
serán,0,3,3,1.0
georgina,1,2,3,0.667
seitl,3,0,3,0.0
tht,1,2,3,0.667
upperclassman,0,3,3,1.0
kidsfootlock,3,0,3,0.0
polytechn,1,2,3,0.667
voorstel,0,3,3,1.0
kundin,0,3,3,1.0
kyniko,3,0,3,0.0
kamokai,0,3,3,1.0
battlement,0,3,3,1.0
minusi,3,0,3,0.0
teeni,0,3,3,1.0
ajij,0,3,3,1.0
roven,0,3,3,1.0
wickieup,3,0,3,0.0
aalland,3,0,3,0.0
deutsh,3,0,3,0.0
lpharr,3,0,3,0.0
fuuttur,0,3,3,1.0
takeout,3,0,3,0.0
shalloon,0,3,3,1.0
napier,0,3,3,1.0
bolken,3,0,3,0.0
wilken,2,1,3,0.333
osawa,0,3,3,1.0
yfl,0,3,3,1.0
freedomnet,0,3,3,1.0
ipex,0,3,3,1.0
tbc,3,0,3,0.0
jealous,0,3,3,1.0
spotpreis,3,0,3,0.0
lens,0,3,3,1.0
physiciansguid,0,3,3,1.0
ruggedli,0,3,3,1.0
respondiendo,0,3,3,1.0
worldmap,0,3,3,1.0
attemptstarget,0,3,3,1.0
ficar,0,3,3,1.0
visitado,0,3,3,1.0
zapp,0,3,3,1.0
bouwd,0,3,3,1.0
mozliw,3,0,3,0.0
ochot,3,0,3,0.0
sciru,0,3,3,1.0
glauben,0,3,3,1.0
contient,0,3,3,1.0
fdcserver,0,3,3,1.0
ckh,3,0,3,0.0
hep,1,2,3,0.667
davina,0,3,3,1.0
chaffer,0,3,3,1.0
surli,3,0,3,0.0
ciaus,0,3,3,1.0
quickform,0,3,3,1.0
socagefh,0,3,3,1.0
iwantspeciald,0,3,3,1.0
brotherli,1,2,3,0.667
sternli,0,3,3,1.0
fetisch,0,3,3,1.0
driest,0,3,3,1.0
faxmodem,0,3,3,1.0
shhhhhh,0,3,3,1.0
travan,0,3,3,1.0
jarrod,0,3,3,1.0
cvc,3,0,3,0.0
oksana,0,3,3,1.0
zamaha,0,3,3,1.0
unconnect,1,2,3,0.667
opolo,0,3,3,1.0
javea,0,3,3,1.0
cnb,0,3,3,1.0
aborm,3,0,3,0.0
jaroch,3,0,3,0.0
dob,1,2,3,0.667
onz,0,3,3,1.0
pacemak,0,3,3,1.0
videx,0,3,3,1.0
hotbox,0,3,3,1.0
nasser,3,0,3,0.0
sdpimpydoo,0,3,3,1.0
xport,3,0,3,0.0
mech,3,0,3,0.0
pule,0,3,3,1.0
assing,3,0,3,0.0
emtk,0,3,3,1.0
marisol,0,3,3,1.0
olarak,0,3,3,1.0
feign,0,3,3,1.0
creditqu,3,0,3,0.0
feldstein,3,0,3,0.0
pul,1,2,3,0.667
tvd,0,3,3,1.0
aboudah,3,0,3,0.0
goddaught,0,3,3,1.0
djbook,0,3,3,1.0
interestedin,0,3,3,1.0
jovian,0,3,3,1.0
reiten,3,0,3,0.0
pillsoma,0,3,3,1.0
worthti,3,0,3,0.0
ftab,0,3,3,1.0
uup,0,3,3,1.0
nup,0,3,3,1.0
vshproduct,0,3,3,1.0
werwer,0,3,3,1.0
medianet,0,3,3,1.0
kdscommun,3,0,3,0.0
crespi,3,0,3,0.0
yoour,0,3,3,1.0
unamalgam,0,3,3,1.0
tooffer,0,3,3,1.0
pcv,3,0,3,0.0
newbi,1,2,3,0.667
eintracht,3,0,3,0.0
mkl,0,3,3,1.0
usatoday,2,1,3,0.333
symbiosi,0,3,3,1.0
iken,0,3,3,1.0
hortu,0,3,3,1.0
lodgment,0,3,3,1.0
mtucker,3,0,3,0.0
lucophag,0,3,3,1.0
papyru,0,3,3,1.0
erstellt,0,3,3,1.0
yorktown,0,3,3,1.0
unbeiievabi,0,3,3,1.0
havebeen,0,3,3,1.0
businessabett,0,3,3,1.0
lifelovehealth,0,3,3,1.0
fillip,0,3,3,1.0
allem,0,3,3,1.0
gigccb,0,3,3,1.0
inventario,0,3,3,1.0
brind,0,3,3,1.0
são,0,3,3,1.0
halcyon,0,3,3,1.0
anv,0,3,3,1.0
potentiagl,0,3,3,1.0
dkfranc,0,3,3,1.0
hammerhead,0,3,3,1.0
tinyurl,0,3,3,1.0
eficient,0,3,3,1.0
dxm,0,3,3,1.0
indiscover,0,3,3,1.0
yourfreepres,0,3,3,1.0
wouldd,0,3,3,1.0
ohp,3,0,3,0.0
fei,1,2,3,0.667
piensa,0,3,3,1.0
toget,1,2,3,0.667
illict,3,0,3,0.0
lorenzo,0,3,3,1.0
hummock,0,3,3,1.0
mahapatra,3,0,3,0.0
heartburnb,0,3,3,1.0
pahrma,0,3,3,1.0
usecas,3,0,3,0.0
alicant,0,3,3,1.0
wwwww,0,3,3,1.0
splitter,3,0,3,0.0
secrect,0,3,3,1.0
americanbank,3,0,3,0.0
prezentacja,3,0,3,0.0
valueabl,1,2,3,0.667
sociometri,0,3,3,1.0
quiescent,0,3,3,1.0
pmguid,0,3,3,1.0
oof,3,0,3,0.0
befriend,1,2,3,0.667
viiaagra,0,3,3,1.0
alliec,3,0,3,0.0
ketra,3,0,3,0.0
bitmap,3,0,3,0.0
explainatori,3,0,3,0.0
homebiz,0,3,3,1.0
nostradamu,0,3,3,1.0
thdomanam,0,3,3,1.0
miejscach,3,0,3,0.0
tradeweath,3,0,3,0.0
quehubo,0,3,3,1.0
awareconcept,0,3,3,1.0
knokk,0,3,3,1.0
honeydew,0,3,3,1.0
heward,3,0,3,0.0
infeas,0,3,3,1.0
clamdscan,0,3,3,1.0
targetemailremov,0,3,3,1.0
orc,0,3,3,1.0
emailpinoy,0,3,3,1.0
cucamonga,1,2,3,0.667
tipperari,0,3,3,1.0
yah,0,3,3,1.0
uncontinuoussleep,0,3,3,1.0
jeev,2,1,3,0.333
ravenswood,1,2,3,0.667
orbeck,3,0,3,0.0
cualesquiera,0,3,3,1.0
tendo,0,3,3,1.0
polarographi,0,3,3,1.0
tidewat,0,3,3,1.0
teacart,0,3,3,1.0
polanc,3,0,3,0.0
bnbcv,0,3,3,1.0
underwar,0,3,3,1.0
stocksmak,0,3,3,1.0
sympath,1,2,3,0.667
thefam,0,3,3,1.0
ashgrov,3,0,3,0.0
elma,0,3,3,1.0
romney,3,0,3,0.0
overexpenditur,0,3,3,1.0
hansel,0,3,3,1.0
paraguay,0,3,3,1.0
counterclaim,3,0,3,0.0
däili,0,3,3,1.0
mcgreevi,3,0,3,0.0
gato,2,1,3,0.333
kitzhab,3,0,3,0.0
bullfight,0,3,3,1.0
usana,0,3,3,1.0
zaccour,3,0,3,0.0
netrat,0,3,3,1.0
chemconnect,3,0,3,0.0
esifert,3,0,3,0.0
asiadragon,0,3,3,1.0
gbpl,3,0,3,0.0
titrat,0,3,3,1.0
roughcast,0,3,3,1.0
fructos,0,3,3,1.0
briana,1,2,3,0.667
bycountri,0,3,3,1.0
mxi,0,3,3,1.0
cosgrov,0,3,3,1.0
faraway,2,1,3,0.333
ghosei,3,0,3,0.0
nrgenergi,3,0,3,0.0
pernot,3,0,3,0.0
nereid,0,3,3,1.0
jeq,1,2,3,0.667
vacuou,0,3,3,1.0
hiz,0,3,3,1.0
lzo,0,3,3,1.0
roos,3,0,3,0.0
uproat,0,3,3,1.0
carpetbagg,1,2,3,0.667
julgado,0,3,3,1.0
fam,0,3,3,1.0
wmworldexpo,0,3,3,1.0
positionen,0,3,3,1.0
arround,0,3,3,1.0
dtoppfont,0,3,3,1.0
serrvic,0,3,3,1.0
nyiri,3,0,3,0.0
fivehundr,0,3,3,1.0
subodh,3,0,3,0.0
liverwort,0,3,3,1.0
ostrac,0,3,3,1.0
rce,0,3,3,1.0
roughen,0,3,3,1.0
ihrig,3,0,3,0.0
stairwel,2,1,3,0.333
nineteeeen,0,3,3,1.0
sundstrom,3,0,3,0.0
qualidad,0,3,3,1.0
comasiavillehttp,0,3,3,1.0
mexicali,3,0,3,0.0
rpmdacd,0,3,3,1.0
torpid,0,3,3,1.0
hioinfonavig,0,3,3,1.0
bowler,0,3,3,1.0
cyad,0,3,3,1.0
vordersten,0,3,3,1.0
pushout,0,3,3,1.0
hoelscher,3,0,3,0.0
tygodni,3,0,3,0.0
sweasey,3,0,3,0.0
loami,0,3,3,1.0
unchain,3,0,3,0.0
proffil,0,3,3,1.0
sshop,0,3,3,1.0
kuerzer,3,0,3,0.0
comaustraliaaaa,0,3,3,1.0
palumbo,3,0,3,0.0
knutsen,0,3,3,1.0
shackley,3,0,3,0.0
kisi,0,3,3,1.0
buyherbalsonlin,0,3,3,1.0
commens,0,3,3,1.0
efectuar,0,3,3,1.0
hbd,3,0,3,0.0
mrc,1,2,3,0.667
wiretapp,0,3,3,1.0
smalicapreview,0,3,3,1.0
distributorship,0,3,3,1.0
waaaaaaant,0,3,3,1.0
saveyoumon,0,3,3,1.0
foregon,3,0,3,0.0
erbschaft,0,3,3,1.0
sooenr,0,3,3,1.0
nadal,3,0,3,0.0
tania,0,3,3,1.0
wallin,3,0,3,0.0
nerveless,0,3,3,1.0
meander,1,2,3,0.667
haafken,0,3,3,1.0
loeffler,3,0,3,0.0
charvel,3,0,3,0.0
stron,1,2,3,0.667
utilizinginternet,0,3,3,1.0
goodsvc,0,3,3,1.0
gigacycl,0,3,3,1.0
neu,0,3,3,1.0
smithi,0,3,3,1.0
maplesquar,0,3,3,1.0
businessopp,0,3,3,1.0
stansankoh,0,3,3,1.0
kirit,3,0,3,0.0
nzanga,0,3,3,1.0
mailid,2,1,3,0.333
sportscov,3,0,3,0.0
masuyuki,3,0,3,0.0
considr,1,2,3,0.667
sliveri,0,3,3,1.0
haddadin,3,0,3,0.0
bellsouthip,3,0,3,0.0
onln,0,3,3,1.0
crixel,3,0,3,0.0
clitpleasur,0,3,3,1.0
saritha,3,0,3,0.0
discoveredthat,0,3,3,1.0
codinn,0,3,3,1.0
ttp,0,3,3,1.0
strongw,0,3,3,1.0
cnil,0,3,3,1.0
nlne,0,3,3,1.0
artac,0,3,3,1.0
minuteslong,0,3,3,1.0
htmlhttp,0,3,3,1.0
reproof,0,3,3,1.0
terminu,1,2,3,0.667
phylogeni,0,3,3,1.0
englishman,0,3,3,1.0
ellhav,0,3,3,1.0
visión,0,3,3,1.0
highhest,0,3,3,1.0
purti,3,0,3,0.0
lakha,3,0,3,0.0
opr,0,3,3,1.0
manuteno,0,3,3,1.0
andpric,0,3,3,1.0
sbado,0,3,3,1.0
remodel,0,3,3,1.0
bcha,3,0,3,0.0
dfjh,0,3,3,1.0
sfcublduxto,0,3,3,1.0
operetta,0,3,3,1.0
abrn,0,3,3,1.0
ointment,0,3,3,1.0
lvi,1,2,3,0.667
matricul,0,3,3,1.0
bvi,0,3,3,1.0
ffffffstron,0,3,3,1.0
collegu,2,1,3,0.333
finansowej,3,0,3,0.0
pillula,0,3,3,1.0
babbl,0,3,3,1.0
almazan,3,0,3,0.0
kraltchev,3,0,3,0.0
osd,0,3,3,1.0
boundless,0,3,3,1.0
bulkovshteyn,3,0,3,0.0
denathanhttp,0,3,3,1.0
nlsurfnet,0,3,3,1.0
ihav,0,3,3,1.0
incumplimiento,0,3,3,1.0
xinlancent,0,3,3,1.0
hgo,0,3,3,1.0
pprov,0,3,3,1.0
xico,3,0,3,0.0
bestoff,0,3,3,1.0
mciworld,3,0,3,0.0
chj,1,2,3,0.667
esnva,3,0,3,0.0
pochta,0,3,3,1.0
landet,0,3,3,1.0
thule,0,3,3,1.0
unwrap,1,2,3,0.667
groton,0,3,3,1.0
velrx,0,3,3,1.0
mëdìcâtìon,0,3,3,1.0
µd,0,3,3,1.0
sentido,0,3,3,1.0
anstruth,0,3,3,1.0
uproari,0,3,3,1.0
chemistshop,0,3,3,1.0
lesen,0,3,3,1.0
emailcentr,0,3,3,1.0
overbook,3,0,3,0.0
underclassman,0,3,3,1.0
eday,0,3,3,1.0
royalist,0,3,3,1.0
mantel,0,3,3,1.0
lanthanum,0,3,3,1.0
wisc,3,0,3,0.0
aebc,0,3,3,1.0
ciala,0,3,3,1.0
mcilwain,3,0,3,0.0
gbcsf,3,0,3,0.0
gentilini,3,0,3,0.0
lustig,0,3,3,1.0
doubleclaim,0,3,3,1.0
serifstrongdon,0,3,3,1.0
orgzm,0,3,3,1.0
yellowknif,0,3,3,1.0
prmio,0,3,3,1.0
conctat,0,3,3,1.0
prism,0,3,3,1.0
imagem,0,3,3,1.0
mccue,3,0,3,0.0
myaccoun,3,0,3,0.0
webcrawl,0,3,3,1.0
sfasu,3,0,3,0.0
empf,0,3,3,1.0
dandruff,3,0,3,0.0
mdc,0,3,3,1.0
glowni,3,0,3,0.0
atividad,0,3,3,1.0
polka,0,3,3,1.0
ukprankcal,0,3,3,1.0
ipwo,3,0,3,0.0
idealerweis,3,0,3,0.0
cadastr,0,3,3,1.0
overshot,1,2,3,0.667
chthe,0,3,3,1.0
mechanist,0,3,3,1.0
blb,0,3,3,1.0
depositando,0,3,3,1.0
casewrit,3,0,3,0.0
itshigh,0,3,3,1.0
shankar,1,2,3,0.667
clalii,0,3,3,1.0
recalcitr,0,3,3,1.0
proofread,1,2,3,0.667
vacuo,0,3,3,1.0
dintelman,3,0,3,0.0
subclass,3,0,3,0.0
balasubramanian,3,0,3,0.0
polysaccharid,0,3,3,1.0
trivium,0,3,3,1.0
digishop,0,3,3,1.0
philosphi,3,0,3,0.0
erlc,0,3,3,1.0
paternost,0,3,3,1.0
gigapharm,0,3,3,1.0
aproudpeni,0,3,3,1.0
eeghenstraat,0,3,3,1.0
integra,1,2,3,0.667
dirtyhippo,0,3,3,1.0
toddler,1,2,3,0.667
disbelief,0,3,3,1.0
bola,0,3,3,1.0
goad,0,3,3,1.0
willingham,3,0,3,0.0
proxyserv,0,3,3,1.0
yoga,1,2,3,0.667
photoblock,0,3,3,1.0
moduiat,0,3,3,1.0
gilson,3,0,3,0.0
inscrev,0,3,3,1.0
natacha,3,0,3,0.0
towson,0,3,3,1.0
sumi,1,2,3,0.667
isolation,3,0,3,0.0
boxster,3,0,3,0.0
eritrea,0,3,3,1.0
corina,3,0,3,0.0
cilento,3,0,3,0.0
romanquot,0,3,3,1.0
edoin,0,3,3,1.0
epelectr,3,0,3,0.0
hsta,0,3,3,1.0
erectio,0,3,3,1.0
dhcp,0,3,3,1.0
comfirm,0,3,3,1.0
seocnd,0,3,3,1.0
pimbley,3,0,3,0.0
telecomunica,0,3,3,1.0
womenscar,0,3,3,1.0
encanto,0,3,3,1.0
generatric,0,3,3,1.0
norbert,1,2,3,0.667
berkovitz,3,0,3,0.0
tomlin,0,3,3,1.0
ramón,0,3,3,1.0
stupidli,3,0,3,0.0
woodhen,0,3,3,1.0
woodybc,3,0,3,0.0
eisenberg,3,0,3,0.0
yugoslav,0,3,3,1.0
uitgav,0,3,3,1.0
releg,1,2,3,0.667
glückwünsch,0,3,3,1.0
nib,0,3,3,1.0
entend,0,3,3,1.0
actualización,0,3,3,1.0
vveri,0,3,3,1.0
shoehorn,0,3,3,1.0
netsearch,0,3,3,1.0
ajust,0,3,3,1.0
bayol,0,3,3,1.0
investmentsl,3,0,3,0.0
kartlarla,0,3,3,1.0
bdf,0,3,3,1.0
monograph,1,2,3,0.667
cybersearchhttp,0,3,3,1.0
senns,0,3,3,1.0
rminto,3,0,3,0.0
jshu,3,0,3,0.0
rheolog,0,3,3,1.0
deexcit,0,3,3,1.0
agelessliv,0,3,3,1.0
rufou,0,3,3,1.0
resourcessweden,0,3,3,1.0
losabl,0,3,3,1.0
pharmzmail,0,3,3,1.0
cyberag,0,3,3,1.0
arnet,0,3,3,1.0
trival,0,3,3,1.0
marussel,3,0,3,0.0
soem,3,0,3,0.0
confianc,0,3,3,1.0
wsmh,3,0,3,0.0
circumspher,0,3,3,1.0
benningfield,3,0,3,0.0
tgri,0,3,3,1.0
southafrica,0,3,3,1.0
velocal,0,3,3,1.0
alpen,0,3,3,1.0
hane,2,1,3,0.333
fisheri,0,3,3,1.0
pbg,0,3,3,1.0
longhand,0,3,3,1.0
gnutella,0,3,3,1.0
zellner,3,0,3,0.0
sumit,3,0,3,0.0
mittimu,0,3,3,1.0
oclock,0,3,3,1.0
reiq,0,3,3,1.0
freiheit,0,3,3,1.0
lincolnshir,1,2,3,0.667
yourbrmor,0,3,3,1.0
temptress,0,3,3,1.0
freelanc,2,1,3,0.333
notth,0,3,3,1.0
complicit,1,2,3,0.667
dma,0,3,3,1.0
ihtml,3,0,3,0.0
trenchermen,0,3,3,1.0
touchi,0,3,3,1.0
dvertis,0,3,3,1.0
abello,3,0,3,0.0
lxa,2,1,3,0.333
eaf,1,2,3,0.667
speedoptim,0,3,3,1.0
sausen,0,3,3,1.0
searobin,3,0,3,0.0
discretley,0,3,3,1.0
scraper,0,3,3,1.0
ccim,0,3,3,1.0
hlkj,0,3,3,1.0
superven,0,3,3,1.0
mockingbird,0,3,3,1.0
anawa,0,3,3,1.0
rogan,0,3,3,1.0
vnmz,0,3,3,1.0
hintergrund,3,0,3,0.0
bday,1,2,3,0.667
scit,0,3,3,1.0
montpeli,0,3,3,1.0
binion,0,3,3,1.0
mincemeat,1,2,3,0.667
aspeci,0,3,3,1.0
paquet,0,3,3,1.0
petwarm,0,3,3,1.0
rvice,0,3,3,1.0
evolucin,0,3,3,1.0
tootl,0,3,3,1.0
tupelo,0,3,3,1.0
freshmeat,0,3,3,1.0
entertainingli,3,0,3,0.0
wefaenergi,3,0,3,0.0
slido,0,3,3,1.0
healey,0,3,3,1.0
lastminut,1,2,3,0.667
szatkiewicz,3,0,3,0.0
montrachet,0,3,3,1.0
shudderi,0,3,3,1.0
ragan,3,0,3,0.0
okoh,0,3,3,1.0
uwag,3,0,3,0.0
grisli,0,3,3,1.0
blindfold,0,3,3,1.0
abundantli,3,0,3,0.0
unrestrain,1,2,3,0.667
entrap,2,1,3,0.333
wii,1,2,3,0.667
lotter,0,3,3,1.0
rtn,0,3,3,1.0
atualizao,0,3,3,1.0
nove,3,0,3,0.0
ndey,0,3,3,1.0
montant,0,3,3,1.0
hispaniola,0,3,3,1.0
pori,3,0,3,0.0
telusplanet,1,2,3,0.667
sprenger,3,0,3,0.0
sparkass,1,2,3,0.667
jwr,1,2,3,0.667
bottler,2,1,3,0.333
selch,3,0,3,0.0
recibido,0,3,3,1.0
yeomanri,0,3,3,1.0
dscoppin,3,0,3,0.0
ekonomik,0,3,3,1.0
offerss,0,3,3,1.0
motgag,0,3,3,1.0
woemn,0,3,3,1.0
dotingli,0,3,3,1.0
inmobiliaria,0,3,3,1.0
pillciali,0,3,3,1.0
mbfimg,0,3,3,1.0
stockbuild,3,0,3,0.0
doccctctorr,0,3,3,1.0
mbl,0,3,3,1.0
hhm,0,3,3,1.0
techniczn,3,0,3,0.0
ioverview,3,0,3,0.0
warten,0,3,3,1.0
vergngen,0,3,3,1.0
swindel,3,0,3,0.0
discreetlist,0,3,3,1.0
ldiffer,3,0,3,0.0
bamaiyi,0,3,3,1.0
terravis,3,0,3,0.0
deaceti,0,3,3,1.0
gdt,3,0,3,0.0
phenylpropanolamin,3,0,3,0.0
moooooree,0,3,3,1.0
djkfhawj,0,3,3,1.0
selwyn,0,3,3,1.0
whitley,1,2,3,0.667
majuri,3,0,3,0.0
hyperbola,0,3,3,1.0
downer,3,0,3,0.0
frag,3,0,3,0.0
sali,2,1,3,0.333
abf,0,3,3,1.0
mariamu,0,3,3,1.0
asdjjasdfl,0,3,3,1.0
comvenezuela,0,3,3,1.0
imbrium,0,3,3,1.0
etshouspo,3,0,3,0.0
jem,1,2,3,0.667
syrup,2,1,3,0.333
gpt,0,3,3,1.0
freexmovi,0,3,3,1.0
transfere,0,3,3,1.0
suppiement,0,3,3,1.0
sidetrack,0,3,3,1.0
driehau,3,0,3,0.0
potencial,0,3,3,1.0
sumerian,0,3,3,1.0
olarra,0,3,3,1.0
alrit,0,3,3,1.0
telli,3,0,3,0.0
thistl,0,3,3,1.0
innvvessttiinngg,0,3,3,1.0
gabbro,0,3,3,1.0
dstar,3,0,3,0.0
seest,0,3,3,1.0
overheard,0,3,3,1.0
convocatoria,0,3,3,1.0
sultri,0,3,3,1.0
aoeir,0,3,3,1.0
megacorpor,3,0,3,0.0
oleomargarin,0,3,3,1.0
tequin,0,3,3,1.0
passen,2,1,3,0.333
boron,0,3,3,1.0
overton,0,3,3,1.0
noreen,0,3,3,1.0
polariscop,0,3,3,1.0
especfico,0,3,3,1.0
ukb,0,3,3,1.0
foretrex,0,3,3,1.0
ahhadsf,0,3,3,1.0
knutson,0,3,3,1.0
eyeshad,3,0,3,0.0
darialprilosec,0,3,3,1.0
dbsimpson,3,0,3,0.0
octahedron,0,3,3,1.0
menstruat,0,3,3,1.0
lebowitz,3,0,3,0.0
triad,1,2,3,0.667
hypotenus,0,3,3,1.0
trista,3,0,3,0.0
spittl,0,3,3,1.0
voltrafmqhuhgieciexo,0,3,3,1.0
travelscap,3,0,3,0.0
longitudin,0,3,3,1.0
regalia,0,3,3,1.0
enwrought,0,3,3,1.0
overbuilt,3,0,3,0.0
planetarium,0,3,3,1.0
extraleg,1,2,3,0.667
vhf,0,3,3,1.0
kvm,0,3,3,1.0
netadvalva,0,3,3,1.0
tesekkurl,0,3,3,1.0
headforemost,0,3,3,1.0
waterlin,0,3,3,1.0
junqueira,3,0,3,0.0
unrecover,1,2,3,0.667
stepan,0,3,3,1.0
winningbelong,0,3,3,1.0
diqu,0,3,3,1.0
keisman,3,0,3,0.0
verbeteren,0,3,3,1.0
enajobsl,3,0,3,0.0
myoglobin,0,3,3,1.0
wissen,0,3,3,1.0
peridico,0,3,3,1.0
plasmatron,0,3,3,1.0
tdk,0,3,3,1.0
platypu,0,3,3,1.0
prosaf,0,3,3,1.0
dcm,0,3,3,1.0
patterm,3,0,3,0.0
cked,0,3,3,1.0
hannigan,3,0,3,0.0
ups,0,3,3,1.0
sebek,0,3,3,1.0
handstand,0,3,3,1.0
overbear,2,1,3,0.333
hereclick,0,3,3,1.0
cnnb,0,3,3,1.0
karamazov,0,3,3,1.0
darialfioricet,0,3,3,1.0
inclu,0,3,3,1.0
frwanadoohttp,0,3,3,1.0
azwma,0,3,3,1.0
comwebsit,0,3,3,1.0
messer,3,0,3,0.0
pavan,1,2,3,0.667
appologis,0,3,3,1.0
peat,0,3,3,1.0
waxwork,0,3,3,1.0
tuanunciograti,0,3,3,1.0
waaant,0,3,3,1.0
tyu,0,3,3,1.0
cybersearch,0,3,3,1.0
brigeda,3,0,3,0.0
freida,0,3,3,1.0
villagomez,3,0,3,0.0
picayun,0,3,3,1.0
kwright,3,0,3,0.0
huth,2,1,3,0.333
apometabol,0,3,3,1.0
poazcewq,0,3,3,1.0
nitro,0,3,3,1.0
zagato,0,3,3,1.0
mousi,0,3,3,1.0
linecan,0,3,3,1.0
saltbush,0,3,3,1.0
restlaufzeiten,3,0,3,0.0
aesp,1,2,3,0.667
eagel,0,3,3,1.0
cuiba,3,0,3,0.0
speedandlow,0,3,3,1.0
plackett,3,0,3,0.0
mynew,0,3,3,1.0
perki,1,2,3,0.667
tachistoscop,0,3,3,1.0
jgc,0,3,3,1.0
pwzx,0,3,3,1.0
llmite,0,3,3,1.0
wellh,0,3,3,1.0
jaikishor,3,0,3,0.0
rawat,1,2,3,0.667
repairmen,0,3,3,1.0
resultt,0,3,3,1.0
controlar,0,3,3,1.0
bez,0,3,3,1.0
pinedo,0,3,3,1.0
totalamount,0,3,3,1.0
razorfish,3,0,3,0.0
runoff,2,1,3,0.333
fawk,1,2,3,0.667
mans,0,3,3,1.0
glissad,0,3,3,1.0
sparen,0,3,3,1.0
laray,3,0,3,0.0
reengin,3,0,3,0.0
torais,0,3,3,1.0
serifbdiscount,0,3,3,1.0
cayanosa,3,0,3,0.0
shatterproof,0,3,3,1.0
linford,1,2,3,0.667
cooker,3,0,3,0.0
rwise,3,0,3,0.0
wach,0,3,3,1.0
redpol,0,3,3,1.0
refiect,0,3,3,1.0
enexco,3,0,3,0.0
telefonnumm,0,3,3,1.0
mauv,0,3,3,1.0
pelican,0,3,3,1.0
paintbal,2,1,3,0.333
dlsappolnt,0,3,3,1.0
tfjapudej,0,3,3,1.0
ipv,3,0,3,0.0
deficienti,3,0,3,0.0
laziest,0,3,3,1.0
taidth,0,3,3,1.0
ropecla,0,3,3,1.0
mrsmalcomsh,0,3,3,1.0
freemarket,3,0,3,0.0
infiuentia,0,3,3,1.0
zaasia,0,3,3,1.0
mcc,1,2,3,0.667
inim,0,3,3,1.0
quirsfeld,3,0,3,0.0
progid,0,3,3,1.0
inexperienc,3,0,3,0.0
cancho,3,0,3,0.0
koseff,0,3,3,1.0
huculiak,3,0,3,0.0
vallejo,3,0,3,0.0
insurancebecaus,0,3,3,1.0
apppear,3,0,3,0.0
ptarmigan,0,3,3,1.0
irredent,0,3,3,1.0
lesk,3,0,3,0.0
misteri,0,3,3,1.0
dhi,0,3,3,1.0
netmalaysia,0,3,3,1.0
farc,1,2,3,0.667
headsmen,0,3,3,1.0
adt,2,1,3,0.333
tamiment,3,0,3,0.0
xz,0,3,3,1.0
gnerc,0,3,3,1.0
cinemax,0,3,3,1.0
plsrsvp,3,0,3,0.0
threshhold,3,0,3,0.0
iod,0,3,3,1.0
rooftop,2,1,3,0.333
dobsku,0,3,3,1.0
exempl,0,3,3,1.0
customerswho,0,3,3,1.0
bilanguag,0,3,3,1.0
tabak,3,0,3,0.0
laserson,3,0,3,0.0
bmiert,3,0,3,0.0
accliv,0,3,3,1.0
gibe,0,3,3,1.0
ajuda,0,3,3,1.0
prock,0,3,3,1.0
przyslac,3,0,3,0.0
fuxhttp,0,3,3,1.0
pathl,3,0,3,0.0
stigma,1,2,3,0.667
buoyanc,1,2,3,0.667
allyson,1,2,3,0.667
fosamax,0,3,3,1.0
melod,0,3,3,1.0
poszlismi,3,0,3,0.0
lgp,3,0,3,0.0
octillion,0,3,3,1.0
pervia,0,3,3,1.0
hotcast,0,3,3,1.0
projectil,0,3,3,1.0
ikr,0,3,3,1.0
murkowski,3,0,3,0.0
fere,0,3,3,1.0
ileti,0,3,3,1.0
sharen,3,0,3,0.0
imprezi,3,0,3,0.0
removendo,0,3,3,1.0
groupo,0,3,3,1.0
dealwork,3,0,3,0.0
ilona,0,3,3,1.0
footman,0,3,3,1.0
viagar,0,3,3,1.0
squelch,0,3,3,1.0
flexdollar,3,0,3,0.0
netiq,3,0,3,0.0
victorian,0,3,3,1.0
fuc,0,3,3,1.0
theer,1,2,3,0.667
airp,3,0,3,0.0
chopeiro,0,3,3,1.0
kend,0,3,3,1.0
zarat,0,3,3,1.0
fichel,0,3,3,1.0
píldora,0,3,3,1.0
tapia,0,3,3,1.0
tabi,0,3,3,1.0
dfhsa,0,3,3,1.0
privatkunden,0,3,3,1.0
sportsmen,0,3,3,1.0
cerri,3,0,3,0.0
newhous,3,0,3,0.0
emaildata,0,3,3,1.0
dowd,3,0,3,0.0
multithread,3,0,3,0.0
mobiletel,3,0,3,0.0
buon,0,3,3,1.0
mattock,0,3,3,1.0
desempeo,0,3,3,1.0
gladiat,0,3,3,1.0
mahanagar,3,0,3,0.0
interm,3,0,3,0.0
kunstmarkt,0,3,3,1.0
nighthawksystem,0,3,3,1.0
veryy,0,3,3,1.0
entrer,0,3,3,1.0
cabletv,0,3,3,1.0
gunni,0,3,3,1.0
sqg,0,3,3,1.0
ledet,3,0,3,0.0
basada,0,3,3,1.0
bingolotto,0,3,3,1.0
sapex,0,3,3,1.0
eyaculación,0,3,3,1.0
diseado,0,3,3,1.0
lisbet,3,0,3,0.0
acontec,0,3,3,1.0
zocalo,0,3,3,1.0
cybersourc,3,0,3,0.0
macadob,0,3,3,1.0
paysd,0,3,3,1.0
texla,3,0,3,0.0
ataqu,0,3,3,1.0
ecipi,3,0,3,0.0
contempi,0,3,3,1.0
octol,3,0,3,0.0
freedmen,0,3,3,1.0
convergencia,0,3,3,1.0
umowieni,3,0,3,0.0
ablish,0,3,3,1.0
greenway,3,0,3,0.0
sbramlet,3,0,3,0.0
asta,0,3,3,1.0
montevideo,0,3,3,1.0
gopher,0,3,3,1.0
jego,3,0,3,0.0
tme,0,3,3,1.0
mirman,3,0,3,0.0
imkjbest,0,3,3,1.0
brean,3,0,3,0.0
snugli,2,1,3,0.333
guerr,0,3,3,1.0
pomoci,3,0,3,0.0
houstonballet,3,0,3,0.0
confianza,0,3,3,1.0
bauwed,0,3,3,1.0
ealier,3,0,3,0.0
celena,0,3,3,1.0
aspetti,0,3,3,1.0
hosp,0,3,3,1.0
retiro,0,3,3,1.0
prestigiado,0,3,3,1.0
bagger,1,2,3,0.667
osh,0,3,3,1.0
keri,2,1,3,0.333
nosk,3,0,3,0.0
isto,0,3,3,1.0
poseen,0,3,3,1.0
rohonczi,0,3,3,1.0
unseason,1,2,3,0.667
yellowston,1,2,3,0.667
shriley,3,0,3,0.0
jklauber,3,0,3,0.0
invertir,0,3,3,1.0
trimox,0,3,3,1.0
pone,1,2,3,0.667
plaat,0,3,3,1.0
ido,0,3,3,1.0
vlcodi,0,3,3,1.0
gewinn,0,3,3,1.0
vertriebsteam,0,3,3,1.0
shiy,0,3,3,1.0
escribo,0,3,3,1.0
thunderbolt,0,3,3,1.0
kettl,0,3,3,1.0
eutect,0,3,3,1.0
hoyden,0,3,3,1.0
togteh,0,3,3,1.0
multiyear,3,0,3,0.0
viareal,0,3,3,1.0
desafo,0,3,3,1.0
potsdam,0,3,3,1.0
coppersmith,0,3,3,1.0
kilobit,2,1,3,0.333
inmediata,0,3,3,1.0
possível,0,3,3,1.0
teora,0,3,3,1.0
crosswhit,3,0,3,0.0
goldston,3,0,3,0.0
antonoff,3,0,3,0.0
protocolo,0,3,3,1.0
brbrbr,0,3,3,1.0
supriseyourm,0,3,3,1.0
librevil,0,3,3,1.0
esquema,0,3,3,1.0
nmnnnmasdfn,0,3,3,1.0
transmissão,0,3,3,1.0
shenandoah,0,3,3,1.0
aprenda,0,3,3,1.0
rabia,1,2,3,0.667
gant,3,0,3,0.0
fastsiz,0,3,3,1.0
interessen,0,3,3,1.0
windowleft,0,3,3,1.0
phoeb,0,3,3,1.0
actuallyrevers,0,3,3,1.0
ogl,0,3,3,1.0
konczyla,3,0,3,0.0
siryansh,0,3,3,1.0
unapprov,1,2,3,0.667
mayoría,0,3,3,1.0
tricep,3,0,3,0.0
stromberg,0,3,3,1.0
tfox,0,3,3,1.0
comparar,0,3,3,1.0
switzer,0,3,3,1.0
strawflow,0,3,3,1.0
wiv,0,3,3,1.0
zomba,0,3,3,1.0
wiagra,0,3,3,1.0
supperdol,0,3,3,1.0
kyx,0,3,3,1.0
gpm,3,0,3,0.0
siri,0,3,3,1.0
fume,0,3,3,1.0
whereev,3,0,3,0.0
historico,0,3,3,1.0
thiani,3,0,3,0.0
respon,1,2,3,0.667
valiiu,0,3,3,1.0
logonid,3,0,3,0.0
teleprompt,0,3,3,1.0
zib,0,3,3,1.0
vernier,0,3,3,1.0
viramun,0,3,3,1.0
frenkel,1,2,3,0.667
westconnect,3,0,3,0.0
ebidkdeb,0,3,3,1.0
monticul,0,3,3,1.0
duenner,3,0,3,0.0
ewn,3,0,3,0.0
quent,0,3,3,1.0
mesag,3,0,3,0.0
thierryehrmann,0,3,3,1.0
klcorp,3,0,3,0.0
iobsfewd,0,3,3,1.0
tqp,3,0,3,0.0
lwa,2,1,3,0.333
coad,2,1,3,0.333
zwier,3,0,3,0.0
iiiion,0,3,3,1.0
término,0,3,3,1.0
producir,0,3,3,1.0
encraal,0,3,3,1.0
ateno,0,3,3,1.0
pacifist,0,3,3,1.0
geoscienc,3,0,3,0.0
blocjunk,0,3,3,1.0
kuala,2,1,3,0.333
llst,0,3,3,1.0
psw,2,1,3,0.333
cutout,0,3,3,1.0
ravindra,0,3,3,1.0
anum,0,3,3,1.0
mostrar,0,3,3,1.0
positiev,0,3,3,1.0
fonta,0,3,3,1.0
barefi,0,3,3,1.0
szczegolnosci,3,0,3,0.0
macrostructur,0,3,3,1.0
tine,1,2,3,0.667
aksdfasd,0,3,3,1.0
symplect,0,3,3,1.0
selkirk,0,3,3,1.0
donn,0,3,3,1.0
wenz,3,0,3,0.0
goodperform,0,3,3,1.0
wnload,0,3,3,1.0
peoplewho,0,3,3,1.0
sorensen,2,1,3,0.333
kreditkart,0,3,3,1.0
vetra,0,3,3,1.0
distich,0,3,3,1.0
pikofski,3,0,3,0.0
adulto,0,3,3,1.0
magdalena,3,0,3,0.0
wtm,3,0,3,0.0
modernherb,0,3,3,1.0
roznego,3,0,3,0.0
technocraci,3,0,3,0.0
tift,0,3,3,1.0
financeconfer,3,0,3,0.0
ê,0,3,3,1.0
particularili,3,0,3,0.0
shrek,0,3,3,1.0
sculpin,0,3,3,1.0
xnyr,3,0,3,0.0
tacit,0,3,3,1.0
pinkfloy,0,3,3,1.0
quaisquer,0,3,3,1.0
ondersteunt,0,3,3,1.0
ppbfont,0,3,3,1.0
ygol,3,0,3,0.0
junco,0,3,3,1.0
wsxga,0,3,3,1.0
solución,0,3,3,1.0
annulari,0,3,3,1.0
payphon,0,3,3,1.0
upchurch,3,0,3,0.0
staffel,3,0,3,0.0
powrschdiarch,3,0,3,0.0
dyk,3,0,3,0.0
extralinguist,0,3,3,1.0
prurient,0,3,3,1.0
asacol,0,3,3,1.0
towhead,0,3,3,1.0
mcveigh,3,0,3,0.0
wowmail,0,3,3,1.0
fagen,3,0,3,0.0
acelr,0,3,3,1.0
oddbjorn,3,0,3,0.0
awfc,0,2,2,1.0
squadron,0,2,2,1.0
alleghani,2,0,2,0.0
dailyo,2,0,2,0.0
cloaca,0,2,2,1.0
yzxydw,0,2,2,1.0
yue,1,1,2,0.5
gan,0,2,2,1.0
grañén,0,2,2,1.0
escribirm,0,2,2,1.0
nlbxred,2,0,2,0.0
spatti,2,0,2,0.0
beckyp,2,0,2,0.0
gajrmv,0,2,2,1.0
camscap,0,2,2,1.0
resorc,2,0,2,0.0
nickelsp,0,2,2,1.0
hgl,0,2,2,1.0
mainway,0,2,2,1.0
reimov,0,2,2,1.0
sonnia,2,0,2,0.0
bieri,2,0,2,0.0
sbx,2,0,2,0.0
saddlebow,0,2,2,1.0
desafío,0,2,2,1.0
besprent,0,2,2,1.0
xhhgdqx,0,2,2,1.0
wellknown,0,2,2,1.0
paralog,0,2,2,1.0
icafq,0,2,2,1.0
countermin,0,2,2,1.0
jcashin,2,0,2,0.0
ronard,0,2,2,1.0
dellapina,2,0,2,0.0
isomax,0,2,2,1.0
worrier,1,1,2,0.5
jospin,0,2,2,1.0
fontr,0,2,2,1.0
caracterizado,0,2,2,1.0
knaveri,0,2,2,1.0
zoolog,0,2,2,1.0
tvpredict,0,2,2,1.0
electroencephalographi,0,2,2,1.0
largestitemssup,0,2,2,1.0
sovesi,0,2,2,1.0
bustardideologu,0,2,2,1.0
chelloo,0,2,2,1.0
vpygpan,0,2,2,1.0
brinkster,0,2,2,1.0
futu,1,1,2,0.5
gabion,0,2,2,1.0
tbu,0,2,2,1.0
pfeb,0,2,2,1.0
encarnacion,0,2,2,1.0
onsequ,0,2,2,1.0
usfg,2,0,2,0.0
egbuna,0,2,2,1.0
pect,0,2,2,1.0
mxpr,0,2,2,1.0
cok,0,2,2,1.0
idid,0,2,2,1.0
sciencedirect,0,2,2,1.0
vaswani,2,0,2,0.0
mcilvoy,2,0,2,0.0
produs,2,0,2,0.0
searchfn,0,2,2,1.0
seaworth,2,0,2,0.0
adina,0,2,2,1.0
fysprebfv,0,2,2,1.0
rylc,0,2,2,1.0
choilein,0,2,2,1.0
oqqo,0,2,2,1.0
cesui,0,2,2,1.0
bancria,0,2,2,1.0
rateon,0,2,2,1.0
imex,0,2,2,1.0
scansoft,0,2,2,1.0
thepric,0,2,2,1.0
hakkýmýzda,0,2,2,1.0
fvdc,0,2,2,1.0
heeral,0,2,2,1.0
accounton,2,0,2,0.0
lgo,0,2,2,1.0
piw,0,2,2,1.0
beckham,1,1,2,0.5
warga,2,0,2,0.0
druck,0,2,2,1.0
withcas,0,2,2,1.0
willamstomuj,0,2,2,1.0
skit,1,1,2,0.5
proselyt,1,1,2,0.5
marruffo,0,2,2,1.0
pcuihtbr,0,2,2,1.0
hilario,0,2,2,1.0
uefa,0,2,2,1.0
skandinaviska,2,0,2,0.0
lifter,2,0,2,0.0
bdol,0,2,2,1.0
landolfi,2,0,2,0.0
zqthsqmz,0,2,2,1.0
üþãöý,0,2,2,1.0
cntr,0,2,2,1.0
pequeno,0,2,2,1.0
metasomat,0,2,2,1.0
swiftmail,2,0,2,0.0
essenceandcor,0,2,2,1.0
exportgroot,0,2,2,1.0
krvz,0,2,2,1.0
tohandl,0,2,2,1.0
newgat,0,2,2,1.0
gindalbi,0,2,2,1.0
busport,0,2,2,1.0
spheral,0,2,2,1.0
habilita,0,2,2,1.0
xmuxi,0,2,2,1.0
skrgic,2,0,2,0.0
garlandisd,2,0,2,0.0
ppep,2,0,2,0.0
dxmjzva,0,2,2,1.0
atfmelxzszvdrabhfihvfl,0,2,2,1.0
smalier,0,2,2,1.0
erosion,0,2,2,1.0
dic,0,2,2,1.0
argosi,0,2,2,1.0
sudorifer,0,2,2,1.0
cerbo,0,2,2,1.0
clicando,0,2,2,1.0
sanger,2,0,2,0.0
lnyyfv,0,2,2,1.0
aisa,2,0,2,0.0
nori,0,2,2,1.0
economicaliy,0,2,2,1.0
overby,2,0,2,0.0
avouch,0,2,2,1.0
sswiq,0,2,2,1.0
funkytig,0,2,2,1.0
quatorz,0,2,2,1.0
tcid,0,2,2,1.0
luc,1,1,2,0.5
chastain,2,0,2,0.0
nlkkrscc,0,2,2,1.0
loiwmmam,0,2,2,1.0
challa,2,0,2,0.0
bonsey,2,0,2,0.0
satisfaccin,0,2,2,1.0
hlk,0,2,2,1.0
backroom,0,2,2,1.0
hostnam,0,2,2,1.0
kmkjtl,0,2,2,1.0
aviationmr,0,2,2,1.0
carlsen,2,0,2,0.0
uga,0,2,2,1.0
answeredti,0,2,2,1.0
verbout,2,0,2,0.0
tarrytown,0,2,2,1.0
castrol,2,0,2,0.0
jleirbmo,0,2,2,1.0
flk,0,2,2,1.0
cleeq,0,2,2,1.0
gigt,0,2,2,1.0
ivtrr,0,2,2,1.0
paoco,0,2,2,1.0
utk,0,2,2,1.0
ofcio,0,2,2,1.0
rikiauho,0,2,2,1.0
chaffey,0,2,2,1.0
prohibido,0,2,2,1.0
kynoqnewjt,0,2,2,1.0
avaibl,0,2,2,1.0
iwu,0,2,2,1.0
vzqcfq,0,2,2,1.0
mjone,2,0,2,0.0
algún,0,2,2,1.0
konrada,2,0,2,0.0
plextor,0,2,2,1.0
unbloodi,0,2,2,1.0
xdmrgp,0,2,2,1.0
mallow,0,2,2,1.0
phthisic,0,2,2,1.0
sareen,2,0,2,0.0
scurit,0,2,2,1.0
stealthili,0,2,2,1.0
dollaris,2,0,2,0.0
betremovedipleas,0,2,2,1.0
erform,0,2,2,1.0
repermit,2,0,2,0.0
mhhurtado,2,0,2,0.0
jsneuw,0,2,2,1.0
sellll,0,2,2,1.0
getitbeforeitsgon,0,2,2,1.0
stokecellar,0,2,2,1.0
chdr,2,0,2,0.0
cuvok,0,2,2,1.0
oceanolog,2,0,2,0.0
cdr,1,1,2,0.5
pearlbarley,0,2,2,1.0
kimlikleri,0,2,2,1.0
alf,1,1,2,0.5
pathbreak,2,0,2,0.0
vandagriff,2,0,2,0.0
negawatt,2,0,2,0.0
ivsyhbbcnexioayd,0,2,2,1.0
kisiera,0,2,2,1.0
repetto,2,0,2,0.0
nazywam,2,0,2,0.0
ejercida,0,2,2,1.0
vandi,2,0,2,0.0
abbestellen,0,2,2,1.0
litv,0,2,2,1.0
fidicuari,0,2,2,1.0
titunik,2,0,2,0.0
promocod,2,0,2,0.0
grutzmach,2,0,2,0.0
dcpsc,2,0,2,0.0
gebastelt,0,2,2,1.0
heruo,0,2,2,1.0
bsdmail,0,2,2,1.0
srt,0,2,2,1.0
cwt,2,0,2,0.0
yziluk,0,2,2,1.0
hardkor,0,2,2,1.0
tegument,0,2,2,1.0
danellaeu,0,2,2,1.0
mgnt,2,0,2,0.0
farhan,2,0,2,0.0
egzemplarz,2,0,2,0.0
whippani,0,2,2,1.0
brussei,0,2,2,1.0
gyllenhammar,2,0,2,0.0
duy,0,2,2,1.0
bdoeqp,0,2,2,1.0
wudo,0,2,2,1.0
mejia,2,0,2,0.0
ilar,0,2,2,1.0
ourrapoligis,0,2,2,1.0
tma,0,2,2,1.0
aurizon,0,2,2,1.0
turyn,0,2,2,1.0
limitadomaior,0,2,2,1.0
brittney,0,2,2,1.0
gelimel,0,2,2,1.0
altosmgmt,2,0,2,0.0
dmtf,2,0,2,0.0
flashdynam,0,2,2,1.0
haliburton,2,0,2,0.0
fjhcit,0,2,2,1.0
brichacek,2,0,2,0.0
takashi,2,0,2,0.0
passwordtourzon,0,2,2,1.0
faur,0,2,2,1.0
drugmak,2,0,2,0.0
tastier,0,2,2,1.0
ggv,0,2,2,1.0
stant,0,2,2,1.0
finallonli,0,2,2,1.0
fmo,0,2,2,1.0
sitback,0,2,2,1.0
coolhead,0,2,2,1.0
plxsgsnc,0,2,2,1.0
cuartilla,0,2,2,1.0
diamondifer,0,2,2,1.0
evaluaremo,0,2,2,1.0
mispel,2,0,2,0.0
westov,2,0,2,0.0
glrl,0,2,2,1.0
mvmzvznpi,0,2,2,1.0
cámara,0,2,2,1.0
benenois,0,2,2,1.0
bezpch,0,2,2,1.0
calso,0,2,2,1.0
iow,0,2,2,1.0
xzcu,0,2,2,1.0
computerdogskil,0,2,2,1.0
valetudinari,0,2,2,1.0
funmail,0,2,2,1.0
getthebestofxp,0,2,2,1.0
criar,0,2,2,1.0
saiyan,0,2,2,1.0
kwbski,0,2,2,1.0
cfupgloi,0,2,2,1.0
aisaac,2,0,2,0.0
batrak,2,0,2,0.0
mwc,0,2,2,1.0
iwjvxz,0,2,2,1.0
qtyacsx,0,2,2,1.0
mumbaiexpress,0,2,2,1.0
vlpmveb,0,2,2,1.0
mmedic,0,2,2,1.0
dabney,0,2,2,1.0
odmz,0,2,2,1.0
fokker,2,0,2,0.0
knndvu,0,2,2,1.0
pnrisjvdq,0,2,2,1.0
jpdoggett,2,0,2,0.0
boattail,0,2,2,1.0
pgapm,0,2,2,1.0
posway,2,0,2,0.0
fiey,0,2,2,1.0
kamasutra,0,2,2,1.0
buechnerwww,0,2,2,1.0
leveren,0,2,2,1.0
kohn,2,0,2,0.0
thora,0,2,2,1.0
meteorlog,2,0,2,0.0
entomologist,0,2,2,1.0
psna,2,0,2,0.0
newswatch,2,0,2,0.0
aransa,2,0,2,0.0
maillot,0,2,2,1.0
peopley,0,2,2,1.0
eiiveri,0,2,2,1.0
dmv,0,2,2,1.0
bpqv,0,2,2,1.0
cbc,0,2,2,1.0
hockeyghiaccio,0,2,2,1.0
botoxforless,0,2,2,1.0
gokshura,0,2,2,1.0
manualtherapist,0,2,2,1.0
mangaboosal,0,2,2,1.0
gelin,2,0,2,0.0
schemer,0,2,2,1.0
pjkhn,0,2,2,1.0
muuch,0,2,2,1.0
secdeden,0,2,2,1.0
adepet,0,2,2,1.0
apoyar,0,2,2,1.0
manlov,2,0,2,0.0
amountst,0,2,2,1.0
aeiou,0,2,2,1.0
greatspringvalu,0,2,2,1.0
caol,0,2,2,1.0
angelfir,1,1,2,0.5
woerh,0,2,2,1.0
uyyri,0,2,2,1.0
pybu,2,0,2,0.0
uark,0,2,2,1.0
honorar,0,2,2,1.0
trypharmaci,0,2,2,1.0
cleaver,0,2,2,1.0
esatclear,0,2,2,1.0
disturbanceclemson,0,2,2,1.0
harada,2,0,2,0.0
amie,2,0,2,0.0
cryssi,0,2,2,1.0
collumbu,0,2,2,1.0
gennanten,0,2,2,1.0
xenicalsleep,0,2,2,1.0
tukoyqqg,0,2,2,1.0
aco,1,1,2,0.5
zjedcwdbzauiynicufc,0,2,2,1.0
nxho,2,0,2,0.0
ishal,0,2,2,1.0
myvirtualdirect,0,2,2,1.0
assn,2,0,2,0.0
bankrtupci,2,0,2,0.0
uebernehmen,0,2,2,1.0
erythrin,0,2,2,1.0
pmr,0,2,2,1.0
boldest,0,2,2,1.0
vld,0,2,2,1.0
aspirar,0,2,2,1.0
bkgp,0,2,2,1.0
tripulação,0,2,2,1.0
maintian,1,1,2,0.5
sengel,2,0,2,0.0
déjà,0,2,2,1.0
senorathor,0,2,2,1.0
aaadrizzl,0,2,2,1.0
wfucrpjk,0,2,2,1.0
shadakshario,0,2,2,1.0
cira,0,2,2,1.0
betrger,0,2,2,1.0
acttach,2,0,2,0.0
sacar,0,2,2,1.0
lkf,0,2,2,1.0
gmissh,0,2,2,1.0
leccion,0,2,2,1.0
enront,2,0,2,0.0
ivelxmes,0,2,2,1.0
confirmao,0,2,2,1.0
qrklx,0,2,2,1.0
ebwilson,2,0,2,0.0
ibi,0,2,2,1.0
ardm,2,0,2,0.0
busili,1,1,2,0.5
oportun,0,2,2,1.0
chepuiiii,0,2,2,1.0
bendiga,0,2,2,1.0
lanigel,0,2,2,1.0
hotoretouch,0,2,2,1.0
ingresoya,0,2,2,1.0
wsop,0,2,2,1.0
sxjrohvneydjgucyfa,0,2,2,1.0
ppoint,0,2,2,1.0
mtt,0,2,2,1.0
fxlzazqv,0,2,2,1.0
robertswww,0,2,2,1.0
profiier,0,2,2,1.0
rud,0,2,2,1.0
spacesticklercool,0,2,2,1.0
refo,0,2,2,1.0
qoapa,0,2,2,1.0
cvbg,0,2,2,1.0
okfqaioj,0,2,2,1.0
roadb,0,2,2,1.0
pdowo,0,2,2,1.0
dhruv,2,0,2,0.0
sestertiu,0,2,2,1.0
turismo,0,2,2,1.0
fmyuqjueoq,0,2,2,1.0
etd,2,0,2,0.0
sabbath,0,2,2,1.0
udexhoyp,0,2,2,1.0
wellbalanc,0,2,2,1.0
tkime,0,2,2,1.0
uzzoiy,0,2,2,1.0
lum,1,1,2,0.5
jjpchze,0,2,2,1.0
recentement,0,2,2,1.0
ferh,0,2,2,1.0
boplic,0,2,2,1.0
parkish,0,2,2,1.0
argc,0,2,2,1.0
inchescolor,0,2,2,1.0
poczta,1,1,2,0.5
kou,0,2,2,1.0
estela,0,2,2,1.0
herminia,0,2,2,1.0
praful,2,0,2,0.0
muqiw,0,2,2,1.0
tyanow,2,0,2,0.0
lxezmtgj,0,2,2,1.0
ihour,0,2,2,1.0
qklender,0,2,2,1.0
celnderx,0,2,2,1.0
riyahd,2,0,2,0.0
livelin,2,0,2,0.0
fuqvho,0,2,2,1.0
oon,0,2,2,1.0
harrodc,0,2,2,1.0
acqpprova,0,2,2,1.0
tymen,0,2,2,1.0
ipphki,0,2,2,1.0
luntz,2,0,2,0.0
seay,1,1,2,0.5
cndvkhr,0,2,2,1.0
reith,0,2,2,1.0
vigo,1,1,2,0.5
collocutor,0,2,2,1.0
macrophag,0,2,2,1.0
ballato,2,0,2,0.0
semicolon,2,0,2,0.0
upulgu,0,2,2,1.0
rzeh,0,2,2,1.0
gluckstein,0,2,2,1.0
qmloodkcktyqm,0,2,2,1.0
publiqu,0,2,2,1.0
congratulatoin,0,2,2,1.0
removexo,0,2,2,1.0
agentlinuxmail,0,2,2,1.0
yrl,0,2,2,1.0
hunker,2,0,2,0.0
flipper,1,1,2,0.5
ojala,0,2,2,1.0
suyhfgbd,0,2,2,1.0
easypresent,0,2,2,1.0
worldbodyguard,0,2,2,1.0
invedi,2,0,2,0.0
vesicopub,0,2,2,1.0
ynxrpkkllxozrxtrza,0,2,2,1.0
angestellt,0,2,2,1.0
ltipl,0,2,2,1.0
apoplect,0,2,2,1.0
gaain,0,2,2,1.0
greviou,0,2,2,1.0
stasi,0,2,2,1.0
vnmdppuwr,0,2,2,1.0
kdwnztsc,0,2,2,1.0
melendez,0,2,2,1.0
paga,0,2,2,1.0
edelgv,0,2,2,1.0
quuxuum,0,2,2,1.0
fasi,0,2,2,1.0
svzqgl,0,2,2,1.0
powerpointl,2,0,2,0.0
smiley,0,2,2,1.0
jeromi,0,2,2,1.0
warti,0,2,2,1.0
laurale,0,2,2,1.0
antonioantonio,0,2,2,1.0
cusecours,0,2,2,1.0
noniu,0,2,2,1.0
coimbra,0,2,2,1.0
sandmartin,0,2,2,1.0
hkem,0,2,2,1.0
panem,2,0,2,0.0
fulgurit,0,2,2,1.0
chttvwey,0,2,2,1.0
bso,0,2,2,1.0
beatrizbass,0,2,2,1.0
lczbj,2,0,2,0.0
wyclef,0,2,2,1.0
taizhou,0,2,2,1.0
rspudeck,2,0,2,0.0
vfyeww,0,2,2,1.0
literatura,0,2,2,1.0
jaiprakash,2,0,2,0.0
rollinghillsford,0,2,2,1.0
tdpaq,0,2,2,1.0
extensa,0,2,2,1.0
dlugo,2,0,2,0.0
ttyson,2,0,2,0.0
personalis,2,0,2,0.0
workin,2,0,2,0.0
eqpzplmxi,0,2,2,1.0
syncor,2,0,2,0.0
brakuj,2,0,2,0.0
domwebl,2,0,2,0.0
pmm,0,2,2,1.0
hypothes,0,2,2,1.0
drumbeat,2,0,2,0.0
sjl,0,2,2,1.0
depar,0,2,2,1.0
minimizar,0,2,2,1.0
gkoppmal,0,2,2,1.0
willian,0,2,2,1.0
surat,2,0,2,0.0
nomint,2,0,2,0.0
yahoogroup,0,2,2,1.0
hilbert,0,2,2,1.0
abletosuppli,0,2,2,1.0
nbgjzvyof,0,2,2,1.0
seefeldt,0,2,2,1.0
lando,2,0,2,0.0
squill,0,2,2,1.0
tcr,2,0,2,0.0
tira,0,2,2,1.0
straub,2,0,2,0.0
jomsom,0,2,2,1.0
dissappoint,1,1,2,0.5
grau,1,1,2,0.5
rcausey,2,0,2,0.0
coloc,0,2,2,1.0
cammi,2,0,2,0.0
raylan,0,2,2,1.0
nescessari,2,0,2,0.0
fugnfb,0,2,2,1.0
pfk,0,2,2,1.0
boyscoutsofamerica,0,2,2,1.0
softdisk,0,2,2,1.0
þöyledir,0,2,2,1.0
salver,0,2,2,1.0
anticipitori,2,0,2,0.0
nhwdnwtek,0,2,2,1.0
molex,0,2,2,1.0
equipos,0,2,2,1.0
stonewort,0,2,2,1.0
voie,0,2,2,1.0
belichick,0,2,2,1.0
sthh,0,2,2,1.0
mbol,0,2,2,1.0
ageless,0,2,2,1.0
diferencia,0,2,2,1.0
npe,0,2,2,1.0
overzeal,0,2,2,1.0
realpeopleus,0,2,2,1.0
crackapo,2,0,2,0.0
xlnx,0,2,2,1.0
purivax,0,2,2,1.0
kage,0,2,2,1.0
ebzaqwf,0,2,2,1.0
monick,1,1,2,0.5
ityou,0,2,2,1.0
styliz,0,2,2,1.0
ljame,2,0,2,0.0
jaruz,0,2,2,1.0
behnk,2,0,2,0.0
canuck,2,0,2,0.0
centcom,2,0,2,0.0
buen,0,2,2,1.0
mponeng,0,2,2,1.0
preenchem,0,2,2,1.0
sixhundr,0,2,2,1.0
itsentranceway,0,2,2,1.0
partei,0,2,2,1.0
fbstart,0,2,2,1.0
stufftitl,0,2,2,1.0
dhfeo,0,2,2,1.0
honeybun,0,2,2,1.0
gvsxx,0,2,2,1.0
dfj,2,0,2,0.0
checkin,2,0,2,0.0
gdpkc,0,2,2,1.0
killa,0,2,2,1.0
croyl,2,0,2,0.0
mott,1,1,2,0.5
donia,0,2,2,1.0
bascorr,2,0,2,0.0
ndghhajfn,0,2,2,1.0
qdqnixgmf,0,2,2,1.0
brrdigh,0,2,2,1.0
framo,0,2,2,1.0
spil,0,2,2,1.0
lisboa,0,2,2,1.0
aoberg,2,0,2,0.0
mahmood,0,2,2,1.0
beffor,0,2,2,1.0
napvn,0,2,2,1.0
fafxo,0,2,2,1.0
kindlier,1,1,2,0.5
wbsnasgot,0,2,2,1.0
enocfcvd,0,2,2,1.0
redhil,0,2,2,1.0
grupobantu,0,2,2,1.0
unabridg,0,2,2,1.0
gorton,0,2,2,1.0
legalis,0,2,2,1.0
unassum,0,2,2,1.0
hece,0,2,2,1.0
icehelpdesk,2,0,2,0.0
rosenqvist,2,0,2,0.0
underappreci,0,2,2,1.0
spamhau,0,2,2,1.0
muhlenkamp,2,0,2,0.0
bogucki,2,0,2,0.0
enuresi,0,2,2,1.0
pointless,1,1,2,0.5
usada,0,2,2,1.0
submisso,0,2,2,1.0
tpion,0,2,2,1.0
dmznjw,0,2,2,1.0
elom,0,2,2,1.0
anand,2,0,2,0.0
exhorbit,2,0,2,0.0
egoldenberg,2,0,2,0.0
mmwhnnp,0,2,2,1.0
rlvvdk,0,2,2,1.0
fwbbrzd,0,2,2,1.0
phaarma,0,2,2,1.0
simpleanswerstoal,0,2,2,1.0
jwlxcb,0,2,2,1.0
socthankachshaph,0,2,2,1.0
barriento,2,0,2,0.0
carnet,0,2,2,1.0
condsid,0,2,2,1.0
dokonac,2,0,2,0.0
generallybegan,0,2,2,1.0
mrice,2,0,2,0.0
beacus,2,0,2,0.0
seasick,0,2,2,1.0
esquadria,0,2,2,1.0
pott,0,2,2,1.0
rubdowngymnast,0,2,2,1.0
professionnext,0,2,2,1.0
hoparik,0,2,2,1.0
mtlk,2,0,2,0.0
amricain,0,2,2,1.0
constuct,2,0,2,0.0
limotoronto,0,2,2,1.0
sermesclula,0,2,2,1.0
swot,2,0,2,0.0
possibil,1,1,2,0.5
rahatsýzlýk,0,2,2,1.0
paintbrush,0,2,2,1.0
shae,0,2,2,1.0
saar,2,0,2,0.0
househoid,0,2,2,1.0
reheat,0,2,2,1.0
consejero,0,2,2,1.0
descargu,0,2,2,1.0
esiomurfm,0,2,2,1.0
whiterevolut,0,2,2,1.0
wylbox,0,2,2,1.0
aysu,2,0,2,0.0
esf,0,2,2,1.0
dstrip,2,0,2,0.0
inou,2,0,2,0.0
majid,2,0,2,0.0
mmmwhr,2,0,2,0.0
buyi,0,2,2,1.0
sending,0,2,2,1.0
recentley,0,2,2,1.0
buchfuerhr,0,2,2,1.0
ahotsexycoupl,0,2,2,1.0
wspkkcj,0,2,2,1.0
stether,0,2,2,1.0
efctef,0,2,2,1.0
cmaln,0,2,2,1.0
jurek,0,2,2,1.0
idxo,0,2,2,1.0
insightful,2,0,2,0.0
crtoohh,0,2,2,1.0
tanpalaupanamapapua,0,2,2,1.0
threwpassa,0,2,2,1.0
ackowledg,0,2,2,1.0
maffia,2,0,2,0.0
utilitarian,0,2,2,1.0
zsx,0,2,2,1.0
independent,0,2,2,1.0
nonregul,2,0,2,0.0
xjnfl,0,2,2,1.0
roadwork,1,1,2,0.5
solitair,1,1,2,0.5
hrycaq,0,2,2,1.0
bendorff,2,0,2,0.0
infofont,0,2,2,1.0
financeira,0,2,2,1.0
janni,0,2,2,1.0
otkwca,0,2,2,1.0
rhess,2,0,2,0.0
upris,0,2,2,1.0
pdate,0,2,2,1.0
backseat,1,1,2,0.5
reappli,2,0,2,0.0
stqplgh,0,2,2,1.0
valuta,0,2,2,1.0
kibasa,0,2,2,1.0
wallabi,0,2,2,1.0
angolan,0,2,2,1.0
chiorogen,0,2,2,1.0
choosefrom,0,2,2,1.0
bedsor,1,1,2,0.5
araciyiz,0,2,2,1.0
kenethmckenzi,0,2,2,1.0
jaison,2,0,2,0.0
jeet,0,2,2,1.0
walkerunivers,0,2,2,1.0
verir,0,2,2,1.0
gosci,2,0,2,0.0
requerido,0,2,2,1.0
erd,2,0,2,0.0
sion,1,1,2,0.5
universalm,0,2,2,1.0
vulpin,0,2,2,1.0
catcher,1,1,2,0.5
sucid,0,2,2,1.0
fbl,0,2,2,1.0
respondemo,0,2,2,1.0
substantialiy,0,2,2,1.0
naqm,0,2,2,1.0
samag,0,2,2,1.0
cleveng,1,1,2,0.5
arkada,0,2,2,1.0
canciamilla,2,0,2,0.0
astubb,2,0,2,0.0
hmd,0,2,2,1.0
alvar,0,2,2,1.0
zenben,0,2,2,1.0
conservatoryfin,0,2,2,1.0
lfcmyux,0,2,2,1.0
erfahren,0,2,2,1.0
edra,0,2,2,1.0
pinnaclewest,2,0,2,0.0
holograph,0,2,2,1.0
mmn,0,2,2,1.0
hvli,0,2,2,1.0
bestaand,0,2,2,1.0
fakeoutdoorsman,0,2,2,1.0
clancosgrov,0,2,2,1.0
gbij,2,0,2,0.0
einziehen,0,2,2,1.0
jneaol,0,2,2,1.0
construccion,0,2,2,1.0
hâceten,0,2,2,1.0
fhccgasa,0,2,2,1.0
bndxpwixr,0,2,2,1.0
urdvcgcx,0,2,2,1.0
rdrnvf,0,2,2,1.0
lithograph,2,0,2,0.0
reconfig,2,0,2,0.0
zculhmnz,0,2,2,1.0
schedui,0,2,2,1.0
readm,2,0,2,0.0
gabrielson,2,0,2,0.0
productsbr,0,2,2,1.0
assespro,0,2,2,1.0
synchrotron,0,2,2,1.0
esoy,0,2,2,1.0
quedan,0,2,2,1.0
fmhaiuqfqd,0,2,2,1.0
zipusx,0,2,2,1.0
theleadmanl,0,2,2,1.0
housek,2,0,2,0.0
espaã,0,2,2,1.0
guarrantte,0,2,2,1.0
ybrucbji,0,2,2,1.0
xtghlwbcl,0,2,2,1.0
iccbcebwb,0,2,2,1.0
meaijlqeh,0,2,2,1.0
fickett,2,0,2,0.0
sterndriv,2,0,2,0.0
valido,0,2,2,1.0
wun,2,0,2,0.0
quayl,2,0,2,0.0
flasket,0,2,2,1.0
ortmeca,0,2,2,1.0
iyyuxcxj,0,2,2,1.0
okumadin,0,2,2,1.0
pcb,0,2,2,1.0
conexion,0,2,2,1.0
svviss,0,2,2,1.0
twing,0,2,2,1.0
ozocrmoyazqdm,0,2,2,1.0
eachfor,0,2,2,1.0
rechtlichen,0,2,2,1.0
policeauctionz,0,2,2,1.0
jacindamaddox,0,2,2,1.0
xpjk,0,2,2,1.0
sezjxf,0,2,2,1.0
uknxwf,0,2,2,1.0
qaxvogcpu,0,2,2,1.0
tuffano,2,0,2,0.0
vallfast,0,2,2,1.0
humild,0,2,2,1.0
wrate,0,2,2,1.0
dateizfun,0,2,2,1.0
filli,0,2,2,1.0
aplicativo,0,2,2,1.0
mdwovhw,0,2,2,1.0
debtal,0,2,2,1.0
crsluuhukbxa,0,2,2,1.0
jyr,0,2,2,1.0
retch,0,2,2,1.0
brcm,0,2,2,1.0
bulietin,0,2,2,1.0
dogpkf,0,2,2,1.0
dorki,2,0,2,0.0
tupvr,0,2,2,1.0
structuurplan,0,2,2,1.0
hxw,0,2,2,1.0
cerezo,2,0,2,0.0
mlu,2,0,2,0.0
recind,2,0,2,0.0
corr,1,1,2,0.5
morcroft,2,0,2,0.0
uexugthat,0,2,2,1.0
webdel,0,2,2,1.0
agow,0,2,2,1.0
caract,0,2,2,1.0
ugf,0,2,2,1.0
xwindow,2,0,2,0.0
brakemancook,0,2,2,1.0
orfder,0,2,2,1.0
wardwel,2,0,2,0.0
davon,0,2,2,1.0
indirmen,0,2,2,1.0
iao,0,2,2,1.0
whiteoak,2,0,2,0.0
unproven,0,2,2,1.0
aliyyul,0,2,2,1.0
hostpoint,0,2,2,1.0
nkqm,0,2,2,1.0
fromluca,0,2,2,1.0
dissolvendo,0,2,2,1.0
soogo,0,2,2,1.0
lastmansit,0,2,2,1.0
psll,0,2,2,1.0
ministrio,0,2,2,1.0
transcriptionist,0,2,2,1.0
quie,0,2,2,1.0
pharamcybymail,0,2,2,1.0
taisei,2,0,2,0.0
interferometri,0,2,2,1.0
ita,1,1,2,0.5
wplacic,2,0,2,0.0
cqi,0,2,2,1.0
goodnessgodl,0,2,2,1.0
afbvdj,0,2,2,1.0
babiestravelight,0,2,2,1.0
aggiel,2,0,2,0.0
amortis,2,0,2,0.0
yqsq,0,2,2,1.0
offersofinterest,0,2,2,1.0
arlend,0,2,2,1.0
phne,2,0,2,0.0
ilhu,0,2,2,1.0
gasdat,2,0,2,0.0
pqe,0,2,2,1.0
moneyprintingcdrom,0,2,2,1.0
biggerstaff,2,0,2,0.0
nostro,2,0,2,0.0
asgard,0,2,2,1.0
apuesta,0,2,2,1.0
bmp,0,2,2,1.0
yimg,0,2,2,1.0
alff,2,0,2,0.0
michaelangelo,0,2,2,1.0
gcwlcrkq,0,2,2,1.0
ijhizj,0,2,2,1.0
cllckthere,0,2,2,1.0
soccerw,0,2,2,1.0
ffxsemftauzyskhk,0,2,2,1.0
pcq,0,2,2,1.0
garyenagi,2,0,2,0.0
finlali,0,2,2,1.0
cssi,0,2,2,1.0
yfdjedb,0,2,2,1.0
liczymi,2,0,2,0.0
igsinc,2,0,2,0.0
dqivqckeh,0,2,2,1.0
fogotten,2,0,2,0.0
edica,0,2,2,1.0
mdb,2,0,2,0.0
dmsyvuu,0,2,2,1.0
aaaa,0,2,2,1.0
jcdokoh,0,2,2,1.0
theiresult,0,2,2,1.0
cdpr,0,2,2,1.0
remotetissu,0,2,2,1.0
unow,0,2,2,1.0
cachinn,0,2,2,1.0
yzj,0,2,2,1.0
alpooh,0,2,2,1.0
contrasellarl,0,2,2,1.0
ausfuehr,0,2,2,1.0
dneminin,0,2,2,1.0
electrictopmost,0,2,2,1.0
selfoff,0,2,2,1.0
pbgwj,0,2,2,1.0
qwlqex,0,2,2,1.0
prat,0,2,2,1.0
miriampr,0,2,2,1.0
adslsapo,0,2,2,1.0
yxfarrss,0,2,2,1.0
intellexu,0,2,2,1.0
thereport,0,2,2,1.0
cuymk,0,2,2,1.0
allez,0,2,2,1.0
warpath,0,2,2,1.0
multiplicidad,0,2,2,1.0
rbal,0,2,2,1.0
bizmedsa,0,2,2,1.0
locknar,2,0,2,0.0
gdijn,0,2,2,1.0
clwfvon,0,2,2,1.0
bnbfkqplpumyi,0,2,2,1.0
palai,1,1,2,0.5
cedillo,0,2,2,1.0
wpb,1,1,2,0.5
storesv,0,2,2,1.0
geheb,2,0,2,0.0
geneolog,0,2,2,1.0
inforrm,0,2,2,1.0
pcpostal,0,2,2,1.0
sonucunu,0,2,2,1.0
ciencnega,0,2,2,1.0
linkpopularitdt,0,2,2,1.0
plxjdtrno,0,2,2,1.0
nqozhica,0,2,2,1.0
avscan,0,2,2,1.0
speedpark,0,2,2,1.0
runup,2,0,2,0.0
walkthrough,1,1,2,0.5
dazzler,0,2,2,1.0
confideti,0,2,2,1.0
nuf,0,2,2,1.0
versteckt,0,2,2,1.0
avj,0,2,2,1.0
menzi,0,2,2,1.0
irczqa,0,2,2,1.0
problam,0,2,2,1.0
nhuxvkpp,0,2,2,1.0
cva,0,2,2,1.0
finalizar,0,2,2,1.0
steigen,0,2,2,1.0
snort,0,2,2,1.0
vbawdlbez,0,2,2,1.0
metss,0,2,2,1.0
zahlt,0,2,2,1.0
swier,0,2,2,1.0
multex,2,0,2,0.0
dewett,2,0,2,0.0
scor,0,2,2,1.0
parrothead,2,0,2,0.0
amalsi,2,0,2,0.0
aanbracht,0,2,2,1.0
xplgm,0,2,2,1.0
vracit,0,2,2,1.0
fcw,0,2,2,1.0
hµa,0,2,2,1.0
khdvtjuc,0,2,2,1.0
fgphkvkd,0,2,2,1.0
eglencel,0,2,2,1.0
ajhzzzhgbr,0,2,2,1.0
qoiygmi,0,2,2,1.0
delegaci,2,0,2,0.0
krzwl,0,2,2,1.0
puisqu,0,2,2,1.0
warbler,0,2,2,1.0
espanol,0,2,2,1.0
loki,0,2,2,1.0
ntimament,0,2,2,1.0
ssgmhd,0,2,2,1.0
bnknt,0,2,2,1.0
tachinid,0,2,2,1.0
freewarefil,0,2,2,1.0
tono,0,2,2,1.0
yjyw,0,2,2,1.0
biurka,2,0,2,0.0
prezyd,2,0,2,0.0
noandby,0,2,2,1.0
dhlthdhiosca,0,2,2,1.0
beenladen,2,0,2,0.0
anschaun,0,2,2,1.0
ndbhw,0,2,2,1.0
smilingli,0,2,2,1.0
pacfiic,2,0,2,0.0
gpicpu,0,2,2,1.0
picturepost,0,2,2,1.0
dailylif,0,2,2,1.0
clacton,2,0,2,0.0
gsmnrq,0,2,2,1.0
nfmnw,0,2,2,1.0
initial,2,0,2,0.0
dhhjuktrljsi,0,2,2,1.0
nicolapax,0,2,2,1.0
msaquy,0,2,2,1.0
neutraceutica,0,2,2,1.0
preoccup,2,0,2,0.0
lavaugcolagenda,2,0,2,0.0
kilgard,2,0,2,0.0
zinn,2,0,2,0.0
offia,0,2,2,1.0
pulsar,0,2,2,1.0
gegx,2,0,2,0.0
acuarela,0,2,2,1.0
aurez,0,2,2,1.0
tinanc,0,2,2,1.0
bcfday,2,0,2,0.0
mysel,0,2,2,1.0
hossain,0,2,2,1.0
memberzon,0,2,2,1.0
highmor,0,2,2,1.0
resistencia,0,2,2,1.0
maxilla,0,2,2,1.0
duada,0,2,2,1.0
ars,0,2,2,1.0
valordo,0,2,2,1.0
umlaut,0,2,2,1.0
avtech,0,2,2,1.0
ýstýraplarýna,0,2,2,1.0
weirdli,1,1,2,0.5
ceddik,0,2,2,1.0
fsica,0,2,2,1.0
entent,0,2,2,1.0
areregist,0,2,2,1.0
emar,0,2,2,1.0
hirdpm,0,2,2,1.0
organizt,2,0,2,0.0
thoe,0,2,2,1.0
wmw,0,2,2,1.0
nsu,2,0,2,0.0
wdypjvuy,0,2,2,1.0
uvcald,0,2,2,1.0
fastdegreeservic,0,2,2,1.0
levitrawieght,0,2,2,1.0
screeen,2,0,2,0.0
thao,1,1,2,0.5
kdwissner,2,0,2,0.0
relayl,0,2,2,1.0
vergessen,0,2,2,1.0
respiromet,0,2,2,1.0
huntemail,0,2,2,1.0
tjgoldstein,2,0,2,0.0
entschuldigen,0,2,2,1.0
hbsdev,2,0,2,0.0
itspuppi,0,2,2,1.0
pyaemia,0,2,2,1.0
terminat,0,2,2,1.0
smolkin,0,2,2,1.0
austraaalia,0,2,2,1.0
nbtalbslz,0,2,2,1.0
hbcbk,0,2,2,1.0
wqw,0,2,2,1.0
sixshoot,0,2,2,1.0
viagracialislevitra,0,2,2,1.0
lápi,0,2,2,1.0
exanim,0,2,2,1.0
numericom,0,2,2,1.0
ygmvbepbm,0,2,2,1.0
awful,0,2,2,1.0
stricli,0,2,2,1.0
conferm,0,2,2,1.0
provocado,0,2,2,1.0
sharuk,0,2,2,1.0
annd,0,2,2,1.0
lwr,2,0,2,0.0
qrhgm,0,2,2,1.0
beruf,0,2,2,1.0
burcham,2,0,2,0.0
vagabondbondhold,0,2,2,1.0
peligro,0,2,2,1.0
foundin,1,1,2,0.5
sofnpn,0,2,2,1.0
adverbenclav,0,2,2,1.0
infostrikeag,0,2,2,1.0
arquitectónico,0,2,2,1.0
headchees,0,2,2,1.0
wcqhogizx,0,2,2,1.0
topbqu,0,2,2,1.0
ifgsouthafrica,0,2,2,1.0
stoimi,2,0,2,0.0
recomendaçõ,0,2,2,1.0
thorgeet,0,2,2,1.0
pourrez,0,2,2,1.0
mpass,2,0,2,0.0
wfrtrqi,0,2,2,1.0
disposicin,0,2,2,1.0
effhvac,0,2,2,1.0
córdoba,0,2,2,1.0
liitl,0,2,2,1.0
medicalform,0,2,2,1.0
telephoneoper,0,2,2,1.0
soire,2,0,2,0.0
cathay,2,0,2,0.0
wholes,0,2,2,1.0
tyxbjtzsz,0,2,2,1.0
infineon,2,0,2,0.0
sgmwg,0,2,2,1.0
gravado,0,2,2,1.0
minna,1,1,2,0.5
vazgecemeyeceksin,0,2,2,1.0
finedealcollector,0,2,2,1.0
ipn,2,0,2,0.0
yaplma,0,2,2,1.0
toonder,0,2,2,1.0
amyb,0,2,2,1.0
visitarch,0,2,2,1.0
theyimmedi,0,2,2,1.0
llha,0,2,2,1.0
synloan,2,0,2,0.0
vxmimwr,0,2,2,1.0
theoveral,0,2,2,1.0
cyx,0,2,2,1.0
í,0,2,2,1.0
ybymail,0,2,2,1.0
uxpndhbp,0,2,2,1.0
trecento,0,2,2,1.0
recomendvel,0,2,2,1.0
ath,1,1,2,0.5
majorrwitz,2,0,2,0.0
rpjwim,0,2,2,1.0
kare,0,2,2,1.0
pina,0,2,2,1.0
reprioritis,2,0,2,0.0
qpcind,0,2,2,1.0
nevp,2,0,2,0.0
compiic,0,2,2,1.0
bprice,2,0,2,0.0
exposicion,0,2,2,1.0
bigchart,1,1,2,0.5
integran,0,2,2,1.0
dqjiw,0,2,2,1.0
hoppi,0,2,2,1.0
ntcgbwan,0,2,2,1.0
kunkl,2,0,2,0.0
eari,2,0,2,0.0
ikn,0,2,2,1.0
distinfo,0,2,2,1.0
lagar,0,2,2,1.0
errneo,0,2,2,1.0
eliti,0,2,2,1.0
watttag,2,0,2,0.0
woodlawn,0,2,2,1.0
vpagsug,0,2,2,1.0
inceptor,0,2,2,1.0
mxarrayl,0,2,2,1.0
atkinsl,0,2,2,1.0
lduppc,0,2,2,1.0
darmitzel,2,0,2,0.0
bottomless,2,0,2,0.0
wonderful,2,0,2,0.0
supremum,0,2,2,1.0
healthli,0,2,2,1.0
barenecess,0,2,2,1.0
greenhil,2,0,2,0.0
argumento,0,2,2,1.0
jailbird,0,2,2,1.0
sligshot,0,2,2,1.0
além,0,2,2,1.0
tesouraria,0,2,2,1.0
giblin,2,0,2,0.0
oefdrzka,0,2,2,1.0
arli,1,1,2,0.5
jugqwvj,0,2,2,1.0
nachkommen,0,2,2,1.0
persent,2,0,2,0.0
haltingli,0,2,2,1.0
smallwood,1,1,2,0.5
dxxuh,0,2,2,1.0
zvaddj,0,2,2,1.0
trevisani,2,0,2,0.0
inetinspector,0,2,2,1.0
reddedilmeyeceðini,0,2,2,1.0
deravin,0,2,2,1.0
tatelbaum,2,0,2,0.0
grote,0,2,2,1.0
ophelia,0,2,2,1.0
skyward,0,2,2,1.0
rkrvnhobz,0,2,2,1.0
vchen,0,2,2,1.0
peeter,0,2,2,1.0
nofearinvest,0,2,2,1.0
nachamah,2,0,2,0.0
fittest,1,1,2,0.5
hocqhctd,0,2,2,1.0
tebinvzlnb,0,2,2,1.0
uqu,0,2,2,1.0
delarosa,0,2,2,1.0
phila,2,0,2,0.0
catholicexchang,0,2,2,1.0
polyvinyl,2,0,2,0.0
virilityex,0,2,2,1.0
nllyqq,0,2,2,1.0
voltairian,0,2,2,1.0
thoroughfar,0,2,2,1.0
sunderland,0,2,2,1.0
piedra,0,2,2,1.0
pitiless,0,2,2,1.0
malaprop,0,2,2,1.0
masonit,0,2,2,1.0
titlestyletd,0,2,2,1.0
eunsub,0,2,2,1.0
anotherbatch,0,2,2,1.0
amphora,0,2,2,1.0
mtiyn,0,2,2,1.0
ixnepeinsv,0,2,2,1.0
müferric,0,2,2,1.0
trpboot,0,2,2,1.0
myeasysav,0,2,2,1.0
fvplh,0,2,2,1.0
hunch,1,1,2,0.5
dless,0,2,2,1.0
handgriff,0,2,2,1.0
afecten,0,2,2,1.0
fggffmtire,0,2,2,1.0
papyri,0,2,2,1.0
coursesoff,0,2,2,1.0
platz,0,2,2,1.0
stnxrk,0,2,2,1.0
oxymoron,1,1,2,0.5
flexil,0,2,2,1.0
tamsulosin,0,2,2,1.0
submittedtto,0,2,2,1.0
xrdcu,0,2,2,1.0
frontend,0,2,2,1.0
northflow,2,0,2,0.0
erip,0,2,2,1.0
oneida,0,2,2,1.0
leprosi,0,2,2,1.0
alterar,0,2,2,1.0
harrog,0,2,2,1.0
tamaulipa,2,0,2,0.0
screwassyriolog,0,2,2,1.0
credenc,2,0,2,0.0
merryman,2,0,2,0.0
exmapl,2,0,2,0.0
aotabl,0,2,2,1.0
coolpix,0,2,2,1.0
edagrra,0,2,2,1.0
nlipinski,2,0,2,0.0
dogmail,0,2,2,1.0
cdsc,0,2,2,1.0
estereótipo,0,2,2,1.0
execution,0,2,2,1.0
brinckerhoff,0,2,2,1.0
proliant,0,2,2,1.0
myung,2,0,2,0.0
cleaveland,2,0,2,0.0
lgbgnq,0,2,2,1.0
rechidesmond,0,2,2,1.0
colexz,0,2,2,1.0
glkh,2,0,2,0.0
prionic,0,2,2,1.0
priivat,0,2,2,1.0
webviso,0,2,2,1.0
cigaaret,0,2,2,1.0
hntb,2,0,2,0.0
winyeou,0,2,2,1.0
weintraub,2,0,2,0.0
waukesha,0,2,2,1.0
bigthangz,0,2,2,1.0
hjlzc,2,0,2,0.0
vgejj,0,2,2,1.0
rbu,0,2,2,1.0
png,0,2,2,1.0
unutil,0,2,2,1.0
atto,2,0,2,0.0
dteenergi,2,0,2,0.0
bellen,0,2,2,1.0
staphylococc,0,2,2,1.0
lorl,0,2,2,1.0
comingup,0,2,2,1.0
zogenaamd,0,2,2,1.0
brievenbussen,0,2,2,1.0
hievqyrkwwqqafxf,0,2,2,1.0
demasiado,0,2,2,1.0
ysycuekha,0,2,2,1.0
ovb,0,2,2,1.0
thatmi,0,2,2,1.0
islandstuvaluu,0,2,2,1.0
yourdatingfun,0,2,2,1.0
nrivera,2,0,2,0.0
pointedli,2,0,2,0.0
reamweav,0,2,2,1.0
fhir,0,2,2,1.0
florest,0,2,2,1.0
lappet,0,2,2,1.0
gegat,0,2,2,1.0
northfac,0,2,2,1.0
sammimail,0,2,2,1.0
responsável,0,2,2,1.0
permafrost,0,2,2,1.0
implicacion,0,2,2,1.0
podremo,0,2,2,1.0
wakeless,0,2,2,1.0
antimicrobi,0,2,2,1.0
spywareremovenow,0,2,2,1.0
tuðnîni,0,2,2,1.0
experienceth,0,2,2,1.0
artment,0,2,2,1.0
dringend,0,2,2,1.0
undeserv,2,0,2,0.0
labenemerita,0,2,2,1.0
urchas,0,2,2,1.0
betrachten,0,2,2,1.0
arem,2,0,2,0.0
buffooneri,0,2,2,1.0
rechar,0,2,2,1.0
parttim,0,2,2,1.0
renegotiaton,2,0,2,0.0
cagtanitim,0,2,2,1.0
wheezlet,2,0,2,0.0
arabella,0,2,2,1.0
financetrain,2,0,2,0.0
aplan,2,0,2,0.0
juyl,0,2,2,1.0
salz,0,2,2,1.0
ezinearticl,0,2,2,1.0
schorr,2,0,2,0.0
kdgiyu,0,2,2,1.0
boletín,0,2,2,1.0
effulg,0,2,2,1.0
larga,0,2,2,1.0
nigerianrail,0,2,2,1.0
deflationari,2,0,2,0.0
jzdxo,0,2,2,1.0
bcfe,2,0,2,0.0
ptb,2,0,2,0.0
zlcw,0,2,2,1.0
tractebelusa,2,0,2,0.0
madmen,0,2,2,1.0
linthicum,2,0,2,0.0
cheapi,0,2,2,1.0
curabl,0,2,2,1.0
colourblind,0,2,2,1.0
misvalu,2,0,2,0.0
ikram,0,2,2,1.0
huqpxwahafybfig,0,2,2,1.0
radioterapia,0,2,2,1.0
martinsolusegun,0,2,2,1.0
newstrial,2,0,2,0.0
cuiqu,0,2,2,1.0
starchman,0,2,2,1.0
andloan,0,2,2,1.0
abundancia,0,2,2,1.0
cama,0,2,2,1.0
creet,0,2,2,1.0
justyn,2,0,2,0.0
bss,0,2,2,1.0
shearman,2,0,2,0.0
dualarýn,0,2,2,1.0
jlvo,0,2,2,1.0
scarf,0,2,2,1.0
anodrol,0,2,2,1.0
akspano,2,0,2,0.0
quickref,2,0,2,0.0
orbt,0,2,2,1.0
rya,0,2,2,1.0
kaveljyowkto,0,2,2,1.0
scid,2,0,2,0.0
referirno,0,2,2,1.0
henni,2,0,2,0.0
hntdue,0,2,2,1.0
ministrado,0,2,2,1.0
fazem,0,2,2,1.0
vcufz,0,2,2,1.0
morgenson,2,0,2,0.0
xidykw,0,2,2,1.0
knbgal,0,2,2,1.0
contm,0,2,2,1.0
ponderos,0,2,2,1.0
preparação,0,2,2,1.0
moeglich,0,2,2,1.0
branigan,2,0,2,0.0
batata,0,2,2,1.0
expediaflorida,0,2,2,1.0
bwudkgrzmblpdrbvs,0,2,2,1.0
terroristen,0,2,2,1.0
stepenovitch,2,0,2,0.0
tvc,0,2,2,1.0
youngerwonder,0,2,2,1.0
galvak,2,0,2,0.0
boutin,0,2,2,1.0
proch,0,2,2,1.0
datingidaili,0,2,2,1.0
vijhd,0,2,2,1.0
rst,0,2,2,1.0
cheyo,0,2,2,1.0
coreo,0,2,2,1.0
tarantara,0,2,2,1.0
mostura,2,0,2,0.0
contributionmollusk,0,2,2,1.0
sior,0,2,2,1.0
gebvo,0,2,2,1.0
ohmybackhurt,0,2,2,1.0
mgilli,2,0,2,0.0
blushfool,0,2,2,1.0
sunsspurt,0,2,2,1.0
testsystem,0,2,2,1.0
ghb,0,2,2,1.0
mhq,2,0,2,0.0
ourservic,0,2,2,1.0
anajin,0,2,2,1.0
chryst,2,0,2,0.0
vendida,0,2,2,1.0
umaru,0,2,2,1.0
importador,0,2,2,1.0
haycock,0,2,2,1.0
liscano,2,0,2,0.0
llooook,0,2,2,1.0
syphard,0,2,2,1.0
smartedit,0,2,2,1.0
megonna,0,2,2,1.0
surber,2,0,2,0.0
triphamm,0,2,2,1.0
economía,0,2,2,1.0
mrtgge,0,2,2,1.0
crb,0,2,2,1.0
nwonr,0,2,2,1.0
erhielten,0,2,2,1.0
dyskusj,2,0,2,0.0
jgsmnew,2,0,2,0.0
txtemp,2,0,2,0.0
validad,0,2,2,1.0
exlud,2,0,2,0.0
msbppdz,0,2,2,1.0
msaccess,2,0,2,0.0
zwhhw,0,2,2,1.0
ripa,0,2,2,1.0
xwkudrpn,0,2,2,1.0
zhn,0,2,2,1.0
vigila,0,2,2,1.0
chiid,0,2,2,1.0
vibratorspiel,0,2,2,1.0
gerenci,0,2,2,1.0
usinternetwork,2,0,2,0.0
rysio,0,2,2,1.0
iluka,0,2,2,1.0
mmksyt,0,2,2,1.0
pseudonym,0,2,2,1.0
madi,1,1,2,0.5
foundmi,0,2,2,1.0
stitzel,0,2,2,1.0
rosal,1,1,2,0.5
dubq,2,0,2,0.0
vico,0,2,2,1.0
katnip,0,2,2,1.0
lincoin,0,2,2,1.0
ordersto,0,2,2,1.0
kamdar,2,0,2,0.0
galenit,0,2,2,1.0
turneth,0,2,2,1.0
gpqcp,0,2,2,1.0
ambienviagraxanax,0,2,2,1.0
minara,0,2,2,1.0
woodnymph,0,2,2,1.0
angelsonoccas,0,2,2,1.0
becauseof,0,2,2,1.0
rayner,0,2,2,1.0
rmsci,0,2,2,1.0
senza,0,2,2,1.0
secetari,0,2,2,1.0
aplican,0,2,2,1.0
yý,0,2,2,1.0
larrea,2,0,2,0.0
estmulo,0,2,2,1.0
detrydasr,0,2,2,1.0
sokup,0,2,2,1.0
fgjenni,0,2,2,1.0
parmegiani,0,2,2,1.0
spiderwort,0,2,2,1.0
amelfrican,0,2,2,1.0
paroxitin,0,2,2,1.0
xmcyvwzb,0,2,2,1.0
talviti,2,0,2,0.0
eknow,0,2,2,1.0
conector,0,2,2,1.0
lifi,0,2,2,1.0
bartra,0,2,2,1.0
behunin,2,0,2,0.0
agnd,0,2,2,1.0
roadtrip,0,2,2,1.0
zjpl,0,2,2,1.0
ount,0,2,2,1.0
ukâ,0,2,2,1.0
jamison,0,2,2,1.0
uzi,0,2,2,1.0
lindiw,0,2,2,1.0
xatotcxbpv,0,2,2,1.0
millwright,0,2,2,1.0
gtio,0,2,2,1.0
rpvnltb,0,2,2,1.0
kuerz,0,2,2,1.0
realización,0,2,2,1.0
appropor,2,0,2,0.0
columbienergi,2,0,2,0.0
unequal,2,0,2,0.0
recyciabi,0,2,2,1.0
xsvosbk,0,2,2,1.0
powerwomen,2,0,2,0.0
cjfna,0,2,2,1.0
mvwin,0,2,2,1.0
disingenu,2,0,2,0.0
ignko,0,2,2,1.0
bjhnpysv,0,2,2,1.0
secondcategori,0,2,2,1.0
germainesí,0,2,2,1.0
unstop,0,2,2,1.0
agreeement,2,0,2,0.0
prescriptionour,0,2,2,1.0
afi,0,2,2,1.0
kaku,0,2,2,1.0
erectileorgan,0,2,2,1.0
fairweath,2,0,2,0.0
thecompani,0,2,2,1.0
tike,0,2,2,1.0
preparado,0,2,2,1.0
ouzel,0,2,2,1.0
peddler,1,1,2,0.5
wachtel,2,0,2,0.0
uhbref,0,2,2,1.0
vaktind,0,2,2,1.0
reeform,0,2,2,1.0
preobstruct,0,2,2,1.0
oedip,0,2,2,1.0
localdomain,0,2,2,1.0
nualli,0,2,2,1.0
arthroscop,2,0,2,0.0
whereon,0,2,2,1.0
desertif,0,2,2,1.0
salzburgo,0,2,2,1.0
zggpyfjfvt,0,2,2,1.0
lgica,0,2,2,1.0
rochet,0,2,2,1.0
efford,0,2,2,1.0
toft,2,0,2,0.0
ereksononlin,0,2,2,1.0
overconfid,2,0,2,0.0
pritt,2,0,2,0.0
mobishop,0,2,2,1.0
bth,0,2,2,1.0
qyfvkpfqgknfyou,0,2,2,1.0
vaticano,0,2,2,1.0
balck,2,0,2,0.0
jorgev,2,0,2,0.0
fascinant,0,2,2,1.0
doebel,2,0,2,0.0
integrar,0,2,2,1.0
turkl,0,2,2,1.0
pharamcybymmal,0,2,2,1.0
fhr,1,1,2,0.5
yrvhxnsbx,0,2,2,1.0
eijwvdl,0,2,2,1.0
rlx,0,2,2,1.0
prelat,0,2,2,1.0
villagetech,0,2,2,1.0
xagpsyb,0,2,2,1.0
tahkumu,0,2,2,1.0
qrhlhrc,0,2,2,1.0
oncxbv,0,2,2,1.0
gfwcopd,0,2,2,1.0
snath,0,2,2,1.0
jaqbxulp,0,2,2,1.0
clonu,0,2,2,1.0
ccxl,2,0,2,0.0
lipschitz,0,2,2,1.0
prmuia,0,2,2,1.0
cmrgv,0,2,2,1.0
llg,0,2,2,1.0
associt,2,0,2,0.0
libanais,0,2,2,1.0
airforc,0,2,2,1.0
unstructur,2,0,2,0.0
roubl,0,2,2,1.0
varicolour,0,2,2,1.0
verli,0,2,2,1.0
vxpvbpiidluwnl,0,2,2,1.0
vja,1,1,2,0.5
tillinghast,2,0,2,0.0
usairway,2,0,2,0.0
smb,0,2,2,1.0
contri,0,2,2,1.0
disarrang,0,2,2,1.0
wherri,0,2,2,1.0
shandrydan,0,2,2,1.0
bve,1,1,2,0.5
allway,0,2,2,1.0
losalamo,2,0,2,0.0
qzoup,0,2,2,1.0
formw,0,2,2,1.0
volledig,0,2,2,1.0
houldsworth,2,0,2,0.0
quival,0,2,2,1.0
lqifi,0,2,2,1.0
feedd,2,0,2,0.0
raymon,1,1,2,0.5
gawk,0,2,2,1.0
actualic,0,2,2,1.0
piscivor,0,2,2,1.0
bogg,2,0,2,0.0
zenbin,0,2,2,1.0
gillan,2,0,2,0.0
risalet,0,2,2,1.0
extramarit,0,2,2,1.0
mnvbrfc,0,2,2,1.0
lesos,0,2,2,1.0
washboard,0,2,2,1.0
tral,0,2,2,1.0
hispana,0,2,2,1.0
siiymarin,0,2,2,1.0
yommc,0,2,2,1.0
nkfrf,0,2,2,1.0
ytlripx,0,2,2,1.0
mishandl,2,0,2,0.0
mctokfjqc,0,2,2,1.0
inscrito,0,2,2,1.0
nesaneamembership,2,0,2,0.0
agarw,2,0,2,0.0
ppsqwuftz,0,2,2,1.0
groetzing,2,0,2,0.0
readitbeforey,0,2,2,1.0
petium,0,2,2,1.0
maxel,0,2,2,1.0
lugansk,0,2,2,1.0
mfig,0,2,2,1.0
heeeeeeereeeeee,0,2,2,1.0
alstad,2,0,2,0.0
akabind,0,2,2,1.0
sizc,0,2,2,1.0
cvvu,0,2,2,1.0
infotech,2,0,2,0.0
barra,2,0,2,0.0
intramolecular,0,2,2,1.0
lasqewu,0,2,2,1.0
nineteenth,0,2,2,1.0
mainsweet,0,2,2,1.0
broin,0,2,2,1.0
samba,0,2,2,1.0
normark,2,0,2,0.0
fzlk,0,2,2,1.0
groupsex,0,2,2,1.0
youthh,0,2,2,1.0
fundegre,0,2,2,1.0
hcm,0,2,2,1.0
candatit,2,0,2,0.0
rycpxxlm,0,2,2,1.0
pubinfo,2,0,2,0.0
rayban,0,2,2,1.0
aenetsel,0,2,2,1.0
nowhuman,0,2,2,1.0
fispa,0,2,2,1.0
ashwin,2,0,2,0.0
bdvaacd,0,2,2,1.0
nwztfc,0,2,2,1.0
augost,0,2,2,1.0
hxnyvzw,0,2,2,1.0
spammingbr,0,2,2,1.0
servicesma,0,2,2,1.0
westernmost,0,2,2,1.0
bonusu,0,2,2,1.0
hbjdrjgi,0,2,2,1.0
sameeday,0,2,2,1.0
penago,2,0,2,0.0
labat,2,0,2,0.0
aifwihqdiaaabhmwxh,0,2,2,1.0
greatidea,2,0,2,0.0
dvdcopyxp,0,2,2,1.0
zekerheid,0,2,2,1.0
artikel,0,2,2,1.0
fuster,0,2,2,1.0
vecta,2,0,2,0.0
mugho,0,2,2,1.0
rrvuq,0,2,2,1.0
vbsr,0,2,2,1.0
medlcatlo,0,2,2,1.0
zingalesunivers,2,0,2,0.0
promotoin,0,2,2,1.0
massigil,2,0,2,0.0
subsoil,0,2,2,1.0
taser,0,2,2,1.0
desoto,2,0,2,0.0
dmczasd,0,2,2,1.0
sfnaiufm,0,2,2,1.0
youngteeni,0,2,2,1.0
excluirm,0,2,2,1.0
harber,2,0,2,0.0
hayfield,0,2,2,1.0
einleitend,0,2,2,1.0
quello,0,2,2,1.0
akamai,2,0,2,0.0
suiza,1,1,2,0.5
bizi,0,2,2,1.0
ylsxlcuc,0,2,2,1.0
specialeshrek,0,2,2,1.0
whitebook,2,0,2,0.0
incompleta,0,2,2,1.0
olsombegharto,0,2,2,1.0
cdrumhead,0,2,2,1.0
zvlavii,0,2,2,1.0
puedo,0,2,2,1.0
sleepless,1,1,2,0.5
duketecotap,2,0,2,0.0
slapdash,0,2,2,1.0
gellar,0,2,2,1.0
egift,0,2,2,1.0
iiic,0,2,2,1.0
arneson,0,2,2,1.0
tpol,0,2,2,1.0
hairdo,0,2,2,1.0
bwxev,0,2,2,1.0
lijjmhc,0,2,2,1.0
tzsfwd,0,2,2,1.0
fridl,0,2,2,1.0
motoryacht,0,2,2,1.0
gebrauch,0,2,2,1.0
firkin,0,2,2,1.0
zolam,0,2,2,1.0
saboteur,0,2,2,1.0
integrador,0,2,2,1.0
tlme,0,2,2,1.0
lsoe,0,2,2,1.0
vanishblasphem,0,2,2,1.0
vvyuow,0,2,2,1.0
witfdusi,0,2,2,1.0
fenerti,2,0,2,0.0
ýþ,0,2,2,1.0
veiligheid,0,2,2,1.0
wkng,0,2,2,1.0
ttlive,0,2,2,1.0
bbahostc,0,2,2,1.0
vulnerari,0,2,2,1.0
steinaeck,2,0,2,0.0
plasmada,0,2,2,1.0
komt,0,2,2,1.0
podero,0,2,2,1.0
scofield,0,2,2,1.0
xijspkoz,0,2,2,1.0
ygfcqxll,0,2,2,1.0
vliumm,0,2,2,1.0
bucalo,2,0,2,0.0
speediest,1,1,2,0.5
numa,0,2,2,1.0
espia,0,2,2,1.0
ksiegarni,2,0,2,0.0
heatt,0,2,2,1.0
cnyvbhet,0,2,2,1.0
necessitar,0,2,2,1.0
bcabcaab,0,2,2,1.0
magnitudecowri,0,2,2,1.0
blueblack,0,2,2,1.0
harb,0,2,2,1.0
nwga,2,0,2,0.0
kxl,0,2,2,1.0
prensa,0,2,2,1.0
lavorado,2,0,2,0.0
theresimpli,0,2,2,1.0
grlerin,0,2,2,1.0
marathonoil,2,0,2,0.0
anykeep,0,2,2,1.0
ayez,0,2,2,1.0
madhuri,0,2,2,1.0
deh,0,2,2,1.0
azo,0,2,2,1.0
tomeo,2,0,2,0.0
jlimi,0,2,2,1.0
malthusian,0,2,2,1.0
howi,2,0,2,0.0
configuracion,0,2,2,1.0
ogbvll,0,2,2,1.0
moromtgagg,0,2,2,1.0
unterberg,2,0,2,0.0
pewnym,2,0,2,0.0
oconan,0,2,2,1.0
illa,0,2,2,1.0
amoytop,0,2,2,1.0
monolith,0,2,2,1.0
webrx,0,2,2,1.0
parasail,2,0,2,0.0
persecutorybert,0,2,2,1.0
huj,0,2,2,1.0
reauthor,2,0,2,0.0
zoltan,2,0,2,0.0
eedc,2,0,2,0.0
opra,0,2,2,1.0
pretrial,0,2,2,1.0
heie,0,2,2,1.0
mxr,0,2,2,1.0
prereg,2,0,2,0.0
licena,0,2,2,1.0
uda,2,0,2,0.0
cfg,0,2,2,1.0
centimo,0,2,2,1.0
enjoybeston,0,2,2,1.0
ycon,0,2,2,1.0
specialpric,0,2,2,1.0
embol,0,2,2,1.0
icca,0,2,2,1.0
rendr,0,2,2,1.0
porfantisne,0,2,2,1.0
bookless,0,2,2,1.0
ixonia,2,0,2,0.0
suleman,0,2,2,1.0
methodoolog,2,0,2,0.0
qquot,0,2,2,1.0
scheppler,2,0,2,0.0
vbevkxbtuuslh,0,2,2,1.0
ppu,0,2,2,1.0
luqjkltjpv,0,2,2,1.0
ndtxcpfjspwwtrkaxnxg,0,2,2,1.0
mhdje,0,2,2,1.0
harddisk,0,2,2,1.0
rahmeten,0,2,2,1.0
deliev,2,0,2,0.0
ocular,0,2,2,1.0
cohabit,0,2,2,1.0
emkt,2,0,2,0.0
itoma,0,2,2,1.0
forbr,0,2,2,1.0
hrist,0,2,2,1.0
pygmalion,0,2,2,1.0
fällt,0,2,2,1.0
unoitrfd,0,2,2,1.0
limber,1,1,2,0.5
kyr,1,1,2,0.5
agcgx,0,2,2,1.0
interflora,0,2,2,1.0
arismanshonikon,0,2,2,1.0
culwel,2,0,2,0.0
lafll,0,2,2,1.0
sickb,0,2,2,1.0
pestifer,0,2,2,1.0
kejriw,2,0,2,0.0
qestion,0,2,2,1.0
canori,0,2,2,1.0
berclair,2,0,2,0.0
chheck,0,2,2,1.0
ecord,0,2,2,1.0
marceau,0,2,2,1.0
frenquent,0,2,2,1.0
reconfigu,2,0,2,0.0
calo,1,1,2,0.5
russi,2,0,2,0.0
enamr,0,2,2,1.0
yougn,0,2,2,1.0
cgrwkbcjtniswoxa,0,2,2,1.0
rded,0,2,2,1.0
oxesvoolv,0,2,2,1.0
dayzerslotterij,0,2,2,1.0
engaa,0,2,2,1.0
otwarciem,2,0,2,0.0
diseo,0,2,2,1.0
auszufuehren,0,2,2,1.0
dfvht,0,2,2,1.0
generado,0,2,2,1.0
repubblica,0,2,2,1.0
voltmet,0,2,2,1.0
onqh,0,2,2,1.0
herzog,0,2,2,1.0
aanzet,0,2,2,1.0
undisciplin,0,2,2,1.0
montrea,0,2,2,1.0
pba,2,0,2,0.0
goon,0,2,2,1.0
huyzisi,0,2,2,1.0
preload,2,0,2,0.0
sungvinc,2,0,2,0.0
wntpb,0,2,2,1.0
clinger,0,2,2,1.0
eqn,2,0,2,0.0
nevissaint,0,2,2,1.0
poq,0,2,2,1.0
tremor,0,2,2,1.0
securlti,0,2,2,1.0
trencher,1,1,2,0.5
rane,2,0,2,0.0
iyoc,0,2,2,1.0
acuqb,0,2,2,1.0
oppio,2,0,2,0.0
bdcm,0,2,2,1.0
sia,2,0,2,0.0
sentyto,0,2,2,1.0
icosahedron,0,2,2,1.0
nirvanasoft,2,0,2,0.0
szkolenia,2,0,2,0.0
civel,0,2,2,1.0
ruimtelijk,0,2,2,1.0
heartdat,0,2,2,1.0
coudert,2,0,2,0.0
trid,2,0,2,0.0
einkommen,0,2,2,1.0
democract,2,0,2,0.0
ihhz,0,2,2,1.0
exprod,0,2,2,1.0
rqsm,0,2,2,1.0
mdehbi,0,2,2,1.0
entireshow,0,2,2,1.0
nbff,0,2,2,1.0
idd,0,2,2,1.0
processagain,0,2,2,1.0
jpifojjyt,0,2,2,1.0
lnruvxwk,0,2,2,1.0
plantilla,0,2,2,1.0
ilupeju,0,2,2,1.0
ultraprecis,0,2,2,1.0
rhawc,0,2,2,1.0
costliest,2,0,2,0.0
helpyou,0,2,2,1.0
stenograph,0,2,2,1.0
wigner,2,0,2,0.0
hlnya,0,2,2,1.0
particia,0,2,2,1.0
gosselin,2,0,2,0.0
deutschen,0,2,2,1.0
waakzaamheid,0,2,2,1.0
maildom,0,2,2,1.0
toboil,0,2,2,1.0
rijn,2,0,2,0.0
xlwxwgxunskj,0,2,2,1.0
doss,1,1,2,0.5
demonstrado,0,2,2,1.0
tartari,0,2,2,1.0
convertirs,0,2,2,1.0
vrmggoehg,0,2,2,1.0
yrizar,0,2,2,1.0
reservedif,0,2,2,1.0
evem,0,2,2,1.0
netdealsfory,0,2,2,1.0
beschlossen,0,2,2,1.0
causer,0,2,2,1.0
direccionar,0,2,2,1.0
uye,0,2,2,1.0
hiker,0,2,2,1.0
bpm,0,2,2,1.0
joycemey,0,2,2,1.0
xaitvywo,0,2,2,1.0
jiu,0,2,2,1.0
pauladam,0,2,2,1.0
makingg,2,0,2,0.0
mqsotsl,0,2,2,1.0
vxdi,0,2,2,1.0
dmblmiff,0,2,2,1.0
nacogodoch,2,0,2,0.0
presta,0,2,2,1.0
bouchouev,2,0,2,0.0
yuaayhn,0,2,2,1.0
touchscreen,0,2,2,1.0
crditosx,0,2,2,1.0
zkcc,0,2,2,1.0
valkyri,0,2,2,1.0
uptim,0,2,2,1.0
aeronavig,0,2,2,1.0
lindacucm,0,2,2,1.0
gaslight,0,2,2,1.0
adairkenton,0,2,2,1.0
capturar,0,2,2,1.0
sinirsizca,0,2,2,1.0
xqld,0,2,2,1.0
bja,0,2,2,1.0
rpbw,0,2,2,1.0
buckram,0,2,2,1.0
manier,0,2,2,1.0
ddnao,0,2,2,1.0
namelijk,0,2,2,1.0
ekon,0,2,2,1.0
interniconlin,0,2,2,1.0
meon,0,2,2,1.0
oekmvgo,0,2,2,1.0
hartshorn,0,2,2,1.0
wbmbdievd,0,2,2,1.0
stneojugjcsd,0,2,2,1.0
hochland,0,2,2,1.0
zufrieden,0,2,2,1.0
meetingpr,2,0,2,0.0
rjorx,0,2,2,1.0
gtyxau,0,2,2,1.0
shorefac,0,2,2,1.0
pznkruagytkfbfxflg,0,2,2,1.0
kwardl,2,0,2,0.0
donnå,0,2,2,1.0
peripeteia,0,2,2,1.0
margaritavil,2,0,2,0.0
vbdszhfm,0,2,2,1.0
swimwear,2,0,2,0.0
hzxfji,0,2,2,1.0
sek,0,2,2,1.0
nikt,2,0,2,0.0
lvzpf,0,2,2,1.0
btd,0,2,2,1.0
evettt,0,2,2,1.0
anitacimmino,0,2,2,1.0
bhadra,0,2,2,1.0
kitâbik,0,2,2,1.0
yokur,0,2,2,1.0
fotbkh,0,2,2,1.0
hüve,0,2,2,1.0
ijm,0,2,2,1.0
hghl,0,2,2,1.0
dinerstein,2,0,2,0.0
dxndeueqjdzo,0,2,2,1.0
pfbbskdfe,0,2,2,1.0
proffess,0,2,2,1.0
transm,2,0,2,0.0
ampoul,0,2,2,1.0
kanatzar,2,0,2,0.0
motherhood,1,1,2,0.5
xmsap,2,0,2,0.0
chiasmu,0,2,2,1.0
dleliveri,0,2,2,1.0
gia,2,0,2,0.0
jfsc,0,2,2,1.0
xzbqdfwc,0,2,2,1.0
herecliickk,0,2,2,1.0
primetim,0,2,2,1.0
vapour,0,2,2,1.0
possit,0,2,2,1.0
primearsecola,0,2,2,1.0
rateus,0,2,2,1.0
adsini,0,2,2,1.0
deepti,0,2,2,1.0
mouldi,0,2,2,1.0
sbruce,2,0,2,0.0
pojawil,2,0,2,0.0
ebbel,2,0,2,0.0
smurfit,2,0,2,0.0
lelland,2,0,2,0.0
bosman,0,2,2,1.0
cmrees,2,0,2,0.0
spreadaso,2,0,2,0.0
uklinux,0,2,2,1.0
reguir,0,2,2,1.0
geesman,2,0,2,0.0
ifh,2,0,2,0.0
ciasli,0,2,2,1.0
popsprd,2,0,2,0.0
amphitheatr,2,0,2,0.0
vlsew,0,2,2,1.0
zudgqlelsshpv,0,2,2,1.0
sweestak,0,2,2,1.0
nepa,0,2,2,1.0
enronsigshop,2,0,2,0.0
spennd,0,2,2,1.0
lflefmig,0,2,2,1.0
sition,0,2,2,1.0
massivethre,0,2,2,1.0
comuniques,0,2,2,1.0
rigbi,2,0,2,0.0
entusiasmo,0,2,2,1.0
natuur,0,2,2,1.0
yutdnj,0,2,2,1.0
insertcardiac,0,2,2,1.0
ionsa,0,2,2,1.0
tortilla,2,0,2,0.0
parar,0,2,2,1.0
oogolf,0,2,2,1.0
libertad,0,2,2,1.0
pkoonrxuh,0,2,2,1.0
baran,2,0,2,0.0
wbconnect,0,2,2,1.0
streaki,0,2,2,1.0
exmen,0,2,2,1.0
estimad,0,2,2,1.0
quadrilater,0,2,2,1.0
weng,2,0,2,0.0
vpsc,0,2,2,1.0
subito,0,2,2,1.0
qugdlrq,0,2,2,1.0
visamastercard,0,2,2,1.0
lhp,0,2,2,1.0
onthi,0,2,2,1.0
pgonpc,0,2,2,1.0
takegreat,0,2,2,1.0
hetherington,2,0,2,0.0
gerno,2,0,2,0.0
unkown,0,2,2,1.0
tzqchuvxprympyk,0,2,2,1.0
unscrambl,2,0,2,0.0
minocyclin,0,2,2,1.0
tifiy,0,2,2,1.0
resérval,0,2,2,1.0
dayservic,0,2,2,1.0
myg,0,2,2,1.0
bholcomb,2,0,2,0.0
behouden,0,2,2,1.0
definido,0,2,2,1.0
follod,2,0,2,0.0
olduunca,0,2,2,1.0
haji,0,2,2,1.0
walbiri,0,2,2,1.0
micahel,2,0,2,0.0
toxxxrxrkpyg,0,2,2,1.0
neurot,0,2,2,1.0
groeilanden,0,2,2,1.0
öðëóül,0,2,2,1.0
assport,0,2,2,1.0
atraviesa,0,2,2,1.0
verificationno,0,2,2,1.0
imca,0,2,2,1.0
theygra,0,2,2,1.0
bebf,0,2,2,1.0
wiecej,2,0,2,0.0
spamsquad,0,2,2,1.0
iqccjypkiducrbiixmqcuncw,0,2,2,1.0
messengerwebcamera,0,2,2,1.0
ydt,0,2,2,1.0
racoon,0,2,2,1.0
ofer,0,2,2,1.0
cruised,0,2,2,1.0
geszk,0,2,2,1.0
ehprsawv,0,2,2,1.0
gaelic,0,2,2,1.0
yqlnvgoh,0,2,2,1.0
histrico,0,2,2,1.0
sluttish,0,2,2,1.0
adventist,2,0,2,0.0
prunespurchas,0,2,2,1.0
weould,0,2,2,1.0
barinor,0,2,2,1.0
diplomado,0,2,2,1.0
graeslichen,0,2,2,1.0
ukrainki,0,2,2,1.0
dançar,0,2,2,1.0
serpentin,0,2,2,1.0
smokeout,2,0,2,0.0
destptr,0,2,2,1.0
efellow,2,0,2,0.0
sororityconjug,0,2,2,1.0
hadth,0,2,2,1.0
dianobol,0,2,2,1.0
qtrami,0,2,2,1.0
hccuhqi,0,2,2,1.0
vmefa,0,2,2,1.0
lbwua,0,2,2,1.0
vbvfl,0,2,2,1.0
þerikeleh,0,2,2,1.0
zippeada,0,2,2,1.0
boj,0,2,2,1.0
añosl,0,2,2,1.0
bdtnxori,2,0,2,0.0
indiscut,0,2,2,1.0
retorn,0,2,2,1.0
reprob,0,2,2,1.0
heirin,0,2,2,1.0
fyyiml,0,2,2,1.0
psorxf,0,2,2,1.0
shimizu,2,0,2,0.0
lqquick,2,0,2,0.0
rgkpaybg,0,2,2,1.0
hippodrom,0,2,2,1.0
rbkgpuf,0,2,2,1.0
paaup,0,2,2,1.0
brazilianfightwear,0,2,2,1.0
ljo,0,2,2,1.0
vonfnktp,0,2,2,1.0
rvon,0,2,2,1.0
eew,0,2,2,1.0
stayupontim,0,2,2,1.0
rioja,0,2,2,1.0
deteccin,0,2,2,1.0
dasher,1,1,2,0.5
bggu,0,2,2,1.0
daigonos,0,2,2,1.0
fhxfon,0,2,2,1.0
gqcqxmxcgqcg,0,2,2,1.0
andwhen,0,2,2,1.0
mushi,0,2,2,1.0
showsit,0,2,2,1.0
variuou,2,0,2,0.0
yru,0,2,2,1.0
vicepresid,0,2,2,1.0
tyvktfini,0,2,2,1.0
fundacja,2,0,2,0.0
rcpsite,0,2,2,1.0
fiew,0,2,2,1.0
uncurtain,0,2,2,1.0
desireactor,0,2,2,1.0
estén,0,2,2,1.0
usagain,0,2,2,1.0
glovechang,0,2,2,1.0
mssi,0,2,2,1.0
zeli,0,2,2,1.0
ashanti,0,2,2,1.0
sstnet,0,2,2,1.0
pmlbkiudc,0,2,2,1.0
outspeak,0,2,2,1.0
rcl,2,0,2,0.0
intergen,2,0,2,0.0
expidit,0,2,2,1.0
avalar,0,2,2,1.0
genericrxsal,0,2,2,1.0
sqrt,2,0,2,0.0
ajor,0,2,2,1.0
gvrlspc,0,2,2,1.0
frolick,0,2,2,1.0
francfort,2,0,2,0.0
zxgwvpiimg,0,2,2,1.0
concresc,0,2,2,1.0
reavi,2,0,2,0.0
ceybog,0,2,2,1.0
reconocesu,0,2,2,1.0
nttpc,0,2,2,1.0
unidimension,0,2,2,1.0
cherch,0,2,2,1.0
anonom,2,0,2,0.0
tll,0,2,2,1.0
qutounuuthrrtntipguiuf,0,2,2,1.0
huddleson,2,0,2,0.0
edjqlpuew,0,2,2,1.0
brokenfart,0,2,2,1.0
sovergn,2,0,2,0.0
discommod,0,2,2,1.0
newsletterservic,0,2,2,1.0
zacateca,2,0,2,0.0
taojgfg,0,2,2,1.0
landless,0,2,2,1.0
aurai,0,2,2,1.0
buiof,0,2,2,1.0
bihamdihi,0,2,2,1.0
salta,0,2,2,1.0
candlechart,2,0,2,0.0
estonian,0,2,2,1.0
arkadyevich,0,2,2,1.0
illenium,0,2,2,1.0
moviefil,0,2,2,1.0
warezcd,0,2,2,1.0
ktora,2,0,2,0.0
shakira,0,2,2,1.0
omdat,0,2,2,1.0
pnlbrtjo,0,2,2,1.0
andmuch,0,2,2,1.0
pecksniff,0,2,2,1.0
quincey,0,2,2,1.0
nkhsvagf,0,2,2,1.0
ccb,1,1,2,0.5
lga,1,1,2,0.5
vlagsom,0,2,2,1.0
unitn,0,2,2,1.0
inrteste,0,2,2,1.0
stdog,0,2,2,1.0
globeinvestor,0,2,2,1.0
qrgifbfdq,0,2,2,1.0
timmin,0,2,2,1.0
kemba,2,0,2,0.0
ethre,0,2,2,1.0
alcali,2,0,2,0.0
thjbt,0,2,2,1.0
pincer,0,2,2,1.0
webdocc,0,2,2,1.0
mato,0,2,2,1.0
excommun,0,2,2,1.0
christinehauk,2,0,2,0.0
bywant,0,2,2,1.0
oettc,0,2,2,1.0
notaglin,0,2,2,1.0
upwhyvkg,0,2,2,1.0
flowerygaz,0,2,2,1.0
unfett,2,0,2,0.0
fieuwereefd,0,2,2,1.0
letti,2,0,2,0.0
geschaeft,0,2,2,1.0
descubr,0,2,2,1.0
papernbsp,0,2,2,1.0
femaledj,0,2,2,1.0
maiser,2,0,2,0.0
diseñador,0,2,2,1.0
unbefugt,0,2,2,1.0
milagro,0,2,2,1.0
beblovayn,0,2,2,1.0
cvoqklwbx,0,2,2,1.0
blogg,2,0,2,0.0
szara,2,0,2,0.0
lzlxdatw,0,2,2,1.0
susana,0,2,2,1.0
hsbgt,0,2,2,1.0
positiveqhhattitud,0,2,2,1.0
warcraft,0,2,2,1.0
avontuurtj,0,2,2,1.0
aquif,2,0,2,0.0
tangana,0,2,2,1.0
unorgan,2,0,2,0.0
jad,2,0,2,0.0
rosella,1,1,2,0.5
toadminist,0,2,2,1.0
zvx,0,2,2,1.0
frezer,0,2,2,1.0
adhar,2,0,2,0.0
millbrook,0,2,2,1.0
rsglow,0,2,2,1.0
prxima,0,2,2,1.0
vicepresident,0,2,2,1.0
cnmbcmaid,0,2,2,1.0
jhewm,0,2,2,1.0
ismin,0,2,2,1.0
iklqjhasm,0,2,2,1.0
tottenham,0,2,2,1.0
ejihepctadqsmm,0,2,2,1.0
speakeasi,0,2,2,1.0
obizk,0,2,2,1.0
zqfyld,0,2,2,1.0
etiti,0,2,2,1.0
falso,0,2,2,1.0
moti,0,2,2,1.0
perpsect,2,0,2,0.0
carncia,0,2,2,1.0
comhuon,0,2,2,1.0
disminuir,0,2,2,1.0
población,0,2,2,1.0
temática,0,2,2,1.0
voluntary,0,2,2,1.0
kzvytp,0,2,2,1.0
rqfyuaq,0,2,2,1.0
ggood,0,2,2,1.0
vermeyi,0,2,2,1.0
blocksx,0,2,2,1.0
reealli,0,2,2,1.0
rolf,1,1,2,0.5
biaw,0,2,2,1.0
lhavean,0,2,2,1.0
gianpiero,2,0,2,0.0
prezydenta,2,0,2,0.0
bdndpe,0,2,2,1.0
mixon,2,0,2,0.0
concetta,0,2,2,1.0
qegub,0,2,2,1.0
rainmak,2,0,2,0.0
rationalis,2,0,2,0.0
ajo,1,1,2,0.5
freemort,0,2,2,1.0
ptt,0,2,2,1.0
yaplmayaca,0,2,2,1.0
qtbwvazbr,0,2,2,1.0
vngo,2,0,2,0.0
fallan,0,2,2,1.0
winzip,1,1,2,0.5
ofengland,0,2,2,1.0
kagara,0,2,2,1.0
ksssu,0,2,2,1.0
ehicl,0,2,2,1.0
treebeard,2,0,2,0.0
upbr,0,2,2,1.0
canpet,2,0,2,0.0
eogrra,0,2,2,1.0
spontanitt,0,2,2,1.0
parterz,2,0,2,0.0
gklhn,0,2,2,1.0
thang,2,0,2,0.0
galvanicdubit,0,2,2,1.0
smtpin,0,2,2,1.0
wgang,2,0,2,0.0
agvta,0,2,2,1.0
iodid,0,2,2,1.0
methodiek,0,2,2,1.0
srf,2,0,2,0.0
tzq,0,2,2,1.0
contenga,0,2,2,1.0
fnl,1,1,2,0.5
dnslive,0,2,2,1.0
paxgytlgk,0,2,2,1.0
peterg,0,2,2,1.0
providor,2,0,2,0.0
decyzj,2,0,2,0.0
georgiabdetail,0,2,2,1.0
compan,0,2,2,1.0
shortfail,0,2,2,1.0
noncomp,2,0,2,0.0
cumg,0,2,2,1.0
keilen,0,2,2,1.0
cheeeatttit,0,2,2,1.0
jbb,0,2,2,1.0
gxtxyv,0,2,2,1.0
digital,0,2,2,1.0
eigentlich,0,2,2,1.0
upstanddichotom,0,2,2,1.0
mydvforev,0,2,2,1.0
imlt,0,2,2,1.0
destacando,0,2,2,1.0
dealon,0,2,2,1.0
sabev,0,2,2,1.0
xygrjkak,0,2,2,1.0
deflor,0,2,2,1.0
burdenstraat,0,2,2,1.0
fvqycjff,0,2,2,1.0
wiadomosc,2,0,2,0.0
clickand,0,2,2,1.0
xeqorr,0,2,2,1.0
cpoog,0,2,2,1.0
mqdwedyhf,0,2,2,1.0
dasheen,0,2,2,1.0
mbako,0,2,2,1.0
locksman,0,2,2,1.0
kehtcfmx,0,2,2,1.0
primaev,0,2,2,1.0
problm,1,1,2,0.5
nwjmrbqlt,0,2,2,1.0
intransit,0,2,2,1.0
edrugsourc,0,2,2,1.0
burek,0,2,2,1.0
iaxnhfmcr,0,2,2,1.0
dmjyv,0,2,2,1.0
hurzi,2,0,2,0.0
wanlead,0,2,2,1.0
heitman,2,0,2,0.0
driveusb,0,2,2,1.0
hrbhnau,0,2,2,1.0
timeserv,0,2,2,1.0
hriqot,0,2,2,1.0
unnoetigen,0,2,2,1.0
cgsbyeei,0,2,2,1.0
nollen,2,0,2,0.0
tacitu,0,2,2,1.0
qfnk,0,2,2,1.0
kwxwqqhc,0,2,2,1.0
badpain,0,2,2,1.0
hzqqgi,0,2,2,1.0
oxyzoqkxh,0,2,2,1.0
satelit,0,2,2,1.0
comfli,0,2,2,1.0
scaleup,2,0,2,0.0
eview,2,0,2,0.0
llhave,0,2,2,1.0
redon,2,0,2,0.0
addtl,2,0,2,0.0
hautnah,0,2,2,1.0
homelanddef,0,2,2,1.0
inmuebl,0,2,2,1.0
dsmjyllm,0,2,2,1.0
tyqcrsgqb,0,2,2,1.0
trendwatch,0,2,2,1.0
handlowa,2,0,2,0.0
barretto,2,0,2,0.0
burrard,2,0,2,0.0
windowsmedia,2,0,2,0.0
emailaccount,0,2,2,1.0
profitless,0,2,2,1.0
seasid,0,2,2,1.0
eciwtqzdd,0,2,2,1.0
fancier,0,2,2,1.0
harrd,0,2,2,1.0
fascetti,2,0,2,0.0
butthelast,0,2,2,1.0
kalmi,0,2,2,1.0
rfm,0,2,2,1.0
calmatig,0,2,2,1.0
oomdoafvtdhdsdx,0,2,2,1.0
meobarr,0,2,2,1.0
caplet,1,1,2,0.5
aibjtocuvk,0,2,2,1.0
irprxgnnfbfn,0,2,2,1.0
özür,0,2,2,1.0
kewlsport,0,2,2,1.0
rhqnsu,0,2,2,1.0
factsc,0,2,2,1.0
cvzapata,2,0,2,0.0
dijit,0,2,2,1.0
castellano,0,2,2,1.0
harmaci,0,2,2,1.0
britannia,1,1,2,0.5
overdraw,0,2,2,1.0
whafh,2,0,2,0.0
kdwrbvd,0,2,2,1.0
ewklfc,0,2,2,1.0
mbobe,0,2,2,1.0
nomorel,0,2,2,1.0
oarsmen,0,2,2,1.0
outagerisk,2,0,2,0.0
xpembt,0,2,2,1.0
thach,2,0,2,0.0
riverway,2,0,2,0.0
microsit,0,2,2,1.0
nocturnul,0,2,2,1.0
sdftxn,0,2,2,1.0
tbbhdi,0,2,2,1.0
siotter,0,2,2,1.0
myhom,0,2,2,1.0
cflowd,2,0,2,0.0
professionel,0,2,2,1.0
twennti,0,2,2,1.0
lmxypduw,0,2,2,1.0
wnw,0,2,2,1.0
ehdgpbcco,0,2,2,1.0
telfer,0,2,2,1.0
bateria,0,2,2,1.0
noenergydrink,0,2,2,1.0
nqhwdh,0,2,2,1.0
faapk,0,2,2,1.0
tfuller,0,2,2,1.0
assassinat,0,2,2,1.0
jmccauley,2,0,2,0.0
walkerczesc,0,2,2,1.0
zzrue,0,2,2,1.0
pirrong,2,0,2,0.0
adada,0,2,2,1.0
hebephren,0,2,2,1.0
stripi,0,2,2,1.0
fhg,0,2,2,1.0
elpoacw,0,2,2,1.0
gsml,0,2,2,1.0
gamingobserv,0,2,2,1.0
heeeereeee,0,2,2,1.0
kathyrn,0,2,2,1.0
ngb,0,2,2,1.0
attila,2,0,2,0.0
compromoo,0,2,2,1.0
okok,0,2,2,1.0
dicsount,0,2,2,1.0
avenueb,2,0,2,0.0
bbwqsq,0,2,2,1.0
qyl,0,2,2,1.0
chaaaaaang,0,2,2,1.0
otswkuk,0,2,2,1.0
disincorpor,0,2,2,1.0
jkakvqnotk,0,2,2,1.0
ddram,0,2,2,1.0
moab,0,2,2,1.0
hyalin,0,2,2,1.0
xlczgawawlqfimhgwx,0,2,2,1.0
douf,0,2,2,1.0
aritmticament,0,2,2,1.0
amadol,0,2,2,1.0
mjirartt,0,2,2,1.0
hdl,0,2,2,1.0
nansen,2,0,2,0.0
pcc,1,1,2,0.5
kornreich,2,0,2,0.0
aparición,0,2,2,1.0
mdcn,0,2,2,1.0
everyfreegift,0,2,2,1.0
antivir,0,2,2,1.0
lcuv,0,2,2,1.0
patter,0,2,2,1.0
bner,2,0,2,0.0
arabenl,0,2,2,1.0
gastronomist,0,2,2,1.0
ucbforeignbank,0,2,2,1.0
adehlcgjik,0,2,2,1.0
jovanovich,0,2,2,1.0
qtelsbhn,0,2,2,1.0
hottt,0,2,2,1.0
cammon,2,0,2,0.0
razzl,0,2,2,1.0
surbiton,0,2,2,1.0
xcxphc,0,2,2,1.0
dotti,2,0,2,0.0
youdid,0,2,2,1.0
persnlich,0,2,2,1.0
thermit,0,2,2,1.0
bullrich,2,0,2,0.0
ntsitmo,0,2,2,1.0
stcelebr,0,2,2,1.0
repl,1,1,2,0.5
azrefi,0,2,2,1.0
sfr,0,2,2,1.0
hagenfat,0,2,2,1.0
blvqc,0,2,2,1.0
scobe,2,0,2,0.0
babineck,2,0,2,0.0
reveillon,0,2,2,1.0
condio,0,2,2,1.0
poema,0,2,2,1.0
bkm,0,2,2,1.0
wiremen,0,2,2,1.0
råpondr,0,2,2,1.0
aprofundar,0,2,2,1.0
auulnw,0,2,2,1.0
rvfuzknwg,0,2,2,1.0
iyk,0,2,2,1.0
cheerfultun,0,2,2,1.0
zlve,0,2,2,1.0
listsoff,0,2,2,1.0
aferir,0,2,2,1.0
seatbelt,2,0,2,0.0
joeibekw,0,2,2,1.0
susb,0,2,2,1.0
bkdg,0,2,2,1.0
generen,0,2,2,1.0
calissand,0,2,2,1.0
hotchilli,0,2,2,1.0
longexecsum,2,0,2,0.0
jalapeno,2,0,2,0.0
sjra,0,2,2,1.0
extremli,0,2,2,1.0
möchtest,0,2,2,1.0
wedid,0,2,2,1.0
pgckosw,0,2,2,1.0
ddi,1,1,2,0.5
ytr,0,2,2,1.0
nyrrit,0,2,2,1.0
evalut,2,0,2,0.0
defeatist,0,2,2,1.0
supernatur,0,2,2,1.0
ihizeiah,0,2,2,1.0
xfe,0,2,2,1.0
dropship,0,2,2,1.0
dxf,0,2,2,1.0
wkw,0,2,2,1.0
energiefactuur,0,2,2,1.0
expositiva,0,2,2,1.0
kunbfif,0,2,2,1.0
vacationist,0,2,2,1.0
piaiwquw,0,2,2,1.0
emelin,0,2,2,1.0
remota,0,2,2,1.0
heinitz,2,0,2,0.0
faceltra,0,2,2,1.0
batista,2,0,2,0.0
inspit,0,2,2,1.0
overvot,2,0,2,0.0
saurez,0,2,2,1.0
distland,0,2,2,1.0
jennamaxx,0,2,2,1.0
uncoop,2,0,2,0.0
grinderi,0,2,2,1.0
doggedli,1,1,2,0.5
kettner,2,0,2,0.0
âhireti,0,2,2,1.0
ewltep,0,2,2,1.0
coahuila,2,0,2,0.0
aaliyah,0,2,2,1.0
drrugth,0,2,2,1.0
isteðinizi,0,2,2,1.0
dfli,0,2,2,1.0
kaufpreis,0,2,2,1.0
fgree,0,2,2,1.0
deiet,0,2,2,1.0
mortgageoffic,0,2,2,1.0
riemfnc,0,2,2,1.0
integrao,0,2,2,1.0
zndnioay,0,2,2,1.0
bevilacqua,2,0,2,0.0
oso,0,2,2,1.0
wambl,0,2,2,1.0
versprst,0,2,2,1.0
stackabl,0,2,2,1.0
dolt,0,2,2,1.0
middletown,0,2,2,1.0
fluorosi,0,2,2,1.0
iyeqpphm,0,2,2,1.0
standpunt,0,2,2,1.0
ashmor,2,0,2,0.0
franksapo,0,2,2,1.0
mcmurray,1,1,2,0.5
unconvinc,2,0,2,0.0
jnmartin,2,0,2,0.0
unipolar,0,2,2,1.0
candr,2,0,2,0.0
khuzpvifd,0,2,2,1.0
egbu,0,2,2,1.0
resoluo,0,2,2,1.0
gtuqvshqd,0,2,2,1.0
rotxf,0,2,2,1.0
loftier,0,2,2,1.0
blosser,2,0,2,0.0
steht,0,2,2,1.0
seaway,2,0,2,0.0
eyelin,0,2,2,1.0
mup,0,2,2,1.0
roooock,0,2,2,1.0
starmail,0,2,2,1.0
wovdzx,0,2,2,1.0
neliro,0,2,2,1.0
audinfor,0,2,2,1.0
fji,0,2,2,1.0
ctcjlib,0,2,2,1.0
tarrif,2,0,2,0.0
knocker,0,2,2,1.0
tecnolandia,0,2,2,1.0
umn,0,2,2,1.0
charbonneau,2,0,2,0.0
sito,0,2,2,1.0
brilliantli,1,1,2,0.5
jrdppqu,0,2,2,1.0
palacio,1,1,2,0.5
bff,0,2,2,1.0
fuhard,0,2,2,1.0
denominación,0,2,2,1.0
barnwel,2,0,2,0.0
jwqyh,0,2,2,1.0
quazihossain,0,2,2,1.0
viceroy,0,2,2,1.0
basketbail,0,2,2,1.0
yyljx,0,2,2,1.0
mybil,0,2,2,1.0
vgmifq,0,2,2,1.0
columnmundan,0,2,2,1.0
briarpark,2,0,2,0.0
hlhsxm,0,2,2,1.0
manilla,0,2,2,1.0
nursemaid,0,2,2,1.0
biue,0,2,2,1.0
subhanallâhi,0,2,2,1.0
sire,0,2,2,1.0
takaraya,2,0,2,0.0
jpicazo,2,0,2,0.0
plantlet,0,2,2,1.0
haricotbean,0,2,2,1.0
hrbal,0,2,2,1.0
pública,0,2,2,1.0
cybercaf,2,0,2,0.0
teþehhütten,0,2,2,1.0
theilaw,0,2,2,1.0
szybciej,2,0,2,0.0
tttl,0,2,2,1.0
mimesi,0,2,2,1.0
prepared,0,2,2,1.0
chorn,2,0,2,0.0
uniroy,0,2,2,1.0
udc,2,0,2,0.0
ismet,0,2,2,1.0
fremc,0,2,2,1.0
mammogram,2,0,2,0.0
fridaynight,0,2,2,1.0
wyzwani,2,0,2,0.0
pohto,0,2,2,1.0
inscriçõ,0,2,2,1.0
ekdnwudmh,0,2,2,1.0
purxmgrlngi,0,2,2,1.0
hdumrnv,0,2,2,1.0
nationaliy,0,2,2,1.0
daugther,1,1,2,0.5
formali,0,2,2,1.0
tuan,0,2,2,1.0
prcaution,0,2,2,1.0
stearat,0,2,2,1.0
pouco,0,2,2,1.0
heissesten,0,2,2,1.0
rhk,0,2,2,1.0
lom,0,2,2,1.0
entregara,0,2,2,1.0
abyhaeagp,0,2,2,1.0
vumfjybnv,0,2,2,1.0
mortgagg,0,2,2,1.0
nível,0,2,2,1.0
warper,0,2,2,1.0
repdio,0,2,2,1.0
morey,0,2,2,1.0
unfi,0,2,2,1.0
therear,0,2,2,1.0
stephain,0,2,2,1.0
chalomumbai,2,0,2,0.0
bundchen,0,2,2,1.0
settlemetn,2,0,2,0.0
simplythanky,0,2,2,1.0
beanspruchen,0,2,2,1.0
rkquu,0,2,2,1.0
xansax,0,2,2,1.0
nstant,0,2,2,1.0
foretel,2,0,2,0.0
meteen,0,2,2,1.0
quiser,0,2,2,1.0
oneof,1,1,2,0.5
inserción,0,2,2,1.0
guanarte,0,2,2,1.0
devam,0,2,2,1.0
metaitag,0,2,2,1.0
aroha,0,2,2,1.0
hughesc,0,2,2,1.0
aqbii,0,2,2,1.0
flinston,0,2,2,1.0
yeshwantrao,2,0,2,0.0
bbdwd,0,2,2,1.0
daleydirectrix,0,2,2,1.0
blastviril,0,2,2,1.0
qmtp,0,2,2,1.0
nison,2,0,2,0.0
allukrchar,0,2,2,1.0
teleconf,2,0,2,0.0
sijbmhiuabr,0,2,2,1.0
vhn,0,2,2,1.0
metricom,2,0,2,0.0
toticket,0,2,2,1.0
curvet,0,2,2,1.0
selxual,0,2,2,1.0
bize,0,2,2,1.0
shmukler,2,0,2,0.0
bobbyó,0,2,2,1.0
nashvillesolar,0,2,2,1.0
ktorzi,2,0,2,0.0
aliskanliklarini,0,2,2,1.0
bondman,0,2,2,1.0
nowmaxamanfat,0,2,2,1.0
tep,2,0,2,0.0
energynet,2,0,2,0.0
spinfind,0,2,2,1.0
leonida,2,0,2,0.0
connett,2,0,2,0.0
mqwdiasx,0,2,2,1.0
tomak,0,2,2,1.0
vibagpra,0,2,2,1.0
techhelp,2,0,2,0.0
rembrandt,0,2,2,1.0
disbowel,0,2,2,1.0
swxl,2,0,2,0.0
listr,0,2,2,1.0
idacorpenergi,2,0,2,0.0
bloco,0,2,2,1.0
orçamento,0,2,2,1.0
lutrex,0,2,2,1.0
diria,0,2,2,1.0
dialdirect,0,2,2,1.0
gnr,0,2,2,1.0
inclusión,0,2,2,1.0
vasudev,2,0,2,0.0
regulacion,0,2,2,1.0
plhuqo,0,2,2,1.0
removallink,0,2,2,1.0
doxxtctorr,0,2,2,1.0
youngerl,0,2,2,1.0
readier,0,2,2,1.0
prsent,0,2,2,1.0
rtun,0,2,2,1.0
countr,0,2,2,1.0
dealerinfo,0,2,2,1.0
meijer,0,2,2,1.0
dzi,0,2,2,1.0
shoebox,0,2,2,1.0
gazaytehâ,0,2,2,1.0
alsd,0,2,2,1.0
óüóï,0,2,2,1.0
angelia,0,2,2,1.0
heaumer,0,2,2,1.0
groupwith,0,2,2,1.0
mcwilliam,0,2,2,1.0
prikol,0,2,2,1.0
hardhor,0,2,2,1.0
lkagab,0,2,2,1.0
egmhzeh,0,2,2,1.0
lewinski,0,2,2,1.0
hemisoft,0,2,2,1.0
winsett,0,2,2,1.0
spodni,2,0,2,0.0
polnet,0,2,2,1.0
xhwzt,0,2,2,1.0
byle,2,0,2,0.0
ofwebisit,0,2,2,1.0
seweea,0,2,2,1.0
phrmaci,0,2,2,1.0
technicien,0,2,2,1.0
transcost,2,0,2,0.0
macambira,0,2,2,1.0
manang,1,1,2,0.5
chem,2,0,2,0.0
paulharden,0,2,2,1.0
rhzx,0,2,2,1.0
cwfqt,0,2,2,1.0
envió,0,2,2,1.0
haciéndos,0,2,2,1.0
egsl,0,2,2,1.0
bcgedu,0,2,2,1.0
infobox,2,0,2,0.0
wskaznikowa,2,0,2,0.0
informatiqu,0,2,2,1.0
rchahal,2,0,2,0.0
moieti,0,2,2,1.0
estan,0,2,2,1.0
gld,0,2,2,1.0
iadw,0,2,2,1.0
seção,0,2,2,1.0
burnery,0,2,2,1.0
assistancia,0,2,2,1.0
estabelec,0,2,2,1.0
rqx,0,2,2,1.0
afitzpa,2,0,2,0.0
viagem,0,2,2,1.0
herstel,0,2,2,1.0
bddnwsfi,0,2,2,1.0
biologist,0,2,2,1.0
daalwijk,0,2,2,1.0
funcionrio,0,2,2,1.0
gcslmvev,0,2,2,1.0
appleg,1,1,2,0.5
oyunlarý,0,2,2,1.0
hipub,0,2,2,1.0
vjpf,0,2,2,1.0
eftut,0,2,2,1.0
guiahoteleraon,0,2,2,1.0
dupayrgc,0,2,2,1.0
gazhenspoortseweg,0,2,2,1.0
weiterleiten,0,2,2,1.0
evansfutur,0,2,2,1.0
yashenggroup,0,2,2,1.0
weer,0,2,2,1.0
rqcpl,0,2,2,1.0
verão,0,2,2,1.0
hellyer,0,2,2,1.0
deepstress,0,2,2,1.0
wpsvxakg,0,2,2,1.0
misdirect,2,0,2,0.0
hardc,0,2,2,1.0
scaro,0,2,2,1.0
sollum,0,2,2,1.0
lisleep,0,2,2,1.0
algoritmo,0,2,2,1.0
bennet,0,2,2,1.0
recuper,0,2,2,1.0
rcommodi,0,2,2,1.0
adisloc,0,2,2,1.0
highschoolpledg,0,2,2,1.0
gsg,0,2,2,1.0
masculino,0,2,2,1.0
wfkoaojz,0,2,2,1.0
hiddi,2,0,2,0.0
freedesktoppc,0,2,2,1.0
htttp,2,0,2,0.0
birrin,0,2,2,1.0
bouncerl,0,2,2,1.0
froggyhost,0,2,2,1.0
klkc,0,2,2,1.0
pairwis,0,2,2,1.0
ngfri,0,2,2,1.0
ewww,0,2,2,1.0
plaag,0,2,2,1.0
copydvd,0,2,2,1.0
zgblkaj,0,2,2,1.0
roulad,0,2,2,1.0
internationalpromo,0,2,2,1.0
tomek,0,2,2,1.0
vigent,0,2,2,1.0
departmentscotiabank,0,2,2,1.0
hebei,0,2,2,1.0
carpeta,0,2,2,1.0
extrahardcor,0,2,2,1.0
appiianc,0,2,2,1.0
heeeeeree,0,2,2,1.0
emisso,0,2,2,1.0
tellm,0,2,2,1.0
acomod,0,2,2,1.0
muhammadu,0,2,2,1.0
jphone,0,2,2,1.0
wwbe,0,2,2,1.0
íæñ,0,2,2,1.0
davidireland,0,2,2,1.0
envíel,0,2,2,1.0
svato,2,0,2,0.0
rseitrweao,2,0,2,0.0
telebanc,0,2,2,1.0
pens,0,2,2,1.0
ferrotyp,0,2,2,1.0
rosemont,0,2,2,1.0
retrial,0,2,2,1.0
butjht,0,2,2,1.0
estaro,0,2,2,1.0
gelbhardt,0,2,2,1.0
âlemîn,0,2,2,1.0
incidenti,0,2,2,1.0
arango,2,0,2,0.0
sendlistinfo,0,2,2,1.0
pierag,0,2,2,1.0
bobrowskiresum,2,0,2,0.0
sitebi,0,2,2,1.0
selvag,0,2,2,1.0
farid,2,0,2,0.0
dryg,0,2,2,1.0
vermelha,0,2,2,1.0
kqeztx,0,2,2,1.0
wwe,0,2,2,1.0
gymoff,0,2,2,1.0
molybendum,0,2,2,1.0
humidor,0,2,2,1.0
leper,0,2,2,1.0
rtant,0,2,2,1.0
faxnumb,0,2,2,1.0
byp,0,2,2,1.0
guqqmqal,0,2,2,1.0
caroton,0,2,2,1.0
distinctmartin,0,2,2,1.0
hsien,0,2,2,1.0
çïçñé,0,2,2,1.0
bonafid,0,2,2,1.0
beckmancoult,0,2,2,1.0
fredyengeni,0,2,2,1.0
belangrijk,0,2,2,1.0
operatlng,0,2,2,1.0
ioe,1,1,2,0.5
cnnmoney,0,2,2,1.0
beso,0,2,2,1.0
yumhjn,0,2,2,1.0
mrongovia,2,0,2,0.0
ubeqjyol,0,2,2,1.0
sartsiz,0,2,2,1.0
excessiveanxieti,0,2,2,1.0
telecommut,0,2,2,1.0
rqmow,0,2,2,1.0
jmail,0,2,2,1.0
saryusz,2,0,2,0.0
renova,0,2,2,1.0
phrmceutcl,0,2,2,1.0
maopyz,0,2,2,1.0
fcdlo,0,2,2,1.0
lytl,2,0,2,0.0
oyzxq,0,2,2,1.0
approvalsbefor,0,2,2,1.0
minnelli,0,2,2,1.0
eintragen,0,2,2,1.0
fibrin,0,2,2,1.0
sxzmo,0,2,2,1.0
wtb,0,2,2,1.0
dnyorsunuz,0,2,2,1.0
buffaloblizzard,0,2,2,1.0
johnniedash,0,2,2,1.0
stabiliz,0,2,2,1.0
tpr,0,2,2,1.0
meir,1,1,2,0.5
tiller,2,0,2,0.0
leshinski,2,0,2,0.0
substanci,0,2,2,1.0
wfkff,0,2,2,1.0
zitten,0,2,2,1.0
üzerind,0,2,2,1.0
deadpanpolit,0,2,2,1.0
dextrou,0,2,2,1.0
makevc,2,0,2,0.0
exordium,0,2,2,1.0
actquot,0,2,2,1.0
rochel,2,0,2,0.0
tonna,0,2,2,1.0
conduccion,0,2,2,1.0
tungstat,0,2,2,1.0
keinen,0,2,2,1.0
terapia,0,2,2,1.0
sujeta,0,2,2,1.0
austingrp,2,0,2,0.0
hooraljenan,0,2,2,1.0
discreetdeliveri,0,2,2,1.0
lduppg,0,2,2,1.0
wcfo,0,2,2,1.0
wln,0,2,2,1.0
necâihâ,0,2,2,1.0
onvermijdelijk,0,2,2,1.0
rsx,0,2,2,1.0
montaña,0,2,2,1.0
trabajosalud,0,2,2,1.0
servicu,0,2,2,1.0
moist,0,2,2,1.0
trialpack,0,2,2,1.0
mwecrapbp,0,2,2,1.0
iletmeniz,0,2,2,1.0
howri,2,0,2,0.0
cucaracha,0,2,2,1.0
atencion,0,2,2,1.0
muenster,2,0,2,0.0
internationallyw,0,2,2,1.0
jutish,0,2,2,1.0
qdwlougj,0,2,2,1.0
ztyl,0,2,2,1.0
cyfiqq,0,2,2,1.0
mindanao,0,2,2,1.0
bayi,2,0,2,0.0
reglster,0,2,2,1.0
klt,0,2,2,1.0
nalluri,2,0,2,0.0
rvsvh,2,0,2,0.0
sexccci,0,2,2,1.0
taubira,0,2,2,1.0
nkzrotlw,0,2,2,1.0
aidait,0,2,2,1.0
usingimag,0,2,2,1.0
ypisukasr,0,2,2,1.0
reduzca,0,2,2,1.0
baldridg,1,1,2,0.5
nawiazac,2,0,2,0.0
kyocera,1,1,2,0.5
impvolab,2,0,2,0.0
archiev,0,2,2,1.0
jej,2,0,2,0.0
itun,0,2,2,1.0
sacbe,2,0,2,0.0
bjrknevto,0,2,2,1.0
ourref,0,2,2,1.0
redevelop,1,1,2,0.5
easyonlin,0,2,2,1.0
satish,2,0,2,0.0
cuu,2,0,2,0.0
utrejo,0,2,2,1.0
euch,0,2,2,1.0
selfcontain,0,2,2,1.0
rhuibqxn,0,2,2,1.0
kwan,0,2,2,1.0
dropletalveolu,0,2,2,1.0
rogerva,0,2,2,1.0
maxproductinfo,0,2,2,1.0
xpng,0,2,2,1.0
hernan,0,2,2,1.0
icop,0,2,2,1.0
couret,2,0,2,0.0
ermeyecei,0,2,2,1.0
pistil,0,2,2,1.0
hartleyr,2,0,2,0.0
culpepp,1,1,2,0.5
feokdadsot,0,2,2,1.0
qbdi,0,2,2,1.0
edewor,0,2,2,1.0
grumbledto,0,2,2,1.0
tlo,1,1,2,0.5
kegpkb,0,2,2,1.0
ltxmed,0,2,2,1.0
ppqpez,0,2,2,1.0
handbil,0,2,2,1.0
modelng,2,0,2,0.0
hhere,1,1,2,0.5
peschel,2,0,2,0.0
npm,2,0,2,0.0
sameer,2,0,2,0.0
shaklovitz,2,0,2,0.0
aikido,0,2,2,1.0
junketeerdragnet,0,2,2,1.0
extremekan,0,2,2,1.0
feiipaaguilar,0,2,2,1.0
olu,0,2,2,1.0
ydvbfcbq,0,2,2,1.0
erx,0,2,2,1.0
spamreason,0,2,2,1.0
argueta,2,0,2,0.0
heartrel,0,2,2,1.0
archibold,2,0,2,0.0
mtchncee,0,2,2,1.0
vendedor,0,2,2,1.0
deo,0,2,2,1.0
brockway,2,0,2,0.0
musrbfi,0,2,2,1.0
underkil,2,0,2,0.0
accesskey,0,2,2,1.0
buna,0,2,2,1.0
reutlingen,0,2,2,1.0
peygamb,0,2,2,1.0
macrocosm,0,2,2,1.0
conect,0,2,2,1.0
uooirdym,0,2,2,1.0
witaj,2,0,2,0.0
hxsehe,0,2,2,1.0
patentattorney,0,2,2,1.0
snoh,2,0,2,0.0
nmmckaag,0,2,2,1.0
laith,0,2,2,1.0
usfreightway,2,0,2,0.0
qdssicz,0,2,2,1.0
fqdasxvz,0,2,2,1.0
calacani,1,1,2,0.5
bornfruit,0,2,2,1.0
informationiabout,0,2,2,1.0
onbekend,0,2,2,1.0
pokhlebkin,2,0,2,0.0
teikei,0,2,2,1.0
selction,0,2,2,1.0
contacteno,0,2,2,1.0
musturb,0,2,2,1.0
helenast,0,2,2,1.0
secp,2,0,2,0.0
puil,0,2,2,1.0
detailinform,0,2,2,1.0
iiion,0,2,2,1.0
jvalleau,2,0,2,0.0
weblinkhttp,2,0,2,0.0
lkjbqb,0,2,2,1.0
ouri,0,2,2,1.0
sxex,0,2,2,1.0
organizowac,2,0,2,0.0
cheapautol,0,2,2,1.0
clítori,0,2,2,1.0
verificada,0,2,2,1.0
discrtion,0,2,2,1.0
lacteal,0,2,2,1.0
rvaiuh,0,2,2,1.0
anticipacin,0,2,2,1.0
tdxhnfvjddkvqc,0,2,2,1.0
amhzrsdxhaeshattyhahau,0,2,2,1.0
splinter,0,2,2,1.0
libert,2,0,2,0.0
incurv,0,2,2,1.0
inconscient,0,2,2,1.0
practiction,0,2,2,1.0
ourpric,0,2,2,1.0
unpat,0,2,2,1.0
versuchen,0,2,2,1.0
youdo,0,2,2,1.0
kamuoyunu,0,2,2,1.0
esefjjzeesazivqx,0,2,2,1.0
celestra,2,0,2,0.0
fofsanz,0,2,2,1.0
myrlburn,0,2,2,1.0
concer,0,2,2,1.0
mikhv,0,2,2,1.0
relaibl,0,2,2,1.0
nisso,0,2,2,1.0
blaaz,0,2,2,1.0
eficazment,0,2,2,1.0
sexmatch,0,2,2,1.0
willst,0,2,2,1.0
pbut,0,2,2,1.0
tarrock,0,2,2,1.0
elphi,0,2,2,1.0
rong,0,2,2,1.0
loleari,2,0,2,0.0
reducir,0,2,2,1.0
useabledatabas,0,2,2,1.0
twill,1,1,2,0.5
chance,0,2,2,1.0
avidli,1,1,2,0.5
wyrnhqyh,0,2,2,1.0
mcphee,2,0,2,0.0
asisst,2,0,2,0.0
vlaggr,0,2,2,1.0
rzxpppxw,0,2,2,1.0
panelow,2,0,2,0.0
subscrîbë,0,2,2,1.0
caraq,0,2,2,1.0
treater,2,0,2,0.0
baskin,0,2,2,1.0
kinesthesi,0,2,2,1.0
kbv,0,2,2,1.0
lolczyk,2,0,2,0.0
ppshffvitekrjht,0,2,2,1.0
equinocti,0,2,2,1.0
zolpdm,0,2,2,1.0
drwdfrba,2,0,2,0.0
interscan,1,1,2,0.5
scurlock,0,2,2,1.0
kathrin,1,1,2,0.5
bouwhui,2,0,2,0.0
hërë,0,2,2,1.0
wifeand,0,2,2,1.0
vervoeren,0,2,2,1.0
podagra,0,2,2,1.0
catena,0,2,2,1.0
discipular,0,2,2,1.0
fmlciwxl,0,2,2,1.0
jist,2,0,2,0.0
annexur,0,2,2,1.0
tphbjf,0,2,2,1.0
ltpez,0,2,2,1.0
resumer,2,0,2,0.0
kyriako,2,0,2,0.0
fmto,2,0,2,0.0
subhead,2,0,2,0.0
iqwdozqsi,0,2,2,1.0
doan,2,0,2,0.0
mayol,2,0,2,0.0
adfglijxqrnychkzbemimg,0,2,2,1.0
cooa,2,0,2,0.0
sdougla,2,0,2,0.0
distinctionsemienw,0,2,2,1.0
ishmaila,0,2,2,1.0
rugos,0,2,2,1.0
nhqqwamih,0,2,2,1.0
lbum,0,2,2,1.0
inteliectua,0,2,2,1.0
hqowgbggavnrxoxtg,0,2,2,1.0
nigger,0,2,2,1.0
vaal,0,2,2,1.0
aschwarzl,0,2,2,1.0
ramadan,2,0,2,0.0
qcpdl,0,2,2,1.0
zkdrrjol,0,2,2,1.0
redbrick,0,2,2,1.0
nsa,2,0,2,0.0
enronassist,2,0,2,0.0
idn,0,2,2,1.0
mbien,0,2,2,1.0
entrevistarl,0,2,2,1.0
subsequen,0,2,2,1.0
sypi,0,2,2,1.0
nominai,0,2,2,1.0
gamecub,0,2,2,1.0
excesseshop,0,2,2,1.0
yokem,0,2,2,1.0
hendersonvil,0,2,2,1.0
vri,0,2,2,1.0
estero,0,2,2,1.0
jkmbj,0,2,2,1.0
hadamard,0,2,2,1.0
wacc,0,2,2,1.0
brllliant,0,2,2,1.0
surind,2,0,2,0.0
zrj,0,2,2,1.0
urmaspj,0,2,2,1.0
bingoi,0,2,2,1.0
documentacin,0,2,2,1.0
radioloc,0,2,2,1.0
nowww,0,2,2,1.0
flcg,0,2,2,1.0
klaw,2,0,2,0.0
adquirido,0,2,2,1.0
layden,2,0,2,0.0
brocket,0,2,2,1.0
htdig,2,0,2,0.0
wfibwo,0,2,2,1.0
ordercent,2,0,2,0.0
noctambulizm,0,2,2,1.0
aqmd,2,0,2,0.0
ucpi,0,2,2,1.0
gvj,0,2,2,1.0
diiploma,0,2,2,1.0
sdf,0,2,2,1.0
certyourself,0,2,2,1.0
pouillan,2,0,2,0.0
knapwe,0,2,2,1.0
orecast,0,2,2,1.0
gwl,0,2,2,1.0
yujxopm,0,2,2,1.0
zaeaxtmw,0,2,2,1.0
yourclaim,0,2,2,1.0
oneveryth,0,2,2,1.0
dollarmachin,0,2,2,1.0
viruscheck,0,2,2,1.0
hasenjag,2,0,2,0.0
powerup,0,2,2,1.0
faztsitez,0,2,2,1.0
accout,2,0,2,0.0
snipe,0,2,2,1.0
ittoolbox,0,2,2,1.0
savviest,2,0,2,0.0
copsewood,0,2,2,1.0
endogam,0,2,2,1.0
tomarrow,2,0,2,0.0
steamer,2,0,2,0.0
sjdemarco,2,0,2,0.0
loeschen,0,2,2,1.0
viiiiagra,0,2,2,1.0
mond,0,2,2,1.0
seimd,0,2,2,1.0
sholamartin,0,2,2,1.0
zeroth,0,2,2,1.0
eafrank,2,0,2,0.0
bambam,2,0,2,0.0
setupmefre,0,2,2,1.0
swith,1,1,2,0.5
houshold,0,2,2,1.0
coomb,2,0,2,0.0
capturado,0,2,2,1.0
pashdswo,0,2,2,1.0
cldick,0,2,2,1.0
thepillsbrand,0,2,2,1.0
tfppvyuqwx,0,2,2,1.0
insu,0,2,2,1.0
shelp,2,0,2,0.0
gribben,2,0,2,0.0
yokohama,0,2,2,1.0
bluffmuskellung,0,2,2,1.0
collegeteeni,0,2,2,1.0
edilen,0,2,2,1.0
thepeopl,0,2,2,1.0
mantlepiec,0,2,2,1.0
lativ,0,2,2,1.0
atb,1,1,2,0.5
chorro,0,2,2,1.0
biioba,0,2,2,1.0
qujrjfc,0,2,2,1.0
tosher,0,2,2,1.0
bezahlung,0,2,2,1.0
stet,0,2,2,1.0
produo,0,2,2,1.0
sofwar,1,1,2,0.5
jmsjeftha,0,2,2,1.0
posicion,0,2,2,1.0
gjpjoxa,0,2,2,1.0
remoo,0,2,2,1.0
dworld,0,2,2,1.0
fvogel,0,2,2,1.0
adreport,0,2,2,1.0
buzona,2,0,2,0.0
acucmul,2,0,2,0.0
mtab,0,2,2,1.0
airstrik,2,0,2,0.0
uacpâ,0,2,2,1.0
icsyfc,0,2,2,1.0
bzigehi,0,2,2,1.0
voe,0,2,2,1.0
gqlbthijg,0,2,2,1.0
mzay,0,2,2,1.0
alumnipol,0,2,2,1.0
firmekundebetreung,0,2,2,1.0
northshor,0,2,2,1.0
gentor,2,0,2,0.0
aérea,0,2,2,1.0
müteakiben,0,2,2,1.0
markwest,2,0,2,0.0
axxyv,0,2,2,1.0
pww,0,2,2,1.0
shopnot,2,0,2,0.0
recibida,0,2,2,1.0
mhb,2,0,2,0.0
teamnitroassassin,0,2,2,1.0
toikka,2,0,2,0.0
kruti,2,0,2,0.0
ladit,0,2,2,1.0
ericia,2,0,2,0.0
plrk,0,2,2,1.0
pdtegcbw,0,2,2,1.0
aflcvprg,0,2,2,1.0
oqaco,0,2,2,1.0
pawnbrok,0,2,2,1.0
getter,0,2,2,1.0
compensacin,0,2,2,1.0
cadburi,0,2,2,1.0
estaban,0,2,2,1.0
morphinefisherman,0,2,2,1.0
fkfhjkni,0,2,2,1.0
serverhav,0,2,2,1.0
fdapprov,0,2,2,1.0
iveri,0,2,2,1.0
wdutgo,0,2,2,1.0
ptasmgt,0,2,2,1.0
penalit,2,0,2,0.0
apresentao,0,2,2,1.0
vzhwapn,0,2,2,1.0
phani,2,0,2,0.0
resolucion,0,2,2,1.0
iccrea,0,2,2,1.0
refrenc,0,2,2,1.0
flycheapabroad,0,2,2,1.0
learningl,0,2,2,1.0
robertgeorg,0,2,2,1.0
broadfoot,2,0,2,0.0
tenek,0,2,2,1.0
mailsleg,0,2,2,1.0
recyclabi,0,2,2,1.0
mccord,2,0,2,0.0
qinrc,0,2,2,1.0
htere,0,2,2,1.0
isotropi,0,2,2,1.0
thisdeal,0,2,2,1.0
dpcqpjilu,0,2,2,1.0
smartreplica,0,2,2,1.0
sexdirecti,0,2,2,1.0
kubin,2,0,2,0.0
cee,1,1,2,0.5
gkwrod,0,2,2,1.0
reval,2,0,2,0.0
cyberwatch,0,2,2,1.0
riiiiiiid,0,2,2,1.0
rwtoy,0,2,2,1.0
xkyg,0,2,2,1.0
technicalengin,0,2,2,1.0
monilial,0,2,2,1.0
adar,0,2,2,1.0
mdu,2,0,2,0.0
drsfostersmith,0,2,2,1.0
wbfm,0,2,2,1.0
sair,0,2,2,1.0
okngsb,0,2,2,1.0
unwel,0,2,2,1.0
clinoprroxen,0,2,2,1.0
stallon,0,2,2,1.0
tombola,0,2,2,1.0
severud,2,0,2,0.0
alcandr,2,0,2,0.0
arger,0,2,2,1.0
sarina,0,2,2,1.0
yeoman,1,1,2,0.5
weijden,0,2,2,1.0
koplop,0,2,2,1.0
geworden,0,2,2,1.0
disconsol,0,2,2,1.0
topstock,0,2,2,1.0
alcibiad,0,2,2,1.0
posess,1,1,2,0.5
psencik,2,0,2,0.0
zustand,0,2,2,1.0
screed,0,2,2,1.0
transmitem,0,2,2,1.0
brali,2,0,2,0.0
loansp,0,2,2,1.0
mywebdesignportfo,0,2,2,1.0
cbg,0,2,2,1.0
oue,0,2,2,1.0
fuzqcpnb,0,2,2,1.0
subroutin,1,1,2,0.5
melida,0,2,2,1.0
trifineri,2,0,2,0.0
alynda,2,0,2,0.0
conq,0,2,2,1.0
jokeroem,0,2,2,1.0
nrumqor,2,0,2,0.0
phyyua,0,2,2,1.0
mpla,0,2,2,1.0
tamika,0,2,2,1.0
aptw,0,2,2,1.0
cbexitwindow,0,2,2,1.0
uncoin,0,2,2,1.0
retirars,0,2,2,1.0
zithromax,0,2,2,1.0
hencew,0,2,2,1.0
unpolit,0,2,2,1.0
opvlxnz,0,2,2,1.0
colpean,2,0,2,0.0
junol,2,0,2,0.0
uncompetit,2,0,2,0.0
macminnr,2,0,2,0.0
oiambebzn,0,2,2,1.0
theoffic,0,2,2,1.0
fbfb,0,2,2,1.0
aredynast,0,2,2,1.0
ixljd,0,2,2,1.0
westpow,2,0,2,0.0
diant,0,2,2,1.0
schutzmanahmen,0,2,2,1.0
soggier,0,2,2,1.0
pwrd,0,2,2,1.0
topaqualitydsoftw,0,2,2,1.0
balasaheb,2,0,2,0.0
vazza,2,0,2,0.0
ctom,2,0,2,0.0
resigt,0,2,2,1.0
igtd,0,2,2,1.0
vailid,0,2,2,1.0
rge,0,2,2,1.0
zcklngwf,0,2,2,1.0
bisti,2,0,2,0.0
migrao,0,2,2,1.0
peopleneedhti,0,2,2,1.0
insynq,0,2,2,1.0
eich,0,2,2,1.0
delphinusart,0,2,2,1.0
vlaafter,0,2,2,1.0
pnxri,0,2,2,1.0
cdbtelevisionco,0,2,2,1.0
wao,0,2,2,1.0
crespigni,0,2,2,1.0
eklruhl,0,2,2,1.0
siximonth,0,2,2,1.0
immarket,0,2,2,1.0
abrat,1,1,2,0.5
effectiveiphras,0,2,2,1.0
saffetin,0,2,2,1.0
andord,0,2,2,1.0
unplug,1,1,2,0.5
blamey,2,0,2,0.0
mobii,0,2,2,1.0
goodnight,2,0,2,0.0
curars,0,2,2,1.0
ememberm,0,2,2,1.0
lyke,0,2,2,1.0
relatar,0,2,2,1.0
theseu,0,2,2,1.0
unction,0,2,2,1.0
mailsurf,0,2,2,1.0
shish,0,2,2,1.0
qmrmw,0,2,2,1.0
hsv,1,1,2,0.5
mpwomen,2,0,2,0.0
ithcmb,0,2,2,1.0
comf,0,2,2,1.0
yarisma,0,2,2,1.0
bordercolor,0,2,2,1.0
wewould,0,2,2,1.0
substituido,0,2,2,1.0
macurli,0,2,2,1.0
müracaatýn,0,2,2,1.0
gbkkgkh,0,2,2,1.0
toyshop,2,0,2,0.0
xaal,2,0,2,0.0
pkitdd,0,2,2,1.0
ilr,0,2,2,1.0
norilsk,0,2,2,1.0
bmbll,0,2,2,1.0
weatherforecast,0,2,2,1.0
eluxmedia,0,2,2,1.0
dragan,2,0,2,0.0
softmodem,0,2,2,1.0
zeff,2,0,2,0.0
xnb,0,2,2,1.0
mpu,0,2,2,1.0
thamm,2,0,2,0.0
kneilson,2,0,2,0.0
fricken,2,0,2,0.0
gece,0,2,2,1.0
nkh,0,2,2,1.0
noviti,0,2,2,1.0
dorigin,0,2,2,1.0
pbrbrbrbrbrbrbr,0,2,2,1.0
internetanschluss,0,2,2,1.0
anhlich,0,2,2,1.0
ror,0,2,2,1.0
lybia,0,2,2,1.0
geschickt,0,2,2,1.0
superman,0,2,2,1.0
lsno,2,0,2,0.0
ibil,0,2,2,1.0
rcarrol,2,0,2,0.0
doamin,2,0,2,0.0
lbck,0,2,2,1.0
gurant,0,2,2,1.0
automatica,0,2,2,1.0
versuch,0,2,2,1.0
intnaton,0,2,2,1.0
neighbourh,0,2,2,1.0
shamu,0,2,2,1.0
posición,0,2,2,1.0
cardex,0,2,2,1.0
meilleur,0,2,2,1.0
lfrq,0,2,2,1.0
midombo,0,2,2,1.0
bae,0,2,2,1.0
lagbekc,0,2,2,1.0
mesai,0,2,2,1.0
metairi,0,2,2,1.0
manureburet,0,2,2,1.0
azecwtvl,0,2,2,1.0
soim,0,2,2,1.0
talahasse,2,0,2,0.0
vanichola,0,2,2,1.0
igat,0,2,2,1.0
inna,0,2,2,1.0
tribesmen,0,2,2,1.0
mhd,0,2,2,1.0
miexrvq,0,2,2,1.0
wqlm,0,2,2,1.0
qbgzujg,0,2,2,1.0
confiaient,0,2,2,1.0
matria,0,2,2,1.0
bogart,0,2,2,1.0
muztarrîn,0,2,2,1.0
jager,0,2,2,1.0
emem,0,2,2,1.0
unenlighten,0,2,2,1.0
soleiy,0,2,2,1.0
nuxexx,0,2,2,1.0
yxlvr,0,2,2,1.0
annound,0,2,2,1.0
mzeoiw,0,2,2,1.0
rectal,0,2,2,1.0
vontad,0,2,2,1.0
rynku,2,0,2,0.0
bomber,1,1,2,0.5
thoroughgo,0,2,2,1.0
kdavi,2,0,2,0.0
schlafzimmern,0,2,2,1.0
incommodi,0,2,2,1.0
tellin,0,2,2,1.0
taw,0,2,2,1.0
rehous,0,2,2,1.0
frt,0,2,2,1.0
hhtt,0,2,2,1.0
nvfihuprqfxveg,0,2,2,1.0
twirl,0,2,2,1.0
happynhealthi,0,2,2,1.0
eastchest,2,0,2,0.0
whichar,0,2,2,1.0
kapfer,2,0,2,0.0
antisept,1,1,2,0.5
vxe,0,2,2,1.0
ímã,0,2,2,1.0
oredress,0,2,2,1.0
lateri,0,2,2,1.0
crenel,0,2,2,1.0
ionclear,0,2,2,1.0
wheacwmatzw,0,2,2,1.0
hjjdj,0,2,2,1.0
llamaremo,0,2,2,1.0
kmeunhyq,0,2,2,1.0
objection,0,2,2,1.0
gazogen,0,2,2,1.0
candyperson,0,2,2,1.0
amazementami,0,2,2,1.0
epam,0,2,2,1.0
fju,0,2,2,1.0
surcingl,0,2,2,1.0
keira,0,2,2,1.0
úæ,0,2,2,1.0
gasfair,2,0,2,0.0
bizcn,0,2,2,1.0
snqpdji,0,2,2,1.0
nowavail,0,2,2,1.0
franko,0,2,2,1.0
constitutionactiv,0,2,2,1.0
armani,0,2,2,1.0
wersji,2,0,2,0.0
telepathi,1,1,2,0.5
ipodesktop,0,2,2,1.0
dewalt,2,0,2,0.0
coock,0,2,2,1.0
ybfklgada,0,2,2,1.0
wzglpizqm,0,2,2,1.0
trmzkacd,0,2,2,1.0
saterday,2,0,2,0.0
organizaçõ,0,2,2,1.0
ctl,2,0,2,0.0
nouakchott,0,2,2,1.0
abspielt,0,2,2,1.0
allyanni,2,0,2,0.0
grandmom,2,0,2,0.0
gilpin,2,0,2,0.0
tameka,0,2,2,1.0
oit,0,2,2,1.0
furfur,0,2,2,1.0
escolhido,0,2,2,1.0
ayet,0,2,2,1.0
ibrkntol,0,2,2,1.0
hdr,2,0,2,0.0
fluxu,0,2,2,1.0
awzegiy,0,2,2,1.0
qupoick,0,2,2,1.0
znalezlismi,2,0,2,0.0
sge,0,2,2,1.0
dokument,0,2,2,1.0
staffingupd,2,0,2,0.0
zuban,0,2,2,1.0
britanniqu,0,2,2,1.0
cciabattoni,2,0,2,0.0
tipto,0,2,2,1.0
difcoxw,0,2,2,1.0
chitlin,2,0,2,0.0
herrick,2,0,2,0.0
deflagr,0,2,2,1.0
viczodin,0,2,2,1.0
zhpm,0,2,2,1.0
ecosecur,2,0,2,0.0
subenti,2,0,2,0.0
saatt,0,2,2,1.0
norepro,2,0,2,0.0
lineand,0,2,2,1.0
befunden,0,2,2,1.0
jeffersondarci,0,2,2,1.0
hungerford,2,0,2,0.0
vestir,0,2,2,1.0
brecker,2,0,2,0.0
beneteau,0,2,2,1.0
elegantli,1,1,2,0.5
kaintojo,0,2,2,1.0
lzd,0,2,2,1.0
yacom,0,2,2,1.0
jpgx,0,2,2,1.0
burnel,2,0,2,0.0
hocfuu,0,2,2,1.0
copley,2,0,2,0.0
missionria,0,2,2,1.0
musicihous,0,2,2,1.0
netek,2,0,2,0.0
ecdysiseducatorcpd,0,2,2,1.0
curaduria,0,2,2,1.0
dindaeng,0,2,2,1.0
whitehous,2,0,2,0.0
hèrnanadez,0,2,2,1.0
consegnato,0,2,2,1.0
tsarina,0,2,2,1.0
ngiokj,0,2,2,1.0
koþuyolu,0,2,2,1.0
bergkvist,0,2,2,1.0
sukorn,0,2,2,1.0
sercen,0,2,2,1.0
wrhoe,0,2,2,1.0
ausserdem,0,2,2,1.0
menard,0,2,2,1.0
pjjeuhkkzeopldibo,0,2,2,1.0
hematoencefálica,0,2,2,1.0
kelimâtik,0,2,2,1.0
uan,1,1,2,0.5
mesi,0,2,2,1.0
zweck,0,2,2,1.0
ný,0,2,2,1.0
giftcard,0,2,2,1.0
viacgra,0,2,2,1.0
minh,1,1,2,0.5
msjx,0,2,2,1.0
erronå,0,2,2,1.0
wbukxoir,0,2,2,1.0
mchen,2,0,2,0.0
gestion,0,2,2,1.0
retreiv,2,0,2,0.0
electoral,0,2,2,1.0
pennix,2,0,2,0.0
projektu,2,0,2,0.0
demonstrar,0,2,2,1.0
dieet,0,2,2,1.0
goget,0,2,2,1.0
dwilliam,2,0,2,0.0
iyotwbil,0,2,2,1.0
spectrophotomet,0,2,2,1.0
hurston,2,0,2,0.0
hgyktivno,0,2,2,1.0
potuyq,0,2,2,1.0
direkt,0,2,2,1.0
duudd,2,0,2,0.0
oorsprong,0,2,2,1.0
roxithromycin,0,2,2,1.0
verpasst,0,2,2,1.0
renovando,0,2,2,1.0
velma,0,2,2,1.0
ralt,0,2,2,1.0
criner,2,0,2,0.0
lehul,0,2,2,1.0
odf,0,2,2,1.0
tesla,0,2,2,1.0
misconc,0,2,2,1.0
estacionamento,0,2,2,1.0
kfstluq,0,2,2,1.0
ugliest,0,2,2,1.0
slze,0,2,2,1.0
bloussant,0,2,2,1.0
datuo,0,2,2,1.0
verá,0,2,2,1.0
discountsg,0,2,2,1.0
madubuez,0,2,2,1.0
gómez,0,2,2,1.0
qkfrycppbph,0,2,2,1.0
invitaion,2,0,2,0.0
moviebuff,0,2,2,1.0
landingher,0,2,2,1.0
theadvantag,0,2,2,1.0
audi,0,2,2,1.0
berrybro,0,2,2,1.0
uneaten,0,2,2,1.0
lowrateznow,0,2,2,1.0
votado,0,2,2,1.0
myrlg,0,2,2,1.0
andersontop,0,2,2,1.0
eimissyo,0,2,2,1.0
rygxbfx,0,2,2,1.0
jtrgfoz,0,2,2,1.0
lifeel,0,2,2,1.0
scaffold,0,2,2,1.0
hostinworld,0,2,2,1.0
bevor,0,2,2,1.0
marketabi,0,2,2,1.0
einmalig,0,2,2,1.0
pqn,0,2,2,1.0
producst,2,0,2,0.0
informationotc,0,2,2,1.0
largetsearch,0,2,2,1.0
phobia,0,2,2,1.0
karmaa,0,2,2,1.0
beirt,0,2,2,1.0
gmaccm,2,0,2,0.0
uncorrobor,2,0,2,0.0
ird,0,2,2,1.0
banen,0,2,2,1.0
sonidomagnífico,0,2,2,1.0
basicaili,0,2,2,1.0
gez,0,2,2,1.0
regulamenta,0,2,2,1.0
nwu,1,1,2,0.5
wuniv,0,2,2,1.0
rviola,2,0,2,0.0
acompanha,0,2,2,1.0
wilfr,0,2,2,1.0
providencia,0,2,2,1.0
redbricklend,0,2,2,1.0
abdel,0,2,2,1.0
ynotsavemor,0,2,2,1.0
threateningli,0,2,2,1.0
anglist,0,2,2,1.0
sencillo,0,2,2,1.0
amateuren,0,2,2,1.0
pepl,2,0,2,0.0
hoteli,0,2,2,1.0
ownedboon,0,2,2,1.0
breakthroughhug,0,2,2,1.0
jdillard,2,0,2,0.0
beloveth,0,2,2,1.0
conclusionsl,2,0,2,0.0
bekker,0,2,2,1.0
gkjfdgfadvsdfhjd,0,2,2,1.0
harderr,0,2,2,1.0
busniess,0,2,2,1.0
inker,0,2,2,1.0
fancler,2,0,2,0.0
dfinitif,0,2,2,1.0
gonzaga,0,2,2,1.0
fifbcoai,0,2,2,1.0
omeara,2,0,2,0.0
wiri,0,2,2,1.0
besentbi,0,2,2,1.0
akbiogr,0,2,2,1.0
typl,0,2,2,1.0
barzyk,2,0,2,0.0
xbsl,2,0,2,0.0
publicament,0,2,2,1.0
ged,0,2,2,1.0
azim,0,2,2,1.0
englnal,0,2,2,1.0
utglobvpxjg,0,2,2,1.0
selcydc,0,2,2,1.0
medlc,0,2,2,1.0
ppq,0,2,2,1.0
transboliviano,2,0,2,0.0
ksu,0,2,2,1.0
speier,2,0,2,0.0
tjketzwr,0,2,2,1.0
convenor,2,0,2,0.0
guaranteey,0,2,2,1.0
passageway,0,2,2,1.0
missyou,0,2,2,1.0
nriuw,0,2,2,1.0
lolurfgyy,2,0,2,0.0
beenther,0,2,2,1.0
fiev,0,2,2,1.0
bgrnoo,0,2,2,1.0
shania,0,2,2,1.0
knanrtit,0,2,2,1.0
theearth,0,2,2,1.0
ouodpkwh,0,2,2,1.0
gec,2,0,2,0.0
inta,0,2,2,1.0
comth,0,2,2,1.0
striker,1,1,2,0.5
pharrmaci,0,2,2,1.0
leefmilieu,0,2,2,1.0
trofeo,0,2,2,1.0
microzid,0,2,2,1.0
idzi,2,0,2,0.0
freautobot,0,2,2,1.0
suscrito,0,2,2,1.0
thedud,0,2,2,1.0
utm,0,2,2,1.0
anyind,0,2,2,1.0
iikdjakuq,0,2,2,1.0
slr,0,2,2,1.0
squali,2,0,2,0.0
ilyyd,0,2,2,1.0
cashchangeukltd,0,2,2,1.0
xmol,0,2,2,1.0
xjwasc,0,2,2,1.0
fortuneless,0,2,2,1.0
parkhill,2,0,2,0.0
musicrama,0,2,2,1.0
valpak,2,0,2,0.0
spigonardo,2,0,2,0.0
zzzzcard,0,2,2,1.0
seccttion,0,2,2,1.0
ixl,0,2,2,1.0
reflexo,0,2,2,1.0
organizujemi,2,0,2,0.0
swatter,0,2,2,1.0
bellair,2,0,2,0.0
hahaha,2,0,2,0.0
awel,2,0,2,0.0
zsmpc,0,2,2,1.0
jgkid,0,2,2,1.0
eetn,0,2,2,1.0
zi,1,1,2,0.5
senora,1,1,2,0.5
agz,0,2,2,1.0
duperi,0,2,2,1.0
mevcut,0,2,2,1.0
tynisha,0,2,2,1.0
kwanzaa,2,0,2,0.0
antoniop,0,2,2,1.0
nhmnd,0,2,2,1.0
coupeglutamin,0,2,2,1.0
misdeem,0,2,2,1.0
dawerav,0,2,2,1.0
droc,0,2,2,1.0
creighton,2,0,2,0.0
omahahttp,0,2,2,1.0
naturalway,0,2,2,1.0
hiim,2,0,2,0.0
uvswfjo,0,2,2,1.0
flatratesex,0,2,2,1.0
formanc,0,2,2,1.0
havoq,0,2,2,1.0
ndfkoz,0,2,2,1.0
dguertin,2,0,2,0.0
duidelijk,0,2,2,1.0
efectividad,0,2,2,1.0
ballantyn,0,2,2,1.0
unzhlig,0,2,2,1.0
oyofo,0,2,2,1.0
epo,2,0,2,0.0
dcembr,0,2,2,1.0
unexplic,2,0,2,0.0
ejdtef,0,2,2,1.0
clemmi,0,2,2,1.0
swashbuckl,2,0,2,0.0
canova,2,0,2,0.0
diciendo,0,2,2,1.0
rlz,1,1,2,0.5
impressum,0,2,2,1.0
cagan,2,0,2,0.0
believeoh,0,2,2,1.0
berh,0,2,2,1.0
qkxhc,0,2,2,1.0
mejfp,0,2,2,1.0
diseño,0,2,2,1.0
scheduletr,2,0,2,0.0
tycho,2,0,2,0.0
mayorcito,0,2,2,1.0
loveth,0,2,2,1.0
przyszlym,2,0,2,0.0
barreda,2,0,2,0.0
afbaken,0,2,2,1.0
mailb,0,2,2,1.0
smartshop,0,2,2,1.0
srvl,0,2,2,1.0
necessarlili,2,0,2,0.0
dzeu,0,2,2,1.0
wwwpuntocom,0,2,2,1.0
deavk,0,2,2,1.0
awolowo,0,2,2,1.0
theressa,0,2,2,1.0
bresil,0,2,2,1.0
shukali,2,0,2,0.0
qaiszqlz,0,2,2,1.0
uluslararasý,0,2,2,1.0
fournanc,2,0,2,0.0
inscupx,0,2,2,1.0
airworthi,0,2,2,1.0
goldmanndv,2,0,2,0.0
pbo,0,2,2,1.0
wlbbpa,0,2,2,1.0
nepha,0,2,2,1.0
odoyousti,0,2,2,1.0
thankless,0,2,2,1.0
balog,2,0,2,0.0
arbeitstag,0,2,2,1.0
gebieden,0,2,2,1.0
loonnorm,0,2,2,1.0
pricoc,0,2,2,1.0
badham,2,0,2,0.0
cathryn,0,2,2,1.0
renc,2,0,2,0.0
nga,1,1,2,0.5
rabai,0,2,2,1.0
korioth,2,0,2,0.0
crypto,0,2,2,1.0
passaic,0,2,2,1.0
grasnd,0,2,2,1.0
ganha,0,2,2,1.0
transliter,0,2,2,1.0
fom,2,0,2,0.0
centigram,0,2,2,1.0
tnh,0,2,2,1.0
pressler,2,0,2,0.0
dufe,0,2,2,1.0
instalao,0,2,2,1.0
sizemax,0,2,2,1.0
wiseschool,0,2,2,1.0
ynldtf,0,2,2,1.0
iem,0,2,2,1.0
aqphi,0,2,2,1.0
mdaixlxtpbr,0,2,2,1.0
gulyassi,2,0,2,0.0
verloren,0,2,2,1.0
peligrosa,0,2,2,1.0
courteous,2,0,2,0.0
pxevvb,0,2,2,1.0
feastcarolinian,0,2,2,1.0
zduhw,0,2,2,1.0
powerhouseonli,0,2,2,1.0
worh,0,2,2,1.0
timeslot,2,0,2,0.0
jemimajon,0,2,2,1.0
workd,2,0,2,0.0
gtete,0,2,2,1.0
vaga,0,2,2,1.0
cartaz,0,2,2,1.0
hereinteract,0,2,2,1.0
seleccin,0,2,2,1.0
snowboard,2,0,2,0.0
tetri,0,2,2,1.0
mrpmjtvk,0,2,2,1.0
linklat,2,0,2,0.0
chriss,0,2,2,1.0
versif,0,2,2,1.0
straightedg,2,0,2,0.0
arx,0,2,2,1.0
siberiantigergrowl,0,2,2,1.0
endevour,0,2,2,1.0
bezeichnet,0,2,2,1.0
veccyv,0,2,2,1.0
grandkid,0,2,2,1.0
françai,0,2,2,1.0
tariq,0,2,2,1.0
önleyici,0,2,2,1.0
heritagefin,0,2,2,1.0
mjhmn,0,2,2,1.0
discreción,0,2,2,1.0
ivernia,0,2,2,1.0
excessivestress,0,2,2,1.0
maneo,0,2,2,1.0
mmboe,2,0,2,0.0
toman,1,1,2,0.5
rayburn,2,0,2,0.0
wmr,0,2,2,1.0
belemmeringen,0,2,2,1.0
erectl,0,2,2,1.0
aesksgdxg,0,2,2,1.0
wiseth,0,2,2,1.0
medlcaatlon,0,2,2,1.0
psychosomat,0,2,2,1.0
ammount,0,2,2,1.0
ioomvc,0,2,2,1.0
arumja,0,2,2,1.0
crepuscular,0,2,2,1.0
fnj,0,2,2,1.0
admira,0,2,2,1.0
mslatx,2,0,2,0.0
weesperplein,0,2,2,1.0
restriçõ,0,2,2,1.0
dej,0,2,2,1.0
nonrecur,2,0,2,0.0
bojo,0,2,2,1.0
liderana,0,2,2,1.0
hxyde,0,2,2,1.0
roaxyw,0,2,2,1.0
kgaa,0,2,2,1.0
rawlinson,0,2,2,1.0
springmorqan,0,2,2,1.0
allâhumm,0,2,2,1.0
elmr,0,2,2,1.0
wyyxkya,0,2,2,1.0
cleanactpro,0,2,2,1.0
iabl,0,2,2,1.0
nsurnc,0,2,2,1.0
bluearc,0,2,2,1.0
outloan,0,2,2,1.0
multistori,0,2,2,1.0
unappreci,0,2,2,1.0
orderconfirm,0,2,2,1.0
toothsom,0,2,2,1.0
kisaca,0,2,2,1.0
chelton,2,0,2,0.0
investm,0,2,2,1.0
dix,2,0,2,0.0
mocor,0,2,2,1.0
sulemon,0,2,2,1.0
jdbc,0,2,2,1.0
dmlydxmu,0,2,2,1.0
jedem,0,2,2,1.0
houseboat,0,2,2,1.0
gerd,0,2,2,1.0
noekmi,0,2,2,1.0
escenario,0,2,2,1.0
ourcruiseco,0,2,2,1.0
zfill,0,2,2,1.0
adneiekn,0,2,2,1.0
futuna,0,2,2,1.0
alyfoffmwok,0,2,2,1.0
iddbbbfk,0,2,2,1.0
thepow,0,2,2,1.0
pornstarsplu,0,2,2,1.0
marketspray,0,2,2,1.0
chromolithograph,0,2,2,1.0
agold,2,0,2,0.0
wai,0,2,2,1.0
econozami,0,2,2,1.0
pleras,0,2,2,1.0
ffectuer,0,2,2,1.0
hdj,0,2,2,1.0
ncook,0,2,2,1.0
siriam,2,0,2,0.0
pester,0,2,2,1.0
ucei,2,0,2,0.0
circularli,0,2,2,1.0
imparci,0,2,2,1.0
bsi,0,2,2,1.0
ubbxmbxvi,0,2,2,1.0
sasko,2,0,2,0.0
rmzgbmfv,0,2,2,1.0
dinacromsrl,0,2,2,1.0
nodw,0,2,2,1.0
issuant,0,2,2,1.0
agwayfev,0,2,2,1.0
discus,0,2,2,1.0
wellston,0,2,2,1.0
agrmnt,2,0,2,0.0
groundswel,2,0,2,0.0
gadbaw,0,2,2,1.0
interfaz,0,2,2,1.0
jong,0,2,2,1.0
lfetoib,0,2,2,1.0
bakori,0,2,2,1.0
djfr,2,0,2,0.0
iqemoaq,0,2,2,1.0
humberto,0,2,2,1.0
bmicrosoft,0,2,2,1.0
daresay,0,2,2,1.0
fugendues,0,2,2,1.0
bisco,2,0,2,0.0
nimbu,0,2,2,1.0
postprocess,0,2,2,1.0
skylarkchamf,0,2,2,1.0
plannen,0,2,2,1.0
brr,2,0,2,0.0
neighbourship,0,2,2,1.0
demanda,0,2,2,1.0
colioquak,2,0,2,0.0
relict,0,2,2,1.0
lafferti,2,0,2,0.0
warlik,0,2,2,1.0
gduxzexgc,0,2,2,1.0
hayýrlýsýdýr,0,2,2,1.0
bpt,2,0,2,0.0
jhdchkr,0,2,2,1.0
uvqu,0,2,2,1.0
peinlichkeit,0,2,2,1.0
verdadeiro,0,2,2,1.0
untwist,0,2,2,1.0
uyouv,0,2,2,1.0
dvdxxxvideo,0,2,2,1.0
kanowna,0,2,2,1.0
thiocyan,0,2,2,1.0
glucophagestop,0,2,2,1.0
tsar,0,2,2,1.0
gmcclel,2,0,2,0.0
villega,0,2,2,1.0
rejoyc,0,2,2,1.0
carterodominicano,0,2,2,1.0
broadcom,0,2,2,1.0
klamath,2,0,2,0.0
somadiabet,0,2,2,1.0
usref,0,2,2,1.0
giv,0,2,2,1.0
rahmetik,0,2,2,1.0
mnxv,0,2,2,1.0
ygci,2,0,2,0.0
cabeza,0,2,2,1.0
depositar,0,2,2,1.0
versichern,0,2,2,1.0
fch,2,0,2,0.0
bqj,0,2,2,1.0
renaldo,0,2,2,1.0
contumacynobl,0,2,2,1.0
mejoer,0,2,2,1.0
zlmlp,0,2,2,1.0
remexport,0,2,2,1.0
proenergi,2,0,2,0.0
dgi,0,2,2,1.0
promisey,0,2,2,1.0
beiremov,0,2,2,1.0
msgid,0,2,2,1.0
whenth,0,2,2,1.0
vyku,0,2,2,1.0
peygamberimiz,0,2,2,1.0
pqglqqyr,0,2,2,1.0
coviello,2,0,2,0.0
tractortrail,0,2,2,1.0
kbvglz,0,2,2,1.0
cattlepen,0,2,2,1.0
kgd,1,1,2,0.5
neuf,0,2,2,1.0
och,2,0,2,0.0
recis,2,0,2,0.0
skafid,0,2,2,1.0
witthin,0,2,2,1.0
thiouracil,0,2,2,1.0
vukl,0,2,2,1.0
trueand,0,2,2,1.0
secom,2,0,2,0.0
retrench,1,1,2,0.5
thankk,0,2,2,1.0
pkjen,0,2,2,1.0
whitti,2,0,2,0.0
pappier,2,0,2,0.0
trepid,0,2,2,1.0
tmo,1,1,2,0.5
peacekeep,0,2,2,1.0
µie,0,2,2,1.0
prelminari,2,0,2,0.0
autoriteiten,0,2,2,1.0
dâinâ,0,2,2,1.0
traorecali,0,2,2,1.0
stepper,0,2,2,1.0
saccad,0,2,2,1.0
hhadv,2,0,2,0.0
lovelycar,0,2,2,1.0
hati,1,1,2,0.5
apresentando,0,2,2,1.0
gareth,0,2,2,1.0
jdmxqczzjnsvbu,0,2,2,1.0
soado,0,2,2,1.0
firmami,2,0,2,0.0
cqvrg,0,2,2,1.0
eaal,0,2,2,1.0
schadelijk,0,2,2,1.0
povertim,2,0,2,0.0
bankkunden,0,2,2,1.0
tig,0,2,2,1.0
hillock,0,2,2,1.0
yrmnwavl,0,2,2,1.0
zew,0,2,2,1.0
secretio,0,2,2,1.0
juiceandfruit,0,2,2,1.0
degbago,0,2,2,1.0
kfeeedkm,0,2,2,1.0
lindstrom,0,2,2,1.0
position,2,0,2,0.0
confirmado,0,2,2,1.0
equ,0,2,2,1.0
traderkey,2,0,2,0.0
cdz,0,2,2,1.0
elección,0,2,2,1.0
betterjobsfindy,0,2,2,1.0
ldupna,0,2,2,1.0
kxk,0,2,2,1.0
notbeliev,0,2,2,1.0
hothousecolza,0,2,2,1.0
ksgwdr,0,2,2,1.0
methon,2,0,2,0.0
seol,2,0,2,0.0
pem,2,0,2,0.0
brasseaux,2,0,2,0.0
coog,2,0,2,0.0
eukaryot,0,2,2,1.0
crach,0,2,2,1.0
vsephjdqf,0,2,2,1.0
wondeer,0,2,2,1.0
pharamcybymmail,0,2,2,1.0
robichaux,2,0,2,0.0
vebhhll,0,2,2,1.0
cevaplarnn,0,2,2,1.0
ehyzet,0,2,2,1.0
candownload,0,2,2,1.0
zmiovpqi,0,2,2,1.0
piotrowski,2,0,2,0.0
ydob,0,2,2,1.0
mnlntb,0,2,2,1.0
reasur,1,1,2,0.5
lachmanjb,2,0,2,0.0
baan,0,2,2,1.0
xmzl,0,2,2,1.0
moonbeam,0,2,2,1.0
murcia,2,0,2,0.0
xqnta,0,2,2,1.0
isco,0,2,2,1.0
loudcloud,1,1,2,0.5
znajomych,2,0,2,0.0
moneylin,2,0,2,0.0
uumnss,0,2,2,1.0
stuctur,2,0,2,0.0
undeservedli,0,2,2,1.0
propect,0,2,2,1.0
zahn,2,0,2,0.0
tgrowth,0,2,2,1.0
sagen,0,2,2,1.0
bdr,0,2,2,1.0
mssl,2,0,2,0.0
galeb,0,2,2,1.0
haloomi,2,0,2,0.0
qolmrajqj,0,2,2,1.0
consif,0,2,2,1.0
spezial,2,0,2,0.0
yrgccyxq,0,2,2,1.0
orbcomm,0,2,2,1.0
cartouch,0,2,2,1.0
ttext,0,2,2,1.0
phytosterol,0,2,2,1.0
whataburg,2,0,2,0.0
outdoorsmen,0,2,2,1.0
kentum,2,0,2,0.0
substain,0,2,2,1.0
gingeri,0,2,2,1.0
trmite,0,2,2,1.0
crewstart,0,2,2,1.0
mokopan,0,2,2,1.0
chlorogen,0,2,2,1.0
kjc,0,2,2,1.0
diplend,0,2,2,1.0
tanissin,0,2,2,1.0
mentalidad,0,2,2,1.0
wallkbabi,0,2,2,1.0
globaliy,0,2,2,1.0
ioo,0,2,2,1.0
seman,0,2,2,1.0
wenzel,2,0,2,0.0
waulsortian,0,2,2,1.0
aypsmaun,0,2,2,1.0
mirbgklv,0,2,2,1.0
kezjpfs,0,2,2,1.0
maredi,0,2,2,1.0
undervot,2,0,2,0.0
visto,0,2,2,1.0
çýkma,0,2,2,1.0
èõóï,0,2,2,1.0
deutscher,0,2,2,1.0
anlyt,2,0,2,0.0
mlrrwv,0,2,2,1.0
gearhart,2,0,2,0.0
jodyin,0,2,2,1.0
tuaujryt,0,2,2,1.0
titleuntitl,0,2,2,1.0
qrzbxevgbf,0,2,2,1.0
wavi,0,2,2,1.0
dbase,2,0,2,0.0
cagney,2,0,2,0.0
leubabca,0,2,2,1.0
hrr,0,2,2,1.0
mqfbufpbc,0,2,2,1.0
przeczytani,2,0,2,0.0
sundial,0,2,2,1.0
gffefv,0,2,2,1.0
dawnej,2,0,2,0.0
noninvas,0,2,2,1.0
lopezclub,0,2,2,1.0
theolkuszfamili,0,2,2,1.0
oficjalnym,2,0,2,0.0
invitaci,2,0,2,0.0
tocollect,0,2,2,1.0
lancashir,0,2,2,1.0
comcopyright,0,2,2,1.0
fngj,0,2,2,1.0
anfg,0,2,2,1.0
progam,2,0,2,0.0
uycyruiq,0,2,2,1.0
sephora,0,2,2,1.0
smike,0,2,2,1.0
selfishli,1,1,2,0.5
gpnouxk,0,2,2,1.0
ywxsrdb,0,2,2,1.0
jnpx,0,2,2,1.0
forumdiscuss,0,2,2,1.0
dmxpp,0,2,2,1.0
chocofan,0,2,2,1.0
enlargkmknt,0,2,2,1.0
sdx,0,2,2,1.0
ieadi,0,2,2,1.0
finnal,1,1,2,0.5
viruswal,1,1,2,0.5
phileo,0,2,2,1.0
outstretch,0,2,2,1.0
envoyé,0,2,2,1.0
onliin,0,2,2,1.0
dutyfreediscount,0,2,2,1.0
peþinden,0,2,2,1.0
bbpl,2,0,2,0.0
palmyra,0,2,2,1.0
kcosi,0,2,2,1.0
cresat,0,2,2,1.0
discoun,0,2,2,1.0
teu,0,2,2,1.0
orientationcanada,0,2,2,1.0
folios,0,2,2,1.0
oragod,0,2,2,1.0
jacobovit,2,0,2,0.0
fynjkec,0,2,2,1.0
pstinjrsr,0,2,2,1.0
windward,0,2,2,1.0
blakebarri,0,2,2,1.0
reciclagem,0,2,2,1.0
oojavaformanag,2,0,2,0.0
speztmdhd,0,2,2,1.0
hâceti,0,2,2,1.0
primitivia,0,2,2,1.0
hgn,0,2,2,1.0
ptf,0,2,2,1.0
haughtili,0,2,2,1.0
iosadmin,2,0,2,0.0
shagbark,0,2,2,1.0
rejunven,0,2,2,1.0
funfzehn,0,2,2,1.0
triumphal,0,2,2,1.0
zdz,0,2,2,1.0
anxid,0,2,2,1.0
pinocho,0,2,2,1.0
yapýlan,0,2,2,1.0
printmacro,2,0,2,0.0
dveok,2,0,2,0.0
bayelsa,0,2,2,1.0
centrum,1,1,2,0.5
mittwaldmedien,0,2,2,1.0
localizar,0,2,2,1.0
youngstress,0,2,2,1.0
sandif,2,0,2,0.0
kiwani,0,2,2,1.0
xwazeayiy,0,2,2,1.0
svelt,0,2,2,1.0
provanc,2,0,2,0.0
fordantiz,0,2,2,1.0
chix,0,2,2,1.0
xpv,0,2,2,1.0
eyeonspeci,0,2,2,1.0
aconfidenti,0,2,2,1.0
softwarr,0,2,2,1.0
nauhgh,0,2,2,1.0
simplestep,0,2,2,1.0
nding,0,2,2,1.0
feeli,0,2,2,1.0
unfeign,0,2,2,1.0
streetaddress,0,2,2,1.0
rubenchl,0,2,2,1.0
uyabng,0,2,2,1.0
netsbestinfo,0,2,2,1.0
exhibition,0,2,2,1.0
pressupd,0,2,2,1.0
breakfastwebisit,0,2,2,1.0
chea,0,2,2,1.0
invitarlo,0,2,2,1.0
paymentshom,0,2,2,1.0
benjelloun,2,0,2,0.0
lihelp,0,2,2,1.0
bombeck,2,0,2,0.0
whenysubmit,0,2,2,1.0
ntibrko,0,2,2,1.0
mgposw,2,0,2,0.0
cena,0,2,2,1.0
pugest,2,0,2,0.0
yeni,0,2,2,1.0
tami,0,2,2,1.0
jaker,2,0,2,0.0
ltnw,2,0,2,0.0
pachauri,2,0,2,0.0
juristisch,0,2,2,1.0
seali,2,0,2,0.0
contexto,0,2,2,1.0
neoplasti,0,2,2,1.0
qmxqpfp,0,2,2,1.0
servernl,0,2,2,1.0
dolror,0,2,2,1.0
actant,0,2,2,1.0
gallishaw,2,0,2,0.0
ewd,0,2,2,1.0
xskhq,0,2,2,1.0
merldll,0,2,2,1.0
influentia,0,2,2,1.0
arialtak,0,2,2,1.0
diplomay,0,2,2,1.0
energiekost,0,2,2,1.0
gperk,0,2,2,1.0
nullstellensatz,0,2,2,1.0
ppodrapski,0,2,2,1.0
thethat,0,2,2,1.0
seaborg,2,0,2,0.0
vjslnsldkfj,0,2,2,1.0
bouncehost,0,2,2,1.0
congruencia,0,2,2,1.0
tollefsen,2,0,2,0.0
bermudan,2,0,2,0.0
isamkrag,0,2,2,1.0
animar,0,2,2,1.0
wheresoev,0,2,2,1.0
valluwait,0,2,2,1.0
xäñäx,0,2,2,1.0
hxqoopwpt,0,2,2,1.0
bmzaltet,0,2,2,1.0
mmmnan,0,2,2,1.0
adii,0,2,2,1.0
theigoogl,0,2,2,1.0
larrain,0,2,2,1.0
aknowledg,0,2,2,1.0
epmktg,0,2,2,1.0
scriptt,0,2,2,1.0
distortionist,0,2,2,1.0
pharmaxi,0,2,2,1.0
spikenardswatch,0,2,2,1.0
óï,0,2,2,1.0
samueleboka,0,2,2,1.0
koffer,2,0,2,0.0
wwhat,0,2,2,1.0
huk,0,2,2,1.0
axn,0,2,2,1.0
corneiro,2,0,2,0.0
ftremov,0,2,2,1.0
pajn,0,2,2,1.0
llevaron,0,2,2,1.0
ingl,0,2,2,1.0
legado,0,2,2,1.0
koscinski,2,0,2,0.0
ardeil,0,2,2,1.0
generar,0,2,2,1.0
dsinscrir,0,2,2,1.0
mtdbalo,2,0,2,0.0
lawuit,2,0,2,0.0
schnitzer,2,0,2,0.0
unhang,0,2,2,1.0
picturevis,2,0,2,0.0
bwindow,0,2,2,1.0
zggkg,0,2,2,1.0
osler,2,0,2,0.0
beke,2,0,2,0.0
pxd,0,2,2,1.0
franchise,1,1,2,0.5
rdia,0,2,2,1.0
labyrinthin,2,0,2,0.0
reliabley,0,2,2,1.0
liggen,0,2,2,1.0
gaveshysnoykkur,0,2,2,1.0
elian,0,2,2,1.0
kche,0,2,2,1.0
smallworldtoy,0,2,2,1.0
cuarto,0,2,2,1.0
booktour,0,2,2,1.0
imleavingy,0,2,2,1.0
rfcqn,0,2,2,1.0
cehglbanbn,0,2,2,1.0
bozanlarýn,0,2,2,1.0
eimi,0,2,2,1.0
omvgi,0,2,2,1.0
dhammondl,0,2,2,1.0
xhzcixu,0,2,2,1.0
municipio,0,2,2,1.0
neopren,0,2,2,1.0
higginsvil,2,0,2,0.0
knp,0,2,2,1.0
ticonderoga,0,2,2,1.0
gömüldüðü,0,2,2,1.0
repopul,2,0,2,0.0
uniprocessor,0,2,2,1.0
offeer,0,2,2,1.0
preussenelektra,2,0,2,0.0
credu,0,2,2,1.0
dvqjqdkyg,0,2,2,1.0
harlot,0,2,2,1.0
baint,0,2,2,1.0
coopvita,0,2,2,1.0
streamer,0,2,2,1.0
nuer,0,2,2,1.0
jelter,2,0,2,0.0
euqnou,0,2,2,1.0
aob,0,2,2,1.0
vreest,0,2,2,1.0
mrvl,0,2,2,1.0
baaa,0,2,2,1.0
prenomin,0,2,2,1.0
delalet,0,2,2,1.0
serbian,0,2,2,1.0
tmiddleton,0,2,2,1.0
clamscan,0,2,2,1.0
formalizacin,0,2,2,1.0
zugpju,0,2,2,1.0
pongclub,0,2,2,1.0
klingelt,0,2,2,1.0
tussionex,0,2,2,1.0
onliiiiiiin,0,2,2,1.0
sellada,0,2,2,1.0
arþ,0,2,2,1.0
oxd,0,2,2,1.0
recessionari,2,0,2,0.0
moglem,2,0,2,0.0
previs,1,1,2,0.5
clculo,0,2,2,1.0
aflmbgif,0,2,2,1.0
suum,0,2,2,1.0
noiselessli,0,2,2,1.0
aumenta,0,2,2,1.0
ehpi,0,2,2,1.0
statt,0,2,2,1.0
suzett,1,1,2,0.5
obstinaci,0,2,2,1.0
kasernen,0,2,2,1.0
plutocraci,0,2,2,1.0
sno,0,2,2,1.0
diposcrezet,0,2,2,1.0
lendingtre,0,2,2,1.0
reallyiwork,0,2,2,1.0
actuallis,0,2,2,1.0
gannaway,2,0,2,0.0
andstorag,0,2,2,1.0
organizado,0,2,2,1.0
iew,0,2,2,1.0
starit,2,0,2,0.0
njzec,0,2,2,1.0
telefnica,0,2,2,1.0
kana,0,2,2,1.0
hii,0,2,2,1.0
ifrsmuq,0,2,2,1.0
kvxulypvk,0,2,2,1.0
gow,0,2,2,1.0
geest,2,0,2,0.0
gamblinng,0,2,2,1.0
atenciónpaola,0,2,2,1.0
loonger,0,2,2,1.0
habitgraven,0,2,2,1.0
avwnaj,0,2,2,1.0
medoc,0,2,2,1.0
burke,2,0,2,0.0
dedeutschlandgreec,0,2,2,1.0
jons,0,2,2,1.0
vquill,2,0,2,0.0
salvadorequatori,0,2,2,1.0
dbvrglvmx,0,2,2,1.0
holdgat,0,2,2,1.0
beeth,0,2,2,1.0
beleza,0,2,2,1.0
fîhi,0,2,2,1.0
darstellung,0,2,2,1.0
pqmfdqfri,0,2,2,1.0
ingwel,0,2,2,1.0
clarkpud,2,0,2,0.0
roselut,0,2,2,1.0
talker,0,2,2,1.0
cjvucn,0,2,2,1.0
stanxic,0,2,2,1.0
coolmax,0,2,2,1.0
zuybzbq,0,2,2,1.0
pavlovian,2,0,2,0.0
succesful,0,2,2,1.0
clob,1,1,2,0.5
forag,0,2,2,1.0
palmat,0,2,2,1.0
afnemen,0,2,2,1.0
interlocutor,0,2,2,1.0
teferruatýyla,0,2,2,1.0
chavira,2,0,2,0.0
assemblia,0,2,2,1.0
jip,0,2,2,1.0
golftv,2,0,2,0.0
walther,2,0,2,0.0
maladministr,0,2,2,1.0
perchlor,0,2,2,1.0
arumbakkam,2,0,2,0.0
sendt,0,2,2,1.0
elevao,0,2,2,1.0
scrib,0,2,2,1.0
tohttp,1,1,2,0.5
ghavami,2,0,2,0.0
microcontrol,0,2,2,1.0
deskid,2,0,2,0.0
itl,0,2,2,1.0
antireson,0,2,2,1.0
worthen,2,0,2,0.0
lece,2,0,2,0.0
serrver,0,2,2,1.0
afaoaf,0,2,2,1.0
pbarber,2,0,2,0.0
honeycutt,0,2,2,1.0
kunal,1,1,2,0.5
pftc,0,2,2,1.0
eurobrok,0,2,2,1.0
polder,0,2,2,1.0
dkv,0,2,2,1.0
plantar,0,2,2,1.0
qpqvukmjwzfzdto,0,2,2,1.0
zwd,0,2,2,1.0
lendersforu,0,2,2,1.0
cevroz,0,2,2,1.0
qheaqd,0,2,2,1.0
krislovlaw,2,0,2,0.0
murph,0,2,2,1.0
bancwar,2,0,2,0.0
fagq,0,2,2,1.0
twx,0,2,2,1.0
comunidad,0,2,2,1.0
deaver,2,0,2,0.0
emhtbocjo,0,2,2,1.0
docteror,0,2,2,1.0
cyennpicahgf,0,2,2,1.0
questor,2,0,2,0.0
namaqualand,0,2,2,1.0
equigold,0,2,2,1.0
comtrex,2,0,2,0.0
mankeyman,0,2,2,1.0
gooood,0,2,2,1.0
ltol,2,0,2,0.0
hadmuzzl,0,2,2,1.0
invesstingg,0,2,2,1.0
ocelot,0,2,2,1.0
çalacaktýr,0,2,2,1.0
ptm,0,2,2,1.0
jacuzzi,1,1,2,0.5
cenhud,2,0,2,0.0
befreit,0,2,2,1.0
depur,0,2,2,1.0
bazdarich,2,0,2,0.0
sunbeamlighten,0,2,2,1.0
tyvluu,0,2,2,1.0
mbtu,2,0,2,0.0
werefi,0,2,2,1.0
answertre,2,0,2,0.0
scrambledlago,0,2,2,1.0
zfwdrycqj,0,2,2,1.0
overdraught,0,2,2,1.0
lpsrbt,0,2,2,1.0
neeedless,0,2,2,1.0
jrpti,0,2,2,1.0
spectrometri,0,2,2,1.0
transpond,0,2,2,1.0
maxmusclesf,0,2,2,1.0
aghbdiklcefjm,0,2,2,1.0
kitleler,0,2,2,1.0
informieren,0,2,2,1.0
inh,0,2,2,1.0
nacionalloteri,0,2,2,1.0
anai,2,0,2,0.0
leasa,2,0,2,0.0
otifi,0,2,2,1.0
bab,0,2,2,1.0
djenrv,0,2,2,1.0
gerlach,2,0,2,0.0
tpl,2,0,2,0.0
reprecuss,2,0,2,0.0
tesoropetroleum,2,0,2,0.0
mhopkin,2,0,2,0.0
svfsscmwj,0,2,2,1.0
unhand,0,2,2,1.0
chcielismi,2,0,2,0.0
flathead,0,2,2,1.0
musharaka,0,2,2,1.0
ujtbmt,0,2,2,1.0
toffler,0,2,2,1.0
safa,0,2,2,1.0
reusabl,0,2,2,1.0
changer,2,0,2,0.0
zczdfm,0,2,2,1.0
pralin,0,2,2,1.0
mechlin,0,2,2,1.0
mooooreeee,0,2,2,1.0
hgslul,0,2,2,1.0
rmei,0,2,2,1.0
pressefreiheit,0,2,2,1.0
sqkqmeo,0,2,2,1.0
scimitar,0,2,2,1.0
muz,0,2,2,1.0
orangestar,0,2,2,1.0
sacsolucion,0,2,2,1.0
dolzd,0,2,2,1.0
paylessink,0,2,2,1.0
ibjkmoi,0,2,2,1.0
loonkostverlag,0,2,2,1.0
zeszlego,2,0,2,0.0
mandala,0,2,2,1.0
tbtu,2,0,2,0.0
issrjw,0,2,2,1.0
onderstaand,0,2,2,1.0
kel,2,0,2,0.0
membrobiblioteca,0,2,2,1.0
thisdgsrw,0,2,2,1.0
iguarante,0,2,2,1.0
paralel,0,2,2,1.0
toserv,0,2,2,1.0
newestsens,0,2,2,1.0
kfrepva,0,2,2,1.0
burra,0,2,2,1.0
hhxrgzc,0,2,2,1.0
cialitab,0,2,2,1.0
beu,0,2,2,1.0
gyrat,0,2,2,1.0
kaduna,0,2,2,1.0
wydarzeniem,2,0,2,0.0
balalaika,0,2,2,1.0
kdluam,0,2,2,1.0
zbill,0,2,2,1.0
bkzsd,0,2,2,1.0
levingston,2,0,2,0.0
muchbett,0,2,2,1.0
swimmer,2,0,2,0.0
xshclknw,0,2,2,1.0
antispywarecash,0,2,2,1.0
icqzu,0,2,2,1.0
probabilti,2,0,2,0.0
fbu,0,2,2,1.0
tere,0,2,2,1.0
stokc,0,2,2,1.0
errigo,2,0,2,0.0
rangebound,2,0,2,0.0
uebertragung,0,2,2,1.0
jounc,0,2,2,1.0
smoothfac,0,2,2,1.0
sanch,0,2,2,1.0
goldstream,0,2,2,1.0
adquisicin,0,2,2,1.0
vuka,0,2,2,1.0
traiier,0,2,2,1.0
kdxekgt,0,2,2,1.0
quazi,0,2,2,1.0
grsle,0,2,2,1.0
cyrano,0,2,2,1.0
moddel,2,0,2,0.0
saidh,2,0,2,0.0
strenghten,0,2,2,1.0
remarri,0,2,2,1.0
julyol,2,0,2,0.0
clawback,2,0,2,0.0
chernick,0,2,2,1.0
andersson,1,1,2,0.5
wolski,2,0,2,0.0
moriarti,0,2,2,1.0
overgrow,0,2,2,1.0
aanzienlijk,0,2,2,1.0
ubp,0,2,2,1.0
worldconnect,0,2,2,1.0
toepass,0,2,2,1.0
charnelhous,0,2,2,1.0
ivhlcpwu,0,2,2,1.0
ndkcmojv,0,2,2,1.0
carreer,1,1,2,0.5
desid,0,2,2,1.0
lovverecost,0,2,2,1.0
samar,2,0,2,0.0
lido,0,2,2,1.0
mensimpotenceissu,0,2,2,1.0
wav,1,1,2,0.5
hfg,0,2,2,1.0
robertdal,0,2,2,1.0
igsxzwb,0,2,2,1.0
grafex,0,2,2,1.0
pavillion,0,2,2,1.0
xgvqcz,0,2,2,1.0
downsideagil,0,2,2,1.0
jnpji,0,2,2,1.0
curvebal,2,0,2,0.0
uninstruct,2,0,2,0.0
oldstitz,0,2,2,1.0
selisecur,0,2,2,1.0
puncher,1,1,2,0.5
golnarghi,2,0,2,0.0
stoevik,2,0,2,0.0
teari,2,0,2,0.0
yowait,0,2,2,1.0
vhcw,0,2,2,1.0
kpcnew,0,2,2,1.0
malloy,2,0,2,0.0
crossborderenergi,2,0,2,0.0
deiqqf,0,2,2,1.0
bowdler,0,2,2,1.0
ohfyev,0,2,2,1.0
fonctionn,0,2,2,1.0
dikkat,0,2,2,1.0
zahida,2,0,2,0.0
newsman,0,2,2,1.0
presupuestado,0,2,2,1.0
nofo,0,2,2,1.0
þse,0,2,2,1.0
collingswood,0,2,2,1.0
comprensión,0,2,2,1.0
ayk,0,2,2,1.0
daban,0,2,2,1.0
midura,2,0,2,0.0
purdi,2,0,2,0.0
trx,1,1,2,0.5
dyz,0,2,2,1.0
pushun,0,2,2,1.0
lclickexpert,0,2,2,1.0
msap,2,0,2,0.0
tvrrcbr,0,2,2,1.0
franciskabul,0,2,2,1.0
nameof,0,2,2,1.0
leubf,0,2,2,1.0
klopot,2,0,2,0.0
zbgfjmb,0,2,2,1.0
vtsowo,0,2,2,1.0
vvvv,0,2,2,1.0
ppharamcybymal,0,2,2,1.0
cânula,0,2,2,1.0
obecnym,2,0,2,0.0
amtserqaica,0,2,2,1.0
emsa,0,2,2,1.0
kânû,0,2,2,1.0
ncere,0,2,2,1.0
corrwkqungress,0,2,2,1.0
rkjjz,2,0,2,0.0
medicationss,0,2,2,1.0
comdavid,0,2,2,1.0
squalor,0,2,2,1.0
compensacion,0,2,2,1.0
transaccin,0,2,2,1.0
bruyett,2,0,2,0.0
arent,1,1,2,0.5
juc,0,2,2,1.0
aln,0,2,2,1.0
carlock,2,0,2,0.0
centraiiz,0,2,2,1.0
intindola,2,0,2,0.0
spinnin,0,2,2,1.0
apu,1,1,2,0.5
absg,0,2,2,1.0
conviv,0,2,2,1.0
hdfg,0,2,2,1.0
aaqzufn,0,2,2,1.0
herbalonlin,0,2,2,1.0
grussen,0,2,2,1.0
zfx,0,2,2,1.0
kazibw,2,0,2,0.0
schwenk,0,2,2,1.0
normabautista,2,0,2,0.0
hisstorricc,0,2,2,1.0
tffc,0,2,2,1.0
beziehung,0,2,2,1.0
fastforestsinc,0,2,2,1.0
combinatoriczeiss,0,2,2,1.0
lioumila,0,2,2,1.0
davidbengal,0,2,2,1.0
felicitacion,0,2,2,1.0
islessaint,0,2,2,1.0
structuur,0,2,2,1.0
tananar,0,2,2,1.0
dpwpr,2,0,2,0.0
hlu,0,2,2,1.0
rippentrop,2,0,2,0.0
ccrm,1,1,2,0.5
fslto,2,0,2,0.0
parlant,0,2,2,1.0
graag,0,2,2,1.0
dgriffith,2,0,2,0.0
captainl,0,2,2,1.0
gerektiini,0,2,2,1.0
boiab,0,2,2,1.0
secded,0,2,2,1.0
allthesoft,0,2,2,1.0
mcvvyafmf,0,2,2,1.0
onioni,0,2,2,1.0
roughest,1,1,2,0.5
piero,2,0,2,0.0
fieldhous,2,0,2,0.0
litvik,2,0,2,0.0
kmgvhlbrz,0,2,2,1.0
sfcmnul,0,2,2,1.0
progasco,2,0,2,0.0
famoso,0,2,2,1.0
cussi,0,2,2,1.0
klausgaard,0,2,2,1.0
souter,2,0,2,0.0
danah,2,0,2,0.0
lachner,2,0,2,0.0
hkljev,0,2,2,1.0
geriann,2,0,2,0.0
carditi,0,2,2,1.0
premio,0,2,2,1.0
txqilbgaj,0,2,2,1.0
magsecur,0,2,2,1.0
eastu,0,2,2,1.0
psdrakbr,0,2,2,1.0
overdeliveri,2,0,2,0.0
owli,0,2,2,1.0
clalss,0,2,2,1.0
taskbar,2,0,2,0.0
meganbang,0,2,2,1.0
inklus,0,2,2,1.0
davidm,0,2,2,1.0
noq,0,2,2,1.0
ashleesimon,0,2,2,1.0
willkanga,0,2,2,1.0
aap,2,0,2,0.0
ederek,0,2,2,1.0
slanguag,0,2,2,1.0
pama,0,2,2,1.0
stagestheatr,2,0,2,0.0
olympian,0,2,2,1.0
duclaux,2,0,2,0.0
ggulen,2,0,2,0.0
xani,0,2,2,1.0
nwnatur,2,0,2,0.0
spoltight,0,2,2,1.0
understaf,1,1,2,0.5
fbviwczcvw,0,2,2,1.0
calej,2,0,2,0.0
formacin,0,2,2,1.0
desporto,0,2,2,1.0
marquardt,2,0,2,0.0
nmenergi,2,0,2,0.0
ccgmail,2,0,2,0.0
hiezenrad,2,0,2,0.0
smilinguido,0,2,2,1.0
alitalia,2,0,2,0.0
himalayian,0,2,2,1.0
hame,0,2,2,1.0
kuber,2,0,2,0.0
seccurriittii,0,2,2,1.0
paral,1,1,2,0.5
uncut,0,2,2,1.0
mechelen,0,2,2,1.0
feburari,2,0,2,0.0
deadlynightshad,0,2,2,1.0
vesusstu,0,2,2,1.0
rnumratric,0,2,2,1.0
dnyoruz,0,2,2,1.0
diputado,0,2,2,1.0
buqw,0,2,2,1.0
voeri,0,2,2,1.0
wsrncpyoqzcj,0,2,2,1.0
seriatim,0,2,2,1.0
fodor,2,0,2,0.0
bioscorpio,0,2,2,1.0
exeget,0,2,2,1.0
epsfinclaimsag,0,2,2,1.0
qprkelmv,0,2,2,1.0
contactarl,0,2,2,1.0
wpw,0,2,2,1.0
mailhack,0,2,2,1.0
ironfal,0,2,2,1.0
ikjjthorh,0,2,2,1.0
deswegen,0,2,2,1.0
meaghan,2,0,2,0.0
whereof,0,2,2,1.0
kovacevich,2,0,2,0.0
kratzer,2,0,2,0.0
edd,2,0,2,0.0
zullen,0,2,2,1.0
rebeccalanford,0,2,2,1.0
sichdeklarieren,0,2,2,1.0
ivaco,2,0,2,0.0
inappreci,0,2,2,1.0
infoedg,0,2,2,1.0
zex,0,2,2,1.0
rbunxcgi,0,2,2,1.0
unfulfil,1,1,2,0.5
wxx,0,2,2,1.0
senegel,0,2,2,1.0
ubwvrpu,0,2,2,1.0
didier,2,0,2,0.0
ens,0,2,2,1.0
cruid,0,2,2,1.0
jungen,0,2,2,1.0
zfu,0,2,2,1.0
ouvrier,0,2,2,1.0
participação,0,2,2,1.0
cvbobrowski,2,0,2,0.0
hfd,2,0,2,0.0
speedlin,0,2,2,1.0
poodlethirteen,0,2,2,1.0
vimaxextend,0,2,2,1.0
okcthtnjzu,0,2,2,1.0
tranwestern,2,0,2,0.0
lfq,0,2,2,1.0
seminarium,2,0,2,0.0
ozsrsr,0,2,2,1.0
reina,0,2,2,1.0
plferreirainfo,0,2,2,1.0
hqhqwuonu,0,2,2,1.0
uro,0,2,2,1.0
sonja,2,0,2,0.0
inlaw,1,1,2,0.5
hammack,2,0,2,0.0
newsreel,0,2,2,1.0
bannero,0,2,2,1.0
slzsx,0,2,2,1.0
jarka,2,0,2,0.0
cglfbydh,0,2,2,1.0
anonmos,0,2,2,1.0
etkileyebilecek,0,2,2,1.0
gplyppaxa,0,2,2,1.0
meestal,0,2,2,1.0
zonlin,0,2,2,1.0
hezar,0,2,2,1.0
monson,2,0,2,0.0
soler,0,2,2,1.0
gimg,0,2,2,1.0
floorer,0,2,2,1.0
reveiv,1,1,2,0.5
ssbenergi,2,0,2,0.0
linedr,0,2,2,1.0
osierb,0,2,2,1.0
referenceif,0,2,2,1.0
ehluqg,0,2,2,1.0
yunvaz,0,2,2,1.0
veculo,0,2,2,1.0
aventur,0,2,2,1.0
bopp,0,2,2,1.0
trarid,0,2,2,1.0
termsandcondit,2,0,2,0.0
llama,0,2,2,1.0
besuchen,0,2,2,1.0
johnl,0,2,2,1.0
netor,0,2,2,1.0
enfin,0,2,2,1.0
kjal,0,2,2,1.0
plexigla,0,2,2,1.0
dsn,1,1,2,0.5
typist,0,2,2,1.0
paez,2,0,2,0.0
cheerupher,0,2,2,1.0
ssha,0,2,2,1.0
amul,1,1,2,0.5
firstinswap,0,2,2,1.0
decnet,0,2,2,1.0
attacehd,1,1,2,0.5
shopc,0,2,2,1.0
ghw,1,1,2,0.5
sharifi,2,0,2,0.0
hnf,1,1,2,0.5
pozniej,2,0,2,0.0
filiform,0,2,2,1.0
borther,2,0,2,0.0
segmento,0,2,2,1.0
zbdd,0,2,2,1.0
meetinnotim,0,2,2,1.0
limiet,0,2,2,1.0
professorjon,2,0,2,0.0
antenat,0,2,2,1.0
eiimin,0,2,2,1.0
icfconsult,2,0,2,0.0
pluviomet,0,2,2,1.0
chmexhq,0,2,2,1.0
chico,1,1,2,0.5
stspvwnnorfi,0,2,2,1.0
einlegen,0,2,2,1.0
rocketri,0,2,2,1.0
pzlq,2,0,2,0.0
ysgi,0,2,2,1.0
eingereicht,0,2,2,1.0
xiagra,0,2,2,1.0
querermo,0,2,2,1.0
northpoint,2,0,2,0.0
conneciton,0,2,2,1.0
celebrará,0,2,2,1.0
kochab,0,2,2,1.0
basé,0,2,2,1.0
quicktouch,0,2,2,1.0
snmp,2,0,2,0.0
homelanddefens,0,2,2,1.0
benutzen,0,2,2,1.0
stato,0,2,2,1.0
kdl,2,0,2,0.0
bromfieldvariac,0,2,2,1.0
análisi,0,2,2,1.0
kor,1,1,2,0.5
distincion,0,2,2,1.0
mjvwf,0,2,2,1.0
dkghq,0,2,2,1.0
jkdtazvyu,0,2,2,1.0
delson,0,2,2,1.0
appox,1,1,2,0.5
guarrantt,0,2,2,1.0
juyrr,0,2,2,1.0
chwil,2,0,2,0.0
lterm,2,0,2,0.0
corporao,0,2,2,1.0
electricti,2,0,2,0.0
bfryte,0,2,2,1.0
professlon,0,2,2,1.0
balha,0,2,2,1.0
bikl,0,2,2,1.0
nelz,2,0,2,0.0
thisiemail,0,2,2,1.0
woronuk,2,0,2,0.0
optspreadopt,2,0,2,0.0
inchz,0,2,2,1.0
megga,0,2,2,1.0
pfzyc,0,2,2,1.0
unqiu,0,2,2,1.0
pharramcybymail,0,2,2,1.0
sobotkad,2,0,2,0.0
rmack,2,0,2,0.0
xid,0,2,2,1.0
dukko,0,2,2,1.0
tilebond,0,2,2,1.0
eniarg,0,2,2,1.0
consultam,0,2,2,1.0
ydjmox,0,2,2,1.0
staatloterij,0,2,2,1.0
sergey,2,0,2,0.0
cumber,0,2,2,1.0
skihomerent,2,0,2,0.0
pcmdi,2,0,2,0.0
djasper,2,0,2,0.0
azu,0,2,2,1.0
evidenciando,0,2,2,1.0
jamescokool,0,2,2,1.0
chron,2,0,2,0.0
fzlxirlyoarw,0,2,2,1.0
howqkf,0,2,2,1.0
gasmar,2,0,2,0.0
tii,0,2,2,1.0
burkhart,2,0,2,0.0
fribourg,0,2,2,1.0
instonlin,0,2,2,1.0
blindssmooth,0,2,2,1.0
ntermln,0,2,2,1.0
chiswick,0,2,2,1.0
impish,0,2,2,1.0
waardoor,0,2,2,1.0
swpvfdwt,0,2,2,1.0
akk,0,2,2,1.0
enfib,2,0,2,0.0
disallow,2,0,2,0.0
fiex,0,2,2,1.0
consonant,0,2,2,1.0
dynh,2,0,2,0.0
revolutionay,0,2,2,1.0
galnleiri,0,2,2,1.0
vox,1,1,2,0.5
hlgh,0,2,2,1.0
xxxxxxx,2,0,2,0.0
liion,0,2,2,1.0
ynjdno,0,2,2,1.0
ciesa,0,2,2,1.0
newslettervenita,0,2,2,1.0
dhamija,2,0,2,0.0
itfound,0,2,2,1.0
jeglich,0,2,2,1.0
tirol,2,0,2,0.0
snapscan,2,0,2,0.0
czerwcu,2,0,2,0.0
wiind,0,2,2,1.0
represen,2,0,2,0.0
robinhood,0,2,2,1.0
fmj,0,2,2,1.0
enrongrid,2,0,2,0.0
hernandezmarigold,0,2,2,1.0
twdv,0,2,2,1.0
redsmith,0,2,2,1.0
strader,1,1,2,0.5
comnassau,0,2,2,1.0
schlemmer,1,1,2,0.5
cevitam,0,2,2,1.0
pídalo,0,2,2,1.0
eingebusst,0,2,2,1.0
lcannon,2,0,2,0.0
clvxfdx,0,2,2,1.0
northsaint,0,2,2,1.0
wtxo,2,0,2,0.0
telephonh,2,0,2,0.0
mirian,0,2,2,1.0
etp,0,2,2,1.0
epromot,0,2,2,1.0
wlle,0,2,2,1.0
cynhb,0,2,2,1.0
minunt,0,2,2,1.0
mbuluku,0,2,2,1.0
wbo,0,2,2,1.0
prochain,0,2,2,1.0
masterbolan,0,2,2,1.0
xkfpwsejx,0,2,2,1.0
hillgrov,0,2,2,1.0
jwlgab,0,2,2,1.0
teleseminar,0,2,2,1.0
santora,2,0,2,0.0
afh,2,0,2,0.0
phyilit,0,2,2,1.0
hateck,2,0,2,0.0
benef,1,1,2,0.5
seeitnowquickli,0,2,2,1.0
freeflatscreen,0,2,2,1.0
dcum,2,0,2,0.0
gcsharu,0,2,2,1.0
libreta,0,2,2,1.0
uidm,0,2,2,1.0
kirticritgh,0,2,2,1.0
gvjo,0,2,2,1.0
rizo,2,0,2,0.0
jiz,0,2,2,1.0
erreicht,0,2,2,1.0
volcanomail,0,2,2,1.0
vxw,0,2,2,1.0
zomtc,0,2,2,1.0
ywearra,0,2,2,1.0
woodcraft,0,2,2,1.0
eijqpud,0,2,2,1.0
cbnk,0,2,2,1.0
lsong,0,2,2,1.0
onoimo,0,2,2,1.0
jqekd,0,2,2,1.0
ljminvest,2,0,2,0.0
empfang,0,2,2,1.0
dosen,2,0,2,0.0
nok,2,0,2,0.0
inhab,0,2,2,1.0
chwili,2,0,2,0.0
jinucbu,0,2,2,1.0
diamondtrustbv,0,2,2,1.0
wekend,2,0,2,0.0
tugboat,1,1,2,0.5
rafi,2,0,2,0.0
ween,0,2,2,1.0
acupunctur,0,2,2,1.0
nsxhbuai,0,2,2,1.0
harlen,0,2,2,1.0
maryl,0,2,2,1.0
persson,0,2,2,1.0
companybr,0,2,2,1.0
stinso,2,0,2,0.0
dct,0,2,2,1.0
gutg,0,2,2,1.0
keh,0,2,2,1.0
chcialem,2,0,2,0.0
toour,0,2,2,1.0
partyzon,0,2,2,1.0
hopex,0,2,2,1.0
reliablemgm,0,2,2,1.0
agtfsc,0,2,2,1.0
ectric,2,0,2,0.0
ismov,0,2,2,1.0
zumaliconsult,0,2,2,1.0
evelynlb,0,2,2,1.0
revwilliam,0,2,2,1.0
conhec,0,2,2,1.0
regalig,0,2,2,1.0
decidan,0,2,2,1.0
bztqo,0,2,2,1.0
exchag,1,1,2,0.5
woss,0,2,2,1.0
kitchenham,2,0,2,0.0
awt,0,2,2,1.0
patera,0,2,2,1.0
uxuaa,0,2,2,1.0
selenatejulio,0,2,2,1.0
yvojjpvayimp,0,2,2,1.0
millionshar,0,2,2,1.0
imcl,2,0,2,0.0
dagohevoa,0,2,2,1.0
skewer,1,1,2,0.5
trove,0,2,2,1.0
breazpgc,0,2,2,1.0
conwi,0,2,2,1.0
ìêú,0,2,2,1.0
gespraech,0,2,2,1.0
cronyism,2,0,2,0.0
reducido,0,2,2,1.0
ikol,0,2,2,1.0
hiperlan,0,2,2,1.0
gknydpxpz,0,2,2,1.0
crunchi,0,2,2,1.0
medicación,0,2,2,1.0
ocuou,0,2,2,1.0
whittington,2,0,2,0.0
decison,1,1,2,0.5
elephantwhereof,0,2,2,1.0
ultid,0,2,2,1.0
vgeissl,2,0,2,0.0
bunlarýn,0,2,2,1.0
nnpm,2,0,2,0.0
postprocessordiscuss,0,2,2,1.0
staatlotcentr,0,2,2,1.0
lifetfrimn,0,2,2,1.0
remortgageþ,0,2,2,1.0
upshaw,2,0,2,0.0
refernet,0,2,2,1.0
silami,2,0,2,0.0
dolcp,0,2,2,1.0
xmschang,2,0,2,0.0
weatherol,2,0,2,0.0
ormolu,0,2,2,1.0
lawbarto,0,2,2,1.0
cinternet,0,2,2,1.0
guarnte,1,1,2,0.5
xhnausk,0,2,2,1.0
hebenstreit,2,0,2,0.0
breezeway,2,0,2,0.0
subtrahend,0,2,2,1.0
tovinh,2,0,2,0.0
milion,0,2,2,1.0
notesaddr,2,0,2,0.0
mitla,0,2,2,1.0
niemej,2,0,2,0.0
sxa,0,2,2,1.0
maxdaffi,0,2,2,1.0
imissyoui,0,2,2,1.0
utnuupcpj,0,2,2,1.0
infoworld,0,2,2,1.0
toxolog,0,2,2,1.0
jmgeorg,2,0,2,0.0
springervil,2,0,2,0.0
technisch,0,2,2,1.0
shg,0,2,2,1.0
nynodxqvpzmyn,0,2,2,1.0
berab,0,2,2,1.0
eoqki,0,2,2,1.0
eewtppi,0,2,2,1.0
icarib,0,2,2,1.0
alcanar,0,2,2,1.0
horwathw,2,0,2,0.0
bsharat,0,2,2,1.0
eimissyouih,0,2,2,1.0
yosu,0,2,2,1.0
euqkhr,0,2,2,1.0
frothi,0,2,2,1.0
orfic,2,0,2,0.0
oyla,0,2,2,1.0
mdbeqf,0,2,2,1.0
tonhawa,2,0,2,0.0
fileoffic,0,2,2,1.0
esugjyxfc,0,2,2,1.0
faizah,0,2,2,1.0
groetzingerp,2,0,2,0.0
overconcentr,2,0,2,0.0
reconocida,0,2,2,1.0
guadiana,0,2,2,1.0
yougift,0,2,2,1.0
nextag,0,2,2,1.0
chev,2,0,2,0.0
lookedworldwid,0,2,2,1.0
poncho,0,2,2,1.0
güvenlýk,0,2,2,1.0
popros,2,0,2,0.0
rtlambert,2,0,2,0.0
trousseaux,0,2,2,1.0
metay,0,2,2,1.0
duffl,0,2,2,1.0
prrlce,0,2,2,1.0
ujljhgaw,0,2,2,1.0
sproul,1,1,2,0.5
przyjemnoscia,2,0,2,0.0
mulla,0,2,2,1.0
imbb,0,2,2,1.0
berrakligi,0,2,2,1.0
mailsthey,0,2,2,1.0
oppo,0,2,2,1.0
statuut,0,2,2,1.0
nduct,0,2,2,1.0
writingy,0,2,2,1.0
cavaliar,0,2,2,1.0
nifti,1,1,2,0.5
slqkomradl,0,2,2,1.0
vienen,0,2,2,1.0
bysusa,0,2,2,1.0
ogom,0,2,2,1.0
brillo,0,2,2,1.0
esfeyt,0,2,2,1.0
onklent,0,2,2,1.0
itmov,0,2,2,1.0
discgreetli,0,2,2,1.0
incluyan,0,2,2,1.0
miyfic,0,2,2,1.0
hjo,0,2,2,1.0
cade,1,1,2,0.5
sandlapp,2,0,2,0.0
mpechin,2,0,2,0.0
paydesk,0,2,2,1.0
refigur,2,0,2,0.0
cahusac,0,2,2,1.0
zoraidaguerra,0,2,2,1.0
handson,0,2,2,1.0
firstmark,2,0,2,0.0
clermont,0,2,2,1.0
vorbeizukommenund,0,2,2,1.0
guiness,0,2,2,1.0
berthelot,2,0,2,0.0
servemp,0,2,2,1.0
abuso,0,2,2,1.0
lumbermanarrowroot,0,2,2,1.0
andolan,2,0,2,0.0
thatt,0,2,2,1.0
tnprffbwplwt,0,2,2,1.0
varan,0,2,2,1.0
chrisd,2,0,2,0.0
jvm,0,2,2,1.0
shaheen,2,0,2,0.0
riskopstm,2,0,2,0.0
makepretti,0,2,2,1.0
cero,0,2,2,1.0
swanita,2,0,2,0.0
atemdaehlmth,0,2,2,1.0
garder,0,2,2,1.0
ensilag,0,2,2,1.0
machado,2,0,2,0.0
crh,0,2,2,1.0
dannyalvaresl,0,2,2,1.0
bwindowsxp,0,2,2,1.0
biloba,0,2,2,1.0
deductionhom,0,2,2,1.0
neuman,2,0,2,0.0
tâmmeti,0,2,2,1.0
overcollect,2,0,2,0.0
sonoita,0,2,2,1.0
tude,0,2,2,1.0
iengin,0,2,2,1.0
ementrio,0,2,2,1.0
lavra,2,0,2,0.0
biostimul,0,2,2,1.0
orderreceipt,2,0,2,0.0
tsamayang,0,2,2,1.0
shemika,0,2,2,1.0
outand,0,2,2,1.0
internationalist,0,2,2,1.0
cyvozbk,0,2,2,1.0
enfaa,0,2,2,1.0
daveik,2,0,2,0.0
arzetmey,0,2,2,1.0
doshier,2,0,2,0.0
fkitscsp,0,2,2,1.0
vemeulen,0,2,2,1.0
pnll,0,2,2,1.0
lutego,2,0,2,0.0
publica,0,2,2,1.0
certificação,0,2,2,1.0
odu,0,2,2,1.0
achineri,0,2,2,1.0
freegazett,0,2,2,1.0
usbank,0,2,2,1.0
kolman,2,0,2,0.0
unsurpris,2,0,2,0.0
zzhcqxf,0,2,2,1.0
gminer,2,0,2,0.0
drudgeryearthmov,0,2,2,1.0
sebastinevanhan,0,2,2,1.0
foorev,0,2,2,1.0
alsook,0,2,2,1.0
cosid,2,0,2,0.0
grzuruf,0,2,2,1.0
solicito,0,2,2,1.0
cañón,0,2,2,1.0
tqnt,2,0,2,0.0
resumel,2,0,2,0.0
preplan,0,2,2,1.0
cranenotebook,0,2,2,1.0
mórtgágé,0,2,2,1.0
diy,0,2,2,1.0
videogam,0,2,2,1.0
passphras,0,2,2,1.0
bmani,0,2,2,1.0
cataiog,0,2,2,1.0
sterno,0,2,2,1.0
cilindro,0,2,2,1.0
buradan,0,2,2,1.0
lzfrlw,0,2,2,1.0
máxima,0,2,2,1.0
epithelium,0,2,2,1.0
pthhnhey,0,2,2,1.0
ejaculayt,0,2,2,1.0
daalwerk,0,2,2,1.0
allifor,0,2,2,1.0
sial,0,2,2,1.0
caremidrang,0,2,2,1.0
posada,2,0,2,0.0
inorn,0,2,2,1.0
ultramweight,0,2,2,1.0
clerkli,0,2,2,1.0
hernández,0,2,2,1.0
orellana,2,0,2,0.0
basicrol,0,2,2,1.0
crfcrqnhztqhjwrjg,0,2,2,1.0
npskib,0,2,2,1.0
chara,0,2,2,1.0
eyqledusrjf,0,2,2,1.0
iind,0,2,2,1.0
alqsp,0,2,2,1.0
iquiijrtw,0,2,2,1.0
dulli,0,2,2,1.0
hbedomain,0,2,2,1.0
presupuest,0,2,2,1.0
frugaljo,0,2,2,1.0
grundyism,0,2,2,1.0
graceh,0,2,2,1.0
kurulumu,0,2,2,1.0
medadvantag,0,2,2,1.0
bassmast,0,2,2,1.0
blayout,0,2,2,1.0
arijit,2,0,2,0.0
seccurir,0,2,2,1.0
vpremit,0,2,2,1.0
ferrara,1,1,2,0.5
jarnold,2,0,2,0.0
uterin,0,2,2,1.0
qilisyzc,0,2,2,1.0
pelerin,0,2,2,1.0
bvlb,0,2,2,1.0
wtmtd,0,2,2,1.0
dianabol,0,2,2,1.0
aless,0,2,2,1.0
cuumm,0,2,2,1.0
vlzpx,0,2,2,1.0
kaituma,0,2,2,1.0
tko,0,2,2,1.0
likabl,2,0,2,0.0
gduisikmu,0,2,2,1.0
cmdaawlolmrlbw,0,2,2,1.0
langevoort,2,0,2,0.0
andyq,0,2,2,1.0
tajikistan,2,0,2,0.0
sometido,0,2,2,1.0
legisla,1,1,2,0.5
clientsignin,0,2,2,1.0
yojur,0,2,2,1.0
tdbrtabl,0,2,2,1.0
diccon,2,0,2,0.0
lmth,0,2,2,1.0
entalhado,0,2,2,1.0
untersuchung,0,2,2,1.0
tendncia,0,2,2,1.0
xaknax,0,2,2,1.0
utuuuzqo,0,2,2,1.0
astragalu,0,2,2,1.0
highbadcholesterin,0,2,2,1.0
waak,0,2,2,1.0
greenpi,0,2,2,1.0
craziest,0,2,2,1.0
headband,1,1,2,0.5
swissbankclaim,0,2,2,1.0
franais,0,2,2,1.0
ubgilfrw,0,2,2,1.0
linuxmail,0,2,2,1.0
brom,0,2,2,1.0
dkczf,0,2,2,1.0
xxquxjdbt,0,2,2,1.0
sissingh,2,0,2,0.0
beber,0,2,2,1.0
popshot,2,0,2,0.0
outtop,0,2,2,1.0
sygesvaw,0,2,2,1.0
pjthufppt,0,2,2,1.0
clodhopp,0,2,2,1.0
callan,2,0,2,0.0
thisdayonlin,0,2,2,1.0
fulford,2,0,2,0.0
rusia,0,2,2,1.0
cvec,2,0,2,0.0
tonner,0,2,2,1.0
pwpen,2,0,2,0.0
mjmeyer,2,0,2,0.0
brokerc,2,0,2,0.0
logger,0,2,2,1.0
envíeno,0,2,2,1.0
sienna,0,2,2,1.0
quilk,2,0,2,0.0
lagrangian,0,2,2,1.0
stegal,2,0,2,0.0
mellita,2,0,2,0.0
spoiledbysex,0,2,2,1.0
crownlotto,0,2,2,1.0
biehl,2,0,2,0.0
ipm,0,2,2,1.0
rpertoir,0,2,2,1.0
svetlova,0,2,2,1.0
internetla,0,2,2,1.0
ffhfznu,0,2,2,1.0
zbwd,0,2,2,1.0
rqlrlggul,0,2,2,1.0
territorybritish,0,2,2,1.0
gpndq,0,2,2,1.0
embiosi,0,2,2,1.0
weinman,0,2,2,1.0
materialien,0,2,2,1.0
dkthm,2,0,2,0.0
toguraci,0,2,2,1.0
odj,0,2,2,1.0
hassanmoham,0,2,2,1.0
laj,0,2,2,1.0
oacevlmg,0,2,2,1.0
aboutvenita,0,2,2,1.0
olbrzymi,2,0,2,0.0
hullabaloo,1,1,2,0.5
xqqwfqpxp,0,2,2,1.0
hpere,0,2,2,1.0
foa,0,2,2,1.0
inventorairtight,0,2,2,1.0
ulnkxwdt,0,2,2,1.0
pnei,0,2,2,1.0
sprayer,0,2,2,1.0
erhamerrahimîn,0,2,2,1.0
vazquez,2,0,2,0.0
amicaliz,2,0,2,0.0
mqnm,0,2,2,1.0
wantbut,0,2,2,1.0
swissemail,0,2,2,1.0
allthem,0,2,2,1.0
decommis,2,0,2,0.0
medlcati,0,2,2,1.0
trainingsch,2,0,2,0.0
rivayet,0,2,2,1.0
lenig,2,0,2,0.0
aeli,0,2,2,1.0
gatlin,2,0,2,0.0
ironmail,0,2,2,1.0
microfono,0,2,2,1.0
mailbericht,0,2,2,1.0
cannibalcruddi,0,2,2,1.0
citratet,0,2,2,1.0
iyesa,0,2,2,1.0
masivo,0,2,2,1.0
miucug,0,2,2,1.0
tagen,0,2,2,1.0
marcusobjeto,0,2,2,1.0
trasfer,2,0,2,0.0
ijym,0,2,2,1.0
laeioe,0,2,2,1.0
docctor,0,2,2,1.0
komma,0,2,2,1.0
tercet,0,2,2,1.0
organdi,0,2,2,1.0
eydhytq,0,2,2,1.0
pharrmacybybut,0,2,2,1.0
visagra,0,2,2,1.0
startedto,0,2,2,1.0
cassia,0,2,2,1.0
cambersienna,0,2,2,1.0
hakim,0,2,2,1.0
acquisiton,2,0,2,0.0
katfish,0,2,2,1.0
crepit,0,2,2,1.0
trate,0,2,2,1.0
subseg,0,2,2,1.0
handed,2,0,2,0.0
eind,0,2,2,1.0
ylixdd,0,2,2,1.0
bookingthotlin,0,2,2,1.0
echten,0,2,2,1.0
ineternet,0,2,2,1.0
armogida,2,0,2,0.0
reforward,2,0,2,0.0
cuicac,0,2,2,1.0
chiefextol,0,2,2,1.0
aceuticai,0,2,2,1.0
briden,2,0,2,0.0
tmt,0,2,2,1.0
chrono,0,2,2,1.0
perfeito,0,2,2,1.0
speakersl,0,2,2,1.0
geit,0,2,2,1.0
rhein,2,0,2,0.0
warrent,2,0,2,0.0
climrf,0,2,2,1.0
kristan,1,1,2,0.5
mediaon,2,0,2,0.0
rooseveltian,0,2,2,1.0
gxo,0,2,2,1.0
kumasi,0,2,2,1.0
khqvhz,0,2,2,1.0
minolta,2,0,2,0.0
kfku,2,0,2,0.0
beneficialiy,0,2,2,1.0
cnktl,0,2,2,1.0
reattach,2,0,2,0.0
lß,0,2,2,1.0
hostler,0,2,2,1.0
fwu,0,2,2,1.0
maxi,0,2,2,1.0
marterey,0,2,2,1.0
sdmvxmq,0,2,2,1.0
newslettercomplet,0,2,2,1.0
uom,0,2,2,1.0
microfind,0,2,2,1.0
squalid,0,2,2,1.0
freudian,0,2,2,1.0
mithril,0,2,2,1.0
ovuqlauo,0,2,2,1.0
groengebieden,0,2,2,1.0
mxurhoypyb,0,2,2,1.0
buddo,0,2,2,1.0
sylmar,2,0,2,0.0
liderar,0,2,2,1.0
fnebr,0,2,2,1.0
adultlink,0,2,2,1.0
waxl,0,2,2,1.0
erzhlen,0,2,2,1.0
terrellyn,2,0,2,0.0
spotter,1,1,2,0.5
pravda,0,2,2,1.0
exibit,0,2,2,1.0
loweri,1,1,2,0.5
unjustli,1,1,2,0.5
datafax,0,2,2,1.0
bkopsxpuh,0,2,2,1.0
flakey,2,0,2,0.0
storyol,0,2,2,1.0
futrel,2,0,2,0.0
gzaivyhi,0,2,2,1.0
antoniobdanta,0,2,2,1.0
continuacin,0,2,2,1.0
ekg,0,2,2,1.0
pothous,0,2,2,1.0
mlluaryft,0,2,2,1.0
qvfq,0,2,2,1.0
neroamplifico,0,2,2,1.0
laplink,0,2,2,1.0
transren,0,2,2,1.0
hzzehsfwron,0,2,2,1.0
erhvhen,0,2,2,1.0
uninstal,1,1,2,0.5
htak,0,2,2,1.0
ferhamni,0,2,2,1.0
drachenberg,2,0,2,0.0
stayzaaap,0,2,2,1.0
astoundtonnag,0,2,2,1.0
wiysfyvn,0,2,2,1.0
controla,0,2,2,1.0
amoung,1,1,2,0.5
entreat,0,2,2,1.0
lert,1,1,2,0.5
cgfsaw,0,2,2,1.0
thyristor,2,0,2,0.0
sdilabsol,0,2,2,1.0
welll,2,0,2,0.0
hamdu,0,2,2,1.0
seldon,0,2,2,1.0
bga,0,2,2,1.0
kvvtunq,0,2,2,1.0
nybcvpm,0,2,2,1.0
asupduy,0,2,2,1.0
koj,0,2,2,1.0
yjjjhz,0,2,2,1.0
abw,0,2,2,1.0
bascial,2,0,2,0.0
elspeth,2,0,2,0.0
ynwad,0,2,2,1.0
ulr,0,2,2,1.0
sucesshunt,0,2,2,1.0
ibrahimnnpc,0,2,2,1.0
rsr,0,2,2,1.0
estopp,0,2,2,1.0
elio,2,0,2,0.0
hlgher,0,2,2,1.0
miyung,2,0,2,0.0
opet,2,0,2,0.0
nasdaqsc,0,2,2,1.0
suon,0,2,2,1.0
ejnoy,0,2,2,1.0
veriyoruz,0,2,2,1.0
oemonli,0,2,2,1.0
johnsi,0,2,2,1.0
hwgplzx,0,2,2,1.0
olpfsd,0,2,2,1.0
hiatu,0,2,2,1.0
tecnolgica,0,2,2,1.0
pereiraru,0,2,2,1.0
insurmark,0,2,2,1.0
ansiosament,0,2,2,1.0
wlci,0,2,2,1.0
pandasecur,0,2,2,1.0
kx,1,1,2,0.5
audiologist,0,2,2,1.0
synga,2,0,2,0.0
ijbsecyf,0,2,2,1.0
chienchen,0,2,2,1.0
porgera,0,2,2,1.0
snotti,0,2,2,1.0
uhhwazhp,0,2,2,1.0
sexysara,0,2,2,1.0
lzsi,2,0,2,0.0
ispnetbil,0,2,2,1.0
padova,0,2,2,1.0
twcnka,0,2,2,1.0
natuurgebi,0,2,2,1.0
tmyrthxykxjk,0,2,2,1.0
saenz,0,2,2,1.0
policyhold,1,1,2,0.5
secretlyattract,0,2,2,1.0
darg,2,0,2,0.0
psfz,0,2,2,1.0
cce,2,0,2,0.0
rognyconfer,2,0,2,0.0
garber,0,2,2,1.0
untrustworthi,0,2,2,1.0
fullen,0,2,2,1.0
cbsnew,0,2,2,1.0
inconst,0,2,2,1.0
woodengrav,0,2,2,1.0
ôßñç,0,2,2,1.0
krup,0,2,2,1.0
projectgrad,2,0,2,0.0
bofficexp,0,2,2,1.0
restant,0,2,2,1.0
wkvov,0,2,2,1.0
mbnvqesb,0,2,2,1.0
lupi,2,0,2,0.0
oxuiah,0,2,2,1.0
tecnolgico,0,2,2,1.0
hâcet,0,2,2,1.0
ç,0,2,2,1.0
mülkü,0,2,2,1.0
qtzto,0,2,2,1.0
philantropist,0,2,2,1.0
jumpl,1,1,2,0.5
sgreen,2,0,2,0.0
cappi,0,2,2,1.0
scu,0,2,2,1.0
luitgard,2,0,2,0.0
loretha,0,2,2,1.0
marter,2,0,2,0.0
vybtxv,0,2,2,1.0
indiquez,0,2,2,1.0
jemyrqg,0,2,2,1.0
keenest,1,1,2,0.5
lnasdaq,0,2,2,1.0
angelolog,0,2,2,1.0
sunyich,0,2,2,1.0
hsti,0,2,2,1.0
obtendr,0,2,2,1.0
inggm,2,0,2,0.0
xfirwlf,0,2,2,1.0
humair,2,0,2,0.0
ifin,0,2,2,1.0
fireman,0,2,2,1.0
mnohoiei,0,2,2,1.0
ablauf,0,2,2,1.0
centralcultur,0,2,2,1.0
neediest,2,0,2,0.0
acertada,0,2,2,1.0
arialbwith,0,2,2,1.0
monoeci,0,2,2,1.0
jhrc,2,0,2,0.0
misitio,0,2,2,1.0
swabbi,0,2,2,1.0
riym,0,2,2,1.0
sngg,0,2,2,1.0
biográfica,0,2,2,1.0
prueba,0,2,2,1.0
klank,2,0,2,0.0
bruzzes,2,0,2,0.0
rfg,1,1,2,0.5
hau,0,2,2,1.0
yrlvbi,0,2,2,1.0
matthia,2,0,2,0.0
qlbmt,0,2,2,1.0
hvere,0,2,2,1.0
pasatiempo,0,2,2,1.0
makel,0,2,2,1.0
kincaid,0,2,2,1.0
leasurehom,0,2,2,1.0
pict,0,2,2,1.0
recomendado,0,2,2,1.0
datedbrentcrud,2,0,2,0.0
icker,0,2,2,1.0
manenpow,2,0,2,0.0
chicana,0,2,2,1.0
mantém,0,2,2,1.0
resond,0,2,2,1.0
peen,0,2,2,1.0
ldupou,0,2,2,1.0
krgp,2,0,2,0.0
comlett,0,2,2,1.0
collectgioodn,0,2,2,1.0
evofwnu,0,2,2,1.0
animao,0,2,2,1.0
dorathi,0,2,2,1.0
maurenn,2,0,2,0.0
otr,0,2,2,1.0
oscair,0,2,2,1.0
patrycia,2,0,2,0.0
idealist,1,1,2,0.5
phonehttp,0,2,2,1.0
fzocsu,0,2,2,1.0
indissolubl,0,2,2,1.0
wirelesscongress,0,2,2,1.0
whiop,0,2,2,1.0
reduccion,0,2,2,1.0
archimed,0,2,2,1.0
bbrown,2,0,2,0.0
astaud,2,0,2,0.0
interlocken,2,0,2,0.0
conocoprojreqform,2,0,2,0.0
galagh,2,0,2,0.0
stentofon,2,0,2,0.0
extensi,0,2,2,1.0
buysusa,0,2,2,1.0
nffqtmmha,0,2,2,1.0
rnetpharmaci,0,2,2,1.0
blqiwbxshx,0,2,2,1.0
fixed,0,2,2,1.0
frequncia,0,2,2,1.0
reino,0,2,2,1.0
ekykqhkq,0,2,2,1.0
elianor,0,2,2,1.0
ismmw,0,2,2,1.0
termsheet,2,0,2,0.0
eliptica,0,2,2,1.0
ikunxnuzb,0,2,2,1.0
constrant,2,0,2,0.0
abuben,0,2,2,1.0
tdxqo,0,2,2,1.0
lous,0,2,2,1.0
pszkbnop,0,2,2,1.0
droichead,0,2,2,1.0
redartifact,0,2,2,1.0
cuidat,0,2,2,1.0
legaldepart,0,2,2,1.0
supergroup,0,2,2,1.0
midscal,0,2,2,1.0
caitlin,0,2,2,1.0
vjf,0,2,2,1.0
goldeney,0,2,2,1.0
fafnir,0,2,2,1.0
displi,0,2,2,1.0
preconcept,0,2,2,1.0
nonbankrupt,2,0,2,0.0
salsaclub,0,2,2,1.0
wetten,0,2,2,1.0
yljgaqb,0,2,2,1.0
surrejoind,0,2,2,1.0
bcgquqn,0,2,2,1.0
gwalia,0,2,2,1.0
hynl,0,2,2,1.0
hanger,1,1,2,0.5
ozxvwghbpcewqdt,0,2,2,1.0
agii,0,2,2,1.0
jtf,2,0,2,0.0
fillabl,0,2,2,1.0
leyden,0,2,2,1.0
cyberbargain,0,2,2,1.0
olacak,0,2,2,1.0
taverna,0,2,2,1.0
killiam,2,0,2,0.0
knb,0,2,2,1.0
knockoff,0,2,2,1.0
kmid,2,0,2,0.0
demandin,2,0,2,0.0
hasteth,0,2,2,1.0
impor,0,2,2,1.0
blewitt,2,0,2,0.0
tdjoox,0,2,2,1.0
viagrxa,0,2,2,1.0
informationon,1,1,2,0.5
roga,2,0,2,0.0
jhg,0,2,2,1.0
sesekonn,0,2,2,1.0
veracruz,2,0,2,0.0
dbdbkewi,0,2,2,1.0
gwu,1,1,2,0.5
cumbr,0,2,2,1.0
vzjrkeoxvfrbxi,0,2,2,1.0
mangubat,0,2,2,1.0
pwfwuyj,0,2,2,1.0
llpltor,0,2,2,1.0
kmh,0,2,2,1.0
hobbit,0,2,2,1.0
cvph,0,2,2,1.0
withtraveloc,0,2,2,1.0
datado,0,2,2,1.0
tallman,2,0,2,0.0
gleich,0,2,2,1.0
frb,1,1,2,0.5
friendless,0,2,2,1.0
sdjxzb,0,2,2,1.0
brasilna,0,2,2,1.0
winnt,2,0,2,0.0
mandz,0,2,2,1.0
hkwta,0,2,2,1.0
agend,2,0,2,0.0
ufwgl,0,2,2,1.0
buckingham,2,0,2,0.0
exportadora,0,2,2,1.0
nqpdjily,0,2,2,1.0
banquett,2,0,2,0.0
terramar,0,2,2,1.0
biologia,0,2,2,1.0
ogcon,2,0,2,0.0
mmer,0,2,2,1.0
inquitud,0,2,2,1.0
enroli,0,2,2,1.0
tzjun,0,2,2,1.0
appro,0,2,2,1.0
emster,2,0,2,0.0
ngsni,0,2,2,1.0
armellino,2,0,2,0.0
ouisiana,0,2,2,1.0
tbtue,2,0,2,0.0
mcskjfirglkckubuvfiwwp,0,2,2,1.0
rik,1,1,2,0.5
ccnmatthew,0,2,2,1.0
quqivi,0,2,2,1.0
cotabletrtda,0,2,2,1.0
zakirov,0,2,2,1.0
privledg,2,0,2,0.0
dwi,0,2,2,1.0
buni,0,2,2,1.0
cassata,2,0,2,0.0
wlypq,0,2,2,1.0
kategori,0,2,2,1.0
tussurk,0,2,2,1.0
royd,0,2,2,1.0
rnkgi,0,2,2,1.0
merudtacj,0,2,2,1.0
columb,1,1,2,0.5
habt,0,2,2,1.0
fuwltjtch,0,2,2,1.0
aplicabilidad,0,2,2,1.0
littlefield,2,0,2,0.0
emeril,2,0,2,0.0
tomboy,0,2,2,1.0
iylo,0,2,2,1.0
szkola,2,0,2,0.0
gpr,0,2,2,1.0
osk,2,0,2,0.0
parterr,0,2,2,1.0
authomat,0,2,2,1.0
catastrophi,2,0,2,0.0
sallygould,2,0,2,0.0
brittab,2,0,2,0.0
brianneholden,0,2,2,1.0
hiqachojogx,0,2,2,1.0
slangi,0,2,2,1.0
zybnb,0,2,2,1.0
aquela,0,2,2,1.0
gehoert,0,2,2,1.0
enot,0,2,2,1.0
ddmcwhirter,2,0,2,0.0
postelnicu,2,0,2,0.0
sameweb,0,2,2,1.0
pastora,2,0,2,0.0
kerwin,2,0,2,0.0
phl,0,2,2,1.0
xipwtobnf,0,2,2,1.0
investigacion,0,2,2,1.0
doublur,0,2,2,1.0
ipbfl,0,2,2,1.0
lankiest,0,2,2,1.0
euphon,0,2,2,1.0
qdyzro,0,2,2,1.0
corhshuck,2,0,2,0.0
musicai,0,2,2,1.0
buydown,2,0,2,0.0
sohail,2,0,2,0.0
behalv,0,2,2,1.0
chukwuka,0,2,2,1.0
relas,2,0,2,0.0
calumniatori,0,2,2,1.0
tela,0,2,2,1.0
yerlerd,0,2,2,1.0
katmandu,0,2,2,1.0
yalvarmalarýmýzý,0,2,2,1.0
hornwort,0,2,2,1.0
uluk,0,2,2,1.0
aguardo,0,2,2,1.0
arcmail,2,0,2,0.0
agrm,1,1,2,0.5
reactant,0,2,2,1.0
tqtx,2,0,2,0.0
cystic,0,2,2,1.0
schluß,0,2,2,1.0
jamacaz,0,2,2,1.0
gevolgen,0,2,2,1.0
conglob,0,2,2,1.0
saskia,0,2,2,1.0
lakshmi,2,0,2,0.0
idâ,0,2,2,1.0
buzesuhxeiecllfl,0,2,2,1.0
chaaaaaaang,0,2,2,1.0
verschillend,0,2,2,1.0
anb,0,2,2,1.0
mecmuasý,0,2,2,1.0
refforrm,0,2,2,1.0
impreso,0,2,2,1.0
nostock,0,2,2,1.0
sepfrvic,0,2,2,1.0
vane,0,2,2,1.0
anketi,0,2,2,1.0
exhang,2,0,2,0.0
herrmaienta,0,2,2,1.0
protan,2,0,2,0.0
stickiest,0,2,2,1.0
vrai,0,2,2,1.0
ecampbellsoup,2,0,2,0.0
melisa,2,0,2,0.0
aodc,0,2,2,1.0
gea,0,2,2,1.0
dwwsjo,0,2,2,1.0
drillock,2,0,2,0.0
aqr,0,2,2,1.0
jsmlt,0,2,2,1.0
yoursuccess,0,2,2,1.0
coppead,0,2,2,1.0
issueswatch,2,0,2,0.0
mladen,2,0,2,0.0
tiff,2,0,2,0.0
returnm,2,0,2,0.0
ontvang,0,2,2,1.0
youcould,0,2,2,1.0
hotrespond,0,2,2,1.0
hxgi,2,0,2,0.0
crnklapvj,0,2,2,1.0
namei,0,2,2,1.0
fieldl,0,2,2,1.0
njfqnpga,0,2,2,1.0
testemoni,0,2,2,1.0
hansford,2,0,2,0.0
joggl,0,2,2,1.0
wanderlust,0,2,2,1.0
unholi,0,2,2,1.0
voob,0,2,2,1.0
rgement,0,2,2,1.0
yqcaxm,0,2,2,1.0
iazdo,0,2,2,1.0
lyricismstr,0,2,2,1.0
acdjbefgixqrnyhklzmimg,0,2,2,1.0
wouldnt,1,1,2,0.5
lbntw,0,2,2,1.0
tambin,0,2,2,1.0
inforc,2,0,2,0.0
investisseur,0,2,2,1.0
bpw,0,2,2,1.0
plusvc,0,2,2,1.0
jqzoujft,0,2,2,1.0
airproduct,2,0,2,0.0
muzak,0,2,2,1.0
referido,0,2,2,1.0
overid,2,0,2,0.0
conferencetim,2,0,2,0.0
univer,0,2,2,1.0
reprsentatif,0,2,2,1.0
residentialor,0,2,2,1.0
quikmort,0,2,2,1.0
vindt,0,2,2,1.0
willem,0,2,2,1.0
dkaoo,0,2,2,1.0
delaini,2,0,2,0.0
imaginens,0,2,2,1.0
travelpark,2,0,2,0.0
smallcow,2,0,2,0.0
jmeserv,2,0,2,0.0
lere,0,2,2,1.0
einzusparen,0,2,2,1.0
pharaci,0,2,2,1.0
dfl,2,0,2,0.0
fdrzksxw,0,2,2,1.0
marmot,0,2,2,1.0
landbouwgebieden,0,2,2,1.0
bianca,0,2,2,1.0
enviemo,0,2,2,1.0
saydeal,0,2,2,1.0
netmoneywizard,0,2,2,1.0
harrieth,0,2,2,1.0
spq,0,2,2,1.0
linezpharmaci,0,2,2,1.0
gairid,0,2,2,1.0
luimn,0,2,2,1.0
ethelyn,1,1,2,0.5
wenxiong,2,0,2,0.0
mfptuzu,0,2,2,1.0
cassino,0,2,2,1.0
bvnfcgh,0,2,2,1.0
qsv,0,2,2,1.0
kombn,0,2,2,1.0
perryman,2,0,2,0.0
zakelijk,0,2,2,1.0
yrstrip,2,0,2,0.0
gaheqpknh,0,2,2,1.0
gxt,0,2,2,1.0
pogodena,0,2,2,1.0
hmuprzd,0,2,2,1.0
berichten,0,2,2,1.0
twistersoffic,0,2,2,1.0
teleconnect,1,1,2,0.5
suretiyl,0,2,2,1.0
xau,2,0,2,0.0
ijzadi,0,2,2,1.0
windon,0,2,2,1.0
schatzamt,0,2,2,1.0
vpf,0,2,2,1.0
greatclal,0,2,2,1.0
nda,2,0,2,0.0
glamesta,2,0,2,0.0
standoff,1,1,2,0.5
quintic,0,2,2,1.0
qzgyja,0,2,2,1.0
kbrte,0,2,2,1.0
shere,0,2,2,1.0
orchi,0,2,2,1.0
onego,0,2,2,1.0
hlhoqu,2,0,2,0.0
freeki,0,2,2,1.0
uihopeyo,0,2,2,1.0
crocbiowiz,0,2,2,1.0
equifax,0,2,2,1.0
etmektedir,0,2,2,1.0
weaveboatload,0,2,2,1.0
maddam,0,2,2,1.0
zarzeczni,2,0,2,0.0
pauley,2,0,2,0.0
thow,1,1,2,0.5
kelien,0,2,2,1.0
iguaranteei,0,2,2,1.0
pfsdi,0,2,2,1.0
frc,2,0,2,0.0
efaalbf,0,2,2,1.0
laurentid,0,2,2,1.0
potzr,0,2,2,1.0
qyc,0,2,2,1.0
doezpyjhmtpbr,0,2,2,1.0
puter,0,2,2,1.0
kzsf,0,2,2,1.0
aqnulpsx,0,2,2,1.0
hmawvlpr,0,2,2,1.0
jcipolla,2,0,2,0.0
stosunku,2,0,2,0.0
counihan,2,0,2,0.0
bacchic,0,2,2,1.0
endocard,0,2,2,1.0
gewlw,0,2,2,1.0
aeraenergi,2,0,2,0.0
oplc,2,0,2,0.0
roder,2,0,2,0.0
prefier,0,2,2,1.0
onew,0,2,2,1.0
aerifi,0,2,2,1.0
jwx,0,2,2,1.0
pwxx,0,2,2,1.0
seeblackweil,0,2,2,1.0
ppjhg,0,2,2,1.0
ungethum,2,0,2,0.0
lindel,0,2,2,1.0
rmeov,0,2,2,1.0
robosocc,0,2,2,1.0
américa,0,2,2,1.0
tqz,0,2,2,1.0
undersubscrib,2,0,2,0.0
legaltransf,0,2,2,1.0
keister,2,0,2,0.0
wmwahq,0,2,2,1.0
judicial,0,2,2,1.0
zgql,0,2,2,1.0
thaumaturg,0,2,2,1.0
europenn,0,2,2,1.0
turnberri,0,2,2,1.0
antiag,0,2,2,1.0
exttend,0,2,2,1.0
comair,1,1,2,0.5
amurtagh,0,2,2,1.0
smaki,2,0,2,0.0
indruk,0,2,2,1.0
swisstimeusa,0,2,2,1.0
congratgul,2,0,2,0.0
iletiyi,0,2,2,1.0
theodosian,0,2,2,1.0
pasti,0,2,2,1.0
stripspreadopt,2,0,2,0.0
ujx,0,2,2,1.0
asf,0,2,2,1.0
zifqbdo,0,2,2,1.0
waana,0,2,2,1.0
htrp,0,2,2,1.0
malcont,0,2,2,1.0
nyi,0,2,2,1.0
available,0,2,2,1.0
hypoallergen,0,2,2,1.0
ediyoruz,0,2,2,1.0
adnanaki,0,2,2,1.0
yodpsu,0,2,2,1.0
oursbr,0,2,2,1.0
zhongnuo,0,2,2,1.0
gjtpyap,0,2,2,1.0
xnuvpf,0,2,2,1.0
stratigraph,0,2,2,1.0
hgano,0,2,2,1.0
leje,0,2,2,1.0
atyt,0,2,2,1.0
lambast,2,0,2,0.0
coyn,2,0,2,0.0
lawrenceag,2,0,2,0.0
jxo,1,1,2,0.5
rendimiento,0,2,2,1.0
spor,0,2,2,1.0
eboka,0,2,2,1.0
lastmonthsprl,0,2,2,1.0
tembo,2,0,2,0.0
wkn,0,2,2,1.0
irwindal,0,2,2,1.0
etta,0,2,2,1.0
bhfrm,0,2,2,1.0
oooboqhl,0,2,2,1.0
havingth,0,2,2,1.0
nadeau,0,2,2,1.0
gauteg,0,2,2,1.0
remburs,0,2,2,1.0
pbofzi,0,2,2,1.0
ybzryv,0,2,2,1.0
searchrengin,0,2,2,1.0
wangassist,2,0,2,0.0
vindo,0,2,2,1.0
excerptfrom,0,2,2,1.0
farmaci,0,2,2,1.0
elija,0,2,2,1.0
casîno,0,2,2,1.0
scaleabl,2,0,2,0.0
levltrtrial,0,2,2,1.0
xmfbh,0,2,2,1.0
gchnppjvq,0,2,2,1.0
rdhg,0,2,2,1.0
qtxivssxn,0,2,2,1.0
subarct,0,2,2,1.0
mensualment,0,2,2,1.0
excha,0,2,2,1.0
biolegend,0,2,2,1.0
chlorou,0,2,2,1.0
ehappi,0,2,2,1.0
heeeeeeer,0,2,2,1.0
bjihxsqal,0,2,2,1.0
reklamlari,0,2,2,1.0
visitar,0,2,2,1.0
lmay,2,0,2,0.0
tgfngljp,0,2,2,1.0
ycyfwb,0,2,2,1.0
rateio,0,2,2,1.0
incontornável,0,2,2,1.0
amcsi,0,2,2,1.0
isopleth,0,2,2,1.0
malsi,2,0,2,0.0
gasolineoffic,0,2,2,1.0
frantzeskaki,2,0,2,0.0
qauh,0,2,2,1.0
alugar,0,2,2,1.0
adhay,0,2,2,1.0
involucrar,0,2,2,1.0
reinstalar,0,2,2,1.0
nkko,0,2,2,1.0
hardeep,2,0,2,0.0
cion,0,2,2,1.0
lansquenet,0,2,2,1.0
wthmqpwp,0,2,2,1.0
bprszbqz,0,2,2,1.0
zhfoefjmc,0,2,2,1.0
ffragment,2,0,2,0.0
haol,2,0,2,0.0
wof,0,2,2,1.0
wetzel,2,0,2,0.0
succor,0,2,2,1.0
relájes,0,2,2,1.0
srichai,0,2,2,1.0
ummmmmm,2,0,2,0.0
soward,2,0,2,0.0
plusieur,0,2,2,1.0
yisxx,2,0,2,0.0
hrice,2,0,2,0.0
wydalismi,2,0,2,0.0
kristian,2,0,2,0.0
laxtwg,0,2,2,1.0
onar,0,2,2,1.0
resl,2,0,2,0.0
dhfoxbgx,0,2,2,1.0
njr,1,1,2,0.5
mailingrec,0,2,2,1.0
basf,2,0,2,0.0
acqksbi,0,2,2,1.0
forse,2,0,2,0.0
wardinski,2,0,2,0.0
getherbalsnow,0,2,2,1.0
ycihtn,0,2,2,1.0
lepisto,2,0,2,0.0
semtech,2,0,2,0.0
campsoup,2,0,2,0.0
mooresmith,0,2,2,1.0
senegalis,0,2,2,1.0
csse,0,2,2,1.0
uluhi,0,2,2,1.0
gekoppeld,0,2,2,1.0
wpo,0,2,2,1.0
tadyk,0,2,2,1.0
turnerbudd,2,0,2,0.0
replacesoft,0,2,2,1.0
botro,2,0,2,0.0
peridotit,0,2,2,1.0
fasbl,2,0,2,0.0
theoretician,0,2,2,1.0
xtra,0,2,2,1.0
adjackson,2,0,2,0.0
fireworksday,0,2,2,1.0
gvxhmpkd,0,2,2,1.0
lbdib,0,2,2,1.0
vasto,0,2,2,1.0
bjaohw,0,2,2,1.0
styrofoam,0,2,2,1.0
inijusti,0,2,2,1.0
cotter,2,0,2,0.0
fnvfl,0,2,2,1.0
crite,2,0,2,0.0
jamel,0,2,2,1.0
ytq,0,2,2,1.0
purre,0,2,2,1.0
bellybegg,0,2,2,1.0
fearless,1,1,2,0.5
ahmxanphb,0,2,2,1.0
maricopa,2,0,2,0.0
meehan,0,2,2,1.0
informática,0,2,2,1.0
rxtcutayf,0,2,2,1.0
handbal,0,2,2,1.0
nkqpnw,0,2,2,1.0
edición,0,2,2,1.0
crossley,2,0,2,0.0
phonecard,1,1,2,0.5
ladain,2,0,2,0.0
avanzado,0,2,2,1.0
causalidad,0,2,2,1.0
thatlead,0,2,2,1.0
andalusian,0,2,2,1.0
orthot,0,2,2,1.0
dili,1,1,2,0.5
lll,1,1,2,0.5
clarinex,0,2,2,1.0
stakrit,2,0,2,0.0
jkl,0,2,2,1.0
funcionário,0,2,2,1.0
murillo,1,1,2,0.5
lolpric,0,2,2,1.0
disucss,1,1,2,0.5
taguchi,2,0,2,0.0
fqdbhxtx,0,2,2,1.0
célula,0,2,2,1.0
selfsuffici,0,2,2,1.0
aenax,0,2,2,1.0
woodchuck,0,2,2,1.0
mbvb,0,2,2,1.0
utbxcuhepuffbnkwq,0,2,2,1.0
songwrit,0,2,2,1.0
watchmen,0,2,2,1.0
baldera,2,0,2,0.0
linwood,1,1,2,0.5
pinklici,0,2,2,1.0
aqzc,0,2,2,1.0
rfmzjni,0,2,2,1.0
loader,1,1,2,0.5
mwozni,2,0,2,0.0
mercount,0,2,2,1.0
rooster,2,0,2,0.0
gau,1,1,2,0.5
qkwzymsr,0,2,2,1.0
zszr,0,2,2,1.0
wkoster,2,0,2,0.0
pricevsoutag,2,0,2,0.0
extendía,0,2,2,1.0
rioga,2,0,2,0.0
exclu,0,2,2,1.0
quadriga,0,2,2,1.0
rpupac,0,2,2,1.0
rentingchoos,0,2,2,1.0
caneta,0,2,2,1.0
leftist,1,1,2,0.5
jyop,0,2,2,1.0
hentai,0,2,2,1.0
woodbind,0,2,2,1.0
sralama,0,2,2,1.0
bhitschel,2,0,2,0.0
gqbnz,0,2,2,1.0
msexcel,2,0,2,0.0
mccan,2,0,2,0.0
compren,0,2,2,1.0
theinvest,0,2,2,1.0
okhvwgv,0,2,2,1.0
trickier,2,0,2,0.0
wbl,0,2,2,1.0
benemérita,0,2,2,1.0
erklaeren,0,2,2,1.0
inwestycjami,2,0,2,0.0
bartosh,0,2,2,1.0
cheannach,0,2,2,1.0
mancin,0,2,2,1.0
ldd,0,2,2,1.0
dkk,2,0,2,0.0
tfanu,0,2,2,1.0
hux,0,2,2,1.0
ransact,0,2,2,1.0
rhigvdndq,0,2,2,1.0
wdj,0,2,2,1.0
cmsmarsertra,2,0,2,0.0
clubbabl,2,0,2,0.0
zaken,0,2,2,1.0
volja,0,2,2,1.0
zevex,2,0,2,0.0
abcxekrasw,0,2,2,1.0
roenker,2,0,2,0.0
fervor,1,1,2,0.5
outshin,0,2,2,1.0
brlnp,0,2,2,1.0
voorzitt,0,2,2,1.0
rjt,0,2,2,1.0
sedan,0,2,2,1.0
volcanogen,0,2,2,1.0
ambani,2,0,2,0.0
lireduc,0,2,2,1.0
hgkglcv,0,2,2,1.0
shana,1,1,2,0.5
compiement,0,2,2,1.0
pmo,2,0,2,0.0
ectodermistanbul,0,2,2,1.0
aright,0,2,2,1.0
windsurf,0,2,2,1.0
zcdwpbzw,0,2,2,1.0
jiilian,0,2,2,1.0
dwe,2,0,2,0.0
voyuer,0,2,2,1.0
bunkum,0,2,2,1.0
suzi,2,0,2,0.0
richi,1,1,2,0.5
icyigloo,0,2,2,1.0
neurosescomport,0,2,2,1.0
stewartthank,0,2,2,1.0
osvaldo,0,2,2,1.0
cmx,0,2,2,1.0
beïnvloeden,0,2,2,1.0
gespart,0,2,2,1.0
jrgbm,0,2,2,1.0
shireman,2,0,2,0.0
curtat,0,2,2,1.0
wiildaccess,0,2,2,1.0
theman,0,2,2,1.0
kunrueth,2,0,2,0.0
jnhu,0,2,2,1.0
carpetkeg,0,2,2,1.0
knhrfdvz,0,2,2,1.0
herdsman,0,2,2,1.0
ivxfkdgxuq,0,2,2,1.0
aubuvpbx,0,2,2,1.0
photoretouch,0,2,2,1.0
assistingm,0,2,2,1.0
searchfor,0,2,2,1.0
latu,0,2,2,1.0
ddo,0,2,2,1.0
instytucjami,2,0,2,0.0
offerbin,0,2,2,1.0
buildinga,0,2,2,1.0
gpuhuq,0,2,2,1.0
porpois,0,2,2,1.0
galoot,0,2,2,1.0
begrijpt,0,2,2,1.0
thrid,1,1,2,0.5
wyn,0,2,2,1.0
aikman,2,0,2,0.0
angekommen,0,2,2,1.0
iydoxkhv,0,2,2,1.0
pevnsron,0,2,2,1.0
fororgan,0,2,2,1.0
dayi,0,2,2,1.0
turnpik,0,2,2,1.0
apar,2,0,2,0.0
champian,2,0,2,0.0
subconjunto,0,2,2,1.0
nsomn,0,2,2,1.0
hoic,0,2,2,1.0
edwardlaan,0,2,2,1.0
westvaco,2,0,2,0.0
sheryln,2,0,2,0.0
nvx,0,2,2,1.0
mendosa,2,0,2,0.0
wilbert,0,2,2,1.0
jthomason,0,2,2,1.0
juhd,0,2,2,1.0
anguag,0,2,2,1.0
disculpen,0,2,2,1.0
theresult,0,2,2,1.0
muskoxen,0,2,2,1.0
mudbug,2,0,2,0.0
kontaktieren,0,2,2,1.0
pretain,2,0,2,0.0
spade,0,2,2,1.0
dünya,0,2,2,1.0
deletéreo,0,2,2,1.0
fipb,2,0,2,0.0
avacor,0,2,2,1.0
aufwendung,0,2,2,1.0
meriu,0,2,2,1.0
fanghaowen,0,2,2,1.0
sortir,0,2,2,1.0
leftnbsp,0,2,2,1.0
fender,0,2,2,1.0
redbu,2,0,2,0.0
wooten,1,1,2,0.5
monfort,0,2,2,1.0
tah,1,1,2,0.5
cualquiera,0,2,2,1.0
rdurraxh,0,2,2,1.0
lgger,0,2,2,1.0
mitinhabern,0,2,2,1.0
texpo,0,2,2,1.0
gezet,0,2,2,1.0
capitalspread,0,2,2,1.0
jqm,0,2,2,1.0
medlcatl,0,2,2,1.0
diseconomi,2,0,2,0.0
platinumstock,0,2,2,1.0
safepaym,0,2,2,1.0
pfdqauwwi,0,2,2,1.0
nakemiin,0,2,2,1.0
softwareabsolut,0,2,2,1.0
sexin,0,2,2,1.0
saskatoon,0,2,2,1.0
oqulup,0,2,2,1.0
bnaazaba,0,2,2,1.0
pharmzonl,0,2,2,1.0
astraea,0,2,2,1.0
gereksinimleri,0,2,2,1.0
marblehead,1,1,2,0.5
olohhwrcpdaxevua,0,2,2,1.0
nearrealtor,0,2,2,1.0
pjpoivz,0,2,2,1.0
kowbtemin,0,2,2,1.0
alkalimetri,0,2,2,1.0
abyrxutv,0,2,2,1.0
alemania,0,2,2,1.0
daao,2,0,2,0.0
iubhih,0,2,2,1.0
microchip,0,2,2,1.0
winningnotif,0,2,2,1.0
powerful,0,2,2,1.0
kâþîfe,0,2,2,1.0
understandingli,0,2,2,1.0
noxp,2,0,2,0.0
compri,0,2,2,1.0
forit,0,2,2,1.0
logra,0,2,2,1.0
siqoyi,0,2,2,1.0
juega,0,2,2,1.0
ftejyrai,0,2,2,1.0
mujkydijyhzcqux,0,2,2,1.0
awal,1,1,2,0.5
eyil,0,2,2,1.0
browder,2,0,2,0.0
helfen,0,2,2,1.0
nawa,0,2,2,1.0
woodridg,2,0,2,0.0
grantmoney,0,2,2,1.0
fillup,0,2,2,1.0
mailsord,0,2,2,1.0
desactivar,0,2,2,1.0
upq,0,2,2,1.0
epll,0,2,2,1.0
cbuj,0,2,2,1.0
celadon,2,0,2,0.0
valpltsenrn,2,0,2,0.0
fradzegw,0,2,2,1.0
schreibt,0,2,2,1.0
webhost,0,2,2,1.0
arithmetician,0,2,2,1.0
lobu,2,0,2,0.0
patito,0,2,2,1.0
tóxico,0,2,2,1.0
thurasingham,2,0,2,0.0
amparado,0,2,2,1.0
phonic,0,2,2,1.0
parlex,2,0,2,0.0
cleari,2,0,2,0.0
removeit,0,2,2,1.0
precalculu,2,0,2,0.0
toshibafactori,0,2,2,1.0
devildom,0,2,2,1.0
chicwatch,0,2,2,1.0
groung,2,0,2,0.0
bosgebieden,0,2,2,1.0
transworldlottol,0,2,2,1.0
yucatn,0,2,2,1.0
sdnrh,0,2,2,1.0
aishl,0,2,2,1.0
xilinx,0,2,2,1.0
gotti,0,2,2,1.0
negroid,0,2,2,1.0
hessen,0,2,2,1.0
tppsd,2,0,2,0.0
pourrait,0,2,2,1.0
weatherli,2,0,2,0.0
semâvâti,0,2,2,1.0
sayfalarýnda,0,2,2,1.0
gettmeeeeofff,0,2,2,1.0
kiph,0,2,2,1.0
internetgebruik,0,2,2,1.0
gestattet,0,2,2,1.0
qmzonv,0,2,2,1.0
åtå,0,2,2,1.0
compartment,1,1,2,0.5
pumpkinse,0,2,2,1.0
untiil,0,2,2,1.0
doyo,0,2,2,1.0
drugeas,0,2,2,1.0
shaquana,0,2,2,1.0
diz,0,2,2,1.0
bqbojn,0,2,2,1.0
arket,0,2,2,1.0
pher,0,2,2,1.0
jovanov,2,0,2,0.0
centerport,0,2,2,1.0
zustaendig,0,2,2,1.0
cubecart,0,2,2,1.0
novidad,0,2,2,1.0
serifa,0,2,2,1.0
rasaq,0,2,2,1.0
tráfico,0,2,2,1.0
parnassian,0,2,2,1.0
fkf,0,2,2,1.0
djyht,0,2,2,1.0
lomak,2,0,2,0.0
alaca,0,2,2,1.0
vqswlsfb,0,2,2,1.0
eip,1,1,2,0.5
sockyard,0,2,2,1.0
stangl,0,2,2,1.0
downum,2,0,2,0.0
gayla,2,0,2,0.0
gerog,2,0,2,0.0
polmico,0,2,2,1.0
wrest,0,2,2,1.0
pcbqevihf,0,2,2,1.0
ýkisini,0,2,2,1.0
contraind,0,2,2,1.0
uvdc,0,2,2,1.0
corlin,0,2,2,1.0
eaujf,0,2,2,1.0
philipmoorel,0,2,2,1.0
bcpsol,2,0,2,0.0
mimm,2,0,2,0.0
requiremu,0,2,2,1.0
comprend,0,2,2,1.0
orientar,0,2,2,1.0
colajo,0,2,2,1.0
lyqq,0,2,2,1.0
bqhvj,0,2,2,1.0
presser,0,2,2,1.0
dli,1,1,2,0.5
ttryiljkb,0,2,2,1.0
erledigt,0,2,2,1.0
jzcpmk,0,2,2,1.0
youung,0,2,2,1.0
stalinist,0,2,2,1.0
discoveryw,0,2,2,1.0
jacomini,2,0,2,0.0
bfear,0,2,2,1.0
ardenof,0,2,2,1.0
auteur,0,2,2,1.0
cucn,0,2,2,1.0
whistleblow,2,0,2,0.0
soakerl,0,2,2,1.0
drthkpd,0,2,2,1.0
terest,0,2,2,1.0
arvel,2,0,2,0.0
ediat,0,2,2,1.0
ylelbmum,0,2,2,1.0
labiat,0,2,2,1.0
htb,0,2,2,1.0
xwczyxk,0,2,2,1.0
institui,0,2,2,1.0
knerqqslz,0,2,2,1.0
megaplex,0,2,2,1.0
cartõ,0,2,2,1.0
wmstagel,0,2,2,1.0
northernmost,0,2,2,1.0
jyquf,0,2,2,1.0
ausfuellen,0,2,2,1.0
kredi,0,2,2,1.0
jeffgauti,2,0,2,0.0
cusom,1,1,2,0.5
jhl,0,2,2,1.0
jericho,0,2,2,1.0
peilet,0,2,2,1.0
neurasthen,0,2,2,1.0
bengale,0,2,2,1.0
ferrectehû,0,2,2,1.0
beijo,0,2,2,1.0
xlwdm,0,2,2,1.0
gebunden,0,2,2,1.0
conviert,0,2,2,1.0
yhaxc,0,2,2,1.0
mogl,2,0,2,0.0
dmelo,0,2,2,1.0
llcl,2,0,2,0.0
prewar,0,2,2,1.0
evenwicht,0,2,2,1.0
mingcheng,2,0,2,0.0
geet,0,2,2,1.0
viejou,2,0,2,0.0
boisshowdown,0,2,2,1.0
imct,2,0,2,0.0
travelocitylast,0,2,2,1.0
allianceworldwid,2,0,2,0.0
showbiz,0,2,2,1.0
corestaff,2,0,2,0.0
ostripsprd,2,0,2,0.0
mesaji,0,2,2,1.0
cutsforth,2,0,2,0.0
chepsoft,0,2,2,1.0
firmani,2,0,2,0.0
asssign,2,0,2,0.0
johndeer,2,0,2,0.0
clothingplu,0,2,2,1.0
wsprd,2,0,2,0.0
entit,1,1,2,0.5
relevant,0,2,2,1.0
managemnet,2,0,2,0.0
ycduqhxsdrivszo,0,2,2,1.0
mape,0,2,2,1.0
upbringcoexist,0,2,2,1.0
wader,0,2,2,1.0
yqewyjk,0,2,2,1.0
razón,0,2,2,1.0
ufl,2,0,2,0.0
pppoe,0,2,2,1.0
indivero,2,0,2,0.0
fariba,2,0,2,0.0
daysturnkey,0,2,2,1.0
celebesaccuraci,0,2,2,1.0
mhla,0,2,2,1.0
polynesiafrench,0,2,2,1.0
tridium,2,0,2,0.0
successmark,0,2,2,1.0
sorpresa,0,2,2,1.0
bioscitec,0,2,2,1.0
hedonistepstein,0,2,2,1.0
ghuru,0,2,2,1.0
fluster,0,2,2,1.0
workhseet,2,0,2,0.0
necrolog,0,2,2,1.0
dwz,0,2,2,1.0
yjc,0,2,2,1.0
unsusbscrib,0,2,2,1.0
apprcier,0,2,2,1.0
jauntili,0,2,2,1.0
dyshriw,0,2,2,1.0
acidicheisenberg,0,2,2,1.0
handicraftsnbsp,0,2,2,1.0
abtjgx,0,2,2,1.0
ninteen,0,2,2,1.0
escala,0,2,2,1.0
hinweis,0,2,2,1.0
erlaubt,0,2,2,1.0
departmentpr,0,2,2,1.0
knowabl,0,2,2,1.0
unflinch,0,2,2,1.0
sophistri,0,2,2,1.0
analyi,2,0,2,0.0
airpost,0,2,2,1.0
datapwr,2,0,2,0.0
acotar,0,2,2,1.0
gqqmum,0,2,2,1.0
ompens,0,2,2,1.0
totalidad,0,2,2,1.0
difuso,0,2,2,1.0
reoccur,2,0,2,0.0
özellikl,0,2,2,1.0
caro,0,2,2,1.0
belcher,1,1,2,0.5
bniss,0,2,2,1.0
substantiv,0,2,2,1.0
connallyatalanta,0,2,2,1.0
fcil,0,2,2,1.0
sediar,0,2,2,1.0
chamberl,2,0,2,0.0
aihf,0,2,2,1.0
zxt,0,2,2,1.0
entendido,0,2,2,1.0
lilia,2,0,2,0.0
brd,0,2,2,1.0
afxo,2,0,2,0.0
unmarri,0,2,2,1.0
directora,0,2,2,1.0
epromo,0,2,2,1.0
lookat,0,2,2,1.0
poswieceni,2,0,2,0.0
survenu,0,2,2,1.0
hwjw,0,2,2,1.0
pesc,2,0,2,0.0
processa,0,2,2,1.0
qbrbmi,0,2,2,1.0
regeneron,2,0,2,0.0
corbi,2,0,2,0.0
ygypsnltja,0,2,2,1.0
gyuphj,0,2,2,1.0
unkosten,0,2,2,1.0
chanukah,2,0,2,0.0
phin,0,2,2,1.0
grdqlf,0,2,2,1.0
gol,0,2,2,1.0
innî,0,2,2,1.0
balch,2,0,2,0.0
wrr,0,2,2,1.0
dorian,0,2,2,1.0
rndtext,0,2,2,1.0
mnbci,0,2,2,1.0
proponuj,2,0,2,0.0
soteriolog,0,2,2,1.0
peacelov,0,2,2,1.0
ejecutivas,0,2,2,1.0
oxon,0,2,2,1.0
bozo,0,2,2,1.0
uxd,0,2,2,1.0
dalai,2,0,2,0.0
thipyn,0,2,2,1.0
walivdhl,0,2,2,1.0
facilitateth,0,2,2,1.0
gjbpnsyl,0,2,2,1.0
nwzbw,0,2,2,1.0
delonghi,0,2,2,1.0
goldfarb,2,0,2,0.0
stockckck,0,2,2,1.0
electrolux,0,2,2,1.0
fatboy,0,2,2,1.0
knetzger,0,2,2,1.0
knoweledg,0,2,2,1.0
roofpak,0,2,2,1.0
rxstoreusa,0,2,2,1.0
gerardo,2,0,2,0.0
rsrg,0,2,2,1.0
brida,0,2,2,1.0
adn,0,2,2,1.0
zuyw,0,2,2,1.0
cuidador,0,2,2,1.0
captaino,0,2,2,1.0
ferik,0,2,2,1.0
fuerbring,2,0,2,0.0
zbb,0,2,2,1.0
gce,0,2,2,1.0
thatwent,0,2,2,1.0
constring,0,2,2,1.0
fhmhair,0,2,2,1.0
assemblywoman,2,0,2,0.0
hebt,0,2,2,1.0
ilk,0,2,2,1.0
serc,2,0,2,0.0
hayrick,0,2,2,1.0
ozurlul,0,2,2,1.0
sticktight,0,2,2,1.0
pillsour,0,2,2,1.0
treasuryconnect,2,0,2,0.0
epldztd,0,2,2,1.0
enlargmnt,0,2,2,1.0
mfjtaflzwqdjqz,0,2,2,1.0
wre,1,1,2,0.5
boomer,1,1,2,0.5
aprendizado,0,2,2,1.0
verificación,0,2,2,1.0
informaion,0,2,2,1.0
kolpik,0,2,2,1.0
gof,0,2,2,1.0
yourtarget,0,2,2,1.0
unadjust,2,0,2,0.0
archimedean,0,2,2,1.0
metti,0,2,2,1.0
chercheur,0,2,2,1.0
undr,0,2,2,1.0
onii,0,2,2,1.0
masculina,0,2,2,1.0
memeswann,2,0,2,0.0
siot,0,2,2,1.0
zwrocic,2,0,2,0.0
oigo,0,2,2,1.0
vyw,0,2,2,1.0
powienien,2,0,2,0.0
fhdeof,0,2,2,1.0
wittenberg,2,0,2,0.0
proveer,0,2,2,1.0
posto,0,2,2,1.0
handyoxford,0,2,2,1.0
antillesnew,0,2,2,1.0
nobotdi,0,2,2,1.0
cowardli,0,2,2,1.0
builtit,0,2,2,1.0
unprompt,0,2,2,1.0
valuedpayp,0,2,2,1.0
ymiotwv,0,2,2,1.0
porstitut,0,2,2,1.0
aufeminin,0,2,2,1.0
bluntli,2,0,2,0.0
electronica,0,2,2,1.0
centel,2,0,2,0.0
possibilidad,0,2,2,1.0
protg,0,2,2,1.0
shelbyvil,0,2,2,1.0
dnm,0,2,2,1.0
vía,0,2,2,1.0
meia,0,2,2,1.0
xlmdiydgpkbp,0,2,2,1.0
blucher,0,2,2,1.0
cashcredit,0,2,2,1.0
rqxfl,0,2,2,1.0
zedo,0,2,2,1.0
frostili,0,2,2,1.0
sprintpc,0,2,2,1.0
obok,2,0,2,0.0
festlegen,0,2,2,1.0
vfedmauso,0,2,2,1.0
aus,0,2,2,1.0
doel,0,2,2,1.0
meatpack,2,0,2,0.0
sonera,1,1,2,0.5
thenext,0,2,2,1.0
bwho,2,0,2,0.0
lovverpic,0,2,2,1.0
dbr,0,2,2,1.0
retaifl,0,2,2,1.0
odec,2,0,2,0.0
lectora,0,2,2,1.0
sxqjax,0,2,2,1.0
xydrv,0,2,2,1.0
sixyugo,0,2,2,1.0
dmi,0,2,2,1.0
activescan,0,2,2,1.0
enroncreit,2,0,2,0.0
plusdeck,0,2,2,1.0
fbgsmcrvuhvmfv,0,2,2,1.0
rigel,0,2,2,1.0
wvxxsm,0,2,2,1.0
phantasmagoria,0,2,2,1.0
trooper,0,2,2,1.0
amador,2,0,2,0.0
opteren,0,2,2,1.0
dool,0,2,2,1.0
ezsx,2,0,2,0.0
sourcesaf,0,2,2,1.0
monccnsjdno,0,2,2,1.0
okcyti,0,2,2,1.0
jeffsaxbi,0,2,2,1.0
georgeohwel,0,2,2,1.0
diodo,0,2,2,1.0
kaldýrýlýr,0,2,2,1.0
asociación,0,2,2,1.0
nhlint,0,2,2,1.0
taichi,2,0,2,0.0
spol,0,2,2,1.0
leeuwenhoek,0,2,2,1.0
dpcsi,0,2,2,1.0
unduli,2,0,2,0.0
quevedo,0,2,2,1.0
vanroyag,0,2,2,1.0
ibcoz,2,0,2,0.0
qmfofmikl,0,2,2,1.0
itsyouropinion,0,2,2,1.0
ymz,0,2,2,1.0
darialnbsp,0,2,2,1.0
causar,0,2,2,1.0
privatedetect,0,2,2,1.0
xsdshow,0,2,2,1.0
saabc,0,2,2,1.0
aanpakken,0,2,2,1.0
biocid,0,2,2,1.0
constat,0,2,2,1.0
starttosucce,0,2,2,1.0
uclcyhsfvposuw,0,2,2,1.0
adderson,0,2,2,1.0
fnobl,0,2,2,1.0
xterasi,0,2,2,1.0
sexaffair,0,2,2,1.0
rla,1,1,2,0.5
plaga,0,2,2,1.0
aceptamosla,0,2,2,1.0
flierguy,0,2,2,1.0
prlnkizff,0,2,2,1.0
hamstrung,1,1,2,0.5
ejzkhrd,0,2,2,1.0
securityrequest,2,0,2,0.0
lariat,0,2,2,1.0
searchibox,0,2,2,1.0
nsuka,0,2,2,1.0
jbxtz,0,2,2,1.0
sylwesterr,2,0,2,0.0
indirimlerden,0,2,2,1.0
lettish,0,2,2,1.0
distmora,0,2,2,1.0
fvtbw,0,2,2,1.0
jzmqakpko,0,2,2,1.0
princeyengenil,0,2,2,1.0
sanjev,2,0,2,0.0
prze,2,0,2,0.0
dealbeak,2,0,2,0.0
qgpxb,0,2,2,1.0
amcc,2,0,2,0.0
pouvon,0,2,2,1.0
banguru,0,2,2,1.0
incorrectley,2,0,2,0.0
sternstewart,2,0,2,0.0
htzka,0,2,2,1.0
ccgt,2,0,2,0.0
suít,0,2,2,1.0
kabagg,2,0,2,0.0
offalvisag,0,2,2,1.0
llxztlhi,0,2,2,1.0
wildnight,0,2,2,1.0
darrow,0,2,2,1.0
destacado,0,2,2,1.0
qlkaylp,0,2,2,1.0
igcc,2,0,2,0.0
kkgyv,0,2,2,1.0
ringer,0,2,2,1.0
glami,0,2,2,1.0
viia,0,2,2,1.0
alleaven,0,2,2,1.0
anlysi,2,0,2,0.0
dkilklnyx,0,2,2,1.0
findyour,0,2,2,1.0
theywer,0,2,2,1.0
ogcgbh,0,2,2,1.0
wildgoos,2,0,2,0.0
regardig,2,0,2,0.0
zene,0,2,2,1.0
rebbecca,0,2,2,1.0
fremb,0,2,2,1.0
fhdmryb,0,2,2,1.0
scgi,0,2,2,1.0
jchsvsyr,0,2,2,1.0
genassi,2,0,2,0.0
gnderebilirsiniz,0,2,2,1.0
zmyhk,0,2,2,1.0
datinggold,0,2,2,1.0
kidman,0,2,2,1.0
inofrm,2,0,2,0.0
rima,0,2,2,1.0
qof,0,2,2,1.0
yitw,0,2,2,1.0
multifold,0,2,2,1.0
hhmmj,0,2,2,1.0
fontdo,0,2,2,1.0
detaylý,0,2,2,1.0
coriand,0,2,2,1.0
omnimail,0,2,2,1.0
destinatrio,0,2,2,1.0
politt,2,0,2,0.0
manahm,0,2,2,1.0
acutrim,2,0,2,0.0
lenard,2,0,2,0.0
dml,0,2,2,1.0
ielodxwku,0,2,2,1.0
paulbennert,0,2,2,1.0
qdvog,0,2,2,1.0
gainsaid,0,2,2,1.0
scalzo,2,0,2,0.0
esim,2,0,2,0.0
heliograph,0,2,2,1.0
gunzma,0,2,2,1.0
collywobbl,0,2,2,1.0
gerekli,0,2,2,1.0
sterlinglend,0,2,2,1.0
fourahbay,0,2,2,1.0
adhadw,2,0,2,0.0
mutti,0,2,2,1.0
qyfvkpfqgknf,0,2,2,1.0
rhbop,0,2,2,1.0
taeral,0,2,2,1.0
lbfabillbn,0,2,2,1.0
characetr,0,2,2,1.0
traveloc,2,0,2,0.0
suspened,2,0,2,0.0
businessch,0,2,2,1.0
vicodinz,0,2,2,1.0
bwana,0,2,2,1.0
beprocess,0,2,2,1.0
phhramacybymail,0,2,2,1.0
mccollum,2,0,2,0.0
goerg,1,1,2,0.5
lophosoria,0,2,2,1.0
srode,2,0,2,0.0
kzbhmroz,0,2,2,1.0
resultat,0,2,2,1.0
jqbt,0,2,2,1.0
direcionai,0,2,2,1.0
marlton,0,2,2,1.0
towait,0,2,2,1.0
fzirit,0,2,2,1.0
hbklktale,0,2,2,1.0
knyrjkuowsg,0,2,2,1.0
snia,2,0,2,0.0
shao,0,2,2,1.0
sitcom,2,0,2,0.0
cubbag,2,0,2,0.0
customerrel,2,0,2,0.0
beyn,0,2,2,1.0
vesco,2,0,2,0.0
centervil,0,2,2,1.0
warum,0,2,2,1.0
reiationship,0,2,2,1.0
colocación,0,2,2,1.0
wealthier,0,2,2,1.0
oversel,2,0,2,0.0
wwcidawgmcln,0,2,2,1.0
ihtizaza,0,2,2,1.0
uitvoer,0,2,2,1.0
schoelzel,2,0,2,0.0
avoir,0,2,2,1.0
preholiday,2,0,2,0.0
minaret,0,2,2,1.0
lauter,0,2,2,1.0
fleit,2,0,2,0.0
angehrigen,0,2,2,1.0
aman,2,0,2,0.0
pjznf,0,2,2,1.0
método,0,2,2,1.0
ryqbi,0,2,2,1.0
margarett,0,2,2,1.0
clickxclick,0,2,2,1.0
tallyho,0,2,2,1.0
reservist,0,2,2,1.0
iybhkvix,0,2,2,1.0
spezialisten,0,2,2,1.0
njm,0,2,2,1.0
notoriedad,0,2,2,1.0
goodbyeion,0,2,2,1.0
khalid,2,0,2,0.0
alumno,0,2,2,1.0
lintwv,0,2,2,1.0
dsyow,0,2,2,1.0
vvazvqkguwokmdnvbbnegi,0,2,2,1.0
nonstandart,0,2,2,1.0
chnzdc,0,2,2,1.0
nowbetterthi,0,2,2,1.0
lpapayo,2,0,2,0.0
oicgxmr,0,2,2,1.0
mendiola,2,0,2,0.0
skwpkmkco,0,2,2,1.0
ssva,0,2,2,1.0
blase,2,0,2,0.0
raimund,2,0,2,0.0
wydatni,2,0,2,0.0
onepretti,0,2,2,1.0
lsiah,0,2,2,1.0
pbxmrlct,0,2,2,1.0
nalkbuortmgg,0,2,2,1.0
propr,0,2,2,1.0
navegar,0,2,2,1.0
katem,0,2,2,1.0
djax,0,2,2,1.0
bwagn,2,0,2,0.0
mkktcx,0,2,2,1.0
lipinski,2,0,2,0.0
viagrahangouv,0,2,2,1.0
yznni,0,2,2,1.0
agoyf,0,2,2,1.0
mga,1,1,2,0.5
macmacromedia,0,2,2,1.0
udi,0,2,2,1.0
randburg,0,2,2,1.0
renogoti,2,0,2,0.0
apúntat,0,2,2,1.0
informatoin,2,0,2,0.0
ouellett,0,2,2,1.0
pasara,0,2,2,1.0
unquest,1,1,2,0.5
pwg,1,1,2,0.5
pxo,0,2,2,1.0
phay,2,0,2,0.0
cookout,2,0,2,0.0
torso,0,2,2,1.0
thrasher,2,0,2,0.0
makenbi,0,2,2,1.0
mcconvil,2,0,2,0.0
ameriga,2,0,2,0.0
ihyojpej,0,2,2,1.0
anil,2,0,2,0.0
americantvandfilm,0,2,2,1.0
improvementsecond,0,2,2,1.0
timbr,0,2,2,1.0
qrrzd,0,2,2,1.0
djirgpxg,0,2,2,1.0
atmachamb,0,2,2,1.0
hyhzddyeq,0,2,2,1.0
curley,2,0,2,0.0
hoatson,2,0,2,0.0
afe,0,2,2,1.0
esseedewor,0,2,2,1.0
mathsmat,2,0,2,0.0
pricc,0,2,2,1.0
findeth,0,2,2,1.0
zuzana,2,0,2,0.0
sna,0,2,2,1.0
dreamtim,0,2,2,1.0
oxl,0,2,2,1.0
unspoil,0,2,2,1.0
mmzdf,0,2,2,1.0
sapob,0,2,2,1.0
clique,0,2,2,1.0
lalli,2,0,2,0.0
comentrio,0,2,2,1.0
comir,1,1,2,0.5
fugel,2,0,2,0.0
municipal,0,2,2,1.0
inmunopreven,0,2,2,1.0
stranski,1,1,2,0.5
tnci,0,2,2,1.0
przedstawiciela,2,0,2,0.0
brýç,0,2,2,1.0
nanoinkc,0,2,2,1.0
mortgagefkzqeljhyno,0,2,2,1.0
geerbt,0,2,2,1.0
regua,0,2,2,1.0
contextualizando,0,2,2,1.0
multimillionair,2,0,2,0.0
sociopath,0,2,2,1.0
refco,2,0,2,0.0
varpro,0,2,2,1.0
travelocityla,0,2,2,1.0
cilndro,0,2,2,1.0
theprogram,0,2,2,1.0
padtt,0,2,2,1.0
bittl,2,0,2,0.0
buti,2,0,2,0.0
handholdrichfield,0,2,2,1.0
risko,2,0,2,0.0
romila,0,2,2,1.0
gonowmail,0,2,2,1.0
qfireddm,0,2,2,1.0
bourahla,0,2,2,1.0
õâàï,0,2,2,1.0
robertsl,0,2,2,1.0
hipnotizant,0,2,2,1.0
nextfew,0,2,2,1.0
arefieva,2,0,2,0.0
homeschool,0,2,2,1.0
energyinsight,2,0,2,0.0
tisfi,0,2,2,1.0
rosia,0,2,2,1.0
nyh,1,1,2,0.5
kierlanczyk,2,0,2,0.0
eizqaqt,0,2,2,1.0
norweng,0,2,2,1.0
sprat,0,2,2,1.0
nicotrol,0,2,2,1.0
mabel,0,2,2,1.0
ffoulk,2,0,2,0.0
ssional,0,2,2,1.0
hoskqugwd,0,2,2,1.0
algaz,0,2,2,1.0
asdel,0,2,2,1.0
aboutchristma,0,2,2,1.0
dowivd,0,2,2,1.0
polsterdues,0,2,2,1.0
tennyson,0,2,2,1.0
anchorofsalvacion,0,2,2,1.0
afsjlzbj,0,2,2,1.0
ophan,0,2,2,1.0
asv,2,0,2,0.0
fonctionnair,0,2,2,1.0
europi,2,0,2,0.0
nassar,2,0,2,0.0
mmoto,0,2,2,1.0
lbub,0,2,2,1.0
hargrav,2,0,2,0.0
bzihpw,0,2,2,1.0
rmeimi,0,2,2,1.0
implment,2,0,2,0.0
blxenpedteczmwom,2,0,2,0.0
jardimdemonstrao,0,2,2,1.0
ncourag,0,2,2,1.0
mhaursn,0,2,2,1.0
discoteca,0,2,2,1.0
heatengin,0,2,2,1.0
utcsybk,0,2,2,1.0
szkoli,2,0,2,0.0
dopkin,2,0,2,0.0
burada,0,2,2,1.0
residentail,0,2,2,1.0
syouih,0,2,2,1.0
thoussand,0,2,2,1.0
lesscentr,0,2,2,1.0
xyu,0,2,2,1.0
bhx,0,2,2,1.0
hathwith,0,2,2,1.0
mah,0,2,2,1.0
drucker,0,2,2,1.0
kedem,1,1,2,0.5
vzc,0,2,2,1.0
perryhom,2,0,2,0.0
fwinw,0,2,2,1.0
verhofstadt,0,2,2,1.0
galant,0,2,2,1.0
smtpgwol,0,2,2,1.0
rajendrapachauri,2,0,2,0.0
grañen,0,2,2,1.0
etapi,2,0,2,0.0
misconjug,0,2,2,1.0
hoim,0,2,2,1.0
wouldamaz,0,2,2,1.0
moj,2,0,2,0.0
usara,0,2,2,1.0
goss,0,2,2,1.0
degp,2,0,2,0.0
prover,0,2,2,1.0
bigprofithomebiz,0,2,2,1.0
zbzohm,0,2,2,1.0
pfvnju,0,2,2,1.0
competet,0,2,2,1.0
abundancegroup,0,2,2,1.0
moglibi,2,0,2,0.0
seleniteenf,0,2,2,1.0
sabia,0,2,2,1.0
abboudi,2,0,2,0.0
makbul,0,2,2,1.0
thein,0,2,2,1.0
accum,2,0,2,0.0
clxmlgazhmoxwc,0,2,2,1.0
fopperi,0,2,2,1.0
yachtsman,0,2,2,1.0
brill,2,0,2,0.0
jacklyn,0,2,2,1.0
rqgyqqtgz,0,2,2,1.0
amandaabbott,0,2,2,1.0
zwwyw,2,0,2,0.0
erv,2,0,2,0.0
sprm,0,2,2,1.0
ejv,2,0,2,0.0
liban,0,2,2,1.0
enddat,2,0,2,0.0
ppc,2,0,2,0.0
xmxp,0,2,2,1.0
tijqsemw,0,2,2,1.0
greco,2,0,2,0.0
kibbl,0,2,2,1.0
yeabsjf,0,2,2,1.0
novelist,0,2,2,1.0
qkhf,0,2,2,1.0
penitenti,0,2,2,1.0
zussammen,0,2,2,1.0
steelyl,2,0,2,0.0
ywlvcqb,2,0,2,0.0
jweinberg,2,0,2,0.0
qljiyisjdvambww,2,0,2,0.0
vanderlinden,2,0,2,0.0
sapata,0,2,2,1.0
hfixka,0,2,2,1.0
nasdr,2,0,2,0.0
stressth,0,2,2,1.0
distloop,0,2,2,1.0
csice,0,2,2,1.0
promiss,1,1,2,0.5
neverbush,0,2,2,1.0
qllo,0,2,2,1.0
esbab,0,2,2,1.0
germannbsp,0,2,2,1.0
honst,0,2,2,1.0
lkushnir,2,0,2,0.0
uncloud,0,2,2,1.0
takim,2,0,2,0.0
watereth,0,2,2,1.0
benedictinen,0,2,2,1.0
vermitteln,0,2,2,1.0
oci,0,2,2,1.0
copter,0,2,2,1.0
nvj,0,2,2,1.0
yrknxffe,0,2,2,1.0
gyqzb,0,2,2,1.0
thyra,2,0,2,0.0
tengan,0,2,2,1.0
neffa,2,0,2,0.0
fmp,0,2,2,1.0
zdizssg,0,2,2,1.0
pourrai,0,2,2,1.0
arimathea,0,2,2,1.0
spllf,0,2,2,1.0
invlov,0,2,2,1.0
vgray,0,2,2,1.0
gabinet,0,2,2,1.0
whywaitlong,0,2,2,1.0
exhibitionist,0,2,2,1.0
jqgul,0,2,2,1.0
dbaumba,2,0,2,0.0
swordfish,0,2,2,1.0
rockycrat,0,2,2,1.0
mmfwpcoyq,0,2,2,1.0
ipmlgbit,0,2,2,1.0
gregoryhan,0,2,2,1.0
countersuit,2,0,2,0.0
dica,0,2,2,1.0
nmoesxkb,0,2,2,1.0
drnsrpjm,0,2,2,1.0
capezzuto,0,2,2,1.0
youbr,0,2,2,1.0
mrtgage,0,2,2,1.0
mpiro,0,2,2,1.0
shrike,0,2,2,1.0
hgczn,0,2,2,1.0
dfib,2,0,2,0.0
agaiin,0,2,2,1.0
gbmodem,0,2,2,1.0
pellum,2,0,2,0.0
jaun,0,2,2,1.0
treatis,2,0,2,0.0
fonbrsi,0,2,2,1.0
roblem,0,2,2,1.0
qiau,0,2,2,1.0
munass,0,2,2,1.0
optimizeit,0,2,2,1.0
confessedli,0,2,2,1.0
supress,0,2,2,1.0
fldzenmu,0,2,2,1.0
waikola,0,2,2,1.0
ryhiz,0,2,2,1.0
veee,0,2,2,1.0
verdienen,0,2,2,1.0
jive,0,2,2,1.0
feedlot,0,2,2,1.0
eurolottoinf,0,2,2,1.0
yvcsbj,0,2,2,1.0
annan,0,2,2,1.0
palabora,0,2,2,1.0
pamplet,0,2,2,1.0
geht,0,2,2,1.0
regla,0,2,2,1.0
alol,0,2,2,1.0
fbcfbdl,0,2,2,1.0
hydrargyrum,0,2,2,1.0
gyztud,0,2,2,1.0
williamstomul,0,2,2,1.0
recevi,2,0,2,0.0
eckert,2,0,2,0.0
udcjgd,0,2,2,1.0
wivrk,0,2,2,1.0
strategicweath,2,0,2,0.0
vsgx,0,2,2,1.0
fordhenri,0,2,2,1.0
etapa,0,2,2,1.0
unspent,0,2,2,1.0
fkfnfd,0,2,2,1.0
scifi,2,0,2,0.0
juzpi,0,2,2,1.0
navfac,1,1,2,0.5
asoc,0,2,2,1.0
kmg,2,0,2,0.0
reconocen,0,2,2,1.0
tkkcma,0,2,2,1.0
fîmâ,0,2,2,1.0
especificación,0,2,2,1.0
jaa,0,2,2,1.0
pilllevitra,0,2,2,1.0
ewald,0,2,2,1.0
tdyke,2,0,2,0.0
estratégica,0,2,2,1.0
ugochukwu,0,2,2,1.0
skhimich,0,2,2,1.0
gxtdc,0,2,2,1.0
dese,0,2,2,1.0
neaarbi,0,2,2,1.0
hepvzal,0,2,2,1.0
smhg,2,0,2,0.0
aichem,0,2,2,1.0
usenam,0,2,2,1.0
muzenda,0,2,2,1.0
kqkfvrek,0,2,2,1.0
loooooong,0,2,2,1.0
rubric,1,1,2,0.5
sarlat,2,0,2,0.0
ophthalmologist,0,2,2,1.0
cervin,0,2,2,1.0
dkloyhq,0,2,2,1.0
sdmxzjeg,0,2,2,1.0
searchiboxphotograph,0,2,2,1.0
cvnbgmt,0,2,2,1.0
lhundr,0,2,2,1.0
htmlcome,0,2,2,1.0
gupffzzi,0,2,2,1.0
zippo,1,1,2,0.5
abahi,2,0,2,0.0
meivin,0,2,2,1.0
reconocido,0,2,2,1.0
exclusief,0,2,2,1.0
delivemori,0,2,2,1.0
pkymbfxg,0,2,2,1.0
letitia,0,2,2,1.0
upm,2,0,2,0.0
volleybail,0,2,2,1.0
mjermakl,2,0,2,0.0
blmgn,0,2,2,1.0
lstare,0,2,2,1.0
ldjzfaato,0,2,2,1.0
tebalzmt,0,2,2,1.0
atrcwrueu,0,2,2,1.0
neuberg,2,0,2,0.0
aqzwkx,0,2,2,1.0
ktmumt,0,2,2,1.0
postini,0,2,2,1.0
scacll,2,0,2,0.0
helland,2,0,2,0.0
wjdtj,0,2,2,1.0
ldupqo,0,2,2,1.0
waiit,0,2,2,1.0
neticed,0,2,2,1.0
horshu,0,2,2,1.0
xff,0,2,2,1.0
tino,2,0,2,0.0
costsfrom,0,2,2,1.0
medsrx,0,2,2,1.0
faarakxavoxcadetxjpir,0,2,2,1.0
bilgin,2,0,2,0.0
tjoffer,0,2,2,1.0
itcdgt,0,2,2,1.0
sherlock,0,2,2,1.0
xgab,0,2,2,1.0
whichclal,0,2,2,1.0
genetran,0,2,2,1.0
arayýn,0,2,2,1.0
naleznosc,2,0,2,0.0
bbalert,0,2,2,1.0
dsay,0,2,2,1.0
remuneracion,0,2,2,1.0
jetnhc,0,2,2,1.0
pyr,1,1,2,0.5
novack,2,0,2,0.0
lyalwc,0,2,2,1.0
honorde,0,2,2,1.0
floreció,0,2,2,1.0
ohgefi,0,2,2,1.0
xcom,0,2,2,1.0
xàñ,0,2,2,1.0
mozliwi,2,0,2,0.0
juzgado,0,2,2,1.0
ypzaahtem,0,2,2,1.0
meiva,0,2,2,1.0
earthwork,1,1,2,0.5
hzconnect,0,2,2,1.0
fmcdonnel,2,0,2,0.0
bezahlen,0,2,2,1.0
dhh,0,2,2,1.0
gvhwe,0,2,2,1.0
boxtel,0,2,2,1.0
ondernemen,0,2,2,1.0
almalarnzda,0,2,2,1.0
steuben,0,2,2,1.0
confident,0,2,2,1.0
harddecis,0,2,2,1.0
dfsll,0,2,2,1.0
terrenc,2,0,2,0.0
jdndjdxk,0,2,2,1.0
apophthegm,0,2,2,1.0
vjmxa,0,2,2,1.0
theinterest,0,2,2,1.0
credlt,0,2,2,1.0
ctclib,0,2,2,1.0
drivecal,0,2,2,1.0
entreprenu,2,0,2,0.0
uzoma,0,2,2,1.0
okiehn,0,2,2,1.0
janata,2,0,2,0.0
omfwvaqf,0,2,2,1.0
kontor,0,2,2,1.0
ebfoor,0,2,2,1.0
clickthru,0,2,2,1.0
asth,0,2,2,1.0
hzohteeekqxcifbljt,0,2,2,1.0
groaner,0,2,2,1.0
unpretend,0,2,2,1.0
zeer,0,2,2,1.0
familymailbox,0,2,2,1.0
selyn,0,2,2,1.0
galleon,2,0,2,0.0
puli,0,2,2,1.0
earni,0,2,2,1.0
tikai,0,2,2,1.0
kldgdfihcfr,0,2,2,1.0
aclaramo,0,2,2,1.0
teratolog,0,2,2,1.0
khpo,0,2,2,1.0
comunicao,0,2,2,1.0
contractorwith,0,2,2,1.0
rosebank,0,2,2,1.0
unselfish,1,1,2,0.5
unidiploma,0,2,2,1.0
mwhr,2,0,2,0.0
absurdli,2,0,2,0.0
parablica,0,2,2,1.0
pharmal,0,2,2,1.0
tnxkaiov,0,2,2,1.0
daepmzq,0,2,2,1.0
gallatin,2,0,2,0.0
energizehouston,2,0,2,0.0
oeurbi,0,2,2,1.0
sco,0,2,2,1.0
mahendra,2,0,2,0.0
candlelitrel,0,2,2,1.0
contcteno,0,2,2,1.0
wickersham,2,0,2,0.0
ebui,0,2,2,1.0
descreetli,0,2,2,1.0
impossibi,0,2,2,1.0
ethi,0,2,2,1.0
sauvignon,0,2,2,1.0
vvlqrcq,0,2,2,1.0
jxxa,0,2,2,1.0
fehirst,0,2,2,1.0
atwww,0,2,2,1.0
offercod,0,2,2,1.0
contactenrononlin,2,0,2,0.0
andirequestiremov,0,2,2,1.0
entdeckt,0,2,2,1.0
hoofghess,0,2,2,1.0
standardoptout,0,2,2,1.0
quinc,0,2,2,1.0
creada,0,2,2,1.0
ywobsfal,0,2,2,1.0
ezdqm,0,2,2,1.0
listmanag,2,0,2,0.0
bdifogbt,0,2,2,1.0
zapytac,2,0,2,0.0
potentiel,0,2,2,1.0
baarlar,0,2,2,1.0
makal,1,1,2,0.5
imco,0,2,2,1.0
lessli,0,2,2,1.0
pentateuch,0,2,2,1.0
µèí,0,2,2,1.0
wwgracbi,0,2,2,1.0
vjd,0,2,2,1.0
qdrydkrg,0,2,2,1.0
varmodel,2,0,2,0.0
agfa,2,0,2,0.0
treesbi,0,2,2,1.0
mundi,1,1,2,0.5
execpt,1,1,2,0.5
azepam,0,2,2,1.0
arbeidswetgev,0,2,2,1.0
teórico,0,2,2,1.0
kzdlrsjw,0,2,2,1.0
plentl,2,0,2,0.0
wessexwat,2,0,2,0.0
flh,0,2,2,1.0
fibrilliform,0,2,2,1.0
yearold,0,2,2,1.0
complacência,0,2,2,1.0
comparis,2,0,2,0.0
aritrag,2,0,2,0.0
ehlytjxr,0,2,2,1.0
forby,0,2,2,1.0
timbip,0,2,2,1.0
polyimid,0,2,2,1.0
cardíaco,0,2,2,1.0
tyre,0,2,2,1.0
cocaina,0,2,2,1.0
langford,1,1,2,0.5
choosedon,0,2,2,1.0
fdo,0,2,2,1.0
pru,1,1,2,0.5
collectionneur,0,2,2,1.0
tartakovski,2,0,2,0.0
mxvip,0,2,2,1.0
invovl,2,0,2,0.0
tablesleg,0,2,2,1.0
hibachi,0,2,2,1.0
ricardol,0,2,2,1.0
dentrepris,0,2,2,1.0
whohereinaft,0,2,2,1.0
alternativetri,0,2,2,1.0
pockett,0,2,2,1.0
tkig,0,2,2,1.0
sólo,0,2,2,1.0
jayakaran,2,0,2,0.0
anyim,0,2,2,1.0
gillaspi,2,0,2,0.0
eidv,0,2,2,1.0
callmeadeyinka,0,2,2,1.0
fysxngozzajtqsiiap,0,2,2,1.0
fredericka,0,2,2,1.0
steklet,0,2,2,1.0
jfziqz,0,2,2,1.0
icab,0,2,2,1.0
unend,0,2,2,1.0
apologu,0,2,2,1.0
gözyaþlarýmýzý,0,2,2,1.0
aufgab,0,2,2,1.0
egvic,0,2,2,1.0
unicef,2,0,2,0.0
exchan,0,2,2,1.0
hudgen,2,0,2,0.0
lotterti,0,2,2,1.0
aneel,2,0,2,0.0
zaida,0,2,2,1.0
hpldecl,2,0,2,0.0
rncp,0,2,2,1.0
telivo,0,2,2,1.0
hierme,0,2,2,1.0
cjb,0,2,2,1.0
futurist,2,0,2,0.0
kxqyfmvov,0,2,2,1.0
smartli,0,2,2,1.0
agricaltur,2,0,2,0.0
secondarytrytophan,0,2,2,1.0
tophoars,0,2,2,1.0
zadzwon,2,0,2,0.0
zeffirelli,0,2,2,1.0
malia,0,2,2,1.0
rcollard,0,2,2,1.0
unverz,0,2,2,1.0
oinpz,0,2,2,1.0
herrmann,2,0,2,0.0
lvhrufsgnh,0,2,2,1.0
shod,0,2,2,1.0
gqztudjcg,0,2,2,1.0
consultton,0,2,2,1.0
andrey,0,2,2,1.0
scrubbi,0,2,2,1.0
speaketh,0,2,2,1.0
alldredg,2,0,2,0.0
sseccttiion,0,2,2,1.0
sí,0,2,2,1.0
açucar,0,2,2,1.0
bhgv,0,2,2,1.0
whogan,2,0,2,0.0
pnj,0,2,2,1.0
startedon,0,2,2,1.0
pecho,0,2,2,1.0
pyhfn,0,2,2,1.0
hegenberg,2,0,2,0.0
bogor,0,2,2,1.0
atlhon,0,2,2,1.0
kristann,2,0,2,0.0
devol,2,0,2,0.0
ubzzbba,0,2,2,1.0
savvyvest,0,2,2,1.0
eula,2,0,2,0.0
piatinum,0,2,2,1.0
trastever,0,2,2,1.0
jeun,0,2,2,1.0
saracen,0,2,2,1.0
eimpvol,2,0,2,0.0
securetechnolog,0,2,2,1.0
jqjob,0,2,2,1.0
ppnpbvuna,0,2,2,1.0
cdrzugqld,0,2,2,1.0
hereyour,0,2,2,1.0
impactbdetail,0,2,2,1.0
rephras,2,0,2,0.0
aparecio,0,2,2,1.0
passagen,0,2,2,1.0
plini,0,2,2,1.0
djpl,1,1,2,0.5
programacin,0,2,2,1.0
trri,0,2,2,1.0
lungren,2,0,2,0.0
uqwqchk,0,2,2,1.0
sassafra,0,2,2,1.0
verhaeltni,0,2,2,1.0
sanguíneo,0,2,2,1.0
viagrma,0,2,2,1.0
sough,0,2,2,1.0
intech,0,2,2,1.0
katytailg,2,0,2,0.0
chuanli,2,0,2,0.0
pensacola,1,1,2,0.5
roseann,2,0,2,0.0
maðfiretik,0,2,2,1.0
connectjok,0,2,2,1.0
kwe,0,2,2,1.0
mkkmm,0,2,2,1.0
hisinvolv,0,2,2,1.0
mslearn,0,2,2,1.0
cpamo,0,2,2,1.0
trumka,2,0,2,0.0
dthat,0,2,2,1.0
mahsu,0,2,2,1.0
bpbolbat,2,0,2,0.0
conselho,0,2,2,1.0
mclhywfrmzyzotyy,0,2,2,1.0
nea,1,1,2,0.5
tvcabl,2,0,2,0.0
josemakl,0,2,2,1.0
bitdefend,0,2,2,1.0
aar,0,2,2,1.0
jinsung,2,0,2,0.0
eylesin,0,2,2,1.0
jgx,0,2,2,1.0
brummag,2,0,2,0.0
meza,1,1,2,0.5
disneyworld,2,0,2,0.0
ajntecdi,0,2,2,1.0
gtz,0,2,2,1.0
dogpi,0,2,2,1.0
bestbargain,0,2,2,1.0
gaazfj,0,2,2,1.0
estatal,0,2,2,1.0
kaffiyeh,0,2,2,1.0
jgecmgg,0,2,2,1.0
subhân,0,2,2,1.0
trano,2,0,2,0.0
resultin,0,2,2,1.0
nowicki,2,0,2,0.0
mianowici,2,0,2,0.0
ckili,0,2,2,1.0
qqkxgl,0,2,2,1.0
carthaigh,0,2,2,1.0
zolfo,2,0,2,0.0
sentryunit,0,2,2,1.0
gvwi,0,2,2,1.0
escutia,1,1,2,0.5
wmt,0,2,2,1.0
homefastcash,0,2,2,1.0
lucretiu,0,2,2,1.0
interestcredit,0,2,2,1.0
rmrisaj,0,2,2,1.0
altamont,1,1,2,0.5
uyorck,0,2,2,1.0
oklbm,0,2,2,1.0
smili,0,2,2,1.0
ygr,0,2,2,1.0
stiffer,2,0,2,0.0
litmonjxkngrr,0,2,2,1.0
willachiev,0,2,2,1.0
htmlwrite,0,2,2,1.0
federai,0,2,2,1.0
zoyhdn,0,2,2,1.0
jsead,2,0,2,0.0
merica,0,2,2,1.0
copix,0,2,2,1.0
mitochondri,0,2,2,1.0
mekanýn,0,2,2,1.0
forexch,2,0,2,0.0
modelso,2,0,2,0.0
matris,0,2,2,1.0
kbxj,0,2,2,1.0
thera,0,2,2,1.0
wqith,0,2,2,1.0
heydorn,0,2,2,1.0
ýôàèé,0,2,2,1.0
benmartino,0,2,2,1.0
tarefa,0,2,2,1.0
cáncer,0,2,2,1.0
tuesdaytwo,0,2,2,1.0
remunerationfor,0,2,2,1.0
sandhil,0,2,2,1.0
meaaan,0,2,2,1.0
hvbirp,0,2,2,1.0
lawfirm,2,0,2,0.0
prehistor,0,2,2,1.0
velour,0,2,2,1.0
wgsdroixm,0,2,2,1.0
lapsingjo,0,2,2,1.0
druuuug,0,2,2,1.0
miteinand,0,2,2,1.0
instala,0,2,2,1.0
shinbon,0,2,2,1.0
ertsgmlpb,0,2,2,1.0
seapp,2,0,2,0.0
abercrombi,2,0,2,0.0
fiskuskonto,0,2,2,1.0
probo,0,2,2,1.0
reserach,2,0,2,0.0
fkuk,0,2,2,1.0
adddata,0,2,2,1.0
obum,0,2,2,1.0
ilzlpbuog,0,2,2,1.0
vgfjjduut,0,2,2,1.0
polarr,0,2,2,1.0
sensaçõ,0,2,2,1.0
fiberglassgarbag,0,2,2,1.0
atu,0,2,2,1.0
cialisss,0,2,2,1.0
spectrogram,0,2,2,1.0
youwhil,0,2,2,1.0
gror,0,2,2,1.0
kekst,2,0,2,0.0
churrasqueira,0,2,2,1.0
zuela,2,0,2,0.0
squidbal,0,2,2,1.0
hsijkpp,0,2,2,1.0
hughesbro,0,2,2,1.0
oztcbwvtw,0,2,2,1.0
skullcap,0,2,2,1.0
kaser,0,2,2,1.0
toonmegaplex,0,2,2,1.0
horserac,0,2,2,1.0
tbosw,0,2,2,1.0
justifc,2,0,2,0.0
szdzvylc,0,2,2,1.0
hasappear,0,2,2,1.0
bkg,0,2,2,1.0
kickin,1,1,2,0.5
mutant,0,2,2,1.0
noscv,0,2,2,1.0
dvanc,0,2,2,1.0
rlsr,0,2,2,1.0
wezqwa,0,2,2,1.0
myword,0,2,2,1.0
malamut,0,2,2,1.0
ameradahess,0,2,2,1.0
tallk,2,0,2,0.0
integritysm,0,2,2,1.0
hren,0,2,2,1.0
altr,0,2,2,1.0
bruskott,2,0,2,0.0
undecompos,0,2,2,1.0
appid,0,2,2,1.0
codprem,2,0,2,0.0
islandsc,0,2,2,1.0
wuck,0,2,2,1.0
shapeless,0,2,2,1.0
uqpju,0,2,2,1.0
cannotreleas,0,2,2,1.0
cken,1,1,2,0.5
trafficentr,0,2,2,1.0
reproduzido,0,2,2,1.0
aklamann,0,2,2,1.0
mrg,0,2,2,1.0
zmocu,0,2,2,1.0
dekkfaldf,0,2,2,1.0
lactationunravel,0,2,2,1.0
bluze,2,0,2,0.0
hunzek,2,0,2,0.0
evoluo,0,2,2,1.0
hopland,2,0,2,0.0
transot,2,0,2,0.0
jiangsu,0,2,2,1.0
elektrocieplowni,2,0,2,0.0
biou,0,2,2,1.0
peakerdata,2,0,2,0.0
webisitecanb,0,2,2,1.0
manytim,0,2,2,1.0
definitiva,0,2,2,1.0
fmbenhnc,0,2,2,1.0
seacalf,0,2,2,1.0
havecontact,0,2,2,1.0
tutcher,2,0,2,0.0
katrin,2,0,2,0.0
bgjdjuhfkfovqhb,0,2,2,1.0
fzpwo,0,2,2,1.0
mindel,0,2,2,1.0
rotatori,0,2,2,1.0
fldmi,0,2,2,1.0
livemot,0,2,2,1.0
fdnbshd,0,2,2,1.0
hjqyptx,0,2,2,1.0
skatz,2,0,2,0.0
lellptqex,0,2,2,1.0
vainglori,0,2,2,1.0
limitadoo,0,2,2,1.0
pasteur,0,2,2,1.0
ccernosek,2,0,2,0.0
mailadressen,0,2,2,1.0
parana,1,1,2,0.5
estarán,0,2,2,1.0
gainsvil,0,2,2,1.0
cumplir,0,2,2,1.0
agenomor,0,2,2,1.0
invaluablebialystok,0,2,2,1.0
sawkgk,0,2,2,1.0
expan,2,0,2,0.0
wisest,0,2,2,1.0
georgettalow,0,2,2,1.0
gugelmin,2,0,2,0.0
wsnpsg,0,2,2,1.0
eiseman,0,2,2,1.0
fennel,0,2,2,1.0
unproduc,0,2,2,1.0
omkse,0,2,2,1.0
evvhq,0,2,2,1.0
baldock,2,0,2,0.0
pqmpdcil,0,2,2,1.0
subsystem,1,1,2,0.5
willen,2,0,2,0.0
findlay,2,0,2,0.0
ofx,2,0,2,0.0
ganimet,0,2,2,1.0
finfrock,2,0,2,0.0
danial,0,2,2,1.0
hersman,0,2,2,1.0
turno,0,2,2,1.0
suppliesnbsp,0,2,2,1.0
gapac,2,0,2,0.0
worldsit,0,2,2,1.0
kaazqchn,0,2,2,1.0
bisztyga,2,0,2,0.0
rvenu,0,2,2,1.0
houstonpb,2,0,2,0.0
xnc,0,2,2,1.0
ramakrishnan,2,0,2,0.0
unimpair,0,2,2,1.0
smartrt,0,2,2,1.0
chr,0,2,2,1.0
ulaabilmesi,0,2,2,1.0
razi,1,1,2,0.5
iscedcent,2,0,2,0.0
dfr,0,2,2,1.0
heer,0,2,2,1.0
juggler,0,2,2,1.0
securedibook,0,2,2,1.0
osir,2,0,2,0.0
navalli,2,0,2,0.0
bcm,1,1,2,0.5
cnbxj,0,2,2,1.0
bestellung,0,2,2,1.0
rdh,0,2,2,1.0
arcabouo,0,2,2,1.0
dealbreak,2,0,2,0.0
luthra,2,0,2,0.0
graphix,0,2,2,1.0
realixtdi,0,2,2,1.0
outthought,0,2,2,1.0
prqrvacr,0,2,2,1.0
cdeaton,2,0,2,0.0
whiteston,1,1,2,0.5
uninform,2,0,2,0.0
xvegi,0,2,2,1.0
cval,0,2,2,1.0
partil,0,2,2,1.0
telnet,0,2,2,1.0
cenesp,0,2,2,1.0
saddledom,2,0,2,0.0
bbcja,0,2,2,1.0
giadistayior,0,2,2,1.0
curreqnt,0,2,2,1.0
dlgpdxnst,0,2,2,1.0
fabe,2,0,2,0.0
weinart,2,0,2,0.0
teambuild,2,0,2,0.0
gehzhxg,0,2,2,1.0
honbank,0,2,2,1.0
superinsur,0,2,2,1.0
daggett,2,0,2,0.0
wauke,2,0,2,0.0
sportshealthnet,0,2,2,1.0
tnpcl,2,0,2,0.0
fklpjuzeo,0,2,2,1.0
ffl,1,1,2,0.5
srwhtuetu,0,2,2,1.0
insero,0,2,2,1.0
backend,1,1,2,0.5
samon,0,2,2,1.0
myslisz,2,0,2,0.0
lehü,0,2,2,1.0
concreción,0,2,2,1.0
smjksn,0,2,2,1.0
mandey,2,0,2,0.0
anunauthor,0,2,2,1.0
factoryspeci,0,2,2,1.0
xaxft,0,2,2,1.0
rasheidi,0,2,2,1.0
ministr,0,2,2,1.0
stocksend,0,2,2,1.0
yaþlarýyla,0,2,2,1.0
phytostero,0,2,2,1.0
yesteradi,1,1,2,0.5
trocar,0,2,2,1.0
lvx,0,2,2,1.0
denham,0,2,2,1.0
roeslut,0,2,2,1.0
requirementspb,0,2,2,1.0
capp,1,1,2,0.5
xqnxvn,0,2,2,1.0
suzhou,1,1,2,0.5
mmercial,0,2,2,1.0
vtmhuy,0,2,2,1.0
hfhpefposm,0,2,2,1.0
susanj,0,2,2,1.0
rxshvanf,0,2,2,1.0
superlegalm,0,2,2,1.0
uytret,0,2,2,1.0
departmentroy,0,2,2,1.0
sweeper,0,2,2,1.0
ospina,2,0,2,0.0
xii,2,0,2,0.0
dfxqyypluck,0,2,2,1.0
yimdrsgsvokyadm,0,2,2,1.0
gncar,0,2,2,1.0
ourhom,0,2,2,1.0
ireas,0,2,2,1.0
mirc,0,2,2,1.0
humilit,0,2,2,1.0
powerit,2,0,2,0.0
ugsor,0,2,2,1.0
improvementopaint,0,2,2,1.0
henegan,2,0,2,0.0
overpath,2,0,2,0.0
manoeuvr,2,0,2,0.0
raadplegen,0,2,2,1.0
orthopaed,0,2,2,1.0
fqcwlr,0,2,2,1.0
bangert,2,0,2,0.0
certificada,0,2,2,1.0
oleari,2,0,2,0.0
unclasp,0,2,2,1.0
kulübü,0,2,2,1.0
jiltbumbl,0,2,2,1.0
cleancut,0,2,2,1.0
nwe,2,0,2,0.0
hge,0,2,2,1.0
ehstqci,0,2,2,1.0
zlxjrdzcc,0,2,2,1.0
resever,0,2,2,1.0
hkp,0,2,2,1.0
rehab,2,0,2,0.0
overo,2,0,2,0.0
haroon,0,2,2,1.0
opgegeven,0,2,2,1.0
netmechan,0,2,2,1.0
lgnoer,0,2,2,1.0
orgsm,0,2,2,1.0
zalozyciel,2,0,2,0.0
diablo,2,0,2,0.0
beniss,0,2,2,1.0
liqui,2,0,2,0.0
dcaxzgo,0,2,2,1.0
blackleg,0,2,2,1.0
coordenar,0,2,2,1.0
promov,0,2,2,1.0
khozem,2,0,2,0.0
belowcons,2,0,2,0.0
tmh,2,0,2,0.0
eyxvcp,0,2,2,1.0
explora,0,2,2,1.0
consquent,0,2,2,1.0
snaggi,0,2,2,1.0
rflannel,0,2,2,1.0
zyqtaqlt,0,2,2,1.0
merchang,2,0,2,0.0
rmfexz,0,2,2,1.0
levou,0,2,2,1.0
ziprealti,2,0,2,0.0
saava,2,0,2,0.0
yapmamz,0,2,2,1.0
highereduc,0,2,2,1.0
derryl,2,0,2,0.0
xvpwlq,0,2,2,1.0
abbpptsb,0,2,2,1.0
vssqtqi,0,2,2,1.0
yamamoto,0,2,2,1.0
europow,2,0,2,0.0
danka,2,0,2,0.0
rvµa,0,2,2,1.0
verticil,0,2,2,1.0
unwari,0,2,2,1.0
hxlpyadg,0,2,2,1.0
greatwithdrawn,0,2,2,1.0
applylead,0,2,2,1.0
ghvegmg,0,2,2,1.0
kwx,0,2,2,1.0
muhafaza,0,2,2,1.0
mêdicin,0,2,2,1.0
presidentiel,0,2,2,1.0
selangord,0,2,2,1.0
mucosa,0,2,2,1.0
saugbuerst,0,2,2,1.0
architecht,0,2,2,1.0
islandscosta,0,2,2,1.0
wilmont,0,2,2,1.0
muggi,0,2,2,1.0
hkietyu,0,2,2,1.0
xnadz,0,2,2,1.0
ruecxp,0,2,2,1.0
acvbv,0,2,2,1.0
certificadora,0,2,2,1.0
broschyr,2,0,2,0.0
dotsprescript,0,2,2,1.0
themarket,0,2,2,1.0
sourdin,0,2,2,1.0
surrenderownz,2,0,2,0.0
ewfc,0,2,2,1.0
rapu,0,2,2,1.0
elexon,2,0,2,0.0
optionii,2,0,2,0.0
iml,0,2,2,1.0
euri,2,0,2,0.0
capitano,0,2,2,1.0
vpamcltdezfevrwxi,0,2,2,1.0
clavijo,0,2,2,1.0
nkw,2,0,2,0.0
tofb,0,2,2,1.0
ftenergyusa,2,0,2,0.0
pthx,0,2,2,1.0
challi,2,0,2,0.0
famalico,0,2,2,1.0
francisoj,0,2,2,1.0
lhtdma,0,2,2,1.0
tummytum,0,2,2,1.0
otorgamiento,0,2,2,1.0
vrijheid,0,2,2,1.0
triptych,0,2,2,1.0
catergori,0,2,2,1.0
utdvmmdv,0,2,2,1.0
maydon,0,2,2,1.0
lhoffer,0,2,2,1.0
japon,0,2,2,1.0
lio,0,2,2,1.0
dklfgiyzr,0,2,2,1.0
multicolour,0,2,2,1.0
antischool,0,2,2,1.0
frecnt,0,2,2,1.0
homophon,0,2,2,1.0
coito,0,2,2,1.0
lela,0,2,2,1.0
yawl,0,2,2,1.0
zarb,2,0,2,0.0
idt,0,2,2,1.0
acrdo,0,2,2,1.0
itresult,0,2,2,1.0
apprecait,2,0,2,0.0
analsysi,2,0,2,0.0
difus,0,2,2,1.0
kueqbt,0,2,2,1.0
leduc,0,2,2,1.0
étranger,0,2,2,1.0
brasher,2,0,2,0.0
bcuc,2,0,2,0.0
eig,1,1,2,0.5
jkbdvh,0,2,2,1.0
ofor,0,2,2,1.0
mcexesq,0,2,2,1.0
freigeben,0,2,2,1.0
tenden,0,2,2,1.0
ehli,1,1,2,0.5
ewaylv,0,2,2,1.0
ixh,0,2,2,1.0
mûcibâti,0,2,2,1.0
carwheel,2,0,2,0.0
hoston,2,0,2,0.0
hkpzd,0,2,2,1.0
cashabl,0,2,2,1.0
cephalexin,0,2,2,1.0
wkag,0,2,2,1.0
bancaria,0,2,2,1.0
cocklin,2,0,2,0.0
jolietembark,0,2,2,1.0
islandscentr,0,2,2,1.0
ijxffdzern,0,2,2,1.0
deboel,0,2,2,1.0
rahmân,0,2,2,1.0
unliquid,0,2,2,1.0
monotyp,0,2,2,1.0
oilandgaspackag,0,2,2,1.0
viso,0,2,2,1.0
mocumbi,2,0,2,0.0
purppos,0,2,2,1.0
sizognql,0,2,2,1.0
dmutad,0,2,2,1.0
lauric,0,2,2,1.0
jene,0,2,2,1.0
shyli,0,2,2,1.0
dailyporn,0,2,2,1.0
djswneafg,0,2,2,1.0
tope,0,2,2,1.0
maladjust,0,2,2,1.0
gaheqp,0,2,2,1.0
coscia,2,0,2,0.0
spiegelhau,2,0,2,0.0
departa,0,2,2,1.0
jamieson,0,2,2,1.0
çok,0,2,2,1.0
starspecificsgreat,0,2,2,1.0
dcmi,0,2,2,1.0
yucatan,0,2,2,1.0
nad,2,0,2,0.0
unlabel,0,2,2,1.0
pbc,0,2,2,1.0
hamdü,0,2,2,1.0
hywwzzlzd,0,2,2,1.0
verilmek,0,2,2,1.0
clavecin,0,2,2,1.0
invitará,0,2,2,1.0
ctzqxbzv,0,2,2,1.0
wimbl,0,2,2,1.0
brrememb,0,2,2,1.0
cablesl,0,2,2,1.0
mywinningstock,0,2,2,1.0
footodd,0,2,2,1.0
carmak,2,0,2,0.0
casaudoumecq,2,0,2,0.0
thepayp,0,2,2,1.0
dissyllab,0,2,2,1.0
codien,0,2,2,1.0
starton,0,2,2,1.0
unintend,2,0,2,0.0
jennyv,2,0,2,0.0
stmulnt,0,2,2,1.0
pwi,0,2,2,1.0
congou,0,2,2,1.0
ascension,0,2,2,1.0
wxodpxun,0,2,2,1.0
herausgeb,0,2,2,1.0
ondervraagd,0,2,2,1.0
genérico,0,2,2,1.0
istinât,0,2,2,1.0
dwtqi,0,2,2,1.0
gerai,0,2,2,1.0
comel,0,2,2,1.0
bizd,0,2,2,1.0
participara,0,2,2,1.0
leaderless,2,0,2,0.0
ncora,0,2,2,1.0
skontaktowania,2,0,2,0.0
stcali,2,0,2,0.0
þtien,0,2,2,1.0
ntb,0,2,2,1.0
quran,0,2,2,1.0
depositado,0,2,2,1.0
spoilt,0,2,2,1.0
larcamp,2,0,2,0.0
mecânica,0,2,2,1.0
trifurc,2,0,2,0.0
mloflvp,0,2,2,1.0
demographyspectroscopi,0,2,2,1.0
trae,0,2,2,1.0
wecom,0,2,2,1.0
qkqme,0,2,2,1.0
scapular,0,2,2,1.0
piersz,2,0,2,0.0
eintragungsdienst,0,2,2,1.0
edbu,0,2,2,1.0
ibk,0,2,2,1.0
nacer,0,2,2,1.0
khanh,2,0,2,0.0
kadâihâ,0,2,2,1.0
ewsi,0,2,2,1.0
riskbenc,2,0,2,0.0
gwellh,0,2,2,1.0
actúan,0,2,2,1.0
lula,0,2,2,1.0
internetpharmaci,0,2,2,1.0
blanter,2,0,2,0.0
kirov,0,2,2,1.0
skingsley,2,0,2,0.0
kihlbdugx,0,2,2,1.0
birchen,0,2,2,1.0
firelight,0,2,2,1.0
simonnemay,0,2,2,1.0
quotetalk,0,2,2,1.0
poca,0,2,2,1.0
tasaltoz,0,2,2,1.0
mweynand,2,0,2,0.0
asess,1,1,2,0.5
importar,0,2,2,1.0
segmentada,0,2,2,1.0
kijken,0,2,2,1.0
performnc,0,2,2,1.0
trzooki,0,2,2,1.0
auultgk,0,2,2,1.0
awmuupdw,0,2,2,1.0
sinker,0,2,2,1.0
cipla,0,2,2,1.0
schoenberg,0,2,2,1.0
calick,0,2,2,1.0
wipo,0,2,2,1.0
salivari,0,2,2,1.0
gunfqcv,0,2,2,1.0
rmaier,0,2,2,1.0
wsinct,0,2,2,1.0
fillmor,0,2,2,1.0
coodin,2,0,2,0.0
fatherland,0,2,2,1.0
remetent,0,2,2,1.0
homdispos,0,2,2,1.0
ümit,0,2,2,1.0
prorata,2,0,2,0.0
bissada,0,2,2,1.0
bblf,0,2,2,1.0
leftspan,0,2,2,1.0
dolalr,2,0,2,0.0
hanno,0,2,2,1.0
czplxaxp,0,2,2,1.0
xnwcwsqxf,0,2,2,1.0
wwqouin,0,2,2,1.0
prec,0,2,2,1.0
sentat,2,0,2,0.0
inzestspiel,0,2,2,1.0
druuuuug,0,2,2,1.0
maakt,0,2,2,1.0
registeredsit,0,2,2,1.0
yod,0,2,2,1.0
copanop,2,0,2,0.0
peqjnq,0,2,2,1.0
comitte,2,0,2,0.0
unperturb,2,0,2,0.0
edweb,0,2,2,1.0
taleban,2,0,2,0.0
thousnd,0,2,2,1.0
tradgedi,0,2,2,1.0
tjv,0,2,2,1.0
kgstori,2,0,2,0.0
strenght,0,2,2,1.0
bayciti,2,0,2,0.0
actiewerkgroep,0,2,2,1.0
malana,0,2,2,1.0
eleusinian,0,2,2,1.0
qrefi,0,2,2,1.0
lndj,0,2,2,1.0
usacanada,0,2,2,1.0
ttu,1,1,2,0.5
vhu,0,2,2,1.0
elvin,0,2,2,1.0
aima,0,2,2,1.0
sandreeva,0,2,2,1.0
jabil,2,0,2,0.0
fernand,2,0,2,0.0
azvkqaftpatkpgvnrgxi,0,2,2,1.0
guaranteedia,0,2,2,1.0
hic,0,2,2,1.0
shopsourc,0,2,2,1.0
fbxqmbkou,0,2,2,1.0
horu,0,2,2,1.0
dementi,0,2,2,1.0
rsiultrsdf,0,2,2,1.0
quiria,0,2,2,1.0
annutiy,2,0,2,0.0
yonspn,0,2,2,1.0
myfamili,0,2,2,1.0
cordat,0,2,2,1.0
tyrf,0,2,2,1.0
politicis,2,0,2,0.0
hoooooooray,2,0,2,0.0
identificacin,0,2,2,1.0
injustificado,0,2,2,1.0
starscan,0,2,2,1.0
slover,2,0,2,0.0
publici,2,0,2,0.0
urqbxrw,0,2,2,1.0
tausend,0,2,2,1.0
japdupurm,0,2,2,1.0
expla,2,0,2,0.0
uqouq,0,2,2,1.0
uer,0,2,2,1.0
alwando,0,2,2,1.0
fnr,0,2,2,1.0
recopilación,0,2,2,1.0
beleidsdomeinen,0,2,2,1.0
bewag,2,0,2,0.0
npawrg,0,2,2,1.0
ehset,2,0,2,0.0
ddcd,0,2,2,1.0
saeed,0,2,2,1.0
mscllck,0,2,2,1.0
jjkz,0,2,2,1.0
aszlauyu,0,2,2,1.0
soltuion,0,2,2,1.0
carcinogenesi,0,2,2,1.0
rrjnr,2,0,2,0.0
hsoayb,0,2,2,1.0
passado,0,2,2,1.0
mizzl,0,2,2,1.0
mazda,0,2,2,1.0
porduct,1,1,2,0.5
tlmfdpwypkrzsc,0,2,2,1.0
alix,2,0,2,0.0
nachlassgericht,0,2,2,1.0
irgendjemand,0,2,2,1.0
encargado,0,2,2,1.0
buka,0,2,2,1.0
jeopord,2,0,2,0.0
automaticali,0,2,2,1.0
kyivenergomash,0,2,2,1.0
falleth,0,2,2,1.0
bezow,2,0,2,0.0
fao,0,2,2,1.0
dependi,2,0,2,0.0
unrecov,2,0,2,0.0
fissil,0,2,2,1.0
fmfxxx,0,2,2,1.0
lovett,2,0,2,0.0
mbonjo,0,2,2,1.0
znv,0,2,2,1.0
circulacion,0,2,2,1.0
eazju,0,2,2,1.0
mascotech,2,0,2,0.0
islandsfaro,0,2,2,1.0
telegraphindia,2,0,2,0.0
hiawatha,0,2,2,1.0
mhstbf,0,2,2,1.0
gule,0,2,2,1.0
forf,2,0,2,0.0
projectgericht,0,2,2,1.0
thqmqoqkonqrqmukquqr,0,2,2,1.0
cowhand,0,2,2,1.0
eliz,2,0,2,0.0
voltapineappl,0,2,2,1.0
ibex,0,2,2,1.0
prbaillargeon,2,0,2,0.0
phv,0,2,2,1.0
copious,0,2,2,1.0
nichuir,0,2,2,1.0
xep,0,2,2,1.0
zkflxlcdm,0,2,2,1.0
topin,0,2,2,1.0
bdzjosylklnyilymm,0,2,2,1.0
estimular,0,2,2,1.0
ladki,0,2,2,1.0
auxilia,0,2,2,1.0
interdisciplinari,1,1,2,0.5
suliyono,2,0,2,0.0
ulhjrrx,0,2,2,1.0
syoung,2,0,2,0.0
skrfhiysw,0,2,2,1.0
magn,2,0,2,0.0
solich,2,0,2,0.0
audri,2,0,2,0.0
coordinar,0,2,2,1.0
diariandragdowncoembodi,0,2,2,1.0
sitetfact,0,2,2,1.0
xdwcg,0,2,2,1.0
trieschman,2,0,2,0.0
tter,0,2,2,1.0
oqnoh,0,2,2,1.0
behauptet,0,2,2,1.0
namazdan,0,2,2,1.0
unintent,1,1,2,0.5
lhcsfdufv,0,2,2,1.0
xscale,0,2,2,1.0
lawrencium,0,2,2,1.0
exposicin,0,2,2,1.0
finanziellen,0,2,2,1.0
xtensi,0,2,2,1.0
nvxtxj,0,2,2,1.0
perver,0,2,2,1.0
enskilda,2,0,2,0.0
transferof,0,2,2,1.0
wcdfow,0,2,2,1.0
schauer,2,0,2,0.0
theveri,0,2,2,1.0
dasssi,0,2,2,1.0
finnley,2,0,2,0.0
sjojz,0,2,2,1.0
proffesor,2,0,2,0.0
moderno,0,2,2,1.0
anticlimax,0,2,2,1.0
commonsens,1,1,2,0.5
anadolu,0,2,2,1.0
bmigahfwn,0,2,2,1.0
firstpetlif,0,2,2,1.0
thyawt,0,2,2,1.0
jadvaq,0,2,2,1.0
verursacht,0,2,2,1.0
drugstorepotash,0,2,2,1.0
michelago,0,2,2,1.0
cnjmzjiyw,0,2,2,1.0
rinova,2,0,2,0.0
kisling,0,2,2,1.0
mglich,0,2,2,1.0
medsavenow,0,2,2,1.0
contrastingli,0,2,2,1.0
nbi,0,2,2,1.0
atari,1,1,2,0.5
oczywisci,2,0,2,0.0
rkwod,0,2,2,1.0
wml,0,2,2,1.0
ciapli,0,2,2,1.0
bbi,0,2,2,1.0
astrohal,2,0,2,0.0
capitalino,0,2,2,1.0
excatli,0,2,2,1.0
ngrlen,0,2,2,1.0
bleiwei,2,0,2,0.0
diferença,0,2,2,1.0
asn,2,0,2,0.0
rkismorx,0,2,2,1.0
ilemak,0,2,2,1.0
gianmarco,0,2,2,1.0
evuhmx,0,2,2,1.0
dsinscript,0,2,2,1.0
ohe,0,2,2,1.0
rhgllllaydsmogva,0,2,2,1.0
yljdp,0,2,2,1.0
cmg,0,2,2,1.0
choicez,0,2,2,1.0
battheu,0,2,2,1.0
eachof,0,2,2,1.0
paipanandik,2,0,2,0.0
jemanden,0,2,2,1.0
pradhan,2,0,2,0.0
nebular,0,2,2,1.0
dupre,2,0,2,0.0
sde,2,0,2,0.0
brasília,0,2,2,1.0
hud,0,2,2,1.0
contagiant,0,2,2,1.0
ktxox,0,2,2,1.0
tansey,2,0,2,0.0
ytqt,0,2,2,1.0
orbacu,0,2,2,1.0
banken,2,0,2,0.0
carderplanet,0,2,2,1.0
farmyard,0,2,2,1.0
xosyk,0,2,2,1.0
xggo,0,2,2,1.0
lyif,0,2,2,1.0
sekpf,0,2,2,1.0
greiter,2,0,2,0.0
adicionalment,0,2,2,1.0
kmqto,0,2,2,1.0
stprt,0,2,2,1.0
lpgrxqxxq,0,2,2,1.0
contnua,0,2,2,1.0
nwopomjp,0,2,2,1.0
nicedayh,0,2,2,1.0
lippert,1,1,2,0.5
sprot,0,2,2,1.0
holdal,0,2,2,1.0
perdiendo,0,2,2,1.0
asombrará,0,2,2,1.0
pavian,0,2,2,1.0
lobular,0,2,2,1.0
georgeuzerba,0,2,2,1.0
hzzqx,0,2,2,1.0
xidiz,0,2,2,1.0
moll,0,2,2,1.0
issst,0,2,2,1.0
maharasthra,2,0,2,0.0
cnalif,0,2,2,1.0
finanici,2,0,2,0.0
ankyj,0,2,2,1.0
machati,0,2,2,1.0
dozntw,0,2,2,1.0
antidogmat,0,2,2,1.0
neyman,2,0,2,0.0
hommega,0,2,2,1.0
mcfe,2,0,2,0.0
chcialbym,2,0,2,0.0
tnoo,0,2,2,1.0
handomobenefitsvn,0,2,2,1.0
fantas,0,2,2,1.0
gle,0,2,2,1.0
dula,0,2,2,1.0
rozpoczyna,2,0,2,0.0
pharmzma,0,2,2,1.0
optar,0,2,2,1.0
opey,0,2,2,1.0
colophoni,0,2,2,1.0
palmarin,0,2,2,1.0
prj,0,2,2,1.0
osez,0,2,2,1.0
permeabii,0,2,2,1.0
ramxl,2,0,2,0.0
davideto,0,2,2,1.0
absollut,0,2,2,1.0
progesteron,0,2,2,1.0
pue,0,2,2,1.0
qpi,0,2,2,1.0
hungriest,0,2,2,1.0
cuboid,0,2,2,1.0
tna,0,2,2,1.0
fjdfu,0,2,2,1.0
theron,0,2,2,1.0
conservacion,0,2,2,1.0
gesetz,0,2,2,1.0
haveanic,0,2,2,1.0
webisiteipromot,0,2,2,1.0
impanel,0,2,2,1.0
aneurysm,0,2,2,1.0
phj,0,2,2,1.0
felsobanyit,0,2,2,1.0
bainit,0,2,2,1.0
diazg,0,2,2,1.0
refuel,1,1,2,0.5
wavelength,1,1,2,0.5
measli,0,2,2,1.0
allso,0,2,2,1.0
promotiontak,0,2,2,1.0
parli,2,0,2,0.0
newcollag,0,2,2,1.0
gouger,2,0,2,0.0
ldchel,0,2,2,1.0
americareleas,0,2,2,1.0
esg,1,1,2,0.5
murach,2,0,2,0.0
olveakx,0,2,2,1.0
ðï,0,2,2,1.0
uus,0,2,2,1.0
jocoo,2,0,2,0.0
youlos,0,2,2,1.0
tnj,0,2,2,1.0
errneament,0,2,2,1.0
bce,1,1,2,0.5
sezon,0,2,2,1.0
byzc,0,2,2,1.0
implementao,0,2,2,1.0
remgro,0,2,2,1.0
kvu,0,2,2,1.0
maison,0,2,2,1.0
rehir,2,0,2,0.0
copanno,2,0,2,0.0
iiism,0,2,2,1.0
cnajewulqtspzix,0,2,2,1.0
dvlnppjn,0,2,2,1.0
arefresh,0,2,2,1.0
yvzosyi,0,2,2,1.0
llmagovern,2,0,2,0.0
ffffffhere,0,2,2,1.0
ebooklet,0,2,2,1.0
etsgptp,0,2,2,1.0
vermeden,0,2,2,1.0
sudameri,2,0,2,0.0
adenauera,2,0,2,0.0
saftey,2,0,2,0.0
sublicens,2,0,2,0.0
jacobin,0,2,2,1.0
tiffin,0,2,2,1.0
dmti,0,2,2,1.0
zolof,0,2,2,1.0
visualiza,0,2,2,1.0
verelim,0,2,2,1.0
quicksand,0,2,2,1.0
bbw,0,2,2,1.0
histidin,0,2,2,1.0
supern,0,2,2,1.0
bkmtvvwd,0,2,2,1.0
zuvio,0,2,2,1.0
takiej,2,0,2,0.0
iqitftvig,0,2,2,1.0
humt,0,2,2,1.0
pjat,0,2,2,1.0
intervienen,0,2,2,1.0
tazhoyl,0,2,2,1.0
ellyson,2,0,2,0.0
diml,0,2,2,1.0
awo,0,2,2,1.0
adressat,0,2,2,1.0
hdp,1,1,2,0.5
recepción,0,2,2,1.0
pqrht,0,2,2,1.0
mmathew,0,2,2,1.0
thina,0,2,2,1.0
danba,0,2,2,1.0
kish,2,0,2,0.0
paudrzug,0,2,2,1.0
wamiv,0,2,2,1.0
bfkremjsohk,0,2,2,1.0
soldiership,0,2,2,1.0
oramento,0,2,2,1.0
indiour,2,0,2,0.0
fbbpo,0,2,2,1.0
bswilliam,2,0,2,0.0
crissi,2,0,2,0.0
availablil,2,0,2,0.0
engano,0,2,2,1.0
semiconsci,0,2,2,1.0
outfitt,1,1,2,0.5
hammerscal,0,2,2,1.0
diviértet,0,2,2,1.0
suspenc,0,2,2,1.0
yvkkpt,0,2,2,1.0
dicembr,0,2,2,1.0
handu,0,2,2,1.0
aureat,0,2,2,1.0
vamwrnkiij,0,2,2,1.0
trisyllab,0,2,2,1.0
smsmag,0,2,2,1.0
drie,0,2,2,1.0
mcl,0,2,2,1.0
mchte,0,2,2,1.0
perrelet,0,2,2,1.0
chattingilisten,0,2,2,1.0
boundnitr,0,2,2,1.0
grievous,0,2,2,1.0
manila,1,1,2,0.5
shinni,0,2,2,1.0
flvlkde,0,2,2,1.0
strategisch,0,2,2,1.0
trazado,0,2,2,1.0
üéïß,0,2,2,1.0
auld,2,0,2,0.0
amstelo,0,2,2,1.0
oxzit,0,2,2,1.0
synthesis,2,0,2,0.0
ksdk,0,2,2,1.0
sxb,0,2,2,1.0
ambivalentcoriolanu,0,2,2,1.0
wssxp,0,2,2,1.0
tte,0,2,2,1.0
desroch,2,0,2,0.0
shafferfutur,0,2,2,1.0
cele,0,2,2,1.0
tooler,0,2,2,1.0
muntu,0,2,2,1.0
bedreig,0,2,2,1.0
cand,0,2,2,1.0
clujgxtwkonghubi,0,2,2,1.0
cardsoreduc,0,2,2,1.0
cruzado,0,2,2,1.0
greatestpric,0,2,2,1.0
lgdxgcf,0,2,2,1.0
cumplimiento,0,2,2,1.0
amizang,0,2,2,1.0
nlpf,0,2,2,1.0
pacth,0,2,2,1.0
terml,0,2,2,1.0
acumulan,0,2,2,1.0
vtr,0,2,2,1.0
kvmdoor,0,2,2,1.0
vwx,0,2,2,1.0
meu,0,2,2,1.0
dodderi,0,2,2,1.0
plaguey,0,2,2,1.0
masz,2,0,2,0.0
aruvidftc,0,2,2,1.0
clepsydra,0,2,2,1.0
qiong,0,2,2,1.0
pmt,2,0,2,0.0
rudnick,2,0,2,0.0
tramp,0,2,2,1.0
jbl,0,2,2,1.0
iji,0,2,2,1.0
usaurq,0,2,2,1.0
leining,2,0,2,0.0
pomoglo,2,0,2,0.0
odpowiedzi,2,0,2,0.0
thong,0,2,2,1.0
peakload,2,0,2,0.0
sfl,0,2,2,1.0
markswv,0,2,2,1.0
cocole,0,2,2,1.0
eaniceday,0,2,2,1.0
bonet,0,2,2,1.0
ezherbalbuy,0,2,2,1.0
xclmdz,2,0,2,0.0
beiladonna,0,2,2,1.0
unanswer,0,2,2,1.0
hemmi,0,2,2,1.0
ogutuzlpzz,0,2,2,1.0
objectless,0,2,2,1.0
elfman,0,2,2,1.0
andposs,0,2,2,1.0
stteel,0,2,2,1.0
contango,1,1,2,0.5
cthompson,2,0,2,0.0
aju,0,2,2,1.0
mortbanc,0,2,2,1.0
gtyjofeew,0,2,2,1.0
utfgva,0,2,2,1.0
sharri,1,1,2,0.5
konsdorf,2,0,2,0.0
moehlman,2,0,2,0.0
loraie,0,2,2,1.0
lukim,0,2,2,1.0
thei,1,1,2,0.5
coachhous,0,2,2,1.0
bihlgcwb,0,2,2,1.0
ostrogoth,0,2,2,1.0
cyrcqstn,0,2,2,1.0
acreditar,0,2,2,1.0
willcompens,0,2,2,1.0
vst,0,2,2,1.0
demetz,2,0,2,0.0
letzt,0,2,2,1.0
zrhr,0,2,2,1.0
yâ,0,2,2,1.0
qhanrasbsdzdekjlz,0,2,2,1.0
velcro,2,0,2,0.0
schoolofgeomat,0,2,2,1.0
ceopiqlfw,0,2,2,1.0
acoplamento,0,2,2,1.0
disccount,0,2,2,1.0
latincrossbar,0,2,2,1.0
hwd,0,2,2,1.0
wlasnymi,2,0,2,0.0
kqv,0,2,2,1.0
tguarante,0,2,2,1.0
gefilmt,0,2,2,1.0
colaboracin,0,2,2,1.0
anounc,0,2,2,1.0
hercd,0,2,2,1.0
anniversay,2,0,2,0.0
freemasonri,0,2,2,1.0
zajetym,2,0,2,0.0
stockroomschwab,0,2,2,1.0
indexw,2,0,2,0.0
shipandpay,0,2,2,1.0
austraiia,0,2,2,1.0
teleon,0,2,2,1.0
microedit,0,2,2,1.0
succss,0,2,2,1.0
westdeutsch,2,0,2,0.0
mccampbel,2,0,2,0.0
eyeloan,0,2,2,1.0
litiganteyewit,0,2,2,1.0
clon,0,2,2,1.0
unbreak,2,0,2,0.0
theevltra,0,2,2,1.0
scannel,2,0,2,0.0
visualbas,0,2,2,1.0
canedi,2,0,2,0.0
zuperon,0,2,2,1.0
acp,0,2,2,1.0
gotmyfar,0,2,2,1.0
outgrew,0,2,2,1.0
kklynszb,0,2,2,1.0
bmjmdmdgfl,0,2,2,1.0
ìíáç,0,2,2,1.0
asiarisk,2,0,2,0.0
orval,0,2,2,1.0
abereedl,0,2,2,1.0
glucon,0,2,2,1.0
cgquyocoq,0,2,2,1.0
eijsink,2,0,2,0.0
indicateyour,0,2,2,1.0
hellgrammit,0,2,2,1.0
kenia,0,2,2,1.0
applicatesugar,0,2,2,1.0
kol,0,2,2,1.0
gpvf,0,2,2,1.0
yoshiuro,2,0,2,0.0
appreaci,2,0,2,0.0
vlprak,0,2,2,1.0
wastefuldabbl,0,2,2,1.0
haidian,0,2,2,1.0
solotar,2,0,2,0.0
marketspeak,2,0,2,0.0
tzmgmjgiev,0,2,2,1.0
henson,2,0,2,0.0
kampen,0,2,2,1.0
qarxmg,0,2,2,1.0
archriv,2,0,2,0.0
hought,0,2,2,1.0
inmunización,0,2,2,1.0
beslist,0,2,2,1.0
mcgavin,0,2,2,1.0
teletypeset,0,2,2,1.0
igfet,0,2,2,1.0
zzw,0,2,2,1.0
fqyzehbti,0,2,2,1.0
storaska,2,0,2,0.0
tracksuit,0,2,2,1.0
subscrb,0,2,2,1.0
naorwnwbxbsttgvelamusb,0,2,2,1.0
beperman,0,2,2,1.0
datanet,0,2,2,1.0
manufactori,0,2,2,1.0
poulter,1,1,2,0.5
kardon,1,1,2,0.5
careerport,2,0,2,0.0
hennessey,2,0,2,0.0
voormalig,0,2,2,1.0
amazingg,0,2,2,1.0
planetstruck,0,2,2,1.0
lewiu,0,2,2,1.0
oncólogo,0,2,2,1.0
icet,0,2,2,1.0
ugk,0,2,2,1.0
rebhi,0,2,2,1.0
xbswvyh,0,2,2,1.0
okazji,2,0,2,0.0
greenleaf,0,2,2,1.0
debora,2,0,2,0.0
bendickson,0,2,2,1.0
bzgulb,0,2,2,1.0
pogxkuayeyl,2,0,2,0.0
wilmar,2,0,2,0.0
verifictaion,0,2,2,1.0
egauz,0,2,2,1.0
gjbebcpj,0,2,2,1.0
newsbenefitnow,0,2,2,1.0
egi,1,1,2,0.5
joesph,0,2,2,1.0
contaremo,0,2,2,1.0
gregwhalley,2,0,2,0.0
copay,2,0,2,0.0
anqorbr,0,2,2,1.0
radiocarbon,0,2,2,1.0
ausgefuehrten,0,2,2,1.0
ecgxc,0,2,2,1.0
humbler,2,0,2,0.0
gastronom,0,2,2,1.0
neckband,0,2,2,1.0
dro,0,2,2,1.0
hgin,0,2,2,1.0
pillultram,0,2,2,1.0
disquetera,0,2,2,1.0
mmp,0,2,2,1.0
reperf,2,0,2,0.0
reconocemo,0,2,2,1.0
vrr,0,2,2,1.0
sietzema,2,0,2,0.0
hillsboro,0,2,2,1.0
watchman,0,2,2,1.0
srspec,2,0,2,0.0
klebsiella,0,2,2,1.0
hottyplay,0,2,2,1.0
reinvigor,2,0,2,0.0
qlbnxadsfdfw,0,2,2,1.0
vubgkh,0,2,2,1.0
disculp,0,2,2,1.0
adenwala,2,0,2,0.0
stimuli,0,2,2,1.0
bbcaiya,0,2,2,1.0
bui,2,0,2,0.0
rbouzqt,0,2,2,1.0
testimonialstof,0,2,2,1.0
skdclan,0,2,2,1.0
eep,1,1,2,0.5
megavolt,0,2,2,1.0
loms,0,2,2,1.0
geotech,2,0,2,0.0
ffffbaffffb,0,2,2,1.0
gsdghz,0,2,2,1.0
vaca,0,2,2,1.0
hyperson,0,2,2,1.0
aglow,0,2,2,1.0
nanga,2,0,2,0.0
fatiha,0,2,2,1.0
searchcamerontop,0,2,2,1.0
purin,0,2,2,1.0
ofonli,0,2,2,1.0
petergordon,0,2,2,1.0
wni,0,2,2,1.0
tacomasupp,2,0,2,0.0
rimi,0,2,2,1.0
scultz,2,0,2,0.0
llevando,0,2,2,1.0
prëscrìptìon,0,2,2,1.0
ratbtto,0,2,2,1.0
yourreferr,0,2,2,1.0
vulcanis,0,2,2,1.0
atuant,0,2,2,1.0
docentlm,2,0,2,0.0
natalia,0,2,2,1.0
cashpo,0,2,2,1.0
debthold,2,0,2,0.0
deutschmark,0,2,2,1.0
turbari,0,2,2,1.0
offeri,0,2,2,1.0
hacia,0,2,2,1.0
holtki,0,2,2,1.0
gferd,0,2,2,1.0
delorean,2,0,2,0.0
comportamiento,0,2,2,1.0
airspr,0,2,2,1.0
esvzwk,0,2,2,1.0
superdelotto,0,2,2,1.0
ohdx,0,2,2,1.0
loblolli,0,2,2,1.0
vfiendish,0,2,2,1.0
endoson,0,2,2,1.0
iceblink,0,2,2,1.0
mapdraw,0,2,2,1.0
ând,0,2,2,1.0
abdest,0,2,2,1.0
pfh,0,2,2,1.0
quietest,1,1,2,0.5
folgendem,0,2,2,1.0
accuwx,2,0,2,0.0
towbin,2,0,2,0.0
tesbihat,0,2,2,1.0
inicia,0,2,2,1.0
megacheapm,0,2,2,1.0
hundredlik,0,2,2,1.0
fromproven,0,2,2,1.0
bilbao,0,2,2,1.0
deuteronomi,1,1,2,0.5
speededeliveri,0,2,2,1.0
risicokapita,0,2,2,1.0
milter,0,2,2,1.0
saal,0,2,2,1.0
uganda,0,2,2,1.0
avszgxjx,0,2,2,1.0
davida,0,2,2,1.0
supernova,0,2,2,1.0
ekosuz,0,2,2,1.0
viaj,0,2,2,1.0
riz,0,2,2,1.0
baeder,2,0,2,0.0
toiletri,0,2,2,1.0
valenda,0,2,2,1.0
bvax,0,2,2,1.0
patsmith,0,2,2,1.0
cptxqp,0,2,2,1.0
brittain,2,0,2,0.0
marciewarren,0,2,2,1.0
jmtservic,0,2,2,1.0
bedrieglijk,0,2,2,1.0
schellenberg,0,2,2,1.0
norasweeney,0,2,2,1.0
speciou,0,2,2,1.0
kidsat,0,2,2,1.0
roundli,1,1,2,0.5
uex,0,2,2,1.0
ordperfect,0,2,2,1.0
hostcompanyl,0,2,2,1.0
handbasket,0,2,2,1.0
saleebi,0,2,2,1.0
vbrtcaiyp,0,2,2,1.0
ccgbowqt,0,2,2,1.0
bsad,0,2,2,1.0
alâ,0,2,2,1.0
kessler,1,1,2,0.5
differr,0,2,2,1.0
undoubt,2,0,2,0.0
czyqoayi,0,2,2,1.0
sessrumnir,0,2,2,1.0
routerdi,0,2,2,1.0
ortfolio,0,2,2,1.0
deangelo,2,0,2,0.0
cachet,2,0,2,0.0
unseri,0,2,2,1.0
dakikanizi,0,2,2,1.0
creeren,0,2,2,1.0
bxr,0,2,2,1.0
ambroshia,2,0,2,0.0
xinyi,0,2,2,1.0
phxah,0,2,2,1.0
oween,2,0,2,0.0
recommit,1,1,2,0.5
rafalska,2,0,2,0.0
opirphhhp,0,2,2,1.0
wssapoint,0,2,2,1.0
indefinitli,0,2,2,1.0
müteal,0,2,2,1.0
yqo,0,2,2,1.0
ummrx,0,2,2,1.0
tyc,1,1,2,0.5
courant,2,0,2,0.0
erroripleas,0,2,2,1.0
overman,0,2,2,1.0
ezkwgi,0,2,2,1.0
swq,0,2,2,1.0
darker,1,1,2,0.5
inern,2,0,2,0.0
xvenu,2,0,2,0.0
ownsher,0,2,2,1.0
munitz,2,0,2,0.0
mbg,0,2,2,1.0
requesti,2,0,2,0.0
drovetruli,0,2,2,1.0
teamtel,0,2,2,1.0
zuckerman,2,0,2,0.0
doktora,2,0,2,0.0
skeen,1,1,2,0.5
dggjupzk,0,2,2,1.0
omlqwppt,0,2,2,1.0
vincentsamoasan,0,2,2,1.0
benoxford,2,0,2,0.0
premlerl,0,2,2,1.0
pknn,0,2,2,1.0
colorvisu,0,2,2,1.0
farooqi,2,0,2,0.0
ssmbenergi,2,0,2,0.0
cslake,2,0,2,0.0
legitam,0,2,2,1.0
temslcl,0,2,2,1.0
financir,0,2,2,1.0
sprocketwheel,0,2,2,1.0
ueevtp,0,2,2,1.0
khleif,2,0,2,0.0
tueday,2,0,2,0.0
saugkraft,0,2,2,1.0
noobspgo,0,2,2,1.0
rjrb,0,2,2,1.0
predefin,2,0,2,0.0
shanaemorgan,0,2,2,1.0
xlcnjuxhsqzsv,0,2,2,1.0
servopod,0,2,2,1.0
demurringhesperu,0,2,2,1.0
fzfxierqi,0,2,2,1.0
refian,0,2,2,1.0
guetern,0,2,2,1.0
songha,0,2,2,1.0
olvsrof,0,2,2,1.0
devavtrah,0,2,2,1.0
continuar,0,2,2,1.0
bénéficiez,0,2,2,1.0
innocom,2,0,2,0.0
headboard,0,2,2,1.0
inebri,0,2,2,1.0
hepschlep,0,2,2,1.0
dueo,0,2,2,1.0
kendl,2,0,2,0.0
treei,0,2,2,1.0
mvuj,0,2,2,1.0
ectisp,2,0,2,0.0
ruffcorn,2,0,2,0.0
memberm,0,2,2,1.0
bresta,0,2,2,1.0
ywhere,0,2,2,1.0
rshtli,0,2,2,1.0
keelson,0,2,2,1.0
spotkalem,2,0,2,0.0
microstructur,2,0,2,0.0
aloodk,0,2,2,1.0
fagott,0,2,2,1.0
michal,1,1,2,0.5
aceptamo,0,2,2,1.0
bijdragen,0,2,2,1.0
riminton,0,2,2,1.0
vigeant,2,0,2,0.0
rmg,2,0,2,0.0
alexandrea,0,2,2,1.0
ltima,0,2,2,1.0
regarg,2,0,2,0.0
prodoctor,0,2,2,1.0
offre,0,2,2,1.0
taiior,0,2,2,1.0
smap,2,0,2,0.0
linguagem,0,2,2,1.0
biggestin,0,2,2,1.0
lveri,0,2,2,1.0
chatterhead,0,2,2,1.0
spotiight,0,2,2,1.0
tractil,0,2,2,1.0
openbar,0,2,2,1.0
hritag,0,2,2,1.0
trasmiss,2,0,2,0.0
cloudhaven,0,2,2,1.0
methoden,0,2,2,1.0
jyfwf,0,2,2,1.0
lhyic,0,2,2,1.0
siiz,0,2,2,1.0
gio,0,2,2,1.0
peyo,0,2,2,1.0
mxlinux,0,2,2,1.0
evguid,2,0,2,0.0
clayman,2,0,2,0.0
priestley,0,2,2,1.0
hereno,0,2,2,1.0
jpt,1,1,2,0.5
dificultam,0,2,2,1.0
qffer,0,2,2,1.0
yvh,0,2,2,1.0
reportedto,0,2,2,1.0
ryte,0,2,2,1.0
processs,2,0,2,0.0
maharshtra,2,0,2,0.0
turkmenistan,2,0,2,0.0
brawn,0,2,2,1.0
genrc,0,2,2,1.0
pgr,2,0,2,0.0
automtico,0,2,2,1.0
bileev,0,2,2,1.0
lirevit,0,2,2,1.0
suemar,2,0,2,0.0
combatir,0,2,2,1.0
kalmeida,2,0,2,0.0
wasleg,0,2,2,1.0
pizel,0,2,2,1.0
chinowe,2,0,2,0.0
thesiso,0,2,2,1.0
lejpt,0,2,2,1.0
buttonagncm,0,2,2,1.0
doskoro,0,2,2,1.0
nsuccess,0,2,2,1.0
stultif,0,2,2,1.0
edema,0,2,2,1.0
highstak,0,2,2,1.0
jwoilgn,0,2,2,1.0
bakiz,0,2,2,1.0
atchley,2,0,2,0.0
edall,0,2,2,1.0
neari,0,2,2,1.0
reallydur,0,2,2,1.0
hmi,0,2,2,1.0
nawti,0,2,2,1.0
surer,2,0,2,0.0
fstdrugstor,0,2,2,1.0
obkyenc,0,2,2,1.0
onebusbon,0,2,2,1.0
ghhyva,0,2,2,1.0
kvisl,2,0,2,0.0
sqrtpi,2,0,2,0.0
incacer,0,2,2,1.0
commerciaili,0,2,2,1.0
cursola,0,2,2,1.0
treffen,1,1,2,0.5
euxyd,0,2,2,1.0
zsoxlxkadob,0,2,2,1.0
microdiamond,0,2,2,1.0
kalkýp,0,2,2,1.0
wrde,0,2,2,1.0
evryon,2,0,2,0.0
whiskmahoney,0,2,2,1.0
ebbeek,0,2,2,1.0
pacificor,2,0,2,0.0
topcoat,0,2,2,1.0
htmlhere,0,2,2,1.0
billingl,2,0,2,0.0
fantástico,0,2,2,1.0
ognsihxoqitijbboqu,0,2,2,1.0
alir,0,2,2,1.0
cydukzeiqjc,0,2,2,1.0
strengsten,0,2,2,1.0
vkp,0,2,2,1.0
refinancingoreduc,0,2,2,1.0
mgmr,2,0,2,0.0
angezeigt,0,2,2,1.0
solari,2,0,2,0.0
macchio,2,0,2,0.0
tkbwatco,0,2,2,1.0
compellingli,0,2,2,1.0
lifejacket,0,2,2,1.0
shh,0,2,2,1.0
brookwood,2,0,2,0.0
cheke,1,1,2,0.5
zmienilo,2,0,2,0.0
vfmo,0,2,2,1.0
xxxvideoplex,0,2,2,1.0
caída,0,2,2,1.0
acdghjmbeflxqrnyikzimg,0,2,2,1.0
reconhecimento,0,2,2,1.0
waehrend,0,2,2,1.0
staralismi,2,0,2,0.0
ldupsa,0,2,2,1.0
vitek,2,0,2,0.0
sorteio,0,2,2,1.0
itq,0,2,2,1.0
kishkel,2,0,2,0.0
baser,0,2,2,1.0
csmt,0,2,2,1.0
itdg,2,0,2,0.0
nydiratram,0,2,2,1.0
skiayvb,0,2,2,1.0
smudg,0,2,2,1.0
kfklwsnc,0,2,2,1.0
xwyo,0,2,2,1.0
ponud,0,2,2,1.0
javasoftwarene,2,0,2,0.0
câmera,0,2,2,1.0
wheless,2,0,2,0.0
thetri,0,2,2,1.0
basvolt,2,0,2,0.0
tish,2,0,2,0.0
distmatu,0,2,2,1.0
satruday,2,0,2,0.0
sinuos,0,2,2,1.0
vatour,0,2,2,1.0
tucsonelectr,2,0,2,0.0
txceqsirr,0,2,2,1.0
dput,0,2,2,1.0
fmzwwu,0,2,2,1.0
interessado,0,2,2,1.0
facili,2,0,2,0.0
firstenergycorp,2,0,2,0.0
kosovo,2,0,2,0.0
jkc,0,2,2,1.0
lvbesw,0,2,2,1.0
recour,0,2,2,1.0
generatefrom,0,2,2,1.0
djvibe,0,2,2,1.0
portsinclud,0,2,2,1.0
sndk,0,2,2,1.0
melynda,0,2,2,1.0
kox,0,2,2,1.0
mircolesyjuevesd,0,2,2,1.0
ochsner,2,0,2,0.0
piensan,0,2,2,1.0
agddhznju,0,2,2,1.0
preocupado,0,2,2,1.0
andkelli,0,2,2,1.0
comproducto,0,2,2,1.0
kamera,0,2,2,1.0
fairest,0,2,2,1.0
ibook,0,2,2,1.0
ponddr,0,2,2,1.0
enthält,0,2,2,1.0
kgyptp,0,2,2,1.0
ryss,0,2,2,1.0
cumbrian,0,2,2,1.0
zubct,0,2,2,1.0
afdt,0,2,2,1.0
domtar,2,0,2,0.0
ixe,0,2,2,1.0
fluidiz,2,0,2,0.0
suject,0,2,2,1.0
nouc,0,2,2,1.0
coursebuild,2,0,2,0.0
oleuhi,0,2,2,1.0
sulugiuc,2,0,2,0.0
sandcrack,0,2,2,1.0
eyg,0,2,2,1.0
complexo,0,2,2,1.0
ntherland,0,2,2,1.0
brkb,2,0,2,0.0
gastric,0,2,2,1.0
uterinecord,0,2,2,1.0
xol,0,2,2,1.0
comvisit,0,2,2,1.0
royallinkl,0,2,2,1.0
emwnloqlqdk,0,2,2,1.0
landiin,0,2,2,1.0
glaxosmithklin,2,0,2,0.0
buk,0,2,2,1.0
vdsjsgykbzir,0,2,2,1.0
çalisabilm,0,2,2,1.0
impassableflour,0,2,2,1.0
enví,0,2,2,1.0
thakkar,2,0,2,0.0
spaminfo,0,2,2,1.0
gasdia,2,0,2,0.0
opegn,0,2,2,1.0
xqxpqrwm,0,2,2,1.0
moglabi,2,0,2,0.0
winningteam,0,2,2,1.0
fsplmvubi,0,2,2,1.0
alâkalý,0,2,2,1.0
tgym,0,2,2,1.0
rjteflmmx,0,2,2,1.0
desenfreadament,0,2,2,1.0
vuyyiw,0,2,2,1.0
zybancholesterol,0,2,2,1.0
afo,0,2,2,1.0
anemoscop,0,2,2,1.0
forhi,0,2,2,1.0
rmo,0,2,2,1.0
jenif,2,0,2,0.0
heen,0,2,2,1.0
metion,2,0,2,0.0
chapterwis,2,0,2,0.0
oter,0,2,2,1.0
odkfr,0,2,2,1.0
otavio,2,0,2,0.0
lah,0,2,2,1.0
mittel,0,2,2,1.0
yourcomput,0,2,2,1.0
retest,1,1,2,0.5
whitfield,1,1,2,0.5
betterfuturetoday,0,2,2,1.0
ewthat,0,2,2,1.0
smoht,0,2,2,1.0
þeyin,0,2,2,1.0
frenchl,0,2,2,1.0
eaofun,0,2,2,1.0
odoy,0,2,2,1.0
efrain,0,2,2,1.0
dissimilar,0,2,2,1.0
yararlanmak,0,2,2,1.0
expertsinmortgag,0,2,2,1.0
ensambladora,0,2,2,1.0
dhzzwhq,0,2,2,1.0
lengthier,2,0,2,0.0
enseign,0,2,2,1.0
bortolloti,2,0,2,0.0
rpcga,2,0,2,0.0
vhclytwra,0,2,2,1.0
orneri,0,2,2,1.0
oechsler,2,0,2,0.0
contenida,0,2,2,1.0
innermost,0,2,2,1.0
twg,0,2,2,1.0
zoomsspark,0,2,2,1.0
wst,1,1,2,0.5
pensez,0,2,2,1.0
soiaak,0,2,2,1.0
lunckili,0,2,2,1.0
stevedor,0,2,2,1.0
shara,0,2,2,1.0
petchem,2,0,2,0.0
erato,0,2,2,1.0
philtr,0,2,2,1.0
lirefresh,0,2,2,1.0
natuurlijk,0,2,2,1.0
sahih,0,2,2,1.0
iwo,0,2,2,1.0
heamxmsl,0,2,2,1.0
remoiv,0,2,2,1.0
accordingiy,0,2,2,1.0
joliboi,2,0,2,0.0
oeko,0,2,2,1.0
briarwood,2,0,2,0.0
ggnnrw,0,2,2,1.0
ecal,0,2,2,1.0
fromdaren,2,0,2,0.0
salesforc,0,2,2,1.0
seemyw,2,0,2,0.0
eurofinanza,0,2,2,1.0
bancário,0,2,2,1.0
qjqubxxgi,0,2,2,1.0
takiego,2,0,2,0.0
debidament,0,2,2,1.0
feimster,0,2,2,1.0
predilect,0,2,2,1.0
tlohman,2,0,2,0.0
themmail,0,2,2,1.0
skyfor,0,2,2,1.0
backyardi,0,2,2,1.0
collcet,0,2,2,1.0
littlethat,0,2,2,1.0
gifter,0,2,2,1.0
lorri,1,1,2,0.5
pianet,0,2,2,1.0
desmontar,0,2,2,1.0
gvu,0,2,2,1.0
tenuiti,0,2,2,1.0
dauberschmidt,2,0,2,0.0
guc,0,2,2,1.0
bicentenari,0,2,2,1.0
cresendo,2,0,2,0.0
faguirr,0,2,2,1.0
infiuenti,0,2,2,1.0
fstormgirl,0,2,2,1.0
lançar,0,2,2,1.0
briseadh,0,2,2,1.0
sheepskin,0,2,2,1.0
xnnelqezwpwspuo,0,2,2,1.0
verslon,0,2,2,1.0
lonal,0,2,2,1.0
missiv,0,2,2,1.0
transamerica,2,0,2,0.0
ceqbnl,0,2,2,1.0
messaag,1,1,2,0.5
julyl,2,0,2,0.0
verstaendigt,0,2,2,1.0
holocen,0,2,2,1.0
regsan,0,2,2,1.0
lezbo,0,2,2,1.0
beprovid,0,2,2,1.0
uniik,0,2,2,1.0
zaak,0,2,2,1.0
kasewet,2,0,2,0.0
nkomo,0,2,2,1.0
axrq,0,2,2,1.0
livinghealthytoday,0,2,2,1.0
znakomitych,2,0,2,0.0
bezani,2,0,2,0.0
mortifi,0,2,2,1.0
waaanna,0,2,2,1.0
yurgag,0,2,2,1.0
ëãâ,0,2,2,1.0
lrmpmo,0,2,2,1.0
xbtkvi,0,2,2,1.0
ruftfewgq,0,2,2,1.0
atevn,0,2,2,1.0
greyish,1,1,2,0.5
jyet,0,2,2,1.0
cotillon,0,2,2,1.0
dreidel,0,2,2,1.0
americansoda,2,0,2,0.0
wesj,0,2,2,1.0
uspto,0,2,2,1.0
mandmanyoth,0,2,2,1.0
chronicpain,0,2,2,1.0
ovthat,0,2,2,1.0
ikkwjjf,0,2,2,1.0
collit,0,2,2,1.0
ecappl,2,0,2,0.0
bvjgh,0,2,2,1.0
hnzetwkcl,0,2,2,1.0
kngjqtf,0,2,2,1.0
yonder,0,2,2,1.0
aquist,1,1,2,0.5
kiyosaki,0,2,2,1.0
thurnder,0,2,2,1.0
zcvtxd,0,2,2,1.0
behaviorist,0,2,2,1.0
tuber,0,2,2,1.0
whiwxh,0,2,2,1.0
moshood,0,2,2,1.0
adjudgeadvis,0,2,2,1.0
abargain,0,2,2,1.0
bankgirolotto,0,2,2,1.0
oinrgxug,0,2,2,1.0
satcalml,0,2,2,1.0
caslno,0,2,2,1.0
xqnpl,0,2,2,1.0
plaac,0,2,2,1.0
vjyuadjc,0,2,2,1.0
cmzcqj,0,2,2,1.0
ffm,1,1,2,0.5
distr,0,2,2,1.0
cpanel,0,2,2,1.0
parkland,0,2,2,1.0
lzvxpnu,0,2,2,1.0
krautz,2,0,2,0.0
jto,0,2,2,1.0
tipton,0,2,2,1.0
cathayan,0,2,2,1.0
onomwonden,0,2,2,1.0
tyn,0,2,2,1.0
ftbug,0,2,2,1.0
vdb,0,2,2,1.0
mmdeg,0,2,2,1.0
dbahc,0,2,2,1.0
andpercentag,0,2,2,1.0
waarschuwt,0,2,2,1.0
cskxd,0,2,2,1.0
xjivgau,0,2,2,1.0
vppgvwuq,0,2,2,1.0
yseminario,0,2,2,1.0
laughingli,0,2,2,1.0
hará,0,2,2,1.0
wahe,0,2,2,1.0
ryfakjai,0,2,2,1.0
intermingl,1,1,2,0.5
projetor,0,2,2,1.0
regalamo,0,2,2,1.0
mpw,2,0,2,0.0
steepli,2,0,2,0.0
ckbe,0,2,2,1.0
avaliabl,0,2,2,1.0
jabaar,0,2,2,1.0
theend,0,2,2,1.0
mbj,0,2,2,1.0
progrom,0,2,2,1.0
iiot,0,2,2,1.0
paull,2,0,2,0.0
richey,2,0,2,0.0
gestorben,0,2,2,1.0
hlcote,0,2,2,1.0
imu,1,1,2,0.5
acaso,0,2,2,1.0
lighterag,0,2,2,1.0
hobert,0,2,2,1.0
ivemot,0,2,2,1.0
methodolgi,2,0,2,0.0
mdavi,2,0,2,0.0
tcodolqp,0,2,2,1.0
squzzf,0,2,2,1.0
haux,2,0,2,0.0
sleepwalk,0,2,2,1.0
shimmi,0,2,2,1.0
activament,0,2,2,1.0
hamartiolog,0,2,2,1.0
edyleland,2,0,2,0.0
funcionalidad,0,2,2,1.0
rambu,2,0,2,0.0
algarv,0,2,2,1.0
tuehb,0,2,2,1.0
tst,1,1,2,0.5
genuineloghom,0,2,2,1.0
nomoremail,0,2,2,1.0
ingnieur,0,2,2,1.0
dimpli,0,2,2,1.0
nagenoeg,0,2,2,1.0
kasm,0,2,2,1.0
mahaffey,0,2,2,1.0
hmer,0,2,2,1.0
unyield,2,0,2,0.0
neto,0,2,2,1.0
tmssoh,0,2,2,1.0
raao,2,0,2,0.0
nlmvybyfw,0,2,2,1.0
streami,0,2,2,1.0
vvalk,0,2,2,1.0
wcutjbb,0,2,2,1.0
ahad,2,0,2,0.0
þcuál,0,2,2,1.0
destinyl,0,2,2,1.0
weltweit,0,2,2,1.0
ritwik,2,0,2,0.0
zonon,2,0,2,0.0
lolerpric,0,2,2,1.0
administrao,0,2,2,1.0
jkrifpagrfjwr,0,2,2,1.0
mataya,2,0,2,0.0
minelo,2,0,2,0.0
gmtdj,0,2,2,1.0
fztgcrze,0,2,2,1.0
gaznxgu,0,2,2,1.0
hnqfh,0,2,2,1.0
medlcatio,0,2,2,1.0
ardeida,0,2,2,1.0
madstock,0,2,2,1.0
mrlru,0,2,2,1.0
fsyftn,0,2,2,1.0
swizterland,0,2,2,1.0
kolkata,0,2,2,1.0
fabrican,0,2,2,1.0
isfor,0,2,2,1.0
bsvxf,0,2,2,1.0
fleishman,2,0,2,0.0
rurprgrhrtrpqsoqohhtlhli,0,2,2,1.0
ztvwo,0,2,2,1.0
mennonit,0,2,2,1.0
petat,0,2,2,1.0
earnhardt,0,2,2,1.0
guianafrench,0,2,2,1.0
algn,0,2,2,1.0
lrfv,0,2,2,1.0
baresark,0,2,2,1.0
braço,0,2,2,1.0
respondanm,0,2,2,1.0
ppw,2,0,2,0.0
fhiontarlann,0,2,2,1.0
pual,2,0,2,0.0
montreat,0,2,2,1.0
procder,0,2,2,1.0
vtapt,0,2,2,1.0
lkileo,0,2,2,1.0
posteriorment,0,2,2,1.0
wdpvv,0,2,2,1.0
tenida,0,2,2,1.0
origina,2,0,2,0.0
legler,2,0,2,0.0
junebug,1,1,2,0.5
ytlenk,0,2,2,1.0
voulon,0,2,2,1.0
mkp,1,1,2,0.5
ozt,2,0,2,0.0
permitir,0,2,2,1.0
axqzw,0,2,2,1.0
ljacqu,2,0,2,0.0
huzuruna,0,2,2,1.0
foundation,0,2,2,1.0
luciasaint,0,2,2,1.0
yourb,0,2,2,1.0
notoday,0,2,2,1.0
nwapqc,0,2,2,1.0
cftn,0,2,2,1.0
dss,0,2,2,1.0
cafferti,2,0,2,0.0
ybvyabflyvvampk,0,2,2,1.0
paist,2,0,2,0.0
fiet,0,2,2,1.0
jadzz,0,2,2,1.0
tavernaraki,0,2,2,1.0
lugsail,0,2,2,1.0
grce,0,2,2,1.0
destefano,2,0,2,0.0
asla,0,2,2,1.0
coliti,0,2,2,1.0
oppidan,0,2,2,1.0
acco,2,0,2,0.0
chubut,0,2,2,1.0
rockaway,0,2,2,1.0
marketingforu,0,2,2,1.0
stagf,0,2,2,1.0
osjrcya,0,2,2,1.0
dfi,0,2,2,1.0
oakhil,2,0,2,0.0
inamorata,0,2,2,1.0
conocen,0,2,2,1.0
worshippersmarch,0,2,2,1.0
lgish,0,2,2,1.0
bhlni,0,2,2,1.0
gagwrit,0,2,2,1.0
danwalt,0,2,2,1.0
lokalnych,2,0,2,0.0
reaproveitamento,0,2,2,1.0
eaak,0,2,2,1.0
blisdbt,0,2,2,1.0
elkhorn,2,0,2,0.0
yyodilevd,0,2,2,1.0
lorac,0,2,2,1.0
ioifgvgkk,0,2,2,1.0
qwa,0,2,2,1.0
luger,0,2,2,1.0
wincen,2,0,2,0.0
dearvan,0,2,2,1.0
comjamaica,0,2,2,1.0
gradu,0,2,2,1.0
completeiy,0,2,2,1.0
swallowtail,0,2,2,1.0
ygmlyxz,0,2,2,1.0
importadora,0,2,2,1.0
ferrik,0,2,2,1.0
prez,1,1,2,0.5
caffien,0,2,2,1.0
purrchfrom,0,2,2,1.0
cbbxmnvqdtvhwa,0,2,2,1.0
jenken,2,0,2,0.0
confirmdenti,0,2,2,1.0
itdart,0,2,2,1.0
aley,2,0,2,0.0
fidir,0,2,2,1.0
leibovich,2,0,2,0.0
themba,0,2,2,1.0
daremo,0,2,2,1.0
bcli,1,1,2,0.5
gcdnc,0,2,2,1.0
netpoint,0,2,2,1.0
institvt,2,0,2,0.0
tomaintain,0,2,2,1.0
theopiliu,0,2,2,1.0
schoolbook,0,2,2,1.0
linuxens,0,2,2,1.0
bathymetri,0,2,2,1.0
wtdel,2,0,2,0.0
phave,0,2,2,1.0
varityp,0,2,2,1.0
replyimmedi,0,2,2,1.0
barroso,0,2,2,1.0
herey,0,2,2,1.0
dzieki,2,0,2,0.0
posiprod,0,2,2,1.0
johannesbourg,0,2,2,1.0
ncsu,2,0,2,0.0
splenic,0,2,2,1.0
eau,1,1,2,0.5
patchour,0,2,2,1.0
yourimoney,0,2,2,1.0
pillsburywinthrop,2,0,2,0.0
ingaa,2,0,2,0.0
mariadacosta,0,2,2,1.0
kusi,0,2,2,1.0
dast,0,2,2,1.0
freepdf,2,0,2,0.0
defoli,0,2,2,1.0
eastlak,2,0,2,0.0
kapolyi,2,0,2,0.0
infllcom,0,2,2,1.0
pelagian,0,2,2,1.0
yqwe,0,2,2,1.0
secure,0,2,2,1.0
wszystko,2,0,2,0.0
tween,0,2,2,1.0
megger,0,2,2,1.0
sumeria,0,2,2,1.0
lunn,1,1,2,0.5
bti,0,2,2,1.0
advantageenergyusa,2,0,2,0.0
msgframe,2,0,2,0.0
benutzt,0,2,2,1.0
carden,2,0,2,0.0
hoto,0,2,2,1.0
recog,0,2,2,1.0
eetcff,0,2,2,1.0
athenaeum,2,0,2,0.0
þcomo,0,2,2,1.0
hlsr,2,0,2,0.0
inorgánico,0,2,2,1.0
bbu,0,2,2,1.0
lasher,0,2,2,1.0
researchersi,0,2,2,1.0
knovv,0,2,2,1.0
wsparci,2,0,2,0.0
mandibl,0,2,2,1.0
kmoyoemi,0,2,2,1.0
pxa,0,2,2,1.0
hensonc,2,0,2,0.0
jranieri,2,0,2,0.0
tuli,2,0,2,0.0
flhdzgxo,0,2,2,1.0
musci,0,2,2,1.0
compartilhamento,0,2,2,1.0
riguroso,0,2,2,1.0
thingami,0,2,2,1.0
twabg,0,2,2,1.0
internetweek,2,0,2,0.0
ogfeioum,0,2,2,1.0
ild,0,2,2,1.0
cwroher,2,0,2,0.0
ecczvkwi,0,2,2,1.0
pramer,2,0,2,0.0
shopworn,0,2,2,1.0
tarp,2,0,2,0.0
pbcentera,0,2,2,1.0
dowser,0,2,2,1.0
nigeriapriv,0,2,2,1.0
besuch,0,2,2,1.0
jav,0,2,2,1.0
zyl,0,2,2,1.0
upz,0,2,2,1.0
schoolhous,0,2,2,1.0
triac,0,2,2,1.0
glassberg,2,0,2,0.0
woodal,2,0,2,0.0
diptych,0,2,2,1.0
moseman,2,0,2,0.0
vrijdag,0,2,2,1.0
cygt,0,2,2,1.0
mrev,0,2,2,1.0
bullheadoctoroon,0,2,2,1.0
rrxmed,0,2,2,1.0
thailandehotel,0,2,2,1.0
gameboy,1,1,2,0.5
alkiem,2,0,2,0.0
headsman,0,2,2,1.0
uzpcyvn,0,2,2,1.0
haynesviil,0,2,2,1.0
hxbbgcd,0,2,2,1.0
fbfwcrpep,0,2,2,1.0
withu,0,2,2,1.0
rse,0,2,2,1.0
postlaunch,0,2,2,1.0
inx,0,2,2,1.0
erget,0,2,2,1.0
liboost,0,2,2,1.0
franquicia,0,2,2,1.0
companywith,0,2,2,1.0
nmtc,0,2,2,1.0
prion,0,2,2,1.0
motorsport,0,2,2,1.0
bssrobi,0,2,2,1.0
lichtenwalt,2,0,2,0.0
fldgajk,0,2,2,1.0
livelyhood,0,2,2,1.0
powa,2,0,2,0.0
kdmj,0,2,2,1.0
rknight,2,0,2,0.0
couidn,0,2,2,1.0
gerstner,2,0,2,0.0
pytania,2,0,2,0.0
orton,0,2,2,1.0
synbank,0,2,2,1.0
wrrrena,0,2,2,1.0
loopcentr,2,0,2,0.0
wki,0,2,2,1.0
nyol,2,0,2,0.0
yhvbx,0,2,2,1.0
lasf,0,2,2,1.0
rathdrum,2,0,2,0.0
versatilidad,0,2,2,1.0
raucou,0,2,2,1.0
ultilanguag,0,2,2,1.0
tgx,0,2,2,1.0
asic,2,0,2,0.0
kaballa,0,2,2,1.0
thesoftinsid,0,2,2,1.0
kool,2,0,2,0.0
btwn,2,0,2,0.0
psefnayh,0,2,2,1.0
gttwgo,0,2,2,1.0
vsbnexhrn,0,2,2,1.0
overthrew,0,2,2,1.0
gwacm,0,2,2,1.0
fklxxduw,0,2,2,1.0
qboryfkdh,0,2,2,1.0
smear,0,2,2,1.0
etica,0,2,2,1.0
propiciam,0,2,2,1.0
unwisest,0,2,2,1.0
kinejh,0,2,2,1.0
mekâidel,0,2,2,1.0
realism,2,0,2,0.0
mui,1,1,2,0.5
rajat,2,0,2,0.0
weken,0,2,2,1.0
vjrzbzwhm,0,2,2,1.0
sinclar,0,2,2,1.0
clubber,0,2,2,1.0
glater,2,0,2,0.0
returnfor,0,2,2,1.0
cenab,0,2,2,1.0
usbp,0,2,2,1.0
aababp,2,0,2,0.0
engirdl,0,2,2,1.0
sonnonstin,2,0,2,0.0
jujuy,0,2,2,1.0
zuk,0,2,2,1.0
dólare,0,2,2,1.0
bermooth,0,2,2,1.0
pppo,2,0,2,0.0
wijxhp,0,2,2,1.0
fema,0,2,2,1.0
heeeeereeeee,0,2,2,1.0
kost,0,2,2,1.0
ostdeik,2,0,2,0.0
opay,0,2,2,1.0
clocker,0,2,2,1.0
anotth,0,2,2,1.0
bookingiform,0,2,2,1.0
adultpaysit,0,2,2,1.0
kurnreuth,2,0,2,0.0
seaq,2,0,2,0.0
copeemltli,0,2,2,1.0
ocusoft,0,2,2,1.0
emanag,0,2,2,1.0
estacion,0,2,2,1.0
elberg,2,0,2,0.0
priceshiftl,2,0,2,0.0
somatroph,0,2,2,1.0
scrutinis,2,0,2,0.0
youngwoman,0,2,2,1.0
mvaghedi,2,0,2,0.0
creacin,0,2,2,1.0
fcuke,0,2,2,1.0
zipdat,0,2,2,1.0
qngjn,0,2,2,1.0
toqu,0,2,2,1.0
bytem,0,2,2,1.0
zamit,2,0,2,0.0
servir,0,2,2,1.0
ecobnk,0,2,2,1.0
wonderingli,0,2,2,1.0
biodiesel,0,2,2,1.0
locomotori,0,2,2,1.0
moghadam,2,0,2,0.0
responderm,0,2,2,1.0
maciek,0,2,2,1.0
sepulveda,1,1,2,0.5
ffect,0,2,2,1.0
loh,1,1,2,0.5
crez,0,2,2,1.0
presumptionarchitect,0,2,2,1.0
pricewaterhous,1,1,2,0.5
uakkhbx,0,2,2,1.0
darbar,2,0,2,0.0
reelect,2,0,2,0.0
llmkul,2,0,2,0.0
vicosdin,0,2,2,1.0
infoeurop,0,2,2,1.0
carrasco,0,2,2,1.0
newaddress,0,2,2,1.0
zinkuq,0,2,2,1.0
giroloterij,0,2,2,1.0
jngnnb,0,2,2,1.0
rohini,0,2,2,1.0
riba,0,2,2,1.0
dónde,0,2,2,1.0
xysjqf,0,2,2,1.0
dealog,2,0,2,0.0
trtr,0,2,2,1.0
wvpxlp,0,2,2,1.0
tarafýndan,0,2,2,1.0
librería,0,2,2,1.0
tutorag,0,2,2,1.0
techncial,0,2,2,1.0
desarm,0,2,2,1.0
klno,0,2,2,1.0
gravewrit,0,2,2,1.0
pdxpfe,2,0,2,0.0
cylonbscpjdm,0,2,2,1.0
coate,0,2,2,1.0
phillipwilliam,0,2,2,1.0
hbjbdw,0,2,2,1.0
kostet,0,2,2,1.0
kasa,0,2,2,1.0
studentow,2,0,2,0.0
banerjea,2,0,2,0.0
minuit,0,2,2,1.0
coletto,2,0,2,0.0
lovesick,0,2,2,1.0
rdxmdo,0,2,2,1.0
edgeg,0,2,2,1.0
steviosid,0,2,2,1.0
overt,0,2,2,1.0
quadruplet,0,2,2,1.0
tupac,0,2,2,1.0
kumtr,0,2,2,1.0
implementação,0,2,2,1.0
neew,0,2,2,1.0
enfuehr,0,2,2,1.0
tedi,1,1,2,0.5
apellidotelefono,0,2,2,1.0
etsweb,2,0,2,0.0
profic,2,0,2,0.0
elaboracin,0,2,2,1.0
tpb,0,2,2,1.0
ávila,0,2,2,1.0
yemi,0,2,2,1.0
bsmith,0,2,2,1.0
ouefjdh,0,2,2,1.0
cwihcfwa,0,2,2,1.0
viagdra,0,2,2,1.0
taxiway,0,2,2,1.0
missal,0,2,2,1.0
ppss,0,2,2,1.0
cablel,0,2,2,1.0
kaynassin,0,2,2,1.0
gsbpidl,0,2,2,1.0
xbbzalm,0,2,2,1.0
webisitefound,0,2,2,1.0
rtefin,0,2,2,1.0
sement,0,2,2,1.0
zqzcainydi,0,2,2,1.0
addressbr,0,2,2,1.0
yomust,0,2,2,1.0
blunderbuss,0,2,2,1.0
difusão,0,2,2,1.0
tryand,0,2,2,1.0
wfbjzpsfo,0,2,2,1.0
arialbnot,0,2,2,1.0
theform,0,2,2,1.0
mariel,1,1,2,0.5
passeair,0,2,2,1.0
intracoast,0,2,2,1.0
financejon,2,0,2,0.0
coster,0,2,2,1.0
sgincf,0,2,2,1.0
pxxwtdrv,0,2,2,1.0
xagb,0,2,2,1.0
vicqodin,0,2,2,1.0
oiomg,0,2,2,1.0
whiskey,1,1,2,0.5
factsdisc,0,2,2,1.0
allocut,0,2,2,1.0
lvd,1,1,2,0.5
esmtpa,0,2,2,1.0
inovador,0,2,2,1.0
rockwellidata,0,2,2,1.0
podeslana,2,0,2,0.0
woodmer,0,2,2,1.0
cnote,2,0,2,0.0
rbhatah,0,2,2,1.0
posrednio,2,0,2,0.0
kolegi,2,0,2,0.0
gfj,0,2,2,1.0
zfmuhlpadob,0,2,2,1.0
validada,0,2,2,1.0
tenari,2,0,2,0.0
emillionair,0,2,2,1.0
otherchang,0,2,2,1.0
caracter,0,2,2,1.0
castel,1,1,2,0.5
euroexchang,0,2,2,1.0
przesl,2,0,2,0.0
healthgroup,2,0,2,0.0
sucklng,0,2,2,1.0
xtend,0,2,2,1.0
tiifntpan,0,2,2,1.0
hvren,0,2,2,1.0
hmh,2,0,2,0.0
mijwqb,0,2,2,1.0
determinacin,0,2,2,1.0
aeecl,2,0,2,0.0
stabiiiti,0,2,2,1.0
pwbhtdhz,0,2,2,1.0
temma,2,0,2,0.0
tfsfyzrn,0,2,2,1.0
ingraham,2,0,2,0.0
ffffffbr,0,2,2,1.0
inod,0,2,2,1.0
gekko,0,2,2,1.0
casuist,0,2,2,1.0
fascia,0,2,2,1.0
jhuwash,2,0,2,0.0
weeklong,2,0,2,0.0
precut,0,2,2,1.0
epiphys,0,2,2,1.0
osowz,0,2,2,1.0
msowaolp,2,0,2,0.0
kluczowa,2,0,2,0.0
osit,0,2,2,1.0
lamphold,0,2,2,1.0
francesc,2,0,2,0.0
padfolio,2,0,2,0.0
dfbacwda,0,2,2,1.0
cemxkbyyh,0,2,2,1.0
testl,2,0,2,0.0
namibia,0,2,2,1.0
travelocitynyc,0,2,2,1.0
slowcoach,0,2,2,1.0
qiaej,0,2,2,1.0
bist,1,1,2,0.5
ouuznvdzk,0,2,2,1.0
plotnick,2,0,2,0.0
meteorograph,0,2,2,1.0
pardi,0,2,2,1.0
recorrido,0,2,2,1.0
whirr,0,2,2,1.0
delaplan,2,0,2,0.0
jugr,0,2,2,1.0
mcclaflin,2,0,2,0.0
ftmba,2,0,2,0.0
alphapuff,0,2,2,1.0
sulki,0,2,2,1.0
necessidad,0,2,2,1.0
dqfvn,0,2,2,1.0
hazelwood,0,2,2,1.0
pkadek,0,2,2,1.0
lduppz,0,2,2,1.0
dclar,0,2,2,1.0
sylg,0,2,2,1.0
klffgiglfshkfifpjlfpfq,0,2,2,1.0
hmigauqlt,0,2,2,1.0
wayland,0,2,2,1.0
fácil,0,2,2,1.0
srxu,0,2,2,1.0
nehmen,0,2,2,1.0
imutabilidad,0,2,2,1.0
zddkbvh,0,2,2,1.0
quantal,2,0,2,0.0
gerichtlichen,0,2,2,1.0
tawer,0,2,2,1.0
unpretens,2,0,2,0.0
purchac,0,2,2,1.0
arl,0,2,2,1.0
omullwgbrmnimi,0,2,2,1.0
tguo,2,0,2,0.0
scatch,0,2,2,1.0
lefttrtd,0,2,2,1.0
bpf,1,1,2,0.5
happygift,0,2,2,1.0
nomm,0,2,2,1.0
aument,0,2,2,1.0
mabota,0,2,2,1.0
mde,0,2,2,1.0
liveadulthost,0,2,2,1.0
homemail,1,1,2,0.5
urqiswt,0,2,2,1.0
matth,0,2,2,1.0
dossey,2,0,2,0.0
hedmsqi,0,2,2,1.0
plvvbjxd,0,2,2,1.0
gaubgvvrj,0,2,2,1.0
raprocheron,0,2,2,1.0
esgebffvikbn,0,2,2,1.0
jubril,2,0,2,0.0
stup,2,0,2,0.0
computronl,0,2,2,1.0
ywurqhkgr,0,2,2,1.0
pfiqxnjd,0,2,2,1.0
lekota,0,2,2,1.0
gwmvurvtdu,0,2,2,1.0
qtyowa,0,2,2,1.0
playwrit,0,2,2,1.0
pellicl,0,2,2,1.0
retrospectiva,0,2,2,1.0
yýllýk,0,2,2,1.0
erhaltet,0,2,2,1.0
colllagen,0,2,2,1.0
reapportion,2,0,2,0.0
outspend,2,0,2,0.0
mnvjdo,0,2,2,1.0
bevoegd,0,2,2,1.0
ukto,0,2,2,1.0
zxgwvpiadob,0,2,2,1.0
ggii,0,2,2,1.0
atmail,0,2,2,1.0
ionescu,0,2,2,1.0
grrdmuczravuln,0,2,2,1.0
vdeck,0,2,2,1.0
glassford,2,0,2,0.0
escolh,0,2,2,1.0
fennebresqu,2,0,2,0.0
cangucu,2,0,2,0.0
vpkmxpyhqhftcpdmgc,0,2,2,1.0
completísimo,0,2,2,1.0
enabley,0,2,2,1.0
ehhnlyw,0,2,2,1.0
seinn,0,2,2,1.0
vinylfabr,0,2,2,1.0
wwwbc,0,2,2,1.0
nko,0,2,2,1.0
hexhr,0,2,2,1.0
ghuidhir,0,2,2,1.0
proudest,0,2,2,1.0
forionlyi,0,2,2,1.0
himselfhom,0,2,2,1.0
topsoil,0,2,2,1.0
destuf,0,2,2,1.0
willemyn,2,0,2,0.0
sugg,2,0,2,0.0
jozbcbevb,0,2,2,1.0
bibliograph,0,2,2,1.0
baþa,0,2,2,1.0
dneedi,0,2,2,1.0
iog,1,1,2,0.5
checkrow,0,2,2,1.0
impertin,0,2,2,1.0
owardsxb,0,2,2,1.0
inkassounternehmen,0,2,2,1.0
rosier,2,0,2,0.0
werckl,2,0,2,0.0
mnash,2,0,2,0.0
averatec,0,2,2,1.0
goradia,2,0,2,0.0
wfimxmnh,0,2,2,1.0
smx,0,2,2,1.0
memberhip,0,2,2,1.0
descoteaux,2,0,2,0.0
bailrosen,0,2,2,1.0
xlvbh,0,2,2,1.0
antworten,0,2,2,1.0
noland,2,0,2,0.0
enhancersdirect,0,2,2,1.0
businesstemail,0,2,2,1.0
wisdomthat,0,2,2,1.0
pediatrix,2,0,2,0.0
mulhous,2,0,2,0.0
arev,0,2,2,1.0
palmo,0,2,2,1.0
vbe,0,2,2,1.0
dralion,2,0,2,0.0
lunsford,0,2,2,1.0
sheetal,2,0,2,0.0
óleo,0,2,2,1.0
symantecstor,0,2,2,1.0
gfilyeb,0,2,2,1.0
vjg,0,2,2,1.0
karrier,0,2,2,1.0
audtio,0,2,2,1.0
kgumrrspp,0,2,2,1.0
curacao,0,2,2,1.0
ecast,0,2,2,1.0
deckung,0,2,2,1.0
multiprocess,0,2,2,1.0
entschlossen,0,2,2,1.0
bblop,2,0,2,0.0
asyav,0,2,2,1.0
tyburczi,2,0,2,0.0
ensco,2,0,2,0.0
oedward,0,2,2,1.0
pfjlqc,0,2,2,1.0
crire,0,2,2,1.0
srac,2,0,2,0.0
urc,0,2,2,1.0
yaxmxn,0,2,2,1.0
jaya,0,2,2,1.0
gptnzmqff,0,2,2,1.0
pharamccybymail,0,2,2,1.0
tallish,0,2,2,1.0
ktzpqxvv,0,2,2,1.0
ioaxint,0,2,2,1.0
mlss,0,2,2,1.0
fyeevi,0,2,2,1.0
xlkoguqxj,0,2,2,1.0
utilit,2,0,2,0.0
fuur,0,2,2,1.0
mlazi,0,2,2,1.0
computerueiskil,0,2,2,1.0
gue,1,1,2,0.5
reposio,0,2,2,1.0
teoma,0,2,2,1.0
peavi,2,0,2,0.0
isleshondurashong,0,2,2,1.0
istedifffffoiniz,0,2,2,1.0
aric,2,0,2,0.0
fwp,0,2,2,1.0
maximu,2,0,2,0.0
nywguempturgwthionjpsqdw,0,2,2,1.0
männer,0,2,2,1.0
linse,0,2,2,1.0
paghi,0,2,2,1.0
hematit,0,2,2,1.0
maildoc,2,0,2,0.0
ueumbhxb,0,2,2,1.0
welshman,0,2,2,1.0
backburn,2,0,2,0.0
bouotwhv,0,2,2,1.0
iiiiiinch,0,2,2,1.0
submittingi,0,2,2,1.0
liam,2,0,2,0.0
sponser,2,0,2,0.0
sleav,2,0,2,0.0
consideramo,0,2,2,1.0
unimpress,2,0,2,0.0
zfmuhlpimg,0,2,2,1.0
recortado,0,2,2,1.0
vvorld,0,2,2,1.0
vaduz,0,2,2,1.0
nonc,0,2,2,1.0
debrum,2,0,2,0.0
withreal,0,2,2,1.0
joi,0,2,2,1.0
freundin,0,2,2,1.0
mdwerner,2,0,2,0.0
sthey,0,2,2,1.0
havquestsor,0,2,2,1.0
olznzx,0,2,2,1.0
toulous,0,2,2,1.0
thisbusi,0,2,2,1.0
kazaa,0,2,2,1.0
sorder,0,2,2,1.0
privianet,0,2,2,1.0
transunion,0,2,2,1.0
vwsol,0,2,2,1.0
fmio,0,2,2,1.0
nlyr,0,2,2,1.0
chartroomku,0,2,2,1.0
favorlt,0,2,2,1.0
toquevil,2,0,2,0.0
vtyjgov,0,2,2,1.0
cdghlbefimj,0,2,2,1.0
infil,0,2,2,1.0
vvide,0,2,2,1.0
assyriahewitt,0,2,2,1.0
dayal,1,1,2,0.5
wreak,1,1,2,0.5
kazakhstan,1,1,2,0.5
yamaha,1,1,2,0.5
estacionamiento,0,2,2,1.0
yxfl,0,2,2,1.0
finac,2,0,2,0.0
eali,1,1,2,0.5
sllqthktg,0,2,2,1.0
pessoal,0,2,2,1.0
mmddyyyy,2,0,2,0.0
pfvxsl,0,2,2,1.0
aue,0,2,2,1.0
pmaconfer,2,0,2,0.0
brrr,2,0,2,0.0
oyfnay,0,2,2,1.0
lpremium,0,2,2,1.0
riverflow,2,0,2,0.0
xyeadg,0,2,2,1.0
devisor,0,2,2,1.0
rammstein,0,2,2,1.0
mevla,0,2,2,1.0
bloodst,0,2,2,1.0
bandaid,2,0,2,0.0
governo,0,2,2,1.0
gutter,0,2,2,1.0
ibphefh,0,2,2,1.0
entschiden,0,2,2,1.0
kxkhkirjn,0,2,2,1.0
cmbio,0,2,2,1.0
alda,0,2,2,1.0
sysadmin,2,0,2,0.0
brastrom,2,0,2,0.0
breakfre,0,2,2,1.0
duit,0,2,2,1.0
stanleywoodwork,0,2,2,1.0
dars,0,2,2,1.0
overtaken,1,1,2,0.5
cliam,0,2,2,1.0
tullett,2,0,2,0.0
gkmb,0,2,2,1.0
subhanallahil,0,2,2,1.0
oberai,2,0,2,0.0
jmulloy,2,0,2,0.0
qnqo,0,2,2,1.0
tiicket,0,2,2,1.0
desafiam,0,2,2,1.0
whelan,1,1,2,0.5
lesben,0,2,2,1.0
opción,0,2,2,1.0
plazajm,0,2,2,1.0
azië,0,2,2,1.0
boldrick,2,0,2,0.0
ospreyl,2,0,2,0.0
volk,2,0,2,0.0
njmkrot,0,2,2,1.0
purina,0,2,2,1.0
ctile,0,2,2,1.0
sinch,2,0,2,0.0
wzvybmz,0,2,2,1.0
perun,2,0,2,0.0
derma,0,2,2,1.0
bibliolog,0,2,2,1.0
usian,0,2,2,1.0
halfoffsalenow,0,2,2,1.0
billa,2,0,2,0.0
confidentialit,0,2,2,1.0
gnzsupportwhb,0,2,2,1.0
glowlineensur,0,2,2,1.0
tarihind,0,2,2,1.0
salesl,0,2,2,1.0
fixeddeposit,0,2,2,1.0
oftkeyword,0,2,2,1.0
qureshi,0,2,2,1.0
diplay,2,0,2,0.0
thuroebian,0,2,2,1.0
wgtrhbctf,0,2,2,1.0
sorin,2,0,2,0.0
nli,0,2,2,1.0
carbam,0,2,2,1.0
lamma,0,2,2,1.0
görüþmelerind,0,2,2,1.0
windham,2,0,2,0.0
emotley,2,0,2,0.0
vfwsnald,0,2,2,1.0
overthrow,0,2,2,1.0
xbxywck,0,2,2,1.0
wirelless,0,2,2,1.0
brewi,1,1,2,0.5
surlpu,2,0,2,0.0
slewi,2,0,2,0.0
hpeofxu,0,2,2,1.0
firstgpg,0,2,2,1.0
parayr,2,0,2,0.0
retiform,0,2,2,1.0
prorogu,0,2,2,1.0
yywu,0,2,2,1.0
jmgecmw,0,2,2,1.0
carhtag,2,0,2,0.0
alreplica,0,2,2,1.0
grisham,0,2,2,1.0
rdq,0,2,2,1.0
newsfe,0,2,2,1.0
kpkk,0,2,2,1.0
spurlin,2,0,2,0.0
möchten,0,2,2,1.0
buildout,2,0,2,0.0
dâina,0,2,2,1.0
cevaplayabilm,0,2,2,1.0
filipino,0,2,2,1.0
pplmt,2,0,2,0.0
eimca,0,2,2,1.0
rmlyaq,0,2,2,1.0
bonker,0,2,2,1.0
fxmcr,0,2,2,1.0
kelsey,1,1,2,0.5
vwpjcazdt,0,2,2,1.0
amina,0,2,2,1.0
kablo,0,2,2,1.0
zhx,0,2,2,1.0
cerrado,0,2,2,1.0
lkxcpc,0,2,2,1.0
sakoda,0,2,2,1.0
skaer,2,0,2,0.0
nnnvna,0,2,2,1.0
ibx,0,2,2,1.0
obrecht,2,0,2,0.0
thaiservic,0,2,2,1.0
indransatra,0,2,2,1.0
backdown,2,0,2,0.0
betab,0,2,2,1.0
lesi,0,2,2,1.0
drayag,2,0,2,0.0
ahpvqeqkoacigulvlrcqr,0,2,2,1.0
moema,2,0,2,0.0
intendto,0,2,2,1.0
galatea,0,2,2,1.0
gcxdxwvi,0,2,2,1.0
wierd,2,0,2,0.0
telepac,0,2,2,1.0
slotter,0,2,2,1.0
forfre,0,2,2,1.0
krystal,0,2,2,1.0
biodonqueen,0,2,2,1.0
glossiti,0,2,2,1.0
pfdizer,0,2,2,1.0
dbf,0,2,2,1.0
frowsi,0,2,2,1.0
exel,1,1,2,0.5
jodytot,0,2,2,1.0
osmanabad,2,0,2,0.0
blgmail,0,2,2,1.0
junu,2,0,2,0.0
mendez,0,2,2,1.0
emailprotect,0,2,2,1.0
wali,0,2,2,1.0
enginehous,0,2,2,1.0
jaipal,2,0,2,0.0
evhd,0,2,2,1.0
goforvalu,0,2,2,1.0
auslandskunden,0,2,2,1.0
bieden,0,2,2,1.0
craigc,2,0,2,0.0
weyandt,2,0,2,0.0
anfang,0,2,2,1.0
hodsol,0,2,2,1.0
neutrio,0,2,2,1.0
gwaukesha,0,2,2,1.0
jwseidenstick,2,0,2,0.0
dspiliot,0,2,2,1.0
leedom,2,0,2,0.0
tifkoujo,0,2,2,1.0
dachl,2,0,2,0.0
mithani,2,0,2,0.0
unskil,1,1,2,0.5
ofpocket,0,2,2,1.0
habxeeo,0,2,2,1.0
willitt,0,2,2,1.0
qggo,2,0,2,0.0
serait,0,2,2,1.0
fogg,2,0,2,0.0
endem,0,2,2,1.0
griff,0,2,2,1.0
shion,0,2,2,1.0
austral,0,2,2,1.0
quaer,0,2,2,1.0
simo,2,0,2,0.0
nterst,0,2,2,1.0
potempa,2,0,2,0.0
pni,0,2,2,1.0
fylyzd,0,2,2,1.0
plzrn,0,2,2,1.0
kast,2,0,2,0.0
valieum,0,2,2,1.0
disconktinhu,0,2,2,1.0
ilkmtngywzkioeckea,0,2,2,1.0
revjohnpadila,0,2,2,1.0
pmc,2,0,2,0.0
innymi,2,0,2,0.0
libéria,0,2,2,1.0
tocontact,0,2,2,1.0
aueb,0,2,2,1.0
casahan,0,2,2,1.0
llega,0,2,2,1.0
deg,0,2,2,1.0
turstico,0,2,2,1.0
retaii,0,2,2,1.0
skagg,0,2,2,1.0
nood,0,2,2,1.0
inspiss,0,2,2,1.0
kleptomaniac,0,2,2,1.0
qgfjrpbqt,0,2,2,1.0
hftiatsi,0,2,2,1.0
triumphantli,0,2,2,1.0
fatblast,0,2,2,1.0
bongo,0,2,2,1.0
sombr,0,2,2,1.0
kww,0,2,2,1.0
lgw,0,2,2,1.0
adresim,0,2,2,1.0
trabjar,0,2,2,1.0
hotspot,0,2,2,1.0
brznsmqtnzugbcrtwh,0,2,2,1.0
tprkgbgzf,0,2,2,1.0
rega,2,0,2,0.0
cotizacin,0,2,2,1.0
valin,0,2,2,1.0
ultrascal,0,2,2,1.0
drst,0,2,2,1.0
vlcium,0,2,2,1.0
selfreal,0,2,2,1.0
votaress,0,2,2,1.0
reachurobject,0,2,2,1.0
skjkyf,0,2,2,1.0
aul,2,0,2,0.0
radical,0,2,2,1.0
protéget,0,2,2,1.0
jwzd,0,2,2,1.0
pxecmq,0,2,2,1.0
montello,2,0,2,0.0
aventura,0,2,2,1.0
galan,2,0,2,0.0
wheir,0,2,2,1.0
ramov,0,2,2,1.0
trm,0,2,2,1.0
wcprvl,2,0,2,0.0
defenderà,0,2,2,1.0
xdhjmhoawofjkngdtfesh,0,2,2,1.0
regionow,2,0,2,0.0
thinnest,0,2,2,1.0
pbxd,0,2,2,1.0
barrero,2,0,2,0.0
resultara,0,2,2,1.0
completli,0,2,2,1.0
acjddmh,0,2,2,1.0
csxwrssu,0,2,2,1.0
alnaca,0,2,2,1.0
nosebag,0,2,2,1.0
vpikl,0,2,2,1.0
supernaculum,0,2,2,1.0
avirtualshopp,0,2,2,1.0
familienmitgli,0,2,2,1.0
marysvil,0,2,2,1.0
steeper,2,0,2,0.0
sacre,0,2,2,1.0
myrightstimul,0,2,2,1.0
boisblanc,2,0,2,0.0
montenegro,1,1,2,0.5
palaeontolog,0,2,2,1.0
fiduciarycontact,0,2,2,1.0
cer,2,0,2,0.0
texracyclin,0,2,2,1.0
uttermost,0,2,2,1.0
kanz,0,2,2,1.0
penismaxx,0,2,2,1.0
conquista,0,2,2,1.0
dpens,0,2,2,1.0
dependentgirlish,0,2,2,1.0
hil,2,0,2,0.0
quickstat,0,2,2,1.0
sportkan,0,2,2,1.0
danilo,0,2,2,1.0
beyonfd,2,0,2,0.0
zdunkewicz,2,0,2,0.0
mkq,0,2,2,1.0
verdigri,2,0,2,0.0
linerboard,2,0,2,0.0
jqgtgrgmfqrftjtupstmtj,0,2,2,1.0
coldharden,0,2,2,1.0
standardag,0,2,2,1.0
warbl,0,2,2,1.0
icm,0,2,2,1.0
vitafood,0,2,2,1.0
qte,0,2,2,1.0
disbar,0,2,2,1.0
hrpsnd,0,2,2,1.0
hambeu,0,2,2,1.0
bombshel,2,0,2,0.0
cappuccino,0,2,2,1.0
quogu,0,2,2,1.0
anbieten,0,2,2,1.0
monocular,0,2,2,1.0
sinecur,2,0,2,0.0
groceteria,0,2,2,1.0
stocksmarket,0,2,2,1.0
queerest,0,2,2,1.0
buyin,2,0,2,0.0
cif,0,2,2,1.0
definio,0,2,2,1.0
unecessari,0,2,2,1.0
izzb,0,2,2,1.0
charlean,0,2,2,1.0
herrington,0,2,2,1.0
summitentgroup,0,2,2,1.0
treatyoakpress,2,0,2,0.0
ýþçý,0,2,2,1.0
antonioacm,0,2,2,1.0
xxxji,0,2,2,1.0
crossli,0,2,2,1.0
segurament,0,2,2,1.0
skierown,2,0,2,0.0
cemaat,0,2,2,1.0
howsoev,0,2,2,1.0
groen,1,1,2,0.5
considin,2,0,2,0.0
pimpwear,0,2,2,1.0
drivelin,2,0,2,0.0
gidip,0,2,2,1.0
snowflak,0,2,2,1.0
uorrmgbr,0,2,2,1.0
selachian,0,2,2,1.0
cjt,0,2,2,1.0
epoc,0,2,2,1.0
zapper,2,0,2,0.0
geladeira,0,2,2,1.0
tacomapubuit,2,0,2,0.0
dgourpxc,0,2,2,1.0
eprmconf,2,0,2,0.0
akpactz,0,2,2,1.0
hillegeist,2,0,2,0.0
haxlpt,0,2,2,1.0
enla,0,2,2,1.0
silencio,0,2,2,1.0
chromagraph,2,0,2,0.0
taciturnli,0,2,2,1.0
geassimileerd,0,2,2,1.0
gbagbo,0,2,2,1.0
acb,1,1,2,0.5
sitecrit,0,2,2,1.0
eebpqrb,0,2,2,1.0
ilgl,0,2,2,1.0
cialik,0,2,2,1.0
childreach,2,0,2,0.0
dinámica,0,2,2,1.0
inlclud,2,0,2,0.0
unzip,2,0,2,0.0
unb,0,2,2,1.0
smithvil,0,2,2,1.0
izzi,0,2,2,1.0
iekouqi,0,2,2,1.0
abovetelefax,0,2,2,1.0
anddistribut,0,2,2,1.0
gullien,2,0,2,0.0
eichestein,0,2,2,1.0
mjstft,0,2,2,1.0
clxoprb,0,2,2,1.0
issueag,0,2,2,1.0
rosita,0,2,2,1.0
amberhi,0,2,2,1.0
traza,0,2,2,1.0
hulkjr,0,2,2,1.0
contienen,0,2,2,1.0
ayl,0,2,2,1.0
reappear,1,1,2,0.5
irector,0,2,2,1.0
cosmodrom,0,2,2,1.0
jdasov,2,0,2,0.0
kotubumi,2,0,2,0.0
crossfad,0,2,2,1.0
anem,1,1,2,0.5
issuabl,2,0,2,0.0
ipwj,0,2,2,1.0
hellooo,0,2,2,1.0
porder,0,2,2,1.0
hrdh,0,2,2,1.0
danceclub,0,2,2,1.0
adida,0,2,2,1.0
cuma,0,2,2,1.0
pzgiowsa,0,2,2,1.0
bestqual,0,2,2,1.0
discoubt,0,2,2,1.0
maloy,2,0,2,0.0
verdecayman,0,2,2,1.0
tterfrmmxmia,0,2,2,1.0
latinoamrica,0,2,2,1.0
encephalit,0,2,2,1.0
mecanografiado,0,2,2,1.0
fnuhzffw,0,2,2,1.0
encomienda,0,2,2,1.0
cxkvjenju,0,2,2,1.0
gimlet,0,2,2,1.0
pillss,0,2,2,1.0
était,0,2,2,1.0
umbaugh,0,2,2,1.0
encl,0,2,2,1.0
refinhomeloan,0,2,2,1.0
lvswinjqgxlx,0,2,2,1.0
rebroadcast,1,1,2,0.5
udncegir,0,2,2,1.0
niego,2,0,2,0.0
inflo,2,0,2,0.0
fbdxq,2,0,2,0.0
anon,0,2,2,1.0
dbmbxmido,0,2,2,1.0
vfwd,0,2,2,1.0
bbtue,2,0,2,0.0
uuiht,0,2,2,1.0
fincher,2,0,2,0.0
ievvltra,0,2,2,1.0
wdpmpcsx,0,2,2,1.0
nationalit,0,2,2,1.0
varsha,2,0,2,0.0
migth,0,2,2,1.0
wstlladh,0,2,2,1.0
vkowcvmi,0,2,2,1.0
tomtom,0,2,2,1.0
einvertanden,0,2,2,1.0
mwrico,2,0,2,0.0
vásquez,0,2,2,1.0
nicelywhen,0,2,2,1.0
mappabl,0,2,2,1.0
kindersex,0,2,2,1.0
dxhbuxko,0,2,2,1.0
uncliam,0,2,2,1.0
kimmorrel,2,0,2,0.0
reneau,2,0,2,0.0
bacteraemia,0,2,2,1.0
matchlock,0,2,2,1.0
orlwn,0,2,2,1.0
sdghtw,0,2,2,1.0
hlz,0,2,2,1.0
insitut,2,0,2,0.0
addressnbsp,0,2,2,1.0
ocj,0,2,2,1.0
defvyx,0,2,2,1.0
unn,0,2,2,1.0
primi,0,2,2,1.0
gsfa,0,2,2,1.0
vgrlvyspztmckfulg,0,2,2,1.0
cwalker,2,0,2,0.0
cnw,2,0,2,0.0
artu,0,2,2,1.0
justr,0,2,2,1.0
lezen,0,2,2,1.0
extraído,0,2,2,1.0
belleza,0,2,2,1.0
hjjjwrl,0,2,2,1.0
secdey,0,2,2,1.0
ecetera,2,0,2,0.0
chee,2,0,2,0.0
qef,0,2,2,1.0
envirolin,0,2,2,1.0
koyi,0,2,2,1.0
cordialment,0,2,2,1.0
schchtern,0,2,2,1.0
quental,0,2,2,1.0
inevitableponc,0,2,2,1.0
ndpyqtheyraxqrvqe,0,2,2,1.0
mpion,0,2,2,1.0
raevnin,0,2,2,1.0
reservedbr,0,2,2,1.0
expediatrop,0,2,2,1.0
daithi,0,2,2,1.0
ecb,2,0,2,0.0
chatten,0,2,2,1.0
wass,2,0,2,0.0
pewien,2,0,2,0.0
tese,0,2,2,1.0
xaponax,0,2,2,1.0
restschuld,0,2,2,1.0
fession,0,2,2,1.0
ouagoudoug,0,2,2,1.0
zsoxlxkimg,0,2,2,1.0
saundri,0,2,2,1.0
etudi,0,2,2,1.0
avktla,0,2,2,1.0
rayoni,2,0,2,0.0
bavurmay,0,2,2,1.0
subir,1,1,2,0.5
fichero,0,2,2,1.0
vividli,2,0,2,0.0
transférer,0,2,2,1.0
donxfkan,0,2,2,1.0
marlyin,0,2,2,1.0
melang,0,2,2,1.0
qwabq,0,2,2,1.0
cornfloor,0,2,2,1.0
ndfkz,0,2,2,1.0
tillabl,0,2,2,1.0
mattersas,0,2,2,1.0
khobe,0,2,2,1.0
comcontato,0,2,2,1.0
carrozzo,2,0,2,0.0
miyxkvnl,0,2,2,1.0
sonesta,1,1,2,0.5
umpteenth,0,2,2,1.0
goodcrocgear,0,2,2,1.0
convencido,0,2,2,1.0
mhetor,0,2,2,1.0
laban,0,2,2,1.0
sitm,0,2,2,1.0
isothujonen,0,2,2,1.0
yxmezvhzu,0,2,2,1.0
vkx,0,2,2,1.0
fnlijq,0,2,2,1.0
investmentor,0,2,2,1.0
coheir,0,2,2,1.0
bunun,0,2,2,1.0
leonardsaguaro,0,2,2,1.0
eesbusinesscent,2,0,2,0.0
cengiz,2,0,2,0.0
aorr,2,0,2,0.0
wug,0,2,2,1.0
vorsichtig,0,2,2,1.0
ashlar,0,2,2,1.0
propagación,0,2,2,1.0
myhold,0,2,2,1.0
divulgação,0,2,2,1.0
drazga,2,0,2,0.0
horsier,0,2,2,1.0
cashel,2,0,2,0.0
identifizieren,0,2,2,1.0
elloelloello,0,2,2,1.0
secretarylatvia,0,2,2,1.0
øèë,0,2,2,1.0
kopieren,0,2,2,1.0
europlot,0,2,2,1.0
strictiy,0,2,2,1.0
hloy,0,2,2,1.0
asayegpbh,0,2,2,1.0
moneydon,0,2,2,1.0
udadza,2,0,2,0.0
cayco,2,0,2,0.0
lundel,2,0,2,0.0
jlowmkllynm,0,2,2,1.0
gigabitsquand,0,2,2,1.0
fatalist,2,0,2,0.0
kaster,2,0,2,0.0
europium,0,2,2,1.0
ipgsakoa,0,2,2,1.0
tororan,0,2,2,1.0
thec,0,2,2,1.0
gertz,2,0,2,0.0
masjien,0,2,2,1.0
tlb,0,2,2,1.0
usaon,0,2,2,1.0
ibidem,0,2,2,1.0
iut,0,2,2,1.0
claimfileso,0,2,2,1.0
tivi,0,2,2,1.0
bjfoysmvunbutuqk,0,2,2,1.0
azaim,0,2,2,1.0
asterman,2,0,2,0.0
adakcz,0,2,2,1.0
lopka,0,2,2,1.0
requesttremov,0,2,2,1.0
zoishzj,0,2,2,1.0
tyikjpgx,0,2,2,1.0
templet,2,0,2,0.0
npole,0,2,2,1.0
arama,0,2,2,1.0
deltoro,2,0,2,0.0
internescin,0,2,2,1.0
freemlmlead,0,2,2,1.0
fen,1,1,2,0.5
horasd,0,2,2,1.0
oguja,2,0,2,0.0
consensusclergi,0,2,2,1.0
storegv,0,2,2,1.0
envieno,0,2,2,1.0
louthan,2,0,2,0.0
wsodumrdd,0,2,2,1.0
dhadwal,2,0,2,0.0
gedcom,0,2,2,1.0
supportsenron,2,0,2,0.0
rkq,0,2,2,1.0
qaw,0,2,2,1.0
hallwood,2,0,2,0.0
niwest,0,2,2,1.0
bevorzugt,0,2,2,1.0
zfgnf,0,2,2,1.0
ccisol,2,0,2,0.0
cortislim,0,2,2,1.0
inquietud,0,2,2,1.0
easymoney,0,2,2,1.0
pkd,0,2,2,1.0
smoe,0,2,2,1.0
kmrisdnx,0,2,2,1.0
swingermatchusa,0,2,2,1.0
whiter,0,2,2,1.0
brrjmsbrodericko,0,2,2,1.0
catalogoen,0,2,2,1.0
transmeta,2,0,2,0.0
hexamet,0,2,2,1.0
tilth,0,2,2,1.0
devolp,2,0,2,0.0
espons,0,2,2,1.0
vorzunehmen,0,2,2,1.0
phrasesifor,0,2,2,1.0
alertprofil,0,2,2,1.0
patassé,0,2,2,1.0
kjkl,0,2,2,1.0
bonefid,0,2,2,1.0
wafnc,0,2,2,1.0
commissionair,0,2,2,1.0
sugaoka,2,0,2,0.0
privatseit,0,2,2,1.0
fnbcnet,0,2,2,1.0
docf,0,2,2,1.0
bienawski,2,0,2,0.0
sportster,2,0,2,0.0
cockrel,2,0,2,0.0
henchmen,0,2,2,1.0
türkiyenin,0,2,2,1.0
slapshot,2,0,2,0.0
endlich,0,2,2,1.0
amcxgketo,0,2,2,1.0
oficialesu,0,2,2,1.0
swafford,2,0,2,0.0
chipman,2,0,2,0.0
imagiix,0,2,2,1.0
qxamf,0,2,2,1.0
avali,1,1,2,0.5
nodigen,0,2,2,1.0
itson,0,2,2,1.0
tirb,0,2,2,1.0
goetzman,2,0,2,0.0
egavzv,0,2,2,1.0
vhuxntdgc,0,2,2,1.0
duffer,0,2,2,1.0
qgangch,0,2,2,1.0
amerb,2,0,2,0.0
titlelet,0,2,2,1.0
zfimgz,0,2,2,1.0
tudkapr,0,2,2,1.0
washdraw,0,2,2,1.0
lodgement,0,2,2,1.0
disbatch,2,0,2,0.0
individualist,1,1,2,0.5
anchoress,0,2,2,1.0
thnak,2,0,2,0.0
axantil,0,2,2,1.0
pochot,0,2,2,1.0
estoma,0,2,2,1.0
rimm,0,2,2,1.0
qimqwo,0,2,2,1.0
kraushaar,2,0,2,0.0
ksi,0,2,2,1.0
girozentral,2,0,2,0.0
compro,0,2,2,1.0
jackalltradejo,0,2,2,1.0
interprocess,0,2,2,1.0
çáìäçä,0,2,2,1.0
kfegdwwverzd,0,2,2,1.0
gordan,2,0,2,0.0
osdntextlink,0,2,2,1.0
lógica,0,2,2,1.0
verwilghen,0,2,2,1.0
horatiul,0,2,2,1.0
comopro,0,2,2,1.0
ransfer,0,2,2,1.0
wreadmeni,0,2,2,1.0
boner,0,2,2,1.0
epronet,2,0,2,0.0
história,0,2,2,1.0
voum,2,0,2,0.0
aiumni,0,2,2,1.0
srnjw,0,2,2,1.0
beprompt,0,2,2,1.0
ofm,0,2,2,1.0
ulo,0,2,2,1.0
qazrvg,0,2,2,1.0
confim,2,0,2,0.0
ebi,0,2,2,1.0
matriz,0,2,2,1.0
szk,0,2,2,1.0
dmvkjgtprytl,0,2,2,1.0
presionada,0,2,2,1.0
manugist,0,2,2,1.0
beratungen,0,2,2,1.0
wjz,0,2,2,1.0
hakk,0,2,2,1.0
tzjngyrtx,0,2,2,1.0
latha,2,0,2,0.0
positiv,0,2,2,1.0
massiveiexposur,0,2,2,1.0
aaghpdvvu,0,2,2,1.0
pugnac,0,2,2,1.0
stanch,1,1,2,0.5
helter,0,2,2,1.0
rabel,0,2,2,1.0
wrick,0,2,2,1.0
estale,2,0,2,0.0
farmmm,0,2,2,1.0
anemia,0,2,2,1.0
emiratesunit,0,2,2,1.0
herq,0,2,2,1.0
hdv,0,2,2,1.0
fiez,0,2,2,1.0
lazarowitz,2,0,2,0.0
viatic,0,2,2,1.0
laze,0,2,2,1.0
prescient,1,1,2,0.5
gccountri,0,2,2,1.0
nacchio,2,0,2,0.0
vmxwpz,0,2,2,1.0
sxt,0,2,2,1.0
trioxid,0,2,2,1.0
acfrequ,0,2,2,1.0
ostrip,2,0,2,0.0
sfhaomwbw,0,2,2,1.0
yomoi,0,2,2,1.0
artýk,0,2,2,1.0
lehew,2,0,2,0.0
pjgfewift,0,2,2,1.0
nussbaum,2,0,2,0.0
kyg,1,1,2,0.5
derosa,2,0,2,0.0
ltram,0,2,2,1.0
antitank,0,2,2,1.0
lipi,0,2,2,1.0
expresión,0,2,2,1.0
livin,0,2,2,1.0
interessiert,0,2,2,1.0
nonmarket,2,0,2,0.0
ouar,0,2,2,1.0
happend,0,2,2,1.0
comcancun,0,2,2,1.0
gerek,0,2,2,1.0
wrongdoer,0,2,2,1.0
nokesvil,2,0,2,0.0
sclerosisdoz,0,2,2,1.0
unman,2,0,2,0.0
serto,2,0,2,0.0
najaar,0,2,2,1.0
liabilti,0,2,2,1.0
astoundty,0,2,2,1.0
mcgough,2,0,2,0.0
skyway,0,2,2,1.0
chainsaw,2,0,2,0.0
crouton,2,0,2,0.0
lqvpn,0,2,2,1.0
navideña,0,2,2,1.0
baloutch,2,0,2,0.0
contextualizao,0,2,2,1.0
olpm,0,2,2,1.0
puplic,2,0,2,0.0
haujvzx,0,2,2,1.0
basado,0,2,2,1.0
timestoicismcool,0,2,2,1.0
beijng,2,0,2,0.0
khtfbpox,0,2,2,1.0
tortolero,2,0,2,0.0
pyu,0,2,2,1.0
kurz,0,2,2,1.0
dioro,0,2,2,1.0
parrti,0,2,2,1.0
haaaaaard,0,2,2,1.0
qrwzyyvp,0,2,2,1.0
hann,2,0,2,0.0
informationclick,0,2,2,1.0
jpmjlhylm,0,2,2,1.0
cashflo,0,2,2,1.0
mercruis,2,0,2,0.0
citelcom,0,2,2,1.0
litl,0,2,2,1.0
xci,0,2,2,1.0
uqbeki,0,2,2,1.0
tpk,0,2,2,1.0
jouney,2,0,2,0.0
clicktown,0,2,2,1.0
sfitfqoflj,0,2,2,1.0
bdt,2,0,2,0.0
efetu,0,2,2,1.0
antli,0,2,2,1.0
edgartown,0,2,2,1.0
rfmejycss,0,2,2,1.0
gittvva,0,2,2,1.0
ouledjlt,0,2,2,1.0
edgljfdvast,0,2,2,1.0
nibsalicia,0,2,2,1.0
kapiloff,2,0,2,0.0
andaddit,0,2,2,1.0
phloem,0,2,2,1.0
seadog,0,2,2,1.0
sqmix,0,2,2,1.0
casta,2,0,2,0.0
easterbrook,2,0,2,0.0
initialiy,0,2,2,1.0
rapt,0,2,2,1.0
kitakyushu,0,2,2,1.0
warit,0,2,2,1.0
socialist,1,1,2,0.5
noyola,0,2,2,1.0
devemo,0,2,2,1.0
sbyalgjwh,0,2,2,1.0
keed,0,2,2,1.0
drog,0,2,2,1.0
goxgtwbx,0,2,2,1.0
thown,2,0,2,0.0
hillenbrand,2,0,2,0.0
qveypm,0,2,2,1.0
añada,0,2,2,1.0
ihm,0,2,2,1.0
hayter,0,2,2,1.0
strona,2,0,2,0.0
dsod,0,2,2,1.0
iman,0,2,2,1.0
relav,2,0,2,0.0
digitalcolorpress,0,2,2,1.0
covcu,0,2,2,1.0
formalis,2,0,2,0.0
frieslawn,0,2,2,1.0
consultant,0,2,2,1.0
wwpl,0,2,2,1.0
luckybonu,0,2,2,1.0
ascl,0,2,2,1.0
scheur,2,0,2,0.0
premiuml,0,2,2,1.0
avenuemountain,0,2,2,1.0
cofer,2,0,2,0.0
önce,0,2,2,1.0
gunter,1,1,2,0.5
degistiriyoruz,0,2,2,1.0
sbzq,0,2,2,1.0
zcxdmwnp,0,2,2,1.0
geotherm,2,0,2,0.0
cinq,0,2,2,1.0
olbxqpr,0,2,2,1.0
lirejuven,0,2,2,1.0
gjvgllqfmqi,0,2,2,1.0
interpenetr,0,2,2,1.0
electricalengin,0,2,2,1.0
frowzi,0,2,2,1.0
accu,2,0,2,0.0
vooral,0,2,2,1.0
nailer,0,2,2,1.0
plemon,2,0,2,0.0
jybwgyay,0,2,2,1.0
valioso,0,2,2,1.0
distent,0,2,2,1.0
aniversario,0,2,2,1.0
spekuliert,0,2,2,1.0
dtofzwki,0,2,2,1.0
linkitsoftwar,0,2,2,1.0
strmenova,2,0,2,0.0
ribxn,0,2,2,1.0
devit,0,2,2,1.0
eklem,0,2,2,1.0
hrbl,0,2,2,1.0
sitzen,0,2,2,1.0
upwind,0,2,2,1.0
theiworld,0,2,2,1.0
unneccessari,2,0,2,0.0
imburs,1,1,2,0.5
deliveryy,0,2,2,1.0
inabilti,2,0,2,0.0
hopeeveryth,0,2,2,1.0
leonlai,0,2,2,1.0
dåtermin,0,2,2,1.0
nsqrxkcg,0,2,2,1.0
ýslâm,0,2,2,1.0
vfl,0,2,2,1.0
norminv,2,0,2,0.0
proccess,0,2,2,1.0
aldea,0,2,2,1.0
sted,0,2,2,1.0
hipgmpa,0,2,2,1.0
dzljvdzv,0,2,2,1.0
elektrowni,2,0,2,0.0
nmoguwf,0,2,2,1.0
tjabiabo,0,2,2,1.0
olind,2,0,2,0.0
hugevirtuousitem,0,2,2,1.0
kraszewski,2,0,2,0.0
swab,0,2,2,1.0
jtag,0,2,2,1.0
ashbi,2,0,2,0.0
moserarclength,0,2,2,1.0
lonelywif,0,2,2,1.0
ndsz,0,2,2,1.0
chritiana,0,2,2,1.0
ybgsaxgq,0,2,2,1.0
budow,2,0,2,0.0
xdqtp,0,2,2,1.0
pmp,0,2,2,1.0
severephobia,0,2,2,1.0
jyksr,0,2,2,1.0
lanesborough,2,0,2,0.0
nical,0,2,2,1.0
ijhptxixu,0,2,2,1.0
aircard,2,0,2,0.0
dostop,0,2,2,1.0
mergercnnfn,2,0,2,0.0
medwaftgood,0,2,2,1.0
gshomper,2,0,2,0.0
lhinson,2,0,2,0.0
wanogplhibr,0,2,2,1.0
gwn,0,2,2,1.0
icjidjdyy,0,2,2,1.0
komitetow,2,0,2,0.0
kxqkfxnm,0,2,2,1.0
quich,1,1,2,0.5
velveley,0,2,2,1.0
wpynsah,0,2,2,1.0
qmqp,0,2,2,1.0
deseas,0,2,2,1.0
jvnxfe,0,2,2,1.0
jvo,0,2,2,1.0
cuervo,0,2,2,1.0
icynen,0,2,2,1.0
sette,0,2,2,1.0
codepend,0,2,2,1.0
georgett,0,2,2,1.0
ignacioblanco,2,0,2,0.0
ihafo,0,2,2,1.0
mesoscal,2,0,2,0.0
investtlnggg,0,2,2,1.0
okinawa,0,2,2,1.0
viisag,2,0,2,0.0
mediterráneo,0,2,2,1.0
havn,0,2,2,1.0
erevesind,0,2,2,1.0
xbr,2,0,2,0.0
begini,0,2,2,1.0
algemeen,0,2,2,1.0
colson,2,0,2,0.0
bkst,0,2,2,1.0
aparato,0,2,2,1.0
cbphost,0,2,2,1.0
cybersitebuild,2,0,2,0.0
faintli,0,2,2,1.0
ihopeyoua,0,2,2,1.0
loansrefinancedebt,0,2,2,1.0
detaiccl,0,2,2,1.0
infrmtin,0,2,2,1.0
scottkuehn,2,0,2,0.0
yxw,0,2,2,1.0
claffi,2,0,2,0.0
robando,0,2,2,1.0
sro,0,2,2,1.0
qylxcsutb,0,2,2,1.0
fari,0,2,2,1.0
gyra,2,0,2,0.0
mjkrwg,0,2,2,1.0
powwow,0,2,2,1.0
hzakdsudj,0,2,2,1.0
fwcmnsxz,0,2,2,1.0
todavía,0,2,2,1.0
abeki,0,2,2,1.0
chevillon,0,2,2,1.0
shirkoff,2,0,2,0.0
mornng,1,1,2,0.5
pracujemi,2,0,2,0.0
rainforest,0,2,2,1.0
magereadi,0,2,2,1.0
lichenheaven,0,2,2,1.0
sugerimo,0,2,2,1.0
odbeda,2,0,2,0.0
notb,0,2,2,1.0
utz,0,2,2,1.0
wadlington,2,0,2,0.0
deparmentabbey,0,2,2,1.0
ijvvqt,0,2,2,1.0
rdxvywhsq,0,2,2,1.0
laywer,0,2,2,1.0
annapurna,0,2,2,1.0
smalicap,0,2,2,1.0
keton,0,2,2,1.0
père,0,2,2,1.0
veronneau,0,2,2,1.0
riabinin,0,2,2,1.0
lojista,0,2,2,1.0
enteckt,0,2,2,1.0
baix,0,2,2,1.0
isk,0,2,2,1.0
endereço,0,2,2,1.0
subway,1,1,2,0.5
barcod,0,2,2,1.0
undetect,0,2,2,1.0
imwcvsrhm,0,2,2,1.0
doença,0,2,2,1.0
belatedli,1,1,2,0.5
hizmetl,0,2,2,1.0
verano,0,2,2,1.0
medicatioon,0,2,2,1.0
klinger,2,0,2,0.0
workk,0,2,2,1.0
restriccion,0,2,2,1.0
conferenceop,0,2,2,1.0
finanasowa,2,0,2,0.0
antisoci,0,2,2,1.0
gortcxld,0,2,2,1.0
lnew,0,2,2,1.0
companionstep,0,2,2,1.0
slzqqd,0,2,2,1.0
hospedagem,0,2,2,1.0
mbpnn,0,2,2,1.0
moneycentr,2,0,2,0.0
fai,1,1,2,0.5
storin,2,0,2,0.0
jpeepl,2,0,2,0.0
mhk,2,0,2,0.0
programapara,0,2,2,1.0
nonconserv,0,2,2,1.0
aflod,0,2,2,1.0
itochu,2,0,2,0.0
lehundr,0,2,2,1.0
cosimo,2,0,2,0.0
jonesdaviso,0,2,2,1.0
zijdrpjmm,0,2,2,1.0
unitcorrpremium,2,0,2,0.0
introduccin,0,2,2,1.0
nqputdrkb,0,2,2,1.0
gcpd,2,0,2,0.0
colecta,0,2,2,1.0
mgl,1,1,2,0.5
czyli,2,0,2,0.0
srexdtf,0,2,2,1.0
kblhwzzxdggwu,0,2,2,1.0
aaraujo,0,2,2,1.0
xfnquvr,0,2,2,1.0
vernichten,0,2,2,1.0
phentryrmein,0,2,2,1.0
apprrov,0,2,2,1.0
theg,0,2,2,1.0
tappa,0,2,2,1.0
nepean,0,2,2,1.0
binnendringt,0,2,2,1.0
transferncia,0,2,2,1.0
senc,0,2,2,1.0
winer,0,2,2,1.0
okqpynv,0,2,2,1.0
munachim,0,2,2,1.0
lemkau,2,0,2,0.0
fiesco,0,2,2,1.0
mycorrhiz,0,2,2,1.0
ypur,2,0,2,0.0
evidenciar,0,2,2,1.0
puri,2,0,2,0.0
amselco,0,2,2,1.0
parrttti,0,2,2,1.0
dho,0,2,2,1.0
zjsbskve,0,2,2,1.0
gonlunc,0,2,2,1.0
subsea,2,0,2,0.0
hueter,2,0,2,0.0
gph,0,2,2,1.0
lenderscompet,0,2,2,1.0
ria,0,2,2,1.0
ambienpain,0,2,2,1.0
exceto,0,2,2,1.0
portalbuild,2,0,2,0.0
wbe,0,2,2,1.0
mmg,0,2,2,1.0
chromatioidea,0,2,2,1.0
sheiiafitzgerald,0,2,2,1.0
sule,0,2,2,1.0
ãä,0,2,2,1.0
guangxi,0,2,2,1.0
clover,0,2,2,1.0
schlong,0,2,2,1.0
eili,0,2,2,1.0
csh,0,2,2,1.0
vrmtk,0,2,2,1.0
docor,0,2,2,1.0
intércours,0,2,2,1.0
adzz,0,2,2,1.0
cinematographi,0,2,2,1.0
dnmkivado,0,2,2,1.0
dormanc,0,2,2,1.0
dhbeqyb,0,2,2,1.0
cortk,0,2,2,1.0
ffffc,0,2,2,1.0
worldpassag,0,2,2,1.0
highschoolalumni,2,0,2,0.0
speedomet,0,2,2,1.0
imil,2,0,2,0.0
gripsack,0,2,2,1.0
offamilywith,0,2,2,1.0
telepres,2,0,2,0.0
modernis,2,0,2,0.0
platinumadnetwork,0,2,2,1.0
aneur,0,2,2,1.0
lactifer,0,2,2,1.0
moneystart,0,2,2,1.0
infami,0,2,2,1.0
venturi,0,2,2,1.0
henan,0,2,2,1.0
spacestockcool,0,2,2,1.0
glosario,0,2,2,1.0
fqv,0,2,2,1.0
dzjkbj,0,2,2,1.0
tennet,2,0,2,0.0
urania,0,2,2,1.0
eeprom,0,2,2,1.0
qyusvt,0,2,2,1.0
kreigh,0,2,2,1.0
aguardando,0,2,2,1.0
grasim,2,0,2,0.0
yvghzt,0,2,2,1.0
humbolt,2,0,2,0.0
westel,2,0,2,0.0
orono,0,2,2,1.0
blowdamovi,0,2,2,1.0
aliaga,0,2,2,1.0
pontualidad,0,2,2,1.0
clalwrist,0,2,2,1.0
mtp,2,0,2,0.0
ahh,0,2,2,1.0
berwiesen,0,2,2,1.0
leggen,0,2,2,1.0
drauf,0,2,2,1.0
directnow,0,2,2,1.0
quickstep,0,2,2,1.0
shilp,0,2,2,1.0
contrareembolso,0,2,2,1.0
ykmncweg,0,2,2,1.0
sytem,1,1,2,0.5
islandcoco,0,2,2,1.0
eie,0,2,2,1.0
entspricht,0,2,2,1.0
hicham,2,0,2,0.0
batistich,0,2,2,1.0
rwv,0,2,2,1.0
maneira,0,2,2,1.0
willcom,0,2,2,1.0
aboitiz,2,0,2,0.0
downingm,2,0,2,0.0
xchc,0,2,2,1.0
unhealthyw,0,2,2,1.0
batanga,2,0,2,0.0
orchestrateatroci,0,2,2,1.0
spaghetti,0,2,2,1.0
bunlar,0,2,2,1.0
naturalgolden,0,2,2,1.0
medtyq,0,2,2,1.0
precisament,0,2,2,1.0
thehungersit,2,0,2,0.0
gelu,2,0,2,0.0
suppletori,0,2,2,1.0
possa,0,2,2,1.0
unshackl,0,2,2,1.0
vok,0,2,2,1.0
durhan,2,0,2,0.0
wwww,0,2,2,1.0
checkither,0,2,2,1.0
bacana,0,2,2,1.0
adenovector,0,2,2,1.0
wlowr,2,0,2,0.0
jobmast,0,2,2,1.0
squ,0,2,2,1.0
loci,0,2,2,1.0
definida,0,2,2,1.0
areanoth,0,2,2,1.0
szczegolni,2,0,2,0.0
debbie,0,2,2,1.0
humbug,0,2,2,1.0
arþý,0,2,2,1.0
sojorn,2,0,2,0.0
ewg,2,0,2,0.0
tncx,0,2,2,1.0
btinternet,2,0,2,0.0
offerid,0,2,2,1.0
informatii,0,2,2,1.0
uswest,2,0,2,0.0
lorazepam,0,2,2,1.0
rzezo,0,2,2,1.0
czlowiekiem,2,0,2,0.0
xlen,0,2,2,1.0
mittal,2,0,2,0.0
nasýnsýn,0,2,2,1.0
btheaker,2,0,2,0.0
demar,2,0,2,0.0
myaoegi,0,2,2,1.0
curbston,0,2,2,1.0
gezondheid,0,2,2,1.0
kowalski,0,2,2,1.0
ltra,0,2,2,1.0
gdybi,2,0,2,0.0
lorapo,0,2,2,1.0
bxjqlhgh,0,2,2,1.0
qlqmzuy,0,2,2,1.0
coralreef,2,0,2,0.0
gwpqu,2,0,2,0.0
ticai,0,2,2,1.0
dstower,2,0,2,0.0
toshop,0,2,2,1.0
bigdig,0,2,2,1.0
todayit,0,2,2,1.0
mayaconsulth,0,2,2,1.0
molecularli,0,2,2,1.0
stalert,0,2,2,1.0
conerston,2,0,2,0.0
tcdn,0,2,2,1.0
usenix,0,2,2,1.0
irbxij,0,2,2,1.0
nego,0,2,2,1.0
pageantbucol,0,2,2,1.0
rumen,0,2,2,1.0
airsh,0,2,2,1.0
cratch,0,2,2,1.0
bcap,2,0,2,0.0
refiinn,0,2,2,1.0
mmyeii,0,2,2,1.0
museo,0,2,2,1.0
matio,0,2,2,1.0
rabbom,0,2,2,1.0
organplay,0,2,2,1.0
cellutlit,0,2,2,1.0
testatrix,0,2,2,1.0
ytp,0,2,2,1.0
jeffsmirin,2,0,2,0.0
viaiogra,0,2,2,1.0
urit,0,2,2,1.0
bushveld,0,2,2,1.0
fqxq,0,2,2,1.0
sandblind,0,2,2,1.0
acquist,1,1,2,0.5
expresso,0,2,2,1.0
vclw,0,2,2,1.0
gfi,2,0,2,0.0
pnc,2,0,2,0.0
txixoxki,0,2,2,1.0
discountedherb,0,2,2,1.0
eisdorf,2,0,2,0.0
clix,0,2,2,1.0
cerdazlotterysa,0,2,2,1.0
fvx,0,2,2,1.0
leonardrado,0,2,2,1.0
vbm,0,2,2,1.0
ggsnov,0,2,2,1.0
lenwght,0,2,2,1.0
altamirano,0,2,2,1.0
shipchannel,2,0,2,0.0
muzoquixot,0,2,2,1.0
azdrg,0,2,2,1.0
peyou,0,2,2,1.0
historia,0,2,2,1.0
ezrati,2,0,2,0.0
tenasksa,2,0,2,0.0
locuto,0,2,2,1.0
macmenamin,2,0,2,0.0
ifi,2,0,2,0.0
irretriev,0,2,2,1.0
retrad,2,0,2,0.0
ymmdzvpfr,0,2,2,1.0
montt,0,2,2,1.0
shadowcrew,0,2,2,1.0
llodoyoust,0,2,2,1.0
nhh,0,2,2,1.0
capturemyinfo,0,2,2,1.0
segel,2,0,2,0.0
cannabilis,2,0,2,0.0
theinternet,0,2,2,1.0
biludcyjzhc,0,2,2,1.0
mensuel,0,2,2,1.0
ulitski,2,0,2,0.0
dendriform,0,2,2,1.0
removefactori,0,2,2,1.0
analect,0,2,2,1.0
tsxv,0,2,2,1.0
ujn,2,0,2,0.0
daaah,2,0,2,0.0
ilsp,0,2,2,1.0
shouldbeawareof,0,2,2,1.0
surepag,2,0,2,0.0
aqw,0,2,2,1.0
jacek,2,0,2,0.0
goerner,2,0,2,0.0
cdffff,0,2,2,1.0
coffeehous,0,2,2,1.0
achplhgrc,0,2,2,1.0
utilitiesl,0,2,2,1.0
domenicocollaps,0,2,2,1.0
krakoski,2,0,2,0.0
fundusz,2,0,2,0.0
xmdvazw,0,2,2,1.0
gouverneur,0,2,2,1.0
tita,1,1,2,0.5
cutsing,2,0,2,0.0
sugiero,0,2,2,1.0
infostaat,0,2,2,1.0
unshaken,0,2,2,1.0
naissanc,0,2,2,1.0
dziesiejszi,2,0,2,0.0
ceyhun,0,2,2,1.0
bmrt,0,2,2,1.0
cdl,0,2,2,1.0
owncen,0,2,2,1.0
uattitudetkx,0,2,2,1.0
quas,0,2,2,1.0
ewisdsbfe,0,2,2,1.0
luain,0,2,2,1.0
aratrma,0,2,2,1.0
tseng,2,0,2,0.0
manel,0,2,2,1.0
mmmm,2,0,2,0.0
logiciel,0,2,2,1.0
burghley,0,2,2,1.0
lfdwj,0,2,2,1.0
nxnhi,0,2,2,1.0
shiveley,2,0,2,0.0
hedi,2,0,2,0.0
esiear,0,2,2,1.0
antigo,0,2,2,1.0
higgl,0,2,2,1.0
tico,0,2,2,1.0
ykqlitl,0,2,2,1.0
dishonor,0,2,2,1.0
substandard,0,2,2,1.0
sapr,0,2,2,1.0
multiopl,0,2,2,1.0
uncommit,2,0,2,0.0
ndle,0,2,2,1.0
carburett,0,2,2,1.0
tameabl,0,2,2,1.0
giobaliy,0,2,2,1.0
agbpl,2,0,2,0.0
circuleert,0,2,2,1.0
porrúa,0,2,2,1.0
otrzymalem,2,0,2,0.0
respres,2,0,2,0.0
columbo,2,0,2,0.0
jalopi,0,2,2,1.0
torvec,0,2,2,1.0
andso,0,2,2,1.0
aiphras,0,2,2,1.0
mttrqc,0,2,2,1.0
aywmkweh,0,2,2,1.0
tipdtggz,2,0,2,0.0
kayýtlarýmýz,0,2,2,1.0
wqexlixw,0,2,2,1.0
mwt,2,0,2,0.0
hibernia,0,2,2,1.0
biomedicin,0,2,2,1.0
basher,0,2,2,1.0
umcp,2,0,2,0.0
cardigan,0,2,2,1.0
tyscsxrlz,0,2,2,1.0
weurdycp,0,2,2,1.0
szo,0,2,2,1.0
tuqdcd,0,2,2,1.0
aawesom,0,2,2,1.0
liti,0,2,2,1.0
pleaseigo,0,2,2,1.0
láser,0,2,2,1.0
spectra,0,2,2,1.0
kezdeseimiz,0,2,2,1.0
hrvoje,2,0,2,0.0
tkb,0,2,2,1.0
jznazwq,0,2,2,1.0
autopay,2,0,2,0.0
lmasupportizz,0,2,2,1.0
vwk,0,2,2,1.0
niello,0,2,2,1.0
suspensionatom,0,2,2,1.0
vhck,0,2,2,1.0
confidentialdr,0,2,2,1.0
themi,0,2,2,1.0
rqylo,0,2,2,1.0
hien,0,2,2,1.0
mlakel,2,0,2,0.0
wisrrpt,2,0,2,0.0
sahur,0,2,2,1.0
rjjn,0,2,2,1.0
azusa,0,2,2,1.0
httano,0,2,2,1.0
guilfoyl,0,2,2,1.0
erat,0,2,2,1.0
qrjluyzdcuzfu,0,2,2,1.0
techolog,2,0,2,0.0
ktqhzoklhdi,0,2,2,1.0
sinkhol,0,2,2,1.0
subsulphid,0,2,2,1.0
unrestructur,2,0,2,0.0
relo,2,0,2,0.0
catamarca,0,2,2,1.0
marhtadown,0,2,2,1.0
pdjcgf,0,2,2,1.0
zfqhmt,0,2,2,1.0
profes,0,2,2,1.0
htl,2,0,2,0.0
garmentsproduct,0,2,2,1.0
inglewood,0,2,2,1.0
regualr,2,0,2,0.0
rarer,1,1,2,0.5
znqk,0,2,2,1.0
wyo,2,0,2,0.0
verstehen,0,2,2,1.0
hewr,0,2,2,1.0
cortisol,0,2,2,1.0
glasnost,2,0,2,0.0
manguba,2,0,2,0.0
kiernan,2,0,2,0.0
itsani,0,2,2,1.0
eamil,0,2,2,1.0
ourjl,0,2,2,1.0
göre,0,2,2,1.0
verteil,0,2,2,1.0
khzspcuyp,0,2,2,1.0
azccwmqg,0,2,2,1.0
webmastgr,0,2,2,1.0
tantra,2,0,2,0.0
oarswomen,0,2,2,1.0
scoaway,0,2,2,1.0
garratt,2,0,2,0.0
iwantout,0,2,2,1.0
birkerey,0,2,2,1.0
faturasiz,0,2,2,1.0
brahma,0,2,2,1.0
ravtbxon,0,2,2,1.0
geneo,0,2,2,1.0
bcela,0,2,2,1.0
centerbrbrbr,0,2,2,1.0
münteharrahmeti,0,2,2,1.0
deberan,0,2,2,1.0
rivayetler,0,2,2,1.0
jjqb,0,2,2,1.0
vftraev,0,2,2,1.0
waster,2,0,2,0.0
pgcowiw,0,2,2,1.0
gcm,1,1,2,0.5
emthi,0,2,2,1.0
vaguer,0,2,2,1.0
plena,0,2,2,1.0
oyqkh,0,2,2,1.0
fluiditi,2,0,2,0.0
devali,2,0,2,0.0
lirestor,0,2,2,1.0
affilié,0,2,2,1.0
olick,2,0,2,0.0
ohw,0,2,2,1.0
venn,0,2,2,1.0
nwtqahlwiyehb,0,2,2,1.0
tjkecef,0,2,2,1.0
bcfisher,2,0,2,0.0
tmonk,2,0,2,0.0
lhnwudhem,0,2,2,1.0
byzrdpwwo,0,2,2,1.0
gathmann,2,0,2,0.0
buttonbasket,0,2,2,1.0
bilyeu,2,0,2,0.0
mbonc,0,2,2,1.0
empoisonné,0,2,2,1.0
ckv,0,2,2,1.0
salama,2,0,2,0.0
pson,2,0,2,0.0
harrrrd,0,2,2,1.0
afflatu,0,2,2,1.0
cshipbalish,0,2,2,1.0
enviro,2,0,2,0.0
kiuqi,0,2,2,1.0
berotik,0,2,2,1.0
znxfrf,0,2,2,1.0
czym,2,0,2,0.0
cayer,2,0,2,0.0
bvmyfsppn,0,2,2,1.0
fing,0,2,2,1.0
rucbvpsx,0,2,2,1.0
docent,0,2,2,1.0
sional,0,2,2,1.0
counterscarp,0,2,2,1.0
myloaniq,0,2,2,1.0
mtexcp,0,2,2,1.0
argentifer,0,2,2,1.0
hallein,0,2,2,1.0
reemphas,0,2,2,1.0
acarretar,0,2,2,1.0
markharri,2,0,2,0.0
carberri,0,2,2,1.0
weddiscreetgood,0,2,2,1.0
fiawiess,0,2,2,1.0
partnr,0,2,2,1.0
tennant,2,0,2,0.0
abogadotlmsn,0,2,2,1.0
fmol,0,2,2,1.0
cheif,1,1,2,0.5
espoeiur,0,2,2,1.0
unspoilt,0,2,2,1.0
eubsdjfedef,0,2,2,1.0
skilli,0,2,2,1.0
taak,0,2,2,1.0
measc,0,2,2,1.0
lqozhoj,0,2,2,1.0
foteo,0,2,2,1.0
uneduc,0,2,2,1.0
colectivo,0,2,2,1.0
umam,0,2,2,1.0
moczygemba,2,0,2,0.0
guidroz,2,0,2,0.0
jcyk,0,2,2,1.0
arcuat,0,2,2,1.0
peveri,0,2,2,1.0
unbutton,0,2,2,1.0
daiddîn,0,2,2,1.0
wouldbi,0,2,2,1.0
coitianta,0,2,2,1.0
niteroi,0,2,2,1.0
disench,2,0,2,0.0
iwn,0,2,2,1.0
cisekldej,0,2,2,1.0
artýrmamýzý,0,2,2,1.0
ýµø,0,2,2,1.0
artmarketinsight,0,2,2,1.0
mair,1,1,2,0.5
xxsdi,0,2,2,1.0
witherspoon,0,2,2,1.0
greatfin,0,2,2,1.0
sysq,0,2,2,1.0
zealotri,0,2,2,1.0
onyema,0,2,2,1.0
ëþ,0,2,2,1.0
bigcowboy,2,0,2,0.0
scoter,0,2,2,1.0
spicebush,0,2,2,1.0
multibiilion,0,2,2,1.0
xanaaxanti,0,2,2,1.0
deredon,0,2,2,1.0
guano,0,2,2,1.0
abook,2,0,2,0.0
lfg,0,2,2,1.0
ortaksat,0,2,2,1.0
abit,0,2,2,1.0
vbabeorit,0,2,2,1.0
maatregelen,0,2,2,1.0
cocw,0,2,2,1.0
passingbel,0,2,2,1.0
cil,0,2,2,1.0
ealli,0,2,2,1.0
chengyi,2,0,2,0.0
oylvp,0,2,2,1.0
timberlak,0,2,2,1.0
matronli,0,2,2,1.0
hziejiimq,0,2,2,1.0
newhm,0,2,2,1.0
jgvbrb,0,2,2,1.0
pncjnr,0,2,2,1.0
cholc,0,2,2,1.0
mariexxgeorgesl,0,2,2,1.0
velez,0,2,2,1.0
epgradu,0,2,2,1.0
bernardmcarthi,0,2,2,1.0
mckendre,2,0,2,0.0
testp,2,0,2,0.0
candidi,2,0,2,0.0
irina,2,0,2,0.0
erwidern,0,2,2,1.0
presenteso,0,2,2,1.0
leypd,0,2,2,1.0
faithless,0,2,2,1.0
effem,2,0,2,0.0
frayser,0,2,2,1.0
tgrnuie,0,2,2,1.0
gsla,0,2,2,1.0
mireya,2,0,2,0.0
waitt,0,2,2,1.0
chihuahua,2,0,2,0.0
purl,0,2,2,1.0
skeller,0,2,2,1.0
sebepler,0,2,2,1.0
interdecad,2,0,2,0.0
loteri,0,2,2,1.0
pinspott,0,2,2,1.0
sfd,0,2,2,1.0
reba,1,1,2,0.5
disasterrelief,0,2,2,1.0
sbwl,0,2,2,1.0
needsom,0,2,2,1.0
katemiddl,2,0,2,0.0
zheiyong,2,0,2,0.0
fukien,0,2,2,1.0
branson,1,1,2,0.5
stepchild,0,2,2,1.0
uoregon,2,0,2,0.0
ejacculaton,0,2,2,1.0
aracelishammond,0,2,2,1.0
fabricant,0,2,2,1.0
bhpb,0,2,2,1.0
existncia,0,2,2,1.0
dxc,0,2,2,1.0
perret,2,0,2,0.0
scrollbar,0,2,2,1.0
textr,0,2,2,1.0
viajó,0,2,2,1.0
weekago,0,2,2,1.0
soldout,1,1,2,0.5
stickbuilt,2,0,2,0.0
emocionant,0,2,2,1.0
charlatan,0,2,2,1.0
iliff,2,0,2,0.0
getestet,0,2,2,1.0
frai,0,2,2,1.0
sobi,2,0,2,0.0
tscintroduc,0,2,2,1.0
jorgensen,0,2,2,1.0
sneaker,0,2,2,1.0
thpdkkodrh,0,2,2,1.0
ayoung,0,2,2,1.0
favori,0,2,2,1.0
qaxqbrl,0,2,2,1.0
pagara,0,2,2,1.0
belfi,2,0,2,0.0
denhardt,2,0,2,0.0
intom,2,0,2,0.0
conchoid,0,2,2,1.0
tykyoehruxovzfryt,0,2,2,1.0
kaffir,0,2,2,1.0
insbuy,0,2,2,1.0
canavan,2,0,2,0.0
weacybymail,0,2,2,1.0
mcclennan,2,0,2,0.0
tdc,0,2,2,1.0
papr,0,2,2,1.0
vloxx,0,2,2,1.0
zunf,0,2,2,1.0
khrsjmb,0,2,2,1.0
expres,0,2,2,1.0
regressa,0,2,2,1.0
crohn,0,2,2,1.0
stoxx,2,0,2,0.0
xpect,0,2,2,1.0
estratégicana,0,2,2,1.0
flugzeug,0,2,2,1.0
oiqusb,0,2,2,1.0
handheldmedr,0,2,2,1.0
kuhvzhfdm,0,2,2,1.0
zllficbr,0,2,2,1.0
cazcnd,0,2,2,1.0
soweto,0,2,2,1.0
breakthroughy,0,2,2,1.0
friedland,0,2,2,1.0
jpflm,0,2,2,1.0
gormen,0,2,2,1.0
gmmck,0,2,2,1.0
dwomwz,0,2,2,1.0
pensioenen,0,2,2,1.0
knowwn,0,2,2,1.0
formip,0,2,2,1.0
ohi,0,2,2,1.0
uqtnnuqa,0,2,2,1.0
criscent,0,2,2,1.0
islandnorthern,0,2,2,1.0
jorey,0,2,2,1.0
intelligencecl,0,2,2,1.0
bppm,0,2,2,1.0
ungültig,0,2,2,1.0
healthypractic,0,2,2,1.0
espetacular,0,2,2,1.0
frontrunn,2,0,2,0.0
gallerybord,0,2,2,1.0
cato,2,0,2,0.0
mhjxmo,0,2,2,1.0
processu,0,2,2,1.0
unnmet,2,0,2,0.0
bcqqf,0,2,2,1.0
availabal,0,2,2,1.0
bollen,0,2,2,1.0
vli,0,2,2,1.0
imprens,0,2,2,1.0
sipa,0,2,2,1.0
olacaðýna,0,2,2,1.0
erbrick,2,0,2,0.0
fucmjjx,0,2,2,1.0
daat,1,1,2,0.5
volount,2,0,2,0.0
tierney,2,0,2,0.0
debenon,2,0,2,0.0
eresma,0,2,2,1.0
seguchi,2,0,2,0.0
joost,1,1,2,0.5
referralwar,0,2,2,1.0
hippocr,0,2,2,1.0
eircom,0,2,2,1.0
schlein,2,0,2,0.0
glória,0,2,2,1.0
northstar,0,2,2,1.0
dowacn,0,2,2,1.0
lghz,2,0,2,0.0
vlaam,0,2,2,1.0
ntabul,0,2,2,1.0
kfhefkdn,0,2,2,1.0
savethem,0,2,2,1.0
utiltii,2,0,2,0.0
hwyuai,0,2,2,1.0
gji,0,2,2,1.0
kzwliszxo,0,2,2,1.0
acsi,0,2,2,1.0
superson,2,0,2,0.0
sgxhmxevi,0,2,2,1.0
kainantu,0,2,2,1.0
banderol,0,2,2,1.0
thefr,0,2,2,1.0
raymundo,1,1,2,0.5
apicultur,0,2,2,1.0
whitecas,2,0,2,0.0
freebonu,0,2,2,1.0
gallipot,0,2,2,1.0
casella,2,0,2,0.0
dingmann,2,0,2,0.0
ybuaw,0,2,2,1.0
jshui,0,2,2,1.0
ncusif,1,1,2,0.5
falss,0,2,2,1.0
myrtic,0,2,2,1.0
liberarlo,0,2,2,1.0
macbarron,2,0,2,0.0
duf,0,2,2,1.0
ebufhbr,0,2,2,1.0
moderndrugstor,0,2,2,1.0
heue,0,2,2,1.0
beschlagnahm,0,2,2,1.0
sendto,0,2,2,1.0
geadc,0,2,2,1.0
maubev,0,2,2,1.0
nummern,0,2,2,1.0
lycra,1,1,2,0.5
riemann,0,2,2,1.0
survellainc,0,2,2,1.0
fuamrther,0,2,2,1.0
consigu,0,2,2,1.0
glossolalia,0,2,2,1.0
eyewat,0,2,2,1.0
nwzafkg,0,2,2,1.0
luvvin,0,2,2,1.0
ulysseswarn,0,2,2,1.0
wwii,2,0,2,0.0
fournai,0,2,2,1.0
abubakar,0,2,2,1.0
cve,0,2,2,1.0
reali,0,2,2,1.0
foawwo,0,2,2,1.0
moew,0,2,2,1.0
nortonsystemwork,0,2,2,1.0
tenaglia,0,2,2,1.0
hematolog,0,2,2,1.0
inveter,0,2,2,1.0
nicechoic,0,2,2,1.0
sustenol,0,2,2,1.0
nmuahf,0,2,2,1.0
bestemmel,0,2,2,1.0
configurado,0,2,2,1.0
thewhol,0,2,2,1.0
sashay,0,2,2,1.0
xania,0,2,2,1.0
paternot,2,0,2,0.0
rvp,0,2,2,1.0
zoellick,2,0,2,0.0
nagali,2,0,2,0.0
sheaffer,2,0,2,0.0
almight,0,2,2,1.0
zawinski,0,2,2,1.0
nalu,0,2,2,1.0
invitación,0,2,2,1.0
gravesid,0,2,2,1.0
wsq,0,2,2,1.0
meerder,0,2,2,1.0
awsom,0,2,2,1.0
ymw,0,2,2,1.0
lifebelt,0,2,2,1.0
myosin,0,2,2,1.0
ezio,0,2,2,1.0
chechnya,0,2,2,1.0
kava,0,2,2,1.0
prescriptionqdrug,0,2,2,1.0
teleview,0,2,2,1.0
okerek,0,2,2,1.0
nistett,2,0,2,0.0
hairmagicinfo,0,2,2,1.0
mdicton,0,2,2,1.0
barnbi,0,2,2,1.0
wuypux,0,2,2,1.0
phraseolog,0,2,2,1.0
anyor,0,2,2,1.0
energetyka,2,0,2,0.0
dafl,0,2,2,1.0
ipanama,0,2,2,1.0
sqlcare,0,2,2,1.0
cfilly,0,2,2,1.0
useagain,0,2,2,1.0
arnhild,2,0,2,0.0
vanulden,2,0,2,0.0
fss,2,0,2,0.0
roumanian,0,2,2,1.0
xwuburzq,0,2,2,1.0
anot,0,2,2,1.0
ctbc,0,2,2,1.0
vyegfi,0,2,2,1.0
adesivo,0,2,2,1.0
bebê,0,2,2,1.0
modicum,0,2,2,1.0
shopwelcom,0,2,2,1.0
valíum,0,2,2,1.0
rpqwzmqye,0,2,2,1.0
pneumatiolog,0,2,2,1.0
gunlerind,0,2,2,1.0
carbonara,2,0,2,0.0
uitbat,0,2,2,1.0
sanderl,0,2,2,1.0
mxhhzr,0,2,2,1.0
bzwebjour,0,2,2,1.0
urxatf,0,2,2,1.0
vmbalifc,0,2,2,1.0
watcwq,0,2,2,1.0
lauraie,0,2,2,1.0
comunica,0,2,2,1.0
zmsx,0,2,2,1.0
fbttcompat,0,2,2,1.0
exced,0,2,2,1.0
thefund,0,2,2,1.0
kolegow,2,0,2,0.0
superett,0,2,2,1.0
riedel,2,0,2,0.0
lottonet,0,2,2,1.0
perantoni,0,2,2,1.0
powercdr,0,2,2,1.0
schecter,0,2,2,1.0
someirr,0,2,2,1.0
itsnorm,0,2,2,1.0
underplay,0,2,2,1.0
vcwnh,0,2,2,1.0
poiymetal,0,2,2,1.0
aquélla,0,2,2,1.0
poetzsch,0,2,2,1.0
ehemmiyeti,0,2,2,1.0
rosenkopf,2,0,2,0.0
carismtico,0,2,2,1.0
spikesdowjon,2,0,2,0.0
ceeuk,0,2,2,1.0
rrealli,0,2,2,1.0
alin,0,2,2,1.0
tresuri,0,2,2,1.0
wanteth,0,2,2,1.0
licyrhnho,0,2,2,1.0
lebrex,0,2,2,1.0
zgpkkk,0,2,2,1.0
jsoward,2,0,2,0.0
oucfvubji,0,2,2,1.0
selfheal,0,2,2,1.0
raavlcwn,0,2,2,1.0
onll,0,2,2,1.0
hurosot,0,2,2,1.0
simenstad,2,0,2,0.0
viagria,0,2,2,1.0
stefanveronica,0,2,2,1.0
donnamarto,0,2,2,1.0
murinu,0,2,2,1.0
sephg,0,2,2,1.0
inthenew,2,0,2,0.0
lvzualvqxz,0,2,2,1.0
dsrv,0,2,2,1.0
termsdebt,0,2,2,1.0
rnsirpyg,0,2,2,1.0
xtddm,0,2,2,1.0
untoward,2,0,2,0.0
reforest,0,2,2,1.0
nlinecan,0,2,2,1.0
broiler,1,1,2,0.5
speculatlv,0,2,2,1.0
disus,0,2,2,1.0
completar,0,2,2,1.0
kadir,0,2,2,1.0
zulxjbcgsxytlwgq,0,2,2,1.0
pathcan,0,2,2,1.0
frn,2,0,2,0.0
pzt,0,2,2,1.0
hsbcib,2,0,2,0.0
kjomkaasc,0,2,2,1.0
ckg,0,2,2,1.0
timex,0,2,2,1.0
clickpapa,2,0,2,0.0
pourriez,0,2,2,1.0
coventryvil,2,0,2,0.0
pknkn,0,2,2,1.0
lorber,2,0,2,0.0
sumof,0,2,2,1.0
alump,0,2,2,1.0
shirakawa,2,0,2,0.0
sosa,1,1,2,0.5
geehter,0,2,2,1.0
megret,0,2,2,1.0
µâóï,0,2,2,1.0
gerhart,0,2,2,1.0
seguenti,0,2,2,1.0
stuebner,2,0,2,0.0
hoari,0,2,2,1.0
whoso,0,2,2,1.0
implementada,0,2,2,1.0
snailmail,0,2,2,1.0
snohomish,2,0,2,0.0
cobank,2,0,2,0.0
altmost,0,2,2,1.0
phram,0,2,2,1.0
fiberglass,0,2,2,1.0
permitiendo,0,2,2,1.0
adb,0,2,2,1.0
xghw,0,2,2,1.0
mbertozzi,0,2,2,1.0
ndwxjuvroti,0,2,2,1.0
moloney,0,2,2,1.0
jcrvifgwhtyqgvuv,0,2,2,1.0
bcknriplcajq,0,2,2,1.0
clementz,2,0,2,0.0
woodgrous,0,2,2,1.0
recebimento,0,2,2,1.0
efilt,0,2,2,1.0
commsco,0,2,2,1.0
pgxbexwd,0,2,2,1.0
ligt,0,2,2,1.0
yanna,2,0,2,0.0
spazio,0,2,2,1.0
demeanor,0,2,2,1.0
ngwellha,0,2,2,1.0
nula,0,2,2,1.0
ytv,0,2,2,1.0
communist,1,1,2,0.5
anaccount,0,2,2,1.0
gnfiy,0,2,2,1.0
aprendida,0,2,2,1.0
degear,2,0,2,0.0
transactjion,0,2,2,1.0
uzmtboord,0,2,2,1.0
busyb,0,2,2,1.0
machina,0,2,2,1.0
hmm,0,2,2,1.0
kljglaetu,0,2,2,1.0
dahbol,2,0,2,0.0
calanada,0,2,2,1.0
ixxtd,0,2,2,1.0
yourshop,0,2,2,1.0
zeebrugg,2,0,2,0.0
statesid,2,0,2,0.0
marcelino,0,2,2,1.0
stoler,2,0,2,0.0
niedernjesa,0,2,2,1.0
carphon,2,0,2,0.0
jmrnym,0,2,2,1.0
sharpshoot,1,1,2,0.5
bankow,2,0,2,0.0
mision,0,2,2,1.0
vikram,2,0,2,0.0
rejlp,0,2,2,1.0
nbibb,0,2,2,1.0
norfioxacin,0,2,2,1.0
lginiz,0,2,2,1.0
detai,0,2,2,1.0
naywvqhil,0,2,2,1.0
hovel,0,2,2,1.0
afio,0,2,2,1.0
disso,0,2,2,1.0
motlpion,0,2,2,1.0
combopt,2,0,2,0.0
millet,0,2,2,1.0
dbg,0,2,2,1.0
outagepricingo,2,0,2,0.0
preson,2,0,2,0.0
knntest,0,2,2,1.0
dfywa,0,2,2,1.0
ewxq,0,2,2,1.0
josefin,0,2,2,1.0
ldupnr,0,2,2,1.0
kdxrzckombniw,0,2,2,1.0
spamrul,0,2,2,1.0
overween,0,2,2,1.0
aworreschk,0,2,2,1.0
edv,0,2,2,1.0
brotherffffa,0,2,2,1.0
gastriti,0,2,2,1.0
sjxmu,0,2,2,1.0
wpsenergi,2,0,2,0.0
tudidrkttrmovn,0,2,2,1.0
unsown,0,2,2,1.0
leana,0,2,2,1.0
ystem,0,2,2,1.0
weekiy,0,2,2,1.0
fxl,0,2,2,1.0
censer,0,2,2,1.0
blee,0,2,2,1.0
kinglet,0,2,2,1.0
vass,2,0,2,0.0
fija,0,2,2,1.0
datenschutzssystem,0,2,2,1.0
abbett,2,0,2,0.0
dotlopez,0,2,2,1.0
pnhlqv,0,2,2,1.0
neededformor,0,2,2,1.0
consultora,0,2,2,1.0
amuc,0,2,2,1.0
hula,1,1,2,0.5
polyurethan,0,2,2,1.0
jenn,2,0,2,0.0
gidilir,0,2,2,1.0
lockerbi,0,2,2,1.0
investex,2,0,2,0.0
emxc,0,2,2,1.0
zbmz,0,2,2,1.0
nbkyuevn,0,2,2,1.0
assocham,2,0,2,0.0
footbail,0,2,2,1.0
complejo,0,2,2,1.0
kopi,1,1,2,0.5
aiten,0,2,2,1.0
lynex,0,2,2,1.0
georgeti,0,2,2,1.0
fyl,2,0,2,0.0
enrgistr,0,2,2,1.0
bybtb,0,2,2,1.0
prickelt,0,2,2,1.0
viuq,0,2,2,1.0
leopoldo,0,2,2,1.0
dplace,0,2,2,1.0
entgehen,0,2,2,1.0
usor,0,2,2,1.0
biren,2,0,2,0.0
coccage,0,2,2,1.0
loanhelpamerica,0,2,2,1.0
jcztcme,0,2,2,1.0
kesiminin,0,2,2,1.0
regar,0,2,2,1.0
theuk,0,2,2,1.0
ondernemingszin,0,2,2,1.0
rah,1,1,2,0.5
sichuan,1,1,2,0.5
pml,1,1,2,0.5
amfivuayunmbm,0,2,2,1.0
dualar,0,2,2,1.0
messroom,0,2,2,1.0
recif,0,2,2,1.0
realizando,0,2,2,1.0
todzay,0,2,2,1.0
consulteno,0,2,2,1.0
trpwfgiwgsew,0,2,2,1.0
centerfold,0,2,2,1.0
bikookdbp,0,2,2,1.0
günü,0,2,2,1.0
intraocular,0,2,2,1.0
þikayetlerinizi,0,2,2,1.0
oilandgasremov,0,2,2,1.0
tdrop,0,2,2,1.0
rosh,0,2,2,1.0
druckerpatronen,0,2,2,1.0
knxkfmhw,0,2,2,1.0
rrni,0,2,2,1.0
cpug,0,2,2,1.0
annlmtgjam,2,0,2,0.0
cfmabac,0,2,2,1.0
hichina,0,2,2,1.0
nyegaard,2,0,2,0.0
cyberson,0,2,2,1.0
jjw,2,0,2,0.0
whet,0,2,2,1.0
nerd,1,1,2,0.5
kofax,1,1,2,0.5
jeopardexcret,0,2,2,1.0
recoat,2,0,2,0.0
zambia,0,2,2,1.0
lochnessclansman,0,2,2,1.0
antonioantoniomc,0,2,2,1.0
ftajez,0,2,2,1.0
xcspjp,0,2,2,1.0
rsharp,0,2,2,1.0
kalmyk,0,2,2,1.0
lovverpric,0,2,2,1.0
hree,0,2,2,1.0
jgrushkin,2,0,2,0.0
xcv,0,2,2,1.0
marto,0,2,2,1.0
curle,2,0,2,0.0
piyush,2,0,2,0.0
wtkwyuvm,0,2,2,1.0
gcljc,0,2,2,1.0
cheven,0,2,2,1.0
wiill,0,2,2,1.0
telegen,0,2,2,1.0
statuesqu,0,2,2,1.0
sirinart,2,0,2,0.0
taggart,2,0,2,0.0
rclamer,0,2,2,1.0
ghettoinroad,0,2,2,1.0
lakehurst,0,2,2,1.0
qbbcpryhrv,0,2,2,1.0
matriculars,0,2,2,1.0
aobnd,0,2,2,1.0
grabarla,0,2,2,1.0
mahayanist,0,2,2,1.0
granada,0,2,2,1.0
gena,0,2,2,1.0
jmccormick,2,0,2,0.0
seamstress,0,2,2,1.0
alesha,0,2,2,1.0
metrocal,0,2,2,1.0
ymk,0,2,2,1.0
deparrtment,2,0,2,0.0
ausländisch,0,2,2,1.0
receivership,0,2,2,1.0
demytholog,0,2,2,1.0
manuelokol,0,2,2,1.0
bayrou,0,2,2,1.0
splenectomi,0,2,2,1.0
mmk,2,0,2,0.0
mrobert,2,0,2,0.0
intermideari,2,0,2,0.0
indefin,0,2,2,1.0
topdiploma,0,2,2,1.0
dhartl,2,0,2,0.0
widacki,2,0,2,0.0
iakw,2,0,2,0.0
shimaguni,0,2,2,1.0
sumac,0,2,2,1.0
infosttloterij,0,2,2,1.0
lsitzourlsh,0,2,2,1.0
bacchan,0,2,2,1.0
ebpa,2,0,2,0.0
pltpwtmnpsgd,0,2,2,1.0
yomogida,2,0,2,0.0
ozqfwbqmxcwjpwi,0,2,2,1.0
athttp,0,2,2,1.0
toung,0,2,2,1.0
verebilirsiniz,0,2,2,1.0
hizipp,0,2,2,1.0
efo,2,0,2,0.0
hallow,0,2,2,1.0
rnb,0,2,2,1.0
elitech,0,2,2,1.0
rical,0,2,2,1.0
scabiou,0,2,2,1.0
arzt,0,2,2,1.0
omdfrdec,0,2,2,1.0
maila,2,0,2,0.0
goldlead,0,2,2,1.0
xcap,2,0,2,0.0
urbanizado,0,2,2,1.0
abcol,0,2,2,1.0
saksham,0,2,2,1.0
dynasolv,0,2,2,1.0
gbplb,2,0,2,0.0
chevondra,2,0,2,0.0
pavetto,2,0,2,0.0
kasadeespana,0,2,2,1.0
tiation,0,2,2,1.0
sierraleon,0,2,2,1.0
hardrco,0,2,2,1.0
aonp,0,2,2,1.0
garruto,2,0,2,0.0
mimosa,1,1,2,0.5
xrcse,0,2,2,1.0
bvh,0,2,2,1.0
makansi,2,0,2,0.0
requerimi,0,2,2,1.0
retirada,0,2,2,1.0
nojqm,0,2,2,1.0
prscrptin,0,2,2,1.0
scso,0,2,2,1.0
undervigil,2,0,2,0.0
tetm,0,2,2,1.0
iuxkkjbl,0,2,2,1.0
bbbbb,0,2,2,1.0
materialss,0,2,2,1.0
veulent,0,2,2,1.0
alleytheatr,2,0,2,0.0
trafficyoursit,0,2,2,1.0
makosa,0,2,2,1.0
rahmeti,0,2,2,1.0
wealthbuild,0,2,2,1.0
guardsmen,0,2,2,1.0
expresway,0,2,2,1.0
prossen,0,2,2,1.0
wuerd,2,0,2,0.0
kerîm,0,2,2,1.0
owain,2,0,2,0.0
yogurt,0,2,2,1.0
annmari,2,0,2,0.0
checkthi,0,2,2,1.0
flyin,0,2,2,1.0
busine,0,2,2,1.0
jcghxn,0,2,2,1.0
xddurc,0,2,2,1.0
ldupmi,0,2,2,1.0
jsi,0,2,2,1.0
mcleroy,2,0,2,0.0
handm,0,2,2,1.0
pprice,0,2,2,1.0
vbdmjgilfcvx,0,2,2,1.0
hins,0,2,2,1.0
hcdc,0,2,2,1.0
hauch,0,2,2,1.0
yfeggjui,0,2,2,1.0
ljpl,0,2,2,1.0
ikpufrb,0,2,2,1.0
varenukha,0,2,2,1.0
pjuer,0,2,2,1.0
zve,0,2,2,1.0
jazzment,0,2,2,1.0
quimioterapia,0,2,2,1.0
aroung,2,0,2,0.0
onlinegam,0,2,2,1.0
okunduktan,0,2,2,1.0
epryb,0,2,2,1.0
pgc,2,0,2,0.0
aehnlich,0,2,2,1.0
joana,2,0,2,0.0
telewest,2,0,2,0.0
leomic,0,2,2,1.0
mcptjrvi,0,2,2,1.0
przesylc,2,0,2,0.0
filelett,0,2,2,1.0
androutsopoulo,0,2,2,1.0
eeim,2,0,2,0.0
viabilizar,0,2,2,1.0
mybizzpro,0,2,2,1.0
átre,0,2,2,1.0
dyv,0,2,2,1.0
haciendo,0,2,2,1.0
waterag,0,2,2,1.0
spearsua,0,2,2,1.0
tidsm,0,2,2,1.0
verdiðimiz,0,2,2,1.0
ivzbp,0,2,2,1.0
przygotowywalismi,2,0,2,0.0
rnr,0,2,2,1.0
handat,0,2,2,1.0
rdhwvc,0,2,2,1.0
pardo,2,0,2,0.0
riveria,2,0,2,0.0
occ,2,0,2,0.0
qzpcjhvuf,0,2,2,1.0
pka,0,2,2,1.0
ectua,0,2,2,1.0
aragat,0,2,2,1.0
vmh,0,2,2,1.0
stouchston,2,0,2,0.0
kdned,0,2,2,1.0
cyuh,0,2,2,1.0
molsen,2,0,2,0.0
crianasao,0,2,2,1.0
phpgoodby,0,2,2,1.0
hinsch,2,0,2,0.0
pzzaj,0,2,2,1.0
dragana,2,0,2,0.0
geturdear,0,2,2,1.0
fountainhead,0,2,2,1.0
pcondazp,0,2,2,1.0
joeoti,0,2,2,1.0
asq,0,2,2,1.0
lioniz,2,0,2,0.0
plferreira,0,2,2,1.0
mensal,0,2,2,1.0
lieberman,1,1,2,0.5
anchorofsalv,0,2,2,1.0
serratiopeptidas,0,2,2,1.0
llcmszu,0,2,2,1.0
snowpack,2,0,2,0.0
mcchane,2,0,2,0.0
asookoro,0,2,2,1.0
againto,0,2,2,1.0
glwkmnmgr,0,2,2,1.0
uber,0,2,2,1.0
fifthdimensionrx,0,2,2,1.0
someoth,0,2,2,1.0
euo,0,2,2,1.0
trsut,0,2,2,1.0
lgg,2,0,2,0.0
brklcqr,0,2,2,1.0
treet,0,2,2,1.0
gqgcsa,0,2,2,1.0
litman,2,0,2,0.0
myaol,2,0,2,0.0
grdk,0,2,2,1.0
acercars,0,2,2,1.0
conformit,0,2,2,1.0
linkman,0,2,2,1.0
musu,0,2,2,1.0
daliney,2,0,2,0.0
hoon,2,0,2,0.0
iukswgfo,0,2,2,1.0
silicif,0,2,2,1.0
stmia,0,2,2,1.0
civilli,0,2,2,1.0
plasr,0,2,2,1.0
gmprescott,2,0,2,0.0
aashqcsni,0,2,2,1.0
prodefensa,0,2,2,1.0
bulawa,0,2,2,1.0
kiloton,0,2,2,1.0
indici,2,0,2,0.0
pinn,0,2,2,1.0
dailynew,1,1,2,0.5
cheapestrxm,0,2,2,1.0
dzn,0,2,2,1.0
spraw,2,0,2,0.0
sociaal,0,2,2,1.0
toujour,0,2,2,1.0
allahumm,0,2,2,1.0
redao,0,2,2,1.0
xcvlm,0,2,2,1.0
pouch,0,2,2,1.0
pettu,2,0,2,0.0
minestron,0,2,2,1.0
shad,0,2,2,1.0
saserf,0,2,2,1.0
asmnxvvz,0,2,2,1.0
rebid,2,0,2,0.0
bulunulur,0,2,2,1.0
znox,0,2,2,1.0
afgkietc,0,2,2,1.0
inmediatament,0,2,2,1.0
outgiv,0,2,2,1.0
familien,0,2,2,1.0
xpuqi,0,2,2,1.0
crédito,0,2,2,1.0
estirar,0,2,2,1.0
dotor,0,2,2,1.0
saisiss,0,2,2,1.0
mbpffcnrpbcarruth,0,2,2,1.0
iniciar,0,2,2,1.0
jojic,2,0,2,0.0
jfi,0,2,2,1.0
nisourc,2,0,2,0.0
coastso,2,0,2,0.0
wilkin,0,2,2,1.0
kendin,0,2,2,1.0
comprasnombr,0,2,2,1.0
kwasniewskiego,2,0,2,0.0
brickel,1,1,2,0.5
bairro,0,2,2,1.0
exoc,0,2,2,1.0
musibetl,0,2,2,1.0
harless,2,0,2,0.0
âlem,0,2,2,1.0
editando,0,2,2,1.0
baysid,2,0,2,0.0
wqopi,0,2,2,1.0
bqddetb,0,2,2,1.0
hydrou,0,2,2,1.0
consolidar,0,2,2,1.0
comer,2,0,2,0.0
angelegenheit,0,2,2,1.0
çalýþalým,0,2,2,1.0
crossstreet,0,2,2,1.0
davidp,0,2,2,1.0
xmnhmiawieiow,0,2,2,1.0
triley,2,0,2,0.0
aksskpl,0,2,2,1.0
pira,2,0,2,0.0
ldupj,0,2,2,1.0
prlze,0,2,2,1.0
imusokk,0,2,2,1.0
exner,2,0,2,0.0
separado,0,2,2,1.0
wroymrlm,0,2,2,1.0
suprieur,0,2,2,1.0
azmetaland,0,2,2,1.0
czwartek,2,0,2,0.0
liebherr,0,2,2,1.0
ekmadna,0,2,2,1.0
sbzavykx,0,2,2,1.0
castletown,0,2,2,1.0
willkommen,0,2,2,1.0
monotoni,0,2,2,1.0
anträg,0,2,2,1.0
burocratico,0,2,2,1.0
heereee,0,2,2,1.0
zolsoft,0,2,2,1.0
pamactu,0,2,2,1.0
tjk,0,2,2,1.0
vpji,2,0,2,0.0
utilisateur,0,2,2,1.0
hogarpor,0,2,2,1.0
biyhdkoc,0,2,2,1.0
mandrel,0,2,2,1.0
chicagowil,2,0,2,0.0
kingsleymario,0,2,2,1.0
daoin,0,2,2,1.0
hundredweight,0,2,2,1.0
nclude,0,2,2,1.0
goeasyloan,0,2,2,1.0
eoc,1,1,2,0.5
pharmaceaut,0,2,2,1.0
weron,2,0,2,0.0
stocking,0,2,2,1.0
nisberg,2,0,2,0.0
hofheinz,2,0,2,0.0
rockvil,0,2,2,1.0
mydaili,0,2,2,1.0
marinfonet,0,2,2,1.0
schapiro,0,2,2,1.0
lemond,0,2,2,1.0
pmmvkv,0,2,2,1.0
descargado,0,2,2,1.0
mojego,2,0,2,0.0
imogen,1,1,2,0.5
vlookup,2,0,2,0.0
forgotton,2,0,2,0.0
edelim,0,2,2,1.0
telecon,2,0,2,0.0
bochem,0,2,2,1.0
lpjscycmpq,0,2,2,1.0
megascop,0,2,2,1.0
xtqgtv,0,2,2,1.0
luttrel,2,0,2,0.0
xabsolut,0,2,2,1.0
needlegun,0,2,2,1.0
urolog,0,2,2,1.0
kollaer,2,0,2,0.0
swa,0,2,2,1.0
árbole,0,2,2,1.0
fascinam,0,2,2,1.0
pnmzp,0,2,2,1.0
fileld,0,2,2,1.0
eixgdpgvo,0,2,2,1.0
nbtnsbpa,0,2,2,1.0
creatividad,0,2,2,1.0
disneydirect,0,2,2,1.0
wzgledi,2,0,2,0.0
xzyrrj,0,2,2,1.0
lvii,2,0,2,0.0
wawiezhllctdchhg,0,2,2,1.0
cinelli,2,0,2,0.0
wileyprint,0,2,2,1.0
stinsen,2,0,2,0.0
srh,2,0,2,0.0
priveledg,0,2,2,1.0
trichinella,0,2,2,1.0
sgoldfield,2,0,2,0.0
browncov,2,0,2,0.0
diso,0,2,2,1.0
convienc,2,0,2,0.0
jnorden,2,0,2,0.0
chadd,2,0,2,0.0
australianbsp,0,2,2,1.0
woodworkingtip,2,0,2,0.0
senha,0,2,2,1.0
gromb,2,0,2,0.0
rvwholesal,0,2,2,1.0
wrv,1,1,2,0.5
comunicación,0,2,2,1.0
mismatch,2,0,2,0.0
tenabl,0,2,2,1.0
constitucion,0,2,2,1.0
dander,1,1,2,0.5
fop,0,2,2,1.0
symantecsystemwork,0,2,2,1.0
prvu,0,2,2,1.0
inairhxb,0,2,2,1.0
efhjm,0,2,2,1.0
notdeclar,0,2,2,1.0
ruestion,0,2,2,1.0
efhqt,0,2,2,1.0
onexchang,2,0,2,0.0
ecomm,2,0,2,0.0
hdtnl,0,2,2,1.0
juntament,0,2,2,1.0
lnsr,0,2,2,1.0
fzrwyq,0,2,2,1.0
nigl,0,2,2,1.0
fromexperienc,0,2,2,1.0
lata,0,2,2,1.0
ginsburg,0,2,2,1.0
sheratonlmust,0,2,2,1.0
throu,0,2,2,1.0
tyron,1,1,2,0.5
envera,2,0,2,0.0
extraordinario,0,2,2,1.0
solvo,0,2,2,1.0
bayga,2,0,2,0.0
dyroff,2,0,2,0.0
escrowprogram,0,2,2,1.0
doth,0,2,2,1.0
scotsmen,0,2,2,1.0
orlandi,0,2,2,1.0
subregion,1,1,2,0.5
ejtubslk,0,2,2,1.0
efcba,0,2,2,1.0
utilización,0,2,2,1.0
okym,0,2,2,1.0
blankw,0,2,2,1.0
cct,2,0,2,0.0
monthsfrom,0,2,2,1.0
vovvlhil,0,2,2,1.0
armazenamento,0,2,2,1.0
jrw,1,1,2,0.5
hroud,0,2,2,1.0
alfredda,2,0,2,0.0
pleaseclick,0,2,2,1.0
rumson,0,2,2,1.0
merican,0,2,2,1.0
opspil,0,2,2,1.0
shovvn,0,2,2,1.0
massachvsett,2,0,2,0.0
tablehrfont,0,2,2,1.0
beca,0,2,2,1.0
rozmowi,2,0,2,0.0
mvgxvb,0,2,2,1.0
unworn,0,2,2,1.0
budgettair,0,2,2,1.0
trifoli,0,2,2,1.0
oarmqejhm,0,2,2,1.0
attivala,0,2,2,1.0
expandida,0,2,2,1.0
empyrean,0,2,2,1.0
migcvfqcc,0,2,2,1.0
heng,0,2,2,1.0
exigeon,0,2,2,1.0
lindal,0,2,2,1.0
netmarch,0,2,2,1.0
feit,0,2,2,1.0
uppercross,0,2,2,1.0
zotmnozxt,0,2,2,1.0
leke,0,2,2,1.0
abedin,2,0,2,0.0
crsc,0,2,2,1.0
graduacion,0,2,2,1.0
sauberkeit,0,2,2,1.0
submeta,0,2,2,1.0
productopinionpanel,0,2,2,1.0
jkfeuqpr,0,2,2,1.0
fatimat,0,2,2,1.0
sincerelymr,0,2,2,1.0
lanamento,0,2,2,1.0
belastirrup,0,2,2,1.0
mrgmzijtm,0,2,2,1.0
jyzmc,0,2,2,1.0
cker,0,2,2,1.0
weygandt,2,0,2,0.0
xuyzusx,0,2,2,1.0
svr,2,0,2,0.0
canterra,2,0,2,0.0
rith,2,0,2,0.0
yürek,0,2,2,1.0
drg,0,2,2,1.0
consumerprotect,0,2,2,1.0
mtn,2,0,2,0.0
lenderscan,0,2,2,1.0
zoroast,0,2,2,1.0
bridgest,2,0,2,0.0
jeffscorn,2,0,2,0.0
zhygun,0,2,2,1.0
lwo,0,2,2,1.0
yours,0,2,2,1.0
bulunduumuz,0,2,2,1.0
bergeron,0,2,2,1.0
mitteilung,0,2,2,1.0
probblem,0,2,2,1.0
uwazam,2,0,2,0.0
moncada,2,0,2,0.0
dpcpe,0,2,2,1.0
dryfu,2,0,2,0.0
autoclear,2,0,2,0.0
waehrungspolitik,0,2,2,1.0
greatitemsweblin,0,2,2,1.0
guarrante,0,2,2,1.0
blvitsvqi,0,2,2,1.0
orthicon,0,2,2,1.0
wiff,0,2,2,1.0
quand,0,2,2,1.0
lel,0,2,2,1.0
prlcess,0,2,2,1.0
devcon,0,2,2,1.0
ailin,0,2,2,1.0
piteous,0,2,2,1.0
qbbpuyg,0,2,2,1.0
rockandrollsumm,0,2,2,1.0
muita,0,2,2,1.0
wolfowitz,2,0,2,0.0
cizhder,0,2,2,1.0
estabiliza,0,2,2,1.0
tjzdbm,0,2,2,1.0
cjkyg,0,2,2,1.0
teiescop,0,2,2,1.0
rgbaz,0,2,2,1.0
specl,0,2,2,1.0
vokin,2,0,2,0.0
rura,0,2,2,1.0
noor,2,0,2,0.0
lnvestlng,0,2,2,1.0
yxz,0,2,2,1.0
mustn,0,2,2,1.0
purchasingpow,0,2,2,1.0
kcdavi,2,0,2,0.0
cadger,0,2,2,1.0
wholist,2,0,2,0.0
wsicorp,2,0,2,0.0
uwagi,2,0,2,0.0
wraz,2,0,2,0.0
nasl,0,2,2,1.0
beatri,0,2,2,1.0
scoobi,0,2,2,1.0
souhaitez,0,2,2,1.0
qfi,0,2,2,1.0
trisyl,0,2,2,1.0
proposa,0,2,2,1.0
duracel,0,2,2,1.0
portatil,0,2,2,1.0
wclb,1,1,2,0.5
estao,0,2,2,1.0
bzcxi,0,2,2,1.0
rahrah,0,2,2,1.0
trayectoria,0,2,2,1.0
mtalliqu,0,2,2,1.0
jlwumhtrkmnixa,0,2,2,1.0
moreiinform,0,2,2,1.0
passu,2,0,2,0.0
monotrem,0,2,2,1.0
exqptfid,0,2,2,1.0
drivingferrochrom,0,2,2,1.0
fourten,0,2,2,1.0
claimsha,0,2,2,1.0
sconc,0,2,2,1.0
desbloquea,0,2,2,1.0
luckowski,2,0,2,0.0
freigelassen,0,2,2,1.0
tabletd,0,2,2,1.0
dak,0,2,2,1.0
distributari,0,2,2,1.0
aeron,2,0,2,0.0
conservativethat,0,2,2,1.0
autoconfirm,2,0,2,0.0
ktadwpvw,0,2,2,1.0
besancenot,0,2,2,1.0
stowarzysznia,2,0,2,0.0
savouri,0,2,2,1.0
racetrack,0,2,2,1.0
qbsmfoxun,0,2,2,1.0
thoroughbr,0,2,2,1.0
etfr,2,0,2,0.0
lahost,2,0,2,0.0
axtdwruzj,0,2,2,1.0
promenad,0,2,2,1.0
bugler,0,2,2,1.0
youkr,0,2,2,1.0
cfl,0,2,2,1.0
adimag,0,2,2,1.0
uwdpamx,0,2,2,1.0
selección,0,2,2,1.0
shurgard,2,0,2,0.0
whxigbr,0,2,2,1.0
contactarno,0,2,2,1.0
financialfreedom,0,2,2,1.0
seor,0,2,2,1.0
ulfclo,0,2,2,1.0
rcmlob,0,2,2,1.0
repit,2,0,2,0.0
zhqmzjenn,0,2,2,1.0
uzyaurum,0,2,2,1.0
countersu,2,0,2,0.0
abandonar,0,2,2,1.0
leidenstraat,0,2,2,1.0
hopoallergen,0,2,2,1.0
heterocycl,0,2,2,1.0
grib,2,0,2,0.0
askey,1,1,2,0.5
whil,0,2,2,1.0
grk,0,2,2,1.0
rembours,0,2,2,1.0
recebido,0,2,2,1.0
strorag,2,0,2,0.0
tyg,0,2,2,1.0
tz,0,2,2,1.0
churbock,2,0,2,0.0
horntail,0,2,2,1.0
rdwiesz,0,2,2,1.0
valorar,0,2,2,1.0
frorrzehaqsiphm,0,2,2,1.0
itar,2,0,2,0.0
restrepo,2,0,2,0.0
bundesrepublik,0,2,2,1.0
wccd,0,2,2,1.0
expresa,0,2,2,1.0
collectioni,0,2,2,1.0
ojcem,2,0,2,0.0
llevará,0,2,2,1.0
recant,0,2,2,1.0
arqueológica,0,2,2,1.0
tarmoola,0,2,2,1.0
útil,0,2,2,1.0
segredo,0,2,2,1.0
younkger,0,2,2,1.0
medcat,0,2,2,1.0
parian,0,2,2,1.0
waxlaw,0,2,2,1.0
waverley,0,2,2,1.0
boatright,2,0,2,0.0
celineclub,0,2,2,1.0
moneywil,0,2,2,1.0
kewlest,0,2,2,1.0
ytfsvuwxaw,0,2,2,1.0
allahummehfeznâ,0,2,2,1.0
directon,0,2,2,1.0
ctnou,0,2,2,1.0
seguido,0,2,2,1.0
erhälst,0,2,2,1.0
outbackpwrmrkt,2,0,2,0.0
postulant,0,2,2,1.0
acessrio,0,2,2,1.0
isfoebskef,0,2,2,1.0
manea,0,2,2,1.0
guiaraqbnte,0,2,2,1.0
crece,0,2,2,1.0
dmoz,0,2,2,1.0
visitng,0,2,2,1.0
bybb,0,2,2,1.0
instrins,2,0,2,0.0
roanp,2,0,2,0.0
orkyxyno,0,2,2,1.0
diuret,0,2,2,1.0
inarticul,0,2,2,1.0
forseen,1,1,2,0.5
clandri,2,0,2,0.0
rarest,0,2,2,1.0
retransmit,1,1,2,0.5
puthagai,2,0,2,0.0
dalak,2,0,2,0.0
affiliatel,0,2,2,1.0
ivtrzayu,0,2,2,1.0
macmedin,0,2,2,1.0
gün,0,2,2,1.0
keyex,2,0,2,0.0
uawwi,0,2,2,1.0
pidgin,0,2,2,1.0
noddingmani,0,2,2,1.0
pranav,2,0,2,0.0
aggrand,0,2,2,1.0
struftk,0,2,2,1.0
principesaudi,0,2,2,1.0
levltrset,0,2,2,1.0
uexug,0,2,2,1.0
doubli,2,0,2,0.0
anotelefax,0,2,2,1.0
hâzihî,0,2,2,1.0
newxnc,0,2,2,1.0
gkkgf,0,2,2,1.0
shopahol,0,2,2,1.0
ohj,0,2,2,1.0
iancv,2,0,2,0.0
qiplqzorneo,0,2,2,1.0
auten,0,2,2,1.0
paoca,2,0,2,0.0
eeuccaw,0,2,2,1.0
afrika,0,2,2,1.0
cialilp,0,2,2,1.0
tendremo,0,2,2,1.0
mtpl,1,1,2,0.5
kjelmyr,2,0,2,0.0
puttabl,2,0,2,0.0
dpie,0,2,2,1.0
teporocha,0,2,2,1.0
thiiiiiii,0,2,2,1.0
ddrefi,0,2,2,1.0
dnjnhnwq,0,2,2,1.0
meinung,0,2,2,1.0
musz,2,0,2,0.0
stuffthatworkc,0,2,2,1.0
saiz,2,0,2,0.0
jordyn,0,2,2,1.0
directa,0,2,2,1.0
fyo,1,1,2,0.5
proffesion,0,2,2,1.0
mbxcxcaae,0,2,2,1.0
erhohen,0,2,2,1.0
whthompson,2,0,2,0.0
plicens,0,2,2,1.0
interel,0,2,2,1.0
jfdearfgp,0,2,2,1.0
reichen,0,2,2,1.0
samaritan,0,2,2,1.0
vpokhlebkin,2,0,2,0.0
enronhayn,2,0,2,0.0
dcnpa,0,2,2,1.0
stampf,2,0,2,0.0
naptim,0,2,2,1.0
jochenfechtel,0,2,2,1.0
oliveoil,0,2,2,1.0
renuev,0,2,2,1.0
freecoord,0,2,2,1.0
ciena,2,0,2,0.0
odzzfzzq,0,2,2,1.0
unlicens,0,2,2,1.0
ravanzo,2,0,2,0.0
mechant,2,0,2,0.0
willev,0,2,2,1.0
promovemo,0,2,2,1.0
vixv,0,2,2,1.0
ane,0,2,2,1.0
plitch,2,0,2,0.0
rototil,0,2,2,1.0
engeldorf,2,0,2,0.0
kqlgkpddm,0,2,2,1.0
mobley,0,2,2,1.0
convoca,0,2,2,1.0
bburn,0,2,2,1.0
sandstorm,0,2,2,1.0
ecpu,0,2,2,1.0
rhewb,0,2,2,1.0
gqzzl,0,2,2,1.0
kýlmýþ,0,2,2,1.0
relaps,0,2,2,1.0
limaintain,0,2,2,1.0
geoloc,0,2,2,1.0
moviebox,0,2,2,1.0
steadiiy,0,2,2,1.0
casteiiveri,0,2,2,1.0
postleitzahl,0,2,2,1.0
gigabytesmobil,0,2,2,1.0
excut,2,0,2,0.0
aidil,0,2,2,1.0
motgstock,0,2,2,1.0
pyrop,0,2,2,1.0
grzegorz,2,0,2,0.0
paymast,0,2,2,1.0
duobo,0,2,2,1.0
hkcabl,0,2,2,1.0
seapc,2,0,2,0.0
hypocycloid,0,2,2,1.0
syenit,0,2,2,1.0
rsth,0,2,2,1.0
hospedar,0,2,2,1.0
subdividido,0,2,2,1.0
scharfen,0,2,2,1.0
mcdull,0,2,2,1.0
hpa,0,2,2,1.0
malowneypromo,2,0,2,0.0
kjb,0,2,2,1.0
utilizao,0,2,2,1.0
isr,0,2,2,1.0
dannetta,2,0,2,0.0
sacchi,1,1,2,0.5
dotardsl,0,2,2,1.0
urgentlyrec,0,2,2,1.0
marianabacha,0,2,2,1.0
coloqui,0,2,2,1.0
blankhttp,0,2,2,1.0
stabler,2,0,2,0.0
comuníc,0,2,2,1.0
adshw,0,2,2,1.0
ppksvk,0,2,2,1.0
tomado,0,2,2,1.0
accountsfpay,2,0,2,0.0
backupmail,0,2,2,1.0
criteri,0,2,2,1.0
hertog,2,0,2,0.0
orrel,0,2,2,1.0
schuylkil,0,2,2,1.0
marinosao,0,2,2,1.0
mensai,0,2,2,1.0
sketchbook,0,2,2,1.0
pgnptqgag,0,2,2,1.0
forsuccessnow,0,2,2,1.0
ankebio,0,2,2,1.0
spartacu,2,0,2,0.0
incessantli,0,2,2,1.0
intermedia,0,2,2,1.0
fallingaround,0,2,2,1.0
vastgelegd,0,2,2,1.0
ubid,1,1,2,0.5
jpbnsxp,0,2,2,1.0
asqoc,0,2,2,1.0
telemark,0,2,2,1.0
alohacasino,0,2,2,1.0
bsejii,0,2,2,1.0
fsf,0,2,2,1.0
tromp,0,2,2,1.0
lstmarin,0,2,2,1.0
cmb,2,0,2,0.0
alýnýr,0,2,2,1.0
vsp,2,0,2,0.0
cockadoodledoo,0,2,2,1.0
srjkkhc,0,2,2,1.0
tthe,0,2,2,1.0
escritrio,0,2,2,1.0
rupeeascend,0,2,2,1.0
relatif,0,2,2,1.0
marzena,2,0,2,0.0
officialsin,0,2,2,1.0
teheccüt,0,2,2,1.0
hoornbeck,0,2,2,1.0
pehunwcut,0,2,2,1.0
msnqaj,0,2,2,1.0
nsv,0,2,2,1.0
gohttp,0,2,2,1.0
tfi,0,2,2,1.0
reverifi,2,0,2,0.0
alfaro,0,2,2,1.0
wkrgqe,0,2,2,1.0
produtor,0,2,2,1.0
saddlefast,0,2,2,1.0
rassembl,0,2,2,1.0
kfslok,0,2,2,1.0
rabzaxb,0,2,2,1.0
foml,0,2,2,1.0
detección,0,2,2,1.0
cchsda,2,0,2,0.0
qtthom,0,2,2,1.0
wyqrfhhiwb,0,2,2,1.0
vrcnopgaphemnqdnl,0,2,2,1.0
chessplay,0,2,2,1.0
thorntonnk,0,2,2,1.0
mymcnjh,0,2,2,1.0
sturggl,0,2,2,1.0
gsladvisori,0,2,2,1.0
sakamkzzwtlsan,0,2,2,1.0
canap,1,1,2,0.5
thecopyright,0,2,2,1.0
pgpb,2,0,2,0.0
vwb,0,2,2,1.0
mtofnozxw,0,2,2,1.0
ýki,0,2,2,1.0
marcotitz,0,2,2,1.0
khamchan,0,2,2,1.0
kudxd,0,2,2,1.0
emular,0,2,2,1.0
missionrio,0,2,2,1.0
paddleeightieth,0,2,2,1.0
ilimitado,0,2,2,1.0
setscrew,0,2,2,1.0
rasa,0,2,2,1.0
fsatvyy,0,2,2,1.0
wxjgux,0,2,2,1.0
goldlandagencyl,0,2,2,1.0
badum,2,0,2,0.0
signfic,2,0,2,0.0
hillmen,0,2,2,1.0
adverti,0,2,2,1.0
runway,0,2,2,1.0
stagecoach,1,1,2,0.5
janvier,0,2,2,1.0
brakesman,0,2,2,1.0
diarchi,0,2,2,1.0
cneorac,0,2,2,1.0
ranker,0,2,2,1.0
clickgalleri,0,2,2,1.0
izxgw,0,2,2,1.0
emidio,2,0,2,0.0
changzhou,0,2,2,1.0
onkvlb,0,2,2,1.0
delink,1,1,2,0.5
whelm,0,2,2,1.0
perfectionist,1,1,2,0.5
ahausman,2,0,2,0.0
fashionmal,2,0,2,0.0
worldphon,2,0,2,0.0
chapest,0,2,2,1.0
toranomon,2,0,2,0.0
atualizado,0,2,2,1.0
hatta,0,2,2,1.0
paru,2,0,2,0.0
oeudwamu,0,2,2,1.0
kroftelli,0,2,2,1.0
tribo,2,0,2,0.0
wisher,0,2,2,1.0
wkeqvmxbacap,0,2,2,1.0
gymbore,2,0,2,0.0
abrbrbrbrp,0,2,2,1.0
mtfhaw,0,2,2,1.0
autocar,0,2,2,1.0
oldhtlheuhcclco,0,2,2,1.0
wesloski,2,0,2,0.0
involucrarno,0,2,2,1.0
qute,0,2,2,1.0
howord,0,2,2,1.0
gegenscheinhttp,0,2,2,1.0
newslat,0,2,2,1.0
qvod,0,2,2,1.0
mqari,0,2,2,1.0
arroja,0,2,2,1.0
strainer,0,2,2,1.0
pdw,0,2,2,1.0
lnoegr,0,2,2,1.0
staneff,2,0,2,0.0
gree,0,2,2,1.0
wilmingtontrust,2,0,2,0.0
tada,0,2,2,1.0
francisca,0,2,2,1.0
nippi,0,2,2,1.0
greedyand,0,2,2,1.0
exoticarw,2,0,2,0.0
watermark,0,2,2,1.0
aladdin,2,0,2,0.0
particion,0,2,2,1.0
bonne,0,2,2,1.0
intercontl,2,0,2,0.0
mglichen,0,2,2,1.0
mmvcn,0,2,2,1.0
directoryfor,0,2,2,1.0
delossanto,2,0,2,0.0
kundschaften,0,2,2,1.0
gifc,0,2,2,1.0
conheça,0,2,2,1.0
sewer,1,1,2,0.5
jonestown,0,2,2,1.0
adeola,0,2,2,1.0
reahgi,0,2,2,1.0
eoy,2,0,2,0.0
auslink,0,2,2,1.0
xirqca,0,2,2,1.0
econd,0,2,2,1.0
nqnmbzjhu,0,2,2,1.0
frada,2,0,2,0.0
abord,0,2,2,1.0
prosba,2,0,2,0.0
pice,1,1,2,0.5
multicultur,2,0,2,0.0
peski,0,2,2,1.0
swelund,0,2,2,1.0
commid,2,0,2,0.0
aresubjectto,0,2,2,1.0
fhnmke,0,2,2,1.0
woodlous,0,2,2,1.0
czlonkiem,2,0,2,0.0
uplin,0,2,2,1.0
undersecretari,1,1,2,0.5
zainteresowani,2,0,2,0.0
euatbv,0,2,2,1.0
virtuoso,0,2,2,1.0
pprivvat,0,2,2,1.0
maycom,0,2,2,1.0
nalepa,2,0,2,0.0
referencemus,0,2,2,1.0
ozzhtqo,0,2,2,1.0
sophisticaton,2,0,2,0.0
hildemaro,2,0,2,0.0
rnofilm,0,2,2,1.0
logisit,2,0,2,0.0
etxg,2,0,2,0.0
bund,0,2,2,1.0
groupwis,2,0,2,0.0
obodi,0,2,2,1.0
barjmsbroderick,0,2,2,1.0
dijeron,0,2,2,1.0
heartlightjoy,0,2,2,1.0
countertop,0,2,2,1.0
zgbio,0,2,2,1.0
nederlands,0,2,2,1.0
melliflu,0,2,2,1.0
cati,2,0,2,0.0
bargainscheapd,0,2,2,1.0
verboten,0,2,2,1.0
zaunp,0,2,2,1.0
torwug,0,2,2,1.0
sarajohnson,0,2,2,1.0
proop,0,2,2,1.0
tanisha,0,2,2,1.0
multiplayerpok,0,2,2,1.0
vdevid,0,2,2,1.0
vhi,0,2,2,1.0
juggernaut,2,0,2,0.0
electricpowerexpo,2,0,2,0.0
stillcom,0,2,2,1.0
hardihood,0,2,2,1.0
qilpb,0,2,2,1.0
phare,2,0,2,0.0
prab,0,2,2,1.0
bardfield,0,2,2,1.0
zicr,2,0,2,0.0
tonni,0,2,2,1.0
hiller,2,0,2,0.0
drouth,0,2,2,1.0
pooho,0,2,2,1.0
winxp,0,2,2,1.0
beltri,2,0,2,0.0
portlu,0,2,2,1.0
euroloto,0,2,2,1.0
stockdraw,2,0,2,0.0
iesioex,0,2,2,1.0
arrbida,0,2,2,1.0
inforenquiri,0,2,2,1.0
longvil,2,0,2,0.0
nasim,2,0,2,0.0
laguil,0,2,2,1.0
shinp,0,2,2,1.0
zirconium,0,2,2,1.0
rivarolra,0,2,2,1.0
przesylam,2,0,2,0.0
utilicen,0,2,2,1.0
balla,0,2,2,1.0
futhermor,1,1,2,0.5
washday,0,2,2,1.0
wfwrax,0,2,2,1.0
hälf,0,2,2,1.0
seccurr,0,2,2,1.0
fukk,0,2,2,1.0
pbu,0,2,2,1.0
fqdtqbnq,0,2,2,1.0
wtorek,2,0,2,0.0
isold,0,2,2,1.0
zm,0,2,2,1.0
inferenti,0,2,2,1.0
yntu,0,2,2,1.0
tesrewint,0,2,2,1.0
conset,0,2,2,1.0
casebrief,0,2,2,1.0
onesheet,2,0,2,0.0
buyoff,2,0,2,0.0
suchenden,0,2,2,1.0
perrott,2,0,2,0.0
ymjscytxnvpf,0,2,2,1.0
quickzform,0,2,2,1.0
ejwludroy,0,2,2,1.0
rgv,0,2,2,1.0
netgoodssal,0,2,2,1.0
extensión,0,2,2,1.0
nextlink,2,0,2,0.0
durbin,2,0,2,0.0
disorderli,0,2,2,1.0
lazaro,0,2,2,1.0
glgfgilijgjnfnjjjo,0,2,2,1.0
unsubscriib,0,2,2,1.0
inapproach,0,2,2,1.0
thepromot,0,2,2,1.0
jvlpskv,0,2,2,1.0
cribriform,0,2,2,1.0
nyqfkffnc,0,2,2,1.0
gilberto,0,2,2,1.0
cromei,0,2,2,1.0
eurotop,2,0,2,0.0
shippin,0,2,2,1.0
cellarag,0,2,2,1.0
ength,0,2,2,1.0
eagu,0,2,2,1.0
telemat,0,2,2,1.0
nawco,0,2,2,1.0
consta,0,2,2,1.0
imcingular,2,0,2,0.0
xnom,0,2,2,1.0
amuromail,0,2,2,1.0
pmvsjkrko,0,2,2,1.0
wvxwi,0,2,2,1.0
chengdu,1,1,2,0.5
supreb,0,2,2,1.0
cnx,0,2,2,1.0
addressesbr,0,2,2,1.0
tik,0,2,2,1.0
bielecki,2,0,2,0.0
energyattorney,2,0,2,0.0
ndz,0,2,2,1.0
hmzfbderq,0,2,2,1.0
liquidez,0,2,2,1.0
gunfleet,2,0,2,0.0
kerrvil,2,0,2,0.0
opticalbar,0,2,2,1.0
welvaart,0,2,2,1.0
ceeeeeaaas,0,2,2,1.0
mandado,0,2,2,1.0
beaverton,2,0,2,0.0
monax,0,2,2,1.0
pucon,0,2,2,1.0
valuein,2,0,2,0.0
zak,2,0,2,0.0
uomoropz,0,2,2,1.0
reishu,2,0,2,0.0
lukedoma,0,2,2,1.0
irregula,0,2,2,1.0
nwgg,2,0,2,0.0
automaticbuild,0,2,2,1.0
websi,0,2,2,1.0
eyewash,2,0,2,0.0
uycyf,0,2,2,1.0
fmwh,0,2,2,1.0
macivor,2,0,2,0.0
yhupqpmbh,0,2,2,1.0
ymjg,0,2,2,1.0
zola,0,2,2,1.0
vorau,0,2,2,1.0
cheapcaribbean,0,2,2,1.0
tobeatdameat,0,2,2,1.0
jox,0,2,2,1.0
paddlewheel,2,0,2,0.0
eggotti,0,2,2,1.0
weisgal,2,0,2,0.0
santarosa,0,2,2,1.0
zcrwzmi,0,2,2,1.0
recepiton,0,2,2,1.0
jmefd,0,2,2,1.0
lrx,0,2,2,1.0
panoramía,0,2,2,1.0
ptblrkrj,0,2,2,1.0
bcuisom,0,2,2,1.0
vigra,0,2,2,1.0
xfzsrvh,0,2,2,1.0
spellbound,0,2,2,1.0
sambalhot,0,2,2,1.0
alhostco,0,2,2,1.0
formateo,0,2,2,1.0
welchen,0,2,2,1.0
starri,0,2,2,1.0
helneflifnen,0,2,2,1.0
serivc,0,2,2,1.0
nsic,2,0,2,0.0
lnz,0,2,2,1.0
gael,2,0,2,0.0
hjhzl,0,2,2,1.0
hoeher,0,2,2,1.0
szpbi,0,2,2,1.0
arethong,0,2,2,1.0
nonent,0,2,2,1.0
qqwymp,0,2,2,1.0
tnaxgnu,0,2,2,1.0
lengthwis,0,2,2,1.0
varistor,0,2,2,1.0
laybourn,2,0,2,0.0
waistcoat,0,2,2,1.0
thelaunch,0,2,2,1.0
bigezloan,0,2,2,1.0
teneo,0,2,2,1.0
reseveratorl,0,2,2,1.0
worldli,0,2,2,1.0
gsu,2,0,2,0.0
grazi,2,0,2,0.0
licon,2,0,2,0.0
risco,0,2,2,1.0
neugierig,0,2,2,1.0
colocando,0,2,2,1.0
rjwmnpui,0,2,2,1.0
leibach,0,2,2,1.0
gii,2,0,2,0.0
bqb,0,2,2,1.0
cognomen,0,2,2,1.0
zoloftpain,0,2,2,1.0
clhwamilzn,0,2,2,1.0
summersault,0,2,2,1.0
cavuurha,0,2,2,1.0
hilf,0,2,2,1.0
settler,0,2,2,1.0
nonsuccess,0,2,2,1.0
whitet,0,2,2,1.0
zeidan,2,0,2,0.0
fecteau,2,0,2,0.0
alpan,0,2,2,1.0
aomyq,0,2,2,1.0
andrewpark,0,2,2,1.0
accupunctur,0,2,2,1.0
proserpin,0,2,2,1.0
henrik,0,2,2,1.0
hjicctoii,0,2,2,1.0
lnintol,2,0,2,0.0
rsagaloa,0,2,2,1.0
slzajac,2,0,2,0.0
rechnung,0,2,2,1.0
instálelo,0,2,2,1.0
borsook,2,0,2,0.0
estadistica,0,2,2,1.0
acoh,0,2,2,1.0
gqeyqphss,0,2,2,1.0
lwd,0,2,2,1.0
qeeb,0,2,2,1.0
waway,0,2,2,1.0
easycd,0,2,2,1.0
cdma,0,2,2,1.0
pruitt,0,2,2,1.0
ilcampo,0,2,2,1.0
rdvbfylolythsp,2,0,2,0.0
accesoria,0,2,2,1.0
ceruleancrank,0,2,2,1.0
feenstra,2,0,2,0.0
xntchlv,0,2,2,1.0
prvt,0,2,2,1.0
englisch,1,1,2,0.5
wagn,2,0,2,0.0
lyuwfv,0,2,2,1.0
immunotherapi,0,2,2,1.0
qcvwi,0,2,2,1.0
neev,2,0,2,0.0
incredimail,0,2,2,1.0
whp,0,2,2,1.0
lki,0,2,2,1.0
jsov,2,0,2,0.0
csulliv,2,0,2,0.0
araoz,0,2,2,1.0
awoken,0,2,2,1.0
alumbrado,0,2,2,1.0
temi,2,0,2,0.0
grassroot,1,1,2,0.5
wtih,2,0,2,0.0
gombeen,0,2,2,1.0
knopk,0,2,2,1.0
handheid,0,2,2,1.0
raymondberman,0,2,2,1.0
pmcibhl,0,2,2,1.0
staicn,0,2,2,1.0
seckler,2,0,2,0.0
thyroglobulin,0,2,2,1.0
urea,1,1,2,0.5
shawbridg,0,2,2,1.0
wbn,0,2,2,1.0
unanalys,0,2,2,1.0
jikdsyy,0,2,2,1.0
alcanzar,0,2,2,1.0
kyriss,2,0,2,0.0
fredrikson,2,0,2,0.0
therfor,0,2,2,1.0
wieczorem,2,0,2,0.0
telefónica,0,2,2,1.0
guilliam,2,0,2,0.0
prico,2,0,2,0.0
mklntd,0,2,2,1.0
pren,0,2,2,1.0
syouihop,0,2,2,1.0
vientian,0,2,2,1.0
nzastzuw,0,2,2,1.0
dbvsi,0,2,2,1.0
auntssav,0,2,2,1.0
koncowej,2,0,2,0.0
kobeokt,0,2,2,1.0
alecost,0,2,2,1.0
castleitem,0,2,2,1.0
zmprrw,0,2,2,1.0
müsebbibü,0,2,2,1.0
sprightli,0,2,2,1.0
rýdan,0,2,2,1.0
fello,0,2,2,1.0
mcquay,2,0,2,0.0
whichreport,0,2,2,1.0
tampaelectr,2,0,2,0.0
hennigsdorf,0,2,2,1.0
jaedgp,0,2,2,1.0
majorleagueoff,0,2,2,1.0
hkezdjo,0,2,2,1.0
ytqvhi,0,2,2,1.0
pieniadz,2,0,2,0.0
nagar,0,2,2,1.0
albion,1,1,2,0.5
subscrito,0,2,2,1.0
aobeb,0,2,2,1.0
workingup,0,2,2,1.0
concordia,2,0,2,0.0
spedr,0,2,2,1.0
syle,2,0,2,0.0
kthj,0,2,2,1.0
reconsider,2,0,2,0.0
rbcqmo,0,2,2,1.0
ydraenp,0,2,2,1.0
loseweight,0,2,2,1.0
verticai,0,2,2,1.0
thingw,0,2,2,1.0
mobiliado,0,2,2,1.0
mariaalqadhi,0,2,2,1.0
skeptisch,0,2,2,1.0
bqbqa,0,2,2,1.0
hsu,2,0,2,0.0
analgico,0,2,2,1.0
arþil,0,2,2,1.0
wilsonkamela,0,2,2,1.0
gunplay,0,2,2,1.0
mrukeq,0,2,2,1.0
reguladora,2,0,2,0.0
rlyczak,2,0,2,0.0
kokayi,0,2,2,1.0
beinterest,0,2,2,1.0
emgmt,0,2,2,1.0
saddler,0,2,2,1.0
sepi,2,0,2,0.0
noemi,1,1,2,0.5
dorinson,2,0,2,0.0
gpk,1,1,2,0.5
lethargi,0,2,2,1.0
ahxrdt,0,2,2,1.0
tmilutinov,0,2,2,1.0
schreden,0,2,2,1.0
wilsonian,0,2,2,1.0
juncan,0,2,2,1.0
ilah,0,2,2,1.0
dubia,0,2,2,1.0
horário,0,2,2,1.0
clsick,0,2,2,1.0
baseia,0,2,2,1.0
getcooki,0,2,2,1.0
oporto,0,2,2,1.0
ummm,2,0,2,0.0
pmnzll,0,2,2,1.0
ddkiktwfi,0,2,2,1.0
roundm,0,2,2,1.0
tawne,0,2,2,1.0
durumumuz,0,2,2,1.0
guggisberg,2,0,2,0.0
cervecera,0,2,2,1.0
sprynet,2,0,2,0.0
sloop,0,2,2,1.0
uyz,0,2,2,1.0
fdree,0,2,2,1.0
veepygi,0,2,2,1.0
chaqu,0,2,2,1.0
estratégico,0,2,2,1.0
bschindler,0,2,2,1.0
udzial,2,0,2,0.0
quantlab,2,0,2,0.0
synov,0,2,2,1.0
tecnologica,0,2,2,1.0
usership,0,2,2,1.0
jayasuriya,2,0,2,0.0
stoday,0,2,2,1.0
dxrgo,0,2,2,1.0
phentermon,0,2,2,1.0
republiceast,0,2,2,1.0
taughtworldwid,0,2,2,1.0
zydutb,0,2,2,1.0
aphotograph,0,2,2,1.0
dirtier,2,0,2,0.0
neustadt,2,0,2,0.0
apiarist,0,2,2,1.0
veo,0,2,2,1.0
recuerd,0,2,2,1.0
cringl,0,2,2,1.0
amanah,0,2,2,1.0
eqfbrfu,0,2,2,1.0
regopular,0,2,2,1.0
internetaanbied,0,2,2,1.0
reti,0,2,2,1.0
withhin,0,2,2,1.0
growmark,2,0,2,0.0
fantasybut,0,2,2,1.0
crecimiento,0,2,2,1.0
subl,0,2,2,1.0
antitumor,0,2,2,1.0
fatid,0,2,2,1.0
cabea,0,2,2,1.0
uncreat,0,2,2,1.0
hzere,0,2,2,1.0
oifco,0,2,2,1.0
pjxefobpklirumlrm,0,2,2,1.0
shimko,2,0,2,0.0
eypetybrjjup,0,2,2,1.0
iryafaubxdyjktxlc,0,2,2,1.0
flub,0,2,2,1.0
bnztoztubsj,0,2,2,1.0
ascriptionarch,0,2,2,1.0
pcbxao,0,2,2,1.0
interpretacin,0,2,2,1.0
youmiovtidsmgp,0,2,2,1.0
düzenlenen,0,2,2,1.0
bild,0,2,2,1.0
towww,0,2,2,1.0
nting,0,2,2,1.0
vigilar,0,2,2,1.0
mpsc,2,0,2,0.0
problém,0,2,2,1.0
prevencin,0,2,2,1.0
effeci,1,1,2,0.5
spritzen,0,2,2,1.0
thermistor,0,2,2,1.0
infraccion,0,2,2,1.0
seekfor,0,2,2,1.0
eruct,0,2,2,1.0
carissa,0,2,2,1.0
tableaux,0,2,2,1.0
lauderhil,0,2,2,1.0
ouihop,0,2,2,1.0
dgacj,0,2,2,1.0
lezbonet,0,2,2,1.0
sgpi,2,0,2,0.0
cialiq,0,2,2,1.0
wefixir,0,2,2,1.0
hdxk,0,2,2,1.0
dore,2,0,2,0.0
ruh,0,2,2,1.0
postillion,0,2,2,1.0
windowprop,0,2,2,1.0
dessen,0,2,2,1.0
npmto,2,0,2,0.0
estré,0,2,2,1.0
portfoli,0,2,2,1.0
qqm,0,2,2,1.0
murguia,0,2,2,1.0
macroeconmico,0,2,2,1.0
reiigion,0,2,2,1.0
avx,2,0,2,0.0
dmortgag,0,2,2,1.0
kto,1,1,2,0.5
permitimo,0,2,2,1.0
ntidesign,2,0,2,0.0
rfer,0,2,2,1.0
cki,0,2,2,1.0
lmozt,0,2,2,1.0
vvould,0,2,2,1.0
jolayemistreet,0,2,2,1.0
pakoa,0,2,2,1.0
yakasiahaji,0,2,2,1.0
hetco,2,0,2,0.0
shinesnarledgreat,0,2,2,1.0
kalmick,2,0,2,0.0
expenseo,2,0,2,0.0
verbotenen,0,2,2,1.0
garald,1,1,2,0.5
fetra,0,2,2,1.0
rapidament,0,2,2,1.0
vollendet,0,2,2,1.0
qsubbavb,0,2,2,1.0
ejacool,0,2,2,1.0
dürfen,0,2,2,1.0
coooooock,0,2,2,1.0
beitbridg,0,2,2,1.0
hmcoheq,0,2,2,1.0
masturbat,0,2,2,1.0
valentln,0,2,2,1.0
danetta,2,0,2,0.0
fbzv,0,2,2,1.0
localstor,0,2,2,1.0
duffe,2,0,2,0.0
resolu,0,2,2,1.0
jomena,0,2,2,1.0
telefoni,0,2,2,1.0
ibâdik,0,2,2,1.0
shree,2,0,2,0.0
karþýsýnda,0,2,2,1.0
calphalon,2,0,2,0.0
tnterfgm,0,2,2,1.0
cooperinst,2,0,2,0.0
chewer,0,2,2,1.0
totalrul,0,2,2,1.0
emailbox,0,2,2,1.0
energypuls,2,0,2,0.0
flexmod,2,0,2,0.0
lecheri,0,2,2,1.0
introduir,0,2,2,1.0
fiandt,2,0,2,0.0
schoo,0,2,2,1.0
perfonn,2,0,2,0.0
housa,0,2,2,1.0
zvugaomgi,0,2,2,1.0
recens,0,2,2,1.0
sammail,0,2,2,1.0
gyhdza,0,2,2,1.0
phaeton,0,2,2,1.0
denticular,0,2,2,1.0
dknitx,0,2,2,1.0
oversit,2,0,2,0.0
bwrpckh,0,2,2,1.0
anenih,0,2,2,1.0
niezmierni,2,0,2,0.0
vbintel,0,2,2,1.0
proto,1,1,2,0.5
weidght,0,2,2,1.0
yihdqpq,0,2,2,1.0
experiencedispers,0,2,2,1.0
lulqk,0,2,2,1.0
biobas,0,2,2,1.0
saucebox,0,2,2,1.0
cumpl,0,2,2,1.0
eacplant,0,2,2,1.0
pakaak,0,2,2,1.0
toyou,0,2,2,1.0
euroepan,2,0,2,0.0
mendieta,2,0,2,0.0
incubatori,0,2,2,1.0
phpi,0,2,2,1.0
gecmkecn,0,2,2,1.0
eurorefco,0,2,2,1.0
buckner,2,0,2,0.0
andsel,0,2,2,1.0
triumvir,1,1,2,0.5
qifegblavnzfvotca,0,2,2,1.0
grlerinizi,0,2,2,1.0
henpeck,0,2,2,1.0
stepsl,0,2,2,1.0
holot,0,2,2,1.0
vbzbrsllj,0,2,2,1.0
sportivo,0,2,2,1.0
ftth,0,2,2,1.0
ilustrada,0,2,2,1.0
surl,2,0,2,0.0
func,2,0,2,0.0
woolgar,1,1,2,0.5
circuito,0,2,2,1.0
logisitc,2,0,2,0.0
colaboración,0,2,2,1.0
dayzersclaim,0,2,2,1.0
omwz,0,2,2,1.0
fazi,2,0,2,0.0
opalesc,0,2,2,1.0
sertralin,0,2,2,1.0
youst,0,2,2,1.0
insolvenz,0,2,2,1.0
ydhgaj,0,2,2,1.0
webmasterbas,0,2,2,1.0
steprel,0,2,2,1.0
zpw,0,2,2,1.0
softservic,0,2,2,1.0
thousandsvltra,0,2,2,1.0
obaj,2,0,2,0.0
infragard,0,2,2,1.0
pré,0,2,2,1.0
noho,1,1,2,0.5
hhdfu,0,2,2,1.0
agrjhxb,0,2,2,1.0
nxh,0,2,2,1.0
undet,2,0,2,0.0
jhfjahe,0,2,2,1.0
dodgen,2,0,2,0.0
dess,0,2,2,1.0
overpressur,2,0,2,0.0
beforejanuari,0,2,2,1.0
icwffdzwbua,0,2,2,1.0
polymetali,0,2,2,1.0
spitz,0,2,2,1.0
clamd,0,2,2,1.0
hughston,2,0,2,0.0
amlp,0,2,2,1.0
tatsach,0,2,2,1.0
gazetey,0,2,2,1.0
cmsummit,0,2,2,1.0
tehelka,2,0,2,0.0
rellenar,0,2,2,1.0
facundo,2,0,2,0.0
gaspart,2,0,2,0.0
qjord,0,2,2,1.0
smartwho,0,2,2,1.0
joiner,1,1,2,0.5
ehrenfeld,2,0,2,0.0
btlnobwym,0,2,2,1.0
transa,0,2,2,1.0
cuontri,0,2,2,1.0
aengel,0,2,2,1.0
gbrisban,0,2,2,1.0
defesa,0,2,2,1.0
meagher,2,0,2,0.0
ppldx,0,2,2,1.0
unvitriol,0,2,2,1.0
valabl,0,2,2,1.0
itxetelj,0,2,2,1.0
jwqafowgtjxluu,0,2,2,1.0
econsumerd,0,2,2,1.0
chheap,0,2,2,1.0
glenbrook,0,2,2,1.0
mber,0,2,2,1.0
asbil,1,1,2,0.5
resultaten,0,2,2,1.0
squirter,0,2,2,1.0
motorcad,2,0,2,0.0
memorávei,0,2,2,1.0
carraig,0,2,2,1.0
chessa,2,0,2,0.0
callcent,0,2,2,1.0
amirault,2,0,2,0.0
ixwezvr,0,2,2,1.0
nimbalkar,2,0,2,0.0
infograph,2,0,2,0.0
azebu,0,2,2,1.0
xvnrvevvh,0,2,2,1.0
xenam,0,2,2,1.0
voce,0,2,2,1.0
listeden,0,2,2,1.0
planteamiento,0,2,2,1.0
ricafrent,2,0,2,0.0
flenti,2,0,2,0.0
megamillionscal,0,2,2,1.0
arjgi,0,2,2,1.0
dicionrio,0,2,2,1.0
svng,0,2,2,1.0
envolvida,0,2,2,1.0
sexlud,0,2,2,1.0
suresi,0,2,2,1.0
tastebustl,0,2,2,1.0
hesselink,2,0,2,0.0
avegolden,0,2,2,1.0
steno,2,0,2,0.0
twana,2,0,2,0.0
ttwplksk,0,2,2,1.0
rothchild,2,0,2,0.0
bflqsrqmr,0,2,2,1.0
eeshou,2,0,2,0.0
fskvoe,0,2,2,1.0
ýhla,0,2,2,1.0
bwk,0,2,2,1.0
karistirici,0,2,2,1.0
kupic,2,0,2,0.0
lampang,0,2,2,1.0
lxpsm,0,2,2,1.0
teac,1,1,2,0.5
git,2,0,2,0.0
rectitud,0,2,2,1.0
thepresid,0,2,2,1.0
radian,0,2,2,1.0
fgo,0,2,2,1.0
obispo,1,1,2,0.5
heartsick,0,2,2,1.0
hcmi,0,2,2,1.0
lizi,0,2,2,1.0
worield,0,2,2,1.0
manlich,0,2,2,1.0
groundless,0,2,2,1.0
htemm,0,2,2,1.0
tradition,0,2,2,1.0
shulman,0,2,2,1.0
dyvak,0,2,2,1.0
ammi,1,1,2,0.5
toechtern,0,2,2,1.0
tucow,0,2,2,1.0
ppharmacybymail,0,2,2,1.0
meekatharra,0,2,2,1.0
vanheus,2,0,2,0.0
clvoxszhtqitgiyjbg,0,2,2,1.0
ahmend,0,2,2,1.0
lote,0,2,2,1.0
cornuda,2,0,2,0.0
yob,0,2,2,1.0
jmrbhm,0,2,2,1.0
ruder,2,0,2,0.0
hausing,2,0,2,0.0
wsc,0,2,2,1.0
pickov,2,0,2,0.0
shotbush,0,2,2,1.0
herminghau,2,0,2,0.0
eresum,2,0,2,0.0
fvaodpdof,0,2,2,1.0
ensiv,0,2,2,1.0
hiroshima,0,2,2,1.0
nikpexmo,0,2,2,1.0
rosteen,2,0,2,0.0
haleit,0,2,2,1.0
courtli,0,2,2,1.0
cda,0,2,2,1.0
lamont,1,1,2,0.5
chegar,0,2,2,1.0
toefl,1,1,2,0.5
bioinformat,0,2,2,1.0
zenon,0,2,2,1.0
coule,2,0,2,0.0
chmzczdfmbr,0,2,2,1.0
brada,2,0,2,0.0
mroper,2,0,2,0.0
vesa,0,2,2,1.0
previ,0,2,2,1.0
nrv,0,2,2,1.0
conllevan,0,2,2,1.0
fhambeu,0,2,2,1.0
operacloak,0,2,2,1.0
cardtechnolog,0,2,2,1.0
staffenberg,0,2,2,1.0
éste,0,2,2,1.0
lzl,0,2,2,1.0
viscid,0,2,2,1.0
cecilybaxt,0,2,2,1.0
zlrap,0,2,2,1.0
ncessari,0,2,2,1.0
appropi,2,0,2,0.0
evapho,0,2,2,1.0
thusfar,2,0,2,0.0
nll,0,2,2,1.0
gjmjq,0,2,2,1.0
hueur,0,2,2,1.0
contractexecut,0,2,2,1.0
fluorocarbon,0,2,2,1.0
zrrzlq,0,2,2,1.0
litiggatt,0,2,2,1.0
printforless,0,2,2,1.0
circumlocutori,0,2,2,1.0
eod,2,0,2,0.0
upi,1,1,2,0.5
vjhklh,0,2,2,1.0
africain,0,2,2,1.0
quy,0,2,2,1.0
softyourmean,0,2,2,1.0
buey,0,2,2,1.0
yourfirstnam,0,2,2,1.0
seach,1,1,2,0.5
moich,2,0,2,0.0
iyqqql,0,2,2,1.0
deniseoca,2,0,2,0.0
spamtraq,0,2,2,1.0
bwsufvg,0,2,2,1.0
wch,2,0,2,0.0
interoff,2,0,2,0.0
kock,2,0,2,0.0
unnconnect,0,2,2,1.0
arithmeticcrown,0,2,2,1.0
sickonion,0,2,2,1.0
offfr,0,2,2,1.0
wjodybxdzknt,0,2,2,1.0
grabacin,0,2,2,1.0
armmarmm,0,2,2,1.0
raghuram,2,0,2,0.0
cnfqrse,0,2,2,1.0
vlagrr,0,2,2,1.0
gisol,0,2,2,1.0
scuff,1,1,2,0.5
ycaxmlzif,0,2,2,1.0
yomriexnn,0,2,2,1.0
zqbmfn,0,2,2,1.0
iiplzezjzdoyo,0,2,2,1.0
conneri,2,0,2,0.0
trop,0,2,2,1.0
finestcolleg,0,2,2,1.0
gmqaz,0,2,2,1.0
xdsrfr,0,2,2,1.0
looseani,0,2,2,1.0
telemarkon,0,2,2,1.0
czarn,2,0,2,0.0
dunyagazetesi,0,2,2,1.0
frgn,2,0,2,0.0
nýn,0,2,2,1.0
mhzram,0,2,2,1.0
tableauxwhirlpool,0,2,2,1.0
froml,0,2,2,1.0
rahîmehuma,0,2,2,1.0
urflqv,0,2,2,1.0
godli,0,2,2,1.0
atfc,0,2,2,1.0
unitunit,0,2,2,1.0
mcam,0,2,2,1.0
haal,2,0,2,0.0
huerta,0,2,2,1.0
jennaro,2,0,2,0.0
talber,2,0,2,0.0
bossanovaltd,0,2,2,1.0
svdlav,0,2,2,1.0
llfyuu,0,2,2,1.0
bolw,0,2,2,1.0
bhala,2,0,2,0.0
rcsi,0,2,2,1.0
uncontrollablepain,0,2,2,1.0
upscal,0,2,2,1.0
inspirion,0,2,2,1.0
agin,1,1,2,0.5
abanico,0,2,2,1.0
gjkae,0,2,2,1.0
steffi,2,0,2,0.0
tttolli,0,2,2,1.0
ulaeymfnbjrz,0,2,2,1.0
decenniad,0,2,2,1.0
dong,1,1,2,0.5
zhejiang,0,2,2,1.0
tqjqzxiusiirkkvwl,0,2,2,1.0
lgidziul,0,2,2,1.0
corin,0,2,2,1.0
vieron,0,2,2,1.0
ostatnio,2,0,2,0.0
rech,2,0,2,0.0
shiap,0,2,2,1.0
elko,0,2,2,1.0
emmofmeauusrgbln,0,2,2,1.0
fieldbr,0,2,2,1.0
jeannin,2,0,2,0.0
fffb,0,2,2,1.0
registado,0,2,2,1.0
onayjxh,0,2,2,1.0
seimlerd,0,2,2,1.0
acceier,0,2,2,1.0
krull,2,0,2,0.0
withconfus,0,2,2,1.0
onderzoek,0,2,2,1.0
llrwi,0,2,2,1.0
seeforyourselv,0,2,2,1.0
adminsitr,2,0,2,0.0
incorecct,2,0,2,0.0
rabbilarþil,0,2,2,1.0
lussv,0,2,2,1.0
ihad,0,2,2,1.0
ezywzol,0,2,2,1.0
cancar,2,0,2,0.0
swizerland,0,2,2,1.0
afinancia,0,2,2,1.0
ansehen,0,2,2,1.0
supplémentair,0,2,2,1.0
orgazzz,0,2,2,1.0
playingli,0,2,2,1.0
puserid,0,2,2,1.0
restraunt,2,0,2,0.0
easysharesoftwar,0,2,2,1.0
lspeedhost,0,2,2,1.0
incontrol,0,2,2,1.0
atractivo,0,2,2,1.0
freephoneio,0,2,2,1.0
inceptiion,0,2,2,1.0
metropolitana,0,2,2,1.0
sbg,0,2,2,1.0
deseen,0,2,2,1.0
rmvnow,0,2,2,1.0
bgoldberg,2,0,2,0.0
muntz,2,0,2,0.0
pxi,0,2,2,1.0
einstellen,0,2,2,1.0
multiphas,2,0,2,0.0
pentex,2,0,2,0.0
scarv,0,2,2,1.0
exoil,0,2,2,1.0
freshli,0,2,2,1.0
mutiu,0,2,2,1.0
sula,2,0,2,0.0
lookgoodduo,0,2,2,1.0
amiga,0,2,2,1.0
aznnual,0,2,2,1.0
xftwpfe,0,2,2,1.0
thatmay,0,2,2,1.0
scotiaonlin,0,2,2,1.0
cnrm,0,2,2,1.0
wdlolauy,0,2,2,1.0
despertam,0,2,2,1.0
yqhcwar,0,2,2,1.0
orreri,0,2,2,1.0
internettelefoni,0,2,2,1.0
wxjc,0,2,2,1.0
wfdcvceln,0,2,2,1.0
mro,1,1,2,0.5
featherston,2,0,2,0.0
ecopetrol,2,0,2,0.0
uoxvz,0,2,2,1.0
plagiari,0,2,2,1.0
forestweb,2,0,2,0.0
netzoola,0,2,2,1.0
hormel,2,0,2,0.0
leitura,0,2,2,1.0
petition,2,0,2,0.0
bfont,0,2,2,1.0
eimissi,0,2,2,1.0
criana,0,2,2,1.0
estaba,0,2,2,1.0
inmiddel,0,2,2,1.0
bmi,0,2,2,1.0
constantino,0,2,2,1.0
siltston,0,2,2,1.0
jkr,0,2,2,1.0
procedencia,0,2,2,1.0
cywo,0,2,2,1.0
navarro,1,1,2,0.5
apaga,0,2,2,1.0
renoff,0,2,2,1.0
êíþ,0,2,2,1.0
khlolodnyi,2,0,2,0.0
ywyimxecmyteop,0,2,2,1.0
thelast,0,2,2,1.0
krimski,2,0,2,0.0
kürsi,0,2,2,1.0
,1,1,2,0.5
reductil,0,2,2,1.0
ayxedc,0,2,2,1.0
vezkdxva,0,2,2,1.0
asonish,0,2,2,1.0
finanziel,0,2,2,1.0
hotladiestod,0,2,2,1.0
quarryman,0,2,2,1.0
materiald,0,2,2,1.0
vlakra,0,2,2,1.0
neri,0,2,2,1.0
próstata,0,2,2,1.0
highflier,2,0,2,0.0
nhjdgfm,0,2,2,1.0
bilski,2,0,2,0.0
oum,0,2,2,1.0
sentl,0,2,2,1.0
manikin,0,2,2,1.0
nominet,2,0,2,0.0
pqajkl,0,2,2,1.0
avr,1,1,2,0.5
leechcraft,0,2,2,1.0
celtek,0,2,2,1.0
zuitq,0,2,2,1.0
cah,0,2,2,1.0
denier,0,2,2,1.0
humect,0,2,2,1.0
csibe,0,2,2,1.0
qeh,0,2,2,1.0
dosi,0,2,2,1.0
auzenn,2,0,2,0.0
haralson,2,0,2,0.0
softweek,0,2,2,1.0
tombrandon,0,2,2,1.0
candida,0,2,2,1.0
clebr,0,2,2,1.0
ftäb,0,2,2,1.0
schaumburg,0,2,2,1.0
vece,0,2,2,1.0
viscera,0,2,2,1.0
wiremong,0,2,2,1.0
mistrust,2,0,2,0.0
sftgjxq,0,2,2,1.0
vpycavw,0,2,2,1.0
siktaflow,0,2,2,1.0
absend,0,2,2,1.0
oeminclud,0,2,2,1.0
invvest,0,2,2,1.0
segmentado,0,2,2,1.0
pilipov,2,0,2,0.0
risd,2,0,2,0.0
nabor,2,0,2,0.0
emd,0,2,2,1.0
placatori,0,2,2,1.0
conl,2,0,2,0.0
viaagra,0,2,2,1.0
slk,0,2,2,1.0
tkziz,0,2,2,1.0
loracservic,0,2,2,1.0
prjce,0,2,2,1.0
jamaican,1,1,2,0.5
nhnbtceru,0,2,2,1.0
irwin,0,2,2,1.0
chantellehawaii,0,2,2,1.0
malw,0,2,2,1.0
biocat,0,2,2,1.0
postoffic,2,0,2,0.0
wiesenth,0,2,2,1.0
lnnlec,0,2,2,1.0
utc,1,1,2,0.5
multidado,0,2,2,1.0
zaszczyt,2,0,2,0.0
headmast,0,2,2,1.0
ruwyf,0,2,2,1.0
vhfxji,0,2,2,1.0
primitivalotteri,0,2,2,1.0
flander,0,2,2,1.0
advantu,2,0,2,0.0
virro,2,0,2,0.0
ssqmzw,0,2,2,1.0
npqbbx,0,2,2,1.0
respectiva,0,2,2,1.0
redging,0,2,2,1.0
detaisl,0,2,2,1.0
organizow,2,0,2,0.0
wnjtcuzzbhavzqoug,0,2,2,1.0
mfwoldrhu,0,2,2,1.0
baþlamýþtýr,0,2,2,1.0
iinet,0,2,2,1.0
antiguo,0,2,2,1.0
mmngii,0,2,2,1.0
epeol,2,0,2,0.0
nalini,2,0,2,0.0
dnostdhdr,0,2,2,1.0
flr,0,2,2,1.0
fotografico,0,2,2,1.0
qsrb,0,2,2,1.0
gerektirmez,0,2,2,1.0
zzucpkow,0,2,2,1.0
kkjmvgucmcisbv,0,2,2,1.0
thezar,0,2,2,1.0
wok,0,2,2,1.0
wsfbnclo,0,2,2,1.0
mirador,0,2,2,1.0
ccc,2,0,2,0.0
unwir,0,2,2,1.0
gumption,0,2,2,1.0
èíüþ,0,2,2,1.0
hink,0,2,2,1.0
inour,0,2,2,1.0
requerimiento,0,2,2,1.0
sivak,0,2,2,1.0
maurizio,2,0,2,0.0
gyzdr,0,2,2,1.0
xhljw,0,2,2,1.0
détail,0,2,2,1.0
eckenrod,2,0,2,0.0
foid,0,2,2,1.0
deudor,0,2,2,1.0
niyxfml,0,2,2,1.0
fek,0,2,2,1.0
wowrx,0,2,2,1.0
pokemon,0,2,2,1.0
omnicom,2,0,2,0.0
mvm,0,2,2,1.0
mitbekommt,0,2,2,1.0
lixpejprrl,0,2,2,1.0
riflemen,0,2,2,1.0
stapsgewij,0,2,2,1.0
pcheur,0,2,2,1.0
longwal,0,2,2,1.0
armstrongflag,0,2,2,1.0
nwrgar,0,2,2,1.0
vitiligo,0,2,2,1.0
onn,0,2,2,1.0
yapabilir,0,2,2,1.0
evfu,0,2,2,1.0
consagrado,0,2,2,1.0
diagnstico,0,2,2,1.0
nvhomevalu,0,2,2,1.0
benito,0,2,2,1.0
alacak,0,2,2,1.0
uknat,0,2,2,1.0
discountid,0,2,2,1.0
beleagur,2,0,2,0.0
scheck,0,2,2,1.0
wnyoc,0,2,2,1.0
nprd,0,2,2,1.0
ikjpf,0,2,2,1.0
mangalpada,0,2,2,1.0
vroxrfqmvlorowo,0,2,2,1.0
bihî,0,2,2,1.0
registeous,0,2,2,1.0
õè,0,2,2,1.0
stationmast,0,2,2,1.0
lnp,0,2,2,1.0
anatomist,0,2,2,1.0
otj,0,2,2,1.0
greenvil,0,2,2,1.0
valuecreatorforal,0,2,2,1.0
chalvey,0,2,2,1.0
outonli,0,2,2,1.0
havereceiv,0,2,2,1.0
blokecri,0,2,2,1.0
qgdpyc,0,2,2,1.0
rgqbxnz,0,2,2,1.0
qjrnoaeeg,0,2,2,1.0
alid,0,2,2,1.0
equu,0,2,2,1.0
htbere,0,2,2,1.0
frbni,2,0,2,0.0
dolla,0,2,2,1.0
arþik,0,2,2,1.0
zusammengestellt,0,2,2,1.0
ozxhjd,0,2,2,1.0
conglutin,0,2,2,1.0
quartzit,0,2,2,1.0
teenteenteen,0,2,2,1.0
enefit,2,0,2,0.0
telico,0,2,2,1.0
entiltl,0,2,2,1.0
baþ,0,2,2,1.0
zzncacst,2,0,2,0.0
unod,0,2,2,1.0
godhead,0,2,2,1.0
silymarin,0,2,2,1.0
fannin,2,0,2,0.0
heliac,0,2,2,1.0
gpsdsoccer,2,0,2,0.0
vlkougkno,0,2,2,1.0
tekbir,0,2,2,1.0
plone,0,2,2,1.0
conchi,0,2,2,1.0
invl,0,2,2,1.0
dostmail,0,2,2,1.0
takdisatta,0,2,2,1.0
dwidth,0,2,2,1.0
wqtosaaijwmotbu,0,2,2,1.0
xmvyk,0,2,2,1.0
htmlheadtitlecom,0,2,2,1.0
ourbuy,0,2,2,1.0
backbig,0,2,2,1.0
módem,0,2,2,1.0
bqhx,0,2,2,1.0
pzgyzyhfi,0,2,2,1.0
gerl,2,0,2,0.0
longrun,2,0,2,0.0
qthvn,0,2,2,1.0
rerepres,0,2,2,1.0
bcentral,2,0,2,0.0
ntsj,0,2,2,1.0
boomvang,2,0,2,0.0
eduado,0,2,2,1.0
rxttkwzdl,0,2,2,1.0
pyke,2,0,2,0.0
hldecfo,0,2,2,1.0
clile,0,2,2,1.0
suzper,0,2,2,1.0
uppzzfypb,0,2,2,1.0
onfazizf,0,2,2,1.0
suter,2,0,2,0.0
atenciosament,0,2,2,1.0
earnestin,0,2,2,1.0
tjuz,0,2,2,1.0
systematisch,0,2,2,1.0
gtn,1,1,2,0.5
poymfyxb,0,2,2,1.0
ygfhutmr,0,2,2,1.0
dse,0,2,2,1.0
aktion,0,2,2,1.0
gerti,0,2,2,1.0
hrad,2,0,2,0.0
xeroxffffa,0,2,2,1.0
lausten,2,0,2,0.0
fokg,0,2,2,1.0
pwyz,0,2,2,1.0
sorescu,2,0,2,0.0
besoin,0,2,2,1.0
gaf,0,2,2,1.0
granvil,0,2,2,1.0
rcd,0,2,2,1.0
cvybxmv,0,2,2,1.0
wvp,0,2,2,1.0
chopstick,0,2,2,1.0
exceptionaili,0,2,2,1.0
pérdida,0,2,2,1.0
oeb,0,2,2,1.0
pfuikr,0,2,2,1.0
ugsord,0,2,2,1.0
meeti,2,0,2,0.0
hheymr,0,2,2,1.0
cubana,0,2,2,1.0
szkoleni,2,0,2,0.0
oqqru,0,2,2,1.0
fussel,2,0,2,0.0
synapt,0,2,2,1.0
kmnnu,0,2,2,1.0
onemoreshot,0,2,2,1.0
sucção,0,2,2,1.0
bmtbx,0,2,2,1.0
ecss,0,2,2,1.0
cuidad,0,2,2,1.0
submitexpress,0,2,2,1.0
antithyroid,0,2,2,1.0
outgrow,0,2,2,1.0
syphilit,0,2,2,1.0
anywheremd,0,2,2,1.0
chauvet,2,0,2,0.0
gammi,0,2,2,1.0
nexpoint,2,0,2,0.0
izfemqtpw,0,2,2,1.0
gwilym,2,0,2,0.0
inalámbrica,0,2,2,1.0
fornow,0,2,2,1.0
hidromassagem,0,2,2,1.0
rwfxcxajgrobjn,0,2,2,1.0
geschützt,0,2,2,1.0
bereikt,0,2,2,1.0
ricketi,0,2,2,1.0
sistemi,0,2,2,1.0
seva,0,2,2,1.0
bateko,0,2,2,1.0
fjeged,2,0,2,0.0
nzoomail,0,2,2,1.0
outpost,0,2,2,1.0
socla,0,2,2,1.0
wqyaip,0,2,2,1.0
hilaria,0,2,2,1.0
vicissitud,0,2,2,1.0
oriyut,0,2,2,1.0
vaii,0,2,2,1.0
eqphnpgxicrr,0,2,2,1.0
tlm,1,1,2,0.5
burson,2,0,2,0.0
vitaeon,0,2,2,1.0
guthaben,0,2,2,1.0
leatherwork,0,2,2,1.0
görüsme,0,2,2,1.0
bushman,2,0,2,0.0
qfzaudi,0,2,2,1.0
anagrafica,0,2,2,1.0
adressen,0,2,2,1.0
qaida,0,2,2,1.0
hidd,0,2,2,1.0
cappelli,2,0,2,0.0
offersru,0,2,2,1.0
expec,0,2,2,1.0
rond,0,2,2,1.0
foamer,0,2,2,1.0
ubyrpqtetxjyuyqyfjti,0,2,2,1.0
ktracsi,0,2,2,1.0
thesoleilgroup,0,2,2,1.0
bolso,0,2,2,1.0
understad,0,2,2,1.0
mfgxlk,0,2,2,1.0
gawztdslz,0,2,2,1.0
ressucitação,0,2,2,1.0
guay,2,0,2,0.0
arbeitzeit,0,2,2,1.0
dehisc,0,2,2,1.0
brcan,0,2,2,1.0
amankwa,0,2,2,1.0
apologist,1,1,2,0.5
comtop,0,2,2,1.0
wahab,0,2,2,1.0
foreshown,0,2,2,1.0
idp,2,0,2,0.0
hncbreb,0,2,2,1.0
shola,0,2,2,1.0
buynxlc,0,2,2,1.0
sendero,2,0,2,0.0
konuda,0,2,2,1.0
wineskin,0,2,2,1.0
alam,0,2,2,1.0
saginaw,0,2,2,1.0
milenio,0,2,2,1.0
xolw,0,2,2,1.0
usrobot,0,2,2,1.0
mfunxxhqf,0,2,2,1.0
bilgilendirmemiz,0,2,2,1.0
gladesin,0,2,2,1.0
tcnlrfmm,0,2,2,1.0
intewrest,0,2,2,1.0
pyme,0,2,2,1.0
lrgx,0,2,2,1.0
westbrhong,0,2,2,1.0
insync,2,0,2,0.0
issyouih,0,2,2,1.0
ruhrga,2,0,2,0.0
cardena,1,1,2,0.5
realidad,0,2,2,1.0
llenara,0,2,2,1.0
ytnuvzujo,0,2,2,1.0
balakov,0,2,2,1.0
loko,0,2,2,1.0
sirobot,0,2,2,1.0
bernardina,0,2,2,1.0
moresign,0,2,2,1.0
liamidi,2,0,2,0.0
bayilerin,0,2,2,1.0
interrest,0,2,2,1.0
noblewoman,0,2,2,1.0
coml,0,2,2,1.0
manif,0,2,2,1.0
sogei,0,2,2,1.0
bazar,2,0,2,0.0
zwzm,0,2,2,1.0
ghokooabv,0,2,2,1.0
phreehost,0,2,2,1.0
waaaaaant,0,2,2,1.0
anami,0,2,2,1.0
bnktg,0,2,2,1.0
hicieron,0,2,2,1.0
implac,0,2,2,1.0
anadolubr,0,2,2,1.0
coconspir,0,2,2,1.0
bioventur,0,2,2,1.0
cted,0,2,2,1.0
molo,0,2,2,1.0
xht,0,2,2,1.0
uvisit,0,2,2,1.0
yapmaktadr,0,2,2,1.0
submis,0,2,2,1.0
somersault,0,2,2,1.0
izâ,0,2,2,1.0
waggenspack,2,0,2,0.0
rmemov,0,2,2,1.0
spekoci,0,2,2,1.0
plumtre,2,0,2,0.0
vhwndhf,0,2,2,1.0
dinmico,0,2,2,1.0
bdo,0,2,2,1.0
fddzcqfr,0,2,2,1.0
brodski,2,0,2,0.0
eoxnwfp,0,2,2,1.0
dirigió,0,2,2,1.0
cylunj,0,2,2,1.0
nlarg,0,2,2,1.0
cutress,0,2,2,1.0
erinna,0,2,2,1.0
jnectari,0,2,2,1.0
chanole,0,2,2,1.0
armzonlin,0,2,2,1.0
afspraken,0,2,2,1.0
gaijinninja,0,2,2,1.0
rixranxn,0,2,2,1.0
obstruction,0,2,2,1.0
unhop,1,1,2,0.5
qqqk,0,2,2,1.0
youcontact,0,2,2,1.0
lantz,2,0,2,0.0
justiceoliv,0,2,2,1.0
mbox,0,2,2,1.0
ngpwmhmx,0,2,2,1.0
mispric,2,0,2,0.0
helplin,1,1,2,0.5
zim,0,2,2,1.0
arista,0,2,2,1.0
lightbox,0,2,2,1.0
aktiv,0,2,2,1.0
wpi,0,2,2,1.0
thurday,2,0,2,0.0
pzxi,0,2,2,1.0
agriculturist,2,0,2,0.0
uctvnq,0,2,2,1.0
hellickson,2,0,2,0.0
göz,0,2,2,1.0
snobbish,0,2,2,1.0
prijzen,0,2,2,1.0
kellermey,2,0,2,0.0
gecikmesini,0,2,2,1.0
mmmpppacker,2,0,2,0.0
eovelmpo,0,2,2,1.0
appclrov,0,2,2,1.0
chhfb,0,2,2,1.0
meaan,0,2,2,1.0
enxenpuqh,0,2,2,1.0
oturhjyrn,0,2,2,1.0
perpetur,2,0,2,0.0
ourisit,0,2,2,1.0
vxtrrwm,0,2,2,1.0
unidad,0,2,2,1.0
mansley,2,0,2,0.0
wnzbxg,0,2,2,1.0
icodl,0,2,2,1.0
mxiaen,0,2,2,1.0
saphal,2,0,2,0.0
pss,2,0,2,0.0
kostenginstigen,0,2,2,1.0
bankwesen,0,2,2,1.0
interlard,0,2,2,1.0
ukvzi,0,2,2,1.0
sstn,2,0,2,0.0
gdvkq,0,2,2,1.0
kslbvfial,0,2,2,1.0
inalmbrica,0,2,2,1.0
dispatchscout,2,0,2,0.0
tob,0,2,2,1.0
mtkf,0,2,2,1.0
removeemailadl,0,2,2,1.0
veariel,2,0,2,0.0
easymatch,2,0,2,0.0
undewrit,0,2,2,1.0
equivalncia,0,2,2,1.0
xyzmedia,0,2,2,1.0
currentnewslett,0,2,2,1.0
mfofmaclw,0,2,2,1.0
conc,1,1,2,0.5
azcpl,0,2,2,1.0
mrnhfsim,0,2,2,1.0
hcyqmln,0,2,2,1.0
bnr,1,1,2,0.5
lkedhmiw,0,2,2,1.0
zlwa,0,2,2,1.0
overholt,2,0,2,0.0
qypgvh,0,2,2,1.0
lyndsey,0,2,2,1.0
teleconferenc,2,0,2,0.0
seeabl,0,2,2,1.0
coujsx,0,2,2,1.0
footsi,1,1,2,0.5
plachi,2,0,2,0.0
kodiak,0,2,2,1.0
roulston,0,2,2,1.0
harwel,2,0,2,0.0
torzl,0,2,2,1.0
zawqzb,0,2,2,1.0
analgin,0,2,2,1.0
carneig,2,0,2,0.0
flce,0,2,2,1.0
jusher,2,0,2,0.0
prepaga,0,2,2,1.0
concernig,2,0,2,0.0
xaao,2,0,2,0.0
roahgud,0,2,2,1.0
manli,0,2,2,1.0
netbest,0,2,2,1.0
iip,0,2,2,1.0
legalidad,0,2,2,1.0
primitiv,0,2,2,1.0
nothankx,0,2,2,1.0
spanspan,0,2,2,1.0
bobrow,1,1,2,0.5
emosl,2,0,2,0.0
pondr,0,2,2,1.0
mxg,0,2,2,1.0
nonth,2,0,2,0.0
browbeat,1,1,2,0.5
blackpeopl,0,2,2,1.0
udbldt,0,2,2,1.0
debarwa,0,2,2,1.0
rhomboid,0,2,2,1.0
magovern,2,0,2,0.0
londynu,2,0,2,0.0
flom,2,0,2,0.0
reyda,0,2,2,1.0
haveunanim,0,2,2,1.0
rdcavalri,0,2,2,1.0
gtywaklvc,0,2,2,1.0
ghoulish,0,2,2,1.0
zhong,1,1,2,0.5
rtwidwel,0,2,2,1.0
eutzd,0,2,2,1.0
nion,0,2,2,1.0
conedenergi,2,0,2,0.0
reeduc,0,2,2,1.0
meiden,0,2,2,1.0
offiv,0,2,2,1.0
parl,0,2,2,1.0
elens,2,0,2,0.0
groomsman,0,2,2,1.0
nymarch,2,0,2,0.0
prebuild,2,0,2,0.0
jhb,0,2,2,1.0
nmul,0,2,2,1.0
bbarbour,0,2,2,1.0
aos,0,2,2,1.0
oniyl,0,2,2,1.0
sifjiqh,0,2,2,1.0
estern,0,2,2,1.0
einfachen,0,2,2,1.0
haemophilia,0,2,2,1.0
tiera,1,1,2,0.5
indicatessel,2,0,2,0.0
hobbyist,0,2,2,1.0
thjoyyerv,0,2,2,1.0
ciaali,0,2,2,1.0
heinzclaimo,0,2,2,1.0
edn,0,2,2,1.0
tztc,0,2,2,1.0
brooksdisanto,0,2,2,1.0
negociao,0,2,2,1.0
bilburi,2,0,2,0.0
yahtelifûn,0,2,2,1.0
destuff,0,2,2,1.0
hwmfvt,0,2,2,1.0
administracion,0,2,2,1.0
utzvnk,0,2,2,1.0
killedthi,0,2,2,1.0
netcollag,0,2,2,1.0
exceders,0,2,2,1.0
gjux,0,2,2,1.0
rmbrownl,2,0,2,0.0
vesxmktg,0,2,2,1.0
shesaid,0,2,2,1.0
maneb,0,2,2,1.0
plowstilt,0,2,2,1.0
privilegem,0,2,2,1.0
morntix,0,2,2,1.0
mistreat,2,0,2,0.0
cfdmxctl,0,2,2,1.0
vcyywln,0,2,2,1.0
plp,0,2,2,1.0
creutzfeld,0,2,2,1.0
immediatelyi,0,2,2,1.0
ttle,0,2,2,1.0
wiedziec,2,0,2,0.0
chokri,0,2,2,1.0
bacalau,0,2,2,1.0
metga,2,0,2,0.0
tmrehp,0,2,2,1.0
iigdp,0,2,2,1.0
enthus,1,1,2,0.5
proteccion,0,2,2,1.0
comisin,0,2,2,1.0
oronto,0,2,2,1.0
amistad,0,2,2,1.0
stroud,2,0,2,0.0
kaniss,2,0,2,0.0
perubhatla,2,0,2,0.0
cheemal,0,2,2,1.0
pglfgjsr,0,2,2,1.0
selsun,0,2,2,1.0
raglan,0,2,2,1.0
erotiknewslett,0,2,2,1.0
directtown,0,2,2,1.0
pentastar,2,0,2,0.0
stoor,0,2,2,1.0
skippi,0,2,2,1.0
acsmg,0,2,2,1.0
ucheckout,0,2,2,1.0
jpn,1,1,2,0.5
grannan,2,0,2,0.0
dsfveug,0,2,2,1.0
marcado,0,2,2,1.0
ehurr,2,0,2,0.0
napalmlight,0,2,2,1.0
brcenterblearn,0,2,2,1.0
adexobi,0,2,2,1.0
piilsoniin,0,2,2,1.0
jitterbugg,0,2,2,1.0
smula,0,2,2,1.0
entendemo,0,2,2,1.0
newgroup,0,2,2,1.0
ourpillsusa,0,2,2,1.0
aauyimht,0,2,2,1.0
kafa,0,2,2,1.0
bearbeit,0,2,2,1.0
rllfdunb,0,2,2,1.0
gdct,0,2,2,1.0
milam,2,0,2,0.0
storagenetwork,2,0,2,0.0
excogit,0,2,2,1.0
izibklv,0,2,2,1.0
nascido,0,2,2,1.0
encima,0,2,2,1.0
ppll,0,2,2,1.0
euuivo,0,2,2,1.0
gayi,0,2,2,1.0
dtewvhb,0,2,2,1.0
burnth,0,2,2,1.0
mcredmond,0,2,2,1.0
afrol,0,2,2,1.0
fptukg,0,2,2,1.0
objetiva,0,2,2,1.0
easyspreadsheet,0,2,2,1.0
dpzlqsq,0,2,2,1.0
roseie,0,2,2,1.0
lahay,0,2,2,1.0
ywfsvasaf,0,2,2,1.0
wtca,0,2,2,1.0
wtcpl,2,0,2,0.0
brh,0,2,2,1.0
adc,1,1,2,0.5
assimtrica,0,2,2,1.0
africaspainsri,0,2,2,1.0
sinserelli,0,2,2,1.0
kbid,0,2,2,1.0
ubw,1,1,2,0.5
cordura,0,2,2,1.0
vlagth,0,2,2,1.0
swocth,0,2,2,1.0
andreamvv,0,2,2,1.0
wciaz,2,0,2,0.0
afaoqn,0,2,2,1.0
indicando,0,2,2,1.0
raha,2,0,2,0.0
expensexm,2,0,2,0.0
oemwhat,0,2,2,1.0
sunward,0,2,2,1.0
tpedro,0,2,2,1.0
itoo,0,2,2,1.0
lazv,0,2,2,1.0
kennyboy,0,2,2,1.0
nehrb,0,2,2,1.0
qwpjol,0,2,2,1.0
aproxim,2,0,2,0.0
thestag,0,2,2,1.0
adivasi,0,2,2,1.0
finnerti,2,0,2,0.0
howleymoos,0,2,2,1.0
taeja,0,2,2,1.0
ijo,0,2,2,1.0
directorio,0,2,2,1.0
asociacin,0,2,2,1.0
hpiripdoo,0,2,2,1.0
luuuvin,0,2,2,1.0
beof,0,2,2,1.0
delav,0,2,2,1.0
zzxtfeerekvwkug,0,2,2,1.0
sobald,0,2,2,1.0
enroninterview,2,0,2,0.0
centerion,0,2,2,1.0
gericht,0,2,2,1.0
celli,0,2,2,1.0
jumpeo,0,2,2,1.0
seer,0,2,2,1.0
zdaard,0,2,2,1.0
headdress,0,2,2,1.0
hypothalam,0,2,2,1.0
victorigor,0,2,2,1.0
nmina,0,2,2,1.0
urpris,0,2,2,1.0
breann,0,2,2,1.0
bierc,0,2,2,1.0
workforcemetr,0,2,2,1.0
ozqzvxsiw,0,2,2,1.0
tajfurlgm,0,2,2,1.0
zudenken,0,2,2,1.0
aquéllo,0,2,2,1.0
yanli,0,2,2,1.0
hyssop,0,2,2,1.0
decnop,2,0,2,0.0
mgmmmpvh,0,2,2,1.0
tattooblot,0,2,2,1.0
midzynarodowych,2,0,2,0.0
asegura,0,2,2,1.0
hci,0,2,2,1.0
gcaegjhd,0,2,2,1.0
bxx,0,2,2,1.0
vcodln,0,2,2,1.0
dromi,0,2,2,1.0
grv,0,2,2,1.0
latium,0,2,2,1.0
mamer,0,2,2,1.0
cuya,0,2,2,1.0
jmd,0,2,2,1.0
nhakb,0,2,2,1.0
ruojrxor,0,2,2,1.0
rsxfvle,0,2,2,1.0
trspt,2,0,2,0.0
housebanc,0,2,2,1.0
bsx,2,0,2,0.0
forbruceg,0,2,2,1.0
ecpm,0,2,2,1.0
eafc,0,2,2,1.0
absult,0,2,2,1.0
procomseri,2,0,2,0.0
eclesistico,0,2,2,1.0
tatsuro,2,0,2,0.0
armitag,1,1,2,0.5
implementar,0,2,2,1.0
tlucek,2,0,2,0.0
arguement,2,0,2,0.0
unspeak,0,2,2,1.0
manyisearchi,0,2,2,1.0
xxp,0,2,2,1.0
bayarea,0,2,2,1.0
reword,2,0,2,0.0
rsult,0,2,2,1.0
obxefhjlk,0,2,2,1.0
nummber,0,2,2,1.0
stadiumtour,0,2,2,1.0
xtampqd,0,2,2,1.0
jkarp,2,0,2,0.0
mbblm,0,2,2,1.0
coppabella,0,2,2,1.0
qubec,0,2,2,1.0
twagmt,2,0,2,0.0
yüz,0,2,2,1.0
kulic,2,0,2,0.0
matir,0,2,2,1.0
dolo,2,0,2,0.0
gher,0,2,2,1.0
marstel,2,0,2,0.0
orphic,0,2,2,1.0
hemedvq,0,2,2,1.0
alkalinedalton,0,2,2,1.0
ourlast,0,2,2,1.0
mabuto,0,2,2,1.0
riskin,0,2,2,1.0
yvudbvtxcer,0,2,2,1.0
destacar,0,2,2,1.0
bslqmj,0,2,2,1.0
informationi,2,0,2,0.0
premenstru,0,2,2,1.0
succul,0,2,2,1.0
jwnutahfqezwlnwewv,0,2,2,1.0
dhdrl,0,2,2,1.0
ieb,2,0,2,0.0
dúo,0,2,2,1.0
polarograph,0,2,2,1.0
focalex,0,2,2,1.0
puedenasistir,0,2,2,1.0
desmintiendo,0,2,2,1.0
prvenir,0,2,2,1.0
southernpolel,0,2,2,1.0
jorum,0,2,2,1.0
zahdhi,0,2,2,1.0
alisha,0,2,2,1.0
fqd,0,2,2,1.0
furios,0,2,2,1.0
pokorni,2,0,2,0.0
pjorion,2,0,2,0.0
blacka,0,2,2,1.0
continuidad,0,2,2,1.0
awqer,0,2,2,1.0
melman,2,0,2,0.0
vesselâmet,0,2,2,1.0
roken,0,2,2,1.0
bswc,0,2,2,1.0
zircon,0,2,2,1.0
devr,0,2,2,1.0
inreport,0,2,2,1.0
nomatt,0,2,2,1.0
hfzuvw,0,2,2,1.0
whitish,0,2,2,1.0
rmtr,2,0,2,0.0
tdcentera,0,2,2,1.0
iorio,2,0,2,0.0
kjnoolmu,0,2,2,1.0
hvdeguxr,0,2,2,1.0
travelocityfli,0,2,2,1.0
betterof,0,2,2,1.0
atacada,0,2,2,1.0
vmx,0,2,2,1.0
gebi,0,2,2,1.0
huls,2,0,2,0.0
yojzixizshl,0,2,2,1.0
inplay,2,0,2,0.0
aboutthi,0,2,2,1.0
airspray,0,2,2,1.0
pirr,0,2,2,1.0
desvantagen,0,2,2,1.0
dcjgybe,0,2,2,1.0
gauherint,2,0,2,0.0
brava,0,2,2,1.0
epriz,0,2,2,1.0
midlevel,2,0,2,0.0
addiont,2,0,2,0.0
crowdon,0,2,2,1.0
liif,0,2,2,1.0
sturbat,0,2,2,1.0
countersign,2,0,2,0.0
karesava,0,2,2,1.0
videomail,2,0,2,0.0
transvestit,0,2,2,1.0
sdjpwcg,0,2,2,1.0
unpeopl,0,2,2,1.0
txxi,0,2,2,1.0
rcc,0,2,2,1.0
illion,0,2,2,1.0
whippo,2,0,2,0.0
vqj,0,2,2,1.0
bqisz,0,2,2,1.0
ladylik,0,2,2,1.0
melton,1,1,2,0.5
hypotensionl,0,2,2,1.0
invivo,0,2,2,1.0
hockenberi,2,0,2,0.0
rememeb,1,1,2,0.5
aslant,0,2,2,1.0
copan,2,0,2,0.0
arialbtoday,0,2,2,1.0
ibd,1,1,2,0.5
fvvplzqum,0,2,2,1.0
psychos,0,2,2,1.0
baselabba,0,2,2,1.0
antun,0,2,2,1.0
iahr,0,2,2,1.0
rqrtrkrlrpiljglmlthplllm,0,2,2,1.0
ukxdxg,0,2,2,1.0
bazzo,0,2,2,1.0
nowfor,0,2,2,1.0
multicam,0,2,2,1.0
univari,0,2,2,1.0
dcqzmcx,0,2,2,1.0
ftx,0,2,2,1.0
ucsekn,0,2,2,1.0
kneecap,0,2,2,1.0
cancelflight,2,0,2,0.0
inaf,0,2,2,1.0
frankfrank,0,2,2,1.0
barronsarti,2,0,2,0.0
pbb,0,2,2,1.0
liquidu,0,2,2,1.0
zhongwen,0,2,2,1.0
dunlevi,2,0,2,0.0
edss,0,2,2,1.0
nanotechnolog,0,2,2,1.0
jif,0,2,2,1.0
pvacat,2,0,2,0.0
pania,2,0,2,0.0
outsat,0,2,2,1.0
rythma,0,2,2,1.0
bonsal,0,2,2,1.0
energylead,2,0,2,0.0
thaibook,0,2,2,1.0
tutorial,0,2,2,1.0
cultural,0,2,2,1.0
uyoqglp,0,2,2,1.0
turpitud,0,2,2,1.0
mexer,0,2,2,1.0
thanktyou,0,2,2,1.0
loto,0,2,2,1.0
otw,0,2,2,1.0
rebeccarangl,0,2,2,1.0
ardihmkvkgfkrbkipa,0,2,2,1.0
allsofta,0,2,2,1.0
espd,2,0,2,0.0
quaker,2,0,2,0.0
erkennen,0,2,2,1.0
worldrxco,0,2,2,1.0
uinta,2,0,2,0.0
bidgmdmf,0,2,2,1.0
etholog,0,2,2,1.0
onukogu,2,0,2,0.0
plxlion,0,2,2,1.0
sdxfnl,0,2,2,1.0
fomer,0,2,2,1.0
mashe,2,0,2,0.0
shedul,1,1,2,0.5
pcqxao,0,2,2,1.0
rathmel,2,0,2,0.0
comprobación,0,2,2,1.0
hiatal,0,2,2,1.0
gka,0,2,2,1.0
viaggr,0,2,2,1.0
contribuir,0,2,2,1.0
wuprrmgyf,0,2,2,1.0
fcke,0,2,2,1.0
obligatorio,0,2,2,1.0
adqch,0,2,2,1.0
bkunknoemoob,0,2,2,1.0
displeas,0,2,2,1.0
dierdr,2,0,2,0.0
companionship,2,0,2,0.0
icum,0,2,2,1.0
wyhbi,0,2,2,1.0
awuxg,0,2,2,1.0
tilley,1,1,2,0.5
rebhorn,2,0,2,0.0
stute,1,1,2,0.5
koqqxia,0,2,2,1.0
bewitchcatnip,0,2,2,1.0
jlmogtm,0,2,2,1.0
saccharin,0,2,2,1.0
usmjv,0,2,2,1.0
maroi,2,0,2,0.0
escapescruis,0,2,2,1.0
ashish,2,0,2,0.0
laquel,0,2,2,1.0
opxewjnww,0,2,2,1.0
absol,0,2,2,1.0
vaol,2,0,2,0.0
rykaard,0,2,2,1.0
evbetid,0,2,2,1.0
pgpfreewar,2,0,2,0.0
fromhi,0,2,2,1.0
pearlman,2,0,2,0.0
utt,0,2,2,1.0
wdrztxzgi,0,2,2,1.0
engelska,2,0,2,0.0
opri,1,1,2,0.5
patekar,0,2,2,1.0
eporsfa,0,2,2,1.0
firstdentalplan,0,2,2,1.0
stwh,2,0,2,0.0
hdo,1,1,2,0.5
coronach,0,2,2,1.0
zionett,2,0,2,0.0
melanex,0,2,2,1.0
wvlnpjucw,0,2,2,1.0
brie,0,2,2,1.0
discounten,0,2,2,1.0
makingrevis,2,0,2,0.0
vwi,0,2,2,1.0
tkm,0,2,2,1.0
ircinconlin,0,2,2,1.0
ddid,0,2,2,1.0
darialtir,0,2,2,1.0
skywalk,0,2,2,1.0
ledesma,2,0,2,0.0
vwptk,0,2,2,1.0
xkcsuz,0,2,2,1.0
rck,0,2,2,1.0
redactamo,0,2,2,1.0
flimbot,0,2,2,1.0
erectlion,0,2,2,1.0
ihidtmni,0,2,2,1.0
potash,0,2,2,1.0
ldupnn,0,2,2,1.0
dupwt,0,2,2,1.0
loonlast,0,2,2,1.0
qlp,0,2,2,1.0
infoflash,0,2,2,1.0
venoco,2,0,2,0.0
jpbresum,2,0,2,0.0
itsvia,0,2,2,1.0
dipl,1,1,2,0.5
optstripopt,2,0,2,0.0
blhmu,0,2,2,1.0
beforejun,0,2,2,1.0
chitaqua,2,0,2,0.0
eed,2,0,2,0.0
ardkbpchfdwhavbp,0,2,2,1.0
kendallvil,0,2,2,1.0
scopic,0,2,2,1.0
lovemak,0,2,2,1.0
happensand,0,2,2,1.0
bibliografa,0,2,2,1.0
xapnax,0,2,2,1.0
spectacuiar,0,2,2,1.0
taix,0,2,2,1.0
ppk,0,2,2,1.0
serem,0,2,2,1.0
escoja,0,2,2,1.0
scri,0,2,2,1.0
prrg,0,2,2,1.0
chromit,0,2,2,1.0
florencio,0,2,2,1.0
heor,0,2,2,1.0
undemocrat,0,2,2,1.0
oulwmufo,2,0,2,0.0
representação,0,2,2,1.0
addressmak,0,2,2,1.0
revl,2,0,2,0.0
intesabci,2,0,2,0.0
salio,0,2,2,1.0
yqb,0,2,2,1.0
spadochronowej,2,0,2,0.0
fadzilah,0,2,2,1.0
evaluar,0,2,2,1.0
maximizar,0,2,2,1.0
oolit,0,2,2,1.0
manyimor,0,2,2,1.0
yuku,0,2,2,1.0
bnk,1,1,2,0.5
sandelli,0,2,2,1.0
mcgurn,2,0,2,0.0
msm,0,2,2,1.0
frontipag,0,2,2,1.0
fccqwgluq,0,2,2,1.0
normet,0,2,2,1.0
ocupación,0,2,2,1.0
iil,0,2,2,1.0
economico,1,1,2,0.5
yaydglt,0,2,2,1.0
peakimpact,0,2,2,1.0
klnjc,0,2,2,1.0
yoyukrpi,2,0,2,0.0
rpmynofdopnqnyej,2,0,2,0.0
substancia,0,2,2,1.0
mobiplu,0,2,2,1.0
gullweig,0,2,2,1.0
anticipar,0,2,2,1.0
minni,0,2,2,1.0
vktfyngoqevl,2,0,2,0.0
megabuck,0,2,2,1.0
ocyjxm,0,2,2,1.0
puao,0,2,2,1.0
commentaryto,0,2,2,1.0
pettersen,2,0,2,0.0
snfc,0,2,2,1.0
brockwel,2,0,2,0.0
supremo,2,0,2,0.0
callsign,0,2,2,1.0
goeyoung,0,2,2,1.0
domreg,2,0,2,0.0
centraal,0,2,2,1.0
tojworld,0,2,2,1.0
rubaiyat,0,2,2,1.0
mwn,2,0,2,0.0
thompkin,2,0,2,0.0
zdiph,0,2,2,1.0
silha,2,0,2,0.0
harriett,0,2,2,1.0
paidtosurf,0,2,2,1.0
weinbergcontent,0,2,2,1.0
fearlessli,0,2,2,1.0
displayedat,0,2,2,1.0
shee,0,2,2,1.0
lage,0,2,2,1.0
weaponsmith,0,2,2,1.0
cdsstrat,2,0,2,0.0
hoher,0,2,2,1.0
kwwxbb,0,2,2,1.0
bullard,1,1,2,0.5
estafador,0,2,2,1.0
esruoc,0,2,2,1.0
tradeabl,2,0,2,0.0
fsanygchr,0,2,2,1.0
onlineroda,0,2,2,1.0
misheard,0,2,2,1.0
wasserman,0,2,2,1.0
totaarrest,0,2,2,1.0
wxmap,2,0,2,0.0
lqfk,0,2,2,1.0
leadi,0,2,2,1.0
fnxhhrhioidagqi,0,2,2,1.0
ygbu,0,2,2,1.0
wkca,0,2,2,1.0
ipagqg,0,2,2,1.0
onwednesdayjulyl,0,2,2,1.0
smog,1,1,2,0.5
longlast,0,2,2,1.0
ingevuld,0,2,2,1.0
realtionship,2,0,2,0.0
cucinotta,2,0,2,0.0
ylupazu,0,2,2,1.0
onza,1,1,2,0.5
smxsx,0,2,2,1.0
nmfmqywro,0,2,2,1.0
oiecvymkf,0,2,2,1.0
manicur,0,2,2,1.0
gpvqdzbgjyiuyuz,0,2,2,1.0
festow,2,0,2,0.0
thetworld,0,2,2,1.0
dopopund,0,2,2,1.0
wtp,0,2,2,1.0
rdmmngc,0,2,2,1.0
ffv,0,2,2,1.0
papousek,2,0,2,0.0
florican,0,2,2,1.0
priceshift,2,0,2,0.0
isoto,0,2,2,1.0
aysdl,0,2,2,1.0
ggilgv,0,2,2,1.0
detecta,0,2,2,1.0
boerner,2,0,2,0.0
pearlmast,0,2,2,1.0
kodierung,0,2,2,1.0
mhmn,0,2,2,1.0
fieu,0,2,2,1.0
nncjymqbfixferafmt,0,2,2,1.0
populac,0,2,2,1.0
uvywlodnh,0,2,2,1.0
dwould,0,2,2,1.0
frent,0,2,2,1.0
jtjpbdhaf,0,2,2,1.0
pji,0,2,2,1.0
podrán,0,2,2,1.0
axew,0,2,2,1.0
kennst,0,2,2,1.0
uitgev,0,2,2,1.0
svpdfrrbt,0,2,2,1.0
metailurgica,0,2,2,1.0
comercializar,0,2,2,1.0
lhzhk,0,2,2,1.0
curlingiron,0,2,2,1.0
humwth,0,2,2,1.0
fkm,0,2,2,1.0
dâiddîn,0,2,2,1.0
khopper,2,0,2,0.0
fordward,2,0,2,0.0
goate,0,2,2,1.0
gráfico,0,2,2,1.0
ubrani,2,0,2,0.0
metodo,0,2,2,1.0
coxr,0,2,2,1.0
mmedz,0,2,2,1.0
yotgi,0,2,2,1.0
precisez,0,2,2,1.0
egypthttp,0,2,2,1.0
artisanbookstor,0,2,2,1.0
jlnyjxfp,0,2,2,1.0
angefordert,0,2,2,1.0
jgnjrbpah,0,2,2,1.0
bierbach,2,0,2,0.0
verv,0,2,2,1.0
evlen,0,2,2,1.0
pplu,2,0,2,0.0
leakagecollect,0,2,2,1.0
singleschat,0,2,2,1.0
ewnxrh,0,2,2,1.0
oolz,0,2,2,1.0
artistiqu,0,2,2,1.0
suncatch,0,2,2,1.0
vswrx,0,2,2,1.0
eyesin,0,2,2,1.0
brigen,0,2,2,1.0
mannerist,0,2,2,1.0
wqzpo,0,2,2,1.0
nrfo,0,2,2,1.0
latoya,0,2,2,1.0
krabicka,0,2,2,1.0
aanpak,0,2,2,1.0
rjtum,0,2,2,1.0
aha,0,2,2,1.0
xinbox,2,0,2,0.0
venter,0,2,2,1.0
axelero,0,2,2,1.0
lpgkmdagmsz,0,2,2,1.0
muturl,0,2,2,1.0
expiat,0,2,2,1.0
jetset,0,2,2,1.0
tocom,0,2,2,1.0
wege,0,2,2,1.0
isamkcyk,0,2,2,1.0
pinnul,0,2,2,1.0
takashigeo,0,2,2,1.0
ciover,0,2,2,1.0
jeschk,2,0,2,0.0
mzgswx,0,2,2,1.0
verlinken,0,2,2,1.0
wqdfa,0,2,2,1.0
sedexvalor,0,2,2,1.0
cardíaca,0,2,2,1.0
lî,0,2,2,1.0
incapit,2,0,2,0.0
wongsimono,0,2,2,1.0
terlip,2,0,2,0.0
kkjklhic,0,2,2,1.0
drope,2,0,2,0.0
mkweslfu,0,2,2,1.0
webtransit,0,2,2,1.0
tydzien,2,0,2,0.0
atlon,0,2,2,1.0
linkshield,0,2,2,1.0
genedr,0,2,2,1.0
interstor,2,0,2,0.0
stehen,0,2,2,1.0
madd,0,2,2,1.0
metodologa,0,2,2,1.0
repul,0,2,2,1.0
andra,1,1,2,0.5
cherylbaxt,0,2,2,1.0
anthropoid,0,2,2,1.0
nsyvuihqrtqnlwu,0,2,2,1.0
ljdxg,0,2,2,1.0
fme,0,2,2,1.0
sartor,0,2,2,1.0
peqzw,0,2,2,1.0
brbrook,0,2,2,1.0
menoy,0,2,2,1.0
arialblos,0,2,2,1.0
uneasili,0,2,2,1.0
classypeopleitem,0,2,2,1.0
wrightlaw,2,0,2,0.0
gallantli,0,2,2,1.0
önemlisi,0,2,2,1.0
hsxhueu,0,2,2,1.0
partiy,0,2,2,1.0
hnd,0,2,2,1.0
unflag,2,0,2,0.0
xamxsj,0,2,2,1.0
loyaiti,0,2,2,1.0
saay,0,2,2,1.0
bedrijf,0,2,2,1.0
veti,0,2,2,1.0
successoneo,0,2,2,1.0
kup,0,2,2,1.0
strasser,2,0,2,0.0
beral,0,2,2,1.0
faoi,0,2,2,1.0
cerrito,1,1,2,0.5
irresuscit,0,2,2,1.0
esjeccg,0,2,2,1.0
textnorm,0,2,2,1.0
oqoap,0,2,2,1.0
riaan,0,2,2,1.0
liferadar,0,2,2,1.0
latersh,0,2,2,1.0
andeveryth,0,2,2,1.0
jphah,0,2,2,1.0
vvhole,0,2,2,1.0
yasushi,2,0,2,0.0
kaiiafox,0,2,2,1.0
hbfgyhf,0,2,2,1.0
thrreee,0,2,2,1.0
heeereeee,0,2,2,1.0
selfinvit,0,2,2,1.0
ntr,0,2,2,1.0
rgldj,0,2,2,1.0
aceinkjet,0,2,2,1.0
sbtglaw,2,0,2,0.0
harslet,0,2,2,1.0
oapvooj,0,2,2,1.0
oscommerc,0,2,2,1.0
truco,0,2,2,1.0
fvj,0,2,2,1.0
wmc,0,2,2,1.0
yoram,2,0,2,0.0
molesta,0,2,2,1.0
bizsrv,2,0,2,0.0
dtu,0,2,2,1.0
hostasauru,0,2,2,1.0
dhni,0,2,2,1.0
wfi,0,2,2,1.0
comprovar,0,2,2,1.0
geut,0,2,2,1.0
yupjjj,0,2,2,1.0
stenographi,0,2,2,1.0
mdggzemyestsr,2,0,2,0.0
jounceeigenspac,0,2,2,1.0
goneforgood,0,2,2,1.0
lordchamberlain,0,2,2,1.0
submitiyour,0,2,2,1.0
pawiatrek,2,0,2,0.0
oregano,0,2,2,1.0
dnsolpayp,0,2,2,1.0
sumpay,0,2,2,1.0
moazzam,2,0,2,0.0
breuer,2,0,2,0.0
penâhî,0,2,2,1.0
ymcoviel,2,0,2,0.0
ibeanusi,0,2,2,1.0
getrat,0,2,2,1.0
preceed,2,0,2,0.0
disaopportun,0,2,2,1.0
jacf,2,0,2,0.0
spurm,0,2,2,1.0
dogbon,2,0,2,0.0
ouija,0,2,2,1.0
verilen,0,2,2,1.0
gestaltet,0,2,2,1.0
modelsearch,0,2,2,1.0
floorheatech,0,2,2,1.0
equivel,0,2,2,1.0
rediscov,0,2,2,1.0
paoli,0,2,2,1.0
novi,2,0,2,0.0
comto,0,2,2,1.0
darth,0,2,2,1.0
wuenschen,0,2,2,1.0
gcc,2,0,2,0.0
dieselpow,0,2,2,1.0
djsbook,0,2,2,1.0
eyait,0,2,2,1.0
gooday,0,2,2,1.0
intop,0,2,2,1.0
rlippock,2,0,2,0.0
dediði,0,2,2,1.0
fkjg,0,2,2,1.0
smuttiest,0,2,2,1.0
pcez,2,0,2,0.0
belen,1,1,2,0.5
incrio,0,2,2,1.0
kartuschen,0,2,2,1.0
cadastrada,0,2,2,1.0
rreadi,0,2,2,1.0
welik,0,2,2,1.0
batismo,0,2,2,1.0
thncc,0,2,2,1.0
barnhart,1,1,2,0.5
recorr,0,2,2,1.0
acompanhado,0,2,2,1.0
qcfvc,2,0,2,0.0
notrec,0,2,2,1.0
confidentail,0,2,2,1.0
howardag,2,0,2,0.0
vyeri,0,2,2,1.0
illallâhu,0,2,2,1.0
dubaicrud,2,0,2,0.0
reviso,0,2,2,1.0
lvlr,0,2,2,1.0
darel,0,2,2,1.0
kgpa,0,2,2,1.0
opgestart,0,2,2,1.0
rfilmmak,0,2,2,1.0
megasearchbar,0,2,2,1.0
zbx,0,2,2,1.0
ular,0,2,2,1.0
benington,2,0,2,0.0
popl,0,2,2,1.0
xfpocqo,0,2,2,1.0
calcular,0,2,2,1.0
akzent,0,2,2,1.0
haram,0,2,2,1.0
lewistown,0,2,2,1.0
weesp,0,2,2,1.0
contracr,0,2,2,1.0
kpo,0,2,2,1.0
ãê,0,2,2,1.0
stagnanc,0,2,2,1.0
cveguj,0,2,2,1.0
queremo,0,2,2,1.0
reviewmeist,2,0,2,0.0
aufnehmen,0,2,2,1.0
reencontro,0,2,2,1.0
giqzf,0,2,2,1.0
xqhzvisfi,0,2,2,1.0
accounthold,0,2,2,1.0
civilit,0,2,2,1.0
bcherxpaviukg,0,2,2,1.0
efl,0,2,2,1.0
mobilepro,0,2,2,1.0
befullofhealth,0,2,2,1.0
streptomycin,0,2,2,1.0
aint,1,1,2,0.5
besparen,0,2,2,1.0
pmoney,0,2,2,1.0
robertn,2,0,2,0.0
sinirli,0,2,2,1.0
pilbara,0,2,2,1.0
stereopow,0,2,2,1.0
westplain,2,0,2,0.0
pbmelz,0,2,2,1.0
ffffffbrmail,0,2,2,1.0
aten,0,2,2,1.0
helv,0,2,2,1.0
mwd,2,0,2,0.0
zlva,0,2,2,1.0
slade,0,2,2,1.0
curtin,2,0,2,0.0
bkbpaksl,0,2,2,1.0
belastingaftrek,0,2,2,1.0
mwari,0,2,2,1.0
environmentaliy,0,2,2,1.0
bninoi,0,2,2,1.0
eidd,0,2,2,1.0
ilustrativa,0,2,2,1.0
renumb,1,1,2,0.5
samira,0,2,2,1.0
gratulationen,0,2,2,1.0
duración,0,2,2,1.0
chileno,0,2,2,1.0
imedia,0,2,2,1.0
sjambok,0,2,2,1.0
canadaskylimo,0,2,2,1.0
solic,0,2,2,1.0
enhydra,0,2,2,1.0
cruze,0,2,2,1.0
espectro,0,2,2,1.0
glich,0,2,2,1.0
didtico,0,2,2,1.0
tahmin,0,2,2,1.0
redina,2,0,2,0.0
monetiz,2,0,2,0.0
benno,0,2,2,1.0
zaaa,0,2,2,1.0
amenworld,0,2,2,1.0
musialem,2,0,2,0.0
mcginest,0,2,2,1.0
pricedeliveri,0,2,2,1.0
inscriba,0,2,2,1.0
hnklinsq,0,2,2,1.0
pegboard,0,2,2,1.0
protuber,0,2,2,1.0
jmulberri,0,2,2,1.0
citizenshow,0,2,2,1.0
shareholdervalu,2,0,2,0.0
nucleuswould,0,2,2,1.0
yongcho,2,0,2,0.0
flection,0,2,2,1.0
paxilmen,0,2,2,1.0
amstelveen,0,2,2,1.0
confirment,0,2,2,1.0
irrtümlich,0,2,2,1.0
gnler,0,2,2,1.0
mcafre,0,2,2,1.0
oer,0,2,2,1.0
gpdrc,0,2,2,1.0
changeit,0,2,2,1.0
fgktshawc,0,2,2,1.0
hereon,0,2,2,1.0
magnífica,0,2,2,1.0
aniem,2,0,2,0.0
caymen,2,0,2,0.0
ileft,2,0,2,0.0
bajwa,2,0,2,0.0
hegd,2,0,2,0.0
litlt,0,2,2,1.0
electrocut,0,2,2,1.0
hant,0,2,2,1.0
palud,0,2,2,1.0
ë÷îä,0,2,2,1.0
prospectiva,0,2,2,1.0
michaelbradford,2,0,2,0.0
leopoldowaiton,0,2,2,1.0
cleh,0,2,2,1.0
bsica,0,2,2,1.0
thnodrawr,0,2,2,1.0
kurulum,0,2,2,1.0
xntngu,0,2,2,1.0
eist,0,2,2,1.0
estoy,0,2,2,1.0
vybkgvkj,0,2,2,1.0
netmail,2,0,2,0.0
siddhi,0,2,2,1.0
microscopi,0,2,2,1.0
powerandforc,0,2,2,1.0
utifgkhz,0,2,2,1.0
midden,0,2,2,1.0
gtua,2,0,2,0.0
llemd,0,2,2,1.0
webverzeichnissen,0,2,2,1.0
sucurs,0,2,2,1.0
nandgaonkar,2,0,2,0.0
qkppfiui,0,2,2,1.0
aloom,0,2,2,1.0
fuschia,2,0,2,0.0
zainet,2,0,2,0.0
olc,0,2,2,1.0
odg,0,2,2,1.0
exoct,0,2,2,1.0
scanmail,0,2,2,1.0
rmc,2,0,2,0.0
nastepni,2,0,2,0.0
onomeobi,0,2,2,1.0
pierwsz,2,0,2,0.0
creddit,0,2,2,1.0
woodpeck,0,2,2,1.0
congratualt,0,2,2,1.0
intercool,0,2,2,1.0
ofbndnatmqxojzlbcu,0,2,2,1.0
hesi,2,0,2,0.0
fvbvocg,0,2,2,1.0
kuc,0,2,2,1.0
afghanistandam,0,2,2,1.0
urgentci,0,2,2,1.0
errorbulletin,0,2,2,1.0
lqo,2,0,2,0.0
mossyuk,2,0,2,0.0
vorhanden,0,2,2,1.0
pleaseunderstand,0,2,2,1.0
excersi,2,0,2,0.0
wsx,2,0,2,0.0
mafiosi,0,2,2,1.0
rodekohr,2,0,2,0.0
ebswzkm,0,2,2,1.0
titr,0,2,2,1.0
tiytz,0,2,2,1.0
dhmnaxkz,0,2,2,1.0
prestonmagnum,0,2,2,1.0
sriousli,0,2,2,1.0
cmcqivn,0,2,2,1.0
ourtservic,0,2,2,1.0
sellin,2,0,2,0.0
ywrteueq,0,2,2,1.0
moviemak,1,1,2,0.5
waldhaus,2,0,2,0.0
youplu,0,2,2,1.0
jbbvblg,0,2,2,1.0
extrordinari,0,2,2,1.0
fotografia,0,2,2,1.0
nemen,0,2,2,1.0
uhf,0,2,2,1.0
lhowenstin,2,0,2,0.0
chiropract,0,2,2,1.0
opcion,0,2,2,1.0
lyme,0,2,2,1.0
laayawrw,0,2,2,1.0
aarp,2,0,2,0.0
unternehmen,0,2,2,1.0
sepow,2,0,2,0.0
seguindo,0,2,2,1.0
vivar,2,0,2,0.0
underv,0,2,2,1.0
fulvou,0,2,2,1.0
presidnt,0,2,2,1.0
fraternitymemento,0,2,2,1.0
ihndmmrx,0,2,2,1.0
szunrn,0,2,2,1.0
nahh,0,2,2,1.0
downtownheat,0,2,2,1.0
ehrenkrantz,2,0,2,0.0
ëý,0,2,2,1.0
driftless,2,0,2,0.0
pigeonberri,0,2,2,1.0
ashur,0,2,2,1.0
hilight,2,0,2,0.0
acacia,2,0,2,0.0
shoddi,1,1,2,0.5
qkmcvn,0,2,2,1.0
deponiert,0,2,2,1.0
lightheart,0,2,2,1.0
zwu,0,2,2,1.0
journai,0,2,2,1.0
prt,0,2,2,1.0
sulawesi,2,0,2,0.0
nanttbndl,0,2,2,1.0
agnostic,0,2,2,1.0
lyeumpheomqtpo,0,2,2,1.0
informationweek,2,0,2,0.0
quidam,0,2,2,1.0
lkl,0,2,2,1.0
kwr,0,2,2,1.0
kýlýnan,0,2,2,1.0
padgett,0,2,2,1.0
cprc,0,2,2,1.0
chargebr,0,2,2,1.0
sevenoak,0,2,2,1.0
bestard,2,0,2,0.0
beesn,0,2,2,1.0
tpwtbn,0,2,2,1.0
scotiamoccata,2,0,2,0.0
captious,0,2,2,1.0
erfolg,0,2,2,1.0
reflll,0,2,2,1.0
xvd,0,2,2,1.0
financiai,0,2,2,1.0
imissmybelli,0,2,2,1.0
reconvert,0,2,2,1.0
unprocur,0,2,2,1.0
edghansen,0,2,2,1.0
rlstone,2,0,2,0.0
kwa,2,0,2,0.0
weeknd,0,2,2,1.0
vrt,0,2,2,1.0
huafeng,2,0,2,0.0
krqoyq,0,2,2,1.0
bcbhglpf,0,2,2,1.0
manhatan,2,0,2,0.0
gudgeon,0,2,2,1.0
ijbon,0,2,2,1.0
adg,2,0,2,0.0
flonas,0,2,2,1.0
auqho,0,2,2,1.0
puxmcxw,0,2,2,1.0
lazer,0,2,2,1.0
banian,0,2,2,1.0
dixit,2,0,2,0.0
raiford,2,0,2,0.0
brbrcheck,0,2,2,1.0
siana,0,2,2,1.0
erbeaten,0,2,2,1.0
ironstonetotem,0,2,2,1.0
billard,2,0,2,0.0
libral,0,2,2,1.0
klieglight,0,2,2,1.0
izquierda,0,2,2,1.0
hdipxv,0,2,2,1.0
galoi,0,2,2,1.0
glcbfmkwq,0,2,2,1.0
dejuqi,0,2,2,1.0
neoria,0,2,2,1.0
dicin,0,2,2,1.0
vala,2,0,2,0.0
bandera,0,2,2,1.0
somnol,0,2,2,1.0
threwvessel,0,2,2,1.0
obsequio,0,2,2,1.0
rotc,1,1,2,0.5
ipcal,0,2,2,1.0
lliana,0,2,2,1.0
lbun,0,2,2,1.0
hatwai,2,0,2,0.0
deskin,0,2,2,1.0
homburg,0,2,2,1.0
kthurman,0,2,2,1.0
hiçbir,0,2,2,1.0
marklansfordl,0,2,2,1.0
rehearin,2,0,2,0.0
voj,0,2,2,1.0
kishor,2,0,2,0.0
cftb,0,2,2,1.0
sesterc,0,2,2,1.0
cevaplayanlarn,0,2,2,1.0
lithesom,0,2,2,1.0
tasenergi,2,0,2,0.0
necroscopi,0,2,2,1.0
discouunnt,0,2,2,1.0
kcquh,0,2,2,1.0
grube,2,0,2,0.0
procom,2,0,2,0.0
omzet,0,2,2,1.0
jmbjijkw,0,2,2,1.0
ntural,0,2,2,1.0
prolianc,2,0,2,0.0
doncesar,2,0,2,0.0
mmumford,2,0,2,0.0
businesstoday,0,2,2,1.0
fcpcf,0,2,2,1.0
marj,0,2,2,1.0
savid,2,0,2,0.0
lifecycl,0,2,2,1.0
perspicaci,0,2,2,1.0
yourbrlif,0,2,2,1.0
compensatedeight,0,2,2,1.0
tvcgg,0,2,2,1.0
witwer,0,2,2,1.0
velda,0,2,2,1.0
utl,0,2,2,1.0
rxmedict,0,2,2,1.0
psychotherapi,0,2,2,1.0
hardon,0,2,2,1.0
ezon,0,2,2,1.0
powercontact,2,0,2,0.0
amxlud,0,2,2,1.0
roninnz,0,2,2,1.0
finkenstaedt,2,0,2,0.0
adminitr,2,0,2,0.0
dalat,2,0,2,0.0
adminx,0,2,2,1.0
cddmlppf,0,2,2,1.0
maser,0,2,2,1.0
algorithmist,2,0,2,0.0
shipown,2,0,2,0.0
fraga,2,0,2,0.0
madhya,1,1,2,0.5
ogovakpp,0,2,2,1.0
telefoniepad,0,2,2,1.0
xlol,0,2,2,1.0
indicandono,0,2,2,1.0
cdd,2,0,2,0.0
rudet,0,2,2,1.0
byrdshot,0,2,2,1.0
qdl,0,2,2,1.0
fixo,0,2,2,1.0
geotool,2,0,2,0.0
unsearch,0,2,2,1.0
energyusa,2,0,2,0.0
edent,0,2,2,1.0
lawler,0,2,2,1.0
vahdehu,0,2,2,1.0
heissen,0,2,2,1.0
torvang,2,0,2,0.0
jnoboa,0,2,2,1.0
mosnew,0,2,2,1.0
pwfriel,2,0,2,0.0
purest,1,1,2,0.5
musi,0,2,2,1.0
sgm,0,2,2,1.0
toenabl,0,2,2,1.0
unneed,2,0,2,0.0
sabemo,0,2,2,1.0
jugando,0,2,2,1.0
chegou,0,2,2,1.0
semanal,0,2,2,1.0
quadragesim,0,2,2,1.0
recíbalo,0,2,2,1.0
nei,0,2,2,1.0
jqnosba,0,2,2,1.0
passibl,0,2,2,1.0
adodb,2,0,2,0.0
isxfkb,0,2,2,1.0
valgra,0,2,2,1.0
matijasich,2,0,2,0.0
dabank,2,0,2,0.0
reportlist,2,0,2,0.0
immobl,0,2,2,1.0
tamaktadr,0,2,2,1.0
kleeg,2,0,2,0.0
frvxz,0,2,2,1.0
mz,0,2,2,1.0
qluxm,0,2,2,1.0
homenspector,0,2,2,1.0
leau,1,1,2,0.5
dragonventur,0,2,2,1.0
hdcx,0,2,2,1.0
etmiþlerdir,0,2,2,1.0
curta,0,2,2,1.0
qikvxq,0,2,2,1.0
upc,0,2,2,1.0
stanowi,2,0,2,0.0
fand,0,2,2,1.0
baulk,0,2,2,1.0
sahgal,2,0,2,0.0
paulag,0,2,2,1.0
sdhwb,0,2,2,1.0
susmitha,2,0,2,0.0
cerbello,0,2,2,1.0
datesaturday,0,2,2,1.0
oxfam,2,0,2,0.0
tasteofrio,0,2,2,1.0
schwepp,0,2,2,1.0
amec,0,2,2,1.0
swakefield,2,0,2,0.0
creditdotcom,2,0,2,0.0
yasmin,0,2,2,1.0
gosto,0,2,2,1.0
tinubu,0,2,2,1.0
reabbrevi,0,2,2,1.0
lvldezrcrjo,0,2,2,1.0
hooglq,0,2,2,1.0
tshabalala,0,2,2,1.0
pillativan,0,2,2,1.0
bnaedb,0,2,2,1.0
osaro,0,2,2,1.0
hinnrnhh,0,2,2,1.0
semem,0,2,2,1.0
tyskp,0,2,2,1.0
fundclaim,0,2,2,1.0
esit,0,2,2,1.0
angler,0,2,2,1.0
altin,0,2,2,1.0
jsonnenberg,2,0,2,0.0
imieniu,2,0,2,0.0
hahnl,0,2,2,1.0
chignon,0,2,2,1.0
lek,0,2,2,1.0
patchenergi,0,2,2,1.0
próximament,0,2,2,1.0
pledge,0,2,2,1.0
returny,0,2,2,1.0
pbkdllsci,0,2,2,1.0
projfin,2,0,2,0.0
andressa,0,2,2,1.0
yourcontact,0,2,2,1.0
familar,2,0,2,0.0
personalmanag,0,2,2,1.0
rfwxur,0,2,2,1.0
nakhon,0,2,2,1.0
overr,0,2,2,1.0
stormpay,0,2,2,1.0
onvbc,0,2,2,1.0
mugl,2,0,2,0.0
metcast,0,2,2,1.0
flori,1,1,2,0.5
bsgjqzuat,0,2,2,1.0
triska,2,0,2,0.0
opnieuw,0,2,2,1.0
rollercoast,0,2,2,1.0
rincon,2,0,2,0.0
kpoerxcimiri,0,2,2,1.0
jeopad,0,2,2,1.0
cateraptitud,0,2,2,1.0
uscht,0,2,2,1.0
phel,0,2,2,1.0
tolliv,0,2,2,1.0
biemer,0,2,2,1.0
peeni,0,2,2,1.0
mvr,0,2,2,1.0
noreplica,0,2,2,1.0
utilizacion,0,2,2,1.0
amarachukwu,0,2,2,1.0
roadrunn,2,0,2,0.0
houdail,0,2,2,1.0
wayvil,2,0,2,0.0
strictur,0,2,2,1.0
volcn,0,2,2,1.0
henryhub,2,0,2,0.0
elwanda,2,0,2,0.0
sowxki,0,2,2,1.0
testeo,0,2,2,1.0
marketin,0,2,2,1.0
atonio,0,2,2,1.0
eut,0,2,2,1.0
ngccorp,2,0,2,0.0
homologu,0,2,2,1.0
wcwfwnv,0,2,2,1.0
rukpgxui,0,2,2,1.0
manec,0,2,2,1.0
elizabethh,2,0,2,0.0
pastega,2,0,2,0.0
omnirang,0,2,2,1.0
vartrack,0,2,2,1.0
dvf,0,2,2,1.0
counterblow,0,2,2,1.0
gläubigern,0,2,2,1.0
rudd,0,2,2,1.0
valpso,0,2,2,1.0
oppost,2,0,2,0.0
falomo,0,2,2,1.0
ucm,1,1,2,0.5
gzfyennl,0,2,2,1.0
osher,0,2,2,1.0
hdgvnkano,0,2,2,1.0
bde,2,0,2,0.0
specialsend,0,2,2,1.0
yourlastnam,0,2,2,1.0
aydobdaeh,0,2,2,1.0
rjolli,2,0,2,0.0
rickmer,2,0,2,0.0
arescam,0,2,2,1.0
gaconniehttp,0,2,2,1.0
chitterl,0,2,2,1.0
jcefnmwb,0,2,2,1.0
dcn,0,2,2,1.0
geheugen,0,2,2,1.0
kudlow,2,0,2,0.0
vvp,2,0,2,0.0
simpatizant,0,2,2,1.0
pbk,1,1,2,0.5
certaini,0,2,2,1.0
agricultura,0,2,2,1.0
megabit,0,2,2,1.0
routag,0,2,2,1.0
ministerieel,0,2,2,1.0
infocentr,2,0,2,0.0
allreplica,0,2,2,1.0
rfe,0,2,2,1.0
gellenyi,2,0,2,0.0
bfad,0,2,2,1.0
shirron,2,0,2,0.0
privé,0,2,2,1.0
lkudmnckl,0,2,2,1.0
enginelist,0,2,2,1.0
gitim,0,2,2,1.0
magdalenefrank,0,2,2,1.0
josephu,0,2,2,1.0
controlphp,0,2,2,1.0
pap,0,2,2,1.0
safelist,0,2,2,1.0
snooz,0,2,2,1.0
bereit,0,2,2,1.0
conzatti,0,2,2,1.0
recommendatlon,0,2,2,1.0
shaikh,2,0,2,0.0
twoset,2,0,2,0.0
xaq,0,2,2,1.0
kredit,0,2,2,1.0
trobison,2,0,2,0.0
vqavnfetpfmg,0,2,2,1.0
fkqssnyt,0,2,2,1.0
ralryz,0,2,2,1.0
carberi,2,0,2,0.0
porrua,0,2,2,1.0
yesenia,0,2,2,1.0
macromedi,0,2,2,1.0
faherti,0,2,2,1.0
torpedo,0,2,2,1.0
mikevern,0,2,2,1.0
secco,0,2,2,1.0
configuración,0,2,2,1.0
jfawcet,2,0,2,0.0
elmin,0,2,2,1.0
haiseu,0,2,2,1.0
tiver,0,2,2,1.0
angina,1,1,2,0.5
cqsbtiq,0,2,2,1.0
erienw,0,2,2,1.0
znvzcwgu,0,2,2,1.0
vakanti,0,2,2,1.0
rnbda,0,2,2,1.0
eorna,0,2,2,1.0
jaxw,0,2,2,1.0
heyllooo,0,2,2,1.0
splenet,0,2,2,1.0
tawdri,0,2,2,1.0
njo,0,2,2,1.0
ganadi,2,0,2,0.0
milkman,0,2,2,1.0
delafoss,0,2,2,1.0
marketingpractic,0,2,2,1.0
qlhc,0,2,2,1.0
rmvd,0,2,2,1.0
thesimpl,0,2,2,1.0
krau,2,0,2,0.0
discharge,0,2,2,1.0
reddi,2,0,2,0.0
bhk,0,2,2,1.0
strafe,0,2,2,1.0
hecatevagari,0,2,2,1.0
seront,0,2,2,1.0
sureconnect,0,2,2,1.0
hnnon,0,2,2,1.0
mangag,2,0,2,0.0
jarman,2,0,2,0.0
symphon,0,2,2,1.0
mikebundu,0,2,2,1.0
reparar,0,2,2,1.0
nebergal,2,0,2,0.0
eogjqcpn,0,2,2,1.0
gyqk,0,2,2,1.0
erectionn,0,2,2,1.0
uhoihrd,0,2,2,1.0
mücîbe,0,2,2,1.0
coastguard,0,2,2,1.0
bohsg,0,2,2,1.0
fundao,0,2,2,1.0
tvlhdcqvabi,0,2,2,1.0
comprem,0,2,2,1.0
himminbjerg,0,2,2,1.0
ntial,0,2,2,1.0
fmt,0,2,2,1.0
uiuc,2,0,2,0.0
cason,2,0,2,0.0
fidlit,0,2,2,1.0
kaparkheda,2,0,2,0.0
shpipe,0,2,2,1.0
belastingverlag,0,2,2,1.0
methylen,0,2,2,1.0
oqaqgo,0,2,2,1.0
embroidm,0,2,2,1.0
shipe,0,2,2,1.0
mmomi,0,2,2,1.0
lieg,1,1,2,0.5
gie,1,1,2,0.5
zajak,2,0,2,0.0
oyu,0,2,2,1.0
introducedford,0,2,2,1.0
malacca,0,2,2,1.0
eotfa,0,2,2,1.0
hollerin,0,2,2,1.0
faccion,0,2,2,1.0
mathez,2,0,2,0.0
lovmak,0,2,2,1.0
chalkylagrang,0,2,2,1.0
pacopaculna,0,2,2,1.0
lrg,1,1,2,0.5
innovación,0,2,2,1.0
julywarren,0,2,2,1.0
stripopt,2,0,2,0.0
mccawley,2,0,2,0.0
rsbaker,2,0,2,0.0
hitfsopxj,0,2,2,1.0
joystick,0,2,2,1.0
verilir,0,2,2,1.0
briskli,1,1,2,0.5
someway,0,2,2,1.0
hfhaivtoh,0,2,2,1.0
corbet,2,0,2,0.0
didi,0,2,2,1.0
abordam,0,2,2,1.0
freah,0,2,2,1.0
whh,0,2,2,1.0
ntpuwoec,0,2,2,1.0
promotioniservic,0,2,2,1.0
ampatin,0,2,2,1.0
,0,2,2,1.0
edjihjem,0,2,2,1.0
raincock,0,2,2,1.0
proteom,0,2,2,1.0
soapston,0,2,2,1.0
extendida,0,2,2,1.0
rudolfinerhau,0,2,2,1.0
rrneurq,0,2,2,1.0
momentummomentum,0,2,2,1.0
cavei,0,2,2,1.0
schwarzman,2,0,2,0.0
gosafeandnatur,0,2,2,1.0
kataga,0,2,2,1.0
merc,2,0,2,0.0
farenebt,0,2,2,1.0
tnetnoc,0,2,2,1.0
margauxl,2,0,2,0.0
yormi,0,2,2,1.0
artemia,0,2,2,1.0
yyccbgyo,0,2,2,1.0
wymwp,0,2,2,1.0
satyr,0,2,2,1.0
pxp,0,2,2,1.0
foreignremitt,0,2,2,1.0
thasjx,0,2,2,1.0
wondder,0,2,2,1.0
intercors,0,2,2,1.0
panicl,0,2,2,1.0
rfmxfg,0,2,2,1.0
ciaxli,0,2,2,1.0
truelov,2,0,2,0.0
starrabsorb,0,2,2,1.0
mpbxwho,0,2,2,1.0
microcomputador,0,2,2,1.0
yvctxafn,0,2,2,1.0
beggin,0,2,2,1.0
aaigrcrb,0,2,2,1.0
cowper,2,0,2,0.0
dlcation,0,2,2,1.0
genericciali,0,2,2,1.0
ãàþú,0,2,2,1.0
cueist,0,2,2,1.0
brabrandungdom,0,2,2,1.0
ekq,0,2,2,1.0
wideband,0,2,2,1.0
mygpg,2,0,2,0.0
educacion,0,2,2,1.0
huatulco,0,2,2,1.0
singal,0,2,2,1.0
salkl,0,2,2,1.0
ggpgr,0,2,2,1.0
surefiremarket,0,2,2,1.0
veterinarian,0,2,2,1.0
dio,0,2,2,1.0
internatin,0,2,2,1.0
historr,0,2,2,1.0
knodel,2,0,2,0.0
bartiromo,2,0,2,0.0
flanker,0,2,2,1.0
eliminación,0,2,2,1.0
amq,0,2,2,1.0
wielka,2,0,2,0.0
majuer,2,0,2,0.0
aacm,0,2,2,1.0
cyvhwxo,0,2,2,1.0
volstead,0,2,2,1.0
sexania,0,2,2,1.0
cutglass,0,2,2,1.0
enjoyday,0,2,2,1.0
vanech,2,0,2,0.0
nwfrbo,0,2,2,1.0
qtmk,0,2,2,1.0
neverbeliev,0,2,2,1.0
drenaj,0,2,2,1.0
gptfvj,0,2,2,1.0
unfil,2,0,2,0.0
conformist,0,2,2,1.0
zrhfgzcstmetrm,0,2,2,1.0
wznr,0,2,2,1.0
cojgziq,0,2,2,1.0
easyword,0,2,2,1.0
swage,0,2,2,1.0
cusptqc,0,2,2,1.0
nway,0,2,2,1.0
ibflor,0,2,2,1.0
rxoo,0,2,2,1.0
rdbdqyuiimb,0,2,2,1.0
rikkatin,0,2,2,1.0
onlinebank,0,2,2,1.0
switchblad,0,2,2,1.0
pizarro,0,2,2,1.0
dans,0,2,2,1.0
amicollect,0,2,2,1.0
mvtm,0,2,2,1.0
porridg,0,2,2,1.0
basebandmitig,0,2,2,1.0
mcleodusa,2,0,2,0.0
negativ,2,0,2,0.0
trist,1,1,2,0.5
xiipjxnu,0,2,2,1.0
llodoy,0,2,2,1.0
descárguelo,0,2,2,1.0
pfuat,0,2,2,1.0
andiseen,0,2,2,1.0
sige,0,2,2,1.0
gpsd,2,0,2,0.0
cragg,2,0,2,0.0
rtoqokooqronoisglilf,0,2,2,1.0
cobramo,0,2,2,1.0
sakarsuck,0,2,2,1.0
reembolso,0,2,2,1.0
djkdddsjb,0,2,2,1.0
donegal,0,2,2,1.0
ashok,2,0,2,0.0
bgobrl,0,2,2,1.0
xhsad,0,2,2,1.0
dwxzrbj,0,2,2,1.0
hirani,2,0,2,0.0
komplikacj,2,0,2,0.0
slowest,1,1,2,0.5
coldest,1,1,2,0.5
nullsoft,0,2,2,1.0
allmod,0,2,2,1.0
cacs,2,0,2,0.0
verzeichnissen,0,2,2,1.0
elifelearn,0,2,2,1.0
explicitmedia,0,2,2,1.0
vvait,0,2,2,1.0
zargon,2,0,2,0.0
convocado,0,2,2,1.0
professio,0,2,2,1.0
élection,0,2,2,1.0
oleira,2,0,2,0.0
ffzirl,0,2,2,1.0
jessamin,0,2,2,1.0
froco,0,2,2,1.0
corrdin,2,0,2,0.0
gmadureira,0,2,2,1.0
parang,0,2,2,1.0
slicenc,0,2,2,1.0
landolt,2,0,2,0.0
yoke,0,2,2,1.0
sdt,1,1,2,0.5
ymfot,0,2,2,1.0
mexeridleia,0,2,2,1.0
moncrief,2,0,2,0.0
bartarya,2,0,2,0.0
schantz,0,2,2,1.0
ccqess,0,2,2,1.0
offere,2,0,2,0.0
vijsit,0,2,2,1.0
gazet,0,2,2,1.0
peculiarli,0,2,2,1.0
wra,0,2,2,1.0
rocl,0,2,2,1.0
aschweg,2,0,2,0.0
appearson,0,2,2,1.0
zcgsyvirx,0,2,2,1.0
getbestm,0,2,2,1.0
kro,0,2,2,1.0
llqmxktgmsbu,0,2,2,1.0
nennladmf,0,2,2,1.0
charbonnet,2,0,2,0.0
temel,0,2,2,1.0
warturn,0,2,2,1.0
coyner,2,0,2,0.0
ttl,0,2,2,1.0
borden,0,2,2,1.0
tiffinyfletch,0,2,2,1.0
schulmchen,0,2,2,1.0
chewbacca,2,0,2,0.0
bzu,2,0,2,0.0
lmtp,0,2,2,1.0
lortab,0,2,2,1.0
customis,2,0,2,0.0
callao,0,2,2,1.0
hwj,0,2,2,1.0
ldm,0,2,2,1.0
pillz,0,2,2,1.0
svhpad,0,2,2,1.0
armychief,0,2,2,1.0
multireset,2,0,2,0.0
carison,0,2,2,1.0
iceday,0,2,2,1.0
jrzktfpizmq,0,2,2,1.0
daneil,1,1,2,0.5
tmmqejftp,0,2,2,1.0
schedulec,2,0,2,0.0
anlatýlan,0,2,2,1.0
wykonawczych,2,0,2,0.0
kleinwort,2,0,2,0.0
olmasi,0,2,2,1.0
minick,0,2,2,1.0
xubujqmkhpvcetiy,0,2,2,1.0
vicbodin,0,2,2,1.0
undercool,0,2,2,1.0
eppkrwnb,0,2,2,1.0
tartakowski,2,0,2,0.0
pirnt,0,2,2,1.0
zfree,0,2,2,1.0
edilm,0,2,2,1.0
cutest,0,2,2,1.0
feor,0,2,2,1.0
cherryf,0,2,2,1.0
appollo,2,0,2,0.0
ïêçé,0,2,2,1.0
oradd,0,2,2,1.0
flabbi,0,2,2,1.0
zljnszxx,0,2,2,1.0
bartemey,2,0,2,0.0
alýnarak,0,2,2,1.0
beforejuli,0,2,2,1.0
qsxlq,0,2,2,1.0
mmw,2,0,2,0.0
intercambiar,0,2,2,1.0
capacitars,0,2,2,1.0
munden,2,0,2,0.0
hlxqqvu,0,2,2,1.0
bbn,0,2,2,1.0
zalaczniku,2,0,2,0.0
przyszlych,2,0,2,0.0
pusan,0,2,2,1.0
betweeneb,2,0,2,0.0
ranunculu,0,2,2,1.0
arosepunta,0,2,2,1.0
ldehar,0,2,2,1.0
ailn,0,2,2,1.0
moviesvi,0,2,2,1.0
maolson,2,0,2,0.0
internationaliy,0,2,2,1.0
nonprimari,2,0,2,0.0
acerbicoldenburg,0,2,2,1.0
qdbkofw,0,2,2,1.0
villai,0,2,2,1.0
ntokymo,0,2,2,1.0
morgag,0,2,2,1.0
xintong,0,2,2,1.0
astvuk,0,2,2,1.0
vfuwvrdd,0,2,2,1.0
evangelin,1,1,2,0.5
zoooligac,0,2,2,1.0
bcykndhpwxg,0,2,2,1.0
tlyqumtpi,0,2,2,1.0
abqewvbgf,0,2,2,1.0
voorwerp,0,2,2,1.0
toanoth,0,2,2,1.0
ameritex,2,0,2,0.0
stinger,0,2,2,1.0
iae,0,2,2,1.0
diebner,2,0,2,0.0
hha,0,2,2,1.0
revision,0,2,2,1.0
nebevi,0,2,2,1.0
mciver,2,0,2,0.0
impairedriskterm,0,2,2,1.0
xvtwom,0,2,2,1.0
tudio,0,2,2,1.0
basta,0,2,2,1.0
camcom,0,2,2,1.0
lydjqa,0,2,2,1.0
exus,2,0,2,0.0
hrd,0,2,2,1.0
helvetia,0,2,2,1.0
wxb,0,2,2,1.0
yinspfo,0,2,2,1.0
verwachten,0,2,2,1.0
orrick,2,0,2,0.0
bigtabl,0,2,2,1.0
vicksburg,0,2,2,1.0
hcj,0,2,2,1.0
agreementat,2,0,2,0.0
qofisr,0,2,2,1.0
jorx,0,2,2,1.0
realizaram,0,2,2,1.0
klipspring,0,2,2,1.0
ednan,2,0,2,0.0
pmsmith,2,0,2,0.0
xnzrq,0,2,2,1.0
uulxwn,0,2,2,1.0
golqw,0,2,2,1.0
michcon,2,0,2,0.0
aaiy,0,2,2,1.0
iukj,0,2,2,1.0
inwind,0,2,2,1.0
memberl,0,2,2,1.0
prequir,0,2,2,1.0
ieawognbdr,0,2,2,1.0
calculatiion,2,0,2,0.0
cherrycomp,0,2,2,1.0
ttmozkht,0,2,2,1.0
ambo,0,2,2,1.0
harrass,0,2,2,1.0
thebest,0,2,2,1.0
bitartr,0,2,2,1.0
wcjrxw,0,2,2,1.0
pyvz,0,2,2,1.0
griller,0,2,2,1.0
deeplook,0,2,2,1.0
xzxzj,0,2,2,1.0
findarticl,0,2,2,1.0
reeemoooooooveee,0,2,2,1.0
transferencia,0,2,2,1.0
batchl,0,2,2,1.0
readexcerpt,0,2,2,1.0
gchghzd,0,2,2,1.0
khandkar,2,0,2,0.0
zkeqbcu,0,2,2,1.0
faveur,0,2,2,1.0
holographi,0,2,2,1.0
seehowitgoesbett,0,2,2,1.0
thereout,0,2,2,1.0
pjwll,0,2,2,1.0
olechowski,2,0,2,0.0
harbuck,2,0,2,0.0
thruogh,0,2,2,1.0
östersund,0,2,2,1.0
armandina,0,2,2,1.0
hosped,0,2,2,1.0
verbelib,0,2,2,1.0
klmmcn,0,2,2,1.0
etech,0,2,2,1.0
mydvtwo,0,2,2,1.0
pavilho,0,2,2,1.0
hotter,1,1,2,0.5
arkansanhattiesburg,0,2,2,1.0
nephriti,0,2,2,1.0
arai,2,0,2,0.0
kdotv,0,2,2,1.0
physiciansblend,0,2,2,1.0
jrz,0,2,2,1.0
repow,2,0,2,0.0
gonderm,0,2,2,1.0
ymf,0,2,2,1.0
adrianplaym,0,2,2,1.0
telefonico,0,2,2,1.0
aprilol,2,0,2,0.0
advantra,0,2,2,1.0
speechifi,0,2,2,1.0
malpos,0,2,2,1.0
tohc,0,2,2,1.0
aewwmt,0,2,2,1.0
totten,2,0,2,0.0
ztolu,0,2,2,1.0
jurisprudncia,0,2,2,1.0
rathcairn,0,2,2,1.0
asclisan,0,2,2,1.0
gelir,0,2,2,1.0
bajísimo,0,2,2,1.0
untransl,0,2,2,1.0
kerripom,0,2,2,1.0
ijara,0,2,2,1.0
quebr,0,2,2,1.0
pjzbogw,0,2,2,1.0
toga,0,2,2,1.0
nuvis,0,2,2,1.0
defacto,0,2,2,1.0
invi,0,2,2,1.0
unverb,0,2,2,1.0
timeisleptwith,0,2,2,1.0
prupos,2,0,2,0.0
dsoefa,0,2,2,1.0
rself,0,2,2,1.0
ecclesiolog,0,2,2,1.0
cyntia,2,0,2,0.0
depolivlyeri,0,2,2,1.0
repo,1,1,2,0.5
tarbrush,0,2,2,1.0
icqjzr,0,2,2,1.0
xjb,0,2,2,1.0
ibarra,1,1,2,0.5
burka,2,0,2,0.0
weightctrl,0,2,2,1.0
guhlt,0,2,2,1.0
undel,0,2,2,1.0
bnfiqu,0,2,2,1.0
dediocinto,2,0,2,0.0
twopenseason,2,0,2,0.0
posiçõ,0,2,2,1.0
jfavaloro,2,0,2,0.0
lavoisi,0,2,2,1.0
jdi,0,2,2,1.0
nationalpromo,0,2,2,1.0
oyxbb,0,2,2,1.0
lopse,0,2,2,1.0
meiwjfl,0,2,2,1.0
sarnia,2,0,2,0.0
sufferingsh,0,2,2,1.0
futurequest,0,2,2,1.0
tomorrrow,2,0,2,0.0
frumkinj,2,0,2,0.0
oyf,0,2,2,1.0
saiva,0,2,2,1.0
subhanallahi,0,2,2,1.0
olitski,2,0,2,0.0
actviti,0,2,2,1.0
bekxpcg,0,2,2,1.0
sevgili,0,2,2,1.0
zenoil,0,2,2,1.0
xvi,0,2,2,1.0
rife,2,0,2,0.0
mmkn,0,2,2,1.0
staceykn,2,0,2,0.0
mainen,2,0,2,0.0
retardo,0,2,2,1.0
evelina,2,0,2,0.0
scriven,0,2,2,1.0
nxrsf,0,2,2,1.0
cpfusaro,2,0,2,0.0
alpra,0,2,2,1.0
holouucp,0,2,2,1.0
pucnr,0,2,2,1.0
sinceri,0,2,2,1.0
fifl,0,2,2,1.0
adduct,0,2,2,1.0
accomplishemnt,2,0,2,0.0
isiand,0,2,2,1.0
twscmm,0,2,2,1.0
gcarmean,2,0,2,0.0
conitinu,2,0,2,0.0
quelconqu,0,2,2,1.0
anf,0,2,2,1.0
contarct,2,0,2,0.0
boaster,0,2,2,1.0
youur,0,2,2,1.0
weitergab,0,2,2,1.0
carlre,0,2,2,1.0
cudesktop,0,2,2,1.0
stockrac,0,2,2,1.0
smitnick,2,0,2,0.0
haav,0,2,2,1.0
trisect,0,2,2,1.0
ezxrpymbrg,0,2,2,1.0
máximo,0,2,2,1.0
fujitech,0,2,2,1.0
alacarteresearch,0,2,2,1.0
nti,0,2,2,1.0
missedbi,0,2,2,1.0
desarrollado,0,2,2,1.0
ubycvski,0,2,2,1.0
tayana,0,2,2,1.0
forreport,0,2,2,1.0
liieooxok,0,2,2,1.0
rando,0,2,2,1.0
kgalmquist,2,0,2,0.0
scorer,1,1,2,0.5
bgnw,0,2,2,1.0
tmjitfsi,0,2,2,1.0
qysmk,0,2,2,1.0
pourra,0,2,2,1.0
mtelja,0,2,2,1.0
krysti,2,0,2,0.0
hhxekylg,0,2,2,1.0
andthen,0,2,2,1.0
ibrk,0,2,2,1.0
chcayhn,0,2,2,1.0
expensereport,2,0,2,0.0
miercol,0,2,2,1.0
eimiss,0,2,2,1.0
bandeaux,0,2,2,1.0
mandaremo,0,2,2,1.0
gesamten,0,2,2,1.0
rglover,2,0,2,0.0
goldengraphix,0,2,2,1.0
tull,1,1,2,0.5
hmjob,0,2,2,1.0
coeros,0,2,2,1.0
excell,0,2,2,1.0
intrument,2,0,2,0.0
zmail,0,2,2,1.0
trapar,2,0,2,0.0
hompr,0,2,2,1.0
tchaikovski,0,2,2,1.0
gnero,0,2,2,1.0
uosdmjp,0,2,2,1.0
ubi,0,2,2,1.0
kongresowej,2,0,2,0.0
carret,0,2,2,1.0
zllw,0,2,2,1.0
vivifi,0,2,2,1.0
hcq,0,2,2,1.0
qraftwh,0,2,2,1.0
daal,0,2,2,1.0
untrodden,0,2,2,1.0
liberdad,0,2,2,1.0
zkodl,0,2,2,1.0
pkchart,0,2,2,1.0
pibroch,0,2,2,1.0
rting,0,2,2,1.0
gmacrfc,2,0,2,0.0
kincheng,0,2,2,1.0
carpetcreditborden,0,2,2,1.0
hroncich,2,0,2,0.0
kayieen,0,2,2,1.0
manufactura,0,2,2,1.0
frf,0,2,2,1.0
hzaudio,0,2,2,1.0
zami,0,2,2,1.0
sethernet,0,2,2,1.0
aldf,0,2,2,1.0
xcc,0,2,2,1.0
wifeless,0,2,2,1.0
trucul,0,2,2,1.0
fiawless,0,2,2,1.0
calomel,0,2,2,1.0
yzmdk,0,2,2,1.0
authenticclair,0,2,2,1.0
gezfkgiwtsptfu,0,2,2,1.0
ededq,0,2,2,1.0
kyyeasi,0,2,2,1.0
alfadi,0,2,2,1.0
dalmac,2,0,2,0.0
guinan,0,2,2,1.0
imat,0,2,2,1.0
departmentpayp,0,2,2,1.0
vanguardia,0,2,2,1.0
distribuidor,0,2,2,1.0
sohw,0,2,2,1.0
complientif,0,2,2,1.0
brga,0,2,2,1.0
promozion,0,2,2,1.0
charat,0,2,2,1.0
oladeji,2,0,2,0.0
bur,0,2,2,1.0
allâhummehfeznâ,0,2,2,1.0
bor,0,2,2,1.0
gkv,0,2,2,1.0
pennypack,0,2,2,1.0
rjlethernet,0,2,2,1.0
tagboard,0,2,2,1.0
ueqg,0,2,2,1.0
alrea,0,2,2,1.0
habpttbbx,0,2,2,1.0
fornowandthen,0,2,2,1.0
vaidaweek,0,2,2,1.0
fbawl,0,2,2,1.0
aqdeo,0,2,2,1.0
afición,0,2,2,1.0
pbgxpd,0,2,2,1.0
sounder,1,1,2,0.5
lysupport,0,2,2,1.0
mmjfh,0,2,2,1.0
ppeql,0,2,2,1.0
kawigcykb,0,2,2,1.0
kfm,0,2,2,1.0
maf,2,0,2,0.0
meþieti,0,2,2,1.0
pzhktfgl,0,2,2,1.0
yqdex,0,2,2,1.0
marimon,2,0,2,0.0
rmiinc,2,0,2,0.0
valientement,0,2,2,1.0
voterai,0,2,2,1.0
kees,2,0,2,0.0
eogr,2,0,2,0.0
raphic,0,2,2,1.0
ogeron,0,2,2,1.0
krondikesvägen,0,2,2,1.0
etransmiss,2,0,2,0.0
sapper,0,2,2,1.0
pixi,0,2,2,1.0
nasdaqnm,0,2,2,1.0
bani,2,0,2,0.0
perrotti,2,0,2,0.0
fashioend,0,2,2,1.0
mancini,2,0,2,0.0
enronavailsol,2,0,2,0.0
westchas,2,0,2,0.0
cobbler,0,2,2,1.0
antilbkk,0,2,2,1.0
pharmacutc,0,2,2,1.0
tristanterm,0,2,2,1.0
ofc,1,1,2,0.5
meacham,2,0,2,0.0
evi,1,1,2,0.5
opriskl,2,0,2,0.0
oemmajor,0,2,2,1.0
mynet,0,2,2,1.0
igaga,0,2,2,1.0
moshedelaney,0,2,2,1.0
hoekenga,2,0,2,0.0
mineralia,0,2,2,1.0
sgnc,0,2,2,1.0
midten,0,2,2,1.0
pahafx,0,2,2,1.0
copydvdnow,0,2,2,1.0
ciagli,0,2,2,1.0
viscos,0,2,2,1.0
nterest,0,2,2,1.0
disengag,0,2,2,1.0
poohpooh,0,2,2,1.0
bceeetg,0,2,2,1.0
tecnica,0,2,2,1.0
kittiesinc,0,2,2,1.0
limitedbrd,0,2,2,1.0
territoir,0,2,2,1.0
rbaccess,0,2,2,1.0
seteo,0,2,2,1.0
suh,1,1,2,0.5
projectioncompani,0,2,2,1.0
greatdream,0,2,2,1.0
distmetkarmetkar,0,2,2,1.0
especialhttp,0,2,2,1.0
guillori,2,0,2,0.0
azrshpgml,0,2,2,1.0
wdni,2,0,2,0.0
kmaraki,0,2,2,1.0
ujawkvl,0,2,2,1.0
erectionsstart,0,2,2,1.0
kerim,0,2,2,1.0
disponvei,0,2,2,1.0
dismemb,1,1,2,0.5
hguzfh,0,2,2,1.0
oget,0,2,2,1.0
milesourc,0,2,2,1.0
erógena,0,2,2,1.0
nmf,2,0,2,0.0
linuxnew,0,2,2,1.0
sqmgnubi,0,2,2,1.0
qxi,0,2,2,1.0
subirs,0,2,2,1.0
cortraunt,0,2,2,1.0
shoreless,0,2,2,1.0
jbennett,2,0,2,0.0
levbayn,0,2,2,1.0
oyun,0,2,2,1.0
terrier,0,2,2,1.0
lookyoungnow,0,2,2,1.0
pvvv,0,2,2,1.0
umulur,0,2,2,1.0
youngish,0,2,2,1.0
foreknow,0,2,2,1.0
actoren,0,2,2,1.0
utahboysranch,0,2,2,1.0
wangl,0,2,2,1.0
dispatc,0,2,2,1.0
upr,2,0,2,0.0
nucleu,0,2,2,1.0
bgr,0,2,2,1.0
bukytsv,0,2,2,1.0
produkt,0,2,2,1.0
tumlit,0,2,2,1.0
sizin,0,2,2,1.0
jogdiaz,0,2,2,1.0
cronin,2,0,2,0.0
enmesh,2,0,2,0.0
gprescott,2,0,2,0.0
toolmak,0,2,2,1.0
ehakvhtj,0,2,2,1.0
jomomobutunzanga,0,2,2,1.0
lsf,0,2,2,1.0
wrlr,0,2,2,1.0
xtkzh,0,2,2,1.0
aor,0,2,2,1.0
imap,0,2,2,1.0
schrijven,0,2,2,1.0
rurivmr,0,2,2,1.0
fridi,2,0,2,0.0
ndyyjbtafiq,0,2,2,1.0
haziem,0,2,2,1.0
wpc,0,2,2,1.0
sijlrqeg,0,2,2,1.0
lstopcentr,0,2,2,1.0
portuges,2,0,2,0.0
koxvlxjifmmjduqgl,0,2,2,1.0
fgtpril,0,2,2,1.0
supcroc,0,2,2,1.0
byri,0,2,2,1.0
godzin,2,0,2,0.0
grummet,0,2,2,1.0
tilman,1,1,2,0.5
ieezdsmq,0,2,2,1.0
iiisi,0,2,2,1.0
jobsearch,2,0,2,0.0
alcaloid,0,2,2,1.0
prlm,0,2,2,1.0
dnaicx,0,2,2,1.0
eschatolog,0,2,2,1.0
angra,1,1,2,0.5
arayiniz,0,2,2,1.0
disponbil,0,2,2,1.0
minstrel,0,2,2,1.0
ceol,0,2,2,1.0
unerlaubt,0,2,2,1.0
internationallotteri,0,2,2,1.0
rxqlwxca,0,2,2,1.0
afract,0,2,2,1.0
xtv,0,2,2,1.0
perelman,0,2,2,1.0
talcum,0,2,2,1.0
iqbk,0,2,2,1.0
muhajabah,0,2,2,1.0
lempr,0,2,2,1.0
yszofzv,0,2,2,1.0
oce,0,2,2,1.0
skybridg,2,0,2,0.0
offerhigh,0,2,2,1.0
wsmarth,0,2,2,1.0
cooprat,0,2,2,1.0
caregiv,2,0,2,0.0
gseitl,2,0,2,0.0
rno,0,2,2,1.0
doorbraak,0,2,2,1.0
yanukovich,0,2,2,1.0
graft,0,2,2,1.0
esstablish,0,2,2,1.0
sqo,0,2,2,1.0
qciaypdk,0,2,2,1.0
xpens,0,2,2,1.0
voluntar,0,2,2,1.0
scilacci,2,0,2,0.0
northfield,2,0,2,0.0
roemco,0,2,2,1.0
piraeu,0,2,2,1.0
infovia,0,2,2,1.0
rvpv,0,2,2,1.0
scw,0,2,2,1.0
bocconi,2,0,2,0.0
warier,0,2,2,1.0
pbgc,0,2,2,1.0
onssal,0,2,2,1.0
ntf,0,2,2,1.0
suasion,0,2,2,1.0
blam,0,2,2,1.0
xqv,0,2,2,1.0
thuama,0,2,2,1.0
discostu,0,2,2,1.0
zungenakrobatik,0,2,2,1.0
transmitido,0,2,2,1.0
fsj,0,2,2,1.0
alpharetta,1,1,2,0.5
byee,0,2,2,1.0
kclammi,0,2,2,1.0
expendido,0,2,2,1.0
karnataka,2,0,2,0.0
nonari,0,2,2,1.0
ereved,0,2,2,1.0
gxpd,0,2,2,1.0
fru,0,2,2,1.0
bunkb,2,0,2,0.0
ginneri,0,2,2,1.0
kinkaid,2,0,2,0.0
takdim,0,2,2,1.0
confeccionamo,0,2,2,1.0
banden,0,2,2,1.0
pmcb,0,2,2,1.0
spezialisiert,0,2,2,1.0
fjtwc,0,2,2,1.0
parazitsiz,0,2,2,1.0
delani,0,2,2,1.0
jreveffo,2,0,2,0.0
fairground,2,0,2,0.0
spel,0,2,2,1.0
replicasonlin,0,2,2,1.0
xbifazhm,0,2,2,1.0
lactamaminoglycosid,0,2,2,1.0
quintillion,1,1,2,0.5
aminj,0,2,2,1.0
rivarol,0,2,2,1.0
theirish,0,2,2,1.0
vllum,0,2,2,1.0
undiminish,2,0,2,0.0
yfdpn,0,2,2,1.0
biomimet,0,2,2,1.0
epha,0,2,2,1.0
homeitri,0,2,2,1.0
clusterhost,0,2,2,1.0
esaurito,0,2,2,1.0
rhp,2,0,2,0.0
bhlkintcnrvyndo,0,2,2,1.0
hieroglyphicacton,0,2,2,1.0
aph,0,2,2,1.0
invocatori,0,2,2,1.0
yvneqw,0,2,2,1.0
programaran,0,2,2,1.0
trete,0,2,2,1.0
ðafertehu,0,2,2,1.0
zxghlajf,0,2,2,1.0
fkelli,2,0,2,0.0
vtfi,0,2,2,1.0
marile,0,2,2,1.0
iefckmepb,0,2,2,1.0
bwdpxmb,0,2,2,1.0
alvestad,2,0,2,0.0
efland,2,0,2,0.0
ganesh,0,2,2,1.0
gundamfan,0,2,2,1.0
lehoczki,2,0,2,0.0
besluit,0,2,2,1.0
ttnguyen,2,0,2,0.0
coasispost,2,0,2,0.0
actobat,0,2,2,1.0
nutech,2,0,2,0.0
nnocent,0,2,2,1.0
comc,2,0,2,0.0
itqlgq,0,2,2,1.0
cnldbt,2,0,2,0.0
kwang,2,0,2,0.0
blockag,0,2,2,1.0
caledonianew,0,2,2,1.0
waldrop,2,0,2,0.0
gpn,0,2,2,1.0
windowflow,0,2,2,1.0
sodimm,0,2,2,1.0
lumberton,2,0,2,0.0
dlfwoh,0,2,2,1.0
auli,2,0,2,0.0
giaex,0,2,2,1.0
jhrsn,0,2,2,1.0
benthien,0,2,2,1.0
internetcomo,0,2,2,1.0
spfzx,0,2,2,1.0
leucin,0,2,2,1.0
doapcrov,0,2,2,1.0
ridgefield,2,0,2,0.0
analiza,2,0,2,0.0
dkpenrod,2,0,2,0.0
ewmwww,0,2,2,1.0
vinv,2,0,2,0.0
teaser,2,0,2,0.0
currect,2,0,2,0.0
privvattt,0,2,2,1.0
gonderiniz,0,2,2,1.0
vulcanit,0,2,2,1.0
conscientizando,0,2,2,1.0
ention,0,2,2,1.0
prjjce,0,2,2,1.0
empresasadquira,0,2,2,1.0
suppport,0,2,2,1.0
jedna,2,0,2,0.0
skinn,0,2,2,1.0
czlonkow,2,0,2,0.0
reveiw,1,1,2,0.5
vinculada,0,2,2,1.0
includd,0,2,2,1.0
chartertitl,2,0,2,0.0
stuckh,0,2,2,1.0
trava,0,2,2,1.0
rostrat,0,2,2,1.0
kvbgi,2,0,2,0.0
nuevisima,0,2,2,1.0
burshtin,2,0,2,0.0
sugarland,2,0,2,0.0
kromer,2,0,2,0.0
pearloyst,0,2,2,1.0
apoiuu,0,2,2,1.0
agriculteur,0,2,2,1.0
kgio,0,2,2,1.0
nxpqh,0,2,2,1.0
intmail,0,2,2,1.0
ayanda,0,2,2,1.0
kiewit,0,2,2,1.0
geesink,0,2,2,1.0
grossist,0,2,2,1.0
stopsendingresum,0,2,2,1.0
starterf,0,2,2,1.0
strick,0,2,2,1.0
splink,0,2,2,1.0
bittner,2,0,2,0.0
kroner,1,1,2,0.5
mischk,2,0,2,0.0
proyeccin,0,2,2,1.0
denson,2,0,2,0.0
secondmark,0,2,2,1.0
mendparol,0,2,2,1.0
unprotect,2,0,2,0.0
bewerben,0,2,2,1.0
townspeopl,0,2,2,1.0
thornburg,2,0,2,0.0
ychmsl,0,2,2,1.0
konnan,0,2,2,1.0
djiasm,0,2,2,1.0
coultr,0,2,2,1.0
tfqjyjzr,0,2,2,1.0
mudix,0,2,2,1.0
teda,0,2,2,1.0
wiluna,0,2,2,1.0
jonh,0,2,2,1.0
mllion,0,2,2,1.0
discorrendo,0,2,2,1.0
kilogram,0,2,2,1.0
rivayetl,0,2,2,1.0
cycloped,0,2,2,1.0
sessizlið,0,2,2,1.0
mazurek,0,2,2,1.0
syoui,0,2,2,1.0
reapproach,2,0,2,0.0
moderateiy,0,2,2,1.0
piplelin,2,0,2,0.0
glzsc,0,2,2,1.0
pqkvzwzg,0,2,2,1.0
uncomplet,2,0,2,0.0
folksong,0,2,2,1.0
viggraand,0,2,2,1.0
evolução,0,2,2,1.0
gsweekli,0,2,2,1.0
pedtki,0,2,2,1.0
gostaramo,0,2,2,1.0
sastifact,0,2,2,1.0
fórmula,0,2,2,1.0
iç,0,2,2,1.0
lowst,0,2,2,1.0
hpze,0,2,2,1.0
chiefauditor,0,2,2,1.0
worldtwid,0,2,2,1.0
marcil,0,2,2,1.0
mider,2,0,2,0.0
viccodin,0,2,2,1.0
dxpgrb,0,2,2,1.0
nonconfidenti,2,0,2,0.0
vkfwsrzklhehvo,0,2,2,1.0
quantico,0,2,2,1.0
openrefi,0,2,2,1.0
hashana,0,2,2,1.0
dolaysyla,0,2,2,1.0
descal,0,2,2,1.0
mallon,2,0,2,0.0
infi,1,1,2,0.5
greecegont,0,2,2,1.0
yngencgag,0,2,2,1.0
beerdrink,2,0,2,0.0
hitlerit,0,2,2,1.0
woodyard,0,2,2,1.0
fenner,2,0,2,0.0
damo,0,2,2,1.0
schlaudraff,2,0,2,0.0
clamour,0,2,2,1.0
mulligatawni,0,2,2,1.0
sheepherd,2,0,2,0.0
adjur,0,2,2,1.0
gtbl,2,0,2,0.0
ipowerweb,0,2,2,1.0
coiffeur,0,2,2,1.0
julián,0,2,2,1.0
rechauff,0,2,2,1.0
twez,0,2,2,1.0
wbice,2,0,2,0.0
flotationexposit,0,2,2,1.0
youcansav,0,2,2,1.0
oag,0,2,2,1.0
warfield,1,1,2,0.5
highris,0,2,2,1.0
hurriedli,1,1,2,0.5
wac,0,2,2,1.0
woburn,0,2,2,1.0
whichstood,0,2,2,1.0
compusa,2,0,2,0.0
kgvkfedwq,0,2,2,1.0
homeboy,1,1,2,0.5
seimlerin,0,2,2,1.0
nulti,2,0,2,0.0
morsch,2,0,2,0.0
startquot,0,2,2,1.0
pledget,0,2,2,1.0
raghallaigh,0,2,2,1.0
uyelik,0,2,2,1.0
pepperdin,0,2,2,1.0
reglementeringen,0,2,2,1.0
lopyt,0,2,2,1.0
cjwr,0,2,2,1.0
fico,0,2,2,1.0
anesthet,0,2,2,1.0
arquivista,0,2,2,1.0
mesdblo,0,2,2,1.0
seasond,0,2,2,1.0
dienstenchequ,0,2,2,1.0
cancellingarma,0,2,2,1.0
renato,0,2,2,1.0
donard,0,2,2,1.0
hardeer,0,2,2,1.0
menubar,0,2,2,1.0
wov,0,2,2,1.0
writetn,0,2,2,1.0
amf,0,2,2,1.0
aphrodisiac,0,2,2,1.0
xikbv,0,2,2,1.0
credenciada,0,2,2,1.0
tidwel,0,2,2,1.0
sportiv,0,2,2,1.0
fito,2,0,2,0.0
biola,0,2,2,1.0
plainclothesman,0,2,2,1.0
batmanghelidj,0,2,2,1.0
fayher,0,2,2,1.0
grelha,0,2,2,1.0
rightnow,0,2,2,1.0
taifd,0,2,2,1.0
groenewold,2,0,2,0.0
efelton,2,0,2,0.0
subttulo,0,2,2,1.0
vhost,0,2,2,1.0
schuldenfrei,0,2,2,1.0
beltran,1,1,2,0.5
najwiecej,2,0,2,0.0
uhcneikcn,0,2,2,1.0
knifegrind,0,2,2,1.0
imuv,0,2,2,1.0
reston,0,2,2,1.0
helaa,0,2,2,1.0
eticket,0,2,2,1.0
inglesa,0,2,2,1.0
confic,0,2,2,1.0
duur,0,2,2,1.0
compila,0,2,2,1.0
missout,0,2,2,1.0
euhyh,0,2,2,1.0
simzwzsq,0,2,2,1.0
spacek,2,0,2,0.0
digno,0,2,2,1.0
ystyxapg,0,2,2,1.0
gemstar,2,0,2,0.0
lefthand,0,2,2,1.0
presupuestal,0,2,2,1.0
asafat,0,2,2,1.0
cmsivhhg,0,2,2,1.0
mostrado,0,2,2,1.0
ovdkspcr,0,2,2,1.0
confivei,0,2,2,1.0
boatu,0,2,2,1.0
ynjdw,0,2,2,1.0
seich,0,2,2,1.0
stockalert,0,2,2,1.0
opmerkelijk,0,2,2,1.0
rigth,0,2,2,1.0
tunberg,0,2,2,1.0
gleichmann,2,0,2,0.0
dormoy,0,2,2,1.0
disenfranchis,2,0,2,0.0
begrenzungen,0,2,2,1.0
tnl,0,2,2,1.0
prestigio,0,2,2,1.0
gaol,0,2,2,1.0
viewswir,2,0,2,0.0
heeeer,0,2,2,1.0
ramchand,2,0,2,0.0
slake,0,2,2,1.0
moje,2,0,2,0.0
bilal,2,0,2,0.0
truss,0,2,2,1.0
surveri,2,0,2,0.0
turbn,0,2,2,1.0
mitteilen,0,2,2,1.0
dishcloth,0,2,2,1.0
shopther,0,2,2,1.0
flowchart,1,1,2,0.5
jxveunf,0,2,2,1.0
sandbank,0,2,2,1.0
telefonía,0,2,2,1.0
nzrsz,0,2,2,1.0
thousandu,0,2,2,1.0
unsupervis,1,1,2,0.5
codenol,0,2,2,1.0
jscuqufb,0,2,2,1.0
ecplaza,0,2,2,1.0
saugu,0,2,2,1.0
tandklarnza,0,2,2,1.0
helinakarimu,0,2,2,1.0
accucast,0,2,2,1.0
bibliotecrio,0,2,2,1.0
fcnq,0,2,2,1.0
dragonflytransmitt,0,2,2,1.0
belgen,0,2,2,1.0
mistyp,0,2,2,1.0
embreagem,0,2,2,1.0
büro,0,2,2,1.0
nusoadjvi,0,2,2,1.0
krautsch,2,0,2,0.0
kyrgyz,2,0,2,0.0
subvent,0,2,2,1.0
yqkc,0,2,2,1.0
starsupplantwel,0,2,2,1.0
nracelet,0,2,2,1.0
westfal,2,0,2,0.0
shaanxi,0,2,2,1.0
yourbarclay,0,2,2,1.0
inov,0,2,2,1.0
portuguesa,0,2,2,1.0
sutcliff,2,0,2,0.0
morttgag,0,2,2,1.0
ieac,0,2,2,1.0
oqniqkpzvmqmzffmo,0,2,2,1.0
pprescott,0,2,2,1.0
minato,2,0,2,0.0
mediccatt,0,2,2,1.0
ampicillin,0,2,2,1.0
manju,2,0,2,0.0
anaiyt,0,2,2,1.0
lucaballiano,0,2,2,1.0
tuuuuurn,0,2,2,1.0
loaneon,0,2,2,1.0
etacitn,0,2,2,1.0
cantinacarto,0,2,2,1.0
teemcurtistcm,0,2,2,1.0
shring,2,0,2,0.0
uriti,0,2,2,1.0
tfrtwgwix,0,2,2,1.0
belico,0,2,2,1.0
vaak,0,2,2,1.0
lnpkq,0,2,2,1.0
freeq,0,2,2,1.0
immunotech,0,2,2,1.0
keeler,2,0,2,0.0
aanwervingen,0,2,2,1.0
dikeh,0,2,2,1.0
kierspel,2,0,2,0.0
erwart,0,2,2,1.0
airpow,2,0,2,0.0
imponência,0,2,2,1.0
rejetå,0,2,2,1.0
soima,0,2,2,1.0
railcar,2,0,2,0.0
worldilead,0,2,2,1.0
tjmbv,0,2,2,1.0
lzyusrvho,0,2,2,1.0
mitrosoft,0,2,2,1.0
nard,0,2,2,1.0
pongan,0,2,2,1.0
finansow,2,0,2,0.0
tipp,1,1,2,0.5
telstreet,2,0,2,0.0
dollaro,0,2,2,1.0
socialev,0,2,2,1.0
obecnych,2,0,2,0.0
newworldtoent,0,2,2,1.0
aeaslefol,0,2,2,1.0
cqwczazk,0,2,2,1.0
mmjx,0,2,2,1.0
manyqotheregr,0,2,2,1.0
cavalierli,1,1,2,0.5
tikelq,0,2,2,1.0
usinternet,0,2,2,1.0
peatmoss,0,2,2,1.0
creanm,0,2,2,1.0
whitecent,0,2,2,1.0
sinatown,0,2,2,1.0
heureus,0,2,2,1.0
siyvia,0,2,2,1.0
ueberweissung,0,2,2,1.0
oostblok,0,2,2,1.0
davisrl,2,0,2,0.0
odioh,0,2,2,1.0
rywxaxmx,0,2,2,1.0
selectequitiescorp,0,2,2,1.0
eneip,0,2,2,1.0
testproject,2,0,2,0.0
greyou,0,2,2,1.0
goawaypl,0,2,2,1.0
hygroscop,0,2,2,1.0
jfr,2,0,2,0.0
yond,0,2,2,1.0
duasýna,0,2,2,1.0
simitian,2,0,2,0.0
underrun,0,2,2,1.0
yung,0,2,2,1.0
powerbuild,2,0,2,0.0
ayc,1,1,2,0.5
grato,0,2,2,1.0
sección,0,2,2,1.0
zpfiivmqcvfonjogid,0,2,2,1.0
maha,2,0,2,0.0
pgypsb,0,2,2,1.0
toplumumuzun,0,2,2,1.0
rqfud,0,2,2,1.0
obrona,2,0,2,0.0
ckq,0,2,2,1.0
justforwebmast,0,2,2,1.0
hsfo,2,0,2,0.0
asok,0,2,2,1.0
equilater,0,2,2,1.0
passatempo,0,2,2,1.0
whiriti,0,2,2,1.0
arcyl,0,2,2,1.0
baska,0,2,2,1.0
escrita,0,2,2,1.0
jbig,2,0,2,0.0
virodhi,2,0,2,0.0
undergrowth,0,2,2,1.0
laatst,0,2,2,1.0
levam,0,2,2,1.0
blethersk,0,2,2,1.0
wvfxzf,0,2,2,1.0
jorn,0,2,2,1.0
wroldwid,0,2,2,1.0
robvofjfdx,0,2,2,1.0
soneor,0,2,2,1.0
nucleoli,0,2,2,1.0
masterli,1,1,2,0.5
ciadli,0,2,2,1.0
footloos,2,0,2,0.0
arnika,0,2,2,1.0
fice,0,2,2,1.0
medavoy,2,0,2,0.0
prirodu,0,2,2,1.0
lvl,1,1,2,0.5
hasnt,1,1,2,0.5
bburcat,2,0,2,0.0
ppmi,0,2,2,1.0
truism,0,2,2,1.0
shtgxnh,0,2,2,1.0
aupr,0,2,2,1.0
jfleme,2,0,2,0.0
bkh,1,1,2,0.5
wydaniem,2,0,2,0.0
driftag,0,2,2,1.0
niccolo,0,2,2,1.0
poczatkowo,2,0,2,0.0
elem,0,2,2,1.0
psrl,0,2,2,1.0
hisgtori,0,2,2,1.0
kek,0,2,2,1.0
universityluigi,2,0,2,0.0
yment,0,2,2,1.0
gozv,0,2,2,1.0
innovador,0,2,2,1.0
netzero,2,0,2,0.0
hornrim,0,2,2,1.0
pethealth,0,2,2,1.0
tablel,0,2,2,1.0
shanic,0,2,2,1.0
ausfuehren,0,2,2,1.0
mbo,1,1,2,0.5
servicetor,0,2,2,1.0
saliv,0,2,2,1.0
mika,2,0,2,0.0
polsk,2,0,2,0.0
lvcbrfzf,0,2,2,1.0
rvsgz,0,2,2,1.0
undiversifi,2,0,2,0.0
incompani,0,2,2,1.0
appos,2,0,2,0.0
rheostat,0,2,2,1.0
keiner,0,2,2,1.0
persuasivehav,0,2,2,1.0
rogersuq,0,2,2,1.0
hrghzpv,0,2,2,1.0
sandiford,2,0,2,0.0
nxet,0,2,2,1.0
xpx,0,2,2,1.0
schouest,2,0,2,0.0
nxt,0,2,2,1.0
underdid,0,2,2,1.0
mosh,0,2,2,1.0
distributorwww,0,2,2,1.0
bepc,2,0,2,0.0
ahorrara,0,2,2,1.0
bemerken,0,2,2,1.0
wpay,0,2,2,1.0
underbuy,0,2,2,1.0
xpuggjupk,0,2,2,1.0
vereceksiniz,0,2,2,1.0
anewloan,0,2,2,1.0
psdi,0,2,2,1.0
udalzek,0,2,2,1.0
quenet,2,0,2,0.0
kournikova,0,2,2,1.0
submittedtyour,0,2,2,1.0
scbv,0,2,2,1.0
sfoxtkvr,0,2,2,1.0
nvmd,0,2,2,1.0
mrema,2,0,2,0.0
deadend,0,2,2,1.0
zbjzdxmmuu,0,2,2,1.0
iigh,0,2,2,1.0
reamwav,0,2,2,1.0
bozucu,0,2,2,1.0
mnd,2,0,2,0.0
oftrecur,0,2,2,1.0
russellstraat,0,2,2,1.0
ctio,0,2,2,1.0
borsheim,2,0,2,0.0
jbtfcz,0,2,2,1.0
marzec,2,0,2,0.0
pxurd,0,2,2,1.0
jcleveng,2,0,2,0.0
sspecial,0,2,2,1.0
quh,0,2,2,1.0
garagen,0,2,2,1.0
grmzde,0,2,2,1.0
hyh,0,2,2,1.0
moreum,0,2,2,1.0
snowstorm,0,2,2,1.0
prefeitura,0,2,2,1.0
teekkr,0,2,2,1.0
comerciant,0,2,2,1.0
segal,2,0,2,0.0
crewkhern,0,2,2,1.0
spreadapo,2,0,2,0.0
rfjprceok,0,2,2,1.0
cranfield,2,0,2,0.0
improov,0,2,2,1.0
basicf,0,2,2,1.0
kymmen,2,0,2,0.0
preferencia,0,2,2,1.0
clîck,0,2,2,1.0
strijdom,0,2,2,1.0
wauhn,0,2,2,1.0
txn,0,2,2,1.0
dthudson,2,0,2,0.0
santalucia,0,2,2,1.0
magnetslip,0,2,2,1.0
graduado,0,2,2,1.0
mousteiko,2,0,2,0.0
tenterhook,0,2,2,1.0
simpleinstruct,0,2,2,1.0
phet,0,2,2,1.0
rdere,0,2,2,1.0
nalco,2,0,2,0.0
rrblwzaazwuxh,0,2,2,1.0
goji,0,2,2,1.0
amuro,0,2,2,1.0
arcexplor,0,2,2,1.0
trabarl,0,2,2,1.0
legalist,2,0,2,0.0
consrcio,0,2,2,1.0
tugjf,0,2,2,1.0
oasispipelin,2,0,2,0.0
çünkü,0,2,2,1.0
beneflt,0,2,2,1.0
cristiano,0,2,2,1.0
ausschlagen,0,2,2,1.0
redbud,0,2,2,1.0
consumersal,0,2,2,1.0
concorrncia,0,2,2,1.0
zsnmdhugoadjerozt,0,2,2,1.0
vkdwhtoe,0,2,2,1.0
qµ,0,2,2,1.0
sulksteinberg,0,2,2,1.0
gnl,0,2,2,1.0
violinist,1,1,2,0.5
catalyz,2,0,2,0.0
mwvuvccdqwovgyapa,0,2,2,1.0
wgay,0,2,2,1.0
dusseldor,0,2,2,1.0
chaffin,2,0,2,0.0
spaoyou,0,2,2,1.0
hafeez,2,0,2,0.0
hefner,1,1,2,0.5
emailsbuilt,0,2,2,1.0
tandard,0,2,2,1.0
óüëöð,0,2,2,1.0
sgil,0,2,2,1.0
approvjz,0,2,2,1.0
candlelightdinn,0,2,2,1.0
rval,0,2,2,1.0
ardith,0,2,2,1.0
naprosyn,0,2,2,1.0
zweiten,0,2,2,1.0
intangiblesrak,0,2,2,1.0
lujlnd,0,2,2,1.0
kidz,0,2,2,1.0
amapa,0,2,2,1.0
santistatextil,0,2,2,1.0
problemem,2,0,2,0.0
aplicada,0,2,2,1.0
mademoisel,0,2,2,1.0
tántrico,0,2,2,1.0
yourord,0,2,2,1.0
itpzgzv,0,2,2,1.0
nmljcbjjxz,0,2,2,1.0
pullov,0,2,2,1.0
cxo,2,0,2,0.0
trke,0,2,2,1.0
naaa,0,2,2,1.0
ofab,0,2,2,1.0
golam,2,0,2,0.0
othersto,0,2,2,1.0
euhgg,0,2,2,1.0
australiasd,0,1,1,1.0
szoh,1,0,1,0.0
qhpeppdjzooss,0,1,1,1.0
ipoa,1,0,1,0.0
stitut,0,1,1,1.0
tzgaiutkt,0,1,1,1.0
boazycefnbr,0,1,1,1.0
patternmak,0,1,1,1.0
mournabadey,0,1,1,1.0
negociada,0,1,1,1.0
bolnisi,0,1,1,1.0
afpv,0,1,1,1.0
aiidl,0,1,1,1.0
nlmmebr,0,1,1,1.0
shenika,0,1,1,1.0
rmcyjw,0,1,1,1.0
theya,0,1,1,1.0
ifuimrdqmqsaewenpotxzrm,0,1,1,1.0
miqiwenoy,0,1,1,1.0
strongno,0,1,1,1.0
educationalist,0,1,1,1.0
tauschen,0,1,1,1.0
affairstridul,0,1,1,1.0
ldptenuat,0,1,1,1.0
jntmcubpr,0,1,1,1.0
bpage,0,1,1,1.0
extremament,0,1,1,1.0
emnyamao,0,1,1,1.0
eyesi,0,1,1,1.0
rundfunk,0,1,1,1.0
diiemma,0,1,1,1.0
vlymu,0,1,1,1.0
kowjb,0,1,1,1.0
interoperabii,0,1,1,1.0
cundiff,0,1,1,1.0
vxrkahgvr,0,1,1,1.0
wmrdvil,0,1,1,1.0
jdoe,1,0,1,0.0
gautum,1,0,1,0.0
ptbxh,0,1,1,1.0
mure,0,1,1,1.0
jvkicrwmn,0,1,1,1.0
samf,1,0,1,0.0
abgerechnet,0,1,1,1.0
palmtre,0,1,1,1.0
cefsnpgrhlg,0,1,1,1.0
perequisit,0,1,1,1.0
ebpnrao,0,1,1,1.0
devinegrli,0,1,1,1.0
ellinghaus,1,0,1,0.0
magnumo,0,1,1,1.0
ezgyvka,0,1,1,1.0
sett,0,1,1,1.0
gpphhdlwh,0,1,1,1.0
haileyburi,0,1,1,1.0
gothnlvwi,0,1,1,1.0
acvyyfc,0,1,1,1.0
trackl,0,1,1,1.0
eapfdf,0,1,1,1.0
bbunzwerw,0,1,1,1.0
xkhliyi,0,1,1,1.0
sqhij,0,1,1,1.0
nacodoch,1,0,1,0.0
gmijc,0,1,1,1.0
cableado,0,1,1,1.0
vyrto,0,1,1,1.0
ghastlyauto,0,1,1,1.0
aþan,0,1,1,1.0
stroph,0,1,1,1.0
sqttlqhgv,0,1,1,1.0
swdlvzmszwbp,0,1,1,1.0
ywohofyf,0,1,1,1.0
constructiblecalvinist,0,1,1,1.0
caesarbutton,0,1,1,1.0
cendi,0,1,1,1.0
dmill,1,0,1,0.0
stufqf,0,1,1,1.0
lkavx,0,1,1,1.0
herum,0,1,1,1.0
chipper,1,0,1,0.0
comadrn,0,1,1,1.0
pharmacodynam,0,1,1,1.0
anomaloushomebuild,0,1,1,1.0
emusnoc,0,1,1,1.0
conveyorstapl,0,1,1,1.0
togepth,0,1,1,1.0
brambledwarv,0,1,1,1.0
qdjbc,0,1,1,1.0
excelencia,0,1,1,1.0
andl,1,0,1,0.0
lpu,0,1,1,1.0
qehqsyu,0,1,1,1.0
gghha,0,1,1,1.0
zem,0,1,1,1.0
lacquey,0,1,1,1.0
sltcskhit,0,1,1,1.0
sxv,0,1,1,1.0
capitolinedec,0,1,1,1.0
nzjxdla,0,1,1,1.0
uxqnehbrpn,0,1,1,1.0
seperart,1,0,1,0.0
cjqgcoz,0,1,1,1.0
aefdr,0,1,1,1.0
knlotzag,0,1,1,1.0
nachlassinsolvenz,0,1,1,1.0
chatt,0,1,1,1.0
alcanzan,0,1,1,1.0
mohney,0,1,1,1.0
dnaent,1,0,1,0.0
xersonisso,1,0,1,0.0
ypage,0,1,1,1.0
pharmaceuitc,0,1,1,1.0
bestowon,0,1,1,1.0
abix,1,0,1,0.0
vxfcqbyc,0,1,1,1.0
barrymorebeaut,0,1,1,1.0
bolter,0,1,1,1.0
lkelsey,1,0,1,0.0
programassoftwar,0,1,1,1.0
komplikationen,0,1,1,1.0
heterochromat,0,1,1,1.0
aenabl,0,1,1,1.0
khbdcivo,0,1,1,1.0
alluviumplumb,0,1,1,1.0
bozicnu,0,1,1,1.0
acj,0,1,1,1.0
desengrasaro,0,1,1,1.0
eifl,0,1,1,1.0
nabb,1,0,1,0.0
ywaraxj,0,1,1,1.0
enquowzxyj,0,1,1,1.0
iqp,0,1,1,1.0
ctise,1,0,1,0.0
iwnfhpdhk,0,1,1,1.0
sbjz,0,1,1,1.0
selecto,0,1,1,1.0
wffpt,0,1,1,1.0
xcalibr,0,1,1,1.0
pmarb,1,0,1,0.0
antivirenprogramm,0,1,1,1.0
icdfghabjm,0,1,1,1.0
gtsiym,0,1,1,1.0
rlibnu,0,1,1,1.0
buggynow,0,1,1,1.0
mclanahan,0,1,1,1.0
leonora,0,1,1,1.0
bgfort,1,0,1,0.0
umimefr,0,1,1,1.0
farchana,0,1,1,1.0
µôã,0,1,1,1.0
verstau,0,1,1,1.0
ohnli,0,1,1,1.0
phenetermiin,0,1,1,1.0
dzisni,0,1,1,1.0
zdylkzwgfc,0,1,1,1.0
overpass,0,1,1,1.0
oxok,0,1,1,1.0
cqdnvukrsbr,0,1,1,1.0
indosat,0,1,1,1.0
monpqlu,0,1,1,1.0
prescriwpticon,0,1,1,1.0
straatweg,0,1,1,1.0
okoxomequ,0,1,1,1.0
ttiesi,0,1,1,1.0
fgeaopf,0,1,1,1.0
putla,0,1,1,1.0
dpetbdb,0,1,1,1.0
sqr,0,1,1,1.0
arkla,1,0,1,0.0
rnydb,0,1,1,1.0
khair,0,1,1,1.0
verlassen,0,1,1,1.0
rwakadingi,0,1,1,1.0
kbrynq,0,1,1,1.0
desperadonecklin,0,1,1,1.0
youlook,0,1,1,1.0
yesworldwid,0,1,1,1.0
ydkkve,0,1,1,1.0
eventhough,1,0,1,0.0
fid,0,1,1,1.0
cbnxl,0,1,1,1.0
palash,1,0,1,0.0
hetrj,0,1,1,1.0
jumebp,0,1,1,1.0
yahvfctn,0,1,1,1.0
fobikamihist,0,1,1,1.0
cheshunt,0,1,1,1.0
xkoayczpm,0,1,1,1.0
infobas,1,0,1,0.0
adresin,0,1,1,1.0
vigueur,0,1,1,1.0
defsquad,0,1,1,1.0
jqbbstuc,0,1,1,1.0
hiasbr,0,1,1,1.0
dakrummen,1,0,1,0.0
empta,0,1,1,1.0
iur,0,1,1,1.0
sitesdrawn,0,1,1,1.0
psei,1,0,1,0.0
qovgzh,0,1,1,1.0
shirl,0,1,1,1.0
aega,0,1,1,1.0
bubrfor,0,1,1,1.0
mjjnfm,0,1,1,1.0
gnkzrzqq,0,1,1,1.0
dogcart,0,1,1,1.0
obirail,0,1,1,1.0
casualiy,0,1,1,1.0
insgesamt,0,1,1,1.0
cosinehesit,0,1,1,1.0
recauchutado,0,1,1,1.0
pacific,0,1,1,1.0
analysesmet,0,1,1,1.0
ansguman,1,0,1,0.0
vrouwelijk,0,1,1,1.0
ajgqx,0,1,1,1.0
sdlug,0,1,1,1.0
variada,0,1,1,1.0
yxbl,0,1,1,1.0
cqmqotk,0,1,1,1.0
xoqigx,0,1,1,1.0
slëëpìng,0,1,1,1.0
oblutnyn,0,1,1,1.0
improviseaccumul,0,1,1,1.0
sakula,1,0,1,0.0
acceller,1,0,1,0.0
pertenc,0,1,1,1.0
mpgmhykjgrndb,0,1,1,1.0
jkw,0,1,1,1.0
cijfer,0,1,1,1.0
xife,0,1,1,1.0
reemooooooveeee,0,1,1,1.0
balbuti,0,1,1,1.0
veratyr,0,1,1,1.0
niemand,0,1,1,1.0
urbano,0,1,1,1.0
camoil,1,0,1,0.0
embosscovet,0,1,1,1.0
rgglpddfvdxgaahgi,0,1,1,1.0
ydxflpui,0,1,1,1.0
aranqte,0,1,1,1.0
wmid,0,1,1,1.0
antwortfunkt,0,1,1,1.0
citybluewash,0,1,1,1.0
nicedeclamatori,0,1,1,1.0
moench,1,0,1,0.0
keepyour,0,1,1,1.0
blaisdel,0,1,1,1.0
vfuxv,0,1,1,1.0
besorgni,0,1,1,1.0
riddik,0,1,1,1.0
tffpoibkt,0,1,1,1.0
vllig,0,1,1,1.0
dtolearyl,1,0,1,0.0
phillynew,1,0,1,0.0
jogtrot,0,1,1,1.0
iunlui,0,1,1,1.0
thallophytesh,0,1,1,1.0
ishysd,0,1,1,1.0
alwya,1,0,1,0.0
jacammarano,1,0,1,0.0
smapxsmap,0,1,1,1.0
wolstenholm,1,0,1,0.0
rpolkfj,0,1,1,1.0
youlaagan,0,1,1,1.0
lumbermancancel,0,1,1,1.0
abag,1,0,1,0.0
xyqleom,0,1,1,1.0
organist,0,1,1,1.0
phinojo,1,0,1,0.0
rorememb,0,1,1,1.0
yopyep,0,1,1,1.0
callow,0,1,1,1.0
olxhjpvv,0,1,1,1.0
larberg,1,0,1,0.0
ofcar,0,1,1,1.0
papyotti,1,0,1,0.0
kuk,0,1,1,1.0
kpw,0,1,1,1.0
koncepji,1,0,1,0.0
laundress,0,1,1,1.0
cttkj,0,1,1,1.0
stsop,0,1,1,1.0
qgcpd,0,1,1,1.0
aviciiqck,0,1,1,1.0
profitablil,0,1,1,1.0
imbalnc,1,0,1,0.0
linkpopularitaet,0,1,1,1.0
rgloistein,1,0,1,0.0
pwdzoa,0,1,1,1.0
cumbrou,0,1,1,1.0
jgpyfkbl,0,1,1,1.0
komplizierten,0,1,1,1.0
jscb,0,1,1,1.0
thinkread,0,1,1,1.0
javaid,1,0,1,0.0
xsaqwrnfot,0,1,1,1.0
qdg,0,1,1,1.0
reomo,0,1,1,1.0
muften,1,0,1,0.0
achgh,0,1,1,1.0
dyl,0,1,1,1.0
predirglpr,0,1,1,1.0
rmk,0,1,1,1.0
jcattermol,1,0,1,0.0
chubbycrappi,0,1,1,1.0
thronez,0,1,1,1.0
mish,0,1,1,1.0
garnetbarri,0,1,1,1.0
eniredffti,0,1,1,1.0
fiero,1,0,1,0.0
strm,0,1,1,1.0
tcarson,1,0,1,0.0
epw,0,1,1,1.0
daimlerclimb,0,1,1,1.0
questiosn,1,0,1,0.0
posicionarlo,0,1,1,1.0
albequrqu,1,0,1,0.0
ponch,1,0,1,0.0
overcommun,1,0,1,0.0
editorialbanburi,0,1,1,1.0
maulstick,0,1,1,1.0
aaagrp,0,1,1,1.0
fxhoathwm,0,1,1,1.0
fatherhood,1,0,1,0.0
sqd,0,1,1,1.0
shaper,1,0,1,0.0
gambier,0,1,1,1.0
voileybail,0,1,1,1.0
xqkqoliu,0,1,1,1.0
abcoud,0,1,1,1.0
twoich,1,0,1,0.0
rememberthat,0,1,1,1.0
oiw,0,1,1,1.0
jmxomxi,0,1,1,1.0
giwocmzsbbr,0,1,1,1.0
udanhyr,0,1,1,1.0
dsjurfh,0,1,1,1.0
refashion,1,0,1,0.0
ehrwhqu,0,1,1,1.0
tiaion,0,1,1,1.0
jerold,1,0,1,0.0
welcomel,1,0,1,0.0
oemdownload,0,1,1,1.0
andhra,0,1,1,1.0
brookwoodcommun,1,0,1,0.0
ofnbsp,0,1,1,1.0
goernor,1,0,1,0.0
sloansimmo,1,0,1,0.0
sipin,1,0,1,0.0
evgmo,0,1,1,1.0
preexamin,0,1,1,1.0
forensedesd,0,1,1,1.0
abvp,0,1,1,1.0
maramotto,0,1,1,1.0
overnght,0,1,1,1.0
preemptor,0,1,1,1.0
lipuscek,1,0,1,0.0
htu,0,1,1,1.0
exclusividad,0,1,1,1.0
xgkhzrl,0,1,1,1.0
mishkanesbitt,0,1,1,1.0
ioef,0,1,1,1.0
karait,0,1,1,1.0
afilia,0,1,1,1.0
pncreet,0,1,1,1.0
enyogtv,0,1,1,1.0
antagonismpotash,0,1,1,1.0
hemor,0,1,1,1.0
buttresscairn,0,1,1,1.0
soluteadam,0,1,1,1.0
samsan,0,1,1,1.0
wordimpi,0,1,1,1.0
cashcreditedto,0,1,1,1.0
caaaan,0,1,1,1.0
nver,1,0,1,0.0
fenmeno,0,1,1,1.0
destroc,0,1,1,1.0
lactobacillu,0,1,1,1.0
viiiagraa,0,1,1,1.0
compactibilidad,0,1,1,1.0
yhnwa,0,1,1,1.0
rdepxfaol,0,1,1,1.0
durin,0,1,1,1.0
reptiliangalatia,0,1,1,1.0
fcotrnph,0,1,1,1.0
uarante,0,1,1,1.0
siacgl,0,1,1,1.0
ayicmv,0,1,1,1.0
qcd,0,1,1,1.0
mhbglw,0,1,1,1.0
epress,0,1,1,1.0
bancaf,0,1,1,1.0
anentrepreneur,0,1,1,1.0
hanyang,0,1,1,1.0
qfezmiez,0,1,1,1.0
bdnopmi,0,1,1,1.0
desarrol,0,1,1,1.0
obztm,0,1,1,1.0
rase,0,1,1,1.0
lastsun,0,1,1,1.0
seebodi,0,1,1,1.0
jlyahz,0,1,1,1.0
tenness,1,0,1,0.0
leginfo,1,0,1,0.0
yeso,0,1,1,1.0
eimissy,0,1,1,1.0
zahlreich,0,1,1,1.0
bldtzcti,0,1,1,1.0
gxkvikjq,0,1,1,1.0
betyoudidntseethi,0,1,1,1.0
antoniogarcia,0,1,1,1.0
evaph,0,1,1,1.0
gmuj,0,1,1,1.0
apwmn,0,1,1,1.0
resposn,1,0,1,0.0
soludocbnl,0,1,1,1.0
gynocraci,0,1,1,1.0
whoi,0,1,1,1.0
rabinovich,1,0,1,0.0
wkfmjbdey,0,1,1,1.0
nastemicap,0,1,1,1.0
cmzkycd,0,1,1,1.0
houseyhouseyhawkmoth,0,1,1,1.0
faktur,1,0,1,0.0
gyl,0,1,1,1.0
churchrealti,1,0,1,0.0
antiquarianbevi,0,1,1,1.0
pnpbvm,0,1,1,1.0
stocker,0,1,1,1.0
isando,0,1,1,1.0
dije,0,1,1,1.0
akjll,0,1,1,1.0
jlq,0,1,1,1.0
nna,0,1,1,1.0
oldproprietor,0,1,1,1.0
sólida,0,1,1,1.0
befand,0,1,1,1.0
ingles,0,1,1,1.0
exigen,0,1,1,1.0
screedparley,0,1,1,1.0
decilitr,0,1,1,1.0
integrat,1,0,1,0.0
nwic,0,1,1,1.0
barabara,1,0,1,0.0
communi,0,1,1,1.0
encriptado,0,1,1,1.0
treasonousvilifi,0,1,1,1.0
krongthip,0,1,1,1.0
bflkb,0,1,1,1.0
jpbhwak,0,1,1,1.0
czovr,0,1,1,1.0
loganberri,0,1,1,1.0
aobm,0,1,1,1.0
dmason,1,0,1,0.0
lbortori,0,1,1,1.0
dsonri,0,1,1,1.0
molscvdbjf,0,1,1,1.0
protzac,0,1,1,1.0
qpv,0,1,1,1.0
beincur,0,1,1,1.0
shappiro,1,0,1,0.0
aamlrg,0,1,1,1.0
duserand,0,1,1,1.0
cleanact,0,1,1,1.0
ausi,0,1,1,1.0
messageid,0,1,1,1.0
gorski,1,0,1,0.0
zfin,0,1,1,1.0
savihng,0,1,1,1.0
systemsetc,0,1,1,1.0
subspac,0,1,1,1.0
rigeht,0,1,1,1.0
zvb,0,1,1,1.0
outtak,1,0,1,0.0
smallbiz,0,1,1,1.0
zsg,0,1,1,1.0
cxlsn,0,1,1,1.0
riupyik,0,1,1,1.0
elektroniczni,1,0,1,0.0
talkedfor,0,1,1,1.0
hzriubp,0,1,1,1.0
arbour,0,1,1,1.0
rehtail,0,1,1,1.0
pricl,0,1,1,1.0
dateeemywifxxp,0,1,1,1.0
dreamofsometh,0,1,1,1.0
rlr,0,1,1,1.0
rabbin,0,1,1,1.0
gamet,0,1,1,1.0
bialystokgrip,0,1,1,1.0
oculist,0,1,1,1.0
chikhlooõ,0,1,1,1.0
nva,0,1,1,1.0
dcog,0,1,1,1.0
ojg,0,1,1,1.0
strentem,0,1,1,1.0
fatsbritten,0,1,1,1.0
igomk,0,1,1,1.0
doubler,0,1,1,1.0
ohwxh,0,1,1,1.0
rfu,0,1,1,1.0
charitycccccc,0,1,1,1.0
presidenttikin,0,1,1,1.0
aspindustri,1,0,1,0.0
andsend,0,1,1,1.0
dadam,1,0,1,0.0
telelifetm,0,1,1,1.0
nmick,0,1,1,1.0
restur,1,0,1,0.0
archli,0,1,1,1.0
njyzd,0,1,1,1.0
vean,0,1,1,1.0
chaaalleng,0,1,1,1.0
swoolz,1,0,1,0.0
czvd,0,1,1,1.0
nowfil,0,1,1,1.0
hotboxklux,0,1,1,1.0
channl,0,1,1,1.0
nace,1,0,1,0.0
transmogrifysel,0,1,1,1.0
aded,0,1,1,1.0
institutionin,0,1,1,1.0
arvkjjdymf,0,1,1,1.0
advozi,0,1,1,1.0
unfocus,1,0,1,0.0
rfeldman,1,0,1,0.0
xkoszwohh,0,1,1,1.0
berko,1,0,1,0.0
orcfnqin,0,1,1,1.0
eclético,0,1,1,1.0
zda,0,1,1,1.0
qlpislguz,0,1,1,1.0
gswmc,0,1,1,1.0
samplelett,0,1,1,1.0
basirostr,0,1,1,1.0
wprowadzilem,1,0,1,0.0
bryantdusk,0,1,1,1.0
gjlbjco,0,1,1,1.0
pathnet,1,0,1,0.0
playergordon,0,1,1,1.0
kkt,0,1,1,1.0
scotsmaninaccess,0,1,1,1.0
tovar,1,0,1,0.0
anqkfhwfz,0,1,1,1.0
krtji,0,1,1,1.0
pughdecoy,0,1,1,1.0
hcpk,0,1,1,1.0
everon,1,0,1,0.0
ybbqv,0,1,1,1.0
emtn,0,1,1,1.0
oonymphomaniac,0,1,1,1.0
hoeffelman,1,0,1,0.0
lidcdhsjj,0,1,1,1.0
hamtel,0,1,1,1.0
phwevczdzrxybafxj,0,1,1,1.0
melanson,1,0,1,0.0
fcabot,0,1,1,1.0
sgrppj,0,1,1,1.0
tiotrowski,1,0,1,0.0
ngjzw,0,1,1,1.0
offroad,0,1,1,1.0
xafzo,0,1,1,1.0
ajhc,0,1,1,1.0
lukefictiti,0,1,1,1.0
collleg,0,1,1,1.0
mxuolbnukw,0,1,1,1.0
dayof,1,0,1,0.0
atfqyxpga,0,1,1,1.0
spitzdog,0,1,1,1.0
blde,1,0,1,0.0
cfvu,0,1,1,1.0
repaiman,0,1,1,1.0
mcjorixg,0,1,1,1.0
tfav,0,1,1,1.0
mcdonaid,0,1,1,1.0
grimberg,1,0,1,0.0
downheart,1,0,1,0.0
textredfont,0,1,1,1.0
birthpar,0,1,1,1.0
kingsr,1,0,1,0.0
oknqt,0,1,1,1.0
processothello,0,1,1,1.0
equipamiento,0,1,1,1.0
seabrook,0,1,1,1.0
qgltihzpcnvzlg,0,1,1,1.0
polariod,0,1,1,1.0
shznqc,0,1,1,1.0
rfbrpqft,0,1,1,1.0
andinnov,0,1,1,1.0
betrothalquart,0,1,1,1.0
rallytopolog,0,1,1,1.0
dmuzlnulr,0,1,1,1.0
elitemort,0,1,1,1.0
uhp,0,1,1,1.0
wenti,0,1,1,1.0
representa,0,1,1,1.0
zqouo,0,1,1,1.0
grypa,1,0,1,0.0
xwp,0,1,1,1.0
yppiw,0,1,1,1.0
downsvil,1,0,1,0.0
pmjwo,0,1,1,1.0
quaicon,0,1,1,1.0
lyndonjohnson,1,0,1,0.0
yhoyc,0,1,1,1.0
whombloodstream,0,1,1,1.0
pearmain,1,0,1,0.0
hlth,0,1,1,1.0
paidonlin,0,1,1,1.0
nmz,0,1,1,1.0
woodsamaz,0,1,1,1.0
wswzpsyy,0,1,1,1.0
fhxrdz,0,1,1,1.0
fvfkyyxri,0,1,1,1.0
pmtk,0,1,1,1.0
scotian,1,0,1,0.0
resind,1,0,1,0.0
lvci,1,0,1,0.0
ineg,0,1,1,1.0
fintd,0,1,1,1.0
evitr,0,1,1,1.0
kymoa,0,1,1,1.0
ihhkzeju,0,1,1,1.0
vlotspeich,1,0,1,0.0
hlumh,0,1,1,1.0
shippingand,0,1,1,1.0
hutio,0,1,1,1.0
haveman,0,1,1,1.0
ximopantolisig,0,1,1,1.0
lyoizg,0,1,1,1.0
bersani,1,0,1,0.0
parsonstaken,0,1,1,1.0
poforsandote,0,1,1,1.0
hdivt,0,1,1,1.0
thebeag,1,0,1,0.0
pldfexpop,0,1,1,1.0
kxktmb,0,1,1,1.0
entertainhaley,0,1,1,1.0
fsreh,0,1,1,1.0
adversa,0,1,1,1.0
injustiac,0,1,1,1.0
koreanum,0,1,1,1.0
hopeyo,0,1,1,1.0
mgmhrtghp,0,1,1,1.0
entrancewayhobb,0,1,1,1.0
wcoxj,0,1,1,1.0
doument,0,1,1,1.0
tpipwxd,0,1,1,1.0
rmaceuticai,0,1,1,1.0
qlywdrpjz,0,1,1,1.0
impacten,0,1,1,1.0
condoaggi,1,0,1,0.0
docztor,0,1,1,1.0
exsofj,0,1,1,1.0
lsjtzht,0,1,1,1.0
banburyflatland,0,1,1,1.0
trauer,0,1,1,1.0
liyf,0,1,1,1.0
tonka,1,0,1,0.0
piou,0,1,1,1.0
lume,0,1,1,1.0
firstcategori,0,1,1,1.0
crcandmac,1,0,1,0.0
msvm,0,1,1,1.0
emboldenbleach,0,1,1,1.0
wfvdrkm,0,1,1,1.0
onlgin,0,1,1,1.0
balcerowiczem,1,0,1,0.0
ngener,0,1,1,1.0
cqtdppx,0,1,1,1.0
idemchenko,0,1,1,1.0
lquigi,0,1,1,1.0
patriloc,0,1,1,1.0
twhsiysta,0,1,1,1.0
kaufen,0,1,1,1.0
anticipada,0,1,1,1.0
stillborn,0,1,1,1.0
mfqwh,0,1,1,1.0
maharane,0,1,1,1.0
mphasiz,0,1,1,1.0
isodiapher,0,1,1,1.0
tuseday,1,0,1,0.0
mailincg,0,1,1,1.0
docswaplog,1,0,1,0.0
alunort,0,1,1,1.0
creoletemper,0,1,1,1.0
prodvid,0,1,1,1.0
irresloui,0,1,1,1.0
rebeccaurchin,0,1,1,1.0
kekp,0,1,1,1.0
hczeqsj,0,1,1,1.0
selman,1,0,1,0.0
mntl,0,1,1,1.0
oadbia,0,1,1,1.0
iaa,0,1,1,1.0
llegada,0,1,1,1.0
jqgyhn,0,1,1,1.0
wbb,0,1,1,1.0
jgwdjjj,0,1,1,1.0
mirfhjwlvithu,0,1,1,1.0
junofre,1,0,1,0.0
brincavam,0,1,1,1.0
congruentheadway,0,1,1,1.0
ayudarn,0,1,1,1.0
außenständ,0,1,1,1.0
dccfmhmi,0,1,1,1.0
kinden,1,0,1,0.0
tdxq,0,1,1,1.0
qunam,0,1,1,1.0
ungefähren,0,1,1,1.0
mroe,0,1,1,1.0
stocklist,0,1,1,1.0
divulgeto,0,1,1,1.0
efficaciousris,0,1,1,1.0
evrhrsta,0,1,1,1.0
pflichten,0,1,1,1.0
yoichi,1,0,1,0.0
crd,0,1,1,1.0
zrvvqvia,0,1,1,1.0
premierebr,0,1,1,1.0
rnuhgtk,0,1,1,1.0
naumann,1,0,1,0.0
uuhwwm,0,1,1,1.0
rnhguo,0,1,1,1.0
dzngzt,0,1,1,1.0
tlbujnsq,0,1,1,1.0
mitl,0,1,1,1.0
attrzgg,0,1,1,1.0
vechicl,0,1,1,1.0
chunchu,1,0,1,0.0
tendererlycopodium,0,1,1,1.0
wohlfarth,1,0,1,0.0
clinten,0,1,1,1.0
sleazoid,0,1,1,1.0
bukguiwwznllev,0,1,1,1.0
tijtl,0,1,1,1.0
chhcwaxer,0,1,1,1.0
svbanaq,0,1,1,1.0
erysipela,0,1,1,1.0
redonda,1,0,1,0.0
birdturbo,0,1,1,1.0
alcala,0,1,1,1.0
signaturefinanci,0,1,1,1.0
naz,1,0,1,0.0
dhugyisug,0,1,1,1.0
taramasndan,0,1,1,1.0
gorrichategui,1,0,1,0.0
havlx,0,1,1,1.0
xbqxe,0,1,1,1.0
antiskept,0,1,1,1.0
corretament,0,1,1,1.0
amnion,0,1,1,1.0
dgt,0,1,1,1.0
rofil,0,1,1,1.0
defrayparticul,0,1,1,1.0
irghjzbjohecob,0,1,1,1.0
lfdxjrkp,0,1,1,1.0
satyamonlin,0,1,1,1.0
tvrzizv,0,1,1,1.0
fjvqno,0,1,1,1.0
alternatywn,1,0,1,0.0
fbbsr,0,1,1,1.0
conoilltdgm,0,1,1,1.0
alsg,0,1,1,1.0
chfmn,0,1,1,1.0
deadster,0,1,1,1.0
tzptt,0,1,1,1.0
clubcorp,1,0,1,0.0
fsqft,0,1,1,1.0
uxnbki,0,1,1,1.0
egv,0,1,1,1.0
crrefi,0,1,1,1.0
xfntdsjtusmfohlg,0,1,1,1.0
xlkk,0,1,1,1.0
kilbi,0,1,1,1.0
mangelnd,0,1,1,1.0
immunederegul,0,1,1,1.0
alrxzeadypi,0,1,1,1.0
pgen,1,0,1,0.0
somethi,0,1,1,1.0
desinstalar,0,1,1,1.0
jrwzv,0,1,1,1.0
vcgdsdoq,0,1,1,1.0
congestionado,0,1,1,1.0
pizzahut,1,0,1,0.0
nvfim,0,1,1,1.0
mesquiteisd,1,0,1,0.0
gjcgtr,0,1,1,1.0
duboi,1,0,1,0.0
mayberri,0,1,1,1.0
ghgblzqpx,0,1,1,1.0
dcj,0,1,1,1.0
marchchord,0,1,1,1.0
kejolmzj,0,1,1,1.0
newmarket,0,1,1,1.0
ezklwizk,0,1,1,1.0
skutchin,1,0,1,0.0
pinwork,0,1,1,1.0
mostró,0,1,1,1.0
iboom,0,1,1,1.0
ubwopt,0,1,1,1.0
oldagefuck,0,1,1,1.0
gulley,1,0,1,0.0
dlozap,0,1,1,1.0
tseen,0,1,1,1.0
pjklihe,0,1,1,1.0
grigoletti,0,1,1,1.0
wxderiv,1,0,1,0.0
taxicwgkpb,0,1,1,1.0
aggrandis,1,0,1,0.0
flaggstaff,1,0,1,0.0
rzhqnzr,0,1,1,1.0
erziel,0,1,1,1.0
zqt,0,1,1,1.0
nute,0,1,1,1.0
hisn,0,1,1,1.0
experienqc,0,1,1,1.0
seibel,1,0,1,0.0
lutherkirkiand,0,1,1,1.0
dkvndbqp,0,1,1,1.0
sgpebg,0,1,1,1.0
buwmlec,0,1,1,1.0
qrtwqaobr,0,1,1,1.0
aportacion,0,1,1,1.0
fley,0,1,1,1.0
nsyevihd,0,1,1,1.0
swink,0,1,1,1.0
zzmacmac,1,0,1,0.0
mamail,0,1,1,1.0
quackerydql,0,1,1,1.0
xudwhwfod,0,1,1,1.0
maryiand,0,1,1,1.0
rseicsnv,0,1,1,1.0
edycji,1,0,1,0.0
irknezccpmpb,0,1,1,1.0
marquess,0,1,1,1.0
lyughtatum,0,1,1,1.0
gmmbb,0,1,1,1.0
nlk,1,0,1,0.0
cpdm,0,1,1,1.0
kestrelanchorag,0,1,1,1.0
quemov,0,1,1,1.0
kevindelph,0,1,1,1.0
titlechina,0,1,1,1.0
fredericsmith,0,1,1,1.0
elief,0,1,1,1.0
jnzcp,0,1,1,1.0
zzso,0,1,1,1.0
chutzpah,0,1,1,1.0
cibfc,0,1,1,1.0
solark,1,0,1,0.0
filho,0,1,1,1.0
lionex,0,1,1,1.0
knieri,1,0,1,0.0
smna,0,1,1,1.0
macdowel,1,0,1,0.0
qhc,0,1,1,1.0
drlopeznl,0,1,1,1.0
acaroid,0,1,1,1.0
tcaix,0,1,1,1.0
rhb,1,0,1,0.0
dlf,0,1,1,1.0
dechundra,1,0,1,0.0
binney,1,0,1,0.0
abidjanbva,0,1,1,1.0
xadnax,0,1,1,1.0
sucessor,0,1,1,1.0
cragsman,0,1,1,1.0
userwww,1,0,1,0.0
charmingli,0,1,1,1.0
csmitnick,1,0,1,0.0
feststellung,0,1,1,1.0
congratula,0,1,1,1.0
bjzvn,0,1,1,1.0
cessnaanatom,0,1,1,1.0
duvmalo,0,1,1,1.0
floorboard,0,1,1,1.0
yxniu,0,1,1,1.0
racemos,0,1,1,1.0
nqsizza,0,1,1,1.0
nxfgr,0,1,1,1.0
nsqcnmbnobktq,0,1,1,1.0
accusationcombin,0,1,1,1.0
nere,1,0,1,0.0
pzigyjui,0,1,1,1.0
gcpghzm,0,1,1,1.0
daey,0,1,1,1.0
inscripción,0,1,1,1.0
rasco,1,0,1,0.0
afreshrevolut,0,1,1,1.0
cammarano,1,0,1,0.0
ptowel,0,1,1,1.0
kiyafetlerýnden,0,1,1,1.0
dkqbtpmj,0,1,1,1.0
dxggcen,0,1,1,1.0
deveria,0,1,1,1.0
outtag,1,0,1,0.0
ßþàþçµ,0,1,1,1.0
quackeri,0,1,1,1.0
jbpyiay,0,1,1,1.0
ynl,0,1,1,1.0
eca,1,0,1,0.0
ygkoe,0,1,1,1.0
rrolex,0,1,1,1.0
mlcunyx,0,1,1,1.0
rmol,1,0,1,0.0
coastoexpos,0,1,1,1.0
cxardluj,0,1,1,1.0
mrpyatt,1,0,1,0.0
impro,0,1,1,1.0
brogdin,1,0,1,0.0
qwguqp,0,1,1,1.0
afreash,0,1,1,1.0
kew,1,0,1,0.0
pahrmacybymmail,0,1,1,1.0
westech,1,0,1,0.0
jregneri,1,0,1,0.0
uksqipzu,0,1,1,1.0
yrskv,0,1,1,1.0
koyuh,0,1,1,1.0
urblmi,0,1,1,1.0
cresent,0,1,1,1.0
carlainjur,0,1,1,1.0
fishpondcharleston,0,1,1,1.0
kupqtjbnvhyzk,0,1,1,1.0
aivwymcmsp,0,1,1,1.0
lqkr,0,1,1,1.0
ayi,0,1,1,1.0
girebilirsiniz,0,1,1,1.0
cheb,0,1,1,1.0
executon,1,0,1,0.0
iseri,0,1,1,1.0
expensinc,0,1,1,1.0
juzoqn,0,1,1,1.0
ecv,0,1,1,1.0
qwfgfi,0,1,1,1.0
nonbind,1,0,1,0.0
fxtrainer,0,1,1,1.0
rxhfrj,0,1,1,1.0
ckync,0,1,1,1.0
seuprvvkxoi,0,1,1,1.0
cido,0,1,1,1.0
dixu,0,1,1,1.0
gobcnkvd,0,1,1,1.0
configuracin,0,1,1,1.0
enrononlinetm,1,0,1,0.0
anyoen,0,1,1,1.0
venvhtv,0,1,1,1.0
doivent,0,1,1,1.0
lpv,0,1,1,1.0
harmlessli,0,1,1,1.0
kec,0,1,1,1.0
iblx,0,1,1,1.0
ibz,0,1,1,1.0
gmarkel,1,0,1,0.0
marcescent,0,1,1,1.0
alopecuru,0,1,1,1.0
kwki,0,1,1,1.0
aversiondowngrad,0,1,1,1.0
chargin,0,1,1,1.0
crushabl,0,1,1,1.0
chadhat,0,1,1,1.0
buffyrugbi,0,1,1,1.0
casemardi,0,1,1,1.0
pharammcybymal,0,1,1,1.0
drwatson,0,1,1,1.0
korshun,0,1,1,1.0
stoff,0,1,1,1.0
eredevl,0,1,1,1.0
buteosl,0,1,1,1.0
magnesiaprotector,0,1,1,1.0
securityguard,0,1,1,1.0
claiutck,0,1,1,1.0
fortunel,0,1,1,1.0
bjbiw,0,1,1,1.0
ndandapushi,0,1,1,1.0
garantieren,0,1,1,1.0
tampakan,0,1,1,1.0
pbmlbke,0,1,1,1.0
apcolt,0,1,1,1.0
traswestern,1,0,1,0.0
bhupind,0,1,1,1.0
agronomi,0,1,1,1.0
kduplic,0,1,1,1.0
lnnohrdw,0,1,1,1.0
ltz,0,1,1,1.0
emerycomplet,0,1,1,1.0
hairmagictand,0,1,1,1.0
cuvc,0,1,1,1.0
penninsula,1,0,1,0.0
þá,0,1,1,1.0
qpyj,0,1,1,1.0
madogo,0,1,1,1.0
huayi,0,1,1,1.0
pzzmgowdsehqi,0,1,1,1.0
mixedbi,1,0,1,0.0
bevtoney,1,0,1,0.0
amdoc,1,0,1,0.0
johr,0,1,1,1.0
znaczni,1,0,1,0.0
rabon,1,0,1,0.0
shutdownadvertis,0,1,1,1.0
ijbyr,0,1,1,1.0
jiayetang,0,1,1,1.0
narrado,0,1,1,1.0
wconcentr,0,1,1,1.0
imobilp,1,0,1,0.0
transl,1,0,1,0.0
svgnhe,0,1,1,1.0
ruxslack,0,1,1,1.0
ueqvlekc,0,1,1,1.0
anthropomorpha,0,1,1,1.0
tcq,0,1,1,1.0
esyjd,0,1,1,1.0
jfejjf,0,1,1,1.0
ddynw,0,1,1,1.0
dissenti,0,1,1,1.0
ofua,0,1,1,1.0
hiermit,0,1,1,1.0
qipzmepq,0,1,1,1.0
larami,0,1,1,1.0
ftognv,0,1,1,1.0
dimlym,0,1,1,1.0
gaypz,0,1,1,1.0
pinza,0,1,1,1.0
vksuoeptkz,0,1,1,1.0
wsd,0,1,1,1.0
marrkket,0,1,1,1.0
learnedremain,0,1,1,1.0
tiergartenstra,0,1,1,1.0
ubct,0,1,1,1.0
qgai,0,1,1,1.0
dannym,1,0,1,0.0
diachylon,0,1,1,1.0
schuelerj,1,0,1,0.0
leri,0,1,1,1.0
stimulatingli,0,1,1,1.0
kurzem,0,1,1,1.0
enrb,0,1,1,1.0
thet,0,1,1,1.0
pattonearthmov,0,1,1,1.0
kclvlr,0,1,1,1.0
ftjcl,0,1,1,1.0
zkwrc,0,1,1,1.0
gutwrench,0,1,1,1.0
criv,0,1,1,1.0
grigorievitch,0,1,1,1.0
fundwatch,1,0,1,0.0
twpmad,0,1,1,1.0
hundsrendlg,0,1,1,1.0
uweykxj,0,1,1,1.0
essayist,1,0,1,0.0
fyipfzlb,0,1,1,1.0
chickieigirli,0,1,1,1.0
coursey,0,1,1,1.0
whowa,0,1,1,1.0
pnvhj,0,1,1,1.0
marcala,0,1,1,1.0
drajoejn,0,1,1,1.0
stofawukaz,0,1,1,1.0
oytverp,0,1,1,1.0
ktyvgfr,0,1,1,1.0
ywhn,0,1,1,1.0
abbpg,1,0,1,0.0
monopsoni,1,0,1,0.0
simson,1,0,1,0.0
sanguisug,0,1,1,1.0
vyvlln,0,1,1,1.0
cpla,0,1,1,1.0
robt,0,1,1,1.0
orperson,0,1,1,1.0
afpxdlav,0,1,1,1.0
utopiagraph,0,1,1,1.0
ratlng,0,1,1,1.0
amar,0,1,1,1.0
tiyfooyzi,0,1,1,1.0
krichardson,1,0,1,0.0
baister,0,1,1,1.0
cpaul,1,0,1,0.0
bluebel,0,1,1,1.0
nordstrum,1,0,1,0.0
vvjbtvm,0,1,1,1.0
houstonenergyexpo,1,0,1,0.0
dkueon,0,1,1,1.0
objurgatori,0,1,1,1.0
iyfklp,0,1,1,1.0
xioukgkongqd,0,1,1,1.0
edagra,0,1,1,1.0
wrlst,0,1,1,1.0
lentini,1,0,1,0.0
wallium,0,1,1,1.0
dzbdh,0,1,1,1.0
nbort,0,1,1,1.0
compylandia,0,1,1,1.0
zzasumlr,0,1,1,1.0
pliantbuff,0,1,1,1.0
glg,0,1,1,1.0
ephramacrut,0,1,1,1.0
skirichuk,0,1,1,1.0
xanthou,0,1,1,1.0
kjfifw,0,1,1,1.0
portulaca,0,1,1,1.0
agsrz,0,1,1,1.0
fqsor,0,1,1,1.0
alfredadriscol,0,1,1,1.0
mayan,0,1,1,1.0
notifip,0,1,1,1.0
nelucki,0,1,1,1.0
orimuls,1,0,1,0.0
cljjcbe,0,1,1,1.0
gpber,0,1,1,1.0
vwjsdnkbfyno,0,1,1,1.0
salesor,0,1,1,1.0
millionon,0,1,1,1.0
bsb,0,1,1,1.0
cciali,0,1,1,1.0
ktrtsclu,0,1,1,1.0
gsteglich,1,0,1,0.0
,0,1,1,1.0
advisebi,0,1,1,1.0
svidrir,0,1,1,1.0
ordnung,0,1,1,1.0
dietitian,0,1,1,1.0
fbp,0,1,1,1.0
eigentum,0,1,1,1.0
presdent,1,0,1,0.0
delini,1,0,1,0.0
entré,0,1,1,1.0
buerostaubsaug,0,1,1,1.0
ntbpyhf,0,1,1,1.0
conentr,1,0,1,0.0
clickoher,0,1,1,1.0
nestel,0,1,1,1.0
ypchqd,0,1,1,1.0
ldeo,0,1,1,1.0
colgin,1,0,1,0.0
jdkpb,0,1,1,1.0
dirctoeri,0,1,1,1.0
superbazaar,0,1,1,1.0
probemail,0,1,1,1.0
xrwgabnev,0,1,1,1.0
vogcyedr,0,1,1,1.0
eedto,0,1,1,1.0
macafe,0,1,1,1.0
aeb,0,1,1,1.0
nawfcr,0,1,1,1.0
vopd,0,1,1,1.0
khtteweg,0,1,1,1.0
azwm,0,1,1,1.0
diffeomorphiccrosstalk,0,1,1,1.0
unutter,0,1,1,1.0
ceta,0,1,1,1.0
confannjuli,1,0,1,0.0
nottv,0,1,1,1.0
dooooooon,0,1,1,1.0
jbmxsneyvbghnz,0,1,1,1.0
oooc,0,1,1,1.0
valpha,0,1,1,1.0
asbestu,0,1,1,1.0
orientant,0,1,1,1.0
reobject,0,1,1,1.0
dlzwd,0,1,1,1.0
autoactiv,0,1,1,1.0
wfaa,0,1,1,1.0
whduam,0,1,1,1.0
aminjd,0,1,1,1.0
vwouq,0,1,1,1.0
hfvdh,0,1,1,1.0
nanajodon,1,0,1,0.0
yxrf,0,1,1,1.0
mclari,1,0,1,0.0
izrplylj,0,1,1,1.0
allth,0,1,1,1.0
trulli,0,1,1,1.0
arobert,1,0,1,0.0
enoughwho,0,1,1,1.0
zubeho,0,1,1,1.0
gihf,0,1,1,1.0
holub,1,0,1,0.0
mitralcirculatori,0,1,1,1.0
easyrx,0,1,1,1.0
hrbek,0,1,1,1.0
icodln,0,1,1,1.0
komplett,0,1,1,1.0
roselandvivaci,0,1,1,1.0
shaleen,1,0,1,0.0
rwcmugi,0,1,1,1.0
collator,1,0,1,0.0
judicata,1,0,1,0.0
execuo,0,1,1,1.0
emptori,1,0,1,0.0
wqcwqxij,0,1,1,1.0
amurphi,1,0,1,0.0
felner,1,0,1,0.0
glovski,1,0,1,0.0
wolekmm,0,1,1,1.0
ovuwc,0,1,1,1.0
htmlpinnacl,0,1,1,1.0
handor,0,1,1,1.0
qcjbfb,0,1,1,1.0
ótimo,0,1,1,1.0
aheqp,0,1,1,1.0
envas,0,1,1,1.0
mscott,1,0,1,0.0
lncredlbl,0,1,1,1.0
wimedia,0,1,1,1.0
inexperto,0,1,1,1.0
umph,0,1,1,1.0
maneja,0,1,1,1.0
uinkl,0,1,1,1.0
hjfklp,0,1,1,1.0
cfwkdehq,0,1,1,1.0
aminat,0,1,1,1.0
medicatidgon,0,1,1,1.0
degiancinto,1,0,1,0.0
effusiomet,0,1,1,1.0
lanejb,1,0,1,0.0
hronlin,1,0,1,0.0
ardi,0,1,1,1.0
bandolero,0,1,1,1.0
otar,0,1,1,1.0
bestirchron,0,1,1,1.0
prejud,0,1,1,1.0
lpdvqci,0,1,1,1.0
jlkxcvm,0,1,1,1.0
utku,1,0,1,0.0
llpn,0,1,1,1.0
ebhqq,0,1,1,1.0
scantier,0,1,1,1.0
kleespi,1,0,1,0.0
umora,0,1,1,1.0
autodi,0,1,1,1.0
sgpaqnqi,0,1,1,1.0
pervasioncodicil,0,1,1,1.0
checksummedafraid,0,1,1,1.0
abstand,0,1,1,1.0
qjkc,0,1,1,1.0
esusan,0,1,1,1.0
planpric,0,1,1,1.0
tmantilla,0,1,1,1.0
doormanendogen,0,1,1,1.0
astuci,0,1,1,1.0
cyclobuten,0,1,1,1.0
arunthai,0,1,1,1.0
ioksw,0,1,1,1.0
modella,1,0,1,0.0
âþµì,0,1,1,1.0
sestak,1,0,1,0.0
hbmsu,0,1,1,1.0
formli,1,0,1,0.0
fria,0,1,1,1.0
jxhcte,0,1,1,1.0
lasix,0,1,1,1.0
buste,0,1,1,1.0
dickheadch,0,1,1,1.0
ibkcjmfd,0,1,1,1.0
emet,1,0,1,0.0
befehl,0,1,1,1.0
abon,0,1,1,1.0
summaryw,1,0,1,0.0
zmltuar,0,1,1,1.0
calk,0,1,1,1.0
articulaci,0,1,1,1.0
beckford,0,1,1,1.0
actlviti,0,1,1,1.0
cjinbaek,1,0,1,0.0
lachesisdebentur,0,1,1,1.0
hyngfut,0,1,1,1.0
dflore,1,0,1,0.0
faintepiphys,0,1,1,1.0
scoll,1,0,1,0.0
ramazanova,0,1,1,1.0
synergisticrepriev,0,1,1,1.0
jkmigyuj,0,1,1,1.0
wwhxqn,0,1,1,1.0
kharvey,1,0,1,0.0
vgxad,0,1,1,1.0
ynwyo,0,1,1,1.0
xkumc,0,1,1,1.0
deil,0,1,1,1.0
acampar,0,1,1,1.0
yourspamwebsit,0,1,1,1.0
igstsvegq,0,1,1,1.0
tjd,0,1,1,1.0
quicklyworldwid,0,1,1,1.0
jtgjme,0,1,1,1.0
lesd,0,1,1,1.0
oohzgdrdz,0,1,1,1.0
wlko,0,1,1,1.0
sumki,0,1,1,1.0
hleonard,1,0,1,0.0
lenlght,0,1,1,1.0
qqrol,0,1,1,1.0
supporthow,0,1,1,1.0
eaga,0,1,1,1.0
hockenberri,1,0,1,0.0
gleichgesinnt,0,1,1,1.0
northbridg,1,0,1,0.0
xqpmvof,0,1,1,1.0
hfoubzu,0,1,1,1.0
batley,0,1,1,1.0
labelresidenti,0,1,1,1.0
wendellarbutu,0,1,1,1.0
congr,0,1,1,1.0
twwfnifmk,0,1,1,1.0
notcia,0,1,1,1.0
millican,1,0,1,0.0
tomarket,0,1,1,1.0
pekni,0,1,1,1.0
southerrn,0,1,1,1.0
vbtmtk,0,1,1,1.0
jvqon,0,1,1,1.0
hbqcu,0,1,1,1.0
despina,0,1,1,1.0
accomplishalga,0,1,1,1.0
mailtambien,0,1,1,1.0
leshel,1,0,1,0.0
wankerrux,0,1,1,1.0
dreiner,1,0,1,0.0
orientam,0,1,1,1.0
zcpuefnk,0,1,1,1.0
kostenpflichtig,0,1,1,1.0
adtra,1,0,1,0.0
anala,1,0,1,0.0
publicityremov,0,1,1,1.0
qjgsf,0,1,1,1.0
kgi,0,1,1,1.0
torcher,0,1,1,1.0
niceda,0,1,1,1.0
vicohdin,0,1,1,1.0
ypbselg,0,1,1,1.0
traseira,0,1,1,1.0
tielp,1,0,1,0.0
discountpr,0,1,1,1.0
pidiéndom,0,1,1,1.0
cycloben,0,1,1,1.0
abernath,0,1,1,1.0
additivedecrypt,0,1,1,1.0
nglrpfb,0,1,1,1.0
racora,0,1,1,1.0
akbjerk,1,0,1,0.0
auklet,0,1,1,1.0
redey,0,1,1,1.0
listpleas,0,1,1,1.0
alexanderol,0,1,1,1.0
jurg,0,1,1,1.0
lâmpada,0,1,1,1.0
invalidatehot,0,1,1,1.0
tgb,0,1,1,1.0
receiberto,0,1,1,1.0
hgp,0,1,1,1.0
eswteanter,0,1,1,1.0
foryourowndomain,0,1,1,1.0
affter,0,1,1,1.0
technolgi,0,1,1,1.0
iyrntirp,0,1,1,1.0
fernanda,1,0,1,0.0
gujarante,0,1,1,1.0
skxuil,0,1,1,1.0
orgther,0,1,1,1.0
knieser,1,0,1,0.0
jellia,0,1,1,1.0
kostenlo,0,1,1,1.0
bqrand,0,1,1,1.0
accessdetail,0,1,1,1.0
habilitar,0,1,1,1.0
applausecadmium,0,1,1,1.0
cvtnmbmk,0,1,1,1.0
agumadu,1,0,1,0.0
andria,1,0,1,0.0
valmum,0,1,1,1.0
vertiz,0,1,1,1.0
kilkoma,1,0,1,0.0
pinksom,0,1,1,1.0
bdlzejgx,0,1,1,1.0
kxpcdfdsgsslp,0,1,1,1.0
cyano,0,1,1,1.0
fortunetel,0,1,1,1.0
saffo,1,0,1,0.0
leiter,0,1,1,1.0
ishozona,1,0,1,0.0
cjmg,0,1,1,1.0
qzci,0,1,1,1.0
exepct,0,1,1,1.0
waszej,1,0,1,0.0
pfhhmq,0,1,1,1.0
jstanton,1,0,1,0.0
txhuichhthzlu,0,1,1,1.0
kqr,0,1,1,1.0
knottiest,1,0,1,0.0
johanessburg,0,1,1,1.0
strela,0,1,1,1.0
lawera,1,0,1,0.0
mccarrel,1,0,1,0.0
ufqkkeg,0,1,1,1.0
embarrassingli,1,0,1,0.0
spotndibi,0,1,1,1.0
yrsoursel,0,1,1,1.0
brnot,0,1,1,1.0
usethi,0,1,1,1.0
iswher,0,1,1,1.0
ridgeway,0,1,1,1.0
ixr,0,1,1,1.0
elson,1,0,1,0.0
gaspetro,1,0,1,0.0
adnoc,1,0,1,0.0
jsa,1,0,1,0.0
bokharan,0,1,1,1.0
rrvnt,0,1,1,1.0
clg,0,1,1,1.0
zryufcrxqv,0,1,1,1.0
ailur,1,0,1,0.0
crnl,0,1,1,1.0
tradinf,1,0,1,0.0
perseverar,0,1,1,1.0
agtaylor,1,0,1,0.0
givenjust,0,1,1,1.0
itwork,0,1,1,1.0
systemâ,0,1,1,1.0
pwj,1,0,1,0.0
booysen,1,0,1,0.0
commutatecoiffur,0,1,1,1.0
coquin,0,1,1,1.0
hoegh,1,0,1,0.0
arpjzbyk,0,1,1,1.0
denalinorman,0,1,1,1.0
computingland,0,1,1,1.0
depositedwith,0,1,1,1.0
eyc,0,1,1,1.0
frazer,1,0,1,0.0
noninterfer,1,0,1,0.0
ambièn,0,1,1,1.0
drkgz,0,1,1,1.0
bkd,0,1,1,1.0
yskruk,0,1,1,1.0
swife,0,1,1,1.0
atento,0,1,1,1.0
wgoco,0,1,1,1.0
farvael,0,1,1,1.0
authror,1,0,1,0.0
zebrac,1,0,1,0.0
indicatori,0,1,1,1.0
hrmni,0,1,1,1.0
sinder,0,1,1,1.0
additionn,1,0,1,0.0
joseramon,0,1,1,1.0
tehqt,0,1,1,1.0
cholesterolpain,0,1,1,1.0
ikemi,1,0,1,0.0
mpsbz,0,1,1,1.0
availabl,1,0,1,0.0
toothpickbarrow,0,1,1,1.0
instruit,0,1,1,1.0
accountbbhnqghu,0,1,1,1.0
pstalactit,0,1,1,1.0
llueu,0,1,1,1.0
shanda,1,0,1,0.0
emsi,1,0,1,0.0
cnom,0,1,1,1.0
rdco,0,1,1,1.0
eiazjb,0,1,1,1.0
kqapc,0,1,1,1.0
floosi,0,1,1,1.0
erhöhen,0,1,1,1.0
canwest,1,0,1,0.0
wkgecwg,0,1,1,1.0
hhfbgl,0,1,1,1.0
tobeh,1,0,1,0.0
dcozllar,0,1,1,1.0
fpxhvfsk,0,1,1,1.0
qyrlhh,0,1,1,1.0
ivorykaolin,0,1,1,1.0
reinject,1,0,1,0.0
nmfpdktjk,0,1,1,1.0
versand,0,1,1,1.0
statelin,1,0,1,0.0
mzwxmwzo,0,1,1,1.0
mipqnfp,0,1,1,1.0
ltfacpw,0,1,1,1.0
nock,1,0,1,0.0
stayfit,0,1,1,1.0
mbef,0,1,1,1.0
ondragstart,0,1,1,1.0
scherervil,0,1,1,1.0
weither,1,0,1,0.0
erfahrungen,0,1,1,1.0
coyocaol,0,1,1,1.0
eschenburg,1,0,1,0.0
xixtag,0,1,1,1.0
ordersthebartenderto,0,1,1,1.0
goodburn,1,0,1,0.0
qidfmhz,0,1,1,1.0
chakraborti,0,1,1,1.0
alquiler,0,1,1,1.0
wlohe,0,1,1,1.0
prickett,1,0,1,0.0
zmjq,0,1,1,1.0
lnvestment,0,1,1,1.0
ccharrg,0,1,1,1.0
nummul,0,1,1,1.0
tecnhic,0,1,1,1.0
hasson,1,0,1,0.0
administratric,0,1,1,1.0
titleeuro,0,1,1,1.0
lilongw,0,1,1,1.0
vvmiaml,0,1,1,1.0
lanxkxlvr,0,1,1,1.0
fundamentalist,1,0,1,0.0
schuldenfibel,0,1,1,1.0
zdql,0,1,1,1.0
waductbr,0,1,1,1.0
mercuryinlaid,0,1,1,1.0
wissenschaft,0,1,1,1.0
cialif,0,1,1,1.0
edal,0,1,1,1.0
afafzj,0,1,1,1.0
ucmshykui,0,1,1,1.0
corpaor,1,0,1,0.0
genealogist,0,1,1,1.0
hwpmjyhtlroa,0,1,1,1.0
editorcaptur,0,1,1,1.0
tenesse,1,0,1,0.0
xegmcyn,0,1,1,1.0
imprergi,0,1,1,1.0
nadzwyczajni,1,0,1,0.0
notaris,0,1,1,1.0
pipmsjg,0,1,1,1.0
aset,0,1,1,1.0
xogjjwdtlsg,0,1,1,1.0
itelgua,0,1,1,1.0
kyfgvxvru,0,1,1,1.0
uiuaws,0,1,1,1.0
duvida,0,1,1,1.0
prizewinnin,0,1,1,1.0
oun,0,1,1,1.0
morexchang,1,0,1,0.0
pronouncedusenburi,0,1,1,1.0
msticken,1,0,1,0.0
converstaion,1,0,1,0.0
seuijh,0,1,1,1.0
intersuiss,0,1,1,1.0
gimpatien,0,1,1,1.0
ghfrn,0,1,1,1.0
veloz,1,0,1,0.0
liilcxmjm,0,1,1,1.0
awadhi,0,1,1,1.0
commision,1,0,1,0.0
lteert,0,1,1,1.0
mollison,0,1,1,1.0
zaduzen,0,1,1,1.0
vincenzo,0,1,1,1.0
thunk,1,0,1,0.0
tresuari,0,1,1,1.0
rlkpay,0,1,1,1.0
yhindu,0,1,1,1.0
wmyc,0,1,1,1.0
slsp,0,1,1,1.0
feanni,1,0,1,0.0
jvtxco,0,1,1,1.0
potrray,0,1,1,1.0
qypcvl,0,1,1,1.0
shadbushcardamom,0,1,1,1.0
zunpi,0,1,1,1.0
aogpyc,0,1,1,1.0
ikyyxsh,0,1,1,1.0
shoresth,0,1,1,1.0
sepiadiagnost,0,1,1,1.0
sladana,1,0,1,0.0
iikf,0,1,1,1.0
ccost,0,1,1,1.0
invic,1,0,1,0.0
oxyyyyconttin,0,1,1,1.0
sivarajah,0,1,1,1.0
xfme,0,1,1,1.0
wirele,0,1,1,1.0
crematoria,0,1,1,1.0
depauk,0,1,1,1.0
bradyrobert,1,0,1,0.0
paloverd,1,0,1,0.0
ljvmheqoqf,0,1,1,1.0
disponível,0,1,1,1.0
estatstico,0,1,1,1.0
perc,1,0,1,0.0
qehcnewf,0,1,1,1.0
loofkin,0,1,1,1.0
cokeryenw,0,1,1,1.0
aswfx,0,1,1,1.0
meuri,0,1,1,1.0
allmym,0,1,1,1.0
qsgkzv,0,1,1,1.0
addressiha,0,1,1,1.0
enema,1,0,1,0.0
karush,1,0,1,0.0
kuyh,0,1,1,1.0
minorca,0,1,1,1.0
ttjiioquf,0,1,1,1.0
archeologist,0,1,1,1.0
cnilol,0,1,1,1.0
usourikest,0,1,1,1.0
britishpart,1,0,1,0.0
qmt,0,1,1,1.0
eophhrr,0,1,1,1.0
niajamala,0,1,1,1.0
cujara,0,1,1,1.0
dfg,1,0,1,0.0
zborosil,0,1,1,1.0
ascentatyp,0,1,1,1.0
rki,0,1,1,1.0
letterso,0,1,1,1.0
ceund,0,1,1,1.0
anticipatescdgt,0,1,1,1.0
greastest,0,1,1,1.0
dsx,0,1,1,1.0
ntbtmyug,0,1,1,1.0
tellwood,1,0,1,0.0
vnjqmbn,0,1,1,1.0
cfgjr,0,1,1,1.0
btajjj,0,1,1,1.0
podszkol,1,0,1,0.0
yspofw,0,1,1,1.0
qulckli,0,1,1,1.0
yhvqbvdboevkcd,0,1,1,1.0
fryee,0,1,1,1.0
xdllae,0,1,1,1.0
bereitet,0,1,1,1.0
ringfenc,1,0,1,0.0
harmaacci,0,1,1,1.0
bedimmedfauna,0,1,1,1.0
pever,1,0,1,0.0
lvhf,0,1,1,1.0
bnetzratio,0,1,1,1.0
wiidanen,1,0,1,0.0
syncriz,1,0,1,0.0
dzl,0,1,1,1.0
danken,1,0,1,0.0
braga,0,1,1,1.0
llevat,0,1,1,1.0
ueyt,0,1,1,1.0
eghneim,1,0,1,0.0
consig,0,1,1,1.0
fabulousmessag,0,1,1,1.0
cefet,0,1,1,1.0
cosmospolit,0,1,1,1.0
bfj,0,1,1,1.0
kbrannon,1,0,1,0.0
nahrungsmittel,0,1,1,1.0
factibl,0,1,1,1.0
yowfurl,0,1,1,1.0
oyoc,0,1,1,1.0
kaneda,1,0,1,0.0
antcsdact,0,1,1,1.0
eoyo,0,1,1,1.0
janiss,1,0,1,0.0
rstalford,1,0,1,0.0
foint,1,0,1,0.0
exercic,1,0,1,0.0
invista,1,0,1,0.0
loughead,1,0,1,0.0
gcodd,0,1,1,1.0
dépens,0,1,1,1.0
xqkpru,0,1,1,1.0
storl,0,1,1,1.0
agrest,0,1,1,1.0
remeberif,0,1,1,1.0
tablepnbsp,0,1,1,1.0
ggdxt,0,1,1,1.0
dmdygnr,0,1,1,1.0
zwjpaogt,0,1,1,1.0
mendezn,1,0,1,0.0
veriflc,0,1,1,1.0
czkpe,0,1,1,1.0
vjdvxdfr,0,1,1,1.0
colonia,0,1,1,1.0
bzd,0,1,1,1.0
spfttt,0,1,1,1.0
temporar,0,1,1,1.0
janemontakin,0,1,1,1.0
xian,0,1,1,1.0
pyb,0,1,1,1.0
bbcff,0,1,1,1.0
schiesser,1,0,1,0.0
vlcdin,0,1,1,1.0
sponsora,1,0,1,0.0
afili,0,1,1,1.0
gutman,0,1,1,1.0
aubewt,0,1,1,1.0
kelton,1,0,1,0.0
bvwsm,0,1,1,1.0
piledriv,0,1,1,1.0
diffeomo,0,1,1,1.0
castlereynold,0,1,1,1.0
reimb,1,0,1,0.0
dovpmmnc,0,1,1,1.0
jhyyfato,0,1,1,1.0
kcrg,0,1,1,1.0
mathch,1,0,1,0.0
owaxq,0,1,1,1.0
elbert,0,1,1,1.0
syoot,0,1,1,1.0
mattc,1,0,1,0.0
irobot,0,1,1,1.0
authoz,0,1,1,1.0
liur,0,1,1,1.0
vbbgkh,0,1,1,1.0
riskiest,1,0,1,0.0
tqagfgexdcnv,0,1,1,1.0
zinsen,0,1,1,1.0
iyfz,0,1,1,1.0
esabah,0,1,1,1.0
widil,0,1,1,1.0
leonean,0,1,1,1.0
hobday,0,1,1,1.0
bvebvmpm,0,1,1,1.0
eoggra,0,1,1,1.0
nomiya,0,1,1,1.0
wklhrl,0,1,1,1.0
saxaphon,0,1,1,1.0
qicjyon,0,1,1,1.0
mrozem,1,0,1,0.0
forra,0,1,1,1.0
denumerablebaron,0,1,1,1.0
ujgyo,0,1,1,1.0
proov,0,1,1,1.0
estrangefarthest,0,1,1,1.0
physiognomyfrazzl,0,1,1,1.0
nghhzc,0,1,1,1.0
elliotsoftbal,0,1,1,1.0
segrbkva,0,1,1,1.0
meri,0,1,1,1.0
seanab,1,0,1,0.0
enviando,0,1,1,1.0
biasdess,0,1,1,1.0
czp,0,1,1,1.0
nordpool,1,0,1,0.0
medimon,0,1,1,1.0
doublea,1,0,1,0.0
mixstephenson,0,1,1,1.0
hammerfest,0,1,1,1.0
vpnc,0,1,1,1.0
boisbriand,1,0,1,0.0
xmgcr,0,1,1,1.0
hsobzumxu,0,1,1,1.0
ectioqn,0,1,1,1.0
pageantri,0,1,1,1.0
viagxera,0,1,1,1.0
freae,0,1,1,1.0
lcnn,0,1,1,1.0
inviert,0,1,1,1.0
pexekzabgmez,0,1,1,1.0
deathli,0,1,1,1.0
wwooda,0,1,1,1.0
usha,0,1,1,1.0
collisionelig,0,1,1,1.0
autosearch,0,1,1,1.0
yeargain,1,0,1,0.0
habil,0,1,1,1.0
burhinu,0,1,1,1.0
heveri,0,1,1,1.0
jphhqv,0,1,1,1.0
ordxer,0,1,1,1.0
donarduk,0,1,1,1.0
vrquxvi,0,1,1,1.0
enbsp,0,1,1,1.0
myntyy,0,1,1,1.0
hvt,0,1,1,1.0
khantarzan,0,1,1,1.0
ôîãçµä,0,1,1,1.0
rlg,0,1,1,1.0
ozaidi,1,0,1,0.0
udtih,0,1,1,1.0
yzif,0,1,1,1.0
hguxqpiff,0,1,1,1.0
announcedin,0,1,1,1.0
postbankkund,0,1,1,1.0
stiaff,0,1,1,1.0
tumoro,0,1,1,1.0
mantooth,1,0,1,0.0
acervo,0,1,1,1.0
assu,0,1,1,1.0
yangchi,0,1,1,1.0
massicot,0,1,1,1.0
salientar,0,1,1,1.0
qpl,0,1,1,1.0
watchcalori,0,1,1,1.0
niepewnego,1,0,1,0.0
expftr,1,0,1,0.0
eleqxo,0,1,1,1.0
theiir,0,1,1,1.0
xenom,0,1,1,1.0
willbegin,0,1,1,1.0
jinmeycricket,1,0,1,0.0
mykw,0,1,1,1.0
fdapwrra,0,1,1,1.0
mxgvvfakh,0,1,1,1.0
qba,0,1,1,1.0
colleag,0,1,1,1.0
unbearablestress,0,1,1,1.0
allor,0,1,1,1.0
ihjwlf,0,1,1,1.0
jrgvh,0,1,1,1.0
gasten,0,1,1,1.0
mijuk,1,0,1,0.0
samedan,1,0,1,0.0
doebarbar,0,1,1,1.0
tetrahydropyridin,0,1,1,1.0
qaqmj,0,1,1,1.0
dishnetdsl,0,1,1,1.0
pnu,0,1,1,1.0
lphj,0,1,1,1.0
hlckcfpu,0,1,1,1.0
yfwvg,0,1,1,1.0
sbehrend,1,0,1,0.0
hokyl,0,1,1,1.0
peyni,0,1,1,1.0
nxhclrx,0,1,1,1.0
wetfacialfantasi,0,1,1,1.0
afghanistanrescu,0,1,1,1.0
drodz,1,0,1,0.0
etpvqm,0,1,1,1.0
ealth,0,1,1,1.0
bioreli,1,0,1,0.0
menhealth,0,1,1,1.0
rkfhujx,0,1,1,1.0
daverio,1,0,1,0.0
olekjqlp,0,1,1,1.0
thxehfz,0,1,1,1.0
mecol,1,0,1,0.0
francsco,1,0,1,0.0
htee,0,1,1,1.0
nicholasts,0,1,1,1.0
gimhfxfwa,0,1,1,1.0
qllqoozrediqgnbh,0,1,1,1.0
safetyglenna,0,1,1,1.0
sercrt,0,1,1,1.0
englandmarket,0,1,1,1.0
ccbujm,0,1,1,1.0
gerichten,0,1,1,1.0
yugd,0,1,1,1.0
daimyo,0,1,1,1.0
geminateder,0,1,1,1.0
cocodyl,0,1,1,1.0
councilor,1,0,1,0.0
ndega,0,1,1,1.0
opfx,0,1,1,1.0
fmjnic,0,1,1,1.0
donativo,0,1,1,1.0
conov,1,0,1,0.0
alllinesec,0,1,1,1.0
klux,0,1,1,1.0
whb,0,1,1,1.0
ciyfluzwuj,0,1,1,1.0
gdxsi,0,1,1,1.0
flirtari,0,1,1,1.0
jejrv,0,1,1,1.0
sequequ,0,1,1,1.0
kleinginna,1,0,1,0.0
letteer,0,1,1,1.0
dirrecttown,0,1,1,1.0
nachlaverwalt,0,1,1,1.0
supervixagra,0,1,1,1.0
globeex,1,0,1,0.0
canemu,0,1,1,1.0
ejnwrf,0,1,1,1.0
fjyy,0,1,1,1.0
knoila,0,1,1,1.0
pxzw,0,1,1,1.0
singlewing,0,1,1,1.0
zwmdjvr,0,1,1,1.0
arnett,0,1,1,1.0
dayno,0,1,1,1.0
fqxv,0,1,1,1.0
lithuanian,0,1,1,1.0
jtv,0,1,1,1.0
ufgueu,0,1,1,1.0
opw,0,1,1,1.0
sigwquk,0,1,1,1.0
pkyzcqmi,0,1,1,1.0
muesst,1,0,1,0.0
susit,0,1,1,1.0
jggjqf,0,1,1,1.0
lwyr,0,1,1,1.0
balcon,1,0,1,0.0
xlt,1,0,1,0.0
lookein,0,1,1,1.0
nurhdak,0,1,1,1.0
companiesprofil,0,1,1,1.0
hlqnvz,0,1,1,1.0
ktl,0,1,1,1.0
aalman,0,1,1,1.0
superbssal,0,1,1,1.0
puynhtdc,0,1,1,1.0
undef,1,0,1,0.0
znam,1,0,1,0.0
suppblement,0,1,1,1.0
vvzv,0,1,1,1.0
stiffnesspizzeria,0,1,1,1.0
backslapp,0,1,1,1.0
whatberyllium,0,1,1,1.0
owenmmdvlhqd,0,1,1,1.0
tlfcq,0,1,1,1.0
pookielstrawb,0,1,1,1.0
accurs,0,1,1,1.0
tedcarl,1,0,1,0.0
globalcon,1,0,1,0.0
oloeum,1,0,1,0.0
ahors,0,1,1,1.0
relevanten,0,1,1,1.0
virliti,0,1,1,1.0
yypze,0,1,1,1.0
hefa,1,0,1,0.0
seedorf,0,1,1,1.0
kbmu,0,1,1,1.0
executedyour,0,1,1,1.0
rasri,0,1,1,1.0
weisght,0,1,1,1.0
iskpmldv,0,1,1,1.0
bsycumbgclzalyj,0,1,1,1.0
zexel,0,1,1,1.0
uhci,0,1,1,1.0
reeeeeemooooveee,0,1,1,1.0
locaal,0,1,1,1.0
cuprum,0,1,1,1.0
wassupsouthparkl,1,0,1,0.0
yzsvz,0,1,1,1.0
musicwherev,0,1,1,1.0
ofaz,0,1,1,1.0
ciiiiialiii,0,1,1,1.0
hjzozg,0,1,1,1.0
speedtron,1,0,1,0.0
xzpxqbr,0,1,1,1.0
sevic,0,1,1,1.0
vishnualluvium,0,1,1,1.0
bcragg,1,0,1,0.0
venturebusi,0,1,1,1.0
papernick,1,0,1,0.0
tradevco,0,1,1,1.0
geoiogic,0,1,1,1.0
gxgyl,0,1,1,1.0
qxsrtni,0,1,1,1.0
afce,0,1,1,1.0
eliminationstop,0,1,1,1.0
deaconcrosbi,0,1,1,1.0
santosh,1,0,1,0.0
backstopalic,0,1,1,1.0
eancia,0,1,1,1.0
nimblebenson,0,1,1,1.0
qiana,0,1,1,1.0
zdmxgr,0,1,1,1.0
intecom,1,0,1,0.0
searchhera,0,1,1,1.0
eclatcharli,0,1,1,1.0
wittgenstein,0,1,1,1.0
ninanevil,0,1,1,1.0
nrbuif,0,1,1,1.0
gravou,0,1,1,1.0
allpet,0,1,1,1.0
menswatch,0,1,1,1.0
dearer,0,1,1,1.0
sunt,0,1,1,1.0
decresto,0,1,1,1.0
crisptaketh,0,1,1,1.0
esix,0,1,1,1.0
einschränkungen,0,1,1,1.0
pdbqm,0,1,1,1.0
yhtiylu,0,1,1,1.0
ncess,0,1,1,1.0
qcglbz,0,1,1,1.0
lqocw,0,1,1,1.0
ybsggebr,0,1,1,1.0
roca,1,0,1,0.0
edukacij,0,1,1,1.0
bwrx,0,1,1,1.0
vcoff,0,1,1,1.0
onlizn,0,1,1,1.0
wlo,0,1,1,1.0
shakia,0,1,1,1.0
choosenon,0,1,1,1.0
wete,0,1,1,1.0
mokdg,0,1,1,1.0
flzjgplo,0,1,1,1.0
kafrram,0,1,1,1.0
xjnrgieo,0,1,1,1.0
fishermanindebt,0,1,1,1.0
insurrectl,0,1,1,1.0
realizars,0,1,1,1.0
jqf,0,1,1,1.0
ctfa,0,1,1,1.0
mutualand,0,1,1,1.0
odiumpigeonfoot,0,1,1,1.0
mestria,0,1,1,1.0
wsmxrrb,0,1,1,1.0
fegbt,0,1,1,1.0
wcgro,0,1,1,1.0
countrymanplastron,0,1,1,1.0
hbmzp,0,1,1,1.0
manyon,0,1,1,1.0
vkfz,0,1,1,1.0
dyqvpct,0,1,1,1.0
esleev,0,1,1,1.0
jkxlqf,0,1,1,1.0
debtinstru,1,0,1,0.0
uruguayan,0,1,1,1.0
redhout,0,1,1,1.0
kxnz,0,1,1,1.0
sabana,0,1,1,1.0
butthey,0,1,1,1.0
qikhauho,0,1,1,1.0
argeer,0,1,1,1.0
ilit,1,0,1,0.0
iplo,0,1,1,1.0
elgccya,0,1,1,1.0
ywjoo,0,1,1,1.0
dqtxqau,0,1,1,1.0
cmwxab,0,1,1,1.0
hpkaslqqk,0,1,1,1.0
mapquest,1,0,1,0.0
ordep,0,1,1,1.0
ggayl,1,0,1,0.0
fountainmillion,0,1,1,1.0
hassangroup,0,1,1,1.0
buiald,0,1,1,1.0
delivari,0,1,1,1.0
maxjko,0,1,1,1.0
donindfw,1,0,1,0.0
helloltraci,0,1,1,1.0
jpntngrsr,0,1,1,1.0
financiël,0,1,1,1.0
ranic,0,1,1,1.0
xspalqhb,0,1,1,1.0
xblue,1,0,1,0.0
giuseppina,0,1,1,1.0
hacbum,0,1,1,1.0
odwa,1,0,1,0.0
mwvwh,0,1,1,1.0
gyut,0,1,1,1.0
wioep,0,1,1,1.0
pvjbncxef,0,1,1,1.0
bdodbd,0,1,1,1.0
insubstantialvaloi,0,1,1,1.0
dresen,1,0,1,0.0
sgq,0,1,1,1.0
ffer,0,1,1,1.0
inconvin,1,0,1,0.0
uuvkc,0,1,1,1.0
cteajexb,0,1,1,1.0
ccofo,0,1,1,1.0
cvar,1,0,1,0.0
abusablemilit,0,1,1,1.0
zagorski,1,0,1,0.0
pandaru,0,1,1,1.0
wkkuzetg,0,1,1,1.0
goszk,0,1,1,1.0
dpmqwysbqwzo,0,1,1,1.0
expelheb,0,1,1,1.0
vmhx,0,1,1,1.0
wsphivad,0,1,1,1.0
olbrachta,0,1,1,1.0
napierbr,0,1,1,1.0
pviqg,0,1,1,1.0
ghfwatch,0,1,1,1.0
marchmail,0,1,1,1.0
performancel,0,1,1,1.0
stockplay,0,1,1,1.0
phari,0,1,1,1.0
karamazovbelgrad,0,1,1,1.0
nondo,0,1,1,1.0
hissen,0,1,1,1.0
licencia,0,1,1,1.0
bfthyluxn,0,1,1,1.0
higtjov,0,1,1,1.0
ytmfdjpt,0,1,1,1.0
cjalj,0,1,1,1.0
xeya,0,1,1,1.0
zgt,0,1,1,1.0
eeowanhp,0,1,1,1.0
ieshjjt,0,1,1,1.0
steelinox,0,1,1,1.0
mcculloughbenelux,0,1,1,1.0
rzqoajilm,0,1,1,1.0
notepap,0,1,1,1.0
xhx,0,1,1,1.0
toinvest,0,1,1,1.0
comheip,0,1,1,1.0
tmhfip,0,1,1,1.0
supportrest,0,1,1,1.0
detibail,0,1,1,1.0
emperi,0,1,1,1.0
ilagra,0,1,1,1.0
hml,0,1,1,1.0
afbout,0,1,1,1.0
xstcjgr,0,1,1,1.0
qgkhzxor,0,1,1,1.0
subcontin,1,0,1,0.0
kyq,0,1,1,1.0
emergentbin,0,1,1,1.0
adsyour,0,1,1,1.0
tbnbi,0,1,1,1.0
tahlequah,1,0,1,0.0
stepway,1,0,1,0.0
sopastam,0,1,1,1.0
qureaish,0,1,1,1.0
pufdykq,0,1,1,1.0
easington,1,0,1,0.0
ckyfjeqtjkimcydu,0,1,1,1.0
howsoeverastor,0,1,1,1.0
bskprwzl,0,1,1,1.0
krijgen,0,1,1,1.0
ltamrp,0,1,1,1.0
kuykendahl,1,0,1,0.0
proefit,0,1,1,1.0
froom,1,0,1,0.0
stoneharlencon,0,1,1,1.0
dimur,0,1,1,1.0
mybrz,0,1,1,1.0
suuuuupermaaaaaaan,0,1,1,1.0
eitvv,0,1,1,1.0
exwqzhoif,0,1,1,1.0
seqeiy,0,1,1,1.0
pkmdk,0,1,1,1.0
nsbunreay,0,1,1,1.0
aeroturf,0,1,1,1.0
siqueiro,1,0,1,0.0
loabsn,0,1,1,1.0
rajqmlgf,0,1,1,1.0
ipz,0,1,1,1.0
tcwoolley,1,0,1,0.0
fxnhnqmcpkmnkllautumn,0,1,1,1.0
impmori,0,1,1,1.0
ozzxci,0,1,1,1.0
rigoberto,0,1,1,1.0
naravexand,0,1,1,1.0
orkun,0,1,1,1.0
nside,0,1,1,1.0
phantomemail,0,1,1,1.0
singapur,0,1,1,1.0
xmizw,0,1,1,1.0
leftish,1,0,1,0.0
lpp,0,1,1,1.0
oppotun,0,1,1,1.0
formupd,0,1,1,1.0
kuseoul,0,1,1,1.0
necessária,0,1,1,1.0
uthexesx,0,1,1,1.0
wvvzd,0,1,1,1.0
eara,0,1,1,1.0
monvalerieey,0,1,1,1.0
revisori,0,1,1,1.0
eghenstraat,0,1,1,1.0
cheldman,1,0,1,0.0
sysco,0,1,1,1.0
aggarw,0,1,1,1.0
niflhel,0,1,1,1.0
lagosfrom,0,1,1,1.0
boney,0,1,1,1.0
llippiabel,0,1,1,1.0
satv,0,1,1,1.0
cxi,0,1,1,1.0
couvillan,1,0,1,0.0
threeness,0,1,1,1.0
heteroerot,0,1,1,1.0
tch,0,1,1,1.0
enerad,1,0,1,0.0
affrect,0,1,1,1.0
afterh,0,1,1,1.0
bthnutaz,0,1,1,1.0
dluhoff,1,0,1,0.0
kcll,0,1,1,1.0
nssr,0,1,1,1.0
sist,0,1,1,1.0
gdb,0,1,1,1.0
djjdnj,0,1,1,1.0
ohxmjo,0,1,1,1.0
zdkccetc,0,1,1,1.0
promotionsprogram,0,1,1,1.0
stigmat,0,1,1,1.0
yionamin,0,1,1,1.0
ejji,0,1,1,1.0
qsmcnpf,0,1,1,1.0
bari,0,1,1,1.0
kpqew,1,0,1,0.0
manupul,1,0,1,0.0
audra,1,0,1,0.0
msvht,0,1,1,1.0
removesupport,0,1,1,1.0
bzcqluaq,0,1,1,1.0
virilesc,0,1,1,1.0
cornfkgirl,1,0,1,0.0
dbhdjjq,0,1,1,1.0
wqajjz,0,1,1,1.0
barberini,0,1,1,1.0
oqieec,0,1,1,1.0
rsq,0,1,1,1.0
isaacmiki,0,1,1,1.0
diatech,0,1,1,1.0
correc,1,0,1,0.0
viaara,0,1,1,1.0
davidbarbour,1,0,1,0.0
nonmortgag,0,1,1,1.0
dicc,0,1,1,1.0
kgrnbt,0,1,1,1.0
tunaalabagana,0,1,1,1.0
suppliment,1,0,1,0.0
automatel,0,1,1,1.0
fcel,1,0,1,0.0
trollin,1,0,1,0.0
corcel,0,1,1,1.0
fujitsuwhim,0,1,1,1.0
peritricha,0,1,1,1.0
recevront,0,1,1,1.0
tfn,1,0,1,0.0
moutol,0,1,1,1.0
krysta,1,0,1,0.0
indiumchip,0,1,1,1.0
govenor,1,0,1,0.0
researhc,1,0,1,0.0
farinachrom,0,1,1,1.0
unthinkingli,1,0,1,0.0
harperl,1,0,1,0.0
credwit,0,1,1,1.0
iwfay,0,1,1,1.0
hsiu,0,1,1,1.0
balancemak,0,1,1,1.0
christia,0,1,1,1.0
foregn,0,1,1,1.0
hammondquantit,0,1,1,1.0
ruthctsc,0,1,1,1.0
fafbyalprvdhp,0,1,1,1.0
appeawr,0,1,1,1.0
kukke,0,1,1,1.0
applicabi,0,1,1,1.0
dyw,0,1,1,1.0
mileagebi,0,1,1,1.0
eurolit,0,1,1,1.0
uneccg,0,1,1,1.0
brooklynparamet,0,1,1,1.0
lafyawin,0,1,1,1.0
poners,0,1,1,1.0
djsp,0,1,1,1.0
zku,0,1,1,1.0
mzcul,0,1,1,1.0
edelstahlrohr,0,1,1,1.0
marfa,1,0,1,0.0
uxk,0,1,1,1.0
ferribiella,0,1,1,1.0
parameteriz,0,1,1,1.0
pmzdwhpp,0,1,1,1.0
tyjupeebr,0,1,1,1.0
mcneela,1,0,1,0.0
oib,0,1,1,1.0
bpepperl,0,1,1,1.0
playcoupon,0,1,1,1.0
youngsam,1,0,1,0.0
criedairway,0,1,1,1.0
ieadlow,0,1,1,1.0
yauld,0,1,1,1.0
growler,1,0,1,0.0
harboch,1,0,1,0.0
reqeust,1,0,1,0.0
revend,0,1,1,1.0
tmfcyk,0,1,1,1.0
ekr,0,1,1,1.0
gcpgh,0,1,1,1.0
abzuheben,0,1,1,1.0
altitudebaleen,0,1,1,1.0
ctrxudzfv,0,1,1,1.0
freij,1,0,1,0.0
natherland,0,1,1,1.0
xcali,0,1,1,1.0
ayinlg,0,1,1,1.0
henkka,1,0,1,0.0
mailmessagestor,0,1,1,1.0
furtsnnbz,0,1,1,1.0
mackconstrict,0,1,1,1.0
shetak,0,1,1,1.0
horsthui,0,1,1,1.0
siscompar,0,1,1,1.0
ascap,0,1,1,1.0
securiri,0,1,1,1.0
oktob,0,1,1,1.0
yout,0,1,1,1.0
inaccept,0,1,1,1.0
zxklh,0,1,1,1.0
hxthznnnl,0,1,1,1.0
ruseaspers,0,1,1,1.0
electrostat,0,1,1,1.0
zijxaw,0,1,1,1.0
lvcdu,0,1,1,1.0
mjxg,0,1,1,1.0
wpwpwmux,0,1,1,1.0
brxboker,0,1,1,1.0
jlcnbku,0,1,1,1.0
ttntp,0,1,1,1.0
bkfxzkustmi,0,1,1,1.0
aayr,0,1,1,1.0
conceptaeh,0,1,1,1.0
cliyick,0,1,1,1.0
haediek,1,0,1,0.0
dbreithaupt,1,0,1,0.0
ybsihxtsqawuwgu,0,1,1,1.0
ljdzd,0,1,1,1.0
kaun,0,1,1,1.0
comeuroc,0,1,1,1.0
mingleexchang,0,1,1,1.0
fgjxvalsn,0,1,1,1.0
obligaticon,0,1,1,1.0
delacruz,0,1,1,1.0
cuándo,0,1,1,1.0
umfaßt,0,1,1,1.0
const,1,0,1,0.0
sdcera,1,0,1,0.0
uzvnmkfnt,0,1,1,1.0
landfal,0,1,1,1.0
ultraconserv,1,0,1,0.0
mxsdo,1,0,1,0.0
aufd,0,1,1,1.0
yebdk,0,1,1,1.0
cptp,0,1,1,1.0
tyfwlbr,0,1,1,1.0
dmwqiee,0,1,1,1.0
particulli,0,1,1,1.0
cwink,0,1,1,1.0
alimento,0,1,1,1.0
resu,0,1,1,1.0
konw,0,1,1,1.0
notatc,1,0,1,0.0
gonderilmistir,0,1,1,1.0
apertura,0,1,1,1.0
renev,0,1,1,1.0
jrki,0,1,1,1.0
loathsom,0,1,1,1.0
professionalankara,0,1,1,1.0
battista,0,1,1,1.0
atempt,1,0,1,0.0
churchillianbundestag,0,1,1,1.0
suministrara,0,1,1,1.0
ehtawvcnshqn,0,1,1,1.0
frqee,0,1,1,1.0
ratzing,0,1,1,1.0
pagemakerbr,0,1,1,1.0
rccl,0,1,1,1.0
qhigruthm,0,1,1,1.0
gxktu,0,1,1,1.0
doszla,1,0,1,0.0
lollynet,1,0,1,0.0
informaton,0,1,1,1.0
qiiif,0,1,1,1.0
dedicada,0,1,1,1.0
accesorio,0,1,1,1.0
refrigera,0,1,1,1.0
cteil,0,1,1,1.0
oprbei,0,1,1,1.0
luebsbdf,0,1,1,1.0
verkeersituati,0,1,1,1.0
reagrd,1,0,1,0.0
prro,0,1,1,1.0
jsecyw,0,1,1,1.0
palmquist,1,0,1,0.0
quiebra,0,1,1,1.0
jxcnphvpd,0,1,1,1.0
gatio,0,1,1,1.0
extenderl,1,0,1,0.0
agreedamelior,0,1,1,1.0
htmvpnd,0,1,1,1.0
gunnysack,0,1,1,1.0
sysv,0,1,1,1.0
coffelt,1,0,1,0.0
kashipshio,0,1,1,1.0
wysylani,1,0,1,0.0
gfw,0,1,1,1.0
moldada,0,1,1,1.0
miili,0,1,1,1.0
cialeqi,0,1,1,1.0
ddeleon,1,0,1,0.0
ocla,0,1,1,1.0
fastin,0,1,1,1.0
stopgap,0,1,1,1.0
loschen,0,1,1,1.0
mhprdgeheyazm,0,1,1,1.0
txixsxhn,0,1,1,1.0
siewert,1,0,1,0.0
nhc,0,1,1,1.0
mctjgtvnq,0,1,1,1.0
ramyovv,0,1,1,1.0
glauber,0,1,1,1.0
construst,1,0,1,0.0
pstock,0,1,1,1.0
carrollton,0,1,1,1.0
isno,0,1,1,1.0
vnoltlsbt,0,1,1,1.0
rmova,0,1,1,1.0
knhzg,0,1,1,1.0
quatriém,0,1,1,1.0
lakeview,1,0,1,0.0
fontiy,0,1,1,1.0
kryuzw,0,1,1,1.0
peloponnesu,0,1,1,1.0
ylkld,0,1,1,1.0
compreehens,0,1,1,1.0
detelefonia,0,1,1,1.0
cieplo,1,0,1,0.0
pskzm,0,1,1,1.0
gzulyv,0,1,1,1.0
cpvhi,0,1,1,1.0
privilledg,0,1,1,1.0
datt,1,0,1,0.0
carlosbiolog,0,1,1,1.0
counterexamp,1,0,1,0.0
atmrick,1,0,1,0.0
ofshor,0,1,1,1.0
bhhcxhzb,0,1,1,1.0
immunitor,0,1,1,1.0
maness,1,0,1,0.0
viicoodin,0,1,1,1.0
sjhfl,0,1,1,1.0
starn,1,0,1,0.0
luckbecaus,0,1,1,1.0
gqbu,0,1,1,1.0
revisionl,1,0,1,0.0
vacationslast,0,1,1,1.0
mfdc,0,1,1,1.0
kuykxm,0,1,1,1.0
sdrotma,1,0,1,0.0
fisioterapeuta,0,1,1,1.0
forlornli,1,0,1,0.0
annuali,0,1,1,1.0
neardal,1,0,1,0.0
sectorpaddock,0,1,1,1.0
aenaria,0,1,1,1.0
biwven,0,1,1,1.0
productssearch,0,1,1,1.0
efvl,0,1,1,1.0
idtdiz,0,1,1,1.0
verpayno,0,1,1,1.0
htmnbsp,0,1,1,1.0
byz,0,1,1,1.0
myworldwid,0,1,1,1.0
getagreatd,0,1,1,1.0
migawi,0,1,1,1.0
evbmx,0,1,1,1.0
hullo,1,0,1,0.0
looketh,0,1,1,1.0
foreecalst,0,1,1,1.0
edibflhxcbazqnwsr,0,1,1,1.0
buttonrob,0,1,1,1.0
douala,0,1,1,1.0
empiricist,0,1,1,1.0
tkuejsrfkmtpfwldpnauksv,0,1,1,1.0
davidst,0,1,1,1.0
thtousand,0,1,1,1.0
setpoint,1,0,1,0.0
stopcentr,0,1,1,1.0
contol,1,0,1,0.0
dvorkin,0,1,1,1.0
iuozb,0,1,1,1.0
ntoil,0,1,1,1.0
battisti,1,0,1,0.0
nampal,0,1,1,1.0
iliion,0,1,1,1.0
gbcq,0,1,1,1.0
cwgqfubwg,0,1,1,1.0
daso,0,1,1,1.0
abordando,0,1,1,1.0
campbellrigg,1,0,1,0.0
dribblecaesar,0,1,1,1.0
insterest,0,1,1,1.0
alteram,0,1,1,1.0
ncockspur,0,1,1,1.0
downl,0,1,1,1.0
jharper,1,0,1,0.0
nvorcx,0,1,1,1.0
ojc,0,1,1,1.0
parkecons,0,1,1,1.0
vcohbxu,0,1,1,1.0
nmqiwszlr,0,1,1,1.0
maioria,0,1,1,1.0
ffccl,0,1,1,1.0
mensch,0,1,1,1.0
fhinenc,0,1,1,1.0
gbc,0,1,1,1.0
hdrcvhrui,0,1,1,1.0
sµc,0,1,1,1.0
ksmith,1,0,1,0.0
adminsitrativa,0,1,1,1.0
qyit,0,1,1,1.0
jqvqzp,0,1,1,1.0
vqzvibdav,0,1,1,1.0
brotheravail,0,1,1,1.0
taht,0,1,1,1.0
uquvgcx,0,1,1,1.0
luanda,0,1,1,1.0
qgguek,0,1,1,1.0
xfrajgiwfexhnqag,0,1,1,1.0
pornografia,0,1,1,1.0
tku,1,0,1,0.0
lxitez,0,1,1,1.0
aghkanebr,0,1,1,1.0
caffey,0,1,1,1.0
htqhiofxhxhm,0,1,1,1.0
aiisa,0,1,1,1.0
usemap,0,1,1,1.0
dise,1,0,1,0.0
mezimail,0,1,1,1.0
zgr,0,1,1,1.0
nagesh,1,0,1,0.0
freddino,0,1,1,1.0
gmkbe,0,1,1,1.0
thinkin,0,1,1,1.0
unitrusinl,0,1,1,1.0
attak,0,1,1,1.0
htevig,0,1,1,1.0
qdrxnff,0,1,1,1.0
peggyaustin,0,1,1,1.0
dernir,0,1,1,1.0
melissabrook,1,0,1,0.0
ectuaili,0,1,1,1.0
felskickat,0,1,1,1.0
carillonneur,0,1,1,1.0
ihvzoho,0,1,1,1.0
brockhampton,1,0,1,0.0
lcvhudv,0,1,1,1.0
migacurso,0,1,1,1.0
hagiograph,0,1,1,1.0
magspher,0,1,1,1.0
unfriend,0,1,1,1.0
jjprpykrxq,0,1,1,1.0
aavz,0,1,1,1.0
azon,0,1,1,1.0
ostepprcqyql,0,1,1,1.0
werkmeist,1,0,1,0.0
kjjjip,0,1,1,1.0
kfzoj,0,1,1,1.0
heeereeeeee,0,1,1,1.0
kwhqlsjyq,0,1,1,1.0
znow,1,0,1,0.0
broadgat,1,0,1,0.0
behält,0,1,1,1.0
xufwfa,0,1,1,1.0
pcyhqg,0,1,1,1.0
vlath,0,1,1,1.0
egek,0,1,1,1.0
anaesthet,0,1,1,1.0
zlant,0,1,1,1.0
hoqti,0,1,1,1.0
representthat,0,1,1,1.0
peligroso,0,1,1,1.0
yysh,0,1,1,1.0
qihafxwv,0,1,1,1.0
establ,0,1,1,1.0
beimvzua,0,1,1,1.0
goatsbeard,0,1,1,1.0
fulghum,1,0,1,0.0
koprer,0,1,1,1.0
logxxxx,1,0,1,0.0
homelink,0,1,1,1.0
esauuduff,0,1,1,1.0
serviceto,0,1,1,1.0
kmlqi,0,1,1,1.0
ipiar,0,1,1,1.0
ollidzo,0,1,1,1.0
waphi,0,1,1,1.0
coralisland,0,1,1,1.0
mlick,0,1,1,1.0
sharrisl,1,0,1,0.0
ocameroun,0,1,1,1.0
cgnoe,0,1,1,1.0
sideboardcondens,0,1,1,1.0
writtenlfieldbooko,0,1,1,1.0
pocztow,1,0,1,0.0
calfornia,1,0,1,0.0
ikxuez,0,1,1,1.0
chauvinist,1,0,1,0.0
qyodgr,0,1,1,1.0
cjnso,0,1,1,1.0
xpmoexken,0,1,1,1.0
thousând,0,1,1,1.0
axnxbkg,0,1,1,1.0
orrder,0,1,1,1.0
colleaguesalish,0,1,1,1.0
pylosdsn,0,1,1,1.0
colemanjoro,0,1,1,1.0
tamachenko,1,0,1,0.0
gokb,0,1,1,1.0
åèí,0,1,1,1.0
wxwmmx,0,1,1,1.0
meest,0,1,1,1.0
wellpaid,0,1,1,1.0
byysfwsr,0,1,1,1.0
fvzq,0,1,1,1.0
lanclo,1,0,1,0.0
kfisham,1,0,1,0.0
crasher,0,1,1,1.0
amnbifl,0,1,1,1.0
haar,0,1,1,1.0
stochasticxyfetwbb,0,1,1,1.0
hkkakumhk,0,1,1,1.0
ixlsgkfifwggbxl,0,1,1,1.0
diunro,1,0,1,0.0
lcygbc,0,1,1,1.0
gou,1,0,1,0.0
fndo,0,1,1,1.0
jdd,1,0,1,0.0
cqd,0,1,1,1.0
mwmc,0,1,1,1.0
mailen,0,1,1,1.0
ntl,0,1,1,1.0
anxihegjf,0,1,1,1.0
chrysa,0,1,1,1.0
tithabl,0,1,1,1.0
yuoto,0,1,1,1.0
aonmat,0,1,1,1.0
bonlv,0,1,1,1.0
implantación,0,1,1,1.0
hlkxfa,0,1,1,1.0
uzl,0,1,1,1.0
apovst,0,1,1,1.0
gelebba,0,1,1,1.0
etxwgt,0,1,1,1.0
vkbgj,0,1,1,1.0
angiectasi,0,1,1,1.0
oueqglz,0,1,1,1.0
yyygslniggi,0,1,1,1.0
prestidigit,0,1,1,1.0
cubbyholeconglomer,0,1,1,1.0
maynot,0,1,1,1.0
medicalhistori,0,1,1,1.0
driuvq,0,1,1,1.0
santaluciagroup,0,1,1,1.0
systemizationqatar,0,1,1,1.0
ziglar,0,1,1,1.0
sarb,0,1,1,1.0
melit,0,1,1,1.0
omnichoic,1,0,1,0.0
vegetal,0,1,1,1.0
baig,1,0,1,0.0
sieglindashelf,0,1,1,1.0
angusspac,0,1,1,1.0
barad,1,0,1,0.0
hesigiamozu,0,1,1,1.0
astrospher,0,1,1,1.0
versautesten,0,1,1,1.0
dtewef,0,1,1,1.0
canneryetern,0,1,1,1.0
eldk,0,1,1,1.0
timestamp,1,0,1,0.0
indexof,0,1,1,1.0
yahho,0,1,1,1.0
strudel,0,1,1,1.0
swh,0,1,1,1.0
smashflown,0,1,1,1.0
surferguy,0,1,1,1.0
orf,0,1,1,1.0
leci,1,0,1,0.0
themanag,0,1,1,1.0
uvbc,0,1,1,1.0
tomingley,0,1,1,1.0
esent,0,1,1,1.0
sqkeexcl,0,1,1,1.0
pecul,0,1,1,1.0
stonewar,0,1,1,1.0
verwertet,0,1,1,1.0
eemc,1,0,1,0.0
haremo,0,1,1,1.0
wqzuh,0,1,1,1.0
qjbhi,0,1,1,1.0
bajmdonj,0,1,1,1.0
petersberg,0,1,1,1.0
otherworldlygood,0,1,1,1.0
seedi,0,1,1,1.0
tabel,1,0,1,0.0
laufraed,0,1,1,1.0
clallum,0,1,1,1.0
mangaboo,0,1,1,1.0
poibu,0,1,1,1.0
toysthat,0,1,1,1.0
morehous,1,0,1,0.0
oril,0,1,1,1.0
specialiast,1,0,1,0.0
peenet,0,1,1,1.0
cmmrcl,1,0,1,0.0
diretor,0,1,1,1.0
tadyw,0,1,1,1.0
transaf,0,1,1,1.0
eugsm,0,1,1,1.0
diskografsk,0,1,1,1.0
jvqez,0,1,1,1.0
ftkjwrdo,0,1,1,1.0
zapada,1,0,1,0.0
groupwar,1,0,1,0.0
fdgf,0,1,1,1.0
cinde,1,0,1,0.0
wthdrwl,0,1,1,1.0
etymolog,0,1,1,1.0
salley,1,0,1,0.0
kjoparok,0,1,1,1.0
quivira,1,0,1,0.0
nmn,0,1,1,1.0
hgmhm,0,1,1,1.0
repip,1,0,1,0.0
thatcheckk,0,1,1,1.0
verson,1,0,1,0.0
romeoflem,0,1,1,1.0
djgbkr,0,1,1,1.0
amasschildren,0,1,1,1.0
yrmfn,0,1,1,1.0
pwell,0,1,1,1.0
rxujpm,0,1,1,1.0
micronet,0,1,1,1.0
nobmdw,0,1,1,1.0
variacavoc,0,1,1,1.0
knallhart,0,1,1,1.0
sxsxth,0,1,1,1.0
riafras,0,1,1,1.0
pactwmtnfbiiw,0,1,1,1.0
partin,0,1,1,1.0
anniss,1,0,1,0.0
gustado,0,1,1,1.0
protas,0,1,1,1.0
pkxppc,0,1,1,1.0
escapa,0,1,1,1.0
zyugpgvmt,0,1,1,1.0
intszetz,0,1,1,1.0
commodoti,1,0,1,0.0
ekzgkchnw,0,1,1,1.0
wolrdwideher,0,1,1,1.0
linesmen,1,0,1,0.0
ccolleen,1,0,1,0.0
clannishcoleu,0,1,1,1.0
integracin,0,1,1,1.0
validadasbas,0,1,1,1.0
stutz,1,0,1,0.0
qtxtire,0,1,1,1.0
wnoykupi,0,1,1,1.0
hsdtjketz,0,1,1,1.0
paraliel,0,1,1,1.0
bick,0,1,1,1.0
aknrihb,0,1,1,1.0
emptu,0,1,1,1.0
gvsn,0,1,1,1.0
sitprod,1,0,1,0.0
mcbeath,1,0,1,0.0
medhcat,0,1,1,1.0
pharmbyma,0,1,1,1.0
eonukogu,1,0,1,0.0
flooryou,0,1,1,1.0
aedfap,0,1,1,1.0
xigbn,0,1,1,1.0
igrd,0,1,1,1.0
kstjhpk,0,1,1,1.0
izkxayv,0,1,1,1.0
orgulha,0,1,1,1.0
tryur,0,1,1,1.0
frachtbefordung,0,1,1,1.0
uzlkcx,0,1,1,1.0
brggkrgizuckgg,0,1,1,1.0
diannehamilton,0,1,1,1.0
accor,0,1,1,1.0
xanuax,0,1,1,1.0
jimi,1,0,1,0.0
metad,0,1,1,1.0
allrolex,0,1,1,1.0
freehongkong,0,1,1,1.0
coptic,0,1,1,1.0
tmhdk,0,1,1,1.0
leur,0,1,1,1.0
caluc,1,0,1,0.0
ascarelli,1,0,1,0.0
havingaccid,0,1,1,1.0
coohjl,0,1,1,1.0
enrichesprais,0,1,1,1.0
grlk,0,1,1,1.0
trownger,0,1,1,1.0
firemail,0,1,1,1.0
dtbradshaw,1,0,1,0.0
peasanthood,0,1,1,1.0
supervitagra,0,1,1,1.0
aanboth,0,1,1,1.0
malikadna,0,1,1,1.0
uflhz,0,1,1,1.0
rwd,0,1,1,1.0
wduympn,0,1,1,1.0
neurotoxicol,0,1,1,1.0
gegvhdxt,0,1,1,1.0
xcvnklj,0,1,1,1.0
ctwedick,1,0,1,0.0
vyairvjo,0,1,1,1.0
spg,0,1,1,1.0
olyvaoass,0,1,1,1.0
vvjsv,0,1,1,1.0
pricecoagul,0,1,1,1.0
leoben,0,1,1,1.0
yzczyr,0,1,1,1.0
qxwgjo,0,1,1,1.0
gtqlg,0,1,1,1.0
octor,0,1,1,1.0
ffot,1,0,1,0.0
kfntriklopfdjblotgxnt,0,1,1,1.0
germinatebiscuit,0,1,1,1.0
mljyzfpdz,0,1,1,1.0
surnet,0,1,1,1.0
pharymaci,0,1,1,1.0
libarari,1,0,1,0.0
lgbyte,0,1,1,1.0
njveq,0,1,1,1.0
belo,0,1,1,1.0
seocho,0,1,1,1.0
rxv,0,1,1,1.0
drencher,0,1,1,1.0
bureaux,1,0,1,0.0
mzrvl,0,1,1,1.0
sworldwid,0,1,1,1.0
njdlqwkkgbr,0,1,1,1.0
partership,1,0,1,0.0
vvrld,0,1,1,1.0
prooud,1,0,1,0.0
ufxilx,0,1,1,1.0
earnevereadi,0,1,1,1.0
datasheet,1,0,1,0.0
kaitlin,0,1,1,1.0
fantuzzipresident,0,1,1,1.0
maurinclk,0,1,1,1.0
westford,1,0,1,0.0
shitless,1,0,1,0.0
lsherriff,1,0,1,0.0
excilus,0,1,1,1.0
unsoci,1,0,1,0.0
xqqjta,0,1,1,1.0
senao,0,1,1,1.0
nounc,1,0,1,0.0
iimqcx,0,1,1,1.0
cacayzxhyc,0,1,1,1.0
nondecreas,0,1,1,1.0
ldlp,0,1,1,1.0
zbgplfmoulaxy,0,1,1,1.0
outt,0,1,1,1.0
tmmhfhsbr,0,1,1,1.0
careeral,0,1,1,1.0
bolero,1,0,1,0.0
kkosyk,0,1,1,1.0
geografia,0,1,1,1.0
cabellera,0,1,1,1.0
wouldirec,0,1,1,1.0
beqqvgbhtwlu,0,1,1,1.0
vubrfi,0,1,1,1.0
khwdz,0,1,1,1.0
rshirodkar,1,0,1,0.0
zeel,0,1,1,1.0
woml,0,1,1,1.0
callin,0,1,1,1.0
babycom,0,1,1,1.0
abwcwqxq,0,1,1,1.0
qting,0,1,1,1.0
andsupervis,0,1,1,1.0
dlwr,0,1,1,1.0
guardedli,0,1,1,1.0
txunqcmf,0,1,1,1.0
finishesth,0,1,1,1.0
sauter,0,1,1,1.0
scampbel,1,0,1,0.0
excuseepiscop,0,1,1,1.0
yhaunt,0,1,1,1.0
cgdm,0,1,1,1.0
stanraman,0,1,1,1.0
nmmctijvi,0,1,1,1.0
xxrxkcwr,0,1,1,1.0
aoqxk,0,1,1,1.0
tpgipru,0,1,1,1.0
turtleneck,0,1,1,1.0
yimh,0,1,1,1.0
hntql,0,1,1,1.0
vacunal,0,1,1,1.0
oewgzop,0,1,1,1.0
boschbok,0,1,1,1.0
mhpdel,0,1,1,1.0
vkopn,0,1,1,1.0
powovvo,0,1,1,1.0
hisnovo,0,1,1,1.0
circus,1,0,1,0.0
eoadcaj,0,1,1,1.0
houzmi,0,1,1,1.0
owaauvwp,0,1,1,1.0
anwher,0,1,1,1.0
dcpm,0,1,1,1.0
termgrow,0,1,1,1.0
yvrfonotkn,0,1,1,1.0
vvqu,0,1,1,1.0
qrbeatft,0,1,1,1.0
dpaabww,0,1,1,1.0
typicaili,0,1,1,1.0
agreementcdgt,0,1,1,1.0
tsqkttbzpsx,0,1,1,1.0
dycom,1,0,1,0.0
mastadon,0,1,1,1.0
ksxofk,0,1,1,1.0
breakey,1,0,1,0.0
dmn,0,1,1,1.0
ocyww,0,1,1,1.0
zhjvgsqhn,0,1,1,1.0
sameboka,0,1,1,1.0
speakforoth,0,1,1,1.0
jnexon,1,0,1,0.0
kilbrid,0,1,1,1.0
ldupno,0,1,1,1.0
teanmor,0,1,1,1.0
outmaneuv,1,0,1,0.0
qualitat,0,1,1,1.0
falsefi,0,1,1,1.0
tlcxephq,0,1,1,1.0
albacet,0,1,1,1.0
unionlotteryuk,0,1,1,1.0
zunnw,0,1,1,1.0
dribblet,0,1,1,1.0
oibcopwki,0,1,1,1.0
wimco,1,0,1,0.0
godefroy,0,1,1,1.0
aphorism,0,1,1,1.0
bapka,0,1,1,1.0
opwbgskx,0,1,1,1.0
karint,0,1,1,1.0
netherlandscolbi,0,1,1,1.0
déposant,0,1,1,1.0
kfpw,0,1,1,1.0
nafm,0,1,1,1.0
looem,0,1,1,1.0
vtxnhoqbh,0,1,1,1.0
llcdojxt,0,1,1,1.0
physlcian,0,1,1,1.0
godzillanirvan,0,1,1,1.0
mitzuteilen,0,1,1,1.0
ribbonsfor,0,1,1,1.0
marykpowl,1,0,1,0.0
earnshaw,1,0,1,0.0
thfer,0,1,1,1.0
panix,1,0,1,0.0
fjjfmocsehebl,0,1,1,1.0
rrnrwuwb,0,1,1,1.0
financiel,0,1,1,1.0
ommiss,1,0,1,0.0
portanto,0,1,1,1.0
oxycccconttttin,0,1,1,1.0
mvip,0,1,1,1.0
uqfcavegwo,0,1,1,1.0
sbpdthrk,0,1,1,1.0
distribucion,0,1,1,1.0
jwoita,1,0,1,0.0
enronintern,1,0,1,0.0
bennettaptitud,0,1,1,1.0
vsvailla,1,0,1,0.0
trapsgewij,0,1,1,1.0
mcgoverngodson,0,1,1,1.0
lenghti,0,1,1,1.0
buriedstreamsid,0,1,1,1.0
nextleft,0,1,1,1.0
forjan,1,0,1,0.0
drjuiceplu,1,0,1,0.0
altamin,0,1,1,1.0
lkldqlinjb,0,1,1,1.0
qswlsff,0,1,1,1.0
sflzdk,0,1,1,1.0
tlfqmrf,0,1,1,1.0
dsodyhk,0,1,1,1.0
llec,0,1,1,1.0
shortchang,1,0,1,0.0
wcgtvw,0,1,1,1.0
ilend,0,1,1,1.0
hamish,1,0,1,0.0
iwkxz,0,1,1,1.0
ironydariu,0,1,1,1.0
sjfo,0,1,1,1.0
avdqd,0,1,1,1.0
moneytrillionth,0,1,1,1.0
ulfqlfmx,0,1,1,1.0
ptlmbozpbl,0,1,1,1.0
hegen,1,0,1,0.0
yoonsuk,0,1,1,1.0
tdiqgb,0,1,1,1.0
qldkz,0,1,1,1.0
tolerableneur,0,1,1,1.0
nsawgazspigc,0,1,1,1.0
qxw,0,1,1,1.0
merec,0,1,1,1.0
polyhem,1,0,1,0.0
yrlhhbcjcu,0,1,1,1.0
brandymedicin,0,1,1,1.0
durng,0,1,1,1.0
collop,0,1,1,1.0
emajo,1,0,1,0.0
bhgb,0,1,1,1.0
inviablesplic,0,1,1,1.0
amosngt,0,1,1,1.0
velo,0,1,1,1.0
kpuvmx,0,1,1,1.0
dhpyvu,0,1,1,1.0
yytcz,0,1,1,1.0
castllin,0,1,1,1.0
clhyne,1,0,1,0.0
pkxuw,0,1,1,1.0
iuvtv,0,1,1,1.0
textformat,0,1,1,1.0
beldon,1,0,1,0.0
oxyccontttin,0,1,1,1.0
gbpig,0,1,1,1.0
mgztjvpoy,0,1,1,1.0
jewettcalcit,0,1,1,1.0
kazunari,1,0,1,0.0
nekrasova,1,0,1,0.0
preeeescript,0,1,1,1.0
jpqdzrb,0,1,1,1.0
nihcwejtmaanmbvoq,0,1,1,1.0
wsfvlc,0,1,1,1.0
leevltra,0,1,1,1.0
agresti,1,0,1,0.0
xaeyalpw,0,1,1,1.0
repraesentiv,0,1,1,1.0
iout,0,1,1,1.0
iufc,0,1,1,1.0
worldest,0,1,1,1.0
xcmljb,0,1,1,1.0
jenai,1,0,1,0.0
kutcha,1,0,1,0.0
bullitl,1,0,1,0.0
xxycczr,0,1,1,1.0
hpd,1,0,1,0.0
soflv,0,1,1,1.0
iberica,0,1,1,1.0
snhezkjzhisbpjhgx,0,1,1,1.0
yfabvp,0,1,1,1.0
bljae,0,1,1,1.0
mpuc,1,0,1,0.0
omeapi,0,1,1,1.0
aprof,0,1,1,1.0
jevic,1,0,1,0.0
smallpox,1,0,1,0.0
viiiiiiiagra,0,1,1,1.0
txagl,1,0,1,0.0
ybjoron,0,1,1,1.0
blanklet,1,0,1,0.0
bbzvk,0,1,1,1.0
formosan,0,1,1,1.0
maaxamann,0,1,1,1.0
whwafbwvaxlc,0,1,1,1.0
nro,0,1,1,1.0
secrtor,0,1,1,1.0
kpu,0,1,1,1.0
clusterl,0,1,1,1.0
underutil,0,1,1,1.0
gisv,0,1,1,1.0
fasster,0,1,1,1.0
jjxyzntea,0,1,1,1.0
volieybail,0,1,1,1.0
catwalk,0,1,1,1.0
zaglefyxqvn,0,1,1,1.0
bdfgad,0,1,1,1.0
piorecki,1,0,1,0.0
dezbdwqqv,0,1,1,1.0
rosio,0,1,1,1.0
unicod,0,1,1,1.0
xluykbrw,0,1,1,1.0
ixmypaemdut,0,1,1,1.0
cussioncont,1,0,1,0.0
mswadeshi,0,1,1,1.0
aludel,0,1,1,1.0
maneuver,1,0,1,0.0
stjiqohay,0,1,1,1.0
partof,0,1,1,1.0
aquilo,0,1,1,1.0
frenchiz,0,1,1,1.0
qhwee,0,1,1,1.0
unmus,0,1,1,1.0
mandic,0,1,1,1.0
cjql,0,1,1,1.0
oezfo,0,1,1,1.0
próxima,0,1,1,1.0
joinbord,0,1,1,1.0
abbraccio,0,1,1,1.0
buerger,1,0,1,0.0
drsnxhgk,0,1,1,1.0
tonqualität,0,1,1,1.0
upstag,0,1,1,1.0
serviceon,0,1,1,1.0
superhelt,0,1,1,1.0
yazminroyc,0,1,1,1.0
vjeauuslt,0,1,1,1.0
pereskia,0,1,1,1.0
floppili,0,1,1,1.0
nbzxh,0,1,1,1.0
uqnauo,0,1,1,1.0
determinó,0,1,1,1.0
timopl,1,0,1,0.0
zambali,0,1,1,1.0
ltnxgg,0,1,1,1.0
hemispheroid,0,1,1,1.0
belmopan,0,1,1,1.0
rxspc,0,1,1,1.0
scoyk,1,0,1,0.0
encendida,0,1,1,1.0
embrock,1,0,1,0.0
rdcore,0,1,1,1.0
extremelycheckk,0,1,1,1.0
uec,1,0,1,0.0
povzzzx,0,1,1,1.0
lðw,0,1,1,1.0
asflnpwo,0,1,1,1.0
epx,1,0,1,0.0
bhalachandra,1,0,1,0.0
mariposan,0,1,1,1.0
xobad,0,1,1,1.0
dumpster,0,1,1,1.0
gambitchina,0,1,1,1.0
whuppin,1,0,1,0.0
ultrasonido,0,1,1,1.0
wilnechenko,1,0,1,0.0
bexbd,0,1,1,1.0
cayla,0,1,1,1.0
rjjzl,0,1,1,1.0
scrimmagemason,0,1,1,1.0
lidat,0,1,1,1.0
ansprch,0,1,1,1.0
ðèèõðõþöð,0,1,1,1.0
papho,0,1,1,1.0
dollr,0,1,1,1.0
webdelight,1,0,1,0.0
mikicorwin,0,1,1,1.0
znana,1,0,1,0.0
garaj,0,1,1,1.0
swingersmatch,0,1,1,1.0
brothersist,0,1,1,1.0
dcdbzddnv,0,1,1,1.0
travelclub,0,1,1,1.0
fpi,0,1,1,1.0
redux,1,0,1,0.0
approval,1,0,1,0.0
lthje,0,1,1,1.0
qxuct,0,1,1,1.0
mannual,1,0,1,0.0
beid,0,1,1,1.0
wlewi,1,0,1,0.0
dreamland,0,1,1,1.0
miningcorpor,0,1,1,1.0
gliwrm,0,1,1,1.0
gyrfp,0,1,1,1.0
fkuntjujr,0,1,1,1.0
tnntocblv,0,1,1,1.0
ourcorpor,0,1,1,1.0
hornypeefest,0,1,1,1.0
azptilydzz,0,1,1,1.0
cnie,0,1,1,1.0
getroffen,0,1,1,1.0
inclut,0,1,1,1.0
suotyqkev,0,1,1,1.0
garrettz,1,0,1,0.0
reenviándol,0,1,1,1.0
mailck,0,1,1,1.0
carmel,0,1,1,1.0
aitiotrop,0,1,1,1.0
beom,0,1,1,1.0
nymexpric,1,0,1,0.0
foreante,0,1,1,1.0
visausa,1,0,1,0.0
megatrend,1,0,1,0.0
intersticecapti,0,1,1,1.0
petk,0,1,1,1.0
schalter,0,1,1,1.0
benefitmisti,0,1,1,1.0
gfucsq,0,1,1,1.0
betamu,1,0,1,0.0
akesson,0,1,1,1.0
nrya,0,1,1,1.0
rivulu,0,1,1,1.0
byrt,1,0,1,0.0
pvar,0,1,1,1.0
elgordo,0,1,1,1.0
wsomsen,0,1,1,1.0
benoitmollyl,0,1,1,1.0
thelowest,0,1,1,1.0
jbf,0,1,1,1.0
aebeaf,0,1,1,1.0
filac,0,1,1,1.0
jetsett,1,0,1,0.0
químico,0,1,1,1.0
squawroot,0,1,1,1.0
fzwhc,0,1,1,1.0
didnot,1,0,1,0.0
millionest,0,1,1,1.0
xiongbutch,0,1,1,1.0
phsician,0,1,1,1.0
aliahm,1,0,1,0.0
notdisappoint,0,1,1,1.0
pexgweg,0,1,1,1.0
candlenut,0,1,1,1.0
dnz,0,1,1,1.0
construcción,0,1,1,1.0
glennda,1,0,1,0.0
pengrowth,1,0,1,0.0
megjn,0,1,1,1.0
greyest,0,1,1,1.0
arkadi,0,1,1,1.0
punjab,1,0,1,0.0
doktrinom,0,1,1,1.0
kxjtj,0,1,1,1.0
lingnan,1,0,1,0.0
operatingsystem,0,1,1,1.0
byqvqt,0,1,1,1.0
spaeter,1,0,1,0.0
daypack,0,1,1,1.0
ldupnb,0,1,1,1.0
rodeohouston,1,0,1,0.0
balxi,0,1,1,1.0
anotarno,0,1,1,1.0
cowgat,1,0,1,0.0
nalbfr,0,1,1,1.0
rouxxhgi,0,1,1,1.0
recepet,0,1,1,1.0
argtu,0,1,1,1.0
cellent,0,1,1,1.0
baikonur,0,1,1,1.0
mercadolid,0,1,1,1.0
ocepatt,0,1,1,1.0
trai,0,1,1,1.0
wholiday,1,0,1,0.0
quizá,0,1,1,1.0
zegema,0,1,1,1.0
casilla,0,1,1,1.0
vsyy,0,1,1,1.0
haveunlimit,0,1,1,1.0
mkhoja,1,0,1,0.0
aureolaria,0,1,1,1.0
evey,1,0,1,0.0
jasp,0,1,1,1.0
rotario,0,1,1,1.0
khpedyo,0,1,1,1.0
qvpvbbqc,0,1,1,1.0
goonlin,0,1,1,1.0
clea,0,1,1,1.0
ojxalh,0,1,1,1.0
microel,0,1,1,1.0
verheugd,0,1,1,1.0
playmobil,0,1,1,1.0
tfor,0,1,1,1.0
organism,0,1,1,1.0
celavi,0,1,1,1.0
aqmkx,0,1,1,1.0
vdf,0,1,1,1.0
hgwwfig,0,1,1,1.0
krizay,1,0,1,0.0
kisoq,0,1,1,1.0
pauld,1,0,1,0.0
charlottejon,1,0,1,0.0
sayfasýsun,0,1,1,1.0
slondndfuzra,0,1,1,1.0
myallmail,0,1,1,1.0
lusakaeastman,0,1,1,1.0
suranc,0,1,1,1.0
gfyshtl,0,1,1,1.0
omxmq,0,1,1,1.0
vria,0,1,1,1.0
csamson,1,0,1,0.0
safetypac,0,1,1,1.0
convidaram,0,1,1,1.0
mnbgee,0,1,1,1.0
ningya,1,0,1,0.0
dereg,1,0,1,0.0
rohwedd,0,1,1,1.0
mftiyuszofgc,0,1,1,1.0
caiunl,0,1,1,1.0
hustler,0,1,1,1.0
viykgex,0,1,1,1.0
gangwal,1,0,1,0.0
lrn,0,1,1,1.0
artificehoars,0,1,1,1.0
tce,0,1,1,1.0
aocgwbqhf,0,1,1,1.0
medycyn,1,0,1,0.0
ceobusinessclub,0,1,1,1.0
poynter,1,0,1,0.0
vigorettefor,0,1,1,1.0
ehkq,0,1,1,1.0
mjkereluk,1,0,1,0.0
foxi,0,1,1,1.0
willprepar,0,1,1,1.0
gesto,0,1,1,1.0
aqnd,1,0,1,0.0
geraet,0,1,1,1.0
ackwgi,0,1,1,1.0
capital,0,1,1,1.0
vsejfw,0,1,1,1.0
maso,0,1,1,1.0
ncnwxmq,0,1,1,1.0
prfeeo,0,1,1,1.0
newslettr,0,1,1,1.0
spermat,0,1,1,1.0
mwudu,0,1,1,1.0
petual,1,0,1,0.0
bloodwit,0,1,1,1.0
aab,0,1,1,1.0
underwaybrisban,0,1,1,1.0
galbraith,1,0,1,0.0
ckiilb,0,1,1,1.0
zcqond,0,1,1,1.0
dusetohz,0,1,1,1.0
daysor,0,1,1,1.0
platica,0,1,1,1.0
merna,0,1,1,1.0
jgreen,1,0,1,0.0
trqklsdxbr,0,1,1,1.0
heineman,1,0,1,0.0
iyh,0,1,1,1.0
firmen,0,1,1,1.0
azijia,0,1,1,1.0
ljxrxqqru,0,1,1,1.0
myln,0,1,1,1.0
mozliwa,1,0,1,0.0
ifm,0,1,1,1.0
webvisão,0,1,1,1.0
bcyrkmtavzp,0,1,1,1.0
phrasel,0,1,1,1.0
checkmark,1,0,1,0.0
repeateractinolit,0,1,1,1.0
novocastra,0,1,1,1.0
bkcextnqyadfhijlmzgvg,0,1,1,1.0
yaqjqvwabbr,0,1,1,1.0
bacchuspecul,0,1,1,1.0
eafw,0,1,1,1.0
possilbl,0,1,1,1.0
msvqr,0,1,1,1.0
bromak,0,1,1,1.0
cardona,1,0,1,0.0
overdos,0,1,1,1.0
tvjvwji,0,1,1,1.0
ammfxmun,0,1,1,1.0
bryoniaquilt,0,1,1,1.0
suesser,0,1,1,1.0
nej,0,1,1,1.0
hadbeenpaid,0,1,1,1.0
dyiojxu,0,1,1,1.0
koji,1,0,1,0.0
pharmakp,0,1,1,1.0
parknrid,1,0,1,0.0
nyunjarl,0,1,1,1.0
vjpeufokx,0,1,1,1.0
yzbdfzbx,0,1,1,1.0
pronet,1,0,1,0.0
flyingbirdo,1,0,1,0.0
isikoff,1,0,1,0.0
gno,1,0,1,0.0
albuquerquenewslett,0,1,1,1.0
hibbert,1,0,1,0.0
newsbyemail,1,0,1,0.0
selina,0,1,1,1.0
dfqumb,0,1,1,1.0
murciélago,0,1,1,1.0
onlinezeitung,0,1,1,1.0
hguggpcmbr,0,1,1,1.0
auctionpay,0,1,1,1.0
jiefang,0,1,1,1.0
wtxf,0,1,1,1.0
yakbo,0,1,1,1.0
fnkcz,0,1,1,1.0
autnoma,0,1,1,1.0
paederasti,0,1,1,1.0
necessarydocu,0,1,1,1.0
viooxx,0,1,1,1.0
repgtj,0,1,1,1.0
zbt,0,1,1,1.0
tmrulqyjm,0,1,1,1.0
abdeckkapp,0,1,1,1.0
dolloar,0,1,1,1.0
mffysh,0,1,1,1.0
zdgcjafin,0,1,1,1.0
bigplanet,1,0,1,0.0
tbkeebv,0,1,1,1.0
goerjam,0,1,1,1.0
rotman,1,0,1,0.0
jwqfix,0,1,1,1.0
hardkorsex,0,1,1,1.0
disappearbr,0,1,1,1.0
campon,1,0,1,0.0
reimburseposn,0,1,1,1.0
flashindex,1,0,1,0.0
lzfxglwta,0,1,1,1.0
tmoonn,0,1,1,1.0
bhakqzpm,0,1,1,1.0
koclq,0,1,1,1.0
srobinson,1,0,1,0.0
gmmoodr,0,1,1,1.0
vnziuv,0,1,1,1.0
rminney,1,0,1,0.0
onlicatir,0,1,1,1.0
maxgen,0,1,1,1.0
mdw,0,1,1,1.0
clemsonprimordi,0,1,1,1.0
dleiveri,1,0,1,0.0
gasequip,1,0,1,0.0
guardamo,0,1,1,1.0
yhk,0,1,1,1.0
hullabaluh,1,0,1,0.0
cotización,0,1,1,1.0
slcax,0,1,1,1.0
tqscsyrlz,0,1,1,1.0
visser,1,0,1,0.0
niewlasciwa,1,0,1,0.0
thasn,1,0,1,0.0
iqknt,0,1,1,1.0
ýnternet,0,1,1,1.0
nukojmei,0,1,1,1.0
thangund,0,1,1,1.0
rsgtx,0,1,1,1.0
drogueria,0,1,1,1.0
redigir,0,1,1,1.0
kontraktu,1,0,1,0.0
conducebernhard,0,1,1,1.0
vlqfjwehh,0,1,1,1.0
thudgentlemen,0,1,1,1.0
dnoe,0,1,1,1.0
ceramiac,0,1,1,1.0
tradicionalment,0,1,1,1.0
adyjvantag,0,1,1,1.0
sace,1,0,1,0.0
proval,0,1,1,1.0
fbjexeh,0,1,1,1.0
jesey,0,1,1,1.0
xzxrl,0,1,1,1.0
pwkwj,0,1,1,1.0
aoefwayht,0,1,1,1.0
reobteniendo,0,1,1,1.0
beyrer,1,0,1,0.0
odiumdispens,0,1,1,1.0
dbvktnltpbr,0,1,1,1.0
volatilti,1,0,1,0.0
eilat,0,1,1,1.0
lxafbibxm,0,1,1,1.0
ifvreakjga,0,1,1,1.0
bwl,0,1,1,1.0
bhavnagar,0,1,1,1.0
fach,0,1,1,1.0
wsbmocfvi,0,1,1,1.0
mauri,1,0,1,0.0
neuss,0,1,1,1.0
yjhx,0,1,1,1.0
gquara,0,1,1,1.0
epel,0,1,1,1.0
fitx,0,1,1,1.0
kebkb,0,1,1,1.0
molong,0,1,1,1.0
bockiu,1,0,1,0.0
eubi,0,1,1,1.0
ober,1,0,1,0.0
mpcl,0,1,1,1.0
myoti,0,1,1,1.0
forconting,0,1,1,1.0
bcfnzlpubr,0,1,1,1.0
rdjtepk,0,1,1,1.0
ymoy,0,1,1,1.0
sgybw,0,1,1,1.0
dutchpeefest,0,1,1,1.0
commonpoint,1,0,1,0.0
quateryear,0,1,1,1.0
fchoje,0,1,1,1.0
rfhzxuogk,0,1,1,1.0
ofreach,0,1,1,1.0
nmcglynn,0,1,1,1.0
spieto,1,0,1,0.0
aepxd,0,1,1,1.0
libtion,0,1,1,1.0
ttzk,0,1,1,1.0
ectual,0,1,1,1.0
cerro,0,1,1,1.0
supervizagra,0,1,1,1.0
skìn,0,1,1,1.0
thaiteach,0,1,1,1.0
krpc,0,1,1,1.0
potentail,1,0,1,0.0
blong,1,0,1,0.0
gamshow,1,0,1,0.0
boyarsamson,0,1,1,1.0
qlzu,0,1,1,1.0
nojw,0,1,1,1.0
fundamenta,0,1,1,1.0
uaocz,0,1,1,1.0
yoyxwmcd,0,1,1,1.0
jonisebowel,0,1,1,1.0
asociando,0,1,1,1.0
excitementplan,0,1,1,1.0
itufi,0,1,1,1.0
bµe,0,1,1,1.0
dienstnehm,0,1,1,1.0
uscriabin,0,1,1,1.0
propritair,0,1,1,1.0
discurs,0,1,1,1.0
fcdtlhqn,0,1,1,1.0
xhdtyb,0,1,1,1.0
wmlgoioalpyxoduccgfir,0,1,1,1.0
león,0,1,1,1.0
lhmnomr,0,1,1,1.0
ukawrmm,0,1,1,1.0
uke,0,1,1,1.0
viener,1,0,1,0.0
freemortgagequot,0,1,1,1.0
cliniqu,1,0,1,0.0
yhf,0,1,1,1.0
dturner,0,1,1,1.0
increaseconfess,0,1,1,1.0
italiantravelinc,0,1,1,1.0
syosset,0,1,1,1.0
constititu,1,0,1,0.0
gennaio,0,1,1,1.0
tawn,0,1,1,1.0
dexthyai,0,1,1,1.0
jlw,1,0,1,0.0
lcohol,0,1,1,1.0
zariphopoul,1,0,1,0.0
departamental,0,1,1,1.0
rachturney,1,0,1,0.0
crossbowy,0,1,1,1.0
huizenga,1,0,1,0.0
sensatiiiiiion,0,1,1,1.0
psure,0,1,1,1.0
rausch,1,0,1,0.0
kgstavin,1,0,1,0.0
yglcjavbr,0,1,1,1.0
obstrrução,0,1,1,1.0
presenti,0,1,1,1.0
phapivadid,0,1,1,1.0
uvjriwayr,0,1,1,1.0
nzal,0,1,1,1.0
ecoburn,1,0,1,0.0
becaibba,0,1,1,1.0
besr,0,1,1,1.0
zbhhih,0,1,1,1.0
submisss,0,1,1,1.0
aend,0,1,1,1.0
anzio,0,1,1,1.0
larryltrumpet,0,1,1,1.0
tlemq,0,1,1,1.0
markkelley,1,0,1,0.0
sumel,0,1,1,1.0
gcthree,0,1,1,1.0
axrhpl,0,1,1,1.0
olum,0,1,1,1.0
sria,0,1,1,1.0
enrononlinequot,1,0,1,0.0
szdaesbgn,0,1,1,1.0
kherncan,1,0,1,0.0
bbln,0,1,1,1.0
ssnee,0,1,1,1.0
turystyczni,1,0,1,0.0
vblcm,0,1,1,1.0
milinda,0,1,1,1.0
januaryit,0,1,1,1.0
fhjw,0,1,1,1.0
nonsmk,1,0,1,0.0
kamerlid,0,1,1,1.0
truckler,0,1,1,1.0
csaan,0,1,1,1.0
kruptci,0,1,1,1.0
bloccato,0,1,1,1.0
humblement,0,1,1,1.0
pedicul,0,1,1,1.0
wsnoop,0,1,1,1.0
timv,1,0,1,0.0
izravnih,0,1,1,1.0
norujnl,0,1,1,1.0
tzpmrvtd,0,1,1,1.0
xeretism,0,1,1,1.0
rsad,0,1,1,1.0
mrensink,1,0,1,0.0
idioticosmium,0,1,1,1.0
htpxh,0,1,1,1.0
petrochina,0,1,1,1.0
yka,0,1,1,1.0
juvxyrkwu,0,1,1,1.0
cuul,0,1,1,1.0
venizel,0,1,1,1.0
sadzilem,1,0,1,0.0
wadlikeei,0,1,1,1.0
norco,0,1,1,1.0
dvolon,1,0,1,0.0
financel,1,0,1,0.0
wicusiu,1,0,1,0.0
basketballchickl,1,0,1,0.0
approov,0,1,1,1.0
kbrlwjbxdqz,0,1,1,1.0
aipprov,0,1,1,1.0
zlucu,0,1,1,1.0
painm,0,1,1,1.0
udpvawz,0,1,1,1.0
hartal,0,1,1,1.0
kiangsu,0,1,1,1.0
inning,0,1,1,1.0
apvck,0,1,1,1.0
ycqevwrxacl,0,1,1,1.0
dskfke,0,1,1,1.0
osbgpwak,0,1,1,1.0
shoutsman,1,0,1,0.0
proofclaim,0,1,1,1.0
escuta,0,1,1,1.0
inenvt,0,1,1,1.0
hwlsllr,0,1,1,1.0
mlbivulliz,0,1,1,1.0
buttercupvladimir,0,1,1,1.0
dbwnbi,0,1,1,1.0
znvdpunv,0,1,1,1.0
firri,0,1,1,1.0
involvedwil,0,1,1,1.0
svwrhbfdhumtam,0,1,1,1.0
tbeyer,0,1,1,1.0
wmqyakbmd,0,1,1,1.0
citizenspow,1,0,1,0.0
cznxdt,0,1,1,1.0
giklv,0,1,1,1.0
jfpcknmqtyxwd,0,1,1,1.0
lbktme,0,1,1,1.0
brysonpa,1,0,1,0.0
orfirst,0,1,1,1.0
smshsgsfshsipkninprlnpnq,0,1,1,1.0
compbar,0,1,1,1.0
zolfoft,0,1,1,1.0
bnzkxj,0,1,1,1.0
officemateduff,0,1,1,1.0
texashillco,1,0,1,0.0
whih,1,0,1,0.0
pliocenechandeli,0,1,1,1.0
wylieisd,1,0,1,0.0
wjw,0,1,1,1.0
nzqtptv,0,1,1,1.0
syujxwyv,0,1,1,1.0
onlyassign,0,1,1,1.0
folgar,1,0,1,0.0
supermov,1,0,1,0.0
cbhyf,0,1,1,1.0
cantodiego,0,1,1,1.0
kwouvqtj,0,1,1,1.0
alledgedli,1,0,1,0.0
zll,0,1,1,1.0
zusehen,0,1,1,1.0
ltimffak,0,1,1,1.0
priiiiiic,0,1,1,1.0
finansowym,1,0,1,0.0
pokoju,1,0,1,0.0
dzierniku,1,0,1,0.0
cuxmb,0,1,1,1.0
rbo,1,0,1,0.0
nztd,0,1,1,1.0
fizyzlsi,0,1,1,1.0
cxutxb,0,1,1,1.0
oezfrvao,0,1,1,1.0
kzaazqxytbr,0,1,1,1.0
isnvist,0,1,1,1.0
hakm,0,1,1,1.0
gkjfkxozz,0,1,1,1.0
nkrti,0,1,1,1.0
roddytre,1,0,1,0.0
brthe,0,1,1,1.0
doyear,0,1,1,1.0
jugdjcjx,0,1,1,1.0
sumer,1,0,1,0.0
dropsic,0,1,1,1.0
kuylen,0,1,1,1.0
hundredyear,0,1,1,1.0
wbml,1,0,1,0.0
wkl,0,1,1,1.0
frol,0,1,1,1.0
zxdnhqz,0,1,1,1.0
sedzbi,0,1,1,1.0
kiri,1,0,1,0.0
publicitar,0,1,1,1.0
anmbhbnn,0,1,1,1.0
notfeel,0,1,1,1.0
ericpersson,0,1,1,1.0
shadespl,0,1,1,1.0
yqvcgxju,0,1,1,1.0
fltlfj,0,1,1,1.0
nbjrsm,0,1,1,1.0
saugrohr,0,1,1,1.0
wzii,0,1,1,1.0
unapp,1,0,1,0.0
startmak,0,1,1,1.0
faliur,1,0,1,0.0
fzznbd,0,1,1,1.0
guill,1,0,1,0.0
tnvevj,0,1,1,1.0
expuesto,0,1,1,1.0
eiqn,0,1,1,1.0
tmbgn,0,1,1,1.0
panrzljjlnsn,0,1,1,1.0
ktfnzki,0,1,1,1.0
irt,0,1,1,1.0
vahm,0,1,1,1.0
salir,0,1,1,1.0
againwith,0,1,1,1.0
spermpiil,0,1,1,1.0
holdeman,1,0,1,0.0
tjeoupoutdlqdteo,0,1,1,1.0
klar,0,1,1,1.0
quycoa,0,1,1,1.0
lilliana,0,1,1,1.0
jieocvvj,0,1,1,1.0
wynosi,1,0,1,0.0
dominanet,0,1,1,1.0
apronlik,0,1,1,1.0
asof,1,0,1,0.0
ftf,0,1,1,1.0
premov,0,1,1,1.0
joannwest,1,0,1,0.0
satisfactionguarante,0,1,1,1.0
scoffbroccoli,0,1,1,1.0
unayhngj,0,1,1,1.0
eqphv,0,1,1,1.0
kpesj,0,1,1,1.0
bezeqint,0,1,1,1.0
aishat,0,1,1,1.0
criepi,1,0,1,0.0
jfwtoeglo,0,1,1,1.0
umwhu,0,1,1,1.0
addd,0,1,1,1.0
penion,0,1,1,1.0
xicqpaf,0,1,1,1.0
enamour,1,0,1,0.0
wyu,0,1,1,1.0
chlamyd,0,1,1,1.0
wdfpu,0,1,1,1.0
iata,0,1,1,1.0
thalreadi,0,1,1,1.0
makeu,0,1,1,1.0
adiaphor,0,1,1,1.0
haarruiqwrbniw,0,1,1,1.0
cepwwtiw,0,1,1,1.0
prosperi,0,1,1,1.0
ukljp,0,1,1,1.0
filmfeestj,0,1,1,1.0
lohdosvu,0,1,1,1.0
vincenti,1,0,1,0.0
pollexfen,0,1,1,1.0
yourtemail,0,1,1,1.0
allemail,0,1,1,1.0
watertight,1,0,1,0.0
jdllkuhr,0,1,1,1.0
miglior,1,0,1,0.0
brittnyatkin,0,1,1,1.0
eiland,1,0,1,0.0
zeichen,0,1,1,1.0
qosmio,0,1,1,1.0
ndunbar,1,0,1,0.0
jvirhdkg,0,1,1,1.0
tacitfisticuff,0,1,1,1.0
xihujaco,0,1,1,1.0
slq,0,1,1,1.0
discipin,1,0,1,0.0
groundfast,0,1,1,1.0
wkjbdosxqh,0,1,1,1.0
whyfkrfwi,0,1,1,1.0
bihwc,0,1,1,1.0
kullanýlarak,0,1,1,1.0
pgubcrfg,0,1,1,1.0
drehbar,0,1,1,1.0
afteriwokeaabb,0,1,1,1.0
narasimhan,1,0,1,0.0
snivelcyril,0,1,1,1.0
nakesha,0,1,1,1.0
resultsipzc,0,1,1,1.0
levfdfal,0,1,1,1.0
wypl,0,1,1,1.0
cushi,1,0,1,0.0
überzeugen,0,1,1,1.0
antimacassar,0,1,1,1.0
lnvjsm,0,1,1,1.0
switzerlandref,0,1,1,1.0
shawmut,1,0,1,0.0
dpppkq,0,1,1,1.0
dzoonj,0,1,1,1.0
mbuhq,0,1,1,1.0
exr,0,1,1,1.0
wkgrp,1,0,1,0.0
ofbeyond,0,1,1,1.0
sottish,0,1,1,1.0
rjfgxkf,0,1,1,1.0
jebrmug,0,1,1,1.0
tmz,0,1,1,1.0
paparaci,0,1,1,1.0
youhttp,0,1,1,1.0
esay,1,0,1,0.0
urnzz,0,1,1,1.0
simulutor,0,1,1,1.0
growgoldproduct,0,1,1,1.0
thuirsday,1,0,1,0.0
eag,0,1,1,1.0
bmq,0,1,1,1.0
iridectomi,0,1,1,1.0
garban,1,0,1,0.0
tyqgsbq,0,1,1,1.0
manip,1,0,1,0.0
juust,0,1,1,1.0
jangreenish,0,1,1,1.0
jonel,0,1,1,1.0
deifydispers,0,1,1,1.0
oowindow,0,1,1,1.0
dewdt,0,1,1,1.0
amploye,0,1,1,1.0
eyyngbr,0,1,1,1.0
referen,1,0,1,0.0
clapper,0,1,1,1.0
otherwh,0,1,1,1.0
mcrosno,1,0,1,0.0
shon,1,0,1,0.0
dholwerda,1,0,1,0.0
trumpetmegan,0,1,1,1.0
zvmgnh,0,1,1,1.0
kamia,0,1,1,1.0
hhryuleagrsroq,0,1,1,1.0
removgt,0,1,1,1.0
chaudhari,1,0,1,0.0
splashyursulin,0,1,1,1.0
moaunt,0,1,1,1.0
dgn,0,1,1,1.0
sucssc,0,1,1,1.0
iutben,1,0,1,0.0
ccccccroman,0,1,1,1.0
xuel,1,0,1,0.0
barbican,0,1,1,1.0
reif,1,0,1,0.0
suuwcp,0,1,1,1.0
justinlscarlett,0,1,1,1.0
fxyygkb,0,1,1,1.0
spm,0,1,1,1.0
jbailey,1,0,1,0.0
topazarccosin,0,1,1,1.0
tristamercado,0,1,1,1.0
rznha,0,1,1,1.0
chrge,0,1,1,1.0
highabov,0,1,1,1.0
dwlodfk,0,1,1,1.0
mapmak,0,1,1,1.0
stenhous,1,0,1,0.0
horseworldwid,0,1,1,1.0
goign,0,1,1,1.0
scrotumconcuss,0,1,1,1.0
vtbqji,0,1,1,1.0
axoppro,0,1,1,1.0
participaco,1,0,1,0.0
qckeitdxz,0,1,1,1.0
icpnet,0,1,1,1.0
hurredli,1,0,1,0.0
kellyn,1,0,1,0.0
lauraangu,0,1,1,1.0
glninakxi,0,1,1,1.0
adtfa,0,1,1,1.0
enth,0,1,1,1.0
mxvfijek,0,1,1,1.0
ifq,0,1,1,1.0
riaz,1,0,1,0.0
goodbi,1,0,1,0.0
tfnpge,0,1,1,1.0
selenatemultinomi,0,1,1,1.0
overour,1,0,1,0.0
lastrap,1,0,1,0.0
qantiml,0,1,1,1.0
wpzbczao,0,1,1,1.0
respnsibl,1,0,1,0.0
dcmyplp,0,1,1,1.0
nkzyuvawh,0,1,1,1.0
krajan,1,0,1,0.0
jcnkfclkmtu,0,1,1,1.0
vdqkcw,0,1,1,1.0
qsdcfwri,0,1,1,1.0
yiyey,0,1,1,1.0
pobrania,1,0,1,0.0
psseossion,0,1,1,1.0
twelch,1,0,1,0.0
avcap,1,0,1,0.0
uhb,0,1,1,1.0
cankh,0,1,1,1.0
hardwir,0,1,1,1.0
oraniz,1,0,1,0.0
wpr,0,1,1,1.0
fhmk,0,1,1,1.0
vzyiki,0,1,1,1.0
kexbqu,0,1,1,1.0
jsh,0,1,1,1.0
starsnugglegreat,0,1,1,1.0
richb,1,0,1,0.0
kürzung,0,1,1,1.0
nack,0,1,1,1.0
furst,1,0,1,0.0
mase,1,0,1,0.0
wisnieski,1,0,1,0.0
textbox,0,1,1,1.0
qdwybw,0,1,1,1.0
hosk,0,1,1,1.0
mtmsav,0,1,1,1.0
estuarineintract,0,1,1,1.0
dopper,0,1,1,1.0
roangood,0,1,1,1.0
kvn,0,1,1,1.0
diferenciai,0,1,1,1.0
ormoneybuy,0,1,1,1.0
imigksmt,0,1,1,1.0
suupt,0,1,1,1.0
tinham,0,1,1,1.0
tswa,0,1,1,1.0
envoyez,0,1,1,1.0
spiderman,0,1,1,1.0
tkpcidhtsvkazq,0,1,1,1.0
pacerstrumpet,0,1,1,1.0
parabeniza,0,1,1,1.0
counterpari,1,0,1,0.0
enfosrc,0,1,1,1.0
aaqa,0,1,1,1.0
topogaph,1,0,1,0.0
thechristianfamili,1,0,1,0.0
vhenson,0,1,1,1.0
tmpwncvbr,0,1,1,1.0
didrik,1,0,1,0.0
ijtqj,0,1,1,1.0
tmbreez,1,0,1,0.0
ualiti,0,1,1,1.0
pmac,1,0,1,0.0
disreput,0,1,1,1.0
smartpig,1,0,1,0.0
xpsyssoft,0,1,1,1.0
binn,1,0,1,0.0
outfield,1,0,1,0.0
chagal,1,0,1,0.0
fhktqhc,0,1,1,1.0
patxil,0,1,1,1.0
ccovjpwvx,0,1,1,1.0
oxhcccesza,0,1,1,1.0
hussain,0,1,1,1.0
rejoind,0,1,1,1.0
mailclub,0,1,1,1.0
sfc,1,0,1,0.0
jdzakbu,0,1,1,1.0
lirf,1,0,1,0.0
inceas,1,0,1,0.0
docksidedana,0,1,1,1.0
armando,0,1,1,1.0
wafdffa,0,1,1,1.0
abenton,1,0,1,0.0
quidaxes,0,1,1,1.0
viila,0,1,1,1.0
hmtbsk,0,1,1,1.0
rvolutonari,0,1,1,1.0
dbymbh,0,1,1,1.0
mokjney,0,1,1,1.0
usingsix,0,1,1,1.0
shold,1,0,1,0.0
civtal,0,1,1,1.0
kittywond,0,1,1,1.0
lohn,0,1,1,1.0
ijhoo,0,1,1,1.0
qwap,0,1,1,1.0
bskyb,1,0,1,0.0
clicke,0,1,1,1.0
lasik,0,1,1,1.0
garbison,1,0,1,0.0
eustachian,0,1,1,1.0
automatahypocrisi,0,1,1,1.0
nmss,1,0,1,0.0
sdc,1,0,1,0.0
cicalfi,0,1,1,1.0
caseiro,0,1,1,1.0
peabodynondescript,0,1,1,1.0
obtendrá,0,1,1,1.0
mpugfnfgptirn,0,1,1,1.0
diaphon,0,1,1,1.0
pouchpropos,0,1,1,1.0
auzki,0,1,1,1.0
stanislaw,1,0,1,0.0
ptlori,0,1,1,1.0
xproductlabel,0,1,1,1.0
theusual,0,1,1,1.0
besft,0,1,1,1.0
cfck,0,1,1,1.0
aaronkwok,0,1,1,1.0
bostick,0,1,1,1.0
wever,1,0,1,0.0
lomotil,0,1,1,1.0
playsmart,0,1,1,1.0
invsit,0,1,1,1.0
mooooor,0,1,1,1.0
pasticcio,0,1,1,1.0
xrbrq,0,1,1,1.0
freewebemail,0,1,1,1.0
cascai,0,1,1,1.0
selfrespect,0,1,1,1.0
éáåéç,0,1,1,1.0
wheither,0,1,1,1.0
qcbalggkk,0,1,1,1.0
bkzspnk,0,1,1,1.0
bazmxu,0,1,1,1.0
verlasslich,0,1,1,1.0
isteyen,0,1,1,1.0
jmjem,0,1,1,1.0
jehzizekv,0,1,1,1.0
knhbjovp,0,1,1,1.0
triviabingo,0,1,1,1.0
bwah,1,0,1,0.0
pzisrz,0,1,1,1.0
szyhbckzi,0,1,1,1.0
assisst,0,1,1,1.0
kmafjggcfg,0,1,1,1.0
besplatt,0,1,1,1.0
mgacphah,0,1,1,1.0
universitaria,0,1,1,1.0
iwnyljlmw,0,1,1,1.0
vhjni,0,1,1,1.0
searchblous,0,1,1,1.0
thestat,0,1,1,1.0
galilotteri,0,1,1,1.0
jepsonhamilton,0,1,1,1.0
yktjeer,0,1,1,1.0
restock,0,1,1,1.0
cnmw,0,1,1,1.0
zeonhib,0,1,1,1.0
itderz,0,1,1,1.0
cactusrestaurateur,0,1,1,1.0
donley,1,0,1,0.0
othersim,0,1,1,1.0
wmwcai,0,1,1,1.0
okgzf,0,1,1,1.0
wtyp,0,1,1,1.0
refugess,0,1,1,1.0
courtneyenvi,0,1,1,1.0
corpington,0,1,1,1.0
bemerkbar,0,1,1,1.0
vjurih,0,1,1,1.0
perritt,1,0,1,0.0
oblonski,0,1,1,1.0
ochairm,1,0,1,0.0
mvttqmbmz,0,1,1,1.0
vjzysmb,0,1,1,1.0
catalysiscruis,0,1,1,1.0
swyka,1,0,1,0.0
steriledepth,0,1,1,1.0
deitywoodwind,0,1,1,1.0
predominant,0,1,1,1.0
execuct,1,0,1,0.0
newtown,1,0,1,0.0
jsrgzb,0,1,1,1.0
harton,1,0,1,0.0
hqsokz,0,1,1,1.0
qfcnadx,0,1,1,1.0
jklzswj,0,1,1,1.0
delegación,0,1,1,1.0
jkxnupgvgtlct,0,1,1,1.0
skuper,0,1,1,1.0
kgozuzoyi,0,1,1,1.0
endl,0,1,1,1.0
grenada,0,1,1,1.0
hostpromotionl,0,1,1,1.0
medicatiuvon,0,1,1,1.0
electronicocomo,0,1,1,1.0
tzpuala,0,1,1,1.0
mlfgzpov,0,1,1,1.0
horm,0,1,1,1.0
clamberfisherman,0,1,1,1.0
onkprescriptionpdrug,0,1,1,1.0
silkymush,0,1,1,1.0
cqcvm,0,1,1,1.0
polypi,0,1,1,1.0
sherilyn,0,1,1,1.0
differencethey,0,1,1,1.0
fbbozh,0,1,1,1.0
integram,0,1,1,1.0
vanlandingham,1,0,1,0.0
withevri,0,1,1,1.0
vermilionupperclassman,0,1,1,1.0
preko,0,1,1,1.0
aston,0,1,1,1.0
mbthtmeu,0,1,1,1.0
sharestuesday,0,1,1,1.0
engrain,0,1,1,1.0
zosfnj,0,1,1,1.0
couchant,0,1,1,1.0
zisobath,0,1,1,1.0
cnusc,0,1,1,1.0
abgeht,0,1,1,1.0
acal,0,1,1,1.0
oragarnet,0,1,1,1.0
orgchart,1,0,1,0.0
sukgtuio,0,1,1,1.0
comuniqu,0,1,1,1.0
bermeim,0,1,1,1.0
sailorthat,0,1,1,1.0
ccode,1,0,1,0.0
rch,1,0,1,0.0
budgetgeld,0,1,1,1.0
lolqjintzfmtz,0,1,1,1.0
fouad,0,1,1,1.0
mocwufqvisqlgq,0,1,1,1.0
fynh,0,1,1,1.0
iezgm,0,1,1,1.0
lfu,0,1,1,1.0
kmceaav,0,1,1,1.0
prooftrust,0,1,1,1.0
darcangelo,0,1,1,1.0
mhrc,0,1,1,1.0
phentermine,0,1,1,1.0
mydispos,0,1,1,1.0
rwikri,0,1,1,1.0
nkewt,0,1,1,1.0
cgd,0,1,1,1.0
bypb,0,1,1,1.0
conflicto,0,1,1,1.0
ixpmncc,0,1,1,1.0
kxrljwdiloixm,0,1,1,1.0
fingerfuck,0,1,1,1.0
obju,0,1,1,1.0
enciclopdia,0,1,1,1.0
bsrad,0,1,1,1.0
wwwmagazin,0,1,1,1.0
grobalfirm,0,1,1,1.0
erinnern,0,1,1,1.0
confihast,0,1,1,1.0
hvhob,0,1,1,1.0
àçíãìñèþãëáèêþø,0,1,1,1.0
navjot,1,0,1,0.0
finck,1,0,1,0.0
netwww,0,1,1,1.0
tacet,0,1,1,1.0
timecreasewind,0,1,1,1.0
uvz,0,1,1,1.0
qcj,0,1,1,1.0
llzbke,0,1,1,1.0
extrasensori,0,1,1,1.0
xmimhost,1,0,1,0.0
mobilièr,0,1,1,1.0
vrifiez,0,1,1,1.0
neverr,0,1,1,1.0
betrgerischen,0,1,1,1.0
jyvrzeskxb,0,1,1,1.0
tcg,1,0,1,0.0
uilhfnog,0,1,1,1.0
kamidlej,0,1,1,1.0
uugf,0,1,1,1.0
proababl,1,0,1,0.0
goexpr,0,1,1,1.0
serveriron,1,0,1,0.0
rectafi,0,1,1,1.0
microfiltro,0,1,1,1.0
vester,1,0,1,0.0
versichert,0,1,1,1.0
cinematografica,0,1,1,1.0
hrid,0,1,1,1.0
eitherbrinflict,0,1,1,1.0
shenkman,1,0,1,0.0
gekregen,0,1,1,1.0
smrzz,0,1,1,1.0
wahlley,1,0,1,0.0
qzver,0,1,1,1.0
iwztbfx,0,1,1,1.0
kuester,1,0,1,0.0
takarm,0,1,1,1.0
bluemnau,0,1,1,1.0
geunemr,0,1,1,1.0
srfghkj,0,1,1,1.0
ztnbotx,0,1,1,1.0
mdlctln,0,1,1,1.0
ixyugnm,0,1,1,1.0
bxaeur,0,1,1,1.0
sothat,0,1,1,1.0
naao,1,0,1,0.0
europhys,1,0,1,0.0
carneblenheim,0,1,1,1.0
rumpli,0,1,1,1.0
axpyo,0,1,1,1.0
przesi,1,0,1,0.0
szt,0,1,1,1.0
blackwatch,1,0,1,0.0
pasatono,0,1,1,1.0
sandomir,1,0,1,0.0
fedorchak,1,0,1,0.0
wmbhoz,0,1,1,1.0
speakerglisten,0,1,1,1.0
grecia,0,1,1,1.0
vibrato,0,1,1,1.0
semprod,1,0,1,0.0
cogornocc,0,1,1,1.0
castiglion,0,1,1,1.0
uisgbayncegk,0,1,1,1.0
biostatist,0,1,1,1.0
ptri,1,0,1,0.0
prepend,0,1,1,1.0
preheat,1,0,1,0.0
mucker,0,1,1,1.0
inauguración,0,1,1,1.0
rskagg,1,0,1,0.0
piratkopier,0,1,1,1.0
devolverepugn,0,1,1,1.0
sideg,0,1,1,1.0
xpxi,0,1,1,1.0
fwxcf,0,1,1,1.0
creá,0,1,1,1.0
wpmsygidq,0,1,1,1.0
jcl,0,1,1,1.0
nxnnv,0,1,1,1.0
congressat,0,1,1,1.0
mnsufatihsfcsi,0,1,1,1.0
seatedkelsey,0,1,1,1.0
remmit,0,1,1,1.0
broswer,0,1,1,1.0
tnnesetoh,0,1,1,1.0
nizanda,0,1,1,1.0
armado,0,1,1,1.0
sarnj,1,0,1,0.0
lennon,0,1,1,1.0
escuna,0,1,1,1.0
ycjeth,0,1,1,1.0
dphillip,1,0,1,0.0
eyessprayedshut,0,1,1,1.0
iknpo,0,1,1,1.0
dneqzlg,0,1,1,1.0
adivic,0,1,1,1.0
ayfi,0,1,1,1.0
vasrtz,0,1,1,1.0
softweer,0,1,1,1.0
tamar,1,0,1,0.0
ffffal,0,1,1,1.0
zzsobajqqskityegwqj,0,1,1,1.0
dosaq,0,1,1,1.0
seidata,1,0,1,0.0
fidelio,0,1,1,1.0
pmeng,0,1,1,1.0
ktxqe,0,1,1,1.0
zijd,0,1,1,1.0
jbouldin,1,0,1,0.0
kshwipfli,0,1,1,1.0
nrj,0,1,1,1.0
krugeranis,0,1,1,1.0
aanwezigheid,0,1,1,1.0
lhartgrav,1,0,1,0.0
oxhid,0,1,1,1.0
backdoor,0,1,1,1.0
cherokeedillon,0,1,1,1.0
lampwashi,0,1,1,1.0
orgian,0,1,1,1.0
nuysvhp,0,1,1,1.0
mwpiper,1,0,1,0.0
syt,0,1,1,1.0
majunga,0,1,1,1.0
descendncia,0,1,1,1.0
onlurcen,0,1,1,1.0
upportun,0,1,1,1.0
chainman,0,1,1,1.0
superfus,0,1,1,1.0
ibach,1,0,1,0.0
awseddod,0,1,1,1.0
gyueugv,0,1,1,1.0
ywxxhlbf,0,1,1,1.0
dhuck,1,0,1,0.0
xfo,0,1,1,1.0
tidjbw,0,1,1,1.0
xpsf,0,1,1,1.0
bizwir,1,0,1,0.0
leaderiof,0,1,1,1.0
juceziistix,0,1,1,1.0
contactars,0,1,1,1.0
lpasso,0,1,1,1.0
cutterman,0,1,1,1.0
mexri,0,1,1,1.0
statoil,1,0,1,0.0
syav,0,1,1,1.0
dlhu,0,1,1,1.0
albo,1,0,1,0.0
cfredrikson,1,0,1,0.0
globalis,1,0,1,0.0
shadeswoven,0,1,1,1.0
baptistmail,0,1,1,1.0
abdelnour,1,0,1,0.0
medsa,0,1,1,1.0
uvivxtcyi,0,1,1,1.0
banknow,0,1,1,1.0
pztacubvwu,0,1,1,1.0
susupci,0,1,1,1.0
mccool,1,0,1,0.0
rlytton,1,0,1,0.0
suiteelois,0,1,1,1.0
jorubycol,1,0,1,0.0
rfuvrijmw,0,1,1,1.0
infro,1,0,1,0.0
enxcf,0,1,1,1.0
jhom,0,1,1,1.0
mjmattson,1,0,1,0.0
zmxa,0,1,1,1.0
jonpol,0,1,1,1.0
chxlg,0,1,1,1.0
sduit,0,1,1,1.0
kindof,0,1,1,1.0
tnesh,0,1,1,1.0
tawneeston,0,1,1,1.0
changewav,0,1,1,1.0
cooridin,1,0,1,0.0
ewkhoafq,0,1,1,1.0
hbnei,0,1,1,1.0
withng,0,1,1,1.0
hbxszz,0,1,1,1.0
rxo,0,1,1,1.0
qsocsyghk,0,1,1,1.0
souyndc,0,1,1,1.0
doxashex,0,1,1,1.0
iojgn,0,1,1,1.0
hqle,0,1,1,1.0
geirrod,0,1,1,1.0
beteiligen,0,1,1,1.0
dayzlottrep,0,1,1,1.0
vsq,0,1,1,1.0
copom,1,0,1,0.0
rwveb,0,1,1,1.0
ydffhmdxi,0,1,1,1.0
amortgag,0,1,1,1.0
sgf,1,0,1,0.0
podzial,1,0,1,0.0
ntvvoodoo,0,1,1,1.0
desgastant,0,1,1,1.0
qeuvli,0,1,1,1.0
disproof,0,1,1,1.0
shiftyash,0,1,1,1.0
sideward,0,1,1,1.0
arond,0,1,1,1.0
insidiouspedagogu,0,1,1,1.0
dpbombet,0,1,1,1.0
cârë,0,1,1,1.0
tutenkhamon,0,1,1,1.0
fwjf,0,1,1,1.0
interventionist,0,1,1,1.0
tgwytl,0,1,1,1.0
politechick,0,1,1,1.0
asignada,0,1,1,1.0
hlihf,0,1,1,1.0
micrografx,1,0,1,0.0
lederington,1,0,1,0.0
sentthi,0,1,1,1.0
circust,0,1,1,1.0
bvjoc,0,1,1,1.0
ricwsul,0,1,1,1.0
civicassign,0,1,1,1.0
orlftvggag,0,1,1,1.0
sfq,0,1,1,1.0
vvxpr,0,1,1,1.0
jzdlli,0,1,1,1.0
mikebusch,1,0,1,0.0
klyasheff,1,0,1,0.0
leiten,0,1,1,1.0
worthli,0,1,1,1.0
luggagehttp,0,1,1,1.0
falmossnfnua,0,1,1,1.0
cuwithufuc,0,1,1,1.0
dwqmjhi,0,1,1,1.0
cpsig,0,1,1,1.0
lmjwawh,0,1,1,1.0
pff,0,1,1,1.0
akp,0,1,1,1.0
dpvat,0,1,1,1.0
celgen,0,1,1,1.0
yourpravda,0,1,1,1.0
blunderhasten,0,1,1,1.0
completecassiopay,0,1,1,1.0
noplo,0,1,1,1.0
macomb,0,1,1,1.0
yourinvestmentwiz,0,1,1,1.0
ahst,0,1,1,1.0
pkqqq,0,1,1,1.0
rczahar,1,0,1,0.0
oyhi,0,1,1,1.0
fdgkq,0,1,1,1.0
cadwr,1,0,1,0.0
kwxvch,0,1,1,1.0
noisemak,0,1,1,1.0
safebuyinghous,0,1,1,1.0
afiw,0,1,1,1.0
bqkoelgyl,0,1,1,1.0
fbldfhread,0,1,1,1.0
tzcwrlo,0,1,1,1.0
bfn,0,1,1,1.0
supervalu,1,0,1,0.0
tauschpartnern,0,1,1,1.0
pacoal,1,0,1,0.0
noisepollut,0,1,1,1.0
habeeb,1,0,1,0.0
xiwso,0,1,1,1.0
cretinousdishwat,0,1,1,1.0
playboypubl,0,1,1,1.0
hangsengbank,0,1,1,1.0
lejcv,0,1,1,1.0
djti,0,1,1,1.0
gdqnag,0,1,1,1.0
nadler,1,0,1,0.0
mineausenco,0,1,1,1.0
dfcved,0,1,1,1.0
youdecid,0,1,1,1.0
rrhlkx,0,1,1,1.0
iiawhk,0,1,1,1.0
acogieron,0,1,1,1.0
dddqgvk,0,1,1,1.0
orud,0,1,1,1.0
rungknol,0,1,1,1.0
ticaw,1,0,1,0.0
photic,0,1,1,1.0
anika,1,0,1,0.0
mtkowi,0,1,1,1.0
ekobad,0,1,1,1.0
khsjpecjc,0,1,1,1.0
ivnrjq,0,1,1,1.0
pharmxaceut,0,1,1,1.0
jqxzpzzz,0,1,1,1.0
ozpa,0,1,1,1.0
carylon,0,1,1,1.0
caballo,0,1,1,1.0
shanxi,0,1,1,1.0
cnadgwlp,0,1,1,1.0
sbdcvalhalla,0,1,1,1.0
dkxpt,0,1,1,1.0
deemer,0,1,1,1.0
dpnkg,0,1,1,1.0
fachleuten,0,1,1,1.0
mgpw,0,1,1,1.0
hartzog,1,0,1,0.0
chalde,0,1,1,1.0
mvchte,0,1,1,1.0
tvg,0,1,1,1.0
lbphe,0,1,1,1.0
pipelay,0,1,1,1.0
qhydnfsevd,0,1,1,1.0
bcvuutlg,0,1,1,1.0
eecftf,0,1,1,1.0
wtalk,1,0,1,0.0
llqwzg,0,1,1,1.0
spearson,0,1,1,1.0
gqeb,0,1,1,1.0
cedayh,0,1,1,1.0
ncredibl,0,1,1,1.0
alzmind,0,1,1,1.0
dbacvi,0,1,1,1.0
mfnirswsm,0,1,1,1.0
jruyrv,0,1,1,1.0
enduran,0,1,1,1.0
xwvtjcg,0,1,1,1.0
cbivjv,0,1,1,1.0
sextoy,0,1,1,1.0
deliverincred,0,1,1,1.0
risikofrei,0,1,1,1.0
bahvi,0,1,1,1.0
individualswho,0,1,1,1.0
applicati,0,1,1,1.0
anmhpv,0,1,1,1.0
kpzyjr,0,1,1,1.0
bromwel,0,1,1,1.0
oridi,0,1,1,1.0
wxpx,1,0,1,0.0
efmvm,0,1,1,1.0
slaviz,0,1,1,1.0
fortunato,0,1,1,1.0
gintel,0,1,1,1.0
qxwh,0,1,1,1.0
shiwp,0,1,1,1.0
lvxhkmblmcewrw,0,1,1,1.0
classicmeltdown,0,1,1,1.0
espectculo,0,1,1,1.0
masterlhazel,0,1,1,1.0
ancondit,0,1,1,1.0
multivari,1,0,1,0.0
omawav,0,1,1,1.0
wilcom,0,1,1,1.0
ktsrplzl,0,1,1,1.0
qxxa,0,1,1,1.0
wobec,1,0,1,0.0
ehfq,0,1,1,1.0
cmtvicationbr,0,1,1,1.0
dimdv,0,1,1,1.0
wanger,1,0,1,0.0
mckinlay,1,0,1,0.0
djone,0,1,1,1.0
contactart,0,1,1,1.0
cialisact,0,1,1,1.0
antaresva,0,1,1,1.0
requestssend,0,1,1,1.0
jundebaj,0,1,1,1.0
prmkgg,0,1,1,1.0
forjou,0,1,1,1.0
koothrapp,1,0,1,0.0
workerdoudl,0,1,1,1.0
bctbdvo,0,1,1,1.0
streamlinesenil,0,1,1,1.0
emq,0,1,1,1.0
nduwuvif,0,1,1,1.0
advertisingwith,0,1,1,1.0
sacrafici,0,1,1,1.0
uoewlhvkt,0,1,1,1.0
bengt,1,0,1,0.0
zanzonsh,0,1,1,1.0
tbyway,0,1,1,1.0
kannal,0,1,1,1.0
uryt,0,1,1,1.0
amean,1,0,1,0.0
slipway,0,1,1,1.0
rehan,1,0,1,0.0
mvae,0,1,1,1.0
nse,0,1,1,1.0
hedrick,0,1,1,1.0
bridgeroxi,0,1,1,1.0
speigel,1,0,1,0.0
headpow,0,1,1,1.0
gisvhq,0,1,1,1.0
ntsjssmhvax,0,1,1,1.0
castlen,1,0,1,0.0
kobe,1,0,1,0.0
sml,0,1,1,1.0
reginlejf,0,1,1,1.0
yqxrod,1,0,1,0.0
lpi,0,1,1,1.0
unofrtun,0,1,1,1.0
krja,0,1,1,1.0
knnte,0,1,1,1.0
computerconsum,0,1,1,1.0
hyle,0,1,1,1.0
airwav,1,0,1,0.0
jyip,0,1,1,1.0
ruckusboolean,0,1,1,1.0
dingey,0,1,1,1.0
congjhsll,0,1,1,1.0
yapabýlm,0,1,1,1.0
sneermullion,0,1,1,1.0
brittenby,0,1,1,1.0
agjcovdi,0,1,1,1.0
jepuzj,0,1,1,1.0
gatiowvn,0,1,1,1.0
fkpjzsstv,0,1,1,1.0
claimconcili,0,1,1,1.0
okazana,1,0,1,0.0
estimula,0,1,1,1.0
pleaserepli,0,1,1,1.0
leadingvaluemag,0,1,1,1.0
cancelacin,0,1,1,1.0
funkcji,1,0,1,0.0
tjmfg,0,1,1,1.0
ydcggqe,0,1,1,1.0
admlnistrat,0,1,1,1.0
mollyd,1,0,1,0.0
apropri,1,0,1,0.0
thylden,1,0,1,0.0
oqwh,0,1,1,1.0
fergana,0,1,1,1.0
crura,0,1,1,1.0
dlgdajbffmixcr,0,1,1,1.0
araya,0,1,1,1.0
firmnss,0,1,1,1.0
shuanglin,0,1,1,1.0
arbeitsethik,0,1,1,1.0
karintersecur,0,1,1,1.0
inmkc,0,1,1,1.0
nigox,0,1,1,1.0
bremer,0,1,1,1.0
rmurphi,1,0,1,0.0
querist,0,1,1,1.0
rahatlkla,0,1,1,1.0
ourbank,0,1,1,1.0
brüste,0,1,1,1.0
princeswil,0,1,1,1.0
epmti,0,1,1,1.0
maledon,1,0,1,0.0
ufbtl,0,1,1,1.0
ylwka,0,1,1,1.0
kontaktowi,1,0,1,0.0
oqlc,0,1,1,1.0
ingresa,0,1,1,1.0
letrublion,0,1,1,1.0
golflfsl,0,1,1,1.0
herbicid,0,1,1,1.0
cporter,1,0,1,0.0
theconsum,0,1,1,1.0
larnold,1,0,1,0.0
salman,1,0,1,0.0
pyxg,0,1,1,1.0
qnu,0,1,1,1.0
beloww,0,1,1,1.0
bkn,0,1,1,1.0
tkozfpyifsn,0,1,1,1.0
viminaria,0,1,1,1.0
vmzdyt,0,1,1,1.0
smjlx,0,1,1,1.0
kufdhvw,0,1,1,1.0
gdn,0,1,1,1.0
axz,0,1,1,1.0
getawaynow,0,1,1,1.0
moortgaag,0,1,1,1.0
bodybuilderamateurish,0,1,1,1.0
independentpriv,0,1,1,1.0
dcksbvoox,0,1,1,1.0
vneezld,0,1,1,1.0
albetro,0,1,1,1.0
dmhj,0,1,1,1.0
uxownb,0,1,1,1.0
separación,0,1,1,1.0
incluirs,0,1,1,1.0
reeksport,0,1,1,1.0
hbtditati,0,1,1,1.0
choldrid,1,0,1,0.0
iprocent,0,1,1,1.0
hbcm,0,1,1,1.0
lionet,0,1,1,1.0
lewisr,1,0,1,0.0
minutesr,0,1,1,1.0
kyyj,0,1,1,1.0
barberi,0,1,1,1.0
gadchiroli,1,0,1,0.0
klindh,1,0,1,0.0
tjcdzxeej,0,1,1,1.0
warnng,0,1,1,1.0
exoskeleton,0,1,1,1.0
rzcynoo,0,1,1,1.0
fmz,0,1,1,1.0
paragragh,1,0,1,0.0
smbqt,0,1,1,1.0
hdsa,0,1,1,1.0
ztawni,0,1,1,1.0
berro,1,0,1,0.0
denunciar,0,1,1,1.0
planquarterback,0,1,1,1.0
cameworldwid,0,1,1,1.0
paranaens,1,0,1,0.0
foretold,1,0,1,0.0
ckyawt,0,1,1,1.0
jdvtbzkrebr,0,1,1,1.0
bigstock,0,1,1,1.0
bookworm,0,1,1,1.0
usgen,1,0,1,0.0
lpbmogq,0,1,1,1.0
vicoidin,0,1,1,1.0
malvern,1,0,1,0.0
bdlmmawxixmooshh,0,1,1,1.0
providedandnot,0,1,1,1.0
domenicobehind,0,1,1,1.0
baz,0,1,1,1.0
smilel,0,1,1,1.0
zesuzn,0,1,1,1.0
elinorbrew,0,1,1,1.0
vev,0,1,1,1.0
designjar,0,1,1,1.0
acident,0,1,1,1.0
lafgzwi,0,1,1,1.0
doxxcstctorr,0,1,1,1.0
darnel,1,0,1,0.0
mvh,0,1,1,1.0
kayak,1,0,1,0.0
dkboughton,1,0,1,0.0
hnvb,0,1,1,1.0
ckb,0,1,1,1.0
longmir,1,0,1,0.0
loughbi,0,1,1,1.0
plssupuia,0,1,1,1.0
kghlneihdb,0,1,1,1.0
mwcsqzm,0,1,1,1.0
zjg,0,1,1,1.0
ggije,0,1,1,1.0
gghfv,0,1,1,1.0
fcztn,0,1,1,1.0
kappo,0,1,1,1.0
asiabuydirect,0,1,1,1.0
chayo,0,1,1,1.0
withfor,0,1,1,1.0
harviekirk,0,1,1,1.0
taow,0,1,1,1.0
lazur,1,0,1,0.0
dpodj,0,1,1,1.0
gontarek,1,0,1,0.0
osex,0,1,1,1.0
bmxqai,0,1,1,1.0
mccullaugh,1,0,1,0.0
hawkinscarla,0,1,1,1.0
ctohj,0,1,1,1.0
sunita,1,0,1,0.0
clijcxk,0,1,1,1.0
soleand,0,1,1,1.0
wcfj,0,1,1,1.0
hutcheson,1,0,1,0.0
lotterysweepstak,0,1,1,1.0
gurdip,1,0,1,0.0
mihrab,0,1,1,1.0
epohpxtp,0,1,1,1.0
decoux,0,1,1,1.0
uwwyj,0,1,1,1.0
giantkil,1,0,1,0.0
indsutri,1,0,1,0.0
ciaqli,0,1,1,1.0
collagensabotag,0,1,1,1.0
yoursupergrowth,0,1,1,1.0
ijealousi,0,1,1,1.0
damagingli,1,0,1,0.0
qwrnl,0,1,1,1.0
rueckgaberecht,0,1,1,1.0
jpyr,0,1,1,1.0
jewelryglimps,0,1,1,1.0
manaza,0,1,1,1.0
akhd,0,1,1,1.0
garyt,1,0,1,0.0
imaginrio,0,1,1,1.0
richess,0,1,1,1.0
answeeeeer,0,1,1,1.0
xatnarx,0,1,1,1.0
wdv,0,1,1,1.0
wyvfrjxv,0,1,1,1.0
wastefulsurgeri,0,1,1,1.0
confrenc,1,0,1,0.0
fortalec,0,1,1,1.0
jwxbberej,0,1,1,1.0
edhkvedb,0,1,1,1.0
rostov,0,1,1,1.0
pilgreen,1,0,1,0.0
jzewauh,0,1,1,1.0
boton,0,1,1,1.0
marlet,1,0,1,0.0
akukpl,0,1,1,1.0
albertvil,0,1,1,1.0
blowfishdon,0,1,1,1.0
fwvzpk,0,1,1,1.0
marketingconcepto,0,1,1,1.0
talapoin,0,1,1,1.0
qojkd,0,1,1,1.0
lwk,0,1,1,1.0
ljjofexhvgmv,0,1,1,1.0
oiziwynva,0,1,1,1.0
copperdawn,1,0,1,0.0
prasso,1,0,1,0.0
fpvmj,0,1,1,1.0
kbhensman,1,0,1,0.0
zvlsb,0,1,1,1.0
vpudjj,0,1,1,1.0
saaug,0,1,1,1.0
colleaguesfor,0,1,1,1.0
ffffffdont,0,1,1,1.0
fuurog,0,1,1,1.0
cubrir,0,1,1,1.0
poslan,0,1,1,1.0
cfhojn,0,1,1,1.0
rolli,0,1,1,1.0
antilepton,0,1,1,1.0
dfgyj,0,1,1,1.0
haddington,1,0,1,0.0
huy,1,0,1,0.0
sdsherwin,1,0,1,0.0
idabr,0,1,1,1.0
pyjama,0,1,1,1.0
sxo,0,1,1,1.0
smzllryxic,0,1,1,1.0
xrhinoplasti,0,1,1,1.0
bymost,1,0,1,0.0
dagpybj,0,1,1,1.0
uta,0,1,1,1.0
omnipresentoakwood,0,1,1,1.0
multisensu,0,1,1,1.0
espoir,0,1,1,1.0
toniandmikeg,1,0,1,0.0
gainwonderpow,0,1,1,1.0
pnjdayb,0,1,1,1.0
pjehl,1,0,1,0.0
foofr,0,1,1,1.0
refreshingli,1,0,1,0.0
gwfhbf,0,1,1,1.0
mhx,0,1,1,1.0
marxism,0,1,1,1.0
yopd,0,1,1,1.0
xstgobsiti,0,1,1,1.0
funçõ,0,1,1,1.0
brgsnm,0,1,1,1.0
ndsouza,1,0,1,0.0
cpdwsf,0,1,1,1.0
gkqdgdgjq,0,1,1,1.0
genral,0,1,1,1.0
hispanabas,0,1,1,1.0
pacifica,0,1,1,1.0
shecould,0,1,1,1.0
melonconverg,0,1,1,1.0
inmu,0,1,1,1.0
ktorego,1,0,1,0.0
skjwui,0,1,1,1.0
apfa,1,0,1,0.0
transactionha,0,1,1,1.0
oelfbnr,0,1,1,1.0
fcat,0,1,1,1.0
qtgdlyhid,0,1,1,1.0
komatsuth,0,1,1,1.0
alvarezacryl,0,1,1,1.0
condescendniec,0,1,1,1.0
claudiacorona,0,1,1,1.0
xujebwrtp,0,1,1,1.0
craftili,0,1,1,1.0
koidu,0,1,1,1.0
knightstep,1,0,1,0.0
sevenseat,0,1,1,1.0
thorncliff,0,1,1,1.0
miscarri,1,0,1,0.0
kopar,0,1,1,1.0
cnslidat,0,1,1,1.0
itudzi,0,1,1,1.0
danreg,0,1,1,1.0
zlptr,0,1,1,1.0
startend,0,1,1,1.0
õèêð,0,1,1,1.0
jerilyn,1,0,1,0.0
chatrg,0,1,1,1.0
alkaseltz,1,0,1,0.0
credjoit,0,1,1,1.0
darbi,1,0,1,0.0
fusi,0,1,1,1.0
nfhpk,0,1,1,1.0
mlvyjb,0,1,1,1.0
nasofaríngea,0,1,1,1.0
cydacp,0,1,1,1.0
nona,0,1,1,1.0
thezr,0,1,1,1.0
jesi,0,1,1,1.0
bhthvg,0,1,1,1.0
maatregel,0,1,1,1.0
transposableeng,0,1,1,1.0
valorizacion,0,1,1,1.0
almojah,0,1,1,1.0
zurjpzbg,0,1,1,1.0
pickn,1,0,1,0.0
ealiest,1,0,1,0.0
olycev,0,1,1,1.0
doddhubert,0,1,1,1.0
staciacoffey,0,1,1,1.0
heqea,0,1,1,1.0
viewworldwid,0,1,1,1.0
geirrt,0,1,1,1.0
twmpdu,0,1,1,1.0
ooa,0,1,1,1.0
apaprov,0,1,1,1.0
falando,0,1,1,1.0
unvsubvscrtib,0,1,1,1.0
agalloch,0,1,1,1.0
reconhecida,0,1,1,1.0
flagg,0,1,1,1.0
kddaainebfqdzujentqhk,0,1,1,1.0
tolerant,0,1,1,1.0
rumqnj,0,1,1,1.0
yadftl,0,1,1,1.0
gaillard,1,0,1,0.0
avignon,0,1,1,1.0
glmour,0,1,1,1.0
fgsukr,0,1,1,1.0
myhomeloanstor,0,1,1,1.0
deatharnold,0,1,1,1.0
wsze,0,1,1,1.0
izkqcdyt,0,1,1,1.0
bljfol,0,1,1,1.0
sharpest,1,0,1,0.0
krnsxa,0,1,1,1.0
liopwn,0,1,1,1.0
ffej,0,1,1,1.0
hblvxf,0,1,1,1.0
contactreynold,0,1,1,1.0
tutopia,0,1,1,1.0
redfield,1,0,1,0.0
wagensel,1,0,1,0.0
bordercolorlight,0,1,1,1.0
disesuad,0,1,1,1.0
fjyof,0,1,1,1.0
gulett,1,0,1,0.0
seond,1,0,1,0.0
hanslief,0,1,1,1.0
cqot,0,1,1,1.0
swingablepal,0,1,1,1.0
ararat,1,0,1,0.0
orperform,0,1,1,1.0
kkesa,0,1,1,1.0
imrpwx,0,1,1,1.0
arrangedriven,0,1,1,1.0
pukmhibf,0,1,1,1.0
pofwz,0,1,1,1.0
ftrshplhb,0,1,1,1.0
xgrm,0,1,1,1.0
gët,0,1,1,1.0
onkmw,0,1,1,1.0
deoxid,0,1,1,1.0
printerinkl,0,1,1,1.0
xenon,0,1,1,1.0
meaningfuldelay,0,1,1,1.0
paymentfre,0,1,1,1.0
forgetitpal,0,1,1,1.0
recebemo,0,1,1,1.0
lendingne,0,1,1,1.0
swati,1,0,1,0.0
knallharten,0,1,1,1.0
expediacruis,0,1,1,1.0
xwsdwx,0,1,1,1.0
stealthstock,0,1,1,1.0
fsree,0,1,1,1.0
kodierungt,0,1,1,1.0
swf,1,0,1,0.0
bwifyqruy,0,1,1,1.0
reviewscustom,0,1,1,1.0
kyaria,0,1,1,1.0
eltlzrpb,0,1,1,1.0
vardon,0,1,1,1.0
brompton,1,0,1,0.0
occaision,1,0,1,0.0
ryde,0,1,1,1.0
dwalkup,1,0,1,0.0
xpr,0,1,1,1.0
leedi,0,1,1,1.0
photochem,1,0,1,0.0
tentsman,0,1,1,1.0
exct,0,1,1,1.0
eabb,1,0,1,0.0
gzfrlgu,0,1,1,1.0
mdzgqw,0,1,1,1.0
bekommst,0,1,1,1.0
erw,1,0,1,0.0
cwwychzmki,0,1,1,1.0
kmill,1,0,1,0.0
genbsp,0,1,1,1.0
assimili,1,0,1,0.0
chorea,0,1,1,1.0
ciili,0,1,1,1.0
vqyhxbrcjtlp,0,1,1,1.0
trovat,0,1,1,1.0
qmpmbww,0,1,1,1.0
ruee,0,1,1,1.0
ashh,0,1,1,1.0
downld,0,1,1,1.0
sjhip,0,1,1,1.0
titleaxi,0,1,1,1.0
kosmo,0,1,1,1.0
explotar,0,1,1,1.0
scof,0,1,1,1.0
bredman,0,1,1,1.0
itffktfabmxkeb,0,1,1,1.0
corkdulcet,0,1,1,1.0
bzokknsgk,0,1,1,1.0
gegenub,0,1,1,1.0
concetto,0,1,1,1.0
enlargenewli,0,1,1,1.0
extremetoil,0,1,1,1.0
aliimond,0,1,1,1.0
qmjmlxkk,0,1,1,1.0
qualuti,0,1,1,1.0
zmi,0,1,1,1.0
okmhxb,0,1,1,1.0
muniment,0,1,1,1.0
momoney,1,0,1,0.0
ovbgfg,0,1,1,1.0
tbasjcaf,0,1,1,1.0
vfj,0,1,1,1.0
purportingthat,0,1,1,1.0
ckmattingli,1,0,1,0.0
syal,1,0,1,0.0
usjaph,0,1,1,1.0
enjo,1,0,1,0.0
demonstrarem,0,1,1,1.0
spielberg,0,1,1,1.0
stepe,0,1,1,1.0
researchliverpoo,0,1,1,1.0
lqpaofwo,0,1,1,1.0
dissever,0,1,1,1.0
jalk,0,1,1,1.0
aiemd,0,1,1,1.0
gleasonpistol,0,1,1,1.0
marget,0,1,1,1.0
mailowi,1,0,1,0.0
aansluitkosten,0,1,1,1.0
cycrgv,0,1,1,1.0
aerrji,0,1,1,1.0
palu,1,0,1,0.0
prozduct,0,1,1,1.0
zkxjswxb,0,1,1,1.0
andconsequ,0,1,1,1.0
vvvgl,0,1,1,1.0
abortionist,1,0,1,0.0
chilen,1,0,1,0.0
ztnxuwl,0,1,1,1.0
welcomewel,0,1,1,1.0
reall,0,1,1,1.0
kellyandami,1,0,1,0.0
efinla,0,1,1,1.0
blackabi,1,0,1,0.0
sorryi,0,1,1,1.0
shx,0,1,1,1.0
dupuy,1,0,1,0.0
andro,0,1,1,1.0
phst,0,1,1,1.0
zveaf,0,1,1,1.0
sxw,0,1,1,1.0
mdjda,0,1,1,1.0
remeoj,0,1,1,1.0
celestedeo,1,0,1,0.0
rfue,0,1,1,1.0
iavylwgi,0,1,1,1.0
innch,0,1,1,1.0
secon,1,0,1,0.0
fifteenthacreag,0,1,1,1.0
airdancerl,0,1,1,1.0
gettee,0,1,1,1.0
dealblockbust,0,1,1,1.0
tinvis,0,1,1,1.0
iuu,0,1,1,1.0
ogxlo,0,1,1,1.0
hosuquuph,0,1,1,1.0
ruyefin,0,1,1,1.0
bondar,1,0,1,0.0
republicsecretari,0,1,1,1.0
jkrishn,1,0,1,0.0
thannd,0,1,1,1.0
whichwa,0,1,1,1.0
seramik,0,1,1,1.0
scurrilist,0,1,1,1.0
ulmer,1,0,1,0.0
ionidea,0,1,1,1.0
accounta,0,1,1,1.0
clebrex,0,1,1,1.0
indirim,0,1,1,1.0
mvbt,0,1,1,1.0
isxzakvik,0,1,1,1.0
ultcxi,0,1,1,1.0
wordtechink,0,1,1,1.0
dzjikuiio,0,1,1,1.0
udl,0,1,1,1.0
ymail,0,1,1,1.0
rrylewit,0,1,1,1.0
clcrynsa,0,1,1,1.0
laaol,1,0,1,0.0
calato,1,0,1,0.0
srcrrudn,0,1,1,1.0
devolatil,0,1,1,1.0
micr,0,1,1,1.0
wxyobfjj,0,1,1,1.0
bzxucj,0,1,1,1.0
ouiho,0,1,1,1.0
togecth,0,1,1,1.0
scungi,0,1,1,1.0
qsuylolx,0,1,1,1.0
kbtjwpi,0,1,1,1.0
mertz,1,0,1,0.0
brinkbeowulf,0,1,1,1.0
midmarket,1,0,1,0.0
ftrd,0,1,1,1.0
tabletizon,0,1,1,1.0
dfjlnnga,0,1,1,1.0
weisser,1,0,1,0.0
biologyjeanett,0,1,1,1.0
qlist,1,0,1,0.0
spumonidoormen,0,1,1,1.0
grigg,1,0,1,0.0
vanishalec,0,1,1,1.0
calcalt,1,0,1,0.0
nnfp,0,1,1,1.0
phaarmeci,0,1,1,1.0
novgorod,0,1,1,1.0
hmloa,0,1,1,1.0
blowbackstuffi,0,1,1,1.0
kostenlosen,0,1,1,1.0
monger,0,1,1,1.0
dwnjrim,0,1,1,1.0
metuchen,0,1,1,1.0
yjhanl,0,1,1,1.0
vertrieb,0,1,1,1.0
viajgra,0,1,1,1.0
wjuco,0,1,1,1.0
horsa,0,1,1,1.0
zenfr,0,1,1,1.0
noyrhrcsltyiyc,0,1,1,1.0
ilinfo,0,1,1,1.0
testimoan,0,1,1,1.0
sexprofi,0,1,1,1.0
exndakh,0,1,1,1.0
vpmbdtj,0,1,1,1.0
okogiq,0,1,1,1.0
stairmast,1,0,1,0.0
funcitec,0,1,1,1.0
coasttocoastam,0,1,1,1.0
imenso,0,1,1,1.0
tczezm,0,1,1,1.0
actuar,0,1,1,1.0
defendiendo,0,1,1,1.0
gtlaisyeviobdf,0,1,1,1.0
hirer,0,1,1,1.0
darralyn,1,0,1,0.0
jbox,0,1,1,1.0
vbjmnop,0,1,1,1.0
zwanger,0,1,1,1.0
htmlumnplgdwen,0,1,1,1.0
vaudevillemov,0,1,1,1.0
airiin,0,1,1,1.0
situaçõ,0,1,1,1.0
bandyhag,0,1,1,1.0
agrin,0,1,1,1.0
natwest,1,0,1,0.0
ukudigadaalo,0,1,1,1.0
frdllad,0,1,1,1.0
dvqccpapsdktzytxzmh,0,1,1,1.0
accesv,0,1,1,1.0
olnqmc,0,1,1,1.0
filledremov,0,1,1,1.0
cxjqcujfwntr,0,1,1,1.0
intermark,0,1,1,1.0
lubrificação,0,1,1,1.0
tularemia,0,1,1,1.0
icu,0,1,1,1.0
klappt,0,1,1,1.0
hbout,0,1,1,1.0
spotpolytypi,0,1,1,1.0
tgkob,0,1,1,1.0
mrcwdi,0,1,1,1.0
jegw,0,1,1,1.0
sinp,0,1,1,1.0
greatdayrefi,0,1,1,1.0
maiiuaopvallu,0,1,1,1.0
neybor,0,1,1,1.0
amelirica,0,1,1,1.0
airbil,1,0,1,0.0
promotionalprogram,0,1,1,1.0
zirh,0,1,1,1.0
rightmostswarthi,0,1,1,1.0
agdxxw,0,1,1,1.0
remv,0,1,1,1.0
problemtica,0,1,1,1.0
necessarilli,1,0,1,0.0
oyerw,0,1,1,1.0
htmlbodypfont,0,1,1,1.0
prb,1,0,1,0.0
mozel,0,1,1,1.0
matayaa,0,1,1,1.0
tiffanyroy,0,1,1,1.0
arsqg,0,1,1,1.0
alumnusprim,0,1,1,1.0
creí,0,1,1,1.0
rhuat,0,1,1,1.0
redbug,1,0,1,0.0
fizycznej,1,0,1,0.0
carrtwheel,1,0,1,0.0
selvaggio,1,0,1,0.0
blastocoel,0,1,1,1.0
qsk,0,1,1,1.0
supgra,0,1,1,1.0
lelandknucklebal,0,1,1,1.0
pedroza,1,0,1,0.0
enooooough,0,1,1,1.0
richproductpeopl,0,1,1,1.0
wqomhriw,0,1,1,1.0
overniteship,0,1,1,1.0
descuenta,0,1,1,1.0
icodlin,0,1,1,1.0
centronucleu,0,1,1,1.0
rijo,0,1,1,1.0
stroooooonger,0,1,1,1.0
thwhnyz,0,1,1,1.0
centraga,1,0,1,0.0
ecrypt,0,1,1,1.0
fcia,1,0,1,0.0
becloudgoa,0,1,1,1.0
photoshow,0,1,1,1.0
skvqiu,0,1,1,1.0
wmvxxzjz,0,1,1,1.0
aylzzcockpit,0,1,1,1.0
anet,1,0,1,0.0
dzcjosm,0,1,1,1.0
raspsowbelli,0,1,1,1.0
apqswrnb,0,1,1,1.0
cjmgnzc,0,1,1,1.0
blastoff,0,1,1,1.0
yme,0,1,1,1.0
onemillion,0,1,1,1.0
pricetag,0,1,1,1.0
webtsitetpromot,0,1,1,1.0
fefsmwv,0,1,1,1.0
leopoldvil,0,1,1,1.0
lmted,0,1,1,1.0
mulberrycontrit,0,1,1,1.0
bri,0,1,1,1.0
crmytnmsaxvg,0,1,1,1.0
jpxdltmuk,0,1,1,1.0
üùé,0,1,1,1.0
unrin,0,1,1,1.0
advertzanzibar,0,1,1,1.0
downtrendident,0,1,1,1.0
moler,1,0,1,0.0
hollyk,1,0,1,0.0
dptfjbvc,0,1,1,1.0
nß,0,1,1,1.0
aburn,0,1,1,1.0
succed,0,1,1,1.0
crankydelici,0,1,1,1.0
gemmil,1,0,1,0.0
embarrss,1,0,1,0.0
avbrelx,0,1,1,1.0
farand,0,1,1,1.0
ukn,0,1,1,1.0
deogre,0,1,1,1.0
efe,0,1,1,1.0
cllfypbitemi,0,1,1,1.0
rqhc,0,1,1,1.0
unworthi,0,1,1,1.0
fissiondisparag,0,1,1,1.0
exijud,0,1,1,1.0
majella,1,0,1,0.0
gulvin,0,1,1,1.0
fyxafaeg,0,1,1,1.0
nskepi,0,1,1,1.0
vavliunm,0,1,1,1.0
txmqr,0,1,1,1.0
advisedli,0,1,1,1.0
brevnov,1,0,1,0.0
mmxrxrxhfqlwfokhcb,0,1,1,1.0
spaceno,0,1,1,1.0
athyrium,0,1,1,1.0
dfxlqwdjz,0,1,1,1.0
jnelwyn,1,0,1,0.0
halejuli,1,0,1,0.0
enon,0,1,1,1.0
oarcp,0,1,1,1.0
debentureaug,0,1,1,1.0
bereinstimmung,0,1,1,1.0
mdorsett,1,0,1,0.0
dwu,1,0,1,0.0
xgsijl,0,1,1,1.0
innevit,1,0,1,0.0
signboick,0,1,1,1.0
enton,1,0,1,0.0
shapingconfoc,0,1,1,1.0
iranianlattic,0,1,1,1.0
asmith,1,0,1,0.0
termwis,0,1,1,1.0
ndjsybla,0,1,1,1.0
wquinn,1,0,1,0.0
rgzdvnbam,0,1,1,1.0
disto,0,1,1,1.0
numder,0,1,1,1.0
ykxgmgd,0,1,1,1.0
imxww,0,1,1,1.0
ckear,0,1,1,1.0
pixqychduonsd,0,1,1,1.0
fahter,0,1,1,1.0
pjd,0,1,1,1.0
jddjb,0,1,1,1.0
nypost,1,0,1,0.0
cjenson,1,0,1,0.0
yctbk,0,1,1,1.0
hqdmdyb,0,1,1,1.0
parnizari,1,0,1,0.0
podmiotu,1,0,1,0.0
seca,1,0,1,0.0
livrechang,0,1,1,1.0
wpyeer,0,1,1,1.0
radianc,0,1,1,1.0
wepsxuasp,0,1,1,1.0
µµie,0,1,1,1.0
useof,0,1,1,1.0
mmqm,0,1,1,1.0
rqfa,1,0,1,0.0
fhpkncwbyrdfdhstvyvajtpl,0,1,1,1.0
gbhlzltqt,0,1,1,1.0
reit,1,0,1,0.0
accessmodif,0,1,1,1.0
nuuwrwkt,0,1,1,1.0
yeahydg,0,1,1,1.0
sgwbdw,0,1,1,1.0
nrw,0,1,1,1.0
cvchxa,0,1,1,1.0
sheafman,1,0,1,0.0
prefaceminot,0,1,1,1.0
qfvnu,0,1,1,1.0
yacoub,0,1,1,1.0
rqswk,0,1,1,1.0
autopart,1,0,1,0.0
kkgncr,0,1,1,1.0
ufi,0,1,1,1.0
unsubscribeimak,0,1,1,1.0
swwruxw,0,1,1,1.0
pdjd,1,0,1,0.0
editai,0,1,1,1.0
kwpc,0,1,1,1.0
fallin,0,1,1,1.0
wssvrrpigkijwkztzh,0,1,1,1.0
rttemodxv,0,1,1,1.0
dolllar,0,1,1,1.0
jkkbeebzepow,0,1,1,1.0
jtferrarol,1,0,1,0.0
fearabl,0,1,1,1.0
penis,0,1,1,1.0
boyishdetest,0,1,1,1.0
fdnwahf,0,1,1,1.0
datacenterbr,0,1,1,1.0
qwloiu,0,1,1,1.0
despicableweb,0,1,1,1.0
tangydijag,0,1,1,1.0
invitado,0,1,1,1.0
huyftr,0,1,1,1.0
bolan,0,1,1,1.0
cshe,0,1,1,1.0
nomep,0,1,1,1.0
singwa,0,1,1,1.0
fabrizio,0,1,1,1.0
lauraa,0,1,1,1.0
universain,0,1,1,1.0
mckinneyisd,1,0,1,0.0
heisler,1,0,1,0.0
descompressão,0,1,1,1.0
andreli,0,1,1,1.0
ratv,0,1,1,1.0
contradictor,0,1,1,1.0
pzjir,0,1,1,1.0
overnightt,0,1,1,1.0
marfurt,1,0,1,0.0
cananda,0,1,1,1.0
ahrtmffogc,0,1,1,1.0
ravgl,0,1,1,1.0
desript,1,0,1,0.0
polymetal,0,1,1,1.0
quâliti,0,1,1,1.0
prudentsecbv,0,1,1,1.0
calcha,0,1,1,1.0
etexmr,0,1,1,1.0
mczh,0,1,1,1.0
puent,0,1,1,1.0
dwtht,0,1,1,1.0
hzicpd,0,1,1,1.0
aboniert,0,1,1,1.0
signupautom,0,1,1,1.0
beauuti,0,1,1,1.0
xsalian,0,1,1,1.0
clubcard,0,1,1,1.0
petrono,1,0,1,0.0
corka,1,0,1,0.0
afinanci,0,1,1,1.0
odrkpmjgfq,0,1,1,1.0
motivieren,0,1,1,1.0
ccj,1,0,1,0.0
zuyjzb,0,1,1,1.0
zude,0,1,1,1.0
flsun,0,1,1,1.0
rezl,1,0,1,0.0
ucrkycw,0,1,1,1.0
neit,0,1,1,1.0
notimuvufmc,0,1,1,1.0
rkourvmi,0,1,1,1.0
jbuzl,0,1,1,1.0
dalmatian,1,0,1,0.0
saqv,0,1,1,1.0
xclztonfk,0,1,1,1.0
creativa,1,0,1,0.0
khgev,0,1,1,1.0
zkhlyn,0,1,1,1.0
manjula,0,1,1,1.0
nadirah,1,0,1,0.0
ciamli,0,1,1,1.0
bibliolat,0,1,1,1.0
arto,1,0,1,0.0
frere,1,0,1,0.0
nxel,0,1,1,1.0
inreli,0,1,1,1.0
tlaucjkv,0,1,1,1.0
beyoungagain,0,1,1,1.0
asiant,0,1,1,1.0
maseeley,1,0,1,0.0
coldli,1,0,1,0.0
sfsvshkwuuio,0,1,1,1.0
theresworldwid,0,1,1,1.0
clutchtruth,0,1,1,1.0
dzudsfvfn,0,1,1,1.0
uabyben,0,1,1,1.0
wekjhw,0,1,1,1.0
interstellarsector,0,1,1,1.0
territoriel,0,1,1,1.0
earthl,1,0,1,0.0
surgutneftegaz,1,0,1,0.0
lclarabella,0,1,1,1.0
tjmefd,0,1,1,1.0
tokeshi,0,1,1,1.0
yemg,0,1,1,1.0
nontradit,0,1,1,1.0
seguimiento,0,1,1,1.0
abcez,0,1,1,1.0
conedsolut,1,0,1,0.0
kimura,1,0,1,0.0
uyewfo,0,1,1,1.0
swangard,1,0,1,0.0
estic,0,1,1,1.0
dowun,0,1,1,1.0
vavf,0,1,1,1.0
hornsea,1,0,1,0.0
osteologyopossum,0,1,1,1.0
shadier,1,0,1,0.0
archetypicalsedimentari,0,1,1,1.0
sagestock,0,1,1,1.0
dollaru,0,1,1,1.0
lngkj,0,1,1,1.0
ccdxrtlr,0,1,1,1.0
skatepervers,0,1,1,1.0
amoxicillin,0,1,1,1.0
gefuhlt,0,1,1,1.0
irão,0,1,1,1.0
nimrodjimbo,0,1,1,1.0
zwmvpxoj,0,1,1,1.0
iqlqh,0,1,1,1.0
undersupport,1,0,1,0.0
gastrad,1,0,1,0.0
migc,1,0,1,0.0
xmastimer,0,1,1,1.0
thenbingham,0,1,1,1.0
plcdear,0,1,1,1.0
barbmil,1,0,1,0.0
conk,0,1,1,1.0
pursuiv,0,1,1,1.0
jefl,0,1,1,1.0
smv,0,1,1,1.0
plgil,0,1,1,1.0
xbldltpb,0,1,1,1.0
nbpudcn,0,1,1,1.0
leistung,0,1,1,1.0
pherma,0,1,1,1.0
aici,0,1,1,1.0
npanet,0,1,1,1.0
cmkrrbeuj,0,1,1,1.0
kooh,1,0,1,0.0
gnpuwpqf,0,1,1,1.0
younne,0,1,1,1.0
bef,0,1,1,1.0
kjlm,0,1,1,1.0
unaufgefordert,0,1,1,1.0
ujvkuqu,0,1,1,1.0
yearsinvestor,0,1,1,1.0
jlreadpa,1,0,1,0.0
ourtrust,0,1,1,1.0
secretaryship,0,1,1,1.0
cnrbhvkrbo,0,1,1,1.0
cmaejn,0,1,1,1.0
plansupers,0,1,1,1.0
ujuerkm,0,1,1,1.0
mjcmusdfoa,0,1,1,1.0
reconcillit,1,0,1,0.0
nmber,1,0,1,0.0
mspartali,1,0,1,0.0
lcycotsw,0,1,1,1.0
olavgleam,0,1,1,1.0
pjxni,0,1,1,1.0
bernaden,0,1,1,1.0
hxckqcpyd,0,1,1,1.0
xehorista,0,1,1,1.0
ghxubdazvthr,0,1,1,1.0
enlargem,0,1,1,1.0
pietjan,0,1,1,1.0
poulo,1,0,1,0.0
difusión,0,1,1,1.0
mmove,0,1,1,1.0
cantabraxil,0,1,1,1.0
huraga,0,1,1,1.0
geico,0,1,1,1.0
lxlx,0,1,1,1.0
giiberto,0,1,1,1.0
blcnmb,0,1,1,1.0
perfilada,0,1,1,1.0
khorhostraatl,0,1,1,1.0
tmihhkj,0,1,1,1.0
harmzonlin,0,1,1,1.0
hset,1,0,1,0.0
voorstellen,0,1,1,1.0
drugtoregra,0,1,1,1.0
cgbtcce,0,1,1,1.0
profíssionai,0,1,1,1.0
xcgjo,0,1,1,1.0
mjebdt,0,1,1,1.0
xqikdjlfk,0,1,1,1.0
whippanyparley,0,1,1,1.0
rbm,0,1,1,1.0
relacao,0,1,1,1.0
euchroit,0,1,1,1.0
zgkvuow,0,1,1,1.0
liricizza,0,1,1,1.0
bagh,0,1,1,1.0
eoj,0,1,1,1.0
xxxviii,0,1,1,1.0
policiai,0,1,1,1.0
cgall,1,0,1,0.0
ringelstett,1,0,1,0.0
macpr,1,0,1,0.0
peden,1,0,1,0.0
lbqqe,0,1,1,1.0
bumcomb,0,1,1,1.0
kidsó,0,1,1,1.0
iktar,0,1,1,1.0
sambucahouston,1,0,1,0.0
qmyrrv,0,1,1,1.0
jcwlr,0,1,1,1.0
claudeexil,0,1,1,1.0
fbsmk,0,1,1,1.0
oud,1,0,1,0.0
walfrido,1,0,1,0.0
fyodorovna,0,1,1,1.0
jornal,0,1,1,1.0
pemasimnr,0,1,1,1.0
crxfim,0,1,1,1.0
comsuit,0,1,1,1.0
trhough,1,0,1,0.0
kilobyt,0,1,1,1.0
uoyj,0,1,1,1.0
karencu,1,0,1,0.0
inprospect,0,1,1,1.0
muuray,1,0,1,0.0
mhbyowitz,1,0,1,0.0
milionrio,0,1,1,1.0
sames,0,1,1,1.0
adweek,0,1,1,1.0
soimani,0,1,1,1.0
vzuaqdk,0,1,1,1.0
ccload,0,1,1,1.0
respectievelijk,0,1,1,1.0
desmocharl,0,1,1,1.0
hthkyepj,0,1,1,1.0
jurecek,1,0,1,0.0
êþã,0,1,1,1.0
numarayi,0,1,1,1.0
groseclos,1,0,1,0.0
debenham,1,0,1,0.0
publicado,0,1,1,1.0
tzrkrip,0,1,1,1.0
berprfen,0,1,1,1.0
wowherb,0,1,1,1.0
officermr,0,1,1,1.0
zee,1,0,1,0.0
efctsig,0,1,1,1.0
richel,0,1,1,1.0
tcvimdl,0,1,1,1.0
gwxl,0,1,1,1.0
dunagan,1,0,1,0.0
gigapharrm,0,1,1,1.0
sux,0,1,1,1.0
pcm,1,0,1,0.0
vteadb,0,1,1,1.0
aswel,0,1,1,1.0
defilad,0,1,1,1.0
thechannel,0,1,1,1.0
bytes,0,1,1,1.0
nmtnua,0,1,1,1.0
ridgepl,0,1,1,1.0
taffetadivin,0,1,1,1.0
jgwnw,0,1,1,1.0
vtn,0,1,1,1.0
teij,0,1,1,1.0
refinac,0,1,1,1.0
coaltransconfer,1,0,1,0.0
qqsabh,0,1,1,1.0
comunicarlo,0,1,1,1.0
raagnqzbr,0,1,1,1.0
meaninag,0,1,1,1.0
resoluiton,0,1,1,1.0
benn,1,0,1,0.0
petsmart,0,1,1,1.0
blindsl,0,1,1,1.0
dhjsxgta,0,1,1,1.0
mypref,0,1,1,1.0
cybermedszon,0,1,1,1.0
giyesvnnznzyph,0,1,1,1.0
ürün,0,1,1,1.0
wwrnoy,0,1,1,1.0
alostracod,0,1,1,1.0
zin,1,0,1,0.0
affectincis,0,1,1,1.0
jugat,0,1,1,1.0
ltglxktzb,0,1,1,1.0
ibyn,0,1,1,1.0
shellfish,0,1,1,1.0
disparateoctet,0,1,1,1.0
smiibodlgd,0,1,1,1.0
tjnfgyhdz,0,1,1,1.0
joglekar,0,1,1,1.0
regybjcit,0,1,1,1.0
trânsito,0,1,1,1.0
utrblsgx,0,1,1,1.0
pxlp,0,1,1,1.0
hgzxwp,0,1,1,1.0
accomplicejob,0,1,1,1.0
vornam,0,1,1,1.0
lynnet,0,1,1,1.0
aßô,0,1,1,1.0
hvinc,1,0,1,0.0
dietriech,1,0,1,0.0
lifeandtoss,0,1,1,1.0
zaprzeczeni,1,0,1,0.0
ljdjifz,0,1,1,1.0
znelbi,0,1,1,1.0
regensburg,0,1,1,1.0
verrotst,0,1,1,1.0
pxm,1,0,1,0.0
macdeth,1,0,1,0.0
oihdxf,0,1,1,1.0
jnpr,1,0,1,0.0
txvqacbr,0,1,1,1.0
fbocekah,0,1,1,1.0
foreignxdrug,0,1,1,1.0
gentlepeopl,1,0,1,0.0
apayjupi,0,1,1,1.0
debilitatingth,0,1,1,1.0
andcarri,0,1,1,1.0
amendedl,0,1,1,1.0
truerxinfo,0,1,1,1.0
investext,1,0,1,0.0
sza,1,0,1,0.0
thbrbr,0,1,1,1.0
zbe,0,1,1,1.0
wpiyjbp,0,1,1,1.0
yubswl,0,1,1,1.0
youungwoman,0,1,1,1.0
bounder,0,1,1,1.0
vulviti,0,1,1,1.0
peb,0,1,1,1.0
rachunkowoscia,1,0,1,0.0
setcooki,0,1,1,1.0
lunceh,0,1,1,1.0
aleeshabevi,0,1,1,1.0
depilatori,0,1,1,1.0
ghpxja,0,1,1,1.0
sterreich,0,1,1,1.0
bllippiabel,0,1,1,1.0
frompubl,0,1,1,1.0
foarsuebr,0,1,1,1.0
fitrwg,0,1,1,1.0
belgianhors,0,1,1,1.0
biznesem,1,0,1,0.0
speight,1,0,1,0.0
emonst,1,0,1,0.0
flextron,1,0,1,0.0
idrisa,0,1,1,1.0
andyrosenblum,0,1,1,1.0
zehntausend,0,1,1,1.0
appelé,0,1,1,1.0
gjwhonuq,0,1,1,1.0
lwjsqiku,0,1,1,1.0
comu,1,0,1,0.0
enmtqonk,0,1,1,1.0
loali,0,1,1,1.0
avey,0,1,1,1.0
hehofl,0,1,1,1.0
greatpric,0,1,1,1.0
vrbj,0,1,1,1.0
bkabilrd,0,1,1,1.0
aerosiderit,0,1,1,1.0
berthmood,0,1,1,1.0
bpxj,0,1,1,1.0
cheapl,0,1,1,1.0
xyrlh,0,1,1,1.0
kaput,1,0,1,0.0
swovxnkiv,0,1,1,1.0
euybcg,0,1,1,1.0
streaksatir,0,1,1,1.0
mcewen,1,0,1,0.0
slre,0,1,1,1.0
fqztja,0,1,1,1.0
jato,0,1,1,1.0
fondateur,0,1,1,1.0
uvvsfn,0,1,1,1.0
ealop,0,1,1,1.0
lakpr,1,0,1,0.0
evkdi,0,1,1,1.0
golnaraghi,1,0,1,0.0
iyf,0,1,1,1.0
ufja,0,1,1,1.0
micheel,1,0,1,0.0
siehst,0,1,1,1.0
pnanc,1,0,1,0.0
ratbr,0,1,1,1.0
tankag,1,0,1,0.0
ssyuzcib,0,1,1,1.0
ostermann,0,1,1,1.0
egejlw,0,1,1,1.0
gqnzlakdnscdz,0,1,1,1.0
acq,0,1,1,1.0
hwp,1,0,1,0.0
zmau,0,1,1,1.0
rapida,0,1,1,1.0
terminación,0,1,1,1.0
yseeqkmiebr,0,1,1,1.0
ghgd,0,1,1,1.0
rnfl,0,1,1,1.0
mazeligand,0,1,1,1.0
enronkid,1,0,1,0.0
houdman,1,0,1,0.0
eocwz,0,1,1,1.0
wdjfcoap,0,1,1,1.0
hoornwajck,0,1,1,1.0
dscreet,0,1,1,1.0
heterodont,0,1,1,1.0
wrdolwideyour,0,1,1,1.0
noraddressograph,0,1,1,1.0
callanan,1,0,1,0.0
mhaemopoiesi,0,1,1,1.0
wwant,0,1,1,1.0
laqfcd,0,1,1,1.0
astrilor,0,1,1,1.0
yakuk,0,1,1,1.0
rotter,0,1,1,1.0
qrfjtpb,0,1,1,1.0
gthuag,0,1,1,1.0
xtnsvli,0,1,1,1.0
belowtoshiba,0,1,1,1.0
winship,1,0,1,0.0
mrossi,1,0,1,0.0
vitner,1,0,1,0.0
xyhdj,0,1,1,1.0
balott,1,0,1,0.0
mgg,0,1,1,1.0
aanmt,0,1,1,1.0
helul,0,1,1,1.0
stukm,0,1,1,1.0
compreend,0,1,1,1.0
quadrivium,0,1,1,1.0
organismo,0,1,1,1.0
contactarm,0,1,1,1.0
lsen,0,1,1,1.0
drycoop,0,1,1,1.0
uninspir,1,0,1,0.0
qjh,0,1,1,1.0
twdlguyk,0,1,1,1.0
nfvbev,0,1,1,1.0
leassear,1,0,1,0.0
symmbol,0,1,1,1.0
bxcovgihi,0,1,1,1.0
cschwab,1,0,1,0.0
vivien,1,0,1,0.0
vafe,0,1,1,1.0
kwrx,0,1,1,1.0
royfrwwm,0,1,1,1.0
starker,1,0,1,0.0
wcnwfb,0,1,1,1.0
vicnax,0,1,1,1.0
wnhi,0,1,1,1.0
magia,0,1,1,1.0
dndixyzo,0,1,1,1.0
nrvsxshundgfwflclmfj,0,1,1,1.0
obil,0,1,1,1.0
vhlatckp,0,1,1,1.0
hnz,1,0,1,0.0
xoy,0,1,1,1.0
bugz,1,0,1,0.0
lbhawh,0,1,1,1.0
residfx,1,0,1,0.0
passagem,0,1,1,1.0
pnleas,0,1,1,1.0
marlon,0,1,1,1.0
etsmojo,1,0,1,0.0
sajfqi,0,1,1,1.0
knzimu,0,1,1,1.0
jmontgomeri,1,0,1,0.0
ffsjh,0,1,1,1.0
vwhse,0,1,1,1.0
vmb,0,1,1,1.0
intercessori,0,1,1,1.0
iiiaqss,0,1,1,1.0
breetyrrel,0,1,1,1.0
nacm,0,1,1,1.0
utilti,1,0,1,0.0
pnkjn,0,1,1,1.0
evxcimqx,0,1,1,1.0
praeci,1,0,1,0.0
thermbank,1,0,1,0.0
anastasio,1,0,1,0.0
kif,0,1,1,1.0
sne,0,1,1,1.0
onwwq,0,1,1,1.0
indiadivin,0,1,1,1.0
tcqcmtpx,0,1,1,1.0
recompensa,0,1,1,1.0
subscribeoff,0,1,1,1.0
nlarrgemeentt,0,1,1,1.0
impervioushardwork,0,1,1,1.0
sothic,0,1,1,1.0
teima,0,1,1,1.0
emmet,0,1,1,1.0
fornin,0,1,1,1.0
mhyme,0,1,1,1.0
afg,0,1,1,1.0
xkeivppx,0,1,1,1.0
xngqksi,0,1,1,1.0
smripvbb,0,1,1,1.0
ecvc,0,1,1,1.0
forecaset,1,0,1,0.0
yoknow,0,1,1,1.0
straftat,0,1,1,1.0
rymieu,0,1,1,1.0
bllgd,0,1,1,1.0
elna,1,0,1,0.0
theexpertfinderand,1,0,1,0.0
farrago,0,1,1,1.0
defendemo,0,1,1,1.0
thaimu,0,1,1,1.0
clerichrd,1,0,1,0.0
terminowego,1,0,1,0.0
wretchedhovel,0,1,1,1.0
milbdxgxi,0,1,1,1.0
biztb,0,1,1,1.0
variedad,0,1,1,1.0
requerida,0,1,1,1.0
toffer,0,1,1,1.0
salyer,1,0,1,0.0
meomri,0,1,1,1.0
yxcqpl,0,1,1,1.0
enqdrqit,0,1,1,1.0
ppett,0,1,1,1.0
berniechar,0,1,1,1.0
nsdfdd,0,1,1,1.0
adxn,0,1,1,1.0
livraison,0,1,1,1.0
asent,0,1,1,1.0
oamom,0,1,1,1.0
ttdzqc,0,1,1,1.0
majhputo,0,1,1,1.0
ecgldic,0,1,1,1.0
talktitl,1,0,1,0.0
lampshad,0,1,1,1.0
yjh,0,1,1,1.0
gimxgnreo,0,1,1,1.0
dblykuskjqzkg,0,1,1,1.0
gjkvz,0,1,1,1.0
beenflatb,0,1,1,1.0
wjg,0,1,1,1.0
moglbi,1,0,1,0.0
transload,1,0,1,0.0
gmrffvcj,0,1,1,1.0
tmta,1,0,1,0.0
yearlong,1,0,1,0.0
jgm,1,0,1,0.0
qurucdpdt,0,1,1,1.0
dpyndd,0,1,1,1.0
abailey,1,0,1,0.0
rechtsprechung,0,1,1,1.0
txqnbi,0,1,1,1.0
bvoksycjxyz,0,1,1,1.0
kpcdavpzm,0,1,1,1.0
bramlet,1,0,1,0.0
aggregaat,0,1,1,1.0
timotheu,0,1,1,1.0
prllce,0,1,1,1.0
eurozon,1,0,1,0.0
tzwm,0,1,1,1.0
cfwwfmylq,0,1,1,1.0
fsq,0,1,1,1.0
profundizando,0,1,1,1.0
tbxse,0,1,1,1.0
phaci,0,1,1,1.0
reportintest,0,1,1,1.0
bxpb,0,1,1,1.0
lstup,1,0,1,0.0
dmjdgckto,0,1,1,1.0
bauu,0,1,1,1.0
octk,0,1,1,1.0
cwbp,0,1,1,1.0
vincek,1,0,1,0.0
fjymecqkx,0,1,1,1.0
ssgpzn,0,1,1,1.0
tjptavpsf,0,1,1,1.0
arosaguntacook,0,1,1,1.0
brekker,0,1,1,1.0
amnon,0,1,1,1.0
totrac,0,1,1,1.0
aidczumnbxxarbet,0,1,1,1.0
davef,1,0,1,0.0
pmartin,1,0,1,0.0
wimbyw,0,1,1,1.0
isiah,0,1,1,1.0
astivia,1,0,1,0.0
oatpennw,0,1,1,1.0
praught,0,1,1,1.0
hcey,0,1,1,1.0
cystotomi,0,1,1,1.0
mishiro,1,0,1,0.0
uvwgkd,0,1,1,1.0
secuiti,0,1,1,1.0
sitwfea,0,1,1,1.0
hrlb,0,1,1,1.0
beist,0,1,1,1.0
swyjnqpav,0,1,1,1.0
officeboy,0,1,1,1.0
balsalowfat,0,1,1,1.0
luckday,0,1,1,1.0
hierzu,0,1,1,1.0
ccdoog,0,1,1,1.0
cleint,0,1,1,1.0
ganiyu,0,1,1,1.0
oynycg,0,1,1,1.0
alternatiav,0,1,1,1.0
dealbanch,1,0,1,0.0
polonia,1,0,1,0.0
pawtucketairi,0,1,1,1.0
oaci,0,1,1,1.0
salez,0,1,1,1.0
mjbdp,0,1,1,1.0
lotteryp,0,1,1,1.0
claymoor,1,0,1,0.0
vzmfapk,0,1,1,1.0
fater,0,1,1,1.0
appen,0,1,1,1.0
tnguy,1,0,1,0.0
involcv,1,0,1,0.0
mishkafutur,0,1,1,1.0
paypalaccount,0,1,1,1.0
vsenmzk,0,1,1,1.0
xbm,0,1,1,1.0
simpleitemsblast,0,1,1,1.0
otl,0,1,1,1.0
mcashan,1,0,1,0.0
furmeti,0,1,1,1.0
frivolen,0,1,1,1.0
herdj,0,1,1,1.0
siti,0,1,1,1.0
ovuwub,0,1,1,1.0
matz,1,0,1,0.0
jdu,0,1,1,1.0
espero,0,1,1,1.0
caskextinguish,0,1,1,1.0
hardenl,0,1,1,1.0
sonnylight,0,1,1,1.0
tqoey,0,1,1,1.0
avpl,0,1,1,1.0
flstatd,0,1,1,1.0
cracktr,0,1,1,1.0
piliform,0,1,1,1.0
rniesen,1,0,1,0.0
paisano,0,1,1,1.0
aprendido,0,1,1,1.0
subjest,0,1,1,1.0
araciligi,0,1,1,1.0
anyattach,0,1,1,1.0
rezeshib,0,1,1,1.0
sddsdf,0,1,1,1.0
collegeu,0,1,1,1.0
posicionar,0,1,1,1.0
yourbr,0,1,1,1.0
zgadzam,1,0,1,0.0
rivalryavi,0,1,1,1.0
sleepwear,0,1,1,1.0
resol,0,1,1,1.0
maksimum,0,1,1,1.0
shirota,1,0,1,0.0
pohbhgc,0,1,1,1.0
alphonsecoplanar,0,1,1,1.0
pricë,0,1,1,1.0
redlak,0,1,1,1.0
solicita,0,1,1,1.0
westborough,1,0,1,0.0
cbid,1,0,1,0.0
osupeerrfastt,0,1,1,1.0
kinsfath,1,0,1,0.0
emarkdinb,0,1,1,1.0
hormoneviagra,0,1,1,1.0
zmqi,0,1,1,1.0
monthlong,1,0,1,0.0
retel,1,0,1,0.0
kttv,0,1,1,1.0
lncome,0,1,1,1.0
calcluat,1,0,1,0.0
kissdodg,0,1,1,1.0
frnee,0,1,1,1.0
vother,0,1,1,1.0
xibgqb,0,1,1,1.0
nortn,0,1,1,1.0
chiado,0,1,1,1.0
perin,1,0,1,0.0
ghxcubr,0,1,1,1.0
wretched,0,1,1,1.0
ookioog,0,1,1,1.0
yqocwbr,0,1,1,1.0
pratoriu,1,0,1,0.0
nchstp,0,1,1,1.0
faytiforuwxhsw,0,1,1,1.0
portfolioofoilga,0,1,1,1.0
wina,0,1,1,1.0
softniw,0,1,1,1.0
unsubscribeó,0,1,1,1.0
tamma,1,0,1,0.0
diaghilev,0,1,1,1.0
unverbindl,0,1,1,1.0
tajmah,1,0,1,0.0
playgam,0,1,1,1.0
ardella,0,1,1,1.0
beetlebr,0,1,1,1.0
emartin,1,0,1,0.0
itfloorfillerthat,0,1,1,1.0
fbvzvj,0,1,1,1.0
lospadr,0,1,1,1.0
bendixtail,0,1,1,1.0
ngei,0,1,1,1.0
vuqu,0,1,1,1.0
libationalert,0,1,1,1.0
zufwyixz,0,1,1,1.0
fqh,0,1,1,1.0
lifwzkd,0,1,1,1.0
dyjxddbr,0,1,1,1.0
snoome,0,1,1,1.0
ahprescript,0,1,1,1.0
idm,0,1,1,1.0
windown,1,0,1,0.0
savu,0,1,1,1.0
shoesourc,0,1,1,1.0
yzxw,0,1,1,1.0
chengzhi,0,1,1,1.0
unsent,1,0,1,0.0
defner,1,0,1,0.0
woolfolk,1,0,1,0.0
bewahrten,0,1,1,1.0
fxc,1,0,1,0.0
utovalium,0,1,1,1.0
uallerg,0,1,1,1.0
vagtttksk,0,1,1,1.0
uzyfxujqknciw,0,1,1,1.0
acixvulfwdntbb,0,1,1,1.0
trotsphinx,0,1,1,1.0
huelsman,1,0,1,0.0
rmamail,0,1,1,1.0
zyjvit,0,1,1,1.0
ncolour,0,1,1,1.0
wuauayoy,0,1,1,1.0
ferro,0,1,1,1.0
rzpfiw,0,1,1,1.0
bahrain,0,1,1,1.0
videotex,0,1,1,1.0
mvpmog,0,1,1,1.0
talkingveri,0,1,1,1.0
postkassa,0,1,1,1.0
ilzpcvjtmsuimvoljw,0,1,1,1.0
zqtpm,0,1,1,1.0
fivnd,0,1,1,1.0
casqu,0,1,1,1.0
wanc,0,1,1,1.0
jjbhid,0,1,1,1.0
skej,0,1,1,1.0
scqcxx,0,1,1,1.0
metallicjazz,0,1,1,1.0
prmari,1,0,1,0.0
ljto,0,1,1,1.0
gmijdnp,0,1,1,1.0
entsprechend,0,1,1,1.0
astatineaudac,0,1,1,1.0
mihi,0,1,1,1.0
ambril,0,1,1,1.0
sublunari,0,1,1,1.0
mtoubxcrqldyjq,0,1,1,1.0
fgetman,1,0,1,0.0
öîãç,0,1,1,1.0
gdoxnbmuf,0,1,1,1.0
johhanesburg,0,1,1,1.0
serviciosdegest,0,1,1,1.0
plj,0,1,1,1.0
gayest,0,1,1,1.0
lcicrb,0,1,1,1.0
remlov,0,1,1,1.0
nachtrglich,0,1,1,1.0
oxpipu,0,1,1,1.0
ashkenazi,0,1,1,1.0
zinck,1,0,1,0.0
jebmx,0,1,1,1.0
atualment,0,1,1,1.0
pvanvcjp,0,1,1,1.0
xey,0,1,1,1.0
corpoart,0,1,1,1.0
lisewski,1,0,1,0.0
cancerígena,0,1,1,1.0
concentracin,0,1,1,1.0
zostal,1,0,1,0.0
washpost,1,0,1,0.0
grvu,0,1,1,1.0
vbyylp,0,1,1,1.0
superpacot,0,1,1,1.0
gtalumni,1,0,1,0.0
hammrr,0,1,1,1.0
iaj,0,1,1,1.0
menaj,0,1,1,1.0
everythingbusi,0,1,1,1.0
shopunlimit,0,1,1,1.0
pensando,0,1,1,1.0
nplay,0,1,1,1.0
danlarryl,0,1,1,1.0
vhvxgoxiv,0,1,1,1.0
eghost,0,1,1,1.0
juicycolor,0,1,1,1.0
skerrik,1,0,1,0.0
hayworth,1,0,1,0.0
ljotd,0,1,1,1.0
wnl,0,1,1,1.0
cbmqhb,0,1,1,1.0
nxfnrvl,0,1,1,1.0
anunciar,0,1,1,1.0
placabl,0,1,1,1.0
eddieferguson,1,0,1,0.0
alten,1,0,1,0.0
shopk,0,1,1,1.0
ggflnp,0,1,1,1.0
jeanin,0,1,1,1.0
gvvbgh,0,1,1,1.0
prenupti,1,0,1,0.0
winddiscretegood,0,1,1,1.0
jdvonp,0,1,1,1.0
itibrlf,0,1,1,1.0
prqegp,0,1,1,1.0
dcoppin,1,0,1,0.0
fanoutsouthwest,0,1,1,1.0
rejtail,0,1,1,1.0
vidaquafuf,0,1,1,1.0
fraxinella,0,1,1,1.0
inspirecallu,0,1,1,1.0
brongniart,1,0,1,0.0
donoghu,1,0,1,0.0
sfot,0,1,1,1.0
overproduc,1,0,1,0.0
pigg,1,0,1,0.0
nedlz,0,1,1,1.0
iotn,0,1,1,1.0
soyn,0,1,1,1.0
ajq,0,1,1,1.0
azazls,0,1,1,1.0
mycobacterium,0,1,1,1.0
kdupfk,0,1,1,1.0
hxjegf,0,1,1,1.0
decrepitud,1,0,1,0.0
xxnfwvwymvxd,0,1,1,1.0
neixtday,0,1,1,1.0
divulgar,0,1,1,1.0
mugv,0,1,1,1.0
hppclaw,1,0,1,0.0
construida,0,1,1,1.0
vyucv,0,1,1,1.0
valter,1,0,1,0.0
gyanati,0,1,1,1.0
ggrniiapa,0,1,1,1.0
clavo,0,1,1,1.0
celejbrex,0,1,1,1.0
gnwdq,0,1,1,1.0
mailz,0,1,1,1.0
bmantz,1,0,1,0.0
wolverinzenith,0,1,1,1.0
rfrizrf,0,1,1,1.0
chastisehain,0,1,1,1.0
uptil,0,1,1,1.0
xfxowz,0,1,1,1.0
standethlaplac,0,1,1,1.0
cantora,0,1,1,1.0
renmoev,0,1,1,1.0
errb,0,1,1,1.0
sueyoshi,1,0,1,0.0
uohegzjx,0,1,1,1.0
attachedto,0,1,1,1.0
fpatterson,1,0,1,0.0
netto,0,1,1,1.0
huwmv,0,1,1,1.0
zsvigw,0,1,1,1.0
characteristicwzo,0,1,1,1.0
hjjlddf,0,1,1,1.0
twentyon,0,1,1,1.0
pzlb,0,1,1,1.0
fffifteen,0,1,1,1.0
rltcigd,0,1,1,1.0
zellakennedi,0,1,1,1.0
ramosmagnanimoh,0,1,1,1.0
divstrongthank,0,1,1,1.0
ylhp,0,1,1,1.0
lyswz,0,1,1,1.0
sqthb,0,1,1,1.0
dmhej,0,1,1,1.0
bxouli,0,1,1,1.0
femenina,0,1,1,1.0
ieinc,0,1,1,1.0
icgdkxu,0,1,1,1.0
bepictur,0,1,1,1.0
wfpuuv,0,1,1,1.0
uxfvkx,0,1,1,1.0
verwundert,0,1,1,1.0
ramallah,0,1,1,1.0
mephiti,0,1,1,1.0
autobu,0,1,1,1.0
hrhzgjp,0,1,1,1.0
declinesw,0,1,1,1.0
biodo,0,1,1,1.0
moneylon,0,1,1,1.0
viagraaaaaa,0,1,1,1.0
cxabzg,0,1,1,1.0
buysid,1,0,1,0.0
natukawa,0,1,1,1.0
encpg,0,1,1,1.0
audiotext,0,1,1,1.0
abflrtji,0,1,1,1.0
addres,0,1,1,1.0
hotkey,0,1,1,1.0
nsymowpa,0,1,1,1.0
woningen,0,1,1,1.0
acá,0,1,1,1.0
oxivqtvwg,0,1,1,1.0
moneyzdvijo,0,1,1,1.0
ekqxvadausludc,0,1,1,1.0
suffragettecorrigendum,0,1,1,1.0
lytham,0,1,1,1.0
vgbvol,0,1,1,1.0
oiwvolpm,0,1,1,1.0
zsbgku,0,1,1,1.0
lbq,0,1,1,1.0
bovespa,1,0,1,0.0
ambian,0,1,1,1.0
jectgptfw,0,1,1,1.0
vtfukodedfilf,0,1,1,1.0
otxfc,0,1,1,1.0
convertirla,0,1,1,1.0
ogcbovdt,0,1,1,1.0
mqualiti,0,1,1,1.0
mayola,0,1,1,1.0
waysw,0,1,1,1.0
acudn,0,1,1,1.0
turanalem,1,0,1,0.0
rellief,0,1,1,1.0
vupd,0,1,1,1.0
cfbf,1,0,1,0.0
outspent,1,0,1,0.0
xvdr,0,1,1,1.0
disturbancewarsaw,0,1,1,1.0
wheelingsdownstream,0,1,1,1.0
rkquoaey,0,1,1,1.0
cydoumi,0,1,1,1.0
wanst,0,1,1,1.0
azccwji,0,1,1,1.0
gewag,0,1,1,1.0
incredib,0,1,1,1.0
abhbqc,0,1,1,1.0
wva,0,1,1,1.0
xref,1,0,1,0.0
freemicrophon,0,1,1,1.0
weithman,1,0,1,0.0
urgghh,0,1,1,1.0
brocklehurst,0,1,1,1.0
xyvhqz,0,1,1,1.0
euer,0,1,1,1.0
aportando,0,1,1,1.0
kkublo,0,1,1,1.0
handoutcompuls,0,1,1,1.0
qtlkqoan,0,1,1,1.0
saukant,1,0,1,0.0
pineal,0,1,1,1.0
lapp,0,1,1,1.0
rycdu,0,1,1,1.0
strone,1,0,1,0.0
sfqkwe,0,1,1,1.0
isherwood,1,0,1,0.0
comlet,1,0,1,0.0
sgabll,0,1,1,1.0
pbwz,0,1,1,1.0
depuracion,0,1,1,1.0
bujni,1,0,1,0.0
llamado,0,1,1,1.0
sculpinmodulo,0,1,1,1.0
snog,0,1,1,1.0
dolichosauru,0,1,1,1.0
moieo,0,1,1,1.0
qmlc,0,1,1,1.0
oend,0,1,1,1.0
churchmagnum,0,1,1,1.0
reimbrandtsplien,0,1,1,1.0
specifypleas,0,1,1,1.0
rzdkmjjjvwneacjlh,0,1,1,1.0
bosche,1,0,1,0.0
wherebybilg,0,1,1,1.0
mingyou,0,1,1,1.0
iocpentl,0,1,1,1.0
xyueq,0,1,1,1.0
brate,0,1,1,1.0
cxnf,0,1,1,1.0
correspondenc,0,1,1,1.0
iicxytt,0,1,1,1.0
broadstrok,1,0,1,0.0
goonet,1,0,1,0.0
nuaantu,0,1,1,1.0
eplvjrcpv,0,1,1,1.0
jebgxoyxd,0,1,1,1.0
ieonh,0,1,1,1.0
womn,0,1,1,1.0
kuihgeec,0,1,1,1.0
sriva,1,0,1,0.0
himach,1,0,1,0.0
garante,0,1,1,1.0
deskh,0,1,1,1.0
getsaw,0,1,1,1.0
macram,0,1,1,1.0
gameplay,1,0,1,0.0
conoil,0,1,1,1.0
drytw,0,1,1,1.0
gazbnyzc,0,1,1,1.0
cyberwest,0,1,1,1.0
dblgb,0,1,1,1.0
settim,0,1,1,1.0
mbolaw,1,0,1,0.0
cercana,0,1,1,1.0
saarloui,0,1,1,1.0
sarl,0,1,1,1.0
tioyn,0,1,1,1.0
bpkbmlhxhj,0,1,1,1.0
ldtpgc,0,1,1,1.0
tfelicio,0,1,1,1.0
cilhh,0,1,1,1.0
dnyann,0,1,1,1.0
wolfmannirvan,0,1,1,1.0
lmhehsbxg,0,1,1,1.0
mercadotecniapaseo,0,1,1,1.0
orus,0,1,1,1.0
presccript,0,1,1,1.0
ehab,0,1,1,1.0
pelli,1,0,1,0.0
tjvkdd,0,1,1,1.0
händler,0,1,1,1.0
bkfftqe,0,1,1,1.0
thurstan,0,1,1,1.0
workoutco,1,0,1,0.0
pentrau,0,1,1,1.0
wtwnp,0,1,1,1.0
wkfdbi,0,1,1,1.0
rooney,0,1,1,1.0
unverzuglich,0,1,1,1.0
ivzoi,0,1,1,1.0
woohoo,1,0,1,0.0
lichentwalt,1,0,1,0.0
truepric,1,0,1,0.0
lkircnzq,0,1,1,1.0
precoz,0,1,1,1.0
cassondra,0,1,1,1.0
appiicabi,0,1,1,1.0
zef,0,1,1,1.0
ppr,0,1,1,1.0
daleb,1,0,1,0.0
angrymanu,0,1,1,1.0
ckaaewr,0,1,1,1.0
hese,0,1,1,1.0
wbwopxhcu,0,1,1,1.0
pinochoecologista,0,1,1,1.0
lncbr,0,1,1,1.0
nfsfealbqxo,0,1,1,1.0
nnbb,0,1,1,1.0
yvwcbob,0,1,1,1.0
gppnjotsl,0,1,1,1.0
ofwat,1,0,1,0.0
abfan,0,1,1,1.0
deatsimaa,0,1,1,1.0
capitaladvertis,0,1,1,1.0
muqsomk,0,1,1,1.0
sufper,0,1,1,1.0
soldierli,0,1,1,1.0
znxi,0,1,1,1.0
uqsgwz,0,1,1,1.0
hhana,0,1,1,1.0
cardinalmollyl,0,1,1,1.0
efwpi,0,1,1,1.0
resourcesand,0,1,1,1.0
perszcriptdion,0,1,1,1.0
dewagq,0,1,1,1.0
ppbr,0,1,1,1.0
hbff,0,1,1,1.0
kgmnfbg,0,1,1,1.0
pergamino,0,1,1,1.0
keeponlovinm,0,1,1,1.0
izyrbouv,0,1,1,1.0
dmemori,0,1,1,1.0
maestoso,0,1,1,1.0
shox,1,0,1,0.0
finud,0,1,1,1.0
homesav,1,0,1,0.0
refzq,0,1,1,1.0
creditmag,1,0,1,0.0
albeitlogjam,0,1,1,1.0
verbrauch,0,1,1,1.0
onlinesweepstak,0,1,1,1.0
toxot,0,1,1,1.0
theifirst,0,1,1,1.0
jheitmil,1,0,1,0.0
cule,0,1,1,1.0
cruma,0,1,1,1.0
eopot,0,1,1,1.0
yourpay,0,1,1,1.0
cuprfu,0,1,1,1.0
zkwyq,0,1,1,1.0
blackdepress,0,1,1,1.0
gathermimet,0,1,1,1.0
ovternizght,0,1,1,1.0
ceoexpress,0,1,1,1.0
qogibdp,0,1,1,1.0
inicijativa,0,1,1,1.0
jofr,0,1,1,1.0
ljmflnjl,0,1,1,1.0
petrocelli,1,0,1,0.0
tvizg,0,1,1,1.0
mqehfr,0,1,1,1.0
ddibn,0,1,1,1.0
reviev,0,1,1,1.0
possibli,0,1,1,1.0
parentheticperiod,0,1,1,1.0
ined,0,1,1,1.0
sscma,0,1,1,1.0
bmfa,0,1,1,1.0
notmislead,0,1,1,1.0
fretta,0,1,1,1.0
nxrnwn,0,1,1,1.0
keeter,1,0,1,0.0
fzbklvzvbbr,0,1,1,1.0
hmsdrp,0,1,1,1.0
kgjpb,0,1,1,1.0
espanollo,0,1,1,1.0
tekn,0,1,1,1.0
waverunn,1,0,1,0.0
tfntye,0,1,1,1.0
abloom,0,1,1,1.0
pfj,0,1,1,1.0
panderson,1,0,1,0.0
dcji,0,1,1,1.0
seventiethlot,0,1,1,1.0
einstien,0,1,1,1.0
enpblpi,0,1,1,1.0
bertragung,0,1,1,1.0
yui,0,1,1,1.0
venusjohnson,0,1,1,1.0
blokkeerd,0,1,1,1.0
pedaryil,0,1,1,1.0
estadio,0,1,1,1.0
zqi,0,1,1,1.0
lsenueo,0,1,1,1.0
nullum,0,1,1,1.0
mwbd,1,0,1,0.0
ohpq,0,1,1,1.0
jvliw,0,1,1,1.0
dmzvaverl,0,1,1,1.0
jcxqr,0,1,1,1.0
nvokwsmbynlxl,0,1,1,1.0
rkrqrk,0,1,1,1.0
lleida,0,1,1,1.0
cromedia,0,1,1,1.0
natin,0,1,1,1.0
unabhangigkeit,0,1,1,1.0
fxu,0,1,1,1.0
schnellen,0,1,1,1.0
optoma,0,1,1,1.0
zzhthbllz,0,1,1,1.0
almanacdilettant,0,1,1,1.0
roselia,0,1,1,1.0
leecam,0,1,1,1.0
lovedead,0,1,1,1.0
gauthier,1,0,1,0.0
notjug,0,1,1,1.0
emloye,1,0,1,0.0
reibstein,1,0,1,0.0
swimmingcoach,0,1,1,1.0
joshbui,1,0,1,0.0
sighsea,0,1,1,1.0
jantz,1,0,1,0.0
newewst,0,1,1,1.0
lvwbpuxaq,0,1,1,1.0
xzn,0,1,1,1.0
defenda,0,1,1,1.0
hrndeud,0,1,1,1.0
antihistamin,0,1,1,1.0
girifriend,0,1,1,1.0
buhamxzlo,0,1,1,1.0
trabaja,0,1,1,1.0
ugjtj,0,1,1,1.0
stickland,1,0,1,0.0
shoudl,1,0,1,0.0
quillwortactiv,0,1,1,1.0
elisd,0,1,1,1.0
qtquxg,0,1,1,1.0
lotrzbiurokratyzowac,0,1,1,1.0
dyijmp,0,1,1,1.0
uncomofort,1,0,1,0.0
partandsid,0,1,1,1.0
byryncz,0,1,1,1.0
ssgt,1,0,1,0.0
youself,0,1,1,1.0
jkinnem,1,0,1,0.0
rur,0,1,1,1.0
mkclelgr,0,1,1,1.0
peevi,1,0,1,0.0
dcallanan,1,0,1,0.0
growt,0,1,1,1.0
audrain,1,0,1,0.0
kmay,1,0,1,0.0
wzn,0,1,1,1.0
participación,0,1,1,1.0
uuknlwbo,0,1,1,1.0
tzyoklvp,0,1,1,1.0
rorqual,0,1,1,1.0
dqxctxp,0,1,1,1.0
wrwqfdldcdbnmoua,0,1,1,1.0
gqcp,0,1,1,1.0
frío,0,1,1,1.0
thriftless,0,1,1,1.0
rpoqzi,0,1,1,1.0
exlus,0,1,1,1.0
farjmnvdn,0,1,1,1.0
kwuxfk,0,1,1,1.0
infour,0,1,1,1.0
strongcllck,0,1,1,1.0
herree,0,1,1,1.0
oyc,1,0,1,0.0
åäüþ,0,1,1,1.0
enzy,0,1,1,1.0
adelanto,1,0,1,0.0
semantem,0,1,1,1.0
uxkydbl,0,1,1,1.0
analsyt,1,0,1,0.0
aftern,0,1,1,1.0
secureon,0,1,1,1.0
eignen,0,1,1,1.0
hlcbkbhxc,0,1,1,1.0
mljr,0,1,1,1.0
krhgwci,0,1,1,1.0
mption,0,1,1,1.0
kcalder,0,1,1,1.0
cabinetrycamden,0,1,1,1.0
mgnoaru,0,1,1,1.0
qgmof,0,1,1,1.0
saveen,0,1,1,1.0
xinlgejgl,0,1,1,1.0
swerman,1,0,1,0.0
popishlyworldwid,0,1,1,1.0
ludhh,0,1,1,1.0
infosolei,0,1,1,1.0
reefiin,0,1,1,1.0
mostoth,0,1,1,1.0
dpesvoah,0,1,1,1.0
ejwah,0,1,1,1.0
utwufn,0,1,1,1.0
lhr,0,1,1,1.0
ifxfh,0,1,1,1.0
twswrrwj,0,1,1,1.0
sdwgoc,0,1,1,1.0
blarg,0,1,1,1.0
rotierend,0,1,1,1.0
yzckqq,0,1,1,1.0
jamba,0,1,1,1.0
investit,0,1,1,1.0
evolucion,0,1,1,1.0
jenkindm,1,0,1,0.0
vca,1,0,1,0.0
fleetingli,1,0,1,0.0
nsqbqlddghsptctaa,0,1,1,1.0
dioxidemcgrath,0,1,1,1.0
xlcw,0,1,1,1.0
grindstonecoyot,0,1,1,1.0
llbgeireiu,0,1,1,1.0
cromwellaffr,0,1,1,1.0
uberlegen,0,1,1,1.0
farmacia,0,1,1,1.0
precost,0,1,1,1.0
kullanmasn,0,1,1,1.0
eplweb,1,0,1,0.0
lokalnego,1,0,1,0.0
leanderhumpback,0,1,1,1.0
mindley,1,0,1,0.0
vcg,0,1,1,1.0
kindler,0,1,1,1.0
jtaranto,0,1,1,1.0
gpkqh,0,1,1,1.0
alkyl,0,1,1,1.0
jdqbyv,0,1,1,1.0
qydnrdr,0,1,1,1.0
beldin,1,0,1,0.0
etdim,0,1,1,1.0
hahnsox,0,1,1,1.0
unarchiv,1,0,1,0.0
univerc,0,1,1,1.0
nehzil,0,1,1,1.0
harmonia,0,1,1,1.0
dnaaofeqj,0,1,1,1.0
runhaar,0,1,1,1.0
recenzowani,1,0,1,0.0
albertson,1,0,1,0.0
fixin,1,0,1,0.0
bzgakxfu,0,1,1,1.0
alya,0,1,1,1.0
bzevallo,0,1,1,1.0
streamlineb,0,1,1,1.0
qlee,0,1,1,1.0
backpric,0,1,1,1.0
qrqugckgh,0,1,1,1.0
hdvran,0,1,1,1.0
fatica,1,0,1,0.0
penhaligon,0,1,1,1.0
vemeph,0,1,1,1.0
publicth,0,1,1,1.0
onnsal,0,1,1,1.0
momentsf,0,1,1,1.0
lnformatlon,0,1,1,1.0
zvbqk,0,1,1,1.0
zmcnoc,0,1,1,1.0
sijjin,0,1,1,1.0
gycdrg,0,1,1,1.0
tgeorg,1,0,1,0.0
xtqqpuvao,0,1,1,1.0
kiap,0,1,1,1.0
bloopchopin,0,1,1,1.0
jojiqbtxi,0,1,1,1.0
sbdccougar,0,1,1,1.0
fewdeclamatori,0,1,1,1.0
uxcmo,0,1,1,1.0
lahst,0,1,1,1.0
partythat,0,1,1,1.0
janan,1,0,1,0.0
ikgra,0,1,1,1.0
heida,0,1,1,1.0
archesl,0,1,1,1.0
telu,0,1,1,1.0
rozmawialismi,1,0,1,0.0
heraldrepel,0,1,1,1.0
billig,0,1,1,1.0
zitda,0,1,1,1.0
mckskydqnaybib,0,1,1,1.0
waaaanna,0,1,1,1.0
holidayscosta,0,1,1,1.0
lcjyw,0,1,1,1.0
sabicu,0,1,1,1.0
removeanti,0,1,1,1.0
jaci,0,1,1,1.0
tomaszu,1,0,1,0.0
rvlmo,0,1,1,1.0
piven,0,1,1,1.0
dlnrk,0,1,1,1.0
qualzwxgp,0,1,1,1.0
nele,1,0,1,0.0
entitieslist,0,1,1,1.0
rwhitney,0,1,1,1.0
kinkysweet,0,1,1,1.0
execlead,1,0,1,0.0
vkagnnpk,0,1,1,1.0
minshul,0,1,1,1.0
yapex,0,1,1,1.0
qwtwjl,0,1,1,1.0
blackoutpulpit,0,1,1,1.0
dyvmcmoa,0,1,1,1.0
agentpaul,0,1,1,1.0
dextelgwochung,0,1,1,1.0
hidin,1,0,1,0.0
parafuso,0,1,1,1.0
unproport,0,1,1,1.0
piratecorwin,0,1,1,1.0
labom,0,1,1,1.0
amphitryon,0,1,1,1.0
clennon,1,0,1,0.0
mumma,1,0,1,0.0
doyvol,0,1,1,1.0
profeccion,0,1,1,1.0
kryhnu,0,1,1,1.0
büyük,0,1,1,1.0
soniin,0,1,1,1.0
qrvgi,0,1,1,1.0
drjqdyqrg,0,1,1,1.0
unozagt,0,1,1,1.0
wysokim,1,0,1,0.0
krfijbyi,0,1,1,1.0
kona,0,1,1,1.0
hqpress,1,0,1,0.0
witeh,0,1,1,1.0
girlmoth,0,1,1,1.0
inltcelet,0,1,1,1.0
firetripp,0,1,1,1.0
wbbm,0,1,1,1.0
zapoznania,1,0,1,0.0
stefaniedavi,1,0,1,0.0
gdbasea,0,1,1,1.0
cdj,0,1,1,1.0
jenkonquin,1,0,1,0.0
comea,0,1,1,1.0
ioricet,0,1,1,1.0
keithalincoln,0,1,1,1.0
philmakosana,0,1,1,1.0
adroitpratt,0,1,1,1.0
peniz,0,1,1,1.0
sxilip,0,1,1,1.0
dnowload,0,1,1,1.0
twelvemonth,0,1,1,1.0
commpetit,0,1,1,1.0
inapprolpri,0,1,1,1.0
stwhoulri,1,0,1,0.0
uwscytf,0,1,1,1.0
testemunho,0,1,1,1.0
oasisblockl,1,0,1,0.0
ufpj,0,1,1,1.0
baouxmnu,0,1,1,1.0
lengthenpolaron,0,1,1,1.0
rmcmahon,1,0,1,0.0
brotherss,1,0,1,0.0
odontoid,0,1,1,1.0
thundellara,0,1,1,1.0
rydnyf,0,1,1,1.0
wanqorw,0,1,1,1.0
nawal,1,0,1,0.0
mavmgnc,0,1,1,1.0
roock,0,1,1,1.0
incennot,0,1,1,1.0
transactionshould,0,1,1,1.0
semitic,0,1,1,1.0
titel,0,1,1,1.0
eukxyubtb,0,1,1,1.0
jatiya,1,0,1,0.0
yogchkqydc,0,1,1,1.0
micronesiaconserv,0,1,1,1.0
gdanska,1,0,1,0.0
homelandliberti,0,1,1,1.0
fwhf,0,1,1,1.0
jol,0,1,1,1.0
twpvpiwa,0,1,1,1.0
curvi,0,1,1,1.0
escucho,0,1,1,1.0
yemov,0,1,1,1.0
avechicago,0,1,1,1.0
youno,0,1,1,1.0
kvdc,0,1,1,1.0
existan,0,1,1,1.0
sff,0,1,1,1.0
eqddt,0,1,1,1.0
joj,0,1,1,1.0
miqlsm,0,1,1,1.0
anohoi,0,1,1,1.0
silomspeci,0,1,1,1.0
campaña,0,1,1,1.0
producton,0,1,1,1.0
duuai,0,1,1,1.0
gdfd,0,1,1,1.0
mousemillion,1,0,1,0.0
zsjawnknf,0,1,1,1.0
eaiindustri,0,1,1,1.0
dozier,1,0,1,0.0
akim,0,1,1,1.0
gkubv,0,1,1,1.0
puissant,0,1,1,1.0
indetif,0,1,1,1.0
ynowlu,0,1,1,1.0
dcrgvabyssyzbr,0,1,1,1.0
ewsnlapci,0,1,1,1.0
kvqbzbr,0,1,1,1.0
ffhm,1,0,1,0.0
focusmedicalspa,0,1,1,1.0
novedoso,0,1,1,1.0
blowingup,0,1,1,1.0
sduiraclx,0,1,1,1.0
jflbp,0,1,1,1.0
cxxxvii,0,1,1,1.0
bemki,0,1,1,1.0
ckphw,0,1,1,1.0
simpledealcomplex,0,1,1,1.0
flagrantli,1,0,1,0.0
fsnqst,0,1,1,1.0
sikedito,0,1,1,1.0
nolp,0,1,1,1.0
fredom,0,1,1,1.0
dellveri,0,1,1,1.0
postconfer,1,0,1,0.0
wpzza,0,1,1,1.0
yugoslavian,0,1,1,1.0
travll,1,0,1,0.0
juerg,1,0,1,0.0
merittrienni,0,1,1,1.0
gondia,1,0,1,0.0
skovack,1,0,1,0.0
mandan,1,0,1,0.0
dropper,0,1,1,1.0
llamando,0,1,1,1.0
telebank,1,0,1,0.0
pmmllcxi,0,1,1,1.0
acloy,0,1,1,1.0
xenophobia,0,1,1,1.0
vign,1,0,1,0.0
schockmel,1,0,1,0.0
toolyou,0,1,1,1.0
tfitzgerald,1,0,1,0.0
rajwad,1,0,1,0.0
vtusoj,0,1,1,1.0
respol,0,1,1,1.0
eqga,0,1,1,1.0
josemartinez,0,1,1,1.0
skydivespaceland,1,0,1,0.0
idkerzc,0,1,1,1.0
togmtstr,0,1,1,1.0
siiiiick,0,1,1,1.0
zfnmwqee,0,1,1,1.0
wdjvdfzqn,0,1,1,1.0
medlcatiion,0,1,1,1.0
slyszalem,1,0,1,0.0
erxswxex,0,1,1,1.0
deanwalk,1,0,1,0.0
abdallam,0,1,1,1.0
bjoa,0,1,1,1.0
ydybr,0,1,1,1.0
aceptaron,0,1,1,1.0
zjmhixi,0,1,1,1.0
dopi,1,0,1,0.0
charan,1,0,1,0.0
gburrow,1,0,1,0.0
ewea,0,1,1,1.0
theleadman,0,1,1,1.0
cockandbul,0,1,1,1.0
ftsurovpi,0,1,1,1.0
wmxdf,0,1,1,1.0
hgaftv,0,1,1,1.0
optez,0,1,1,1.0
queasili,0,1,1,1.0
ntznk,0,1,1,1.0
manufacturernbsp,0,1,1,1.0
wsz,0,1,1,1.0
equipada,0,1,1,1.0
descri,0,1,1,1.0
gakin,1,0,1,0.0
fhokpj,0,1,1,1.0
decoyclipboard,0,1,1,1.0
yeceudoom,0,1,1,1.0
whhlvlvk,0,1,1,1.0
jaj,0,1,1,1.0
xceescerwmikb,0,1,1,1.0
ilsnr,0,1,1,1.0
nrvdkvbfbr,0,1,1,1.0
eextra,0,1,1,1.0
edpx,0,1,1,1.0
glister,0,1,1,1.0
ebjixj,0,1,1,1.0
plkbhh,0,1,1,1.0
erzikoa,0,1,1,1.0
winnner,0,1,1,1.0
skdjh,0,1,1,1.0
repello,0,1,1,1.0
neauajgg,0,1,1,1.0
wgch,0,1,1,1.0
henwoodenergi,1,0,1,0.0
drfat,1,0,1,0.0
dtj,0,1,1,1.0
novob,1,0,1,0.0
odwilz,1,0,1,0.0
vaglhkp,0,1,1,1.0
novarco,1,0,1,0.0
necesit,0,1,1,1.0
kacedungo,0,1,1,1.0
eceiv,0,1,1,1.0
sofortkredit,0,1,1,1.0
envc,0,1,1,1.0
bauma,0,1,1,1.0
okha,1,0,1,0.0
agedi,0,1,1,1.0
nwzg,0,1,1,1.0
prochil,0,1,1,1.0
schwartzkopff,1,0,1,0.0
sovtverskih,0,1,1,1.0
yph,0,1,1,1.0
mbtttpjue,0,1,1,1.0
eko,1,0,1,0.0
hsxoh,0,1,1,1.0
horsley,1,0,1,0.0
haldan,0,1,1,1.0
arrangemen,0,1,1,1.0
registrart,0,1,1,1.0
uawbi,0,1,1,1.0
uodz,0,1,1,1.0
golet,0,1,1,1.0
crpmedit,0,1,1,1.0
mez,0,1,1,1.0
pyuaabaei,0,1,1,1.0
mljidea,1,0,1,0.0
kipyp,0,1,1,1.0
freling,0,1,1,1.0
fguzfb,0,1,1,1.0
wmed,0,1,1,1.0
schlaack,1,0,1,0.0
cycadacea,0,1,1,1.0
hemichord,0,1,1,1.0
ushvamygb,0,1,1,1.0
hkrikgycq,0,1,1,1.0
lbvzvaml,0,1,1,1.0
hrj,0,1,1,1.0
veep,1,0,1,0.0
papqay,0,1,1,1.0
uuct,0,1,1,1.0
dhbpuv,0,1,1,1.0
rpeccari,0,1,1,1.0
tè,0,1,1,1.0
represt,0,1,1,1.0
ezfhvcm,0,1,1,1.0
limburgs,0,1,1,1.0
capstonefinanci,1,0,1,0.0
brunneou,0,1,1,1.0
hunndr,0,1,1,1.0
fhdom,0,1,1,1.0
enchain,0,1,1,1.0
zrwagvgl,0,1,1,1.0
acetrss,0,1,1,1.0
imbecileknurl,0,1,1,1.0
fsrk,0,1,1,1.0
damrel,1,0,1,0.0
qpuq,0,1,1,1.0
cwsvbknb,0,1,1,1.0
courtierli,0,1,1,1.0
dgedeon,1,0,1,0.0
bunnel,1,0,1,0.0
atvrmcw,0,1,1,1.0
brutish,0,1,1,1.0
vtdi,0,1,1,1.0
estak,0,1,1,1.0
merchandisecr,0,1,1,1.0
pliester,0,1,1,1.0
nrxxiyxu,0,1,1,1.0
fkhihsali,0,1,1,1.0
mcmurdo,0,1,1,1.0
ifvnf,0,1,1,1.0
oyakf,0,1,1,1.0
michaelthimmig,1,0,1,0.0
ppdbaa,0,1,1,1.0
fxsza,0,1,1,1.0
pracitc,1,0,1,0.0
mlay,1,0,1,0.0
disceeretli,0,1,1,1.0
rthompso,1,0,1,0.0
aqoeedhjyofhfluwrz,0,1,1,1.0
mocan,1,0,1,0.0
kundtun,0,1,1,1.0
ifej,0,1,1,1.0
rokkasho,1,0,1,0.0
lmou,0,1,1,1.0
wfyfmgwlvm,0,1,1,1.0
zdjeco,0,1,1,1.0
conoy,0,1,1,1.0
macrobot,0,1,1,1.0
catfishnesbitt,0,1,1,1.0
ydudn,0,1,1,1.0
cjdtafgk,0,1,1,1.0
amhar,0,1,1,1.0
tpntfhb,0,1,1,1.0
fprp,1,0,1,0.0
phwuxk,0,1,1,1.0
sagbama,0,1,1,1.0
pnnxkqd,0,1,1,1.0
zbyt,1,0,1,0.0
rskhhqfvz,0,1,1,1.0
eract,0,1,1,1.0
martínez,0,1,1,1.0
delico,0,1,1,1.0
tvnet,0,1,1,1.0
vxx,0,1,1,1.0
invins,0,1,1,1.0
bbt,0,1,1,1.0
hornbeam,0,1,1,1.0
mdoq,0,1,1,1.0
bmhae,0,1,1,1.0
tessera,0,1,1,1.0
kxryhf,0,1,1,1.0
ffjwdebuyn,0,1,1,1.0
anlt,0,1,1,1.0
aamaii,0,1,1,1.0
kgerjqt,0,1,1,1.0
pccaz,0,1,1,1.0
apqhl,0,1,1,1.0
cindyw,1,0,1,0.0
jfhsgym,0,1,1,1.0
huntoon,1,0,1,0.0
petuniaboot,0,1,1,1.0
versorgt,0,1,1,1.0
mswi,0,1,1,1.0
kandolha,1,0,1,0.0
starken,0,1,1,1.0
yxappvc,0,1,1,1.0
longfeel,0,1,1,1.0
zgxbfjiva,0,1,1,1.0
jnlzaza,1,0,1,0.0
stuur,0,1,1,1.0
swampedith,0,1,1,1.0
nthi,0,1,1,1.0
ljldoarrum,0,1,1,1.0
inenonct,0,1,1,1.0
vrf,0,1,1,1.0
pepperl,0,1,1,1.0
adamcik,1,0,1,0.0
zusammen,0,1,1,1.0
ntiag,0,1,1,1.0
õèþõé,0,1,1,1.0
givrth,0,1,1,1.0
vijay,1,0,1,0.0
zoerw,0,1,1,1.0
tboecker,0,1,1,1.0
zjwcqg,0,1,1,1.0
egsmith,1,0,1,0.0
paninipenningsbehm,0,1,1,1.0
beathrw,1,0,1,0.0
cefsgmgkvjxsb,0,1,1,1.0
kingher,0,1,1,1.0
jost,1,0,1,0.0
jljgz,0,1,1,1.0
ifpeccttr,0,1,1,1.0
strcitli,0,1,1,1.0
lafuf,0,1,1,1.0
uwnwbcx,0,1,1,1.0
undl,0,1,1,1.0
ltstu,0,1,1,1.0
invokejew,0,1,1,1.0
confidantlola,0,1,1,1.0
mhvcknl,0,1,1,1.0
vbdguf,0,1,1,1.0
zandramaxw,0,1,1,1.0
rjorxoyl,0,1,1,1.0
personalfriend,0,1,1,1.0
lneogr,0,1,1,1.0
bjpmomnjhxtsun,0,1,1,1.0
deke,0,1,1,1.0
jvvhyz,0,1,1,1.0
fowur,0,1,1,1.0
rjpogbr,0,1,1,1.0
sallen,1,0,1,0.0
timidli,0,1,1,1.0
ñé,0,1,1,1.0
reserven,0,1,1,1.0
stratregi,1,0,1,0.0
gibsongeniu,0,1,1,1.0
bgymyaxdh,0,1,1,1.0
kptfd,0,1,1,1.0
otvmwhjg,0,1,1,1.0
dvice,0,1,1,1.0
senfu,0,1,1,1.0
gabft,0,1,1,1.0
rver,0,1,1,1.0
njffkml,0,1,1,1.0
daoy,0,1,1,1.0
warriorssbdc,0,1,1,1.0
rorewemov,0,1,1,1.0
prester,0,1,1,1.0
belieev,0,1,1,1.0
dijr,0,1,1,1.0
incregi,0,1,1,1.0
cmomon,0,1,1,1.0
wjpenterpris,1,0,1,0.0
yourslf,0,1,1,1.0
zba,0,1,1,1.0
glowedon,0,1,1,1.0
assistanship,1,0,1,0.0
gtyc,0,1,1,1.0
wishbonechoos,0,1,1,1.0
softwarc,0,1,1,1.0
lauritsen,1,0,1,0.0
aannem,0,1,1,1.0
bettwi,1,0,1,0.0
âåñâà,0,1,1,1.0
fallido,0,1,1,1.0
leipzig,0,1,1,1.0
tojuazatof,0,1,1,1.0
xyzphrat,0,1,1,1.0
scheverman,1,0,1,0.0
psychischen,0,1,1,1.0
aoyour,0,1,1,1.0
debbiet,1,0,1,0.0
numberpl,0,1,1,1.0
qekjrk,0,1,1,1.0
londoncapitalgroup,0,1,1,1.0
ihnjvqfqm,0,1,1,1.0
tss,0,1,1,1.0
akrbtvap,0,1,1,1.0
vspenlpxugfnt,0,1,1,1.0
afgczhz,0,1,1,1.0
immdiat,0,1,1,1.0
pirella,1,0,1,0.0
jhanley,1,0,1,0.0
acgx,0,1,1,1.0
industrybi,0,1,1,1.0
fonttifont,0,1,1,1.0
wfw,0,1,1,1.0
whammer,1,0,1,0.0
estimt,0,1,1,1.0
woulda,1,0,1,0.0
reat,0,1,1,1.0
propperti,0,1,1,1.0
chesney,1,0,1,0.0
vhpz,0,1,1,1.0
eom,1,0,1,0.0
crackerkingdom,0,1,1,1.0
allm,1,0,1,0.0
versionlb,1,0,1,0.0
mvzfmuxvwp,0,1,1,1.0
keshawn,1,0,1,0.0
dkessler,1,0,1,0.0
cdxbj,0,1,1,1.0
hnwi,1,0,1,0.0
canadacarriag,0,1,1,1.0
beschaftigten,0,1,1,1.0
bhjze,0,1,1,1.0
ddgr,0,1,1,1.0
orv,0,1,1,1.0
priciiii,0,1,1,1.0
hskpiz,0,1,1,1.0
encorpor,1,0,1,0.0
petición,0,1,1,1.0
purposespeak,0,1,1,1.0
jtqkxwexdqpt,0,1,1,1.0
avivalumin,0,1,1,1.0
acobl,1,0,1,0.0
tamullen,1,0,1,0.0
eazkmarl,0,1,1,1.0
pedantdugout,0,1,1,1.0
gcgevk,0,1,1,1.0
rqjtph,0,1,1,1.0
cucu,0,1,1,1.0
jarkiem,1,0,1,0.0
chini,0,1,1,1.0
contortionist,0,1,1,1.0
ysm,0,1,1,1.0
xsum,0,1,1,1.0
sloten,0,1,1,1.0
wiedenmann,1,0,1,0.0
bggnoxb,0,1,1,1.0
fynvkqkqpomij,0,1,1,1.0
syst,0,1,1,1.0
anguishoctagon,0,1,1,1.0
jyb,0,1,1,1.0
gzol,0,1,1,1.0
sonmomfilm,0,1,1,1.0
duagther,0,1,1,1.0
niic,0,1,1,1.0
onrc,0,1,1,1.0
lnjvygzp,0,1,1,1.0
grundlegenden,0,1,1,1.0
fabricacion,0,1,1,1.0
ufoc,0,1,1,1.0
ssyex,0,1,1,1.0
vaipd,0,1,1,1.0
pekinges,0,1,1,1.0
xpvc,0,1,1,1.0
fpwnyjb,0,1,1,1.0
reúnen,0,1,1,1.0
faculteit,1,0,1,0.0
forman,0,1,1,1.0
rookley,1,0,1,0.0
ssuquf,0,1,1,1.0
cinemactor,0,1,1,1.0
udolh,0,1,1,1.0
odullu,0,1,1,1.0
inlizf,0,1,1,1.0
selfcomplac,0,1,1,1.0
xwmtmi,0,1,1,1.0
yslnpzbtq,0,1,1,1.0
missial,0,1,1,1.0
xqkcptuj,0,1,1,1.0
aorq,0,1,1,1.0
conats,1,0,1,0.0
damocl,0,1,1,1.0
diqzd,0,1,1,1.0
ivuoojq,0,1,1,1.0
rthp,0,1,1,1.0
bukkakefantasi,0,1,1,1.0
ljlqrrm,0,1,1,1.0
mcuxpcsm,0,1,1,1.0
alertsbeliev,0,1,1,1.0
prosecutionbuy,0,1,1,1.0
hcqgarm,0,1,1,1.0
percllv,1,0,1,0.0
deiivmiss,0,1,1,1.0
kingswood,1,0,1,0.0
winde,0,1,1,1.0
ofthirti,0,1,1,1.0
rjgb,0,1,1,1.0
sskyl,0,1,1,1.0
fluffi,1,0,1,0.0
rozchorowalo,1,0,1,0.0
amerac,1,0,1,0.0
uqlnciu,0,1,1,1.0
ricant,0,1,1,1.0
cegkhw,0,1,1,1.0
herzenswunsch,0,1,1,1.0
mitteilungen,0,1,1,1.0
fibrogen,0,1,1,1.0
kiack,0,1,1,1.0
jxzhbn,0,1,1,1.0
xlbxu,0,1,1,1.0
gctyz,0,1,1,1.0
gutay,1,0,1,0.0
jayce,0,1,1,1.0
nonferr,1,0,1,0.0
matelot,0,1,1,1.0
factoraj,0,1,1,1.0
jmors,1,0,1,0.0
tjrybb,0,1,1,1.0
rmula,0,1,1,1.0
eassur,0,1,1,1.0
dvlqnyu,0,1,1,1.0
superproductal,0,1,1,1.0
vuazang,0,1,1,1.0
ydvmfakk,0,1,1,1.0
hammerman,0,1,1,1.0
lann,0,1,1,1.0
acctman,1,0,1,0.0
nkonvm,0,1,1,1.0
nwzvto,0,1,1,1.0
maricar,1,0,1,0.0
superlunaryriot,0,1,1,1.0
wkkoauybyp,0,1,1,1.0
rahybbh,0,1,1,1.0
narrowentr,0,1,1,1.0
awarddept,0,1,1,1.0
rastewartl,1,0,1,0.0
bespt,0,1,1,1.0
telecosm,1,0,1,0.0
clydeulyrfbumt,0,1,1,1.0
ceyap,1,0,1,0.0
wprzedsiebiorstwi,1,0,1,0.0
niif,1,0,1,0.0
quinari,0,1,1,1.0
guitarrería,0,1,1,1.0
icctheologian,0,1,1,1.0
cbnfox,1,0,1,0.0
vampbless,0,1,1,1.0
pharmcybymai,0,1,1,1.0
jeffersoniancommonw,0,1,1,1.0
jswcwe,0,1,1,1.0
mtuxg,0,1,1,1.0
swiic,0,1,1,1.0
anburi,0,1,1,1.0
feeeeeeed,0,1,1,1.0
mfo,0,1,1,1.0
usqvlcwo,0,1,1,1.0
viaaa,0,1,1,1.0
woolgath,0,1,1,1.0
saif,0,1,1,1.0
tphe,0,1,1,1.0
pimpernel,0,1,1,1.0
fortwelv,0,1,1,1.0
garantizar,0,1,1,1.0
ybmyx,0,1,1,1.0
humblewhet,0,1,1,1.0
adram,0,1,1,1.0
sharesfloat,0,1,1,1.0
fmuau,0,1,1,1.0
phfkgmp,0,1,1,1.0
bhjizdin,0,1,1,1.0
jbablvkd,0,1,1,1.0
reglamentol,0,1,1,1.0
iww,0,1,1,1.0
julz,0,1,1,1.0
forsal,0,1,1,1.0
verlaeg,1,0,1,0.0
coxl,1,0,1,0.0
dcater,0,1,1,1.0
celebro,0,1,1,1.0
usaeekaminska,1,0,1,0.0
xqpvi,0,1,1,1.0
dreamlifez,0,1,1,1.0
qsne,0,1,1,1.0
jwsfb,0,1,1,1.0
cyt,0,1,1,1.0
leavenworthairdrop,0,1,1,1.0
ewdmdjwnuwhrk,0,1,1,1.0
zql,0,1,1,1.0
boida,0,1,1,1.0
ollovsb,0,1,1,1.0
xlagqr,0,1,1,1.0
zentral,0,1,1,1.0
rvri,0,1,1,1.0
dichlorophenyl,0,1,1,1.0
montgoneri,0,1,1,1.0
phillippov,1,0,1,0.0
addiu,0,1,1,1.0
hydroskim,1,0,1,0.0
cjknp,0,1,1,1.0
kwjtw,0,1,1,1.0
sah,0,1,1,1.0
morongo,1,0,1,0.0
nminnth,0,1,1,1.0
ndwci,0,1,1,1.0
lweuv,0,1,1,1.0
soninmoth,0,1,1,1.0
taylorl,1,0,1,0.0
aufprei,0,1,1,1.0
yoshino,1,0,1,0.0
fractal,1,0,1,0.0
vacuaadjut,0,1,1,1.0
upsxyxgnewa,0,1,1,1.0
jhw,0,1,1,1.0
mqmsn,0,1,1,1.0
clothesmancapac,0,1,1,1.0
neo,0,1,1,1.0
agh,0,1,1,1.0
pontianak,0,1,1,1.0
bdknja,0,1,1,1.0
mpumalanga,0,1,1,1.0
distanciamento,0,1,1,1.0
fono,0,1,1,1.0
noguerra,0,1,1,1.0
complacerán,0,1,1,1.0
almighi,0,1,1,1.0
enfrentá,0,1,1,1.0
incopor,1,0,1,0.0
dgoldstein,1,0,1,0.0
naderit,1,0,1,0.0
attiva,0,1,1,1.0
tsinghua,1,0,1,0.0
chubrogu,0,1,1,1.0
wenpv,0,1,1,1.0
fbhhrd,0,1,1,1.0
objec,0,1,1,1.0
lnobl,0,1,1,1.0
qvwl,0,1,1,1.0
cruza,0,1,1,1.0
jujubeincredul,0,1,1,1.0
wxpmdh,0,1,1,1.0
konvic,0,1,1,1.0
linelpharmaci,0,1,1,1.0
dup,0,1,1,1.0
bioqual,0,1,1,1.0
préscríption,0,1,1,1.0
sahj,0,1,1,1.0
denuclear,0,1,1,1.0
sysytem,1,0,1,0.0
ocateprincipi,0,1,1,1.0
mhteor,0,1,1,1.0
musgth,0,1,1,1.0
pfsvnewwc,0,1,1,1.0
nbotiofi,0,1,1,1.0
sloppier,0,1,1,1.0
durchzufhren,0,1,1,1.0
kndprscoa,0,1,1,1.0
ayuav,0,1,1,1.0
ppkkqpkgimigi,0,1,1,1.0
resoiut,0,1,1,1.0
menthol,0,1,1,1.0
seemli,0,1,1,1.0
naluuvts,0,1,1,1.0
glm,0,1,1,1.0
rerda,0,1,1,1.0
dlezr,0,1,1,1.0
marketreaxt,0,1,1,1.0
zifsrcucf,0,1,1,1.0
juaxiologynk,0,1,1,1.0
xdntfvhf,0,1,1,1.0
wzfbccqi,0,1,1,1.0
nighti,0,1,1,1.0
bourbonlio,0,1,1,1.0
mdmyssibi,0,1,1,1.0
fuk,0,1,1,1.0
jlhisju,0,1,1,1.0
netez,0,1,1,1.0
calpez,0,1,1,1.0
infoimg,0,1,1,1.0
báncora,0,1,1,1.0
yllk,0,1,1,1.0
underclass,1,0,1,0.0
enumeratemyriad,0,1,1,1.0
fonday,0,1,1,1.0
ciiiiali,0,1,1,1.0
roccki,0,1,1,1.0
leechev,0,1,1,1.0
firebug,0,1,1,1.0
cvqyvv,0,1,1,1.0
ynw,0,1,1,1.0
uonk,0,1,1,1.0
rxkmgi,0,1,1,1.0
donk,0,1,1,1.0
pleno,0,1,1,1.0
agotar,0,1,1,1.0
consultatlon,0,1,1,1.0
auténtica,0,1,1,1.0
anexsia,0,1,1,1.0
lzice,0,1,1,1.0
habacgo,0,1,1,1.0
ljx,0,1,1,1.0
intrust,0,1,1,1.0
oharpsichord,0,1,1,1.0
powerdesk,1,0,1,0.0
adaptiveancestor,0,1,1,1.0
lcdweight,0,1,1,1.0
quoot,0,1,1,1.0
atss,1,0,1,0.0
macrocephal,0,1,1,1.0
bargeld,0,1,1,1.0
geformtem,0,1,1,1.0
facialhumili,0,1,1,1.0
pqcnnwt,0,1,1,1.0
uehjc,0,1,1,1.0
ackldheg,0,1,1,1.0
viken,0,1,1,1.0
conectividad,0,1,1,1.0
wackdocket,0,1,1,1.0
megilligan,1,0,1,0.0
jpano,1,0,1,0.0
popek,0,1,1,1.0
krizanc,1,0,1,0.0
otd,0,1,1,1.0
tnacqvcv,0,1,1,1.0
politicaili,0,1,1,1.0
qctmq,0,1,1,1.0
legumin,0,1,1,1.0
frumpi,0,1,1,1.0
hatzvqsu,0,1,1,1.0
insran,0,1,1,1.0
gbryan,1,0,1,0.0
wieg,0,1,1,1.0
kcncp,0,1,1,1.0
naik,1,0,1,0.0
quantidad,0,1,1,1.0
xanq,0,1,1,1.0
amy,0,1,1,1.0
ttcbmeae,0,1,1,1.0
twoca,0,1,1,1.0
unboil,0,1,1,1.0
budubp,0,1,1,1.0
brtkjfgncunldbzh,0,1,1,1.0
eurotunnel,0,1,1,1.0
annualmedssal,0,1,1,1.0
dbcvc,0,1,1,1.0
jrzvj,0,1,1,1.0
unsuccessul,1,0,1,0.0
ihcrhtvys,0,1,1,1.0
mclarti,1,0,1,0.0
uinsmp,0,1,1,1.0
isj,0,1,1,1.0
broo,0,1,1,1.0
psmbartt,0,1,1,1.0
thyminegnarl,0,1,1,1.0
ispvip,0,1,1,1.0
plzkrvuycybfflcwq,0,1,1,1.0
nsubscrib,0,1,1,1.0
delivered,1,0,1,0.0
whuxr,0,1,1,1.0
extrapolación,0,1,1,1.0
dlonwoad,0,1,1,1.0
matsushita,1,0,1,0.0
ayysgx,0,1,1,1.0
claimyourpr,0,1,1,1.0
ilklqt,0,1,1,1.0
brillant,1,0,1,0.0
johanesburg,0,1,1,1.0
kaaphuj,0,1,1,1.0
uhfp,0,1,1,1.0
informerciai,0,1,1,1.0
passadeira,0,1,1,1.0
hnctiwwn,0,1,1,1.0
helpwithuweb,0,1,1,1.0
requbir,0,1,1,1.0
ssso,0,1,1,1.0
drlop,0,1,1,1.0
bcg,0,1,1,1.0
cese,0,1,1,1.0
mdade,0,1,1,1.0
massolit,0,1,1,1.0
turnin,0,1,1,1.0
intimalhereof,0,1,1,1.0
lloyndel,1,0,1,0.0
oxqb,0,1,1,1.0
reffect,0,1,1,1.0
jalisco,0,1,1,1.0
qjx,0,1,1,1.0
adeem,0,1,1,1.0
customerson,0,1,1,1.0
baicalin,0,1,1,1.0
antennarap,0,1,1,1.0
subcript,1,0,1,0.0
calient,0,1,1,1.0
carvencyanamid,0,1,1,1.0
xafixnsnwmlkhd,0,1,1,1.0
fxwmpnu,0,1,1,1.0
armori,0,1,1,1.0
joaguin,1,0,1,0.0
cedricmac,0,1,1,1.0
mrratenow,0,1,1,1.0
thomostib,0,1,1,1.0
decagon,0,1,1,1.0
secateur,0,1,1,1.0
saa,0,1,1,1.0
caitf,0,1,1,1.0
milljionss,0,1,1,1.0
drogen,0,1,1,1.0
strongstock,0,1,1,1.0
cctld,0,1,1,1.0
ulcu,0,1,1,1.0
cuc,0,1,1,1.0
kljlzh,0,1,1,1.0
livent,1,0,1,0.0
puis,0,1,1,1.0
adnoun,0,1,1,1.0
andther,1,0,1,0.0
alyc,0,1,1,1.0
bickl,1,0,1,0.0
anitra,0,1,1,1.0
qir,0,1,1,1.0
kominiak,1,0,1,0.0
luckfili,0,1,1,1.0
mµa,0,1,1,1.0
owncvncuk,0,1,1,1.0
gesinnt,0,1,1,1.0
prend,0,1,1,1.0
unchurch,0,1,1,1.0
aunveil,0,1,1,1.0
aleuron,0,1,1,1.0
dzerba,1,0,1,0.0
garriti,0,1,1,1.0
qneonat,0,1,1,1.0
wxysj,0,1,1,1.0
happyon,0,1,1,1.0
comando,0,1,1,1.0
syhwu,0,1,1,1.0
sheffrin,1,0,1,0.0
ffffffwho,0,1,1,1.0
telegrama,0,1,1,1.0
cybertron,0,1,1,1.0
perceptu,0,1,1,1.0
jjvdrih,0,1,1,1.0
vath,0,1,1,1.0
vtmbwuulanwdedp,0,1,1,1.0
derivativesweek,1,0,1,0.0
cottonbal,0,1,1,1.0
fkyyoc,0,1,1,1.0
fksae,0,1,1,1.0
hamco,0,1,1,1.0
rlealiti,0,1,1,1.0
yrbjh,0,1,1,1.0
rejoignez,0,1,1,1.0
rnbuv,0,1,1,1.0
xanaqvx,0,1,1,1.0
rwb,0,1,1,1.0
insign,0,1,1,1.0
woi,0,1,1,1.0
gmg,0,1,1,1.0
fishbeck,1,0,1,0.0
jpowel,1,0,1,0.0
orham,0,1,1,1.0
nfqwvj,0,1,1,1.0
uadubdsklkyhl,0,1,1,1.0
bodf,0,1,1,1.0
adih,0,1,1,1.0
zykjeh,0,1,1,1.0
brevicornum,0,1,1,1.0
úve,0,1,1,1.0
stechern,0,1,1,1.0
janovski,1,0,1,0.0
tylernarcissu,0,1,1,1.0
shipmet,0,1,1,1.0
humancod,1,0,1,0.0
mgsl,0,1,1,1.0
absorptionbark,0,1,1,1.0
ajrtw,0,1,1,1.0
filingsand,0,1,1,1.0
harkread,1,0,1,0.0
fnrrfn,0,1,1,1.0
micon,1,0,1,0.0
ezq,0,1,1,1.0
emeidaho,0,1,1,1.0
tittletattl,0,1,1,1.0
wwnza,0,1,1,1.0
isyour,0,1,1,1.0
gluttoni,1,0,1,0.0
showprod,1,0,1,0.0
leojroxf,0,1,1,1.0
scampech,0,1,1,1.0
webclust,0,1,1,1.0
euphrosen,0,1,1,1.0
propertyman,0,1,1,1.0
oxwhzvrl,0,1,1,1.0
bilgil,0,1,1,1.0
sinewav,1,0,1,0.0
countermark,0,1,1,1.0
yyqour,0,1,1,1.0
iwsfz,0,1,1,1.0
eitherin,0,1,1,1.0
ccarotenoid,0,1,1,1.0
yhacienda,0,1,1,1.0
vingt,0,1,1,1.0
norika,0,1,1,1.0
georgestrait,1,0,1,0.0
njtzmcd,0,1,1,1.0
virgen,0,1,1,1.0
gbsyflux,0,1,1,1.0
hemlepp,1,0,1,0.0
pccaqp,0,1,1,1.0
dayh,0,1,1,1.0
lmbt,0,1,1,1.0
metzsch,1,0,1,0.0
oqd,0,1,1,1.0
ratwtcrl,0,1,1,1.0
alxwilliam,1,0,1,0.0
aadedeji,1,0,1,0.0
ygjcyqj,0,1,1,1.0
thaleia,1,0,1,0.0
zsoxlxknorton,0,1,1,1.0
ambiental,0,1,1,1.0
ulyat,0,1,1,1.0
cyqrzi,0,1,1,1.0
vabni,0,1,1,1.0
ywixtlyii,0,1,1,1.0
npvprk,0,1,1,1.0
reagor,1,0,1,0.0
hlto,0,1,1,1.0
nfjmcfng,0,1,1,1.0
tomaksi,1,0,1,0.0
zcxjj,0,1,1,1.0
epigramhazel,0,1,1,1.0
stockreport,0,1,1,1.0
nowth,0,1,1,1.0
ppsv,0,1,1,1.0
iejczcu,0,1,1,1.0
psoni,1,0,1,0.0
comandado,0,1,1,1.0
alanh,1,0,1,0.0
aesthetezeroth,0,1,1,1.0
rbxn,0,1,1,1.0
mirka,0,1,1,1.0
suvtdxuvbeb,0,1,1,1.0
wbmtyqq,0,1,1,1.0
vomceoweawitd,0,1,1,1.0
ppfir,0,1,1,1.0
clggra,0,1,1,1.0
kpl,1,0,1,0.0
olsun,0,1,1,1.0
dwmajw,0,1,1,1.0
stevensondutton,0,1,1,1.0
xanagqx,0,1,1,1.0
laagan,0,1,1,1.0
rkigq,0,1,1,1.0
angelegenheiten,0,1,1,1.0
itsec,1,0,1,0.0
ptqyo,0,1,1,1.0
albergotti,1,0,1,0.0
mlkawa,1,0,1,0.0
mclib,1,0,1,0.0
usingssl,0,1,1,1.0
cmayber,1,0,1,0.0
geaconn,1,0,1,0.0
hahaz,0,1,1,1.0
pfxworei,0,1,1,1.0
uirkeufrap,0,1,1,1.0
erneuern,0,1,1,1.0
fsjo,0,1,1,1.0
girlz,0,1,1,1.0
apellidocal,0,1,1,1.0
twvitwm,0,1,1,1.0
mauboussin,1,0,1,0.0
hacerl,0,1,1,1.0
globalnetwir,0,1,1,1.0
fijkmbceghl,0,1,1,1.0
notebooksspeci,0,1,1,1.0
rigainsurmount,0,1,1,1.0
mofnp,0,1,1,1.0
weh,0,1,1,1.0
flightperci,0,1,1,1.0
dpheexpugrdcirnb,0,1,1,1.0
fbk,0,1,1,1.0
sele,0,1,1,1.0
smtc,1,0,1,0.0
uoac,0,1,1,1.0
bxisexyix,0,1,1,1.0
burtonabdea,0,1,1,1.0
cirugia,0,1,1,1.0
effo,0,1,1,1.0
nqstrurqsrpkngpmpttpplpm,0,1,1,1.0
dzpm,0,1,1,1.0
semer,1,0,1,0.0
ajp,0,1,1,1.0
yuibxkzsmnd,0,1,1,1.0
pqtjqhdft,0,1,1,1.0
pretoriu,0,1,1,1.0
vlsual,0,1,1,1.0
fetishist,0,1,1,1.0
elektroniklot,0,1,1,1.0
fixação,0,1,1,1.0
ashut,0,1,1,1.0
zidar,1,0,1,0.0
januar,1,0,1,0.0
myhusband,0,1,1,1.0
nsdata,1,0,1,0.0
sydel,0,1,1,1.0
tensorjul,0,1,1,1.0
zzyudgpd,0,1,1,1.0
mdqsga,1,0,1,0.0
ometon,0,1,1,1.0
aarn,0,1,1,1.0
theportugues,0,1,1,1.0
wzrchenfa,0,1,1,1.0
otrbej,0,1,1,1.0
kingcup,0,1,1,1.0
nfwfpu,0,1,1,1.0
anabantid,0,1,1,1.0
parter,1,0,1,0.0
butterfl,0,1,1,1.0
giannini,1,0,1,0.0
vtvlpbzxfghtte,0,1,1,1.0
reprocess,0,1,1,1.0
lighti,0,1,1,1.0
inspiringentrepreneur,0,1,1,1.0
sfnpkp,0,1,1,1.0
fjgoaxc,0,1,1,1.0
demolitionbooz,0,1,1,1.0
qdyzkor,0,1,1,1.0
kom,0,1,1,1.0
cardid,0,1,1,1.0
skejdbrimir,0,1,1,1.0
rackingham,1,0,1,0.0
melanchol,0,1,1,1.0
latifah,0,1,1,1.0
atthi,0,1,1,1.0
backfield,0,1,1,1.0
baler,0,1,1,1.0
babym,1,0,1,0.0
hbjdiaono,0,1,1,1.0
pnjyh,0,1,1,1.0
personalprofil,0,1,1,1.0
carryyour,0,1,1,1.0
depositarykrueg,0,1,1,1.0
saidth,0,1,1,1.0
painwebb,1,0,1,0.0
dalyphoenix,0,1,1,1.0
returneda,0,1,1,1.0
rumanian,0,1,1,1.0
physiotherapybilinear,0,1,1,1.0
oos,0,1,1,1.0
conformalordain,0,1,1,1.0
ofbj,0,1,1,1.0
fuggkhtm,0,1,1,1.0
ogal,0,1,1,1.0
tihud,0,1,1,1.0
executrain,1,0,1,0.0
timethi,0,1,1,1.0
rqdzjki,0,1,1,1.0
nigeira,0,1,1,1.0
yrcgb,0,1,1,1.0
fflush,0,1,1,1.0
onebwj,0,1,1,1.0
scnee,0,1,1,1.0
sujduxja,0,1,1,1.0
relawx,0,1,1,1.0
trupso,0,1,1,1.0
bvuzzydi,0,1,1,1.0
bxi,0,1,1,1.0
fihelio,0,1,1,1.0
illusionist,0,1,1,1.0
convënìëntli,0,1,1,1.0
unsupport,1,0,1,0.0
palmarinmerg,0,1,1,1.0
vtrucul,0,1,1,1.0
mortimerscoobi,0,1,1,1.0
smsturgeon,1,0,1,0.0
volleydan,0,1,1,1.0
thilli,1,0,1,0.0
sleepparson,0,1,1,1.0
cipit,1,0,1,0.0
hedga,0,1,1,1.0
ciwlchkpa,0,1,1,1.0
yhxpgtnzbr,0,1,1,1.0
tsnrpm,0,1,1,1.0
kclphx,0,1,1,1.0
pphentermn,0,1,1,1.0
usoc,0,1,1,1.0
gamophyl,0,1,1,1.0
rcn,0,1,1,1.0
ciiiallli,0,1,1,1.0
verringern,0,1,1,1.0
dbit,0,1,1,1.0
kjg,0,1,1,1.0
freddagogo,0,1,1,1.0
riempi,0,1,1,1.0
securitiesof,0,1,1,1.0
tuvo,0,1,1,1.0
clímax,0,1,1,1.0
ryrw,0,1,1,1.0
paracambi,1,0,1,0.0
wattenburg,1,0,1,0.0
kii,0,1,1,1.0
ovsr,0,1,1,1.0
underperfom,1,0,1,0.0
rechtspflegern,0,1,1,1.0
sobrietytransgressor,0,1,1,1.0
teleskop,0,1,1,1.0
nohtxnrwk,0,1,1,1.0
surv,1,0,1,0.0
xgr,0,1,1,1.0
prodxuct,0,1,1,1.0
egisi,0,1,1,1.0
khnjddgyk,0,1,1,1.0
piroxicam,0,1,1,1.0
dqi,0,1,1,1.0
altijd,0,1,1,1.0
livewyr,0,1,1,1.0
stockprofit,0,1,1,1.0
joshmail,0,1,1,1.0
turnoutexclamatori,0,1,1,1.0
pktopo,0,1,1,1.0
kindersley,0,1,1,1.0
luoffer,0,1,1,1.0
noresco,1,0,1,0.0
impunidad,0,1,1,1.0
dedler,0,1,1,1.0
devolveremo,0,1,1,1.0
expertaid,0,1,1,1.0
wju,0,1,1,1.0
pantalett,0,1,1,1.0
pwbggi,0,1,1,1.0
englishfrench,1,0,1,0.0
remink,0,1,1,1.0
edwn,0,1,1,1.0
boatswainjoyrid,0,1,1,1.0
wkpl,1,0,1,0.0
wla,0,1,1,1.0
ohin,0,1,1,1.0
cisconfer,1,0,1,0.0
pureplay,0,1,1,1.0
ocevpcod,0,1,1,1.0
plove,1,0,1,0.0
yik,0,1,1,1.0
mzaxc,0,1,1,1.0
efccxm,0,1,1,1.0
imal,0,1,1,1.0
jlri,0,1,1,1.0
nfhplgzo,0,1,1,1.0
ulit,0,1,1,1.0
melboun,0,1,1,1.0
chefia,0,1,1,1.0
relatório,0,1,1,1.0
ysyvp,0,1,1,1.0
ywxkhf,0,1,1,1.0
politicien,0,1,1,1.0
everchang,0,1,1,1.0
notesold,1,0,1,0.0
brgeyzsc,0,1,1,1.0
ndrbqa,0,1,1,1.0
gtu,0,1,1,1.0
serapi,0,1,1,1.0
liy,0,1,1,1.0
versprechen,0,1,1,1.0
themillion,0,1,1,1.0
kijdjfjw,0,1,1,1.0
rceeiv,0,1,1,1.0
dhcfl,0,1,1,1.0
tnu,0,1,1,1.0
cxmnqfnpb,0,1,1,1.0
viagrano,0,1,1,1.0
enzi,1,0,1,0.0
gve,1,0,1,0.0
djack,0,1,1,1.0
etb,0,1,1,1.0
qcsybg,0,1,1,1.0
rlkqlwm,0,1,1,1.0
hutay,1,0,1,0.0
cwgju,0,1,1,1.0
ndwpi,0,1,1,1.0
optacon,0,1,1,1.0
edfzw,0,1,1,1.0
sekhon,1,0,1,0.0
edgardo,0,1,1,1.0
inanci,0,1,1,1.0
argentinasbas,0,1,1,1.0
consolidado,0,1,1,1.0
turkhysteron,0,1,1,1.0
estatevictoria,0,1,1,1.0
shippl,1,0,1,0.0
camminu,1,0,1,0.0
utdalla,1,0,1,0.0
nplcgo,0,1,1,1.0
platebasket,0,1,1,1.0
pornofficebox,0,1,1,1.0
otliqrd,0,1,1,1.0
realizacji,1,0,1,0.0
gngpdfj,0,1,1,1.0
département,0,1,1,1.0
grimi,1,0,1,0.0
mxpwc,0,1,1,1.0
xel,1,0,1,0.0
dhm,1,0,1,0.0
uibrsjr,0,1,1,1.0
disocreet,0,1,1,1.0
zzeeghh,0,1,1,1.0
secinfo,1,0,1,0.0
advantagesandvalu,0,1,1,1.0
mailov,0,1,1,1.0
harvestedibi,0,1,1,1.0
doran,0,1,1,1.0
tuyg,0,1,1,1.0
bitikof,1,0,1,0.0
kumari,0,1,1,1.0
darkvgddpba,0,1,1,1.0
rvmpd,0,1,1,1.0
stie,1,0,1,0.0
smtpgw,0,1,1,1.0
tgxqajoa,0,1,1,1.0
advantagesm,0,1,1,1.0
netbussin,0,1,1,1.0
downtrad,1,0,1,0.0
exterritori,0,1,1,1.0
chuo,1,0,1,0.0
jlphillip,1,0,1,0.0
angehnjc,0,1,1,1.0
zux,0,1,1,1.0
brindarl,0,1,1,1.0
tltei,0,1,1,1.0
creditlin,1,0,1,0.0
babbiegurlacontia,0,1,1,1.0
nhjag,0,1,1,1.0
shezath,0,1,1,1.0
bankoperationen,0,1,1,1.0
iryywfk,0,1,1,1.0
mohaghegh,0,1,1,1.0
woodman,0,1,1,1.0
ratut,0,1,1,1.0
txnkfla,0,1,1,1.0
gfgkq,0,1,1,1.0
xpmppx,0,1,1,1.0
irán,0,1,1,1.0
kwota,1,0,1,0.0
fdnx,0,1,1,1.0
welcoml,0,1,1,1.0
datingizgood,0,1,1,1.0
patick,1,0,1,0.0
afdel,0,1,1,1.0
reestructurar,0,1,1,1.0
rhemov,0,1,1,1.0
nosmk,1,0,1,0.0
rueter,1,0,1,0.0
gbu,0,1,1,1.0
waaaaant,0,1,1,1.0
berechnen,0,1,1,1.0
uoy,0,1,1,1.0
uijcn,0,1,1,1.0
htvsff,0,1,1,1.0
otrzyma,1,0,1,0.0
calculo,0,1,1,1.0
frrigdclk,0,1,1,1.0
barabak,1,0,1,0.0
wono,0,1,1,1.0
nygzmxfr,0,1,1,1.0
shellenberg,1,0,1,0.0
davidpalm,0,1,1,1.0
petromac,1,0,1,0.0
eiching,1,0,1,0.0
gyvbcz,0,1,1,1.0
kimberyvalenzueia,0,1,1,1.0
ccegx,0,1,1,1.0
plazasoft,0,1,1,1.0
mengel,1,0,1,0.0
magnifykindr,0,1,1,1.0
overtli,1,0,1,0.0
lizz,0,1,1,1.0
dpmk,0,1,1,1.0
llzzxkdh,0,1,1,1.0
fkmm,0,1,1,1.0
chryal,1,0,1,0.0
medim,0,1,1,1.0
brinker,1,0,1,0.0
oxyccconttttin,0,1,1,1.0
pmegg,1,0,1,0.0
dtrli,0,1,1,1.0
glnrhnqn,0,1,1,1.0
prescriptionni,0,1,1,1.0
falik,1,0,1,0.0
croquetsourberri,0,1,1,1.0
trecmrlf,0,1,1,1.0
ltbgd,0,1,1,1.0
forlet,0,1,1,1.0
prático,0,1,1,1.0
yournbsp,0,1,1,1.0
qyzcmud,0,1,1,1.0
bearbeitet,0,1,1,1.0
loggen,0,1,1,1.0
chalcographi,0,1,1,1.0
seaton,1,0,1,0.0
aiien,0,1,1,1.0
slmpli,0,1,1,1.0
xnhn,0,1,1,1.0
qnijnh,0,1,1,1.0
lifestrategi,1,0,1,0.0
learanc,0,1,1,1.0
girlisabel,0,1,1,1.0
compers,0,1,1,1.0
jbte,0,1,1,1.0
basedw,0,1,1,1.0
lwuvqt,0,1,1,1.0
ylbefybecn,0,1,1,1.0
cristo,1,0,1,0.0
orroc,0,1,1,1.0
bodgi,0,1,1,1.0
uywzi,0,1,1,1.0
areli,0,1,1,1.0
comemiss,0,1,1,1.0
zcalo,0,1,1,1.0
tisoa,0,1,1,1.0
gywn,1,0,1,0.0
shk,0,1,1,1.0
metzhod,0,1,1,1.0
kolton,1,0,1,0.0
granadilla,0,1,1,1.0
cfan,0,1,1,1.0
etsj,0,1,1,1.0
wieldcircumspher,0,1,1,1.0
sifgrdk,0,1,1,1.0
ffhmp,0,1,1,1.0
siness,0,1,1,1.0
alphamal,0,1,1,1.0
vqi,0,1,1,1.0
stubbi,0,1,1,1.0
intercambiado,0,1,1,1.0
vbpvzhrng,0,1,1,1.0
qpxfmfhwe,0,1,1,1.0
unival,0,1,1,1.0
dbwel,0,1,1,1.0
clarosescalon,0,1,1,1.0
zhao,0,1,1,1.0
almostli,1,0,1,0.0
dhodovt,0,1,1,1.0
thlze,0,1,1,1.0
eogil,1,0,1,0.0
pleasecal,0,1,1,1.0
hyy,0,1,1,1.0
minogu,0,1,1,1.0
lukewarmli,0,1,1,1.0
hrc,1,0,1,0.0
dlpltda,0,1,1,1.0
enjk,0,1,1,1.0
udqsji,0,1,1,1.0
microport,1,0,1,0.0
capacitar,0,1,1,1.0
xji,0,1,1,1.0
reutin,0,1,1,1.0
theyconspir,0,1,1,1.0
ydaqmjtoa,0,1,1,1.0
bzddac,0,1,1,1.0
lennoxtrevor,0,1,1,1.0
saof,0,1,1,1.0
skvknmwncr,0,1,1,1.0
uupcgbsnew,0,1,1,1.0
ikpbfv,0,1,1,1.0
gqxoayoh,0,1,1,1.0
frac,0,1,1,1.0
rmj,0,1,1,1.0
agrxunubr,0,1,1,1.0
luz,0,1,1,1.0
ausweg,0,1,1,1.0
kja,0,1,1,1.0
milloin,0,1,1,1.0
sfale,0,1,1,1.0
xow,0,1,1,1.0
npjrnt,0,1,1,1.0
beeehn,0,1,1,1.0
wfzfvjzgz,0,1,1,1.0
uncloak,0,1,1,1.0
retaidl,0,1,1,1.0
grabthos,0,1,1,1.0
fytfiyeey,0,1,1,1.0
maysvvqj,0,1,1,1.0
iagpn,0,1,1,1.0
indisguis,0,1,1,1.0
seqdqescond,0,1,1,1.0
vtbu,0,1,1,1.0
avxahxsi,0,1,1,1.0
samsonchamb,0,1,1,1.0
societaria,0,1,1,1.0
gkzoxynxqqcix,0,1,1,1.0
tassigni,1,0,1,0.0
intexr,0,1,1,1.0
aczstaff,1,0,1,0.0
irnmmv,0,1,1,1.0
sfh,0,1,1,1.0
thuy,1,0,1,0.0
aquabiotech,0,1,1,1.0
quesion,1,0,1,0.0
forecavast,0,1,1,1.0
kmfotxp,0,1,1,1.0
spaceoth,0,1,1,1.0
spjpi,0,1,1,1.0
shipincreas,0,1,1,1.0
loughborough,0,1,1,1.0
zxmkz,0,1,1,1.0
byey,0,1,1,1.0
coool,0,1,1,1.0
onmouseout,0,1,1,1.0
detalladament,0,1,1,1.0
ddone,0,1,1,1.0
pengoodrichi,0,1,1,1.0
zwbpgz,0,1,1,1.0
sagetelecom,1,0,1,0.0
rnon,0,1,1,1.0
zejggryztelxc,0,1,1,1.0
xsrt,0,1,1,1.0
workmaverick,0,1,1,1.0
ovbnhsi,0,1,1,1.0
xanthipp,0,1,1,1.0
relea,1,0,1,0.0
pgeh,1,0,1,0.0
volumethi,0,1,1,1.0
opporturn,0,1,1,1.0
phxzubmjyooy,0,1,1,1.0
partyboy,0,1,1,1.0
secifi,1,0,1,0.0
crushconsumpt,0,1,1,1.0
taormina,1,0,1,0.0
reefc,0,1,1,1.0
duzcrhcb,0,1,1,1.0
peau,0,1,1,1.0
darlingtonl,0,1,1,1.0
ospybaj,0,1,1,1.0
ebuypay,0,1,1,1.0
addressl,1,0,1,0.0
eygr,0,1,1,1.0
tluqmnh,0,1,1,1.0
physiciaan,0,1,1,1.0
ishfaocifva,0,1,1,1.0
nadina,1,0,1,0.0
cbefk,0,1,1,1.0
predictio,1,0,1,0.0
llavallol,0,1,1,1.0
sidner,1,0,1,0.0
archil,0,1,1,1.0
haddisappoint,0,1,1,1.0
esrjml,0,1,1,1.0
apodektik,0,1,1,1.0
áõ,0,1,1,1.0
dcenterif,0,1,1,1.0
mrichard,1,0,1,0.0
kpph,1,0,1,0.0
moros,0,1,1,1.0
ajnqcdxqt,0,1,1,1.0
ilovey,1,0,1,0.0
zcxdmwn,0,1,1,1.0
nmm,0,1,1,1.0
lupanaria,0,1,1,1.0
saxsuperb,0,1,1,1.0
kprice,1,0,1,0.0
nnl,0,1,1,1.0
zlyyiikqw,0,1,1,1.0
respecta,0,1,1,1.0
viagpvra,0,1,1,1.0
ifqsdg,0,1,1,1.0
hdjxd,0,1,1,1.0
ivey,1,0,1,0.0
eefftc,0,1,1,1.0
gqryhw,0,1,1,1.0
yazoo,1,0,1,0.0
iconu,1,0,1,0.0
crdec,0,1,1,1.0
udpx,0,1,1,1.0
richarddaniel,1,0,1,0.0
vieler,0,1,1,1.0
mgvypmt,0,1,1,1.0
disfrtalo,0,1,1,1.0
adgbcfklxtnqyijzgvehm,0,1,1,1.0
confileo,0,1,1,1.0
ciac,1,0,1,0.0
ipt,0,1,1,1.0
aiu,0,1,1,1.0
rhq,0,1,1,1.0
mlh,0,1,1,1.0
roshena,1,0,1,0.0
gdpzhtni,0,1,1,1.0
ochlitre,1,0,1,0.0
umdf,0,1,1,1.0
hnovmxfbftllhjqlf,0,1,1,1.0
computercid,0,1,1,1.0
harg,0,1,1,1.0
recircul,0,1,1,1.0
aylor,1,0,1,0.0
llj,0,1,1,1.0
transili,0,1,1,1.0
handsomest,0,1,1,1.0
thatseven,0,1,1,1.0
seksual,0,1,1,1.0
indubi,0,1,1,1.0
ostatecznej,1,0,1,0.0
kyiqttfl,0,1,1,1.0
poteti,1,0,1,0.0
bitx,1,0,1,0.0
frbol,0,1,1,1.0
marketingplay,0,1,1,1.0
mimeticgrub,0,1,1,1.0
prout,0,1,1,1.0
aom,0,1,1,1.0
hxcruraf,0,1,1,1.0
sberlioz,0,1,1,1.0
lmkech,0,1,1,1.0
qgoe,0,1,1,1.0
arpent,0,1,1,1.0
ruttish,0,1,1,1.0
dhabo,0,1,1,1.0
vvm,1,0,1,0.0
bsq,0,1,1,1.0
llike,0,1,1,1.0
mpsdi,0,1,1,1.0
nlameft,0,1,1,1.0
boulton,1,0,1,0.0
schardt,1,0,1,0.0
toflhyd,0,1,1,1.0
dgdmnp,0,1,1,1.0
ivortex,0,1,1,1.0
npj,0,1,1,1.0
molestaremo,0,1,1,1.0
chv,1,0,1,0.0
cartwhel,1,0,1,0.0
cqri,0,1,1,1.0
lessiebush,0,1,1,1.0
crculaton,0,1,1,1.0
dqsxubu,0,1,1,1.0
viagrja,0,1,1,1.0
edc,0,1,1,1.0
kxvuslbkdf,0,1,1,1.0
gyatl,0,1,1,1.0
wrost,0,1,1,1.0
elam,0,1,1,1.0
erowid,0,1,1,1.0
stregthen,1,0,1,0.0
antwerpar,0,1,1,1.0
againstyear,1,0,1,0.0
ridgewood,1,0,1,0.0
kiejvrv,0,1,1,1.0
autogen,0,1,1,1.0
daytb,0,1,1,1.0
updateaccount,1,0,1,0.0
kuhpeofx,0,1,1,1.0
orgqasm,0,1,1,1.0
cherlyn,0,1,1,1.0
egul,0,1,1,1.0
dch,0,1,1,1.0
kitbag,0,1,1,1.0
dchang,1,0,1,0.0
seemless,0,1,1,1.0
kokoh,0,1,1,1.0
zeil,0,1,1,1.0
dxemeyiya,0,1,1,1.0
spcialist,1,0,1,0.0
nefxtday,0,1,1,1.0
issci,1,0,1,0.0
tqsmp,0,1,1,1.0
ecpect,1,0,1,0.0
speur,0,1,1,1.0
bmsev,0,1,1,1.0
quotecompar,0,1,1,1.0
qfaklxvm,0,1,1,1.0
dwyuti,0,1,1,1.0
uncongest,1,0,1,0.0
aqaba,0,1,1,1.0
dlhid,0,1,1,1.0
megalodon,0,1,1,1.0
supondría,0,1,1,1.0
supplianc,0,1,1,1.0
fiuzhsarp,0,1,1,1.0
llevá,0,1,1,1.0
rrive,1,0,1,0.0
vencido,0,1,1,1.0
stevi,0,1,1,1.0
ifoseek,0,1,1,1.0
vsdbr,0,1,1,1.0
aox,0,1,1,1.0
bskalberg,1,0,1,0.0
usxuud,0,1,1,1.0
cqv,0,1,1,1.0
ulipmmlp,0,1,1,1.0
bdisciplin,0,1,1,1.0
verdur,0,1,1,1.0
bihaen,0,1,1,1.0
dormitorybibb,0,1,1,1.0
membersand,0,1,1,1.0
fqbzshesyz,0,1,1,1.0
ifhprjg,0,1,1,1.0
kaquengaqu,0,1,1,1.0
tjfjeh,0,1,1,1.0
oaiep,0,1,1,1.0
vnxjnoaayq,0,1,1,1.0
neuroma,0,1,1,1.0
porterez,0,1,1,1.0
dxpoz,0,1,1,1.0
uptoeit,0,1,1,1.0
svhudzjj,0,1,1,1.0
ggsolzslw,0,1,1,1.0
noootificaa,0,1,1,1.0
wilsonaggi,1,0,1,0.0
currculo,0,1,1,1.0
natison,0,1,1,1.0
preceptor,0,1,1,1.0
infobvnl,0,1,1,1.0
haslittl,0,1,1,1.0
crider,1,0,1,0.0
betragt,0,1,1,1.0
rnntovcth,0,1,1,1.0
lawanda,0,1,1,1.0
securityf,0,1,1,1.0
oorpt,0,1,1,1.0
hexr,0,1,1,1.0
sxcbsyrt,0,1,1,1.0
corporatedecoupl,0,1,1,1.0
uidio,0,1,1,1.0
countryth,0,1,1,1.0
reexecut,0,1,1,1.0
adagiojuggl,0,1,1,1.0
enlazar,0,1,1,1.0
iuec,0,1,1,1.0
fashoda,0,1,1,1.0
barnetcottonmouth,0,1,1,1.0
gagen,1,0,1,0.0
awiat,0,1,1,1.0
abqlmu,0,1,1,1.0
mjk,0,1,1,1.0
mpd,0,1,1,1.0
evc,1,0,1,0.0
drawswer,0,1,1,1.0
waistbelt,0,1,1,1.0
vhwob,0,1,1,1.0
barograph,0,1,1,1.0
clientseffect,0,1,1,1.0
combahama,0,1,1,1.0
regalil,0,1,1,1.0
fendaudiotap,0,1,1,1.0
vqqlrgla,0,1,1,1.0
swhsz,0,1,1,1.0
vhwhgk,0,1,1,1.0
dúplex,0,1,1,1.0
vdvqeyjij,0,1,1,1.0
auszahlen,0,1,1,1.0
bnrhbv,0,1,1,1.0
rrwi,0,1,1,1.0
sibella,0,1,1,1.0
uwhth,0,1,1,1.0
chloroplast,0,1,1,1.0
amtwzao,0,1,1,1.0
creqo,0,1,1,1.0
youalett,0,1,1,1.0
gdm,1,0,1,0.0
solict,0,1,1,1.0
civilwartalk,0,1,1,1.0
idealssearch,0,1,1,1.0
eftia,0,1,1,1.0
tapirida,0,1,1,1.0
usedin,0,1,1,1.0
fxnoy,0,1,1,1.0
tremulousoxid,0,1,1,1.0
inchmeal,0,1,1,1.0
vlyfi,0,1,1,1.0
sycfhiibo,0,1,1,1.0
embu,0,1,1,1.0
suchmerg,0,1,1,1.0
researchvicki,0,1,1,1.0
isidro,0,1,1,1.0
opb,0,1,1,1.0
mxklszt,0,1,1,1.0
emjhq,0,1,1,1.0
qevrh,0,1,1,1.0
ayudaran,0,1,1,1.0
xjdip,0,1,1,1.0
ujvt,0,1,1,1.0
roznica,1,0,1,0.0
hzqiioq,0,1,1,1.0
stooooop,0,1,1,1.0
vindictivebristl,0,1,1,1.0
pfxyfwp,0,1,1,1.0
bimp,0,1,1,1.0
ycweid,0,1,1,1.0
vfnbvpc,0,1,1,1.0
wereselect,0,1,1,1.0
squidbentley,0,1,1,1.0
lxg,0,1,1,1.0
lnlzok,0,1,1,1.0
oup,0,1,1,1.0
hhiqycm,0,1,1,1.0
jferguso,1,0,1,0.0
heartseas,0,1,1,1.0
frisco,1,0,1,0.0
ojsdm,0,1,1,1.0
qofmb,0,1,1,1.0
reeeemoooooveeee,0,1,1,1.0
delian,0,1,1,1.0
loanoffic,0,1,1,1.0
dox,1,0,1,0.0
bitanhol,0,1,1,1.0
xdainti,0,1,1,1.0
servisleri,0,1,1,1.0
clypeastrina,0,1,1,1.0
noci,1,0,1,0.0
droht,0,1,1,1.0
blondiejoanna,0,1,1,1.0
uqrlzjh,0,1,1,1.0
wcquklxm,0,1,1,1.0
zfmuhlpmacromedia,0,1,1,1.0
andreh,0,1,1,1.0
ftwmovx,0,1,1,1.0
kuljj,0,1,1,1.0
bji,0,1,1,1.0
fishburn,1,0,1,0.0
reviveshakedown,0,1,1,1.0
guerridlla,0,1,1,1.0
havelock,1,0,1,0.0
stackpol,1,0,1,0.0
motherson,0,1,1,1.0
zlilswsemoxz,0,1,1,1.0
cltc,0,1,1,1.0
alexey,1,0,1,0.0
idwrslui,0,1,1,1.0
mrkspzvlm,0,1,1,1.0
hvwx,0,1,1,1.0
vrq,0,1,1,1.0
axwamq,0,1,1,1.0
slimeammunit,0,1,1,1.0
xjhfpa,0,1,1,1.0
causeless,0,1,1,1.0
sbnyavzck,0,1,1,1.0
aldeasinfantil,0,1,1,1.0
halloran,1,0,1,0.0
bekommem,0,1,1,1.0
boyz,0,1,1,1.0
yduik,0,1,1,1.0
tqf,0,1,1,1.0
gpyfycgxv,0,1,1,1.0
mpvhe,0,1,1,1.0
rmeal,0,1,1,1.0
audoviduvanj,0,1,1,1.0
nvxykr,0,1,1,1.0
cehpaer,0,1,1,1.0
pseudocarp,0,1,1,1.0
axkhqwpp,0,1,1,1.0
tageskonten,0,1,1,1.0
penissstrong,0,1,1,1.0
nwizzsi,0,1,1,1.0
vacunación,0,1,1,1.0
kandahar,1,0,1,0.0
fuaoo,0,1,1,1.0
invol,0,1,1,1.0
eppjjzxeb,0,1,1,1.0
bmad,0,1,1,1.0
xjmwebbff,0,1,1,1.0
youtilv,0,1,1,1.0
rypsxlfaedpz,0,1,1,1.0
imartinez,0,1,1,1.0
gebautbu,0,1,1,1.0
lhaoq,0,1,1,1.0
iiub,0,1,1,1.0
lacoyn,1,0,1,0.0
gqcuartante,0,1,1,1.0
chk,1,0,1,0.0
kinexu,0,1,1,1.0
kdiorit,0,1,1,1.0
xoxxlr,0,1,1,1.0
bvx,0,1,1,1.0
gulwihedj,0,1,1,1.0
sindicalizado,0,1,1,1.0
tosh,0,1,1,1.0
tuoujodv,0,1,1,1.0
trumpetvenu,0,1,1,1.0
consumerwarehous,0,1,1,1.0
ofmbh,0,1,1,1.0
oleandertun,0,1,1,1.0
aerolinenow,0,1,1,1.0
ejya,0,1,1,1.0
sirrb,0,1,1,1.0
unmerchant,0,1,1,1.0
prepetit,1,0,1,0.0
ccptng,0,1,1,1.0
kelast,0,1,1,1.0
porgno,0,1,1,1.0
domcrkrubr,0,1,1,1.0
cervixgreedi,0,1,1,1.0
hipodermica,0,1,1,1.0
ftika,0,1,1,1.0
steveferguson,0,1,1,1.0
lengthendendrit,0,1,1,1.0
oblongdirector,0,1,1,1.0
conedison,1,0,1,0.0
pybzoxabl,0,1,1,1.0
becloudherdsman,0,1,1,1.0
shafia,1,0,1,0.0
ausifutuu,0,1,1,1.0
gangbqang,0,1,1,1.0
dbbl,0,1,1,1.0
camilajusti,1,0,1,0.0
laplatta,1,0,1,0.0
wisbeck,1,0,1,0.0
premerg,1,0,1,0.0
itqo,0,1,1,1.0
binomin,0,1,1,1.0
storezon,0,1,1,1.0
bluest,0,1,1,1.0
cardio,0,1,1,1.0
qjo,0,1,1,1.0
wrxux,0,1,1,1.0
blr,0,1,1,1.0
sapexlotteri,0,1,1,1.0
occurerd,0,1,1,1.0
valt,0,1,1,1.0
subprogram,0,1,1,1.0
saltend,1,0,1,0.0
whelk,0,1,1,1.0
khancompositor,0,1,1,1.0
myteenki,0,1,1,1.0
moza,0,1,1,1.0
jgsmukpuj,0,1,1,1.0
dukhuw,0,1,1,1.0
obsequ,0,1,1,1.0
cdxw,0,1,1,1.0
stradford,1,0,1,0.0
mbdqbu,0,1,1,1.0
mbnenbhaa,0,1,1,1.0
kraljev,1,0,1,0.0
kckudd,1,0,1,0.0
scotton,1,0,1,0.0
guylen,1,0,1,0.0
obligati,0,1,1,1.0
cay,0,1,1,1.0
covers,1,0,1,0.0
szechwan,0,1,1,1.0
nocowalismi,1,0,1,0.0
avaiabl,1,0,1,0.0
vympxi,0,1,1,1.0
circulatório,0,1,1,1.0
thcere,0,1,1,1.0
woa,0,1,1,1.0
myweightlossm,0,1,1,1.0
converseawar,0,1,1,1.0
farmerj,1,0,1,0.0
gztqr,0,1,1,1.0
tintyp,0,1,1,1.0
vlcp,1,0,1,0.0
defaulther,0,1,1,1.0
ldkwexzn,0,1,1,1.0
austminex,0,1,1,1.0
winnersin,0,1,1,1.0
saradungu,0,1,1,1.0
gbhfr,0,1,1,1.0
intensivo,0,1,1,1.0
qzu,0,1,1,1.0
crevdit,0,1,1,1.0
wwzg,0,1,1,1.0
egotistornament,0,1,1,1.0
rzvmb,0,1,1,1.0
nullah,0,1,1,1.0
anesthesia,0,1,1,1.0
tanzo,1,0,1,0.0
htbgtppvtr,0,1,1,1.0
witzig,0,1,1,1.0
emea,1,0,1,0.0
personali,1,0,1,0.0
seetl,1,0,1,0.0
iuxvg,0,1,1,1.0
sashamoneyl,0,1,1,1.0
papaayr,1,0,1,0.0
publicist,0,1,1,1.0
unpost,0,1,1,1.0
pulcro,0,1,1,1.0
monin,1,0,1,0.0
operabronchiol,0,1,1,1.0
mailel,0,1,1,1.0
arth,0,1,1,1.0
tjnce,0,1,1,1.0
giorgio,0,1,1,1.0
rbh,0,1,1,1.0
zolkoski,1,0,1,0.0
fiewucm,0,1,1,1.0
sldkta,0,1,1,1.0
rozpoczeciem,1,0,1,0.0
loght,0,1,1,1.0
tclairvoy,0,1,1,1.0
speacker,1,0,1,0.0
commentor,1,0,1,0.0
jatbgmq,0,1,1,1.0
percexcel,0,1,1,1.0
elastic,0,1,1,1.0
demostró,0,1,1,1.0
ningum,0,1,1,1.0
decrybyron,0,1,1,1.0
petrocehm,1,0,1,0.0
ciayi,0,1,1,1.0
aag,0,1,1,1.0
multibithewitt,0,1,1,1.0
fiinaci,0,1,1,1.0
roughish,0,1,1,1.0
odgsapb,0,1,1,1.0
psqnlknhg,0,1,1,1.0
drd,0,1,1,1.0
fplxpv,0,1,1,1.0
sqhpw,0,1,1,1.0
hayton,0,1,1,1.0
herebynotifi,0,1,1,1.0
baosheng,0,1,1,1.0
adjo,0,1,1,1.0
bevdav,0,1,1,1.0
jci,0,1,1,1.0
aiul,0,1,1,1.0
iinwzi,0,1,1,1.0
reproducir,0,1,1,1.0
slidel,1,0,1,0.0
yzajia,0,1,1,1.0
sideboardcrowbait,0,1,1,1.0
iwwqo,0,1,1,1.0
anthonio,0,1,1,1.0
lefler,0,1,1,1.0
publiccorwin,0,1,1,1.0
headachesmerl,0,1,1,1.0
kinesicanonym,0,1,1,1.0
oyidqcsixfshnjuwimcwqwn,0,1,1,1.0
ivrpek,0,1,1,1.0
tjyfxr,0,1,1,1.0
selectivament,0,1,1,1.0
khmdgvf,0,1,1,1.0
precious,0,1,1,1.0
pxcspue,0,1,1,1.0
metropitan,1,0,1,0.0
bwvmmp,0,1,1,1.0
uvu,0,1,1,1.0
esterilizacion,0,1,1,1.0
picazon,0,1,1,1.0
fruoxhchr,0,1,1,1.0
xxlngovauz,0,1,1,1.0
onyou,0,1,1,1.0
naaman,1,0,1,0.0
asiatiqu,0,1,1,1.0
erent,0,1,1,1.0
bigbertha,1,0,1,0.0
fcqskifhr,0,1,1,1.0
qbmvxe,0,1,1,1.0
eyftsi,0,1,1,1.0
stonebredg,0,1,1,1.0
owhjyj,0,1,1,1.0
indeedgood,0,1,1,1.0
executionbicamer,0,1,1,1.0
indominit,0,1,1,1.0
vieram,0,1,1,1.0
qqkox,0,1,1,1.0
bandyleg,0,1,1,1.0
zfvkczkl,0,1,1,1.0
allalo,0,1,1,1.0
washo,0,1,1,1.0
ngafostisto,0,1,1,1.0
vancko,1,0,1,0.0
redk,0,1,1,1.0
krugersdorp,0,1,1,1.0
iicrlhbkntkxepj,0,1,1,1.0
qnsehayg,0,1,1,1.0
tabbatha,0,1,1,1.0
çëí,0,1,1,1.0
rami,0,1,1,1.0
satiszfact,0,1,1,1.0
negatori,0,1,1,1.0
biiiiiig,0,1,1,1.0
maintop,0,1,1,1.0
excellentwatch,0,1,1,1.0
moorland,0,1,1,1.0
micrussel,1,0,1,0.0
htsvilmjeeopu,0,1,1,1.0
phonedsa,0,1,1,1.0
portcrayon,0,1,1,1.0
privilegd,0,1,1,1.0
expereinc,1,0,1,0.0
omnivor,0,1,1,1.0
clalsand,0,1,1,1.0
thwzvfjaj,0,1,1,1.0
amz,0,1,1,1.0
jmcusimano,1,0,1,0.0
strucutur,1,0,1,0.0
fortfiv,0,1,1,1.0
pierrett,0,1,1,1.0
babin,1,0,1,0.0
zfp,0,1,1,1.0
rward,0,1,1,1.0
immanuel,1,0,1,0.0
titiv,0,1,1,1.0
edvanlcedwanow,0,1,1,1.0
rbara,0,1,1,1.0
jmoqmkcgn,0,1,1,1.0
hangdog,0,1,1,1.0
parceria,0,1,1,1.0
unmonitor,0,1,1,1.0
hornetsymbol,0,1,1,1.0
swcp,0,1,1,1.0
epigastr,0,1,1,1.0
zaprin,0,1,1,1.0
mfwslqd,0,1,1,1.0
iyakubonana,0,1,1,1.0
pleasesis,0,1,1,1.0
kabpgquabix,0,1,1,1.0
onlcp,0,1,1,1.0
orvder,0,1,1,1.0
zoyevjr,0,1,1,1.0
thudgelmir,0,1,1,1.0
kysar,1,0,1,0.0
williford,1,0,1,0.0
westergaard,1,0,1,0.0
pov,0,1,1,1.0
cuquo,0,1,1,1.0
bdfnzl,0,1,1,1.0
jcsiy,0,1,1,1.0
afternooncircul,0,1,1,1.0
odio,0,1,1,1.0
fendocentr,0,1,1,1.0
ßççµå,0,1,1,1.0
belyingevolv,0,1,1,1.0
kelser,1,0,1,0.0
obtiverem,0,1,1,1.0
ctvlr,0,1,1,1.0
stuzugix,0,1,1,1.0
vsdtxcmm,0,1,1,1.0
mccutcheon,1,0,1,0.0
fvkoirh,0,1,1,1.0
iluminación,0,1,1,1.0
signalbook,0,1,1,1.0
kaplow,1,0,1,0.0
herfindahl,1,0,1,0.0
mye,0,1,1,1.0
imgenex,0,1,1,1.0
deric,1,0,1,0.0
cookson,1,0,1,0.0
xtegymf,0,1,1,1.0
treetop,0,1,1,1.0
aieseec,1,0,1,0.0
pharmaub,0,1,1,1.0
shroff,0,1,1,1.0
ozrq,0,1,1,1.0
alternativo,0,1,1,1.0
dcoa,0,1,1,1.0
granado,1,0,1,0.0
urgentt,0,1,1,1.0
shaumbra,0,1,1,1.0
bizcap,0,1,1,1.0
kandylo,1,0,1,0.0
boscho,0,1,1,1.0
dedan,0,1,1,1.0
qualatit,1,0,1,0.0
ufthgwjr,0,1,1,1.0
lovprisningern,0,1,1,1.0
lpxcm,0,1,1,1.0
syw,0,1,1,1.0
goennen,0,1,1,1.0
tnkzxg,0,1,1,1.0
nifblgqrh,0,1,1,1.0
arquitectnica,0,1,1,1.0
bsmtp,0,1,1,1.0
mxdiggvdi,0,1,1,1.0
rcx,0,1,1,1.0
kli,0,1,1,1.0
allgoodsexguid,0,1,1,1.0
zmolek,1,0,1,0.0
repositiri,1,0,1,0.0
lblbb,0,1,1,1.0
hharchitect,1,0,1,0.0
owenkk,0,1,1,1.0
necessário,0,1,1,1.0
captureform,0,1,1,1.0
latinarigq,0,1,1,1.0
enex,1,0,1,0.0
xcyxslnk,0,1,1,1.0
wallaa,0,1,1,1.0
rplayguy,0,1,1,1.0
eiyu,0,1,1,1.0
limlt,0,1,1,1.0
penw,0,1,1,1.0
hogshead,0,1,1,1.0
jinglephoneisrael,0,1,1,1.0
polytop,0,1,1,1.0
operacionai,0,1,1,1.0
smalsl,0,1,1,1.0
takenburnsid,0,1,1,1.0
ibama,0,1,1,1.0
schmid,1,0,1,0.0
xanaaax,0,1,1,1.0
minton,0,1,1,1.0
wamsutt,1,0,1,0.0
yntqwsxbf,0,1,1,1.0
autolysi,0,1,1,1.0
dgcrxq,0,1,1,1.0
localfpharmaci,0,1,1,1.0
xyxavhvqtm,0,1,1,1.0
dfxlnwen,0,1,1,1.0
flfth,0,1,1,1.0
zpwapnw,0,1,1,1.0
rowsfrolick,0,1,1,1.0
floorplan,0,1,1,1.0
houstonion,1,0,1,0.0
carecloth,0,1,1,1.0
shehad,0,1,1,1.0
menschenverstand,0,1,1,1.0
saefong,1,0,1,0.0
spokeman,1,0,1,0.0
sabr,0,1,1,1.0
killsthecreatur,0,1,1,1.0
hqm,0,1,1,1.0
reinstitut,1,0,1,0.0
raba,0,1,1,1.0
xiwbsm,0,1,1,1.0
iagsi,0,1,1,1.0
sfkmhgqh,0,1,1,1.0
deshaun,0,1,1,1.0
ttpg,0,1,1,1.0
joyless,0,1,1,1.0
litrixpwz,0,1,1,1.0
zgbzrchhj,0,1,1,1.0
dtb,0,1,1,1.0
flg,0,1,1,1.0
wlb,1,0,1,0.0
pharamcybymaal,0,1,1,1.0
popracowac,1,0,1,0.0
hqothwu,0,1,1,1.0
ohxpq,0,1,1,1.0
llumu,0,1,1,1.0
varshney,1,0,1,0.0
bitceh,0,1,1,1.0
adhd,0,1,1,1.0
qalbxo,0,1,1,1.0
snvnn,0,1,1,1.0
seamanship,0,1,1,1.0
wcpo,0,1,1,1.0
hsczlkdylvtsbbapa,0,1,1,1.0
bwhitton,0,1,1,1.0
zsiiyhmu,0,1,1,1.0
ysxhmpkbr,0,1,1,1.0
elcon,1,0,1,0.0
qktngn,0,1,1,1.0
rahennessi,1,0,1,0.0
bhckolead,0,1,1,1.0
cikhlnuw,0,1,1,1.0
dxbnynqzcbr,0,1,1,1.0
jmancini,1,0,1,0.0
simbamail,0,1,1,1.0
topcal,0,1,1,1.0
bfriy,0,1,1,1.0
louisvilleaccordion,0,1,1,1.0
xzbuohfdi,0,1,1,1.0
claireanderson,0,1,1,1.0
gigfvbagbxcl,0,1,1,1.0
helloher,0,1,1,1.0
homeparti,0,1,1,1.0
behsc,1,0,1,0.0
profilejen,0,1,1,1.0
largment,0,1,1,1.0
dtmejsttjjdupgsqobz,0,1,1,1.0
rabdf,0,1,1,1.0
hetsac,0,1,1,1.0
scraik,0,1,1,1.0
prescrption,0,1,1,1.0
anapaest,0,1,1,1.0
jqdq,0,1,1,1.0
uhdeolwi,0,1,1,1.0
uyit,0,1,1,1.0
timeclock,0,1,1,1.0
dcada,0,1,1,1.0
koq,0,1,1,1.0
bonecarv,0,1,1,1.0
queensferri,0,1,1,1.0
abstemi,0,1,1,1.0
norwayplanar,0,1,1,1.0
gkbhe,0,1,1,1.0
creptclap,0,1,1,1.0
myciti,0,1,1,1.0
vgq,0,1,1,1.0
elnramgnet,0,1,1,1.0
contemplen,0,1,1,1.0
meteorologyhan,0,1,1,1.0
dunegan,1,0,1,0.0
lmwtjfkt,0,1,1,1.0
jpnavfnebr,0,1,1,1.0
hakea,0,1,1,1.0
jbejmco,0,1,1,1.0
payplan,0,1,1,1.0
renegad,1,0,1,0.0
uncaught,0,1,1,1.0
verpassen,1,0,1,0.0
verboden,0,1,1,1.0
portmanteaudiopt,0,1,1,1.0
yourslet,0,1,1,1.0
luckyyearpromot,0,1,1,1.0
wolverinexcalibu,0,1,1,1.0
baumont,1,0,1,0.0
erradicar,0,1,1,1.0
hwjmjyhfjlua,0,1,1,1.0
conversacin,0,1,1,1.0
comprovação,0,1,1,1.0
mjxaipyil,0,1,1,1.0
pupoda,0,1,1,1.0
qfukrwbo,0,1,1,1.0
phenterminevalium,0,1,1,1.0
tbglstg,0,1,1,1.0
daylong,1,0,1,0.0
fredericdaddi,0,1,1,1.0
kontaktanzeigen,0,1,1,1.0
bme,0,1,1,1.0
progran,0,1,1,1.0
koph,0,1,1,1.0
cuewkjr,0,1,1,1.0
bjm,0,1,1,1.0
plansstart,0,1,1,1.0
septuplet,0,1,1,1.0
kghqh,0,1,1,1.0
espcial,0,1,1,1.0
tqv,0,1,1,1.0
kathern,0,1,1,1.0
xsxupevt,0,1,1,1.0
hausfrauen,0,1,1,1.0
indur,0,1,1,1.0
vhlp,0,1,1,1.0
zek,0,1,1,1.0
bcherouvri,0,1,1,1.0
iieo,0,1,1,1.0
expectativa,0,1,1,1.0
yilhxmdmvow,0,1,1,1.0
abarca,0,1,1,1.0
baccxiw,0,1,1,1.0
cholecystokinin,0,1,1,1.0
sumthn,0,1,1,1.0
efki,0,1,1,1.0
demilio,0,1,1,1.0
titanicshotgun,0,1,1,1.0
darrellglanvil,0,1,1,1.0
destinationsst,0,1,1,1.0
hvnamhea,0,1,1,1.0
pinzon,1,0,1,0.0
photoneutron,0,1,1,1.0
bigprod,0,1,1,1.0
akboy,0,1,1,1.0
qvklj,0,1,1,1.0
diat,0,1,1,1.0
sarhmn,0,1,1,1.0
fbchynhgi,0,1,1,1.0
fcl,0,1,1,1.0
ayxt,0,1,1,1.0
renr,1,0,1,0.0
examinant,0,1,1,1.0
orgazzsm,0,1,1,1.0
cdxjvqha,0,1,1,1.0
confiabilidad,0,1,1,1.0
feudalist,0,1,1,1.0
withthre,0,1,1,1.0
nospysoft,0,1,1,1.0
podsptuo,0,1,1,1.0
htboujl,0,1,1,1.0
piscesseptemb,0,1,1,1.0
statuett,0,1,1,1.0
scotlandunkempt,0,1,1,1.0
plcapnng,1,0,1,0.0
itemsselectorbest,0,1,1,1.0
fexkjth,0,1,1,1.0
mvcmv,0,1,1,1.0
vqtw,0,1,1,1.0
wilhelminamal,0,1,1,1.0
uyweab,0,1,1,1.0
rsumait,0,1,1,1.0
wallsend,0,1,1,1.0
bhsi,0,1,1,1.0
lettlvrp,0,1,1,1.0
okanogan,1,0,1,0.0
carswhat,0,1,1,1.0
zhongguoangel,0,1,1,1.0
yreliodctrin,0,1,1,1.0
bmratch,1,0,1,0.0
microprocessor,1,0,1,0.0
nonapplic,1,0,1,0.0
sthe,0,1,1,1.0
seltek,0,1,1,1.0
frictionalnauseum,0,1,1,1.0
nectarifer,0,1,1,1.0
daubenton,0,1,1,1.0
jzgra,0,1,1,1.0
kellen,0,1,1,1.0
frim,0,1,1,1.0
pureplump,0,1,1,1.0
quinci,0,1,1,1.0
unconstitut,1,0,1,0.0
nheglokd,0,1,1,1.0
tigerish,0,1,1,1.0
theylost,0,1,1,1.0
disponibilizando,0,1,1,1.0
whodunnit,0,1,1,1.0
dificilment,0,1,1,1.0
kalnet,1,0,1,0.0
euxenit,0,1,1,1.0
fearfulhobb,0,1,1,1.0
wkldz,0,1,1,1.0
ttakc,0,1,1,1.0
borraremo,0,1,1,1.0
jpbq,0,1,1,1.0
yourth,0,1,1,1.0
ambiiien,0,1,1,1.0
xprhga,0,1,1,1.0
buurn,0,1,1,1.0
rtank,1,0,1,0.0
parla,0,1,1,1.0
teask,0,1,1,1.0
disrceet,0,1,1,1.0
asocia,0,1,1,1.0
eficientars,0,1,1,1.0
doingwel,0,1,1,1.0
ppbgzlhrirait,0,1,1,1.0
tghzbut,0,1,1,1.0
arcserv,1,0,1,0.0
lffksmxxaxlajerfrh,0,1,1,1.0
hardanallov,0,1,1,1.0
pmaaaid,0,1,1,1.0
headskin,0,1,1,1.0
désaccord,0,1,1,1.0
dpejoqerl,0,1,1,1.0
majurey,1,0,1,0.0
qfkxn,0,1,1,1.0
collec,0,1,1,1.0
socrum,0,1,1,1.0
ocorrem,0,1,1,1.0
fidencio,0,1,1,1.0
vanishremedi,0,1,1,1.0
jqhufym,0,1,1,1.0
armazmail,0,1,1,1.0
coolpharrmaci,0,1,1,1.0
ylsmuv,0,1,1,1.0
gxa,0,1,1,1.0
juárez,0,1,1,1.0
schadenfreud,1,0,1,0.0
tegoz,1,0,1,0.0
supersymmetri,1,0,1,0.0
akngfdm,0,1,1,1.0
tsqqrb,0,1,1,1.0
burocrática,0,1,1,1.0
tgyknsgb,0,1,1,1.0
dted,0,1,1,1.0
lodin,1,0,1,0.0
aqhvj,0,1,1,1.0
wbc,0,1,1,1.0
reduo,0,1,1,1.0
yblk,0,1,1,1.0
inevibit,0,1,1,1.0
goodal,1,0,1,0.0
eollium,0,1,1,1.0
fedecr,0,1,1,1.0
andbeat,0,1,1,1.0
wnwdoi,0,1,1,1.0
compreenso,0,1,1,1.0
agquot,0,1,1,1.0
webcindario,0,1,1,1.0
tcalpcfi,0,1,1,1.0
virinova,0,1,1,1.0
cementerio,0,1,1,1.0
exzazo,0,1,1,1.0
dgapcrgv,0,1,1,1.0
ermanno,0,1,1,1.0
gtsa,1,0,1,0.0
emead,1,0,1,0.0
carruthersl,0,1,1,1.0
alexana,1,0,1,0.0
wez,0,1,1,1.0
jxyjbcwuomrbaypipswft,0,1,1,1.0
zfv,0,1,1,1.0
fhprj,0,1,1,1.0
lyre,0,1,1,1.0
vxdedxo,0,1,1,1.0
backdraft,1,0,1,0.0
qiut,0,1,1,1.0
selflight,0,1,1,1.0
snuffyrugbi,0,1,1,1.0
ksdh,0,1,1,1.0
herschman,1,0,1,0.0
rizzo,1,0,1,0.0
ugkdrf,0,1,1,1.0
pleasanntli,0,1,1,1.0
frj,0,1,1,1.0
bhtylunotf,0,1,1,1.0
tbctqe,0,1,1,1.0
encontra,0,1,1,1.0
finmath,1,0,1,0.0
schwierigkeiten,0,1,1,1.0
enlliarg,0,1,1,1.0
yxpga,0,1,1,1.0
colchest,0,1,1,1.0
azgcwsbn,0,1,1,1.0
charlest,1,0,1,0.0
standingwaist,0,1,1,1.0
ueyggx,0,1,1,1.0
yourneedsdr,0,1,1,1.0
assisin,0,1,1,1.0
jnma,0,1,1,1.0
lionheart,0,1,1,1.0
carbarn,0,1,1,1.0
yackviz,0,1,1,1.0
giasexvid,0,1,1,1.0
xaf,0,1,1,1.0
exf,0,1,1,1.0
danecclesiast,0,1,1,1.0
getyoursoftnow,0,1,1,1.0
bva,0,1,1,1.0
mullimi,1,0,1,0.0
pobtpini,0,1,1,1.0
ouoqj,0,1,1,1.0
yoiu,0,1,1,1.0
centerspan,0,1,1,1.0
bexokaaen,0,1,1,1.0
strine,1,0,1,0.0
internetbankin,0,1,1,1.0
foreverand,0,1,1,1.0
sexwithmatur,0,1,1,1.0
audinet,1,0,1,0.0
dbrxj,0,1,1,1.0
kctjfwrjx,0,1,1,1.0
inbreath,0,1,1,1.0
grko,0,1,1,1.0
malmagu,1,0,1,0.0
autogreet,0,1,1,1.0
glamourgold,0,1,1,1.0
kbwnbxb,0,1,1,1.0
mercredi,0,1,1,1.0
outpour,1,0,1,0.0
onliiin,0,1,1,1.0
oho,0,1,1,1.0
trovatorhttp,0,1,1,1.0
fortec,0,1,1,1.0
disceiplin,0,1,1,1.0
cumminstoot,0,1,1,1.0
britannicadodrespons,0,1,1,1.0
roodepoort,0,1,1,1.0
vanbuskirk,0,1,1,1.0
vartec,1,0,1,0.0
pgkdqa,0,1,1,1.0
omoruyi,0,1,1,1.0
klbo,1,0,1,0.0
cggeklkmhdktkq,0,1,1,1.0
ylptmmzyi,0,1,1,1.0
kemfb,0,1,1,1.0
jafnpo,0,1,1,1.0
portlandairportpdx,1,0,1,0.0
ionaimin,0,1,1,1.0
theancient,0,1,1,1.0
mozambican,1,0,1,0.0
blackbeard,0,1,1,1.0
xozqb,0,1,1,1.0
aei,1,0,1,0.0
ranglerpay,0,1,1,1.0
apatitespinst,0,1,1,1.0
tmwflsj,0,1,1,1.0
bjmcadefghl,0,1,1,1.0
allget,1,0,1,0.0
elisc,0,1,1,1.0
vienn,0,1,1,1.0
oovjtaayo,0,1,1,1.0
phramacybymail,0,1,1,1.0
stxffxhoy,0,1,1,1.0
uthuzww,0,1,1,1.0
additionaldrab,0,1,1,1.0
pausk,0,1,1,1.0
geog,1,0,1,0.0
hootch,0,1,1,1.0
icckmv,0,1,1,1.0
ldupo,0,1,1,1.0
wplynieciu,1,0,1,0.0
mlt,1,0,1,0.0
lhwibix,0,1,1,1.0
witgm,0,1,1,1.0
rzokq,0,1,1,1.0
flippanc,0,1,1,1.0
àçå,0,1,1,1.0
completeley,1,0,1,0.0
zanieczyszczen,1,0,1,0.0
klei,0,1,1,1.0
protduct,0,1,1,1.0
dayanisma,0,1,1,1.0
znmysxpmd,0,1,1,1.0
gregwemhoen,1,0,1,0.0
nnsu,0,1,1,1.0
prqwi,0,1,1,1.0
lipk,1,0,1,0.0
yesb,0,1,1,1.0
olvid,0,1,1,1.0
zpf,0,1,1,1.0
kenrickkelsey,0,1,1,1.0
pearlin,0,1,1,1.0
archpontiff,0,1,1,1.0
awaythi,0,1,1,1.0
frergc,0,1,1,1.0
sjustforfun,0,1,1,1.0
cqunecc,0,1,1,1.0
lsand,0,1,1,1.0
internetowej,1,0,1,0.0
francisoma,0,1,1,1.0
cournot,1,0,1,0.0
lsnj,0,1,1,1.0
kablosunu,0,1,1,1.0
emeblm,0,1,1,1.0
vjlvzkb,0,1,1,1.0
trask,0,1,1,1.0
fqiff,0,1,1,1.0
bacbwefd,0,1,1,1.0
oorjq,0,1,1,1.0
dayo,1,0,1,0.0
raymondjam,1,0,1,0.0
kishro,1,0,1,0.0
stepsist,0,1,1,1.0
cinci,0,1,1,1.0
lhav,0,1,1,1.0
soori,1,0,1,0.0
olftbjqo,0,1,1,1.0
elisb,0,1,1,1.0
ktavxz,0,1,1,1.0
ejjruz,0,1,1,1.0
erecti,0,1,1,1.0
streetist,0,1,1,1.0
hntoesli,0,1,1,1.0
cuscu,0,1,1,1.0
philipajayi,0,1,1,1.0
larrup,0,1,1,1.0
toerner,1,0,1,0.0
ollfwbur,0,1,1,1.0
bloomingdal,1,0,1,0.0
presentationth,1,0,1,0.0
xwdvm,0,1,1,1.0
jash,0,1,1,1.0
asinex,0,1,1,1.0
kubbc,0,1,1,1.0
emagrec,0,1,1,1.0
vctfvxbn,0,1,1,1.0
mclaren,0,1,1,1.0
xanfax,0,1,1,1.0
mhu,0,1,1,1.0
hideawaycryptogram,0,1,1,1.0
polskiego,1,0,1,0.0
cliquant,0,1,1,1.0
xcdsrrrr,0,1,1,1.0
pjg,0,1,1,1.0
viicodiin,0,1,1,1.0
termocatarinens,1,0,1,0.0
sadeera,0,1,1,1.0
sinisterarc,0,1,1,1.0
emiliano,0,1,1,1.0
bhuu,0,1,1,1.0
detien,0,1,1,1.0
catssup,0,1,1,1.0
rvynzq,0,1,1,1.0
hysto,0,1,1,1.0
matador,0,1,1,1.0
ygyjp,0,1,1,1.0
référenc,0,1,1,1.0
wiajzcatwzbb,0,1,1,1.0
heeeeeeereeee,0,1,1,1.0
uzybun,0,1,1,1.0
scrappl,1,0,1,0.0
midmorndust,0,1,1,1.0
loacm,0,1,1,1.0
transcvend,0,1,1,1.0
rajwani,1,0,1,0.0
localipharmaci,0,1,1,1.0
çáíè,0,1,1,1.0
magnífico,0,1,1,1.0
revoltcacophoni,0,1,1,1.0
testbedfiddlestick,0,1,1,1.0
guildford,0,1,1,1.0
viaghra,0,1,1,1.0
xijv,0,1,1,1.0
napedersen,1,0,1,0.0
ykrnvxzr,0,1,1,1.0
schell,0,1,1,1.0
qousewb,0,1,1,1.0
farmacocinético,0,1,1,1.0
nocommit,0,1,1,1.0
neuquén,0,1,1,1.0
ona,1,0,1,0.0
vxvnxrdzq,0,1,1,1.0
bollock,1,0,1,0.0
ywvbekusi,0,1,1,1.0
cashj,1,0,1,0.0
hagiocraci,0,1,1,1.0
nyskmfw,0,1,1,1.0
zligzgc,0,1,1,1.0
neckpiec,0,1,1,1.0
acurraci,1,0,1,0.0
reestructura,0,1,1,1.0
lcsnrpuw,0,1,1,1.0
xtttl,0,1,1,1.0
santand,0,1,1,1.0
plx,0,1,1,1.0
guarranteedd,0,1,1,1.0
abrbrazi,0,1,1,1.0
zkoogvxgfhqlbksflur,0,1,1,1.0
kyoko,1,0,1,0.0
onvo,0,1,1,1.0
deseason,1,0,1,0.0
prooven,0,1,1,1.0
kunststoffgehaeus,0,1,1,1.0
elmsvg,0,1,1,1.0
roddi,0,1,1,1.0
vame,1,0,1,0.0
laast,1,0,1,0.0
frermat,0,1,1,1.0
dowload,1,0,1,0.0
braggingl,0,1,1,1.0
stalker,1,0,1,0.0
locoma,0,1,1,1.0
dsfsdfdsfdgffd,0,1,1,1.0
slou,0,1,1,1.0
telefoniczn,1,0,1,0.0
wgntnnbjicj,0,1,1,1.0
transcurso,0,1,1,1.0
rectifyveneto,0,1,1,1.0
tmfog,0,1,1,1.0
scalf,1,0,1,0.0
jolayemi,0,1,1,1.0
uacteub,0,1,1,1.0
mightcdgt,0,1,1,1.0
peasantbitten,0,1,1,1.0
ueqa,0,1,1,1.0
lynnwright,0,1,1,1.0
holymoli,0,1,1,1.0
jhezmr,0,1,1,1.0
tqh,0,1,1,1.0
pechman,1,0,1,0.0
smarmycosset,0,1,1,1.0
jarradh,1,0,1,0.0
sniffi,0,1,1,1.0
tjttq,0,1,1,1.0
communitymgt,1,0,1,0.0
venuso,0,1,1,1.0
autocentrix,0,1,1,1.0
eboibvb,0,1,1,1.0
ilbnhtgbuxpdyk,0,1,1,1.0
qgq,0,1,1,1.0
brigida,0,1,1,1.0
toyko,1,0,1,0.0
peschka,1,0,1,0.0
sreke,0,1,1,1.0
swdmbqc,0,1,1,1.0
rocketloan,1,0,1,0.0
zkvqdq,0,1,1,1.0
kelman,1,0,1,0.0
nachtwachtlaan,0,1,1,1.0
lybgzymku,0,1,1,1.0
nannaco,0,1,1,1.0
nftrkdoyg,0,1,1,1.0
ahyx,0,1,1,1.0
blitzsalesup,0,1,1,1.0
powrtop,0,1,1,1.0
lstth,0,1,1,1.0
haddi,0,1,1,1.0
gueqkb,0,1,1,1.0
ugfxg,0,1,1,1.0
maloneerotica,0,1,1,1.0
toensur,0,1,1,1.0
benzenecurv,1,0,1,0.0
hoosierlink,1,0,1,0.0
hasa,0,1,1,1.0
wovkhek,0,1,1,1.0
whossoft,0,1,1,1.0
wrung,0,1,1,1.0
seaeneipz,0,1,1,1.0
izoviwzcl,0,1,1,1.0
factset,1,0,1,0.0
optkaleouthymnalpleas,0,1,1,1.0
pubescen,0,1,1,1.0
aeugoztu,0,1,1,1.0
forclip,0,1,1,1.0
glycosuria,0,1,1,1.0
perul,0,1,1,1.0
sfmpu,0,1,1,1.0
qhhke,0,1,1,1.0
sabretooth,0,1,1,1.0
gwjuqmrbz,0,1,1,1.0
stonemason,0,1,1,1.0
sugarkind,0,1,1,1.0
bratislava,0,1,1,1.0
chastitylyra,0,1,1,1.0
overturf,1,0,1,0.0
rmmeeerb,0,1,1,1.0
hzvyl,0,1,1,1.0
zzsyt,0,1,1,1.0
yelpannot,0,1,1,1.0
whero,0,1,1,1.0
somoen,0,1,1,1.0
galat,1,0,1,0.0
kjckd,0,1,1,1.0
apesar,0,1,1,1.0
xlrzbql,0,1,1,1.0
kytnhm,0,1,1,1.0
awechortl,0,1,1,1.0
yomiuri,1,0,1,0.0
quezonmed,0,1,1,1.0
pvogo,0,1,1,1.0
wowdni,0,1,1,1.0
gbslx,0,1,1,1.0
eurest,0,1,1,1.0
mahrashtra,1,0,1,0.0
wkjl,0,1,1,1.0
yuga,0,1,1,1.0
slupler,0,1,1,1.0
ukimqlb,0,1,1,1.0
landreth,0,1,1,1.0
qsuechdq,0,1,1,1.0
shikup,0,1,1,1.0
pwth,0,1,1,1.0
ceromoni,0,1,1,1.0
basiclist,0,1,1,1.0
ytajgqx,0,1,1,1.0
vrdnhidyp,0,1,1,1.0
ymbqfb,0,1,1,1.0
bdcqtcou,0,1,1,1.0
zell,1,0,1,0.0
manfredexpertis,0,1,1,1.0
assalamu,0,1,1,1.0
kqiji,0,1,1,1.0
vlhzr,0,1,1,1.0
agendada,0,1,1,1.0
payperiod,1,0,1,0.0
maycontain,1,0,1,0.0
moranmilkwe,0,1,1,1.0
ercprqx,0,1,1,1.0
mandarl,0,1,1,1.0
qsn,0,1,1,1.0
wächst,0,1,1,1.0
mlkdcmndcgev,0,1,1,1.0
mgolaboff,1,0,1,0.0
vmhjbeae,0,1,1,1.0
ceqrz,0,1,1,1.0
godwinusa,0,1,1,1.0
pvryep,0,1,1,1.0
whitbread,1,0,1,0.0
electrocution,0,1,1,1.0
dantuli,1,0,1,0.0
adfttphh,0,1,1,1.0
lorin,0,1,1,1.0
baqoqid,0,1,1,1.0
hacers,0,1,1,1.0
mpotishnak,1,0,1,0.0
nqejl,0,1,1,1.0
jmqkqg,0,1,1,1.0
negociacion,0,1,1,1.0
ftopolog,0,1,1,1.0
zwgao,0,1,1,1.0
hbra,0,1,1,1.0
vurpw,0,1,1,1.0
doszedl,1,0,1,0.0
francesco,0,1,1,1.0
gppuovt,0,1,1,1.0
invetor,1,0,1,0.0
possiblil,1,0,1,0.0
ocurriera,0,1,1,1.0
cicer,0,1,1,1.0
bicjcvmqw,0,1,1,1.0
eckermann,1,0,1,0.0
estarian,0,1,1,1.0
iemoy,0,1,1,1.0
opioid,0,1,1,1.0
urfig,0,1,1,1.0
announcedforaqgi,0,1,1,1.0
lpublic,0,1,1,1.0
idcxybf,0,1,1,1.0
scientistmark,1,0,1,0.0
eejtlgkjj,0,1,1,1.0
thomasbarkley,1,0,1,0.0
genser,0,1,1,1.0
bbbxxfq,0,1,1,1.0
gradmus,0,1,1,1.0
pattaya,0,1,1,1.0
lamcintosh,1,0,1,0.0
resultingli,1,0,1,0.0
eotr,0,1,1,1.0
kamath,1,0,1,0.0
overníght,0,1,1,1.0
mxol,0,1,1,1.0
cddyo,0,1,1,1.0
nonmemb,1,0,1,0.0
oblnoig,0,1,1,1.0
ricoy,0,1,1,1.0
qyzfjurqa,0,1,1,1.0
uxlhddxkwopyrpadfz,0,1,1,1.0
vofuphoph,0,1,1,1.0
spartech,1,0,1,0.0
ffflna,0,1,1,1.0
prett,0,1,1,1.0
erforderlichen,0,1,1,1.0
srvfgl,0,1,1,1.0
halfpenni,0,1,1,1.0
unfalt,0,1,1,1.0
atha,1,0,1,0.0
pageon,1,0,1,0.0
ldcl,1,0,1,0.0
lotv,0,1,1,1.0
zpmvz,0,1,1,1.0
gjwpfnssm,0,1,1,1.0
juiztrp,0,1,1,1.0
pvd,1,0,1,0.0
espron,0,1,1,1.0
imakne,1,0,1,0.0
mostubiw,0,1,1,1.0
hinesinap,0,1,1,1.0
pochett,0,1,1,1.0
janela,0,1,1,1.0
acccount,0,1,1,1.0
nivkoq,0,1,1,1.0
accedez,0,1,1,1.0
unreeeeal,0,1,1,1.0
lembrana,0,1,1,1.0
ekeqphn,0,1,1,1.0
wnr,0,1,1,1.0
rolexlov,0,1,1,1.0
kuan,0,1,1,1.0
njftfq,0,1,1,1.0
evxzkbssohqawqrv,0,1,1,1.0
manilamana,0,1,1,1.0
deeal,0,1,1,1.0
lrlfjlc,0,1,1,1.0
apprdov,0,1,1,1.0
swape,1,0,1,0.0
mwongozi,1,0,1,0.0
nfi,1,0,1,0.0
rickhal,0,1,1,1.0
csmjjk,0,1,1,1.0
evigfi,0,1,1,1.0
secondclass,0,1,1,1.0
wqdajqx,0,1,1,1.0
ylvz,0,1,1,1.0
calexaol,1,0,1,0.0
ihvnk,0,1,1,1.0
staredown,1,0,1,0.0
jshankm,1,0,1,0.0
yua,0,1,1,1.0
disconxtinu,0,1,1,1.0
bayviewcinema,0,1,1,1.0
glosfbv,0,1,1,1.0
borrarsp,0,1,1,1.0
meaninglessli,0,1,1,1.0
cklre,0,1,1,1.0
dlyiphoqj,0,1,1,1.0
vrooomvrooom,0,1,1,1.0
uxzlsr,0,1,1,1.0
unkindli,0,1,1,1.0
edicion,0,1,1,1.0
rapjvrz,0,1,1,1.0
xlqloim,0,1,1,1.0
connectorport,0,1,1,1.0
incdklud,0,1,1,1.0
hudr,0,1,1,1.0
gonoxevath,0,1,1,1.0
unhesitatingli,0,1,1,1.0
cardk,0,1,1,1.0
sxdn,0,1,1,1.0
woctvnl,0,1,1,1.0
aefwg,0,1,1,1.0
ipeg,0,1,1,1.0
punequifen,0,1,1,1.0
nyhwgydt,0,1,1,1.0
paddress,0,1,1,1.0
artif,1,0,1,0.0
boisi,1,0,1,0.0
zugestimmt,0,1,1,1.0
safferassoc,1,0,1,0.0
zmbjyuhm,0,1,1,1.0
hollya,1,0,1,0.0
ourcareerplac,0,1,1,1.0
calistoga,1,0,1,0.0
crfeg,0,1,1,1.0
onbferor,0,1,1,1.0
uxhzc,0,1,1,1.0
webdingsh,0,1,1,1.0
withtdpharrmacci,0,1,1,1.0
infol,0,1,1,1.0
qpbxp,0,1,1,1.0
arrant,0,1,1,1.0
infolinetech,0,1,1,1.0
sfaw,0,1,1,1.0
uvqz,0,1,1,1.0
johncox,1,0,1,0.0
bplpejmec,0,1,1,1.0
trabalhando,0,1,1,1.0
alsdorf,0,1,1,1.0
quvwqwmwz,0,1,1,1.0
vitur,0,1,1,1.0
radeon,1,0,1,0.0
cezktawa,0,1,1,1.0
taperri,1,0,1,0.0
coanqqr,0,1,1,1.0
fltqebha,0,1,1,1.0
finep,0,1,1,1.0
rezaabdulla,0,1,1,1.0
feil,0,1,1,1.0
foolredw,0,1,1,1.0
gijxmtbtyizvzdm,0,1,1,1.0
azerbaijanbas,0,1,1,1.0
piquantcottonmouth,0,1,1,1.0
hugghin,1,0,1,0.0
prevat,1,0,1,0.0
xbo,0,1,1,1.0
esquecido,0,1,1,1.0
plimpton,1,0,1,0.0
mxx,0,1,1,1.0
dsef,0,1,1,1.0
wghdhix,0,1,1,1.0
cetinj,0,1,1,1.0
zobebk,0,1,1,1.0
norward,0,1,1,1.0
jamaal,0,1,1,1.0
etfbiwo,0,1,1,1.0
mfboyv,0,1,1,1.0
stiqff,0,1,1,1.0
iiip,0,1,1,1.0
expmmaz,0,1,1,1.0
halliwel,0,1,1,1.0
legim,0,1,1,1.0
amatorystenograph,0,1,1,1.0
piker,0,1,1,1.0
ejaculatenev,0,1,1,1.0
softkwar,0,1,1,1.0
hpiaqi,0,1,1,1.0
wlf,0,1,1,1.0
mkessner,1,0,1,0.0
cooll,0,1,1,1.0
obp,0,1,1,1.0
adresslist,0,1,1,1.0
suppris,0,1,1,1.0
speeddesign,0,1,1,1.0
zugut,0,1,1,1.0
ßýñçã,0,1,1,1.0
unrdestand,0,1,1,1.0
vaacat,0,1,1,1.0
puouaql,0,1,1,1.0
muscul,0,1,1,1.0
lottorl,0,1,1,1.0
mong,0,1,1,1.0
jhall,1,0,1,0.0
erdwl,0,1,1,1.0
fff,1,0,1,0.0
ldupoh,0,1,1,1.0
robertlu,1,0,1,0.0
icii,0,1,1,1.0
fectac,1,0,1,0.0
coricidin,1,0,1,0.0
kqxwnhjwo,0,1,1,1.0
netwav,0,1,1,1.0
aoyldcoxn,0,1,1,1.0
mwsm,0,1,1,1.0
missionfish,0,1,1,1.0
htmlyour,0,1,1,1.0
phaaaarmaaci,0,1,1,1.0
goosebump,0,1,1,1.0
jziztianu,0,1,1,1.0
photobook,0,1,1,1.0
gesteigert,0,1,1,1.0
simba,1,0,1,0.0
cityga,1,0,1,0.0
amereecan,0,1,1,1.0
reciclaj,0,1,1,1.0
minz,0,1,1,1.0
remoisv,0,1,1,1.0
lapton,1,0,1,0.0
fhlchxg,0,1,1,1.0
tntestimoni,0,1,1,1.0
decaffeinatemauv,0,1,1,1.0
davidyi,1,0,1,0.0
triacl,0,1,1,1.0
visuit,0,1,1,1.0
vdfqtdpf,0,1,1,1.0
svyhqur,0,1,1,1.0
rzlb,0,1,1,1.0
viiiiicodin,0,1,1,1.0
nbxukr,0,1,1,1.0
itwil,0,1,1,1.0
adumbr,0,1,1,1.0
lezaku,1,0,1,0.0
evek,0,1,1,1.0
bmarsden,0,1,1,1.0
divi,0,1,1,1.0
nwqow,0,1,1,1.0
mizl,0,1,1,1.0
hngu,0,1,1,1.0
lph,0,1,1,1.0
collss,0,1,1,1.0
vpkf,0,1,1,1.0
decryptionbordeaux,0,1,1,1.0
ihnlpli,0,1,1,1.0
bootlegcompactifi,0,1,1,1.0
lmort,0,1,1,1.0
iegol,0,1,1,1.0
iha,0,1,1,1.0
wloo,0,1,1,1.0
bubkrfibb,0,1,1,1.0
redrockexp,1,0,1,0.0
ecjawsnoh,0,1,1,1.0
bedpostcompet,0,1,1,1.0
fanciest,1,0,1,0.0
ultmost,0,1,1,1.0
mortalidad,0,1,1,1.0
aqa,0,1,1,1.0
uprisen,0,1,1,1.0
fristen,0,1,1,1.0
xpert,0,1,1,1.0
neillnumerolog,0,1,1,1.0
aureli,1,0,1,0.0
internationali,0,1,1,1.0
tonbandkassetten,0,1,1,1.0
dcr,0,1,1,1.0
iwiszva,0,1,1,1.0
europea,0,1,1,1.0
jotham,0,1,1,1.0
croblem,0,1,1,1.0
allergydevoid,0,1,1,1.0
aaaahhhhhh,1,0,1,0.0
laencantada,1,0,1,0.0
destroyissu,0,1,1,1.0
qaalu,0,1,1,1.0
blueseascruis,0,1,1,1.0
brv,0,1,1,1.0
xlvutcp,0,1,1,1.0
signapor,1,0,1,0.0
miyamoto,1,0,1,0.0
teradyn,1,0,1,0.0
riverineyel,0,1,1,1.0
zgn,0,1,1,1.0
glasserman,1,0,1,0.0
jnopyj,0,1,1,1.0
giwurk,0,1,1,1.0
wuf,0,1,1,1.0
ntiev,0,1,1,1.0
geezer,0,1,1,1.0
yqtmfdkqi,0,1,1,1.0
theworld,0,1,1,1.0
npvjkp,0,1,1,1.0
moopbi,0,1,1,1.0
ofcommerci,0,1,1,1.0
urxnapdifvtw,0,1,1,1.0
freshwho,0,1,1,1.0
materialow,1,0,1,0.0
vlofgpjmavpxd,0,1,1,1.0
attacak,0,1,1,1.0
drmtthwola,0,1,1,1.0
chez,0,1,1,1.0
rnohlyod,0,1,1,1.0
ugoaizz,0,1,1,1.0
jegade,1,0,1,0.0
sqargu,0,1,1,1.0
bjqo,0,1,1,1.0
senan,0,1,1,1.0
coppetec,0,1,1,1.0
xniezexp,0,1,1,1.0
startrow,1,0,1,0.0
dorepeat,0,1,1,1.0
gertruda,0,1,1,1.0
egfftav,0,1,1,1.0
vrj,0,1,1,1.0
prizecentr,1,0,1,0.0
infoshu,0,1,1,1.0
tatton,1,0,1,0.0
xecxm,0,1,1,1.0
misfit,0,1,1,1.0
tesespacot,0,1,1,1.0
criptionmedica,0,1,1,1.0
exprir,1,0,1,0.0
privlieg,1,0,1,0.0
sayingworldwid,0,1,1,1.0
ilimitada,0,1,1,1.0
ttkhvme,0,1,1,1.0
promoneymail,0,1,1,1.0
kreativeqt,0,1,1,1.0
tepco,1,0,1,0.0
skylab,1,0,1,0.0
mmd,0,1,1,1.0
cmcgra,1,0,1,0.0
ihybendm,1,0,1,0.0
jerboa,0,1,1,1.0
dolanfutur,0,1,1,1.0
lminatin,0,1,1,1.0
developp,0,1,1,1.0
cobrar,0,1,1,1.0
underpay,1,0,1,0.0
yontu,0,1,1,1.0
klnwiehn,0,1,1,1.0
tuesda,0,1,1,1.0
slafwghbr,0,1,1,1.0
cobden,1,0,1,0.0
courdney,1,0,1,0.0
zugelassen,0,1,1,1.0
possibilitando,0,1,1,1.0
coisa,0,1,1,1.0
apnea,0,1,1,1.0
filetim,0,1,1,1.0
wfe,0,1,1,1.0
avoca,0,1,1,1.0
eyest,0,1,1,1.0
mercadeo,0,1,1,1.0
frind,0,1,1,1.0
parergon,0,1,1,1.0
danvictorina,0,1,1,1.0
ylitiuopl,0,1,1,1.0
prepens,0,1,1,1.0
ccglasswort,0,1,1,1.0
groovypinkfloy,0,1,1,1.0
mwdfot,0,1,1,1.0
mtzjh,0,1,1,1.0
damanonym,0,1,1,1.0
sammon,1,0,1,0.0
xwstuha,0,1,1,1.0
alleghenybreakoff,0,1,1,1.0
melek,0,1,1,1.0
ppjlcxoy,0,1,1,1.0
flpnnychv,0,1,1,1.0
vkwfwx,0,1,1,1.0
rgreen,1,0,1,0.0
inb,1,0,1,0.0
mababaw,0,1,1,1.0
saini,0,1,1,1.0
nbrrhwfsmbr,0,1,1,1.0
micorosoft,0,1,1,1.0
hellomylov,0,1,1,1.0
edxiov,0,1,1,1.0
fpwjn,0,1,1,1.0
garca,0,1,1,1.0
kingstondeprav,0,1,1,1.0
grieco,0,1,1,1.0
enyqbfbm,0,1,1,1.0
dnlcwxzp,0,1,1,1.0
iysia,0,1,1,1.0
ubertriebung,0,1,1,1.0
quarkmail,0,1,1,1.0
snarealia,0,1,1,1.0
zippi,0,1,1,1.0
yylvdd,0,1,1,1.0
xacnax,0,1,1,1.0
friendliest,1,0,1,0.0
vfcqpolfyr,0,1,1,1.0
wmld,0,1,1,1.0
compenst,1,0,1,0.0
intermix,0,1,1,1.0
veme,0,1,1,1.0
pxiqtg,0,1,1,1.0
ebut,1,0,1,0.0
nmmfucbhi,0,1,1,1.0
zzqrdjpl,0,1,1,1.0
gryffynn,1,0,1,0.0
gpc,0,1,1,1.0
sincerley,0,1,1,1.0
brightpoint,1,0,1,0.0
prîce,0,1,1,1.0
advfn,0,1,1,1.0
verbesserung,0,1,1,1.0
yphzcflqiel,0,1,1,1.0
charad,1,0,1,0.0
nachlassverwaltung,0,1,1,1.0
susman,1,0,1,0.0
áùå,0,1,1,1.0
lanch,0,1,1,1.0
harzburg,0,1,1,1.0
ntlo,0,1,1,1.0
rnk,0,1,1,1.0
agatqqg,0,1,1,1.0
aslsu,0,1,1,1.0
luckydaynl,0,1,1,1.0
eqe,0,1,1,1.0
agressif,0,1,1,1.0
uncoordin,0,1,1,1.0
furley,1,0,1,0.0
nqifcpwwn,0,1,1,1.0
awwyksgvr,0,1,1,1.0
maintenu,0,1,1,1.0
volatiel,0,1,1,1.0
proghram,0,1,1,1.0
opubesc,0,1,1,1.0
jonesday,1,0,1,0.0
bergehen,0,1,1,1.0
billpowello,1,0,1,0.0
pfmlpwetddmlshqewi,0,1,1,1.0
sstonyutopia,0,1,1,1.0
bibiiuqnb,0,1,1,1.0
rcowmp,0,1,1,1.0
ctx,0,1,1,1.0
bpwybm,0,1,1,1.0
phkpxv,0,1,1,1.0
stezih,0,1,1,1.0
sahalia,1,0,1,0.0
inaugura,0,1,1,1.0
alfonzo,0,1,1,1.0
eleccin,0,1,1,1.0
centertak,0,1,1,1.0
worng,0,1,1,1.0
ortun,0,1,1,1.0
roseannwaylon,0,1,1,1.0
surplic,0,1,1,1.0
sgav,0,1,1,1.0
daco,1,0,1,0.0
jqighqt,0,1,1,1.0
stanow,1,0,1,0.0
wrdozravvwza,0,1,1,1.0
wvaiqra,0,1,1,1.0
hemphil,0,1,1,1.0
papuawalcott,0,1,1,1.0
shzksn,0,1,1,1.0
phlft,0,1,1,1.0
hiwaelj,0,1,1,1.0
stkpkbr,0,1,1,1.0
hdqt,1,0,1,0.0
baoan,0,1,1,1.0
ebazar,1,0,1,0.0
jrcdql,0,1,1,1.0
boutiquedorset,0,1,1,1.0
bieinawski,1,0,1,0.0
allahdomino,0,1,1,1.0
kitney,1,0,1,0.0
crawfordsl,1,0,1,0.0
cheapergener,0,1,1,1.0
udbh,0,1,1,1.0
sergel,1,0,1,0.0
nummmber,0,1,1,1.0
keleman,1,0,1,0.0
ebroadcast,0,1,1,1.0
tcca,0,1,1,1.0
boumdari,1,0,1,0.0
adhoc,1,0,1,0.0
jamaffer,0,1,1,1.0
ltzmb,0,1,1,1.0
invitacin,0,1,1,1.0
ghobday,1,0,1,0.0
embermeim,0,1,1,1.0
fhrcwu,0,1,1,1.0
andammunit,0,1,1,1.0
elimi,0,1,1,1.0
multicel,0,1,1,1.0
humbersid,1,0,1,0.0
jope,1,0,1,0.0
colecarolin,1,0,1,0.0
upbi,0,1,1,1.0
ntqdjbmg,0,1,1,1.0
requr,1,0,1,0.0
enfermo,0,1,1,1.0
auif,0,1,1,1.0
compassbnk,1,0,1,0.0
qenaksqq,0,1,1,1.0
automticament,0,1,1,1.0
aniqd,0,1,1,1.0
filialdietrich,0,1,1,1.0
tofurough,0,1,1,1.0
jazzscub,0,1,1,1.0
zfyg,0,1,1,1.0
gamebox,0,1,1,1.0
cigarettesoth,0,1,1,1.0
pleased,0,1,1,1.0
belton,1,0,1,0.0
eqckefyalypfzhqck,0,1,1,1.0
yspb,0,1,1,1.0
istopoli,0,1,1,1.0
poswieconi,1,0,1,0.0
cdode,1,0,1,0.0
plcrepli,0,1,1,1.0
eingeschlossen,0,1,1,1.0
amylos,0,1,1,1.0
thdhe,0,1,1,1.0
constituio,0,1,1,1.0
vifagsra,0,1,1,1.0
incih,0,1,1,1.0
repir,1,0,1,0.0
xgojgf,0,1,1,1.0
gilr,0,1,1,1.0
lxjusdcyawqhn,0,1,1,1.0
palati,0,1,1,1.0
danser,0,1,1,1.0
crosstech,1,0,1,0.0
eyxtci,0,1,1,1.0
atnett,0,1,1,1.0
juzkmw,0,1,1,1.0
yubntd,0,1,1,1.0
tasarim,0,1,1,1.0
mikth,1,0,1,0.0
jzzlitrj,0,1,1,1.0
supervisagra,0,1,1,1.0
qpptz,0,1,1,1.0
eddyston,1,0,1,0.0
accusatorywildlif,0,1,1,1.0
nzafwi,0,1,1,1.0
cbx,0,1,1,1.0
amygdal,0,1,1,1.0
impositivo,0,1,1,1.0
quickker,0,1,1,1.0
theath,1,0,1,0.0
siza,0,1,1,1.0
uprom,0,1,1,1.0
dvvbg,0,1,1,1.0
bostontrail,1,0,1,0.0
staay,0,1,1,1.0
xldqdn,0,1,1,1.0
heufa,0,1,1,1.0
withtodd,1,0,1,0.0
sidmouth,0,1,1,1.0
unsafktisfis,0,1,1,1.0
kazagi,0,1,1,1.0
rmh,0,1,1,1.0
cmwpuk,0,1,1,1.0
pharmnnfh,0,1,1,1.0
bovini,0,1,1,1.0
fixabl,1,0,1,0.0
uncommonli,1,0,1,0.0
opiotr,0,1,1,1.0
appositecon,0,1,1,1.0
accomodat,1,0,1,0.0
rjxbdu,0,1,1,1.0
jvmrw,0,1,1,1.0
meghann,0,1,1,1.0
dyeinglongtim,0,1,1,1.0
keeawq,0,1,1,1.0
quickeer,0,1,1,1.0
cirugía,0,1,1,1.0
laab,0,1,1,1.0
absolutepalestin,0,1,1,1.0
dxxtin,0,1,1,1.0
beckner,1,0,1,0.0
ribaldbilay,0,1,1,1.0
demerol,0,1,1,1.0
uxsgj,0,1,1,1.0
exorc,0,1,1,1.0
bjsjuuq,0,1,1,1.0
chayot,0,1,1,1.0
fapprov,0,1,1,1.0
phonetic,0,1,1,1.0
loyzu,0,1,1,1.0
lcodl,0,1,1,1.0
nfw,0,1,1,1.0
mhdfmp,0,1,1,1.0
ntx,0,1,1,1.0
vastomazonok,0,1,1,1.0
kittleson,1,0,1,0.0
thonhni,0,1,1,1.0
entretenida,0,1,1,1.0
berniecommissari,0,1,1,1.0
jkxgden,0,1,1,1.0
dycmpf,0,1,1,1.0
underbil,1,0,1,0.0
oevakmf,0,1,1,1.0
emillionairel,0,1,1,1.0
ratschlag,0,1,1,1.0
toppin,1,0,1,0.0
subisidiari,1,0,1,0.0
viirgin,0,1,1,1.0
intergovernment,0,1,1,1.0
entrenamiento,0,1,1,1.0
icod,0,1,1,1.0
rdrede,1,0,1,0.0
tiswg,1,0,1,0.0
yuhdik,0,1,1,1.0
kgfmkhmw,0,1,1,1.0
dreesst,0,1,1,1.0
dauditorog,0,1,1,1.0
albertazzi,1,0,1,0.0
varseml,1,0,1,0.0
rdogff,0,1,1,1.0
kxghexayk,0,1,1,1.0
enxfglfli,0,1,1,1.0
srfofner,0,1,1,1.0
roscowholesaledist,0,1,1,1.0
dxhr,0,1,1,1.0
lbv,0,1,1,1.0
limitacion,0,1,1,1.0
multisym,1,0,1,0.0
calmest,0,1,1,1.0
fukt,0,1,1,1.0
enghi,0,1,1,1.0
reneeb,1,0,1,0.0
biym,0,1,1,1.0
jtte,0,1,1,1.0
oxsv,0,1,1,1.0
terminar,0,1,1,1.0
jerzym,1,0,1,0.0
percydwilliam,0,1,1,1.0
uuxeef,0,1,1,1.0
unbend,0,1,1,1.0
irá,0,1,1,1.0
jazeera,1,0,1,0.0
tmmc,0,1,1,1.0
sulkili,0,1,1,1.0
springier,0,1,1,1.0
gbyzvec,0,1,1,1.0
assis,1,0,1,0.0
qegoku,0,1,1,1.0
trustingli,0,1,1,1.0
looryk,0,1,1,1.0
fwc,0,1,1,1.0
nida,0,1,1,1.0
internetwho,0,1,1,1.0
berodespancijarberiberi,0,1,1,1.0
vancouvercroak,0,1,1,1.0
ntari,0,1,1,1.0
azud,0,1,1,1.0
fklwwdh,0,1,1,1.0
networkgpegasu,0,1,1,1.0
solucionar,0,1,1,1.0
rigder,0,1,1,1.0
pineda,0,1,1,1.0
blarcum,1,0,1,0.0
pgdata,1,0,1,0.0
entrego,0,1,1,1.0
dpvd,0,1,1,1.0
iwokyh,0,1,1,1.0
ntwsiiy,0,1,1,1.0
ruppert,0,1,1,1.0
planeación,0,1,1,1.0
khpfir,0,1,1,1.0
schleseng,1,0,1,0.0
souci,1,0,1,0.0
agrandiss,0,1,1,1.0
traill,0,1,1,1.0
abastecimiento,0,1,1,1.0
fmgu,0,1,1,1.0
margarinar,0,1,1,1.0
mkejuqjkm,0,1,1,1.0
ãâ,0,1,1,1.0
bgv,0,1,1,1.0
expld,0,1,1,1.0
newimpotencedrug,0,1,1,1.0
tck,0,1,1,1.0
ovdpbo,0,1,1,1.0
directv,1,0,1,0.0
ellhavean,0,1,1,1.0
hydrochemistri,0,1,1,1.0
fllen,0,1,1,1.0
oriolida,0,1,1,1.0
yourbusi,0,1,1,1.0
sqwayyjn,0,1,1,1.0
watchgalor,0,1,1,1.0
kuang,0,1,1,1.0
tonegoti,0,1,1,1.0
cvr,0,1,1,1.0
krankheiten,0,1,1,1.0
hamil,1,0,1,0.0
razmovski,0,1,1,1.0
mctrxv,0,1,1,1.0
coair,1,0,1,0.0
prub,0,1,1,1.0
klarheit,0,1,1,1.0
vrmi,0,1,1,1.0
bobolinkbrchiton,0,1,1,1.0
yozrb,0,1,1,1.0
oscilam,0,1,1,1.0
orificio,0,1,1,1.0
entwr,0,1,1,1.0
epharrmacci,0,1,1,1.0
omu,0,1,1,1.0
convertor,0,1,1,1.0
ishza,0,1,1,1.0
jamaika,0,1,1,1.0
pajrtqi,0,1,1,1.0
nkjv,1,0,1,0.0
meltzer,0,1,1,1.0
flotillaappar,0,1,1,1.0
gmqxpqu,0,1,1,1.0
grather,0,1,1,1.0
ncanicl,0,1,1,1.0
traderdeploy,1,0,1,0.0
qok,0,1,1,1.0
zjntfk,0,1,1,1.0
mcinturff,1,0,1,0.0
localizacion,0,1,1,1.0
chnxzblcuia,0,1,1,1.0
preeminentdiego,0,1,1,1.0
blackberryvalkyri,0,1,1,1.0
leszek,1,0,1,0.0
gxkqa,0,1,1,1.0
dfrear,0,1,1,1.0
awedash,0,1,1,1.0
detmold,0,1,1,1.0
throughli,0,1,1,1.0
spuriel,1,0,1,0.0
danjfq,0,1,1,1.0
noseless,0,1,1,1.0
beltar,0,1,1,1.0
internetcurso,0,1,1,1.0
mugtf,0,1,1,1.0
exclusionoccup,0,1,1,1.0
omxrahqwjpbtcsq,0,1,1,1.0
overachiev,1,0,1,0.0
rmlowri,1,0,1,0.0
robertshaw,1,0,1,0.0
listenillinoi,0,1,1,1.0
directorgod,0,1,1,1.0
heze,0,1,1,1.0
weqc,0,1,1,1.0
adulatori,0,1,1,1.0
djorgi,0,1,1,1.0
nmcandrew,1,0,1,0.0
duvdix,0,1,1,1.0
inaccord,0,1,1,1.0
bedingfield,1,0,1,0.0
tightest,0,1,1,1.0
genscript,0,1,1,1.0
xmlghou,0,1,1,1.0
bganvdtno,0,1,1,1.0
gallin,1,0,1,0.0
reallli,0,1,1,1.0
bkvyq,0,1,1,1.0
toshibarefurbish,0,1,1,1.0
iwzmh,0,1,1,1.0
goohod,0,1,1,1.0
firtx,0,1,1,1.0
seaducat,0,1,1,1.0
tiwari,1,0,1,0.0
sisson,1,0,1,0.0
removerbr,0,1,1,1.0
bxfiurmpj,0,1,1,1.0
swvum,0,1,1,1.0
blcqihpar,0,1,1,1.0
sugardrew,0,1,1,1.0
homebu,0,1,1,1.0
krokuss,0,1,1,1.0
ustl,0,1,1,1.0
purczhas,0,1,1,1.0
anular,0,1,1,1.0
ahhh,1,0,1,0.0
diffr,0,1,1,1.0
jbhx,0,1,1,1.0
cega,0,1,1,1.0
meekest,0,1,1,1.0
ruebsahm,1,0,1,0.0
subservi,0,1,1,1.0
pdavidson,1,0,1,0.0
agq,0,1,1,1.0
jammu,1,0,1,0.0
fingermygirlfriend,0,1,1,1.0
bouivier,1,0,1,0.0
tbqmjlp,0,1,1,1.0
berneic,0,1,1,1.0
empfehlungen,0,1,1,1.0
screenamplitud,0,1,1,1.0
iaarr,0,1,1,1.0
boldmn,0,1,1,1.0
marysi,1,0,1,0.0
overslaugh,0,1,1,1.0
abeckley,1,0,1,0.0
oqrumu,0,1,1,1.0
zonnet,0,1,1,1.0
hhbvzayi,0,1,1,1.0
ogro,0,1,1,1.0
kulpyunmn,0,1,1,1.0
fcmsf,0,1,1,1.0
littel,1,0,1,0.0
phmg,0,1,1,1.0
salón,0,1,1,1.0
sggellman,1,0,1,0.0
sequac,0,1,1,1.0
depositwhich,0,1,1,1.0
ltkzkht,0,1,1,1.0
sgt,0,1,1,1.0
asj,0,1,1,1.0
dracula,0,1,1,1.0
campsey,1,0,1,0.0
isther,0,1,1,1.0
mailvolol,0,1,1,1.0
charlestown,0,1,1,1.0
onhlbb,0,1,1,1.0
nalebuff,0,1,1,1.0
xme,0,1,1,1.0
olduvaiflawless,0,1,1,1.0
hmaxnxh,0,1,1,1.0
jhay,1,0,1,0.0
wyzwrxlousi,0,1,1,1.0
purcghas,0,1,1,1.0
reomv,0,1,1,1.0
arginineleonid,0,1,1,1.0
überschuldung,0,1,1,1.0
ydqip,0,1,1,1.0
pmwxi,0,1,1,1.0
niall,1,0,1,0.0
bqzwzn,0,1,1,1.0
lxe,0,1,1,1.0
twtmroom,0,1,1,1.0
krixuyh,0,1,1,1.0
azcpwi,0,1,1,1.0
macadam,0,1,1,1.0
viagraaaa,0,1,1,1.0
quassia,0,1,1,1.0
vog,1,0,1,0.0
faksow,1,0,1,0.0
istnh,0,1,1,1.0
elvoioorlo,0,1,1,1.0
emailcent,0,1,1,1.0
ourgreatselect,0,1,1,1.0
tont,0,1,1,1.0
inseminatenev,0,1,1,1.0
adtlh,0,1,1,1.0
medicinebthen,0,1,1,1.0
suecia,0,1,1,1.0
epcguya,0,1,1,1.0
subsequentlli,0,1,1,1.0
rdztzwyovo,0,1,1,1.0
fbqfg,0,1,1,1.0
macr,1,0,1,0.0
colada,1,0,1,0.0
toquot,0,1,1,1.0
technoinsid,0,1,1,1.0
atement,0,1,1,1.0
orolog,0,1,1,1.0
squatti,0,1,1,1.0
vgi,1,0,1,0.0
familismveil,0,1,1,1.0
sjj,0,1,1,1.0
swingler,1,0,1,0.0
jfulqt,0,1,1,1.0
dalan,0,1,1,1.0
edtbauhau,0,1,1,1.0
ankhc,0,1,1,1.0
betrayeraustria,0,1,1,1.0
arh,0,1,1,1.0
euz,0,1,1,1.0
hornyblowjob,0,1,1,1.0
bfvfb,0,1,1,1.0
gjfjirgun,0,1,1,1.0
cspro,1,0,1,0.0
crinolin,0,1,1,1.0
vahlu,0,1,1,1.0
gvrjuysyi,0,1,1,1.0
otorgar,0,1,1,1.0
woerk,0,1,1,1.0
mrsaliml,0,1,1,1.0
uoo,0,1,1,1.0
desiggnit,0,1,1,1.0
tdufsl,0,1,1,1.0
jxpioi,0,1,1,1.0
slaboszewicz,1,0,1,0.0
wpdk,0,1,1,1.0
checkswept,1,0,1,0.0
listseri,0,1,1,1.0
gpfoeko,0,1,1,1.0
futureplan,0,1,1,1.0
highbrow,0,1,1,1.0
xcre,0,1,1,1.0
taill,0,1,1,1.0
njlymwg,0,1,1,1.0
mandrapihaona,0,1,1,1.0
vvjfl,0,1,1,1.0
tdcfglgi,0,1,1,1.0
shortpay,1,0,1,0.0
tripalmitin,0,1,1,1.0
ebmud,1,0,1,0.0
pharrmacybymailupon,0,1,1,1.0
yawlhorsetail,0,1,1,1.0
replat,0,1,1,1.0
iwspt,0,1,1,1.0
zrw,0,1,1,1.0
jupqcikggx,0,1,1,1.0
tqqmtxsurasc,0,1,1,1.0
vawltf,0,1,1,1.0
phraseithat,0,1,1,1.0
txl,0,1,1,1.0
mcclatchydc,1,0,1,0.0
nbrxfg,0,1,1,1.0
vcsa,1,0,1,0.0
aktuel,0,1,1,1.0
prooooblem,0,1,1,1.0
qgfcsjhr,0,1,1,1.0
defacecatholic,0,1,1,1.0
volat,1,0,1,0.0
bevoil,0,1,1,1.0
armadura,0,1,1,1.0
overhyp,0,1,1,1.0
zond,1,0,1,0.0
amif,1,0,1,0.0
teamto,0,1,1,1.0
hwyl,0,1,1,1.0
logadel,0,1,1,1.0
foundrynet,1,0,1,0.0
mayonesa,0,1,1,1.0
pião,0,1,1,1.0
phonal,0,1,1,1.0
producida,0,1,1,1.0
khou,1,0,1,0.0
blzslk,0,1,1,1.0
txd,0,1,1,1.0
shsqrf,0,1,1,1.0
casketcrotch,0,1,1,1.0
monalisa,0,1,1,1.0
becours,0,1,1,1.0
ejtwxft,0,1,1,1.0
colomb,1,0,1,0.0
vhrd,0,1,1,1.0
crushgrom,0,1,1,1.0
fastersurf,0,1,1,1.0
solutionssi,0,1,1,1.0
rtqze,0,1,1,1.0
forli,0,1,1,1.0
oywo,0,1,1,1.0
apaul,0,1,1,1.0
schaerli,1,0,1,0.0
wjhszio,0,1,1,1.0
mwhyx,0,1,1,1.0
vinci,1,0,1,0.0
romian,1,0,1,0.0
miraculousclim,0,1,1,1.0
sekktion,0,1,1,1.0
bpstgnrbr,0,1,1,1.0
centralpan,0,1,1,1.0
vytu,0,1,1,1.0
muston,1,0,1,0.0
iwordsworthl,0,1,1,1.0
ltoqvbvst,0,1,1,1.0
pazthimbu,0,1,1,1.0
fgl,0,1,1,1.0
schank,0,1,1,1.0
averil,1,0,1,0.0
nguphi,0,1,1,1.0
wombatasdfghjk,0,1,1,1.0
tachinidbulrush,0,1,1,1.0
emereg,0,1,1,1.0
waterdish,0,1,1,1.0
pabian,1,0,1,0.0
birdwel,1,0,1,0.0
odwolani,1,0,1,0.0
appilcatlon,0,1,1,1.0
westmont,0,1,1,1.0
pennclubni,0,1,1,1.0
ttuntx,0,1,1,1.0
censorialbumblebe,0,1,1,1.0
xhc,0,1,1,1.0
aeom,0,1,1,1.0
sakhon,0,1,1,1.0
rbaker,1,0,1,0.0
hoaqzvbdzmpv,0,1,1,1.0
subungul,0,1,1,1.0
ellensburg,1,0,1,0.0
fhl,0,1,1,1.0
buriedit,0,1,1,1.0
altprod,0,1,1,1.0
piney,1,0,1,0.0
noa,0,1,1,1.0
taxco,1,0,1,0.0
pklzzx,0,1,1,1.0
beetcn,0,1,1,1.0
theownership,0,1,1,1.0
août,0,1,1,1.0
anruf,0,1,1,1.0
jglassman,1,0,1,0.0
vbpf,0,1,1,1.0
emprend,0,1,1,1.0
tcziwh,0,1,1,1.0
xvnvmqa,0,1,1,1.0
mefjux,0,1,1,1.0
sadzisz,1,0,1,0.0
launidadlatina,1,0,1,0.0
ollbc,0,1,1,1.0
nottif,0,1,1,1.0
skuwerig,0,1,1,1.0
empyr,0,1,1,1.0
audiobook,0,1,1,1.0
desagradávei,0,1,1,1.0
forphys,0,1,1,1.0
cbulf,1,0,1,0.0
asianet,0,1,1,1.0
tgh,0,1,1,1.0
iavlwbji,0,1,1,1.0
inattend,1,0,1,0.0
comirojpc,0,1,1,1.0
kenyetta,0,1,1,1.0
veodf,0,1,1,1.0
xfpazzvbx,0,1,1,1.0
cnovgylmd,0,1,1,1.0
benney,0,1,1,1.0
aqsdv,0,1,1,1.0
pkolar,0,1,1,1.0
interlin,0,1,1,1.0
backfillalliter,0,1,1,1.0
gotno,0,1,1,1.0
epmc,1,0,1,0.0
eydmv,0,1,1,1.0
tltebvdqquesdu,0,1,1,1.0
rhythmswirl,0,1,1,1.0
invejada,0,1,1,1.0
availwidth,0,1,1,1.0
vulgarli,0,1,1,1.0
revenuersmiddlemen,0,1,1,1.0
currentsthi,0,1,1,1.0
notiificatiion,0,1,1,1.0
xljuygt,0,1,1,1.0
unterrifi,0,1,1,1.0
eoepgvr,0,1,1,1.0
procediment,0,1,1,1.0
spenser,1,0,1,0.0
demostracin,0,1,1,1.0
mueck,1,0,1,0.0
odbbpa,0,1,1,1.0
suppjlement,0,1,1,1.0
issm,0,1,1,1.0
bqz,0,1,1,1.0
kogfcym,0,1,1,1.0
starent,1,0,1,0.0
vcl,0,1,1,1.0
gerani,0,1,1,1.0
jhickman,1,0,1,0.0
ljmej,0,1,1,1.0
wdkdkapn,0,1,1,1.0
bruckert,1,0,1,0.0
ekao,1,0,1,0.0
valiosa,0,1,1,1.0
ofaf,0,1,1,1.0
luvin,0,1,1,1.0
jerrold,0,1,1,1.0
productiva,0,1,1,1.0
ppkkqpkgimzpx,0,1,1,1.0
seesion,1,0,1,0.0
dzjd,0,1,1,1.0
leonteen,0,1,1,1.0
xwnbede,0,1,1,1.0
mckinseyquarterli,1,0,1,0.0
dwindlecretac,0,1,1,1.0
adkaw,0,1,1,1.0
tmvuam,0,1,1,1.0
kxyoawke,0,1,1,1.0
phalangian,0,1,1,1.0
rigpht,0,1,1,1.0
freeproblem,0,1,1,1.0
hildthat,0,1,1,1.0
ecetrq,0,1,1,1.0
scurvi,0,1,1,1.0
limeharbour,1,0,1,0.0
rumbo,0,1,1,1.0
hzbrdeuvvq,0,1,1,1.0
ronica,0,1,1,1.0
weraba,0,1,1,1.0
dinsa,1,0,1,0.0
fucl,0,1,1,1.0
softwart,0,1,1,1.0
lmoz,0,1,1,1.0
ebvexn,0,1,1,1.0
aford,1,0,1,0.0
isntead,0,1,1,1.0
hcnere,0,1,1,1.0
loveandfreedom,0,1,1,1.0
igsslnlh,0,1,1,1.0
dgagplfxvozat,0,1,1,1.0
warrenlb,1,0,1,0.0
çáóáçãé,0,1,1,1.0
greatfulon,0,1,1,1.0
machinefin,0,1,1,1.0
aecnuvxnv,0,1,1,1.0
locss,0,1,1,1.0
lesbensex,0,1,1,1.0
discrepantsharp,0,1,1,1.0
movecartoonl,0,1,1,1.0
alkaliz,0,1,1,1.0
ymuhfikr,0,1,1,1.0
headlong,1,0,1,0.0
zon,0,1,1,1.0
ufhvv,0,1,1,1.0
gormley,1,0,1,0.0
clmdyvqk,0,1,1,1.0
onebox,1,0,1,0.0
witchproctor,1,0,1,0.0
toyz,0,1,1,1.0
cturer,0,1,1,1.0
bishamonten,0,1,1,1.0
vyou,0,1,1,1.0
friedberg,1,0,1,0.0
arbij,0,1,1,1.0
egbdf,1,0,1,0.0
jeomt,0,1,1,1.0
lgn,1,0,1,0.0
fneor,0,1,1,1.0
aviatadio,0,1,1,1.0
mgeztaeotim,0,1,1,1.0
qctf,0,1,1,1.0
advantagebunsen,0,1,1,1.0
pnbdwjejr,0,1,1,1.0
fayvcfk,0,1,1,1.0
hierarci,0,1,1,1.0
monoatom,0,1,1,1.0
jailhous,1,0,1,0.0
crustacea,0,1,1,1.0
todayhow,0,1,1,1.0
mpati,0,1,1,1.0
qlexek,0,1,1,1.0
unexpectli,1,0,1,0.0
mdaya,1,0,1,0.0
eezzugemf,0,1,1,1.0
krwmwu,0,1,1,1.0
cermet,0,1,1,1.0
blindslight,0,1,1,1.0
latterli,0,1,1,1.0
direkten,0,1,1,1.0
piquent,0,1,1,1.0
xgri,0,1,1,1.0
redondopromot,0,1,1,1.0
outtt,0,1,1,1.0
ibmuw,0,1,1,1.0
khrrzfqh,0,1,1,1.0
ycyk,0,1,1,1.0
yhtaikainen,0,1,1,1.0
fmv,1,0,1,0.0
abarqu,0,1,1,1.0
jqaokg,0,1,1,1.0
printerprint,0,1,1,1.0
wmkmp,0,1,1,1.0
rdd,0,1,1,1.0
ddg,0,1,1,1.0
ourquhart,0,1,1,1.0
sjordan,1,0,1,0.0
yourvalu,0,1,1,1.0
clarinetstoryboard,0,1,1,1.0
ckrr,0,1,1,1.0
peip,0,1,1,1.0
foregrandpa,0,1,1,1.0
postit,1,0,1,0.0
forhom,0,1,1,1.0
krediten,0,1,1,1.0
zknjkclc,0,1,1,1.0
curdom,0,1,1,1.0
happpi,0,1,1,1.0
ebkmwf,0,1,1,1.0
watmj,0,1,1,1.0
tubin,0,1,1,1.0
nccn,0,1,1,1.0
vbergl,1,0,1,0.0
nutzer,0,1,1,1.0
hnldcml,0,1,1,1.0
sqvfofu,0,1,1,1.0
hmeve,0,1,1,1.0
baldacci,0,1,1,1.0
designoatm,0,1,1,1.0
trpinh,0,1,1,1.0
hudsonhumidistat,0,1,1,1.0
leovli,0,1,1,1.0
bflh,0,1,1,1.0
hpqub,0,1,1,1.0
spinel,0,1,1,1.0
etfecf,0,1,1,1.0
receiptcurveshift,1,0,1,0.0
onlinl,0,1,1,1.0
zfnhl,0,1,1,1.0
pleasin,0,1,1,1.0
entjg,0,1,1,1.0
zpx,0,1,1,1.0
browboyish,0,1,1,1.0
passthrough,1,0,1,0.0
whump,0,1,1,1.0
unpur,1,0,1,0.0
filteeer,0,1,1,1.0
oofeldman,0,1,1,1.0
ikttkviku,0,1,1,1.0
antietamcoddl,0,1,1,1.0
uonc,0,1,1,1.0
unvers,1,0,1,0.0
kabilatel,0,1,1,1.0
bdtydnd,0,1,1,1.0
jhaevb,0,1,1,1.0
bdm,0,1,1,1.0
kvefcgg,0,1,1,1.0
empift,0,1,1,1.0
canmost,0,1,1,1.0
pornst,0,1,1,1.0
nqvtp,0,1,1,1.0
xhcruycx,0,1,1,1.0
gnxnuypvmpz,0,1,1,1.0
dnvbn,0,1,1,1.0
liberai,0,1,1,1.0
wrden,0,1,1,1.0
outmod,1,0,1,0.0
ifsex,0,1,1,1.0
cromley,1,0,1,0.0
koen,1,0,1,0.0
adoactress,0,1,1,1.0
weihnachten,0,1,1,1.0
tytlt,0,1,1,1.0
newl,1,0,1,0.0
incognita,0,1,1,1.0
cpydvv,0,1,1,1.0
wxjki,0,1,1,1.0
vrogp,0,1,1,1.0
isdirectli,0,1,1,1.0
pregrado,0,1,1,1.0
secondsrefin,0,1,1,1.0
infobesoftwarei,0,1,1,1.0
mohammedabacha,0,1,1,1.0
hsnovikoff,1,0,1,0.0
nccygnu,0,1,1,1.0
phoe,0,1,1,1.0
cuadrado,0,1,1,1.0
filicit,0,1,1,1.0
mittanc,0,1,1,1.0
indexl,0,1,1,1.0
mbqmgsf,0,1,1,1.0
impr,0,1,1,1.0
wantchang,0,1,1,1.0
dlcp,1,0,1,0.0
erfährt,0,1,1,1.0
homequoteso,0,1,1,1.0
jww,0,1,1,1.0
beechbleari,0,1,1,1.0
jwspo,0,1,1,1.0
kvkp,0,1,1,1.0
burbankbait,0,1,1,1.0
pmg,0,1,1,1.0
melania,0,1,1,1.0
injuriouscootmr,0,1,1,1.0
vadari,1,0,1,0.0
tendanc,0,1,1,1.0
rubéola,0,1,1,1.0
gvrrbfcz,0,1,1,1.0
itspric,0,1,1,1.0
vtwedw,0,1,1,1.0
ibyex,0,1,1,1.0
xhiaxwso,0,1,1,1.0
czmdcp,0,1,1,1.0
tban,0,1,1,1.0
debm,1,0,1,0.0
icyjuy,0,1,1,1.0
kkd,1,0,1,0.0
dxpgrbintel,0,1,1,1.0
vinicultur,0,1,1,1.0
pyop,0,1,1,1.0
preti,0,1,1,1.0
wearingarolex,0,1,1,1.0
pysxwli,0,1,1,1.0
lpfitz,1,0,1,0.0
delfeldresumel,1,0,1,0.0
tinnier,0,1,1,1.0
heil,1,0,1,0.0
zkoysclou,0,1,1,1.0
evtpanuwbwzw,0,1,1,1.0
stumper,1,0,1,0.0
twinsvermont,0,1,1,1.0
inutilizzo,0,1,1,1.0
yqgj,0,1,1,1.0
eiiuvgccdq,0,1,1,1.0
sharewatch,1,0,1,0.0
ough,0,1,1,1.0
mbkhnewcharg,0,1,1,1.0
georgew,0,1,1,1.0
workaway,0,1,1,1.0
ipprmrf,0,1,1,1.0
rckrw,0,1,1,1.0
gywexf,0,1,1,1.0
annemiek,1,0,1,0.0
cnmjzq,0,1,1,1.0
homz,0,1,1,1.0
srvmb,0,1,1,1.0
opportunt,1,0,1,0.0
rondeau,0,1,1,1.0
contribuyent,0,1,1,1.0
fstress,1,0,1,0.0
colombi,0,1,1,1.0
derv,0,1,1,1.0
urk,0,1,1,1.0
ifther,0,1,1,1.0
brindisinutshel,0,1,1,1.0
wustl,1,0,1,0.0
dragoncon,0,1,1,1.0
abpzhnpd,0,1,1,1.0
thelitend,0,1,1,1.0
chickadeesnigg,0,1,1,1.0
peix,0,1,1,1.0
ñàéòà,0,1,1,1.0
broughtyou,0,1,1,1.0
opeyo,0,1,1,1.0
specilist,1,0,1,0.0
tilet,0,1,1,1.0
dhea,0,1,1,1.0
svatshenk,0,1,1,1.0
mbuaq,0,1,1,1.0
sqi,0,1,1,1.0
sbbe,0,1,1,1.0
sullivanpasseng,0,1,1,1.0
fathi,0,1,1,1.0
pooth,0,1,1,1.0
htmlto,0,1,1,1.0
kvi,0,1,1,1.0
ejq,0,1,1,1.0
mwwrplqu,0,1,1,1.0
clpm,0,1,1,1.0
ahgxqv,0,1,1,1.0
deobstruct,0,1,1,1.0
lsadinski,1,0,1,0.0
cabf,1,0,1,0.0
frances,0,1,1,1.0
rgfpienpu,0,1,1,1.0
cotonu,0,1,1,1.0
acceptpk,0,1,1,1.0
edltion,0,1,1,1.0
syracus,1,0,1,0.0
gzpsmorl,0,1,1,1.0
ciayton,0,1,1,1.0
yld,1,0,1,0.0
diu,0,1,1,1.0
wrpjhbav,0,1,1,1.0
pscoa,0,1,1,1.0
vocabularydat,0,1,1,1.0
pachico,0,1,1,1.0
fhinanci,0,1,1,1.0
phosphorbrahmsian,0,1,1,1.0
koseffl,0,1,1,1.0
lhbrxxreo,0,1,1,1.0
cjmandola,1,0,1,0.0
mortgagesav,0,1,1,1.0
ncnsza,0,1,1,1.0
mcginti,1,0,1,0.0
pessoalment,0,1,1,1.0
absorbentmosqu,0,1,1,1.0
nnv,0,1,1,1.0
divulgando,0,1,1,1.0
gvmslnd,0,1,1,1.0
uvidftcyj,0,1,1,1.0
dreme,0,1,1,1.0
incompass,1,0,1,0.0
mfd,0,1,1,1.0
deebbbt,0,1,1,1.0
georqann,0,1,1,1.0
uvlszx,0,1,1,1.0
vuicuj,0,1,1,1.0
servizio,0,1,1,1.0
stuuff,0,1,1,1.0
viver,0,1,1,1.0
quothang,0,1,1,1.0
coastenergi,1,0,1,0.0
njrjduhen,0,1,1,1.0
nakamura,1,0,1,0.0
dunno,0,1,1,1.0
rozwiazani,1,0,1,0.0
yfinbsqyf,0,1,1,1.0
safemaildelux,0,1,1,1.0
fatopha,0,1,1,1.0
pyltdlxwxx,0,1,1,1.0
ljkadq,0,1,1,1.0
mgx,0,1,1,1.0
vasa,0,1,1,1.0
rgspp,0,1,1,1.0
backstreetboysclub,0,1,1,1.0
weronem,1,0,1,0.0
clasificación,0,1,1,1.0
corypheu,0,1,1,1.0
olmaretad,0,1,1,1.0
lwqrkc,0,1,1,1.0
shadesteardrop,0,1,1,1.0
langfristigen,0,1,1,1.0
hayek,0,1,1,1.0
utherein,0,1,1,1.0
fhvdx,0,1,1,1.0
wsll,0,1,1,1.0
ultråm,0,1,1,1.0
bdcjrr,0,1,1,1.0
autonomousac,0,1,1,1.0
cantlephysiotherapist,0,1,1,1.0
presumedcrossbil,0,1,1,1.0
pdxnpou,0,1,1,1.0
limitd,0,1,1,1.0
whichon,0,1,1,1.0
nsk,0,1,1,1.0
iulmwgcov,0,1,1,1.0
obidow,1,0,1,0.0
wvazblfo,0,1,1,1.0
raerh,0,1,1,1.0
toreduc,0,1,1,1.0
automobi,0,1,1,1.0
tagheun,0,1,1,1.0
amelio,0,1,1,1.0
rockwoodinsur,0,1,1,1.0
layest,0,1,1,1.0
rejoindermandrel,0,1,1,1.0
brio,1,0,1,0.0
titlewhen,0,1,1,1.0
fnwnpibo,0,1,1,1.0
useyj,0,1,1,1.0
ballplay,0,1,1,1.0
clásico,0,1,1,1.0
dita,0,1,1,1.0
lnmxfve,0,1,1,1.0
,1,0,1,0.0
cobraremo,0,1,1,1.0
tyqmi,0,1,1,1.0
qvga,0,1,1,1.0
caballero,1,0,1,0.0
ioeqln,0,1,1,1.0
ilian,0,1,1,1.0
mtrodbr,0,1,1,1.0
zkdt,0,1,1,1.0
poniendo,0,1,1,1.0
maass,0,1,1,1.0
pgnwqfya,0,1,1,1.0
apostategood,0,1,1,1.0
kqxt,0,1,1,1.0
größte,0,1,1,1.0
zakcg,0,1,1,1.0
sceern,0,1,1,1.0
fujiwara,0,1,1,1.0
hubbl,1,0,1,0.0
ecg,0,1,1,1.0
onwprescriptionsdrug,0,1,1,1.0
lbsarr,0,1,1,1.0
jwnvunffagsmjw,0,1,1,1.0
consumerpackag,0,1,1,1.0
sulphit,0,1,1,1.0
restaurant,0,1,1,1.0
itpfneluu,0,1,1,1.0
qjhzi,0,1,1,1.0
ferson,1,0,1,0.0
jwjpylb,0,1,1,1.0
tbfvizv,0,1,1,1.0
macroeconomist,1,0,1,0.0
mjohpi,0,1,1,1.0
spamwar,0,1,1,1.0
cfpbf,0,1,1,1.0
mjauricc,0,1,1,1.0
pharamcybbymail,0,1,1,1.0
ssol,0,1,1,1.0
wbqgf,0,1,1,1.0
rihjsh,0,1,1,1.0
oneal,0,1,1,1.0
luginbil,1,0,1,0.0
garmark,1,0,1,0.0
malinger,0,1,1,1.0
friendpet,0,1,1,1.0
hxzkvkr,0,1,1,1.0
cstockmo,1,0,1,0.0
tgagova,0,1,1,1.0
soldth,0,1,1,1.0
memoryattorneyfor,0,1,1,1.0
ndwcb,0,1,1,1.0
zagora,0,1,1,1.0
ezgagbk,0,1,1,1.0
hartwel,1,0,1,0.0
ryswyz,0,1,1,1.0
suzukifun,0,1,1,1.0
henchman,0,1,1,1.0
moviezon,0,1,1,1.0
djeuu,0,1,1,1.0
xaengotim,0,1,1,1.0
hermosamonterrey,0,1,1,1.0
hlze,0,1,1,1.0
abk,1,0,1,0.0
pakmn,0,1,1,1.0
egyptianfestiv,1,0,1,0.0
qhgik,0,1,1,1.0
thehurd,1,0,1,0.0
srnudybr,0,1,1,1.0
xsgpjzlda,0,1,1,1.0
userpag,0,1,1,1.0
mitchellg,1,0,1,0.0
bettlh,0,1,1,1.0
wsheppard,1,0,1,0.0
ljock,0,1,1,1.0
transferredthrough,0,1,1,1.0
bodyhealthi,0,1,1,1.0
fgk,0,1,1,1.0
tvdmc,0,1,1,1.0
dzie,1,0,1,0.0
veel,0,1,1,1.0
goona,0,1,1,1.0
vjamil,0,1,1,1.0
wwunu,0,1,1,1.0
reinsert,1,0,1,0.0
blklt,1,0,1,0.0
rockport,1,0,1,0.0
teilt,0,1,1,1.0
porncinema,0,1,1,1.0
kfoqi,0,1,1,1.0
lactesc,0,1,1,1.0
nkkfqqz,0,1,1,1.0
unvlvbd,0,1,1,1.0
rdjx,0,1,1,1.0
xsfi,0,1,1,1.0
ãñóáé,0,1,1,1.0
satc,1,0,1,0.0
blondieparrot,0,1,1,1.0
ofsfevhr,0,1,1,1.0
sottoscrivi,0,1,1,1.0
liev,0,1,1,1.0
hulm,0,1,1,1.0
suntim,1,0,1,0.0
nggp,1,0,1,0.0
wlpv,0,1,1,1.0
vkzvsek,0,1,1,1.0
jhhvblqzv,0,1,1,1.0
ndpijz,0,1,1,1.0
ltechu,1,0,1,0.0
rtsat,0,1,1,1.0
saidther,0,1,1,1.0
vkfk,0,1,1,1.0
fwje,0,1,1,1.0
botec,0,1,1,1.0
varesult,0,1,1,1.0
afaslija,0,1,1,1.0
bonneau,1,0,1,0.0
qoyeubr,0,1,1,1.0
josefachapman,0,1,1,1.0
fluoren,0,1,1,1.0
coverl,0,1,1,1.0
mstat,1,0,1,0.0
autotransplant,0,1,1,1.0
oopxr,0,1,1,1.0
anhalt,1,0,1,0.0
ourpillstoday,0,1,1,1.0
bzetfza,0,1,1,1.0
ropos,0,1,1,1.0
bryansk,0,1,1,1.0
cvpjk,0,1,1,1.0
cadcwdwujov,0,1,1,1.0
ehahr,0,1,1,1.0
lqkhn,0,1,1,1.0
êûßó,0,1,1,1.0
suzukidirector,0,1,1,1.0
actinopod,0,1,1,1.0
aynod,0,1,1,1.0
pvzph,0,1,1,1.0
invertirán,0,1,1,1.0
botcher,0,1,1,1.0
suzerainti,0,1,1,1.0
receivd,0,1,1,1.0
preludio,0,1,1,1.0
semisynthet,0,1,1,1.0
viiagraa,0,1,1,1.0
intram,0,1,1,1.0
butyratele,0,1,1,1.0
gtklgqep,0,1,1,1.0
fleitman,1,0,1,0.0
ardina,1,0,1,0.0
ccgarcia,1,0,1,0.0
desman,0,1,1,1.0
echinu,0,1,1,1.0
projesi,0,1,1,1.0
submashin,0,1,1,1.0
cist,0,1,1,1.0
ledubguhg,0,1,1,1.0
xnabllzfj,0,1,1,1.0
rëlâxânt,0,1,1,1.0
mazurkaappian,0,1,1,1.0
tobvf,0,1,1,1.0
yrqjqnwsb,0,1,1,1.0
creado,0,1,1,1.0
avaiiabii,0,1,1,1.0
vwdtrr,0,1,1,1.0
bua,0,1,1,1.0
salsalav,0,1,1,1.0
prvte,0,1,1,1.0
dzele,0,1,1,1.0
wmhwpk,0,1,1,1.0
ketsonwat,0,1,1,1.0
jjxdmkt,0,1,1,1.0
namefield,1,0,1,0.0
aanopsm,0,1,1,1.0
qnnyaezdkbr,0,1,1,1.0
résidentiel,0,1,1,1.0
bvn,0,1,1,1.0
saída,0,1,1,1.0
medicatimoln,0,1,1,1.0
fentrjz,0,1,1,1.0
teenagalva,1,0,1,0.0
opoo,0,1,1,1.0
corless,1,0,1,0.0
derman,1,0,1,0.0
poge,1,0,1,0.0
yhxbcr,0,1,1,1.0
marjor,1,0,1,0.0
utkjzf,0,1,1,1.0
wmtxyzlrnbbdc,0,1,1,1.0
coden,0,1,1,1.0
marfmn,0,1,1,1.0
ipcymay,0,1,1,1.0
rpzd,0,1,1,1.0
ixzyvv,0,1,1,1.0
naxm,0,1,1,1.0
xhk,0,1,1,1.0
bonuss,1,0,1,0.0
xfhrwcj,0,1,1,1.0
viert,0,1,1,1.0
ozdcsvkih,0,1,1,1.0
dqhwn,0,1,1,1.0
woeful,1,0,1,0.0
taunqprjipm,0,1,1,1.0
ggavzxl,0,1,1,1.0
thelaw,0,1,1,1.0
spitfiredepech,0,1,1,1.0
uponthes,0,1,1,1.0
dolerit,0,1,1,1.0
inwardli,0,1,1,1.0
sgate,1,0,1,0.0
kvf,0,1,1,1.0
lngnzqk,0,1,1,1.0
dayolilar,0,1,1,1.0
scali,0,1,1,1.0
hqkfe,0,1,1,1.0
evzhiyajl,0,1,1,1.0
vaoliu,0,1,1,1.0
transga,0,1,1,1.0
pvojiw,0,1,1,1.0
uegacw,0,1,1,1.0
densidad,0,1,1,1.0
lig,1,0,1,0.0
rhenish,0,1,1,1.0
sabão,0,1,1,1.0
ulaþabileceðiniz,0,1,1,1.0
mccalist,1,0,1,0.0
webisiteon,0,1,1,1.0
cmdoption,0,1,1,1.0
stwhourli,1,0,1,0.0
cierran,0,1,1,1.0
xipdwplf,0,1,1,1.0
chalr,0,1,1,1.0
iwl,1,0,1,0.0
hdsop,0,1,1,1.0
jabari,1,0,1,0.0
waaaaaaaaaay,1,0,1,0.0
payaspidistra,0,1,1,1.0
viagrua,0,1,1,1.0
londonderri,0,1,1,1.0
girlto,0,1,1,1.0
jgf,0,1,1,1.0
qoie,0,1,1,1.0
pestlemyriad,0,1,1,1.0
spcific,1,0,1,0.0
nortelo,1,0,1,0.0
introduo,0,1,1,1.0
ycocaipaliourg,0,1,1,1.0
grundifi,0,1,1,1.0
restassur,0,1,1,1.0
agui,0,1,1,1.0
gsldelodcv,0,1,1,1.0
eddymcgavin,0,1,1,1.0
starfight,0,1,1,1.0
rajaram,1,0,1,0.0
minotnam,0,1,1,1.0
abcsoni,0,1,1,1.0
lindseyhowdown,1,0,1,0.0
insurrectthu,0,1,1,1.0
conjunctawaken,0,1,1,1.0
foreing,1,0,1,0.0
rustless,0,1,1,1.0
ptrk,0,1,1,1.0
superintendent,0,1,1,1.0
testa,0,1,1,1.0
gpeqn,0,1,1,1.0
exix,0,1,1,1.0
oco,0,1,1,1.0
farub,0,1,1,1.0
worldcast,0,1,1,1.0
fattroglodyt,0,1,1,1.0
tqvpu,0,1,1,1.0
concealeth,0,1,1,1.0
propecla,0,1,1,1.0
ygert,0,1,1,1.0
mychau,1,0,1,0.0
uetadp,0,1,1,1.0
singlemind,0,1,1,1.0
avvxkeuojzcp,0,1,1,1.0
loraleigh,1,0,1,0.0
owrflhnuqmhblxdr,0,1,1,1.0
newsperson,1,0,1,0.0
qwtquwobjecdo,0,1,1,1.0
rjurvwehaknnt,0,1,1,1.0
bjwl,0,1,1,1.0
importpastur,0,1,1,1.0
freeportfibrin,0,1,1,1.0
hatcehd,0,1,1,1.0
battlezon,1,0,1,0.0
brandfmedicationsi,0,1,1,1.0
kantenberg,1,0,1,0.0
erheben,0,1,1,1.0
mcbean,0,1,1,1.0
expectscdgt,0,1,1,1.0
ncred,0,1,1,1.0
oesophagi,0,1,1,1.0
cadfpwoy,0,1,1,1.0
warmup,0,1,1,1.0
dolphinum,0,1,1,1.0
nzcntyxog,0,1,1,1.0
qtptmtiz,0,1,1,1.0
orderonlin,0,1,1,1.0
lstockblvd,0,1,1,1.0
mdzxbbmxj,0,1,1,1.0
lpeichel,1,0,1,0.0
foreningsgatan,0,1,1,1.0
onno,0,1,1,1.0
obstip,0,1,1,1.0
urfrdemubblkunmdbyh,0,1,1,1.0
pacificbank,0,1,1,1.0
singletari,1,0,1,0.0
ozcan,0,1,1,1.0
marcando,0,1,1,1.0
funcityl,0,1,1,1.0
sez,0,1,1,1.0
ursprünglich,0,1,1,1.0
tthink,0,1,1,1.0
selffir,0,1,1,1.0
tycoonelastom,0,1,1,1.0
misjurkeev,0,1,1,1.0
equipotentcraz,0,1,1,1.0
brancaccio,1,0,1,0.0
huitt,0,1,1,1.0
lifcentr,1,0,1,0.0
saleabl,0,1,1,1.0
deboer,0,1,1,1.0
hxqlilv,0,1,1,1.0
dariadonn,0,1,1,1.0
mennw,0,1,1,1.0
viagraantietam,0,1,1,1.0
qboogxt,0,1,1,1.0
glgeywi,0,1,1,1.0
mileslight,0,1,1,1.0
kgmcn,0,1,1,1.0
nvimi,0,1,1,1.0
yijrov,0,1,1,1.0
rscott,0,1,1,1.0
ejfluuvvk,0,1,1,1.0
ejmhtmdn,0,1,1,1.0
alfredajilnt,0,1,1,1.0
knar,0,1,1,1.0
atof,0,1,1,1.0
fuvvlo,0,1,1,1.0
borourk,1,0,1,0.0
tyavl,0,1,1,1.0
atnhvbu,0,1,1,1.0
muzikdersi,0,1,1,1.0
groenfeld,1,0,1,0.0
lrwfnv,0,1,1,1.0
ltsd,0,1,1,1.0
discrjet,0,1,1,1.0
zappmobil,0,1,1,1.0
chaparralillum,0,1,1,1.0
moriitgag,0,1,1,1.0
wztrd,0,1,1,1.0
mollig,0,1,1,1.0
taxidermist,0,1,1,1.0
nishimura,1,0,1,0.0
uqrvu,0,1,1,1.0
dowor,0,1,1,1.0
ytrprd,0,1,1,1.0
barneswalla,0,1,1,1.0
invasiveshon,0,1,1,1.0
dzmalqaa,0,1,1,1.0
kmontserrat,0,1,1,1.0
bombastamor,0,1,1,1.0
sirri,1,0,1,0.0
citiz,0,1,1,1.0
unbeatablk,0,1,1,1.0
gnjkk,0,1,1,1.0
afflect,0,1,1,1.0
intransact,0,1,1,1.0
hfkosxcymgftzd,0,1,1,1.0
yriwjpb,0,1,1,1.0
juizado,0,1,1,1.0
axner,0,1,1,1.0
idj,0,1,1,1.0
orunwarr,0,1,1,1.0
clydesaloonkeep,0,1,1,1.0
toiler,0,1,1,1.0
albireo,0,1,1,1.0
deliberatley,0,1,1,1.0
libhgmh,0,1,1,1.0
vermenigvuldig,0,1,1,1.0
pobtopfntlsjyuth,0,1,1,1.0
cisxxhegd,0,1,1,1.0
wmzkjc,0,1,1,1.0
wjwjr,1,0,1,0.0
breitlin,0,1,1,1.0
mankansi,0,1,1,1.0
febcdcf,0,1,1,1.0
qxn,0,1,1,1.0
recorgnit,0,1,1,1.0
enciend,0,1,1,1.0
vvebpag,0,1,1,1.0
yeold,0,1,1,1.0
monopril,0,1,1,1.0
rnzc,0,1,1,1.0
greatvista,0,1,1,1.0
wdnesc,0,1,1,1.0
jrunr,0,1,1,1.0
zhctrwej,0,1,1,1.0
ebigg,1,0,1,0.0
limitada,0,1,1,1.0
piet,0,1,1,1.0
ukhutuh,0,1,1,1.0
seawal,1,0,1,0.0
craaaaaazi,0,1,1,1.0
yugei,0,1,1,1.0
ibrica,0,1,1,1.0
qbzki,0,1,1,1.0
lkgfqss,0,1,1,1.0
fnbankza,0,1,1,1.0
mikkyjohn,0,1,1,1.0
qnabg,0,1,1,1.0
kbttt,0,1,1,1.0
bremtun,1,0,1,0.0
yguvelxt,0,1,1,1.0
morbidli,0,1,1,1.0
verbunden,0,1,1,1.0
innenoct,0,1,1,1.0
copor,0,1,1,1.0
oisv,0,1,1,1.0
tebzn,0,1,1,1.0
kalxftemqyll,0,1,1,1.0
lcuttleboneo,0,1,1,1.0
powernow,0,1,1,1.0
perifer,1,0,1,0.0
betreib,0,1,1,1.0
fmtntjzwf,0,1,1,1.0
wgghsacqcobcqo,0,1,1,1.0
rubid,0,1,1,1.0
sazrgno,0,1,1,1.0
obthmp,0,1,1,1.0
emperortan,0,1,1,1.0
innozen,0,1,1,1.0
vqv,0,1,1,1.0
cephalomelu,0,1,1,1.0
hormiga,0,1,1,1.0
ysenbzkjtw,0,1,1,1.0
agerhardt,1,0,1,0.0
iilesil,0,1,1,1.0
fkglxkh,0,1,1,1.0
ziplink,1,0,1,0.0
jerriw,1,0,1,0.0
doubtwil,0,1,1,1.0
fjisd,0,1,1,1.0
tzoj,0,1,1,1.0
kwgdomv,0,1,1,1.0
meathead,1,0,1,0.0
frknkskgmtkphsluhghh,0,1,1,1.0
fuja,1,0,1,0.0
sidedish,0,1,1,1.0
mightiest,1,0,1,0.0
dkvuprz,0,1,1,1.0
ballena,0,1,1,1.0
lcamdyrunjzqmmd,0,1,1,1.0
kyldmowog,0,1,1,1.0
deilmann,0,1,1,1.0
echoeshodgkin,0,1,1,1.0
nxcclaq,0,1,1,1.0
lbol,1,0,1,0.0
ficticio,0,1,1,1.0
lasser,1,0,1,0.0
wehiuhef,0,1,1,1.0
eurofist,0,1,1,1.0
sweetner,1,0,1,0.0
fgecgh,0,1,1,1.0
visimt,0,1,1,1.0
courtneyhav,0,1,1,1.0
rbsvt,0,1,1,1.0
ohir,0,1,1,1.0
canov,0,1,1,1.0
greasedecreas,0,1,1,1.0
rbqzdll,0,1,1,1.0
kgaden,1,0,1,0.0
vth,0,1,1,1.0
dsbadvzwg,0,1,1,1.0
wtvswcatk,0,1,1,1.0
cytg,0,1,1,1.0
showswet,0,1,1,1.0
qualitti,0,1,1,1.0
peirr,1,0,1,0.0
oocsku,0,1,1,1.0
brochuren,0,1,1,1.0
curiumisomorph,0,1,1,1.0
botaniccapacitor,0,1,1,1.0
increasemartinienergi,0,1,1,1.0
gfymo,0,1,1,1.0
explorado,0,1,1,1.0
ootc,1,0,1,0.0
kathleenhay,1,0,1,0.0
secretarybird,0,1,1,1.0
jeanettegofish,0,1,1,1.0
twilliam,0,1,1,1.0
routautonomi,0,1,1,1.0
tattoosund,0,1,1,1.0
strongarm,0,1,1,1.0
higtch,0,1,1,1.0
hunsuck,1,0,1,0.0
dfmqrwk,0,1,1,1.0
brcincinnati,0,1,1,1.0
cranag,0,1,1,1.0
comidid,1,0,1,0.0
krakowradish,0,1,1,1.0
ucbgrv,0,1,1,1.0
mhoter,0,1,1,1.0
hrbrbrbrbrbrbrbrbr,0,1,1,1.0
atkinsonshi,0,1,1,1.0
msjhzfwub,0,1,1,1.0
unbepat,0,1,1,1.0
raiola,1,0,1,0.0
vqkq,0,1,1,1.0
contactingour,0,1,1,1.0
ytkmo,0,1,1,1.0
ldmdzj,0,1,1,1.0
ksev,0,1,1,1.0
cheveryn,0,1,1,1.0
tynvc,0,1,1,1.0
humm,0,1,1,1.0
orgasmo,0,1,1,1.0
steppingreopen,0,1,1,1.0
qykz,0,1,1,1.0
hothoxi,0,1,1,1.0
adevai,1,0,1,0.0
zinjanthropu,0,1,1,1.0
estrategicocomo,0,1,1,1.0
compliaanc,0,1,1,1.0
easyy,0,1,1,1.0
xanvax,0,1,1,1.0
naplb,0,1,1,1.0
anachronismchecksum,0,1,1,1.0
shoobridg,1,0,1,0.0
dalmat,0,1,1,1.0
extendedwarranti,0,1,1,1.0
utterl,0,1,1,1.0
charonpomp,0,1,1,1.0
neelam,1,0,1,0.0
dstudio,0,1,1,1.0
orangesjar,0,1,1,1.0
sastephen,1,0,1,0.0
lptor,0,1,1,1.0
kemal,1,0,1,0.0
xjcmlqptt,0,1,1,1.0
dlxw,0,1,1,1.0
yourfavor,0,1,1,1.0
incud,0,1,1,1.0
acenenoph,0,1,1,1.0
cessac,1,0,1,0.0
qmtztznmx,0,1,1,1.0
leaelliott,1,0,1,0.0
thacher,1,0,1,0.0
sibley,0,1,1,1.0
ifovhcz,0,1,1,1.0
wixdmocrnkxp,0,1,1,1.0
sagan,0,1,1,1.0
eurlhp,0,1,1,1.0
bronxbarbado,0,1,1,1.0
odzywalem,1,0,1,0.0
plateletmauritiu,0,1,1,1.0
turquia,0,1,1,1.0
prosilbym,1,0,1,0.0
creviceschloss,0,1,1,1.0
hahha,0,1,1,1.0
suaveeffer,0,1,1,1.0
receiev,0,1,1,1.0
windstruck,0,1,1,1.0
gervai,1,0,1,0.0
scullion,0,1,1,1.0
jiklfzm,0,1,1,1.0
xrlzub,0,1,1,1.0
utsand,0,1,1,1.0
evgxbgoqk,0,1,1,1.0
witheral,1,0,1,0.0
accountsynd,0,1,1,1.0
bjalanco,0,1,1,1.0
fsrne,0,1,1,1.0
ceom,0,1,1,1.0
enerconnect,1,0,1,0.0
olyog,0,1,1,1.0
ehfrrjkv,0,1,1,1.0
rdid,1,0,1,0.0
personaliza,0,1,1,1.0
commish,1,0,1,0.0
iileg,0,1,1,1.0
prsf,1,0,1,0.0
fuszqj,0,1,1,1.0
blhdroe,0,1,1,1.0
atydmz,0,1,1,1.0
txm,1,0,1,0.0
abouthi,0,1,1,1.0
redwingtaffi,0,1,1,1.0
bxqzf,0,1,1,1.0
pleurisi,0,1,1,1.0
apasionadament,0,1,1,1.0
fdtjji,0,1,1,1.0
kashilwepo,0,1,1,1.0
pccxwnnmev,0,1,1,1.0
woodrowedison,0,1,1,1.0
corporateinsur,1,0,1,0.0
yniuzlb,0,1,1,1.0
wonin,0,1,1,1.0
luluamand,0,1,1,1.0
linomail,0,1,1,1.0
distirbut,1,0,1,0.0
gphsc,0,1,1,1.0
ybegirait,0,1,1,1.0
barge,0,1,1,1.0
eturn,0,1,1,1.0
jegon,0,1,1,1.0
publicrelationsoffic,0,1,1,1.0
competitior,1,0,1,0.0
moqwrcaigwvvfpsljzycp,0,1,1,1.0
bform,1,0,1,0.0
jrxlk,0,1,1,1.0
wme,0,1,1,1.0
gyallero,0,1,1,1.0
grivet,0,1,1,1.0
vkvnw,0,1,1,1.0
tuto,1,0,1,0.0
ldupnj,0,1,1,1.0
olcqecxvhlsdtfvk,0,1,1,1.0
repetir,0,1,1,1.0
showthread,0,1,1,1.0
sden,0,1,1,1.0
redstart,0,1,1,1.0
eltopckcsj,0,1,1,1.0
twim,0,1,1,1.0
gzhadvicay,0,1,1,1.0
hereusa,0,1,1,1.0
dimiti,0,1,1,1.0
cdbabi,0,1,1,1.0
etqb,0,1,1,1.0
mtal,0,1,1,1.0
thetfe,0,1,1,1.0
lej,0,1,1,1.0
vpmm,0,1,1,1.0
qubu,0,1,1,1.0
perimetermush,0,1,1,1.0
jessami,0,1,1,1.0
tkvet,0,1,1,1.0
acekey,0,1,1,1.0
everryy,0,1,1,1.0
mqnrvurehoxuq,0,1,1,1.0
unbeaten,0,1,1,1.0
btripod,0,1,1,1.0
luyjzt,0,1,1,1.0
limmit,0,1,1,1.0
altu,0,1,1,1.0
fywpxubr,0,1,1,1.0
diariament,0,1,1,1.0
dolph,1,0,1,0.0
uoaey,0,1,1,1.0
knyxlfkkk,0,1,1,1.0
jaywantiben,1,0,1,0.0
oavvm,0,1,1,1.0
gmommi,1,0,1,0.0
gustaría,0,1,1,1.0
drecx,0,1,1,1.0
jordain,0,1,1,1.0
quirúrgica,0,1,1,1.0
jascollin,1,0,1,0.0
odium,0,1,1,1.0
ucnwaltt,0,1,1,1.0
lelnoljsz,0,1,1,1.0
qdohgatn,0,1,1,1.0
plagioclas,0,1,1,1.0
degenhardt,1,0,1,0.0
alimenticia,0,1,1,1.0
mmqtgh,0,1,1,1.0
niapllhfi,0,1,1,1.0
mcadori,1,0,1,0.0
gwpfx,0,1,1,1.0
wget,0,1,1,1.0
exportacin,0,1,1,1.0
reeeeemooovee,0,1,1,1.0
kix,0,1,1,1.0
cleanli,0,1,1,1.0
bblfkuot,0,1,1,1.0
canelo,0,1,1,1.0
operaglass,0,1,1,1.0
hitcommod,0,1,1,1.0
seagat,0,1,1,1.0
bcnf,0,1,1,1.0
finhd,0,1,1,1.0
wark,0,1,1,1.0
beschreibung,0,1,1,1.0
fhinanc,0,1,1,1.0
eyuejwueu,0,1,1,1.0
vastest,0,1,1,1.0
ysmul,0,1,1,1.0
xrent,0,1,1,1.0
informaticien,0,1,1,1.0
rshult,1,0,1,0.0
rxforsur,0,1,1,1.0
barbellaberr,0,1,1,1.0
ppdi,1,0,1,0.0
processof,0,1,1,1.0
tgtl,1,0,1,0.0
zynv,0,1,1,1.0
fjf,0,1,1,1.0
vgmlxud,0,1,1,1.0
qsvxkodon,0,1,1,1.0
confiscatorydorset,0,1,1,1.0
bienc,0,1,1,1.0
moglich,0,1,1,1.0
baaaaaack,1,0,1,0.0
squeaz,0,1,1,1.0
tvxsywi,0,1,1,1.0
puxobabc,0,1,1,1.0
fligdemo,0,1,1,1.0
jqglu,0,1,1,1.0
dyna,0,1,1,1.0
rslku,0,1,1,1.0
ssusairwaysmil,1,0,1,0.0
trimont,1,0,1,0.0
xrefl,1,0,1,0.0
tjncv,0,1,1,1.0
bvdkf,0,1,1,1.0
tippedm,0,1,1,1.0
bilen,0,1,1,1.0
gayzx,0,1,1,1.0
dbsr,1,0,1,0.0
nning,0,1,1,1.0
jib,1,0,1,0.0
lnjscsi,0,1,1,1.0
nnd,1,0,1,0.0
mcpci,0,1,1,1.0
centerthi,0,1,1,1.0
hrpzldm,0,1,1,1.0
ufoch,0,1,1,1.0
fairbank,0,1,1,1.0
producteur,0,1,1,1.0
adversityé,0,1,1,1.0
jahiel,0,1,1,1.0
petercaleb,0,1,1,1.0
aspidistrayank,0,1,1,1.0
ginsbergj,1,0,1,0.0
pzo,0,1,1,1.0
antreten,0,1,1,1.0
lri,0,1,1,1.0
xdbjdlb,0,1,1,1.0
fewday,0,1,1,1.0
ecret,0,1,1,1.0
keng,1,0,1,0.0
rxh,0,1,1,1.0
ijteo,0,1,1,1.0
cycleriverbank,0,1,1,1.0
fkghdi,0,1,1,1.0
brinda,0,1,1,1.0
professionsens,0,1,1,1.0
ratero,0,1,1,1.0
obhqrbqtmx,0,1,1,1.0
thefardag,0,1,1,1.0
ilsoniin,0,1,1,1.0
perseguido,0,1,1,1.0
qkkoyd,0,1,1,1.0
nowclickk,0,1,1,1.0
suddn,1,0,1,0.0
ereturn,0,1,1,1.0
captao,0,1,1,1.0
metfamili,1,0,1,0.0
asudiy,0,1,1,1.0
debbyhagu,0,1,1,1.0
aacut,0,1,1,1.0
onlinetauschen,0,1,1,1.0
facturacin,0,1,1,1.0
yqcchnrtbto,0,1,1,1.0
greedili,0,1,1,1.0
ghrdg,0,1,1,1.0
yourlsf,0,1,1,1.0
identifiy,1,0,1,0.0
longbowman,0,1,1,1.0
tuohi,1,0,1,0.0
dirchrt,1,0,1,0.0
pulsatespoof,0,1,1,1.0
counterweight,0,1,1,1.0
yelisavetgrad,0,1,1,1.0
jvcetk,0,1,1,1.0
gobluebarri,0,1,1,1.0
lmrto,0,1,1,1.0
gruss,0,1,1,1.0
pizpow,0,1,1,1.0
ykinesicipaliourg,0,1,1,1.0
onbsp,0,1,1,1.0
palaestra,0,1,1,1.0
sustanti,1,0,1,0.0
studentka,1,0,1,0.0
fundlong,0,1,1,1.0
ooutt,0,1,1,1.0
bnx,0,1,1,1.0
xchlsiuan,0,1,1,1.0
okih,0,1,1,1.0
sxggmbi,0,1,1,1.0
lcgmw,0,1,1,1.0
ezo,0,1,1,1.0
digisi,1,0,1,0.0
amhhnjbwit,0,1,1,1.0
mousyblameworthi,0,1,1,1.0
ivx,0,1,1,1.0
andcompani,0,1,1,1.0
bepromot,0,1,1,1.0
informaiton,1,0,1,0.0
phdwithin,0,1,1,1.0
xqgjzz,0,1,1,1.0
hellimnon,0,1,1,1.0
unrepres,1,0,1,0.0
kggpbe,0,1,1,1.0
beeper,0,1,1,1.0
mceelal,0,1,1,1.0
gelliga,0,1,1,1.0
osliw,0,1,1,1.0
bnbsf,0,1,1,1.0
twgwmvurvtdu,0,1,1,1.0
cmbasto,1,0,1,0.0
graphisoft,0,1,1,1.0
hkmer,0,1,1,1.0
infiammatori,0,1,1,1.0
ovgw,0,1,1,1.0
vind,0,1,1,1.0
catalin,1,0,1,0.0
qbnexpwix,0,1,1,1.0
rqzaow,0,1,1,1.0
projektach,1,0,1,0.0
mercancia,0,1,1,1.0
worll,0,1,1,1.0
uxaqh,0,1,1,1.0
manygoodth,0,1,1,1.0
angelslloyd,0,1,1,1.0
minoulooney,0,1,1,1.0
nzvdtzf,0,1,1,1.0
yamoussoukro,0,1,1,1.0
aakerhielm,1,0,1,0.0
ifcc,0,1,1,1.0
pollalabamian,0,1,1,1.0
moc,0,1,1,1.0
barterkaskaskia,0,1,1,1.0
oblibgat,0,1,1,1.0
mlxgizleh,0,1,1,1.0
dvtqhbf,0,1,1,1.0
oconto,1,0,1,0.0
handlepyr,0,1,1,1.0
simli,1,0,1,0.0
stoma,0,1,1,1.0
wayso,0,1,1,1.0
colonellug,0,1,1,1.0
axemxsx,0,1,1,1.0
sonho,0,1,1,1.0
helato,1,0,1,0.0
dyoremmka,0,1,1,1.0
wonefubu,0,1,1,1.0
drract,0,1,1,1.0
wtroh,0,1,1,1.0
lznkxt,0,1,1,1.0
halemaidenhair,0,1,1,1.0
pakkyii,0,1,1,1.0
credentialnbsp,0,1,1,1.0
hellfwo,0,1,1,1.0
astrometri,0,1,1,1.0
hafieusmqbr,0,1,1,1.0
facilidad,0,1,1,1.0
presuminh,1,0,1,0.0
yiv,0,1,1,1.0
rslhxncpb,0,1,1,1.0
jhune,1,0,1,0.0
hahnemann,0,1,1,1.0
karstaedt,1,0,1,0.0
mkw,0,1,1,1.0
sexiual,0,1,1,1.0
olivierexpress,0,1,1,1.0
ylprcj,0,1,1,1.0
gmle,0,1,1,1.0
química,0,1,1,1.0
medicc,0,1,1,1.0
villein,0,1,1,1.0
angkymc,0,1,1,1.0
prci,0,1,1,1.0
vintnermissouri,0,1,1,1.0
meaghr,1,0,1,0.0
skognp,0,1,1,1.0
cobrador,0,1,1,1.0
kjm,1,0,1,0.0
telefona,0,1,1,1.0
alsik,1,0,1,0.0
overwrot,0,1,1,1.0
ktoflahap,0,1,1,1.0
indican,0,1,1,1.0
walkman,0,1,1,1.0
quahav,0,1,1,1.0
oblion,0,1,1,1.0
corabella,0,1,1,1.0
liberi,0,1,1,1.0
afocu,0,1,1,1.0
antiredeposit,0,1,1,1.0
demandspr,0,1,1,1.0
juzwihrhd,0,1,1,1.0
vaghedi,1,0,1,0.0
mmjklmwelof,0,1,1,1.0
dvkjivxl,0,1,1,1.0
dlohmann,0,1,1,1.0
ckarlik,1,0,1,0.0
gscr,1,0,1,0.0
ludxnt,0,1,1,1.0
hadduc,0,1,1,1.0
pitknb,0,1,1,1.0
lacewingbarton,0,1,1,1.0
discoverdreamland,0,1,1,1.0
rtgvage,0,1,1,1.0
attact,1,0,1,0.0
crevass,0,1,1,1.0
texaswww,1,0,1,0.0
jnkex,0,1,1,1.0
kwietnia,1,0,1,0.0
playof,0,1,1,1.0
exciteuy,0,1,1,1.0
tvhrptrdrolk,0,1,1,1.0
rumer,0,1,1,1.0
petter,0,1,1,1.0
acumulars,0,1,1,1.0
obligado,0,1,1,1.0
reseourc,1,0,1,0.0
philter,0,1,1,1.0
najlepiej,1,0,1,0.0
ropesthen,0,1,1,1.0
tltzeal,0,1,1,1.0
aploprov,0,1,1,1.0
ptisvzdud,0,1,1,1.0
antialias,0,1,1,1.0
óþ,0,1,1,1.0
zqz,0,1,1,1.0
mvirohhwmktzl,0,1,1,1.0
gareyradcliff,0,1,1,1.0
andremitt,0,1,1,1.0
uuqwjhri,0,1,1,1.0
phlogiston,0,1,1,1.0
qfpp,0,1,1,1.0
onceinagener,0,1,1,1.0
kavanagh,1,0,1,0.0
zykhyd,0,1,1,1.0
incnonet,0,1,1,1.0
ergushovo,0,1,1,1.0
lgledhil,1,0,1,0.0
petrolan,1,0,1,0.0
fwldkniuy,0,1,1,1.0
oriz,0,1,1,1.0
feeeeeed,0,1,1,1.0
byvfx,0,1,1,1.0
þqué,0,1,1,1.0
inpennddeet,0,1,1,1.0
nietcho,1,0,1,0.0
asltom,1,0,1,0.0
buenrostro,1,0,1,0.0
hlejsh,0,1,1,1.0
funniest,0,1,1,1.0
rtwilkinsn,1,0,1,0.0
pwwiebpi,0,1,1,1.0
pzzftxxuw,0,1,1,1.0
zvaderc,0,1,1,1.0
nqnntajhu,0,1,1,1.0
clfp,1,0,1,0.0
encaenia,0,1,1,1.0
amarjit,0,1,1,1.0
coldblood,0,1,1,1.0
petersonftk,0,1,1,1.0
enrondirectfinac,1,0,1,0.0
ineffac,0,1,1,1.0
stonedar,0,1,1,1.0
faauqligcdq,0,1,1,1.0
igslfq,0,1,1,1.0
vijzelstraat,0,1,1,1.0
jbmjwce,0,1,1,1.0
xsdj,0,1,1,1.0
hihmyorbidbn,0,1,1,1.0
pevov,0,1,1,1.0
swxoqwqtt,0,1,1,1.0
wdfire,1,0,1,0.0
mmahoney,1,0,1,0.0
fqqvibwzm,0,1,1,1.0
whellercaldera,0,1,1,1.0
foilconduit,0,1,1,1.0
pscrip,0,1,1,1.0
nlmzj,0,1,1,1.0
integrandoo,0,1,1,1.0
dindon,0,1,1,1.0
xrfrugal,0,1,1,1.0
mouseinternet,0,1,1,1.0
lhvrsv,0,1,1,1.0
ftwar,0,1,1,1.0
dvk,0,1,1,1.0
fountainhornet,0,1,1,1.0
preliminar,0,1,1,1.0
irmascion,0,1,1,1.0
dwarvesoutermost,0,1,1,1.0
bkrb,0,1,1,1.0
demiss,0,1,1,1.0
caryn,1,0,1,0.0
vessey,1,0,1,0.0
ohanley,0,1,1,1.0
lpw,0,1,1,1.0
alrexvnym,0,1,1,1.0
voytowsiq,0,1,1,1.0
vcdvj,0,1,1,1.0
dmcpgdtbrnceuqhjr,0,1,1,1.0
cbaxiqjxf,0,1,1,1.0
poperi,0,1,1,1.0
mqqabwf,0,1,1,1.0
mahound,0,1,1,1.0
gggx,0,1,1,1.0
econooomi,0,1,1,1.0
dplonnni,0,1,1,1.0
jikgw,0,1,1,1.0
fnqtc,0,1,1,1.0
ruqaeven,0,1,1,1.0
designprometh,0,1,1,1.0
hgtk,0,1,1,1.0
fgkfvf,0,1,1,1.0
knjecmo,0,1,1,1.0
trojanindispos,0,1,1,1.0
nbwv,0,1,1,1.0
aubin,1,0,1,0.0
ediegor,0,1,1,1.0
smurfitt,1,0,1,0.0
machinelikefritt,0,1,1,1.0
thebeach,0,1,1,1.0
pktyxqc,0,1,1,1.0
claredil,0,1,1,1.0
entero,0,1,1,1.0
hyoden,0,1,1,1.0
jtsun,0,1,1,1.0
amoy,0,1,1,1.0
byzn,0,1,1,1.0
gqaeatsd,0,1,1,1.0
choquet,1,0,1,0.0
itsfun,0,1,1,1.0
claimagentol,0,1,1,1.0
yldwr,0,1,1,1.0
xutian,0,1,1,1.0
dysphor,0,1,1,1.0
passagebark,0,1,1,1.0
mbaless,0,1,1,1.0
entrepris,0,1,1,1.0
thisisagoodmov,0,1,1,1.0
hrozg,0,1,1,1.0
rco,0,1,1,1.0
bastinado,0,1,1,1.0
remotest,0,1,1,1.0
romanspeedo,0,1,1,1.0
napa,1,0,1,0.0
heull,0,1,1,1.0
unaddress,1,0,1,0.0
rehovot,0,1,1,1.0
cwch,0,1,1,1.0
overthrust,1,0,1,0.0
antonyml,0,1,1,1.0
addressgood,1,0,1,0.0
rockhampton,0,1,1,1.0
lhdrmpcqejvm,0,1,1,1.0
gedeon,1,0,1,0.0
salri,1,0,1,0.0
salel,0,1,1,1.0
praisingli,0,1,1,1.0
pnb,0,1,1,1.0
mcricket,0,1,1,1.0
ikxanc,0,1,1,1.0
sittard,0,1,1,1.0
qmjandp,0,1,1,1.0
combler,0,1,1,1.0
velocoml,0,1,1,1.0
osvajack,0,1,1,1.0
hxnhxulyov,0,1,1,1.0
rachelrdixon,0,1,1,1.0
enemygray,0,1,1,1.0
cse,0,1,1,1.0
downsidebandstop,0,1,1,1.0
encrrth,0,1,1,1.0
picstur,0,1,1,1.0
lcni,0,1,1,1.0
tuskege,0,1,1,1.0
einla,0,1,1,1.0
periodista,0,1,1,1.0
emailiaddress,0,1,1,1.0
quincunx,0,1,1,1.0
luip,0,1,1,1.0
ética,0,1,1,1.0
anycas,0,1,1,1.0
qaulifi,1,0,1,0.0
qxb,0,1,1,1.0
pwqa,0,1,1,1.0
saull,1,0,1,0.0
biancardi,0,1,1,1.0
grwlu,0,1,1,1.0
llittl,1,0,1,0.0
whiyuhmu,0,1,1,1.0
postkasten,0,1,1,1.0
vyxjwueppxjhr,0,1,1,1.0
luckysummit,0,1,1,1.0
katilabilirsiniz,0,1,1,1.0
thriven,0,1,1,1.0
garg,1,0,1,0.0
wsiwyg,0,1,1,1.0
anappl,0,1,1,1.0
chibouqu,0,1,1,1.0
usescatalogu,0,1,1,1.0
dyrewa,0,1,1,1.0
xzzf,0,1,1,1.0
kvkcqcvz,0,1,1,1.0
ldupwo,0,1,1,1.0
oftn,0,1,1,1.0
enamorar,0,1,1,1.0
crazyporno,0,1,1,1.0
euphorbiac,0,1,1,1.0
verordnung,0,1,1,1.0
qmyova,0,1,1,1.0
cono,0,1,1,1.0
rummymeistersing,0,1,1,1.0
tripo,0,1,1,1.0
yzpwwp,0,1,1,1.0
almada,0,1,1,1.0
texwinco,0,1,1,1.0
samueldalton,0,1,1,1.0
forgein,0,1,1,1.0
lydiacontrari,0,1,1,1.0
etiquetado,0,1,1,1.0
exeloncorp,1,0,1,0.0
insley,0,1,1,1.0
smiller,1,0,1,0.0
wsqaomid,0,1,1,1.0
rescheduel,1,0,1,0.0
oeuri,0,1,1,1.0
troduc,0,1,1,1.0
ndaphin,0,1,1,1.0
ethicol,0,1,1,1.0
couchllum,0,1,1,1.0
irewsni,0,1,1,1.0
brentgoos,0,1,1,1.0
begettingideolog,0,1,1,1.0
nqzrwezw,0,1,1,1.0
deictic,0,1,1,1.0
nryyxz,0,1,1,1.0
quinteron,0,1,1,1.0
custard,0,1,1,1.0
puacz,0,1,1,1.0
paymastergener,0,1,1,1.0
nepali,0,1,1,1.0
cpsnet,0,1,1,1.0
universai,0,1,1,1.0
modificaiton,1,0,1,0.0
dciogzgx,0,1,1,1.0
hcjsakyu,0,1,1,1.0
lysdkgswk,0,1,1,1.0
wideif,0,1,1,1.0
vioexx,0,1,1,1.0
xmslq,0,1,1,1.0
throoough,0,1,1,1.0
chainani,1,0,1,0.0
viiiagraaaaaa,0,1,1,1.0
zmymw,0,1,1,1.0
chui,1,0,1,0.0
qwfobclubl,0,1,1,1.0
jaru,0,1,1,1.0
salienc,0,1,1,1.0
voicanogen,0,1,1,1.0
dellmidw,0,1,1,1.0
gaoler,0,1,1,1.0
raimmhyika,0,1,1,1.0
emailloc,0,1,1,1.0
ypompipaliourg,0,1,1,1.0
mior,0,1,1,1.0
elitist,0,1,1,1.0
gdhm,1,0,1,0.0
recen,0,1,1,1.0
multiparti,1,0,1,0.0
epen,0,1,1,1.0
zetgw,0,1,1,1.0
clpsjriw,0,1,1,1.0
xelbbjllk,0,1,1,1.0
ottapm,0,1,1,1.0
vello,0,1,1,1.0
manufactu,0,1,1,1.0
claryol,0,1,1,1.0
iwdvmv,0,1,1,1.0
bevo,1,0,1,0.0
acelerado,0,1,1,1.0
fgywifenm,0,1,1,1.0
darueb,0,1,1,1.0
ixybcm,0,1,1,1.0
tstkmojotprh,0,1,1,1.0
nuit,0,1,1,1.0
liyti,0,1,1,1.0
emile,0,1,1,1.0
bibbchamomil,0,1,1,1.0
privateemail,0,1,1,1.0
slaver,0,1,1,1.0
acqaint,0,1,1,1.0
softxwar,0,1,1,1.0
htmlget,0,1,1,1.0
wolfmanmin,0,1,1,1.0
cubq,0,1,1,1.0
ndcckrip,0,1,1,1.0
fentonamort,0,1,1,1.0
aiconsult,0,1,1,1.0
thescen,0,1,1,1.0
lqq,0,1,1,1.0
lavst,0,1,1,1.0
hfe,0,1,1,1.0
trivalley,0,1,1,1.0
vbl,0,1,1,1.0
yxjdvpzxp,0,1,1,1.0
ypnzbxr,0,1,1,1.0
thazt,0,1,1,1.0
dohsyh,0,1,1,1.0
lhg,0,1,1,1.0
volail,1,0,1,0.0
bookaxon,0,1,1,1.0
dlimg,0,1,1,1.0
karlen,0,1,1,1.0
lawsl,0,1,1,1.0
gfod,0,1,1,1.0
graspabl,0,1,1,1.0
critico,0,1,1,1.0
tet,0,1,1,1.0
azr,0,1,1,1.0
shqmtykmk,0,1,1,1.0
mississippiathena,0,1,1,1.0
entablatur,0,1,1,1.0
marryott,1,0,1,0.0
monm,0,1,1,1.0
lionessaustralit,0,1,1,1.0
selfcent,0,1,1,1.0
sethu,1,0,1,0.0
angehrig,0,1,1,1.0
uxdzg,0,1,1,1.0
estray,0,1,1,1.0
nidhug,0,1,1,1.0
comercializacao,1,0,1,0.0
vacunado,0,1,1,1.0
lipolysi,0,1,1,1.0
qtylvwooz,0,1,1,1.0
drw,1,0,1,0.0
lyuoajna,0,1,1,1.0
attison,0,1,1,1.0
medeti,0,1,1,1.0
ewj,0,1,1,1.0
antiphish,0,1,1,1.0
forgettingstem,0,1,1,1.0
vuu,0,1,1,1.0
dttkghl,0,1,1,1.0
userconf,1,0,1,0.0
ccyeb,0,1,1,1.0
axyssmmq,0,1,1,1.0
phacux,0,1,1,1.0
purfey,0,1,1,1.0
ymcn,0,1,1,1.0
crystieshannon,0,1,1,1.0
dywl,0,1,1,1.0
daricha,1,0,1,0.0
tccvh,0,1,1,1.0
maydaypack,0,1,1,1.0
deê,0,1,1,1.0
fallopian,0,1,1,1.0
louisdreyfu,1,0,1,0.0
cursorzon,0,1,1,1.0
attac,1,0,1,0.0
idiosyncraci,1,0,1,0.0
fornec,0,1,1,1.0
factfind,0,1,1,1.0
fouti,0,1,1,1.0
rhhhka,0,1,1,1.0
motimabifond,0,1,1,1.0
ortga,0,1,1,1.0
ibcihk,0,1,1,1.0
lsni,0,1,1,1.0
ayojjl,0,1,1,1.0
lanner,1,0,1,0.0
dieciou,0,1,1,1.0
ciaf,0,1,1,1.0
conca,0,1,1,1.0
gnydw,0,1,1,1.0
sihrac,0,1,1,1.0
keptfitzroy,0,1,1,1.0
sja,0,1,1,1.0
outbox,1,0,1,0.0
ndqoeub,0,1,1,1.0
yüzde,0,1,1,1.0
ofsr,0,1,1,1.0
foshebu,0,1,1,1.0
zmtxnbxnx,0,1,1,1.0
assian,0,1,1,1.0
kevina,0,1,1,1.0
knfbdcv,0,1,1,1.0
krumvied,1,0,1,0.0
alphabetin,0,1,1,1.0
wyrzv,0,1,1,1.0
fkr,0,1,1,1.0
kleinanzeigen,0,1,1,1.0
rza,0,1,1,1.0
beval,0,1,1,1.0
riskfactr,1,0,1,0.0
wlumberjacket,0,1,1,1.0
hdvest,1,0,1,0.0
sschulz,1,0,1,0.0
musesthey,0,1,1,1.0
vpxlp,0,1,1,1.0
plfcmytx,0,1,1,1.0
fickereien,0,1,1,1.0
dampli,0,1,1,1.0
nzmlf,0,1,1,1.0
ddon,0,1,1,1.0
shantanu,1,0,1,0.0
eiffel,0,1,1,1.0
zigbe,0,1,1,1.0
bugatti,0,1,1,1.0
xwmiwwjwwahawuycq,0,1,1,1.0
asdsfn,0,1,1,1.0
uaal,1,0,1,0.0
arquett,0,1,1,1.0
interlotteri,0,1,1,1.0
pwsqgr,0,1,1,1.0
hpfxyfluimv,0,1,1,1.0
ckaejb,0,1,1,1.0
wwtirz,0,1,1,1.0
ycc,0,1,1,1.0
cfhdejmxtnqylzctabgik,0,1,1,1.0
parkplätz,0,1,1,1.0
paradigma,0,1,1,1.0
cicwi,0,1,1,1.0
statehous,0,1,1,1.0
rdtpt,0,1,1,1.0
ixdowyc,0,1,1,1.0
lachlan,0,1,1,1.0
traduccin,0,1,1,1.0
bpzrb,0,1,1,1.0
barulli,1,0,1,0.0
lcjxeiwmm,0,1,1,1.0
showup,1,0,1,0.0
pisceswhitney,0,1,1,1.0
heredada,0,1,1,1.0
sobo,0,1,1,1.0
subrang,0,1,1,1.0
analizar,0,1,1,1.0
fdeleon,1,0,1,0.0
didach,0,1,1,1.0
strambler,1,0,1,0.0
jfg,1,0,1,0.0
tveckzrh,0,1,1,1.0
dyapexpathlab,0,1,1,1.0
walsemann,1,0,1,0.0
xkr,0,1,1,1.0
yourlef,0,1,1,1.0
influenci,0,1,1,1.0
owbnyycu,0,1,1,1.0
ekpqo,0,1,1,1.0
beckett,0,1,1,1.0
ángel,0,1,1,1.0
leng,0,1,1,1.0
salamat,0,1,1,1.0
socinian,0,1,1,1.0
kitchenman,0,1,1,1.0
netac,1,0,1,0.0
cristian,1,0,1,0.0
ztqdva,0,1,1,1.0
dfudu,0,1,1,1.0
xtfryu,0,1,1,1.0
streptococc,0,1,1,1.0
preprocess,1,0,1,0.0
gahxxj,0,1,1,1.0
servisa,0,1,1,1.0
favela,1,0,1,0.0
raltron,1,0,1,0.0
cqqgkko,0,1,1,1.0
qvute,0,1,1,1.0
magenharmon,0,1,1,1.0
xzd,0,1,1,1.0
freighter,0,1,1,1.0
alent,0,1,1,1.0
henkk,1,0,1,0.0
futureembroideri,0,1,1,1.0
código,0,1,1,1.0
mnqgx,0,1,1,1.0
bummen,0,1,1,1.0
brokersan,0,1,1,1.0
jxcumnnk,0,1,1,1.0
ftdaxorq,0,1,1,1.0
petrolera,0,1,1,1.0
myfath,0,1,1,1.0
akhmatova,0,1,1,1.0
celiectomi,0,1,1,1.0
phrhma,0,1,1,1.0
capricemonopoli,0,1,1,1.0
kornegay,1,0,1,0.0
reran,1,0,1,0.0
newss,0,1,1,1.0
electricityit,0,1,1,1.0
edvcorp,1,0,1,0.0
ganzha,0,1,1,1.0
tewkesburi,0,1,1,1.0
thonusi,0,1,1,1.0
ornamentsthes,0,1,1,1.0
cobjqn,0,1,1,1.0
matterif,0,1,1,1.0
haveuptown,0,1,1,1.0
underquot,0,1,1,1.0
charactersbrbr,0,1,1,1.0
agoho,0,1,1,1.0
uuv,0,1,1,1.0
rippe,1,0,1,0.0
looksquot,0,1,1,1.0
edva,0,1,1,1.0
svpejcji,0,1,1,1.0
yearno,0,1,1,1.0
extinguit,0,1,1,1.0
gilbreath,1,0,1,0.0
osmdirector,1,0,1,0.0
utilizacin,0,1,1,1.0
gabel,1,0,1,0.0
squeemish,1,0,1,0.0
knelt,0,1,1,1.0
frp,0,1,1,1.0
bckl,0,1,1,1.0
sssssswright,0,1,1,1.0
wfzefvf,0,1,1,1.0
sharkey,1,0,1,0.0
cernest,1,0,1,0.0
farrand,0,1,1,1.0
aakwoxd,0,1,1,1.0
zwdm,0,1,1,1.0
zamiar,1,0,1,0.0
azzam,0,1,1,1.0
rickypir,0,1,1,1.0
hzoxj,0,1,1,1.0
awvo,0,1,1,1.0
kfepvj,0,1,1,1.0
tsuoah,0,1,1,1.0
incorrecto,0,1,1,1.0
intrauterino,0,1,1,1.0
yyxaal,0,1,1,1.0
kviku,0,1,1,1.0
cristal,0,1,1,1.0
remuevem,0,1,1,1.0
vigorousquit,0,1,1,1.0
vdq,0,1,1,1.0
ndckhyhornzg,0,1,1,1.0
longkang,0,1,1,1.0
musclepain,0,1,1,1.0
xfptfrh,0,1,1,1.0
blockaden,0,1,1,1.0
narcissi,0,1,1,1.0
gxgh,0,1,1,1.0
dltaebrav,0,1,1,1.0
rbpcabr,0,1,1,1.0
taycx,0,1,1,1.0
effb,0,1,1,1.0
fayoimjr,0,1,1,1.0
rcole,1,0,1,0.0
viagka,0,1,1,1.0
bwawquqfbfcnbvdweyigei,0,1,1,1.0
fmfcuhrfocq,0,1,1,1.0
piotrowicz,1,0,1,0.0
mufxih,0,1,1,1.0
correlatewatch,0,1,1,1.0
zwcdup,0,1,1,1.0
aoo,0,1,1,1.0
sexuali,0,1,1,1.0
nxk,0,1,1,1.0
kakkerman,0,1,1,1.0
ixtbk,0,1,1,1.0
nonstrateg,1,0,1,0.0
mousemaniac,1,0,1,0.0
gtwejc,0,1,1,1.0
sportsmanship,1,0,1,0.0
kkvayoo,0,1,1,1.0
viakgra,0,1,1,1.0
indespens,0,1,1,1.0
cagoyjqjlodhnj,0,1,1,1.0
medicatilcon,0,1,1,1.0
fortur,0,1,1,1.0
daintili,0,1,1,1.0
chorusi,0,1,1,1.0
freinstein,0,1,1,1.0
gkplxjmnlhxslazdb,0,1,1,1.0
untlil,0,1,1,1.0
polan,1,0,1,0.0
wmqtxya,0,1,1,1.0
wilchin,1,0,1,0.0
tlj,0,1,1,1.0
personnalis,0,1,1,1.0
shouldcommun,1,0,1,0.0
rosselli,1,0,1,0.0
oxfr,0,1,1,1.0
rhsdj,0,1,1,1.0
thorni,0,1,1,1.0
moolah,1,0,1,0.0
royibasco,1,0,1,0.0
helio,0,1,1,1.0
productora,1,0,1,0.0
dhxfvk,0,1,1,1.0
wha,0,1,1,1.0
mrlarrymoor,0,1,1,1.0
typical,1,0,1,0.0
cmarkyoung,1,0,1,0.0
cmtvc,0,1,1,1.0
loveam,0,1,1,1.0
carlmoomoo,0,1,1,1.0
gushforbad,0,1,1,1.0
pilzer,0,1,1,1.0
carwork,0,1,1,1.0
geelkoperemm,0,1,1,1.0
prema,0,1,1,1.0
campinggroovi,0,1,1,1.0
qtepsoaf,0,1,1,1.0
bzepyp,0,1,1,1.0
ânxìëti,0,1,1,1.0
permiso,0,1,1,1.0
richvw,0,1,1,1.0
sitefound,0,1,1,1.0
orgaaaaaasm,0,1,1,1.0
pxyl,0,1,1,1.0
ebbtek,0,1,1,1.0
dleonard,1,0,1,0.0
sogar,0,1,1,1.0
sefton,0,1,1,1.0
oowhqta,0,1,1,1.0
jjtoj,0,1,1,1.0
gooo,0,1,1,1.0
venezuala,1,0,1,0.0
hwawrlgiooooqvjoii,0,1,1,1.0
preachi,0,1,1,1.0
lalani,1,0,1,0.0
ratd,0,1,1,1.0
sumamuphag,0,1,1,1.0
normalerweis,0,1,1,1.0
abjid,0,1,1,1.0
veroniqu,1,0,1,0.0
cbfglo,0,1,1,1.0
fundhav,0,1,1,1.0
aqueouspreparatori,0,1,1,1.0
cuiller,0,1,1,1.0
billycock,0,1,1,1.0
tomii,0,1,1,1.0
yack,1,0,1,0.0
ýlk,0,1,1,1.0
tjra,0,1,1,1.0
tphh,0,1,1,1.0
pearlylj,0,1,1,1.0
ouijekm,0,1,1,1.0
willliam,1,0,1,0.0
yseicqtz,0,1,1,1.0
brlwsvi,0,1,1,1.0
vvu,0,1,1,1.0
nubian,0,1,1,1.0
zlhmoj,0,1,1,1.0
swissr,1,0,1,0.0
sxf,0,1,1,1.0
allwin,0,1,1,1.0
longerr,0,1,1,1.0
tvwmk,0,1,1,1.0
sempl,1,0,1,0.0
grouesom,0,1,1,1.0
amonti,0,1,1,1.0
mostinterest,0,1,1,1.0
gyxzc,0,1,1,1.0
affpect,0,1,1,1.0
grislyplatypu,0,1,1,1.0
gtuaray,0,1,1,1.0
vorfllen,0,1,1,1.0
isuephfsv,0,1,1,1.0
paltrow,0,1,1,1.0
doniosla,1,0,1,0.0
recomm,1,0,1,0.0
freind,0,1,1,1.0
ubeniz,0,1,1,1.0
compu,0,1,1,1.0
pawellek,1,0,1,0.0
fhyesuw,0,1,1,1.0
newslin,1,0,1,0.0
gangbangc,0,1,1,1.0
buspor,0,1,1,1.0
gkkmw,0,1,1,1.0
painmi,0,1,1,1.0
krurr,0,1,1,1.0
qewzswgishyrm,0,1,1,1.0
multimedrx,0,1,1,1.0
xoo,0,1,1,1.0
arsenatedil,0,1,1,1.0
eftbso,0,1,1,1.0
acjuut,0,1,1,1.0
pedai,0,1,1,1.0
qiwszlr,0,1,1,1.0
avaijl,0,1,1,1.0
lgpaapq,0,1,1,1.0
dyxvl,0,1,1,1.0
varnel,1,0,1,0.0
andlaug,0,1,1,1.0
lmfuiwr,0,1,1,1.0
midgeortega,0,1,1,1.0
zimsftwbd,0,1,1,1.0
lur,0,1,1,1.0
schellman,0,1,1,1.0
chrisma,1,0,1,0.0
krb,0,1,1,1.0
cturner,1,0,1,0.0
ahc,1,0,1,0.0
shemal,0,1,1,1.0
greengrocerteresa,0,1,1,1.0
ublic,0,1,1,1.0
svz,0,1,1,1.0
mresum,1,0,1,0.0
rkao,0,1,1,1.0
astock,0,1,1,1.0
litharg,0,1,1,1.0
przypomni,1,0,1,0.0
duld,0,1,1,1.0
tbtirwj,0,1,1,1.0
vmzxv,0,1,1,1.0
ndr,0,1,1,1.0
mbpsoper,0,1,1,1.0
winther,0,1,1,1.0
evanec,1,0,1,0.0
overmarket,1,0,1,0.0
widescal,0,1,1,1.0
onright,0,1,1,1.0
lachel,0,1,1,1.0
hacerno,0,1,1,1.0
consoffercod,0,1,1,1.0
xrrylhol,0,1,1,1.0
nesler,1,0,1,0.0
xhimgczomxkt,0,1,1,1.0
icbp,0,1,1,1.0
dellpolaroid,0,1,1,1.0
lardner,1,0,1,0.0
cattleranch,0,1,1,1.0
bankabl,0,1,1,1.0
cgmirshrq,0,1,1,1.0
inrespect,0,1,1,1.0
absollutelott,0,1,1,1.0
vaaaagina,0,1,1,1.0
termserv,1,0,1,0.0
bendel,1,0,1,0.0
classen,1,0,1,0.0
prescriptionragain,0,1,1,1.0
yqj,0,1,1,1.0
tejcsnwi,0,1,1,1.0
wqfwrybp,0,1,1,1.0
jepp,1,0,1,0.0
broklahoma,0,1,1,1.0
nzkhkd,0,1,1,1.0
lignou,0,1,1,1.0
hiedi,1,0,1,0.0
fsex,0,1,1,1.0
sporo,1,0,1,0.0
enlanrg,0,1,1,1.0
whenbr,0,1,1,1.0
jlrwwwew,0,1,1,1.0
dxcyvsxm,0,1,1,1.0
reddest,0,1,1,1.0
onstolen,0,1,1,1.0
elamit,0,1,1,1.0
hoquu,0,1,1,1.0
klyfi,0,1,1,1.0
hupxorjnsbr,0,1,1,1.0
pisou,0,1,1,1.0
hzasj,0,1,1,1.0
rldih,0,1,1,1.0
quichua,0,1,1,1.0
tyjilxav,0,1,1,1.0
zoeken,0,1,1,1.0
imvel,0,1,1,1.0
gbvir,0,1,1,1.0
feltquit,0,1,1,1.0
lorn,1,0,1,0.0
klaar,0,1,1,1.0
conniebuggi,0,1,1,1.0
rfcl,1,0,1,0.0
omput,0,1,1,1.0
marz,1,0,1,0.0
distriut,1,0,1,0.0
rigidli,0,1,1,1.0
imtdb,0,1,1,1.0
pox,0,1,1,1.0
xplwkdkekkko,0,1,1,1.0
jki,0,1,1,1.0
oavpjeekm,0,1,1,1.0
freiss,1,0,1,0.0
thissit,0,1,1,1.0
foquofik,0,1,1,1.0
commisson,1,0,1,0.0
ubgez,0,1,1,1.0
friendsig,0,1,1,1.0
mayalreadi,0,1,1,1.0
stipp,1,0,1,0.0
tinsleyreveffo,1,0,1,0.0
dressag,0,1,1,1.0
cdykzp,0,1,1,1.0
dzisiejszego,1,0,1,0.0
yrlc,0,1,1,1.0
õèþõè,0,1,1,1.0
wybierala,1,0,1,0.0
unobstruct,0,1,1,1.0
dtht,0,1,1,1.0
quitchgrass,0,1,1,1.0
bvmwuqbmcxcvh,0,1,1,1.0
gkx,0,1,1,1.0
bksmhr,0,1,1,1.0
ruinieren,0,1,1,1.0
ymaaxwgvgmlaku,0,1,1,1.0
charactr,1,0,1,0.0
pmorn,0,1,1,1.0
seophist,0,1,1,1.0
justifiquen,0,1,1,1.0
cosybrphrasemak,0,1,1,1.0
crossdisast,0,1,1,1.0
eichman,1,0,1,0.0
fqmvmnnh,0,1,1,1.0
irim,1,0,1,0.0
vhckaolk,0,1,1,1.0
nothanky,0,1,1,1.0
kqo,0,1,1,1.0
laughedget,0,1,1,1.0
bwvcnfyr,0,1,1,1.0
ykb,0,1,1,1.0
dcpbnz,0,1,1,1.0
ireynosa,0,1,1,1.0
mokney,0,1,1,1.0
consulfgt,0,1,1,1.0
mdhrtl,0,1,1,1.0
rqnyig,0,1,1,1.0
brunotransit,0,1,1,1.0
cornu,0,1,1,1.0
lrihpul,0,1,1,1.0
crcook,1,0,1,0.0
nwol,1,0,1,0.0
destinationspuerto,0,1,1,1.0
ibucdhmpw,0,1,1,1.0
grenordnung,0,1,1,1.0
overraskels,0,1,1,1.0
rmvitl,0,1,1,1.0
uksouth,0,1,1,1.0
immingham,0,1,1,1.0
joseh,1,0,1,0.0
purcphas,0,1,1,1.0
rnhq,0,1,1,1.0
nnxbjf,0,1,1,1.0
xhe,0,1,1,1.0
anguspack,0,1,1,1.0
mlangloy,1,0,1,0.0
brescia,1,0,1,0.0
ganja,0,1,1,1.0
aburz,0,1,1,1.0
barbe,1,0,1,0.0
ztst,0,1,1,1.0
hzgagrbr,0,1,1,1.0
ofcth,0,1,1,1.0
ukoqjl,0,1,1,1.0
quddu,1,0,1,0.0
laplata,1,0,1,0.0
emizzi,0,1,1,1.0
sktrace,1,0,1,0.0
gyiwifr,0,1,1,1.0
coralina,1,0,1,0.0
allows,0,1,1,1.0
tae,0,1,1,1.0
rellev,0,1,1,1.0
johncompelcool,0,1,1,1.0
jeter,1,0,1,0.0
jowgda,0,1,1,1.0
mouli,1,0,1,0.0
voff,0,1,1,1.0
spsh,0,1,1,1.0
sherrydon,0,1,1,1.0
encabeam,0,1,1,1.0
nthsjg,0,1,1,1.0
rosharon,1,0,1,0.0
wtjryvf,0,1,1,1.0
dosta,1,0,1,0.0
puleiki,1,0,1,0.0
whatw,0,1,1,1.0
heroicf,0,1,1,1.0
conservativeforest,0,1,1,1.0
antonioalarcao,0,1,1,1.0
newsalesjob,0,1,1,1.0
ldunsf,0,1,1,1.0
unbook,1,0,1,0.0
kepley,0,1,1,1.0
amgjstock,0,1,1,1.0
wtvf,0,1,1,1.0
apzvplic,0,1,1,1.0
jhelum,0,1,1,1.0
demuestra,0,1,1,1.0
hoeb,0,1,1,1.0
kamlx,0,1,1,1.0
concession,0,1,1,1.0
venetta,0,1,1,1.0
decentteet,0,1,1,1.0
idi,0,1,1,1.0
wadewadel,0,1,1,1.0
siliconpow,1,0,1,0.0
wmlx,0,1,1,1.0
skinnyeat,0,1,1,1.0
dressler,1,0,1,0.0
sesystem,0,1,1,1.0
hagaman,0,1,1,1.0
klavergn,1,0,1,0.0
gicgnei,0,1,1,1.0
nfof,0,1,1,1.0
pylbaecf,0,1,1,1.0
cjfbqf,0,1,1,1.0
paunchalbeit,0,1,1,1.0
wiwnod,0,1,1,1.0
threatn,1,0,1,0.0
kkw,0,1,1,1.0
lltpo,0,1,1,1.0
moonbreakaway,0,1,1,1.0
xto,0,1,1,1.0
twinsan,0,1,1,1.0
aborda,0,1,1,1.0
bdishwat,0,1,1,1.0
dirtydyk,0,1,1,1.0
seventyfivehundr,0,1,1,1.0
peritrack,0,1,1,1.0
riqfiitvi,0,1,1,1.0
demystifyeradic,0,1,1,1.0
thesedealzwontlast,0,1,1,1.0
mypil,0,1,1,1.0
neynisbp,0,1,1,1.0
amensink,0,1,1,1.0
bvgwvwse,0,1,1,1.0
träumen,0,1,1,1.0
auria,1,0,1,0.0
skilll,1,0,1,0.0
xmsygq,0,1,1,1.0
thge,1,0,1,0.0
keme,0,1,1,1.0
millimet,0,1,1,1.0
oymeektjx,0,1,1,1.0
inani,0,1,1,1.0
pogu,1,0,1,0.0
sharilyn,0,1,1,1.0
ketch,0,1,1,1.0
aprimor,0,1,1,1.0
kqokua,0,1,1,1.0
zvz,0,1,1,1.0
amlgeimrican,0,1,1,1.0
biofont,0,1,1,1.0
streusaugnwxo,0,1,1,1.0
momemnt,0,1,1,1.0
brck,0,1,1,1.0
ytosk,0,1,1,1.0
gtnxjtekv,0,1,1,1.0
hbmuuh,0,1,1,1.0
qjiy,0,1,1,1.0
cargat,0,1,1,1.0
corradofirst,0,1,1,1.0
bargainsmay,0,1,1,1.0
czesojzbxwwrb,0,1,1,1.0
patrolmen,0,1,1,1.0
thjuli,0,1,1,1.0
toursrio,0,1,1,1.0
shoulderblad,0,1,1,1.0
rutil,0,1,1,1.0
sznwbeqbz,0,1,1,1.0
mensajera,0,1,1,1.0
qslnuo,0,1,1,1.0
tfhjxrz,0,1,1,1.0
ngrigg,1,0,1,0.0
uvemhliveri,0,1,1,1.0
entest,1,0,1,0.0
rodovirio,0,1,1,1.0
zurnbi,0,1,1,1.0
overcoat,1,0,1,0.0
qrbtf,0,1,1,1.0
doctormto,0,1,1,1.0
cexdck,0,1,1,1.0
daleymalpractic,0,1,1,1.0
ahihq,0,1,1,1.0
aurorahyad,0,1,1,1.0
czr,0,1,1,1.0
umorepork,0,1,1,1.0
gvtnzqey,0,1,1,1.0
chwpeumt,0,1,1,1.0
lagumar,0,1,1,1.0
quantispe,0,1,1,1.0
augsburg,0,1,1,1.0
mycsivw,0,1,1,1.0
ypwknngn,0,1,1,1.0
voltado,0,1,1,1.0
spktemp,1,0,1,0.0
lprafrv,0,1,1,1.0
obox,0,1,1,1.0
brnine,0,1,1,1.0
dkldhfg,0,1,1,1.0
yvp,0,1,1,1.0
balagamwala,1,0,1,0.0
davario,1,0,1,0.0
evwfxdzej,0,1,1,1.0
topologizealpin,0,1,1,1.0
microword,0,1,1,1.0
messg,0,1,1,1.0
ljdekrfb,0,1,1,1.0
sbafsixjk,0,1,1,1.0
qjb,1,0,1,0.0
blone,0,1,1,1.0
sclesing,1,0,1,0.0
ugho,0,1,1,1.0
yhr,0,1,1,1.0
gebeurt,0,1,1,1.0
soba,1,0,1,0.0
qclnet,0,1,1,1.0
ygkci,0,1,1,1.0
csudeuaxctezkadpa,0,1,1,1.0
fromcolonel,0,1,1,1.0
jhjga,0,1,1,1.0
kattr,1,0,1,0.0
malklick,0,1,1,1.0
refinvanc,0,1,1,1.0
rpuexw,0,1,1,1.0
oryd,0,1,1,1.0
manequin,0,1,1,1.0
elohist,0,1,1,1.0
epistrafei,0,1,1,1.0
tvfng,0,1,1,1.0
fehent,0,1,1,1.0
zchaznmwc,0,1,1,1.0
richprofess,0,1,1,1.0
où,0,1,1,1.0
pvmwh,1,0,1,0.0
pzfguvvthqbmxiwwlx,0,1,1,1.0
antivaccin,0,1,1,1.0
yakama,1,0,1,0.0
useth,0,1,1,1.0
achtung,0,1,1,1.0
sundaresan,1,0,1,0.0
cmnnfoaw,0,1,1,1.0
lqbap,0,1,1,1.0
ktwbfnu,0,1,1,1.0
gdviykxagv,0,1,1,1.0
pjmqznznt,0,1,1,1.0
wizardri,1,0,1,0.0
aetvjail,0,1,1,1.0
acredirect,1,0,1,0.0
unionpacresinc,1,0,1,0.0
johniegiffard,0,1,1,1.0
obkhykg,0,1,1,1.0
hfo,0,1,1,1.0
gualiti,0,1,1,1.0
htmlpfont,0,1,1,1.0
grappler,0,1,1,1.0
fgxgzsae,0,1,1,1.0
ipeht,0,1,1,1.0
xbhcrlg,0,1,1,1.0
pjml,1,0,1,0.0
intermap,0,1,1,1.0
izg,0,1,1,1.0
collegeworldwid,0,1,1,1.0
hereor,0,1,1,1.0
ltqudybtesk,0,1,1,1.0
otpwpl,0,1,1,1.0
redel,0,1,1,1.0
weddingdress,0,1,1,1.0
qcnkt,0,1,1,1.0
gianfilippo,1,0,1,0.0
bitz,1,0,1,0.0
lgalement,0,1,1,1.0
oxhii,0,1,1,1.0
pulsa,0,1,1,1.0
highligh,1,0,1,0.0
mnhfnwau,0,1,1,1.0
tomibena,1,0,1,0.0
iinkystor,0,1,1,1.0
existant,0,1,1,1.0
repaint,1,0,1,0.0
witgbpvpr,0,1,1,1.0
kristof,0,1,1,1.0
veron,1,0,1,0.0
zshxtttu,0,1,1,1.0
congrev,0,1,1,1.0
deutschrock,0,1,1,1.0
qwqmfxubdvxdd,0,1,1,1.0
mulva,1,0,1,0.0
sidew,0,1,1,1.0
qnnbwo,0,1,1,1.0
beefer,0,1,1,1.0
thatdoth,0,1,1,1.0
meeessaageeee,0,1,1,1.0
ldupol,0,1,1,1.0
tibetan,0,1,1,1.0
whosehand,0,1,1,1.0
mdougla,1,0,1,0.0
grrik,0,1,1,1.0
oey,0,1,1,1.0
sracial,1,0,1,0.0
gnf,0,1,1,1.0
vhczog,0,1,1,1.0
awyvh,0,1,1,1.0
xqfcci,0,1,1,1.0
cqtfti,0,1,1,1.0
amezorican,0,1,1,1.0
jocx,0,1,1,1.0
lefthandandmydick,0,1,1,1.0
dhddsqhx,0,1,1,1.0
stroong,0,1,1,1.0
progkram,0,1,1,1.0
lucevan,0,1,1,1.0
nuc,0,1,1,1.0
communityrel,1,0,1,0.0
tyisha,0,1,1,1.0
achf,0,1,1,1.0
campana,0,1,1,1.0
veradi,0,1,1,1.0
coedin,0,1,1,1.0
lhavea,0,1,1,1.0
hutrri,0,1,1,1.0
galasso,1,0,1,0.0
wvyscckzd,0,1,1,1.0
knkfm,0,1,1,1.0
simugq,0,1,1,1.0
hostettl,0,1,1,1.0
hbrett,1,0,1,0.0
repost,1,0,1,0.0
forsakingd,0,1,1,1.0
hudsonw,1,0,1,0.0
horng,1,0,1,0.0
medivac,1,0,1,0.0
abrir,0,1,1,1.0
carroildavenport,0,1,1,1.0
bamber,0,1,1,1.0
ambn,0,1,1,1.0
gobzjybr,0,1,1,1.0
hlkcwa,0,1,1,1.0
experten,0,1,1,1.0
sunnybell,1,0,1,0.0
sieep,0,1,1,1.0
ztqpk,0,1,1,1.0
smilelovin,0,1,1,1.0
nroh,1,0,1,0.0
cbrjeyzw,0,1,1,1.0
totaleffort,0,1,1,1.0
corrotera,0,1,1,1.0
teaz,0,1,1,1.0
downpourburlington,0,1,1,1.0
paraphrast,0,1,1,1.0
lozloql,0,1,1,1.0
aboundsalamand,0,1,1,1.0
dryer,0,1,1,1.0
tlovel,1,0,1,0.0
fgin,0,1,1,1.0
fdpido,0,1,1,1.0
désirez,0,1,1,1.0
wttxn,0,1,1,1.0
ekqkaswgawhnwi,0,1,1,1.0
xkjwap,0,1,1,1.0
mwmnysv,0,1,1,1.0
synott,1,0,1,0.0
dlojiyut,0,1,1,1.0
wspolni,1,0,1,0.0
commmonwealth,0,1,1,1.0
marcusestrada,0,1,1,1.0
rmjnr,0,1,1,1.0
pefect,1,0,1,0.0
malestar,0,1,1,1.0
cdcq,0,1,1,1.0
weighedeai,0,1,1,1.0
oacuten,0,1,1,1.0
photoshpop,0,1,1,1.0
justperform,0,1,1,1.0
alkjarr,0,1,1,1.0
decidesto,0,1,1,1.0
wicksashay,0,1,1,1.0
vibek,1,0,1,0.0
tfhmakmdp,0,1,1,1.0
togetherwith,0,1,1,1.0
shoreview,1,0,1,0.0
resdult,0,1,1,1.0
rubicon,0,1,1,1.0
companyreceiv,0,1,1,1.0
tacjuvpbxdx,0,1,1,1.0
reintegr,1,0,1,0.0
foia,1,0,1,0.0
benar,0,1,1,1.0
misalloc,1,0,1,0.0
vmuhopx,0,1,1,1.0
inconvers,0,1,1,1.0
zrhgobil,0,1,1,1.0
mggipv,0,1,1,1.0
ushear,0,1,1,1.0
cdi,0,1,1,1.0
,0,1,1,1.0
lhaj,0,1,1,1.0
lisieux,0,1,1,1.0
aezszp,0,1,1,1.0
cngwmgho,0,1,1,1.0
barrancabermeja,1,0,1,0.0
masha,1,0,1,0.0
dvoopctnbr,0,1,1,1.0
glejpnir,0,1,1,1.0
takeund,1,0,1,0.0
ãóí÷ìðð,0,1,1,1.0
qbcwhlc,0,1,1,1.0
dentoncolog,0,1,1,1.0
iralsqasua,0,1,1,1.0
shibley,0,1,1,1.0
tlx,1,0,1,0.0
lepsilon,0,1,1,1.0
apresentaçõ,0,1,1,1.0
kontrollieren,0,1,1,1.0
vfiaglra,0,1,1,1.0
degummingrafferti,0,1,1,1.0
episcpio,0,1,1,1.0
roja,0,1,1,1.0
ttuvf,0,1,1,1.0
swishi,0,1,1,1.0
amgad,0,1,1,1.0
lvreo,0,1,1,1.0
toherhusband,0,1,1,1.0
qxfpuue,0,1,1,1.0
wwwlkggu,0,1,1,1.0
howloween,1,0,1,0.0
wachten,0,1,1,1.0
arialhello,0,1,1,1.0
registar,0,1,1,1.0
indigin,0,1,1,1.0
thisinform,0,1,1,1.0
qacvx,0,1,1,1.0
uhmqq,0,1,1,1.0
zzd,0,1,1,1.0
miov,0,1,1,1.0
ehlhwf,0,1,1,1.0
accnt,1,0,1,0.0
lichtblick,1,0,1,0.0
ekcshahwf,0,1,1,1.0
rdhje,0,1,1,1.0
snamprogetti,0,1,1,1.0
kwnkwxbnsavdz,0,1,1,1.0
memet,0,1,1,1.0
polular,0,1,1,1.0
brnand,0,1,1,1.0
ceqijqb,0,1,1,1.0
thisonlyi,0,1,1,1.0
speakerreg,1,0,1,0.0
jbryiirhd,0,1,1,1.0
resoiv,0,1,1,1.0
infrol,1,0,1,0.0
pcsnuc,0,1,1,1.0
wvxvm,0,1,1,1.0
debevois,1,0,1,0.0
zelrdfiu,0,1,1,1.0
wibrhu,0,1,1,1.0
rcpuhul,0,1,1,1.0
zxbl,0,1,1,1.0
effectuv,1,0,1,0.0
tdvex,0,1,1,1.0
sexuual,0,1,1,1.0
rmanc,0,1,1,1.0
nkorp,0,1,1,1.0
butam,1,0,1,0.0
zjnxvqlc,0,1,1,1.0
bsneed,1,0,1,0.0
advergam,0,1,1,1.0
naszych,1,0,1,0.0
scumbag,0,1,1,1.0
molestarl,0,1,1,1.0
modi,0,1,1,1.0
dkjlnu,0,1,1,1.0
nlegal,0,1,1,1.0
plpsi,0,1,1,1.0
aiyqfi,0,1,1,1.0
photomechan,0,1,1,1.0
bassicogn,0,1,1,1.0
aecqco,0,1,1,1.0
sccop,1,0,1,0.0
aparecera,0,1,1,1.0
zvjkt,0,1,1,1.0
carsten,0,1,1,1.0
diabetesecar,0,1,1,1.0
cropwristwatch,0,1,1,1.0
fdqzqvq,0,1,1,1.0
avgbrrk,0,1,1,1.0
friscoattorney,1,0,1,0.0
etcwpypqf,0,1,1,1.0
centavo,1,0,1,0.0
wato,0,1,1,1.0
gottesdin,1,0,1,0.0
oddbj,1,0,1,0.0
leerlo,0,1,1,1.0
hfgoph,0,1,1,1.0
hertogh,0,1,1,1.0
haveurg,0,1,1,1.0
pting,0,1,1,1.0
antevert,0,1,1,1.0
bpay,0,1,1,1.0
pwrx,1,0,1,0.0
wetsuit,0,1,1,1.0
aperfeioando,0,1,1,1.0
eflinhoff,1,0,1,0.0
derroch,0,1,1,1.0
vmn,0,1,1,1.0
cgp,1,0,1,0.0
mggparku,0,1,1,1.0
ecudn,0,1,1,1.0
booksellerteacup,0,1,1,1.0
xhdllimi,0,1,1,1.0
buckz,0,1,1,1.0
artworkeh,0,1,1,1.0
aguastmadam,0,1,1,1.0
hcutw,0,1,1,1.0
rtdate,0,1,1,1.0
wwvnii,0,1,1,1.0
vibgra,0,1,1,1.0
nonstart,1,0,1,0.0
ivaleroz,1,0,1,0.0
diskeep,0,1,1,1.0
pech,1,0,1,0.0
betreiben,0,1,1,1.0
carolinedu,1,0,1,0.0
ajbbi,0,1,1,1.0
shesmil,0,1,1,1.0
giniat,1,0,1,0.0
tourr,0,1,1,1.0
shockwaveflash,1,0,1,0.0
valp,0,1,1,1.0
mstfinanc,0,1,1,1.0
rff,0,1,1,1.0
enviropur,1,0,1,0.0
rfccpi,0,1,1,1.0
filicid,0,1,1,1.0
keofqb,0,1,1,1.0
jacksoniancub,0,1,1,1.0
diligencia,0,1,1,1.0
traubert,1,0,1,0.0
oktomail,0,1,1,1.0
andwithin,0,1,1,1.0
eynon,1,0,1,0.0
partern,0,1,1,1.0
qja,0,1,1,1.0
qcubkcar,0,1,1,1.0
lnjmihk,0,1,1,1.0
dbsaml,0,1,1,1.0
manifesto,1,0,1,0.0
teratologytumbrel,0,1,1,1.0
ilbptvga,0,1,1,1.0
magal,1,0,1,0.0
aex,0,1,1,1.0
dbnztfrg,0,1,1,1.0
jeutectoid,0,1,1,1.0
xgyfc,0,1,1,1.0
echidnadivin,0,1,1,1.0
qmohd,0,1,1,1.0
xype,0,1,1,1.0
unfitoccup,0,1,1,1.0
inboooox,0,1,1,1.0
wgt,0,1,1,1.0
incredim,0,1,1,1.0
thibault,0,1,1,1.0
henrici,1,0,1,0.0
volunteeri,1,0,1,0.0
ballgam,0,1,1,1.0
scratcher,0,1,1,1.0
registernow,1,0,1,0.0
mfoymcp,0,1,1,1.0
potentci,0,1,1,1.0
neid,0,1,1,1.0
gvh,0,1,1,1.0
enzlv,0,1,1,1.0
uruk,0,1,1,1.0
maxwp,0,1,1,1.0
juin,0,1,1,1.0
jeze,1,0,1,0.0
wmonak,0,1,1,1.0
aangaand,0,1,1,1.0
auswahlkriterien,0,1,1,1.0
fasterdaz,0,1,1,1.0
brandhost,0,1,1,1.0
sfwfhqr,0,1,1,1.0
dequo,0,1,1,1.0
barend,1,0,1,0.0
iluminada,0,1,1,1.0
erobkl,0,1,1,1.0
poooorn,0,1,1,1.0
rgnawbx,0,1,1,1.0
rkmldd,0,1,1,1.0
boghead,0,1,1,1.0
arulo,0,1,1,1.0
zmonocarp,0,1,1,1.0
wimshurst,0,1,1,1.0
cumfl,0,1,1,1.0
fillphobia,0,1,1,1.0
regardsjos,0,1,1,1.0
mukherji,1,0,1,0.0
balibunt,0,1,1,1.0
ukmo,1,0,1,0.0
rancour,1,0,1,0.0
laxinglaoung,0,1,1,1.0
htylg,0,1,1,1.0
medtion,0,1,1,1.0
clust,1,0,1,0.0
klukshin,1,0,1,0.0
jasonmay,1,0,1,0.0
askbmmzg,0,1,1,1.0
àåâ,0,1,1,1.0
accessenergi,1,0,1,0.0
organizada,0,1,1,1.0
koebma,0,1,1,1.0
linkttausch,0,1,1,1.0
stylist,1,0,1,0.0
krwjnjf,0,1,1,1.0
casimir,1,0,1,0.0
bargainsearch,0,1,1,1.0
blareflorist,0,1,1,1.0
jtnpc,0,1,1,1.0
pyw,0,1,1,1.0
wsort,0,1,1,1.0
roombellami,0,1,1,1.0
dvitrel,1,0,1,0.0
pznfmrbr,0,1,1,1.0
despir,0,1,1,1.0
sstkbwi,0,1,1,1.0
emtzk,0,1,1,1.0
miniritchi,0,1,1,1.0
jeffhomebrew,0,1,1,1.0
tarpley,1,0,1,0.0
sosucett,0,1,1,1.0
mocodg,0,1,1,1.0
ftqb,0,1,1,1.0
esscool,0,1,1,1.0
malkuth,0,1,1,1.0
alesnobbish,0,1,1,1.0
accounc,1,0,1,0.0
standarincr,0,1,1,1.0
breathlessli,0,1,1,1.0
pconcessi,1,0,1,0.0
hvvegmw,0,1,1,1.0
obsceneviaduct,0,1,1,1.0
fuad,0,1,1,1.0
odbbo,0,1,1,1.0
yoy,1,0,1,0.0
pipmeinsrxspjaycx,0,1,1,1.0
voeu,0,1,1,1.0
yqc,0,1,1,1.0
burntsand,1,0,1,0.0
sddl,0,1,1,1.0
operación,0,1,1,1.0
medeiro,0,1,1,1.0
wrjbwbu,0,1,1,1.0
rwcupvwj,0,1,1,1.0
oyyhfbdnwyf,0,1,1,1.0
discussalreadi,0,1,1,1.0
singther,0,1,1,1.0
oodi,0,1,1,1.0
bullwhackdeactiv,0,1,1,1.0
futtock,0,1,1,1.0
ffwqkwx,0,1,1,1.0
cpdavidson,1,0,1,0.0
imjnbkx,0,1,1,1.0
theprofil,0,1,1,1.0
crase,0,1,1,1.0
mope,0,1,1,1.0
ndelpua,0,1,1,1.0
luckqmi,0,1,1,1.0
desagr,0,1,1,1.0
trayerrand,0,1,1,1.0
tatn,0,1,1,1.0
strawi,0,1,1,1.0
rtgm,0,1,1,1.0
getinto,0,1,1,1.0
askk,1,0,1,0.0
þcuánto,0,1,1,1.0
cmxec,0,1,1,1.0
infohavefun,0,1,1,1.0
naycx,0,1,1,1.0
trbfqsftsifohwfnl,0,1,1,1.0
rockfinltd,0,1,1,1.0
thesiteinawhil,0,1,1,1.0
loosley,1,0,1,0.0
nanaimo,0,1,1,1.0
thedeep,0,1,1,1.0
zdvdevwz,0,1,1,1.0
osufaz,0,1,1,1.0
kemaconsult,1,0,1,0.0
kyod,1,0,1,0.0
writtn,1,0,1,0.0
vcxnxm,0,1,1,1.0
victorina,0,1,1,1.0
bufh,0,1,1,1.0
uxeo,0,1,1,1.0
hnmorri,1,0,1,0.0
airliquid,1,0,1,0.0
nwobodo,0,1,1,1.0
erpreta,0,1,1,1.0
jferrer,1,0,1,0.0
admixcarcinoma,0,1,1,1.0
spelaean,0,1,1,1.0
pahhrmacybymail,0,1,1,1.0
storung,0,1,1,1.0
pennsburg,0,1,1,1.0
agendacol,0,1,1,1.0
mquoirin,1,0,1,0.0
bmcgrego,1,0,1,0.0
sundio,0,1,1,1.0
progess,1,0,1,0.0
copradetect,0,1,1,1.0
njkmq,0,1,1,1.0
tbbxujt,0,1,1,1.0
everyway,0,1,1,1.0
kilkakrotni,1,0,1,0.0
evvndo,0,1,1,1.0
rqhfvxx,0,1,1,1.0
vallualthough,0,1,1,1.0
xedkn,0,1,1,1.0
podstawa,1,0,1,0.0
mmuzjg,0,1,1,1.0
dmrvziborhw,0,1,1,1.0
unterschrift,0,1,1,1.0
vepco,1,0,1,0.0
akowi,0,1,1,1.0
jvbpha,0,1,1,1.0
secour,0,1,1,1.0
cheapestt,0,1,1,1.0
wfxu,0,1,1,1.0
entretenimento,0,1,1,1.0
pricemak,1,0,1,0.0
jfxeabr,0,1,1,1.0
langerud,0,1,1,1.0
eqrworld,1,0,1,0.0
rosenblat,1,0,1,0.0
luwak,0,1,1,1.0
corvuslaplac,0,1,1,1.0
bewegung,0,1,1,1.0
xkj,0,1,1,1.0
historical,0,1,1,1.0
ttben,0,1,1,1.0
rpayn,0,1,1,1.0
nbulani,0,1,1,1.0
prorateurg,0,1,1,1.0
medicationsfair,0,1,1,1.0
kunochau,0,1,1,1.0
pnmwmw,0,1,1,1.0
brosurlerimizi,0,1,1,1.0
usfb,0,1,1,1.0
reoccupi,1,0,1,0.0
agentur,1,0,1,0.0
aopqtj,0,1,1,1.0
lbgqiyl,0,1,1,1.0
wfgg,0,1,1,1.0
gretz,0,1,1,1.0
aetj,0,1,1,1.0
hpuent,1,0,1,0.0
keej,0,1,1,1.0
oyoustil,0,1,1,1.0
proporcionando,0,1,1,1.0
pharmamaeurop,0,1,1,1.0
narcosisrustl,0,1,1,1.0
letterfirst,0,1,1,1.0
sandpip,0,1,1,1.0
êáã,0,1,1,1.0
øèëóí,0,1,1,1.0
dreamless,0,1,1,1.0
jkfl,0,1,1,1.0
primestar,0,1,1,1.0
repartr,0,1,1,1.0
decorpyongyang,0,1,1,1.0
angeleno,0,1,1,1.0
porteg,0,1,1,1.0
boezfqcw,0,1,1,1.0
cxgztt,0,1,1,1.0
llyewaojxvhgmrgv,0,1,1,1.0
handhabung,0,1,1,1.0
dcrqi,0,1,1,1.0
siegetrain,0,1,1,1.0
configurao,0,1,1,1.0
snuggli,0,1,1,1.0
paulkean,0,1,1,1.0
jlidjxod,0,1,1,1.0
pnheqv,0,1,1,1.0
distin,0,1,1,1.0
zxjcxz,0,1,1,1.0
inetinc,1,0,1,0.0
ljxsf,0,1,1,1.0
szacdnrpxv,0,1,1,1.0
wda,0,1,1,1.0
stiela,0,1,1,1.0
coagulablesieglinda,0,1,1,1.0
texasmkt,1,0,1,0.0
gzkrol,0,1,1,1.0
requerimo,0,1,1,1.0
asci,0,1,1,1.0
cjovhpmtndznkb,0,1,1,1.0
eigth,0,1,1,1.0
vfc,0,1,1,1.0
tilppb,0,1,1,1.0
beschloss,1,0,1,0.0
sequitur,0,1,1,1.0
wjkqi,0,1,1,1.0
documentedsuccess,0,1,1,1.0
rodernivid,0,1,1,1.0
gosti,0,1,1,1.0
csoo,1,0,1,0.0
fenugreek,0,1,1,1.0
bozoawesom,0,1,1,1.0
acadêmico,0,1,1,1.0
hrqmkritq,0,1,1,1.0
insertstarl,0,1,1,1.0
tszve,0,1,1,1.0
apresentava,0,1,1,1.0
gbhrbkyvqguzt,0,1,1,1.0
caprifoliac,0,1,1,1.0
boothdiatrib,0,1,1,1.0
denominateo,0,1,1,1.0
lacqrqop,0,1,1,1.0
bnirbu,0,1,1,1.0
albertapow,1,0,1,0.0
dianna,1,0,1,0.0
vmobxnyorhcmkwipgx,0,1,1,1.0
kronman,1,0,1,0.0
stressfrei,0,1,1,1.0
respetuosament,0,1,1,1.0
utb,0,1,1,1.0
andm,0,1,1,1.0
improvri,0,1,1,1.0
peror,0,1,1,1.0
peoplesenergi,1,0,1,0.0
skorz,1,0,1,0.0
drnrifw,0,1,1,1.0
cevan,1,0,1,0.0
rralj,0,1,1,1.0
rtc,1,0,1,0.0
cuesta,0,1,1,1.0
sanga,0,1,1,1.0
johnsarlat,1,0,1,0.0
scjj,0,1,1,1.0
debemo,0,1,1,1.0
bqvqiqfw,0,1,1,1.0
jgentri,0,1,1,1.0
zofia,1,0,1,0.0
garnermidwif,0,1,1,1.0
bcaa,0,1,1,1.0
frowst,0,1,1,1.0
tlrigbi,1,0,1,0.0
bhtasgxk,0,1,1,1.0
busorgd,1,0,1,0.0
lnb,0,1,1,1.0
faenza,0,1,1,1.0
strongemuwhi,0,1,1,1.0
strongcv,0,1,1,1.0
stoicism,0,1,1,1.0
orenburg,0,1,1,1.0
iglobalproduct,0,1,1,1.0
yousuk,1,0,1,0.0
timcathi,1,0,1,0.0
inteiro,0,1,1,1.0
bilatec,0,1,1,1.0
sjtyrb,0,1,1,1.0
fumnark,0,1,1,1.0
kemaehh,0,1,1,1.0
sciencerar,0,1,1,1.0
viagbtra,0,1,1,1.0
solenodon,0,1,1,1.0
phinjonesnl,0,1,1,1.0
evercheckedthi,0,1,1,1.0
taster,0,1,1,1.0
kswccw,1,0,1,0.0
phooto,0,1,1,1.0
decrambl,0,1,1,1.0
zakpp,0,1,1,1.0
onnql,0,1,1,1.0
tgegak,0,1,1,1.0
etchegaray,0,1,1,1.0
mysteriousher,0,1,1,1.0
abshir,1,0,1,0.0
uyzaxnr,0,1,1,1.0
manufactor,0,1,1,1.0
pornofrompari,0,1,1,1.0
gretablak,0,1,1,1.0
gei,1,0,1,0.0
doitw,0,1,1,1.0
fahnenmast,0,1,1,1.0
izczveczabjf,0,1,1,1.0
zzqm,0,1,1,1.0
dreadlock,0,1,1,1.0
sxfgnz,0,1,1,1.0
wykorzystywanych,1,0,1,0.0
fifa,0,1,1,1.0
servil,0,1,1,1.0
krwefo,0,1,1,1.0
apza,0,1,1,1.0
chantico,1,0,1,0.0
cptl,1,0,1,0.0
jpxm,0,1,1,1.0
wlg,0,1,1,1.0
tibia,0,1,1,1.0
deogun,1,0,1,0.0
ygsul,0,1,1,1.0
prejudicedisturb,0,1,1,1.0
niganisaby,0,1,1,1.0
woroi,0,1,1,1.0
prescsript,0,1,1,1.0
wmbe,1,0,1,0.0
slqo,0,1,1,1.0
wlasnej,1,0,1,0.0
icw,0,1,1,1.0
coyl,1,0,1,0.0
fkyx,0,1,1,1.0
dominantairborn,0,1,1,1.0
zustellung,0,1,1,1.0
actualresult,0,1,1,1.0
enerm,0,1,1,1.0
rmbeeemr,0,1,1,1.0
hhtp,1,0,1,0.0
startdat,1,0,1,0.0
cubbyholefinitari,0,1,1,1.0
reu,0,1,1,1.0
icita,0,1,1,1.0
pxwmw,0,1,1,1.0
ccriswel,1,0,1,0.0
demist,0,1,1,1.0
inid,1,0,1,0.0
citalopram,0,1,1,1.0
ifre,0,1,1,1.0
hplschedul,1,0,1,0.0
concorr,0,1,1,1.0
vure,0,1,1,1.0
potenza,0,1,1,1.0
ttvbdgmmv,0,1,1,1.0
mfujnr,0,1,1,1.0
heaton,1,0,1,0.0
eyr,0,1,1,1.0
mikebid,1,0,1,0.0
moserviolinist,0,1,1,1.0
unrend,0,1,1,1.0
dipjma,0,1,1,1.0
tqqvp,0,1,1,1.0
oysterexpel,0,1,1,1.0
ujjain,0,1,1,1.0
ebnacd,0,1,1,1.0
oqdwa,0,1,1,1.0
mphan,1,0,1,0.0
ncbnbihgnk,0,1,1,1.0
thrca,0,1,1,1.0
ccac,0,1,1,1.0
apywar,0,1,1,1.0
kjp,0,1,1,1.0
vtkffhz,0,1,1,1.0
crreat,0,1,1,1.0
ansewr,1,0,1,0.0
desanti,1,0,1,0.0
jlkloepfer,1,0,1,0.0
chschweizer,0,1,1,1.0
ozh,0,1,1,1.0
mehg,0,1,1,1.0
hunsa,0,1,1,1.0
cfk,0,1,1,1.0
lenderman,1,0,1,0.0
ohiqtdp,0,1,1,1.0
shyamal,0,1,1,1.0
ecsfcq,0,1,1,1.0
minotti,1,0,1,0.0
stiffseclus,0,1,1,1.0
catalepsi,0,1,1,1.0
jhbsygxv,0,1,1,1.0
refractometerfebril,0,1,1,1.0
cortellazzi,0,1,1,1.0
saltboil,0,1,1,1.0
shiit,0,1,1,1.0
newslettermania,0,1,1,1.0
rgaiwr,0,1,1,1.0
voltímetro,0,1,1,1.0
governmentof,0,1,1,1.0
camcod,0,1,1,1.0
aivxaawdl,0,1,1,1.0
fantom,0,1,1,1.0
gufc,0,1,1,1.0
lvm,0,1,1,1.0
metallophon,0,1,1,1.0
remittedinto,0,1,1,1.0
barleymow,0,1,1,1.0
jalon,0,1,1,1.0
plcture,0,1,1,1.0
roygoat,0,1,1,1.0
vooal,0,1,1,1.0
ygmnesfpt,0,1,1,1.0
cheeeeeter,0,1,1,1.0
certament,0,1,1,1.0
hkoork,0,1,1,1.0
cites,0,1,1,1.0
cgxktdziwp,0,1,1,1.0
efmhsj,0,1,1,1.0
bksyzyr,0,1,1,1.0
jetiarcdrkdk,0,1,1,1.0
pwrkav,0,1,1,1.0
dwq,0,1,1,1.0
appui,0,1,1,1.0
svptvo,0,1,1,1.0
mduffi,1,0,1,0.0
amphisbaena,0,1,1,1.0
lonski,1,0,1,0.0
oqrop,0,1,1,1.0
dxja,0,1,1,1.0
kxr,0,1,1,1.0
ahndatf,0,1,1,1.0
alloffl,0,1,1,1.0
sometiiiiim,0,1,1,1.0
marathonblowup,0,1,1,1.0
ooto,1,0,1,0.0
borcher,1,0,1,0.0
determinelump,0,1,1,1.0
lyxnmhxfqskj,0,1,1,1.0
tjttlc,0,1,1,1.0
wtq,0,1,1,1.0
rpnwvdhn,0,1,1,1.0
archdioceseshmuel,0,1,1,1.0
azsevkd,0,1,1,1.0
gratitudewi,0,1,1,1.0
amg,1,0,1,0.0
mcallif,1,0,1,0.0
toper,0,1,1,1.0
vcupid,0,1,1,1.0
pkrishan,1,0,1,0.0
nqogqaeo,0,1,1,1.0
unback,0,1,1,1.0
footpadconnot,0,1,1,1.0
autonavig,0,1,1,1.0
tlee,1,0,1,0.0
palxil,0,1,1,1.0
dbxbo,0,1,1,1.0
haugh,0,1,1,1.0
ishow,0,1,1,1.0
rhyeu,0,1,1,1.0
webdat,0,1,1,1.0
uaaux,0,1,1,1.0
ukodw,0,1,1,1.0
harewood,1,0,1,0.0
genero,0,1,1,1.0
btiner,1,0,1,0.0
encargo,0,1,1,1.0
compatriotclark,0,1,1,1.0
rraqpbir,0,1,1,1.0
beuaaefz,0,1,1,1.0
roq,0,1,1,1.0
drt,0,1,1,1.0
gntd,0,1,1,1.0
bizblam,0,1,1,1.0
donya,0,1,1,1.0
desconocido,0,1,1,1.0
zavia,0,1,1,1.0
gelderen,0,1,1,1.0
npojq,0,1,1,1.0
steelhead,1,0,1,0.0
centerif,0,1,1,1.0
lpaliourg,0,1,1,1.0
wlve,0,1,1,1.0
maleimpot,0,1,1,1.0
zugeljz,0,1,1,1.0
mrtrpg,0,1,1,1.0
spermatophyt,0,1,1,1.0
ccpvnjoyw,0,1,1,1.0
rmgjfpar,0,1,1,1.0
rlght,0,1,1,1.0
thsi,1,0,1,0.0
turbobuerst,0,1,1,1.0
ppmfztdtet,0,1,1,1.0
netian,0,1,1,1.0
erbspdi,0,1,1,1.0
universiteit,1,0,1,0.0
archaismcoupon,0,1,1,1.0
abläuf,0,1,1,1.0
hleglgtan,0,1,1,1.0
salvagio,1,0,1,0.0
whereso,0,1,1,1.0
nlxww,0,1,1,1.0
basketsa,0,1,1,1.0
deall,1,0,1,0.0
kiiiiilllerxx,0,1,1,1.0
gitittomorrow,0,1,1,1.0
mandevil,0,1,1,1.0
ttjijdzbr,0,1,1,1.0
sprobowac,1,0,1,0.0
melampu,0,1,1,1.0
shira,0,1,1,1.0
yourqmedicin,0,1,1,1.0
uidvxx,0,1,1,1.0
visitt,0,1,1,1.0
jrn,0,1,1,1.0
geudk,0,1,1,1.0
jnobll,1,0,1,0.0
mimbdzl,0,1,1,1.0
niambi,1,0,1,0.0
megagen,0,1,1,1.0
brnhz,0,1,1,1.0
exelixi,1,0,1,0.0
cymhkwddvhffo,0,1,1,1.0
alisonspotti,0,1,1,1.0
stunner,1,0,1,0.0
mrone,0,1,1,1.0
wmqfgj,0,1,1,1.0
kpvhi,0,1,1,1.0
rpaduano,1,0,1,0.0
nkijr,0,1,1,1.0
chriscollin,1,0,1,0.0
passsword,1,0,1,0.0
klazzz,0,1,1,1.0
belediy,0,1,1,1.0
pgranier,1,0,1,0.0
redivulg,0,1,1,1.0
oob,0,1,1,1.0
gmbl,1,0,1,0.0
pefrom,0,1,1,1.0
nonhipr,0,1,1,1.0
activetrid,0,1,1,1.0
mobl,0,1,1,1.0
stockemstraat,1,0,1,0.0
sder,0,1,1,1.0
tczhfb,0,1,1,1.0
redetermin,1,0,1,0.0
pjw,0,1,1,1.0
suitel,0,1,1,1.0
dbjfw,0,1,1,1.0
latheil,0,1,1,1.0
davkar,0,1,1,1.0
paramedicina,0,1,1,1.0
goldr,1,0,1,0.0
dtniq,0,1,1,1.0
zeon,1,0,1,0.0
erotic,0,1,1,1.0
ordinria,0,1,1,1.0
gfhrqfz,0,1,1,1.0
tyon,0,1,1,1.0
ngyl,0,1,1,1.0
posterv,1,0,1,0.0
telecast,0,1,1,1.0
partison,1,0,1,0.0
walessc,1,0,1,0.0
pagenpag,0,1,1,1.0
domaindisc,0,1,1,1.0
hsd,0,1,1,1.0
loowest,0,1,1,1.0
nonnw,0,1,1,1.0
trestleboard,1,0,1,0.0
idahi,1,0,1,0.0
xopix,1,0,1,0.0
laurena,0,1,1,1.0
qdlneex,0,1,1,1.0
smp,1,0,1,0.0
xvf,0,1,1,1.0
wuyeko,0,1,1,1.0
becjb,0,1,1,1.0
uhcou,0,1,1,1.0
leszinsk,1,0,1,0.0
ecnounetr,0,1,1,1.0
shopand,0,1,1,1.0
bejar,0,1,1,1.0
woolen,0,1,1,1.0
rshelf,0,1,1,1.0
mimo,1,0,1,0.0
ovyer,0,1,1,1.0
eqwhmvqif,0,1,1,1.0
fwkerjd,0,1,1,1.0
lishxobwc,0,1,1,1.0
dzfa,0,1,1,1.0
hzhrb,0,1,1,1.0
bisa,1,0,1,0.0
outti,0,1,1,1.0
fvowrempaujxjsj,0,1,1,1.0
multicast,1,0,1,0.0
precript,0,1,1,1.0
disciplinecargo,0,1,1,1.0
fiumicino,1,0,1,0.0
systemnbsp,0,1,1,1.0
llcqsu,0,1,1,1.0
wissh,0,1,1,1.0
collateralbutterfli,0,1,1,1.0
sutdbuorib,0,1,1,1.0
kamieni,1,0,1,0.0
montour,1,0,1,0.0
hrperson,0,1,1,1.0
ballerss,1,0,1,0.0
noncrit,1,0,1,0.0
burnsideenjoind,0,1,1,1.0
herwick,0,1,1,1.0
wemkrslm,0,1,1,1.0
vyt,0,1,1,1.0
hlduilnuq,0,1,1,1.0
fulcher,1,0,1,0.0
dobrz,1,0,1,0.0
identifizierung,0,1,1,1.0
tgpqgjqqmarwsndiy,0,1,1,1.0
veut,0,1,1,1.0
ewjaachvz,0,1,1,1.0
inocennt,0,1,1,1.0
cinematograph,0,1,1,1.0
ruzow,1,0,1,0.0
suurpris,0,1,1,1.0
xpb,0,1,1,1.0
serifon,0,1,1,1.0
èßô,0,1,1,1.0
faeri,0,1,1,1.0
jasmin,0,1,1,1.0
theditch,0,1,1,1.0
senmou,1,0,1,0.0
krhq,0,1,1,1.0
safnjy,0,1,1,1.0
ecapricorn,0,1,1,1.0
jewellstoreroom,0,1,1,1.0
fmktvzpuc,0,1,1,1.0
dechir,0,1,1,1.0
walkley,0,1,1,1.0
neh,0,1,1,1.0
ulsqgito,0,1,1,1.0
rax,1,0,1,0.0
megamediicationsbymail,0,1,1,1.0
jirapliegao,0,1,1,1.0
hnx,0,1,1,1.0
levlslav,0,1,1,1.0
pgqh,0,1,1,1.0
nooter,1,0,1,0.0
hwjll,0,1,1,1.0
neoplasm,0,1,1,1.0
merrelyn,1,0,1,0.0
alodi,0,1,1,1.0
ngiqx,0,1,1,1.0
thesdg,0,1,1,1.0
pdranpcwrdi,0,1,1,1.0
ckfordl,1,0,1,0.0
bakri,1,0,1,0.0
jaca,1,0,1,0.0
zorromf,0,1,1,1.0
citywhizkid,1,0,1,0.0
flooringssalaam,0,1,1,1.0
nbstx,1,0,1,0.0
projmgt,1,0,1,0.0
americanexpress,0,1,1,1.0
aliensparrot,0,1,1,1.0
ntd,0,1,1,1.0
perodo,0,1,1,1.0
minuendbatavia,0,1,1,1.0
webguia,0,1,1,1.0
elnav,0,1,1,1.0
feingold,1,0,1,0.0
zmt,0,1,1,1.0
publicacion,0,1,1,1.0
millionthsamovar,0,1,1,1.0
tjcelzwr,0,1,1,1.0
xkg,0,1,1,1.0
philaenu,0,1,1,1.0
agdesteen,1,0,1,0.0
ssnv,0,1,1,1.0
ghstein,1,0,1,0.0
commisison,1,0,1,0.0
vegan,0,1,1,1.0
torticolli,0,1,1,1.0
friko,1,0,1,0.0
jco,0,1,1,1.0
heartburnwestfield,0,1,1,1.0
getyour,0,1,1,1.0
leeann,0,1,1,1.0
université,0,1,1,1.0
ydsi,0,1,1,1.0
vernderung,0,1,1,1.0
chatman,0,1,1,1.0
buecken,0,1,1,1.0
entxmkbcjfpdm,0,1,1,1.0
volant,0,1,1,1.0
dimdolobsom,0,1,1,1.0
francliveri,0,1,1,1.0
sanusi,1,0,1,0.0
unterrichten,0,1,1,1.0
canyel,0,1,1,1.0
testeado,0,1,1,1.0
lyqlz,0,1,1,1.0
itshappen,0,1,1,1.0
aramark,0,1,1,1.0
wjseowqri,0,1,1,1.0
butnewcartridg,0,1,1,1.0
hfq,0,1,1,1.0
edificador,0,1,1,1.0
fruf,0,1,1,1.0
ccz,0,1,1,1.0
turcg,0,1,1,1.0
enviars,0,1,1,1.0
citrusi,0,1,1,1.0
dpalmer,1,0,1,0.0
azmnuft,0,1,1,1.0
qqqzj,1,0,1,0.0
mmeeeyk,0,1,1,1.0
globalblock,0,1,1,1.0
newsletterversand,0,1,1,1.0
wpipgmsa,0,1,1,1.0
highhanded,1,0,1,0.0
ectlon,1,0,1,0.0
jai,1,0,1,0.0
utkzvrh,0,1,1,1.0
medispac,0,1,1,1.0
spacedidacticrain,0,1,1,1.0
ayoppseck,0,1,1,1.0
forcalligraph,0,1,1,1.0
iqxc,0,1,1,1.0
bebil,1,0,1,0.0
riegler,1,0,1,0.0
nrosh,0,1,1,1.0
speedwrit,0,1,1,1.0
unwglxezz,0,1,1,1.0
pruchas,1,0,1,0.0
ushecjmx,0,1,1,1.0
bakstanski,1,0,1,0.0
fhpk,0,1,1,1.0
modnicadboulevard,0,1,1,1.0
transaktionen,0,1,1,1.0
serifbr,0,1,1,1.0
vainstein,1,0,1,0.0
prosperitygerman,0,1,1,1.0
neukom,1,0,1,0.0
fpn,0,1,1,1.0
rerctf,0,1,1,1.0
chekhov,0,1,1,1.0
fxjwn,0,1,1,1.0
uson,0,1,1,1.0
excelergi,1,0,1,0.0
runthrough,0,1,1,1.0
swerbin,1,0,1,0.0
lczyzua,0,1,1,1.0
montanayoocwo,0,1,1,1.0
ytadyu,0,1,1,1.0
rozryleaxdkl,0,1,1,1.0
sacrifício,0,1,1,1.0
revip,0,1,1,1.0
productcentr,1,0,1,0.0
porosityarmadillo,0,1,1,1.0
quedaron,0,1,1,1.0
elliscompendia,0,1,1,1.0
batey,1,0,1,0.0
antoniopaiva,0,1,1,1.0
harrietta,0,1,1,1.0
oakvi,0,1,1,1.0
kaspszyk,0,1,1,1.0
msuudl,0,1,1,1.0
alviar,1,0,1,0.0
opfoit,0,1,1,1.0
freesamplel,0,1,1,1.0
maniactrad,0,1,1,1.0
compyland,0,1,1,1.0
yixa,0,1,1,1.0
angioma,0,1,1,1.0
rzip,1,0,1,0.0
capernouakchott,0,1,1,1.0
cheaaaap,0,1,1,1.0
floozi,0,1,1,1.0
bzznqx,0,1,1,1.0
rushbabi,0,1,1,1.0
ksl,0,1,1,1.0
schaffart,1,0,1,0.0
theirnew,0,1,1,1.0
vki,0,1,1,1.0
noticemargarita,0,1,1,1.0
apparat,0,1,1,1.0
mfe,0,1,1,1.0
qnyeax,0,1,1,1.0
barryrobinhoo,0,1,1,1.0
lorinda,0,1,1,1.0
deisgnat,1,0,1,0.0
camrp,0,1,1,1.0
sdk,1,0,1,0.0
impedimenta,0,1,1,1.0
docc,1,0,1,0.0
owusu,1,0,1,0.0
utilizarán,0,1,1,1.0
ymil,0,1,1,1.0
nativa,0,1,1,1.0
preded,0,1,1,1.0
adkkmm,0,1,1,1.0
devtown,0,1,1,1.0
waterwaycrosswalk,0,1,1,1.0
delicia,0,1,1,1.0
comers,0,1,1,1.0
mdyfjdva,0,1,1,1.0
willit,0,1,1,1.0
midscaleclutch,0,1,1,1.0
deniseb,1,0,1,0.0
ubyomv,0,1,1,1.0
theragran,1,0,1,0.0
vveek,0,1,1,1.0
nwcw,0,1,1,1.0
htpa,0,1,1,1.0
abgezockt,0,1,1,1.0
macuspana,1,0,1,0.0
ellerman,1,0,1,0.0
onlyabout,0,1,1,1.0
chilll,1,0,1,0.0
lukewarmitem,0,1,1,1.0
payper,0,1,1,1.0
siick,0,1,1,1.0
ethoma,1,0,1,0.0
azil,0,1,1,1.0
zangarilleja,0,1,1,1.0
ddxuat,0,1,1,1.0
enfermería,0,1,1,1.0
fbnzx,0,1,1,1.0
aantal,0,1,1,1.0
ccld,0,1,1,1.0
subcultur,0,1,1,1.0
qibozo,0,1,1,1.0
hinwvhea,0,1,1,1.0
qwbdbri,0,1,1,1.0
monsterwith,0,1,1,1.0
parkfield,0,1,1,1.0
drlopez,0,1,1,1.0
wyuxyagc,0,1,1,1.0
chepaer,0,1,1,1.0
reink,1,0,1,0.0
cavanaug,1,0,1,0.0
innovatu,1,0,1,0.0
memoryricki,0,1,1,1.0
unbeard,0,1,1,1.0
blsvd,0,1,1,1.0
dësërvë,0,1,1,1.0
phillipc,0,1,1,1.0
homegen,1,0,1,0.0
inoetnrvi,0,1,1,1.0
throughnext,0,1,1,1.0
jkmfirst,0,1,1,1.0
enxwyy,0,1,1,1.0
ectcynthia,1,0,1,0.0
rofujest,0,1,1,1.0
deelop,0,1,1,1.0
sajijiaddig,0,1,1,1.0
approova,0,1,1,1.0
affordablepric,0,1,1,1.0
highval,1,0,1,0.0
queensl,1,0,1,0.0
unimpeach,1,0,1,0.0
clzkex,0,1,1,1.0
springtailerato,0,1,1,1.0
lifetimeclick,0,1,1,1.0
dragdowncoembodi,0,1,1,1.0
feoffe,0,1,1,1.0
hppmkrc,0,1,1,1.0
ewqmv,0,1,1,1.0
doddl,0,1,1,1.0
mlara,1,0,1,0.0
vohra,1,0,1,0.0
erself,0,1,1,1.0
oxama,0,1,1,1.0
stoiani,1,0,1,0.0
aigl,0,1,1,1.0
uiwwju,0,1,1,1.0
lrwcz,0,1,1,1.0
passionvalhalla,0,1,1,1.0
obligationin,0,1,1,1.0
overbid,1,0,1,0.0
nozh,0,1,1,1.0
fsjb,0,1,1,1.0
muc,0,1,1,1.0
umtgjrc,0,1,1,1.0
seely,1,0,1,0.0
ayquldvpt,0,1,1,1.0
ñþ,0,1,1,1.0
kentor,0,1,1,1.0
morganj,1,0,1,0.0
pdr,0,1,1,1.0
jor,0,1,1,1.0
twappjda,0,1,1,1.0
withamazon,0,1,1,1.0
balaam,0,1,1,1.0
prescridptison,0,1,1,1.0
aijzn,0,1,1,1.0
tweyr,0,1,1,1.0
jokybkieg,0,1,1,1.0
coslada,0,1,1,1.0
ladysmock,0,1,1,1.0
anaba,0,1,1,1.0
vbqbhf,0,1,1,1.0
jzhpgkyb,0,1,1,1.0
kibt,0,1,1,1.0
nuxiuf,0,1,1,1.0
wachiya,0,1,1,1.0
lelyveld,1,0,1,0.0
pyrotechnicerg,0,1,1,1.0
iimnt,0,1,1,1.0
swjoc,0,1,1,1.0
zscah,0,1,1,1.0
tpct,1,0,1,0.0
usjrvmnbau,0,1,1,1.0
edelstein,0,1,1,1.0
zelni,0,1,1,1.0
tkhzni,0,1,1,1.0
nfjgat,0,1,1,1.0
chibbard,1,0,1,0.0
yozwwdrgpxeynlzpfd,0,1,1,1.0
xlbll,0,1,1,1.0
uivghojsnli,0,1,1,1.0
nmlve,0,1,1,1.0
vereenig,0,1,1,1.0
macao,0,1,1,1.0
clori,1,0,1,0.0
sibodx,0,1,1,1.0
ailenroc,0,1,1,1.0
higginson,0,1,1,1.0
rangarajan,1,0,1,0.0
prk,1,0,1,0.0
emailsupport,0,1,1,1.0
logid,0,1,1,1.0
rosiest,1,0,1,0.0
mudspald,0,1,1,1.0
filipiniana,0,1,1,1.0
genni,0,1,1,1.0
jfqabbl,0,1,1,1.0
decompresscanterel,0,1,1,1.0
omphalo,0,1,1,1.0
bizbr,0,1,1,1.0
amulya,1,0,1,0.0
wahrend,0,1,1,1.0
summerbird,0,1,1,1.0
milfclan,0,1,1,1.0
bzejqgbc,0,1,1,1.0
espeaktuesday,1,0,1,0.0
greathingtoknow,0,1,1,1.0
moorman,0,1,1,1.0
wallick,0,1,1,1.0
intellctu,1,0,1,0.0
lesha,0,1,1,1.0
ikvna,0,1,1,1.0
comwhi,0,1,1,1.0
lkerr,1,0,1,0.0
beeinhomogen,0,1,1,1.0
tmartin,1,0,1,0.0
danbrook,0,1,1,1.0
linksi,0,1,1,1.0
xtbdhc,0,1,1,1.0
hzvlnqxjn,0,1,1,1.0
custombudda,0,1,1,1.0
catchingthebest,0,1,1,1.0
wtehher,0,1,1,1.0
qshan,0,1,1,1.0
orgulho,0,1,1,1.0
profconfer,1,0,1,0.0
ireq,1,0,1,0.0
bewarepoultic,0,1,1,1.0
hsl,0,1,1,1.0
erógeno,0,1,1,1.0
fairyland,0,1,1,1.0
assistanceto,0,1,1,1.0
denois,1,0,1,0.0
mailerwarrior,0,1,1,1.0
tdbvf,0,1,1,1.0
façon,0,1,1,1.0
yourperus,0,1,1,1.0
yhu,0,1,1,1.0
unbaffl,0,1,1,1.0
vhrghkmudi,0,1,1,1.0
nformatlon,0,1,1,1.0
kqnmikun,0,1,1,1.0
isonora,1,0,1,0.0
jnb,0,1,1,1.0
galanta,0,1,1,1.0
reviewmovi,1,0,1,0.0
vtttgf,0,1,1,1.0
ysfu,0,1,1,1.0
uxlfk,0,1,1,1.0
hgxpwp,0,1,1,1.0
nhumphrey,1,0,1,0.0
reamcordag,0,1,1,1.0
haldeman,1,0,1,0.0
eypt,0,1,1,1.0
affnect,0,1,1,1.0
crkap,0,1,1,1.0
ueytfw,0,1,1,1.0
prefqd,0,1,1,1.0
estorm,0,1,1,1.0
kondratievich,0,1,1,1.0
otdmbipdtc,0,1,1,1.0
odpowiedniej,1,0,1,0.0
emailiand,0,1,1,1.0
uehli,0,1,1,1.0
ebkoq,0,1,1,1.0
charlottehamil,1,0,1,0.0
fniem,0,1,1,1.0
pewno,1,0,1,0.0
lfp,0,1,1,1.0
stinebaugh,1,0,1,0.0
imperialwash,0,1,1,1.0
merix,0,1,1,1.0
jdsh,0,1,1,1.0
insightbb,0,1,1,1.0
qualityproduct,0,1,1,1.0
brj,0,1,1,1.0
kdzphvk,0,1,1,1.0
yforma,0,1,1,1.0
brsought,0,1,1,1.0
ejnzeausf,0,1,1,1.0
fczpropeciavq,0,1,1,1.0
arnab,1,0,1,0.0
salinardo,1,0,1,0.0
spxolln,0,1,1,1.0
microsoftclaimo,0,1,1,1.0
mtzwnz,0,1,1,1.0
ormnbhbi,0,1,1,1.0
abwcwga,0,1,1,1.0
ratlin,0,1,1,1.0
ojfj,0,1,1,1.0
wbnkqxzu,0,1,1,1.0
napkinorchid,0,1,1,1.0
uuozvllez,0,1,1,1.0
perso,0,1,1,1.0
steamcoal,1,0,1,0.0
rlanicek,1,0,1,0.0
lldmvk,0,1,1,1.0
seleccionar,0,1,1,1.0
activespe,0,1,1,1.0
procotol,0,1,1,1.0
kafevq,0,1,1,1.0
subul,0,1,1,1.0
thousland,0,1,1,1.0
lbjhwzjfiuxk,0,1,1,1.0
zgxnrpd,0,1,1,1.0
poussin,0,1,1,1.0
seluqvi,0,1,1,1.0
noxdg,0,1,1,1.0
mightili,0,1,1,1.0
maketm,0,1,1,1.0
finanzierung,1,0,1,0.0
hzt,0,1,1,1.0
sudafrica,0,1,1,1.0
marosi,1,0,1,0.0
cpavlica,1,0,1,0.0
lyrfqz,0,1,1,1.0
emprendedor,0,1,1,1.0
vesdino,0,1,1,1.0
raptli,0,1,1,1.0
woljpr,0,1,1,1.0
dmptvxnlu,0,1,1,1.0
rdeview,0,1,1,1.0
nodeal,1,0,1,0.0
lhm,0,1,1,1.0
hbwugmzl,0,1,1,1.0
lukoil,1,0,1,0.0
lolp,1,0,1,0.0
waldemar,1,0,1,0.0
accurateriordan,0,1,1,1.0
kurtosi,1,0,1,0.0
xanahux,0,1,1,1.0
eyothdljn,0,1,1,1.0
proboscidean,0,1,1,1.0
woodsideimpost,0,1,1,1.0
besezzd,0,1,1,1.0
vaaaaal,0,1,1,1.0
independient,0,1,1,1.0
hideawayscaup,0,1,1,1.0
eneron,1,0,1,0.0
sackgassen,0,1,1,1.0
knownoxi,0,1,1,1.0
hwujvskx,0,1,1,1.0
catastrophicstatesman,0,1,1,1.0
ofcours,0,1,1,1.0
vingoreza,0,1,1,1.0
theintend,1,0,1,0.0
ylodxrdmpt,0,1,1,1.0
qheenku,0,1,1,1.0
sbxwwfp,0,1,1,1.0
thunderstruck,0,1,1,1.0
pelley,1,0,1,0.0
eiser,1,0,1,0.0
literaturtipp,0,1,1,1.0
rozpoczecia,1,0,1,0.0
lynnbottling,1,0,1,0.0
sairiam,0,1,1,1.0
axjlci,0,1,1,1.0
zbccimyu,0,1,1,1.0
interfaith,1,0,1,0.0
radanovich,1,0,1,0.0
trainmenserv,0,1,1,1.0
rrgmizjw,0,1,1,1.0
expsour,1,0,1,0.0
ecommend,0,1,1,1.0
qmchzjyfwetchv,0,1,1,1.0
carangu,0,1,1,1.0
categoryart,0,1,1,1.0
ronda,1,0,1,0.0
haxmoyht,0,1,1,1.0
tcpew,0,1,1,1.0
notest,0,1,1,1.0
cpaoli,1,0,1,0.0
arang,1,0,1,0.0
extreamli,1,0,1,0.0
seis,0,1,1,1.0
flyover,1,0,1,0.0
cqycfgjx,0,1,1,1.0
erymz,0,1,1,1.0
hhotzi,0,1,1,1.0
dvbfnye,0,1,1,1.0
metallicmiranda,0,1,1,1.0
wizardperk,0,1,1,1.0
thme,0,1,1,1.0
dqplcj,0,1,1,1.0
shrift,0,1,1,1.0
dsilva,1,0,1,0.0
volksw,1,0,1,0.0
chelmsord,1,0,1,0.0
cyou,0,1,1,1.0
nogsvvbnwug,0,1,1,1.0
poniryov,0,1,1,1.0
thedyk,1,0,1,0.0
effcient,1,0,1,0.0
maridia,0,1,1,1.0
wvxkclh,0,1,1,1.0
dacw,0,1,1,1.0
bythevil,1,0,1,0.0
ljt,1,0,1,0.0
saphira,0,1,1,1.0
ypllizhdu,0,1,1,1.0
cgetr,0,1,1,1.0
permanec,0,1,1,1.0
ernbuodj,0,1,1,1.0
territrio,0,1,1,1.0
tamsin,0,1,1,1.0
ysmina,1,0,1,0.0
iwymrm,0,1,1,1.0
eclectic,0,1,1,1.0
massenweis,0,1,1,1.0
macec,1,0,1,0.0
asitzxfk,0,1,1,1.0
becher,1,0,1,0.0
dianespeedo,0,1,1,1.0
heniou,1,0,1,0.0
nxpzixniq,0,1,1,1.0
fromwhom,0,1,1,1.0
llvfditqj,0,1,1,1.0
anrjd,0,1,1,1.0
nastepujaci,1,0,1,0.0
cpq,1,0,1,0.0
ayb,0,1,1,1.0
commood,1,0,1,0.0
anufoza,0,1,1,1.0
eqwvmu,0,1,1,1.0
ssflzblccizhqeu,0,1,1,1.0
quellen,0,1,1,1.0
gyeuqorxkvn,0,1,1,1.0
oagoqzmpk,0,1,1,1.0
miradorsur,0,1,1,1.0
piezoelectr,0,1,1,1.0
dlra,0,1,1,1.0
hiroo,1,0,1,0.0
waanmdp,0,1,1,1.0
srdisclos,0,1,1,1.0
tpkm,0,1,1,1.0
figdigit,1,0,1,0.0
kziazlefz,0,1,1,1.0
marcher,0,1,1,1.0
biolawilliamso,0,1,1,1.0
cyatci,0,1,1,1.0
passoverandromeda,0,1,1,1.0
angelofhealth,0,1,1,1.0
nephrotox,0,1,1,1.0
mebz,0,1,1,1.0
postino,0,1,1,1.0
witheld,0,1,1,1.0
baxterian,0,1,1,1.0
momney,0,1,1,1.0
ronkonkoma,0,1,1,1.0
hochwertig,0,1,1,1.0
wzubjudx,0,1,1,1.0
ischia,0,1,1,1.0
ajpxbqjgscmyx,0,1,1,1.0
tolley,0,1,1,1.0
specialz,0,1,1,1.0
falerii,0,1,1,1.0
brusati,1,0,1,0.0
hhdx,0,1,1,1.0
jthoma,1,0,1,0.0
loczk,0,1,1,1.0
wizyti,1,0,1,0.0
pugnaciousferv,0,1,1,1.0
celebx,0,1,1,1.0
ybf,0,1,1,1.0
rplu,0,1,1,1.0
rajasekharan,1,0,1,0.0
mmenron,1,0,1,0.0
sabien,0,1,1,1.0
jhhrzup,0,1,1,1.0
rescriptiondru,0,1,1,1.0
nternet,0,1,1,1.0
quebecelliot,0,1,1,1.0
aviuznfwf,0,1,1,1.0
contratar,0,1,1,1.0
haeex,0,1,1,1.0
condemnateclimat,0,1,1,1.0
inländisch,0,1,1,1.0
genieten,0,1,1,1.0
xrerio,0,1,1,1.0
corrupción,0,1,1,1.0
kvdqv,0,1,1,1.0
ëá,0,1,1,1.0
lscrewworm,0,1,1,1.0
rirukvwbr,0,1,1,1.0
jaap,0,1,1,1.0
gzzyb,0,1,1,1.0
ildlo,0,1,1,1.0
cklqbeko,0,1,1,1.0
builan,0,1,1,1.0
vivpagmv,0,1,1,1.0
lobaxobegox,0,1,1,1.0
opbia,0,1,1,1.0
tiverton,1,0,1,0.0
sterner,0,1,1,1.0
ffere,0,1,1,1.0
tolist,0,1,1,1.0
copyworldwid,0,1,1,1.0
fqbue,0,1,1,1.0
foreversaleland,0,1,1,1.0
beschrijv,0,1,1,1.0
fraca,0,1,1,1.0
nrdzn,0,1,1,1.0
milwaukeediphtheria,0,1,1,1.0
salvadorl,0,1,1,1.0
pourron,0,1,1,1.0
teabowl,0,1,1,1.0
hundsturm,1,0,1,0.0
autonoma,0,1,1,1.0
personalment,0,1,1,1.0
olvmll,0,1,1,1.0
zhei,1,0,1,0.0
firmenkunden,0,1,1,1.0
ellisman,0,1,1,1.0
qweokqbi,0,1,1,1.0
uracilnudg,0,1,1,1.0
cyywyoxuj,0,1,1,1.0
lyz,0,1,1,1.0
glssdudwro,0,1,1,1.0
baseballcool,0,1,1,1.0
toryiz,0,1,1,1.0
easyintern,0,1,1,1.0
ridgeland,0,1,1,1.0
backgroung,1,0,1,0.0
pawrweoobytmvpw,0,1,1,1.0
saticilari,0,1,1,1.0
ojtjpur,0,1,1,1.0
sdollar,0,1,1,1.0
wqxzeclfw,0,1,1,1.0
zhsibxb,0,1,1,1.0
xong,0,1,1,1.0
gfasapl,0,1,1,1.0
gdodpgq,0,1,1,1.0
tonerbestpric,0,1,1,1.0
bigbird,0,1,1,1.0
xcxqja,0,1,1,1.0
guerilla,1,0,1,0.0
preparada,0,1,1,1.0
mrnfj,0,1,1,1.0
mcnrynyfd,0,1,1,1.0
comtremend,0,1,1,1.0
wilig,0,1,1,1.0
fqxwee,0,1,1,1.0
ttime,0,1,1,1.0
editingstandard,0,1,1,1.0
tippler,0,1,1,1.0
pollenvainglori,0,1,1,1.0
qdtnmivvmxh,0,1,1,1.0
rnc,0,1,1,1.0
marketingel,0,1,1,1.0
jozsef,1,0,1,0.0
lxvax,0,1,1,1.0
erben,0,1,1,1.0
afwiiabenr,0,1,1,1.0
asaw,0,1,1,1.0
nowh,0,1,1,1.0
gsullivan,1,0,1,0.0
sffvei,0,1,1,1.0
brochuremotet,0,1,1,1.0
vpoqv,0,1,1,1.0
remanufatura,0,1,1,1.0
jfdnc,0,1,1,1.0
honoluluspini,0,1,1,1.0
lbzxhcqrt,0,1,1,1.0
rodalepress,1,0,1,0.0
bagehot,1,0,1,0.0
rdemov,0,1,1,1.0
iugbohkkq,0,1,1,1.0
secut,1,0,1,0.0
zkdtjgpmz,0,1,1,1.0
lpyudq,0,1,1,1.0
utilização,0,1,1,1.0
rabidgermantown,0,1,1,1.0
mjed,0,1,1,1.0
binkovski,0,1,1,1.0
locrok,0,1,1,1.0
diversitur,1,0,1,0.0
jyhfow,0,1,1,1.0
kuolocl,0,1,1,1.0
sgrq,0,1,1,1.0
caboosey,0,1,1,1.0
levita,0,1,1,1.0
jacobmatu,0,1,1,1.0
yyou,0,1,1,1.0
mrzxd,0,1,1,1.0
ndvint,0,1,1,1.0
beiial,0,1,1,1.0
dingohar,0,1,1,1.0
promeddx,0,1,1,1.0
towerdo,0,1,1,1.0
akwcbuhh,0,1,1,1.0
aftngqxeqbr,0,1,1,1.0
lavatoriesquadrupl,0,1,1,1.0
wupzx,0,1,1,1.0
ticketsl,1,0,1,0.0
godvwquu,0,1,1,1.0
lnswin,0,1,1,1.0
ipqkeo,0,1,1,1.0
kopgt,0,1,1,1.0
cchild,1,0,1,0.0
fnmhj,0,1,1,1.0
lybifj,0,1,1,1.0
yfeggbmir,0,1,1,1.0
vvdnu,0,1,1,1.0
abnamro,0,1,1,1.0
fuckmyhornywif,0,1,1,1.0
levoli,0,1,1,1.0
ýþlemlerýný,0,1,1,1.0
nckypsdzot,0,1,1,1.0
gpideh,0,1,1,1.0
sbyvrrbf,0,1,1,1.0
ptrackz,0,1,1,1.0
emt,0,1,1,1.0
uktlaw,0,1,1,1.0
softwareremov,0,1,1,1.0
gomen,0,1,1,1.0
weieght,0,1,1,1.0
iceo,0,1,1,1.0
smdb,0,1,1,1.0
erfolgreichsten,0,1,1,1.0
domenstr,1,0,1,0.0
naeyc,0,1,1,1.0
exponen,0,1,1,1.0
epxllwgyhsu,0,1,1,1.0
wiatrek,1,0,1,0.0
fitwat,1,0,1,0.0
dhtvq,0,1,1,1.0
pawel,1,0,1,0.0
willholt,0,1,1,1.0
gba,1,0,1,0.0
hazurl,0,1,1,1.0
enhancem,0,1,1,1.0
mpart,0,1,1,1.0
zxcef,0,1,1,1.0
gytha,0,1,1,1.0
beda,1,0,1,0.0
uabsbwb,0,1,1,1.0
tehn,0,1,1,1.0
mcqipi,0,1,1,1.0
analinspect,0,1,1,1.0
abdal,0,1,1,1.0
weild,0,1,1,1.0
polster,0,1,1,1.0
biostasi,0,1,1,1.0
zwecker,0,1,1,1.0
hfmmag,1,0,1,0.0
ochoi,0,1,1,1.0
psqq,0,1,1,1.0
sdeu,0,1,1,1.0
dbssystem,1,0,1,0.0
glrrug,0,1,1,1.0
owfkeld,0,1,1,1.0
kicw,0,1,1,1.0
rzhshm,0,1,1,1.0
kwak,1,0,1,0.0
throati,0,1,1,1.0
manifestli,0,1,1,1.0
brecht,0,1,1,1.0
sikh,0,1,1,1.0
macadamia,0,1,1,1.0
rqivdt,0,1,1,1.0
jiqxutq,0,1,1,1.0
flmut,0,1,1,1.0
ibovn,0,1,1,1.0
qygn,0,1,1,1.0
olv,0,1,1,1.0
ashencab,0,1,1,1.0
instantaneo,0,1,1,1.0
newsflow,1,0,1,0.0
elfhq,0,1,1,1.0
hdwuko,0,1,1,1.0
toplin,1,0,1,0.0
sgeaftpnu,0,1,1,1.0
nydetail,0,1,1,1.0
yrep,0,1,1,1.0
benchluch,1,0,1,0.0
unyd,0,1,1,1.0
tampoco,0,1,1,1.0
incertidumbr,0,1,1,1.0
vpeiqsj,0,1,1,1.0
rstate,1,0,1,0.0
contextolo,0,1,1,1.0
philhellen,0,1,1,1.0
leakageontolog,0,1,1,1.0
schaaf,1,0,1,0.0
jlsale,1,0,1,0.0
contum,0,1,1,1.0
lfryi,0,1,1,1.0
ysbojwl,0,1,1,1.0
hxt,0,1,1,1.0
reimbrandsplien,0,1,1,1.0
nonfirm,1,0,1,0.0
strack,1,0,1,0.0
whilel,0,1,1,1.0
ccya,0,1,1,1.0
vagabondag,0,1,1,1.0
afjj,0,1,1,1.0
gsiaagcrhyp,0,1,1,1.0
stijff,0,1,1,1.0
suxper,0,1,1,1.0
mariamabacha,0,1,1,1.0
vrqysxrar,0,1,1,1.0
americwan,0,1,1,1.0
doga,0,1,1,1.0
wylater,0,1,1,1.0
janauari,1,0,1,0.0
powerdirect,1,0,1,0.0
bxpezfrv,0,1,1,1.0
rmggoieep,0,1,1,1.0
fsvfemoo,0,1,1,1.0
epntker,0,1,1,1.0
fiagship,0,1,1,1.0
ahffa,0,1,1,1.0
xanaavx,0,1,1,1.0
kanji,0,1,1,1.0
reidharri,0,1,1,1.0
vanquishdiabet,0,1,1,1.0
petiit,1,0,1,0.0
claimedand,0,1,1,1.0
dashingaffin,0,1,1,1.0
unfortanu,1,0,1,0.0
summitt,1,0,1,0.0
vyy,0,1,1,1.0
eestest,1,0,1,0.0
nuec,1,0,1,0.0
pqt,0,1,1,1.0
kztvp,0,1,1,1.0
fwx,0,1,1,1.0
ibxujhsf,0,1,1,1.0
mindgrowth,0,1,1,1.0
rightwing,0,1,1,1.0
wgedsz,0,1,1,1.0
debuginit,0,1,1,1.0
burford,1,0,1,0.0
ktqp,0,1,1,1.0
dwope,0,1,1,1.0
rnmkjdv,0,1,1,1.0
ppsedrrohoutzc,0,1,1,1.0
akgf,0,1,1,1.0
aij,0,1,1,1.0
jfvltpmzwyfk,0,1,1,1.0
tablpep,0,1,1,1.0
nohp,0,1,1,1.0
rslb,0,1,1,1.0
carepartn,1,0,1,0.0
pokel,0,1,1,1.0
waffleheartbreak,0,1,1,1.0
faceplateharmon,0,1,1,1.0
photoelectrotyp,0,1,1,1.0
fdgayk,0,1,1,1.0
universti,0,1,1,1.0
soyuz,0,1,1,1.0
pouvion,0,1,1,1.0
youngisreturn,0,1,1,1.0
jpb,0,1,1,1.0
paxilvioxx,0,1,1,1.0
euroten,0,1,1,1.0
eventfulcar,0,1,1,1.0
shap,0,1,1,1.0
verbri,0,1,1,1.0
aziogghutbr,0,1,1,1.0
latrin,0,1,1,1.0
xtal,0,1,1,1.0
arbeitspausen,0,1,1,1.0
agreeableclar,0,1,1,1.0
olafson,1,0,1,0.0
ubfhignfi,0,1,1,1.0
superherbalonlin,0,1,1,1.0
quaidistantli,0,1,1,1.0
ywi,0,1,1,1.0
agneslepidolit,0,1,1,1.0
usng,0,1,1,1.0
cinda,0,1,1,1.0
vervierfachten,0,1,1,1.0
iselin,0,1,1,1.0
valk,1,0,1,0.0
mobileretail,0,1,1,1.0
bigelowwinsom,0,1,1,1.0
grayest,0,1,1,1.0
gasstov,1,0,1,0.0
markethub,1,0,1,0.0
rylan,0,1,1,1.0
incitenettl,0,1,1,1.0
problemlo,0,1,1,1.0
uclqvieh,0,1,1,1.0
hurryworldwid,0,1,1,1.0
tcyhdi,0,1,1,1.0
ekmajaun,0,1,1,1.0
zqx,0,1,1,1.0
franklincovey,1,0,1,0.0
kwaiuznij,0,1,1,1.0
irzzk,0,1,1,1.0
lorip,1,0,1,0.0
teresagil,1,0,1,0.0
havisham,0,1,1,1.0
pudo,0,1,1,1.0
ixjnefaldend,0,1,1,1.0
doqullar,0,1,1,1.0
únicament,0,1,1,1.0
pime,1,0,1,0.0
nyqkp,0,1,1,1.0
ordzer,0,1,1,1.0
agedlov,0,1,1,1.0
gpuva,0,1,1,1.0
papxil,0,1,1,1.0
anfechtung,0,1,1,1.0
cyd,1,0,1,0.0
isuff,0,1,1,1.0
sdamnoen,0,1,1,1.0
bxlw,0,1,1,1.0
eanauurdx,0,1,1,1.0
expectedto,0,1,1,1.0
fwor,0,1,1,1.0
wpicker,1,0,1,0.0
mjuaadf,0,1,1,1.0
crosshold,1,0,1,0.0
repffina,0,1,1,1.0
hqfjjytfhvaia,0,1,1,1.0
qlaqv,0,1,1,1.0
mothernatur,0,1,1,1.0
gettmeout,0,1,1,1.0
kendra,0,1,1,1.0
gcn,0,1,1,1.0
hayrid,1,0,1,0.0
uatrycuov,0,1,1,1.0
expertssay,0,1,1,1.0
germen,0,1,1,1.0
bswlj,0,1,1,1.0
zbalsam,0,1,1,1.0
prosi,1,0,1,0.0
gfhgae,0,1,1,1.0
vjb,1,0,1,0.0
servietteir,0,1,1,1.0
otxfcc,0,1,1,1.0
abrahamson,1,0,1,0.0
pookielhanson,0,1,1,1.0
viana,0,1,1,1.0
isyjnear,0,1,1,1.0
hsw,0,1,1,1.0
shirlean,0,1,1,1.0
mojado,0,1,1,1.0
currrent,1,0,1,0.0
qybbaw,0,1,1,1.0
biotek,0,1,1,1.0
wgnzadq,0,1,1,1.0
rumler,1,0,1,0.0
lnlydwnoimhtlr,0,1,1,1.0
beiträg,0,1,1,1.0
aeib,0,1,1,1.0
bcw,0,1,1,1.0
lizenz,0,1,1,1.0
simplot,1,0,1,0.0
exiteiiveri,0,1,1,1.0
arnkulunku,0,1,1,1.0
automatiqu,0,1,1,1.0
mqdrthoy,0,1,1,1.0
orourk,1,0,1,0.0
facturar,0,1,1,1.0
pupos,0,1,1,1.0
qqt,0,1,1,1.0
utilizaran,0,1,1,1.0
coronarydemijohn,0,1,1,1.0
aml,0,1,1,1.0
xvzkzuw,0,1,1,1.0
htmabout,0,1,1,1.0
mavisxylen,0,1,1,1.0
jfq,0,1,1,1.0
cheatham,1,0,1,0.0
ykj,0,1,1,1.0
jeriseward,0,1,1,1.0
conlan,1,0,1,0.0
dmlzbdkonb,0,1,1,1.0
gathershepherd,0,1,1,1.0
pou,0,1,1,1.0
przypominalem,1,0,1,0.0
beevil,0,1,1,1.0
chrisi,0,1,1,1.0
jcedj,0,1,1,1.0
svckw,0,1,1,1.0
covertur,0,1,1,1.0
aebdb,0,1,1,1.0
tenc,0,1,1,1.0
coeuxhor,0,1,1,1.0
tiredmof,0,1,1,1.0
goltpxbmv,0,1,1,1.0
vorstellen,0,1,1,1.0
ratqncl,0,1,1,1.0
aqwcwxrma,0,1,1,1.0
timeto,0,1,1,1.0
stodgier,1,0,1,0.0
thousan,0,1,1,1.0
sberri,1,0,1,0.0
ytaouofgdkpb,0,1,1,1.0
finansowania,1,0,1,0.0
ryyyr,0,1,1,1.0
qewhzw,0,1,1,1.0
ppedsj,0,1,1,1.0
wusath,0,1,1,1.0
hirst,1,0,1,0.0
fba,0,1,1,1.0
ojfwin,0,1,1,1.0
tirm,0,1,1,1.0
mediaplay,1,0,1,0.0
secretria,0,1,1,1.0
ifpspzztl,0,1,1,1.0
offron,0,1,1,1.0
ecgrgtd,0,1,1,1.0
settingt,0,1,1,1.0
nkzzv,0,1,1,1.0
oyama,1,0,1,0.0
dfnzlcz,0,1,1,1.0
laet,0,1,1,1.0
chai,0,1,1,1.0
chrispernoud,1,0,1,0.0
reconcilli,1,0,1,0.0
zimno,1,0,1,0.0
totri,0,1,1,1.0
winsoftwar,0,1,1,1.0
reneel,0,1,1,1.0
zplch,0,1,1,1.0
theyhad,0,1,1,1.0
bityp,0,1,1,1.0
dustymerrymak,0,1,1,1.0
coges,0,1,1,1.0
tbv,0,1,1,1.0
installieren,0,1,1,1.0
mbod,1,0,1,0.0
ecgzng,0,1,1,1.0
imyvjuf,0,1,1,1.0
afr,1,0,1,0.0
sparidersr,1,0,1,0.0
prophylaxi,0,1,1,1.0
noverc,0,1,1,1.0
leavel,1,0,1,0.0
oetpofspi,0,1,1,1.0
stortford,0,1,1,1.0
qctqr,0,1,1,1.0
ukyk,0,1,1,1.0
shyem,0,1,1,1.0
unvel,0,1,1,1.0
keavstr,0,1,1,1.0
exj,0,1,1,1.0
kampanya,0,1,1,1.0
letterto,0,1,1,1.0
proppecia,0,1,1,1.0
copr,1,0,1,0.0
lxl,0,1,1,1.0
eqrxo,0,1,1,1.0
yytmfiu,0,1,1,1.0
jylra,0,1,1,1.0
qfluoyhl,0,1,1,1.0
hxcbsmr,0,1,1,1.0
currentdli,0,1,1,1.0
unassert,0,1,1,1.0
letabranch,0,1,1,1.0
whta,1,0,1,0.0
dunwoodi,0,1,1,1.0
hornor,0,1,1,1.0
longitudehelga,0,1,1,1.0
abshm,0,1,1,1.0
kwalzel,1,0,1,0.0
acst,0,1,1,1.0
amazinng,0,1,1,1.0
dinger,0,1,1,1.0
styie,0,1,1,1.0
festu,0,1,1,1.0
rapidez,0,1,1,1.0
pyqlfmcgt,0,1,1,1.0
fromteaneck,0,1,1,1.0
tibp,1,0,1,0.0
pagemod,1,0,1,0.0
joxh,0,1,1,1.0
mforma,0,1,1,1.0
luuuuuuub,0,1,1,1.0
nqcrdolbr,0,1,1,1.0
sbdemw,0,1,1,1.0
zurckgegeben,0,1,1,1.0
vfpme,0,1,1,1.0
ihf,0,1,1,1.0
billinixon,0,1,1,1.0
awmsnl,0,1,1,1.0
eqokr,0,1,1,1.0
ktzlpl,0,1,1,1.0
ztnjcl,0,1,1,1.0
opwv,1,0,1,0.0
withh,0,1,1,1.0
leopoidowaiton,0,1,1,1.0
hqaq,0,1,1,1.0
yesteday,1,0,1,0.0
transfr,0,1,1,1.0
yqloyfgwtfq,0,1,1,1.0
loivfarsf,0,1,1,1.0
prscrbd,0,1,1,1.0
metuant,0,1,1,1.0
sumw,0,1,1,1.0
alucom,0,1,1,1.0
losen,0,1,1,1.0
nvcvtx,0,1,1,1.0
idhuoo,0,1,1,1.0
leora,0,1,1,1.0
rebal,1,0,1,0.0
szlmlteza,0,1,1,1.0
greeneryalcohol,0,1,1,1.0
kvmntnji,0,1,1,1.0
jvcqpv,0,1,1,1.0
evju,0,1,1,1.0
xleamington,0,1,1,1.0
sidenot,1,0,1,0.0
cardoon,0,1,1,1.0
cayou,0,1,1,1.0
ivrlbwjf,0,1,1,1.0
xpxqiqit,0,1,1,1.0
ipqsi,0,1,1,1.0
mellak,1,0,1,0.0
heeeeereeee,0,1,1,1.0
goldeng,0,1,1,1.0
srpb,0,1,1,1.0
jwvpe,0,1,1,1.0
plyo,0,1,1,1.0
navair,1,0,1,0.0
mortgzuagbc,0,1,1,1.0
jang,0,1,1,1.0
christmast,1,0,1,0.0
xyyfnjyep,0,1,1,1.0
tefon,1,0,1,0.0
jocxitsemonioj,0,1,1,1.0
pinochocomit,0,1,1,1.0
mentan,1,0,1,0.0
llvetra,0,1,1,1.0
hndnwzp,0,1,1,1.0
teather,1,0,1,0.0
eongbn,0,1,1,1.0
szvdqvsck,0,1,1,1.0
jnabrxm,0,1,1,1.0
aposthia,0,1,1,1.0
antitoxin,0,1,1,1.0
ooyeqnzsc,0,1,1,1.0
yoju,0,1,1,1.0
gwoon,1,0,1,0.0
clepcc,0,1,1,1.0
slavonic,0,1,1,1.0
xgh,0,1,1,1.0
nsze,1,0,1,0.0
geliyor,0,1,1,1.0
iebsa,0,1,1,1.0
ssft,0,1,1,1.0
gvrv,0,1,1,1.0
membersno,0,1,1,1.0
mallett,1,0,1,0.0
sexyappend,0,1,1,1.0
wodehous,0,1,1,1.0
btxbcvhijpjjfc,0,1,1,1.0
wstep,1,0,1,0.0
anklicken,0,1,1,1.0
dvrem,0,1,1,1.0
providedaccount,0,1,1,1.0
salahaf,0,1,1,1.0
rnedi,0,1,1,1.0
creditorssuck,0,1,1,1.0
halili,1,0,1,0.0
rwgylxow,0,1,1,1.0
macula,0,1,1,1.0
rfh,0,1,1,1.0
radek,0,1,1,1.0
xnav,1,0,1,0.0
amendolia,1,0,1,0.0
ultil,0,1,1,1.0
wdqggc,0,1,1,1.0
vqquzerdbdxkbt,0,1,1,1.0
tqxowmjv,0,1,1,1.0
prono,0,1,1,1.0
slicyivqu,0,1,1,1.0
vgimxnqn,0,1,1,1.0
washer,1,0,1,0.0
ozobulu,0,1,1,1.0
nlline,0,1,1,1.0
eindringlich,0,1,1,1.0
xpclqo,0,1,1,1.0
mnager,0,1,1,1.0
bcomer,1,0,1,0.0
lvqee,0,1,1,1.0
roseland,0,1,1,1.0
realisaby,0,1,1,1.0
wmln,0,1,1,1.0
engorg,0,1,1,1.0
jmagnolia,0,1,1,1.0
jepyoyklp,0,1,1,1.0
yqvdmppnow,0,1,1,1.0
sxxbag,0,1,1,1.0
physlca,0,1,1,1.0
controllerfootstool,0,1,1,1.0
againon,0,1,1,1.0
gudyeb,0,1,1,1.0
orgl,0,1,1,1.0
shope,0,1,1,1.0
hflzok,0,1,1,1.0
jgilli,1,0,1,0.0
jarrel,1,0,1,0.0
reemoovee,0,1,1,1.0
badbadbadgurl,0,1,1,1.0
aenvw,0,1,1,1.0
voltar,0,1,1,1.0
heesun,0,1,1,1.0
cornflak,0,1,1,1.0
cqxfigco,0,1,1,1.0
bronzyindign,0,1,1,1.0
paton,1,0,1,0.0
netshingl,0,1,1,1.0
mjbqjkuo,0,1,1,1.0
frankmadubuez,0,1,1,1.0
chunck,1,0,1,0.0
lampton,1,0,1,0.0
mynewwatch,0,1,1,1.0
plagiada,0,1,1,1.0
subscribit,0,1,1,1.0
cpx,0,1,1,1.0
prescriptionli,0,1,1,1.0
bangokok,0,1,1,1.0
ivac,1,0,1,0.0
rafalem,1,0,1,0.0
dokarwksgjbyunowin,0,1,1,1.0
prensada,0,1,1,1.0
wdtiidd,1,0,1,0.0
diccki,0,1,1,1.0
rkbqhfnt,0,1,1,1.0
frimorfo,0,1,1,1.0
maxxxvideo,0,1,1,1.0
posrtitut,0,1,1,1.0
tigard,1,0,1,0.0
nameupon,0,1,1,1.0
xegm,0,1,1,1.0
metsto,0,1,1,1.0
yasir,1,0,1,0.0
receivingthi,0,1,1,1.0
questio,0,1,1,1.0
meganl,1,0,1,0.0
pag,0,1,1,1.0
oiv,0,1,1,1.0
vdlcwru,0,1,1,1.0
dioboloncholin,0,1,1,1.0
sfwrmozri,0,1,1,1.0
epohat,0,1,1,1.0
ebk,0,1,1,1.0
hertfordshir,0,1,1,1.0
cuquooqmb,0,1,1,1.0
kyw,0,1,1,1.0
chuchu,1,0,1,0.0
combinacin,0,1,1,1.0
bahraichfun,0,1,1,1.0
wykena,1,0,1,0.0
ogpuhpnh,0,1,1,1.0
balnear,0,1,1,1.0
animado,0,1,1,1.0
aircraftsman,0,1,1,1.0
gulfview,1,0,1,0.0
arbeitsplatz,0,1,1,1.0
offerssend,0,1,1,1.0
turpuvdqt,0,1,1,1.0
dedinero,0,1,1,1.0
mercadosla,0,1,1,1.0
tcjxpwzjc,0,1,1,1.0
ewwldt,0,1,1,1.0
janeiromorpholog,0,1,1,1.0
luscious,0,1,1,1.0
toledogarcia,0,1,1,1.0
cmz,0,1,1,1.0
banjominstrelsi,0,1,1,1.0
mhqnauld,0,1,1,1.0
eefaircd,0,1,1,1.0
lixrcabcjnt,0,1,1,1.0
filfranck,0,1,1,1.0
fercfilingsol,1,0,1,0.0
bredit,0,1,1,1.0
thesuccess,0,1,1,1.0
ebheraw,0,1,1,1.0
tën,0,1,1,1.0
owbjkuosgqdfl,0,1,1,1.0
hottcoupl,0,1,1,1.0
lefsqwl,0,1,1,1.0
haricot,0,1,1,1.0
nationallend,0,1,1,1.0
wdofghctipqgp,0,1,1,1.0
ajfhxqgoguu,0,1,1,1.0
peahen,0,1,1,1.0
winci,0,1,1,1.0
wttyhqxq,0,1,1,1.0
obtenir,0,1,1,1.0
beed,0,1,1,1.0
assivo,0,1,1,1.0
gooch,1,0,1,0.0
nhlpa,0,1,1,1.0
vbwau,0,1,1,1.0
elya,0,1,1,1.0
lul,1,0,1,0.0
marsico,1,0,1,0.0
khin,0,1,1,1.0
okazja,1,0,1,0.0
moomooabbi,0,1,1,1.0
rumormong,0,1,1,1.0
pavluk,1,0,1,0.0
trumbel,1,0,1,0.0
gjwzx,0,1,1,1.0
monogram,0,1,1,1.0
smolnar,0,1,1,1.0
cankerwormhttp,0,1,1,1.0
stionson,1,0,1,0.0
atrcwbpd,0,1,1,1.0
gckbxeujz,0,1,1,1.0
bmedlock,1,0,1,0.0
atli,0,1,1,1.0
desenvolveu,0,1,1,1.0
lix,0,1,1,1.0
nessi,0,1,1,1.0
oxa,0,1,1,1.0
thef,0,1,1,1.0
schraudt,1,0,1,0.0
picogram,0,1,1,1.0
golliwog,0,1,1,1.0
lwhqj,0,1,1,1.0
affectingli,0,1,1,1.0
lhyp,0,1,1,1.0
fvoja,0,1,1,1.0
krisnar,1,0,1,0.0
gfqjua,0,1,1,1.0
lbezygr,0,1,1,1.0
mussen,0,1,1,1.0
galardoado,0,1,1,1.0
agrx,0,1,1,1.0
diamagnetismbetroth,0,1,1,1.0
seeit,0,1,1,1.0
mithilf,0,1,1,1.0
ellipticimpal,0,1,1,1.0
tcde,0,1,1,1.0
paymentclaim,0,1,1,1.0
netmagazin,0,1,1,1.0
fjvytc,0,1,1,1.0
xbwgcf,0,1,1,1.0
bahnhofstr,1,0,1,0.0
imgctr,1,0,1,0.0
zswcbyp,0,1,1,1.0
dardiw,0,1,1,1.0
advena,1,0,1,0.0
vinylfaux,0,1,1,1.0
woodmanther,0,1,1,1.0
lovvestwposs,0,1,1,1.0
dkjnewa,0,1,1,1.0
jynl,0,1,1,1.0
cgqxbom,0,1,1,1.0
malachit,0,1,1,1.0
wnutaf,0,1,1,1.0
fgpvf,0,1,1,1.0
yrazdrbr,0,1,1,1.0
chimneypot,0,1,1,1.0
brannforb,1,0,1,0.0
youngrespect,0,1,1,1.0
vxaqgj,0,1,1,1.0
oacwjzf,0,1,1,1.0
qyjvb,0,1,1,1.0
ñë÷è,0,1,1,1.0
twrqqvl,0,1,1,1.0
harrod,1,0,1,0.0
everdream,1,0,1,0.0
brn,0,1,1,1.0
pgecorp,1,0,1,0.0
linxwilerj,1,0,1,0.0
qghqe,0,1,1,1.0
jegn,0,1,1,1.0
uyhhk,0,1,1,1.0
iyug,0,1,1,1.0
suddenlyfavour,0,1,1,1.0
romkabila,0,1,1,1.0
lugano,1,0,1,0.0
eponym,0,1,1,1.0
garantidament,0,1,1,1.0
colonialoil,1,0,1,0.0
pharmaprocess,0,1,1,1.0
depo,0,1,1,1.0
wztmjiyqwxvup,0,1,1,1.0
burkinafaso,0,1,1,1.0
flhb,0,1,1,1.0
deacetyl,0,1,1,1.0
jmawucfnfypizt,0,1,1,1.0
ssuper,0,1,1,1.0
aseguradora,0,1,1,1.0
backembed,0,1,1,1.0
lezifibing,0,1,1,1.0
propietari,0,1,1,1.0
highrollerspot,0,1,1,1.0
regaltelecom,0,1,1,1.0
jhugh,1,0,1,0.0
ffpa,0,1,1,1.0
cdwoxv,0,1,1,1.0
williprov,0,1,1,1.0
vermischung,0,1,1,1.0
durableoperon,0,1,1,1.0
keeqxt,0,1,1,1.0
enrshz,0,1,1,1.0
coqst,0,1,1,1.0
jsteffen,1,0,1,0.0
xvgbi,0,1,1,1.0
footboard,0,1,1,1.0
tombrown,1,0,1,0.0
cszgwf,0,1,1,1.0
yuor,0,1,1,1.0
healli,1,0,1,0.0
qhdlaq,0,1,1,1.0
startrust,1,0,1,0.0
aavlcqr,0,1,1,1.0
hamphsir,1,0,1,0.0
ariseitem,0,1,1,1.0
ecso,1,0,1,0.0
htsearch,1,0,1,0.0
jxiac,0,1,1,1.0
eokwpc,0,1,1,1.0
mrwassoc,1,0,1,0.0
jnhqxve,0,1,1,1.0
afjsa,0,1,1,1.0
americancommun,0,1,1,1.0
effleurag,0,1,1,1.0
mnld,0,1,1,1.0
milliarden,0,1,1,1.0
stylishli,0,1,1,1.0
mxahh,0,1,1,1.0
nrcandl,1,0,1,0.0
uqueyvisxkhi,0,1,1,1.0
bwillia,1,0,1,0.0
económica,0,1,1,1.0
asthmaspecif,0,1,1,1.0
hodapp,1,0,1,0.0
natwestfsnv,0,1,1,1.0
vigorgelfor,0,1,1,1.0
calycin,0,1,1,1.0
xogiksc,0,1,1,1.0
satalk,0,1,1,1.0
mupch,0,1,1,1.0
erein,0,1,1,1.0
billirish,1,0,1,0.0
underhil,1,0,1,0.0
rawer,0,1,1,1.0
umsza,0,1,1,1.0
hoys,0,1,1,1.0
autonomyjog,0,1,1,1.0
shrley,1,0,1,0.0
tqwkiumg,0,1,1,1.0
mbnq,0,1,1,1.0
baltz,1,0,1,0.0
tendencia,0,1,1,1.0
hafvma,0,1,1,1.0
tavor,0,1,1,1.0
uncharit,1,0,1,0.0
secr,0,1,1,1.0
rfotwoc,0,1,1,1.0
extortion,1,0,1,0.0
hyperconfid,1,0,1,0.0
distanzieren,0,1,1,1.0
playedout,0,1,1,1.0
honnt,0,1,1,1.0
gdansku,1,0,1,0.0
gczof,0,1,1,1.0
mobildiscothek,0,1,1,1.0
misappl,0,1,1,1.0
exercioven,0,1,1,1.0
iaw,0,1,1,1.0
uaran,0,1,1,1.0
erhart,1,0,1,0.0
bnpimawr,0,1,1,1.0
dkendl,1,0,1,0.0
øýè,0,1,1,1.0
eberti,1,0,1,0.0
robinhooxxxx,0,1,1,1.0
hubbubsing,0,1,1,1.0
noqqngttnymi,0,1,1,1.0
mld,0,1,1,1.0
lwf,1,0,1,0.0
qid,0,1,1,1.0
ductless,0,1,1,1.0
ijgbn,0,1,1,1.0
ouvertur,0,1,1,1.0
permanentelamanera,0,1,1,1.0
egrdg,0,1,1,1.0
pihsb,0,1,1,1.0
agreemetn,1,0,1,0.0
soledi,0,1,1,1.0
emplat,0,1,1,1.0
zyewplkkk,0,1,1,1.0
hicimo,0,1,1,1.0
zsuawvswl,0,1,1,1.0
cviuoqwv,0,1,1,1.0
bfijmegxtnqyacklzgvdh,0,1,1,1.0
enform,1,0,1,0.0
superhighway,1,0,1,0.0
csp,0,1,1,1.0
nesoddtangen,0,1,1,1.0
vinaka,0,1,1,1.0
fooxr,0,1,1,1.0
miltonian,0,1,1,1.0
centrol,0,1,1,1.0
áåéçëá,0,1,1,1.0
agtci,0,1,1,1.0
nextof,0,1,1,1.0
hbb,0,1,1,1.0
uqlvdm,0,1,1,1.0
billing,0,1,1,1.0
kmlqp,0,1,1,1.0
faciliti,1,0,1,0.0
jyfazedrka,0,1,1,1.0
rectoría,0,1,1,1.0
pesco,1,0,1,0.0
heffelbow,0,1,1,1.0
malcor,0,1,1,1.0
listz,0,1,1,1.0
ohxmoa,0,1,1,1.0
vitela,0,1,1,1.0
izbmmn,0,1,1,1.0
dacrabtre,1,0,1,0.0
reni,0,1,1,1.0
enerpris,1,0,1,0.0
kmwrrlmosrwxaxkx,0,1,1,1.0
grossest,0,1,1,1.0
longner,0,1,1,1.0
privada,0,1,1,1.0
seckond,0,1,1,1.0
xmirhdpokamckhj,0,1,1,1.0
sunnyfound,0,1,1,1.0
compatablehardwar,0,1,1,1.0
karwood,1,0,1,0.0
retrorocket,0,1,1,1.0
corkz,0,1,1,1.0
erva,0,1,1,1.0
welcher,0,1,1,1.0
pqrrvmlzh,0,1,1,1.0
merval,1,0,1,0.0
ehkdbtuswqk,0,1,1,1.0
ersuad,0,1,1,1.0
hrend,0,1,1,1.0
gspcq,0,1,1,1.0
vaglu,0,1,1,1.0
reten,0,1,1,1.0
plutu,0,1,1,1.0
leichtlauf,0,1,1,1.0
digimediacdgt,0,1,1,1.0
etlkjo,0,1,1,1.0
ezherb,0,1,1,1.0
asofski,1,0,1,0.0
noveltylight,0,1,1,1.0
canaanit,0,1,1,1.0
depenend,1,0,1,0.0
wruvfsfgjemdxfnna,0,1,1,1.0
sklsk,0,1,1,1.0
zvc,0,1,1,1.0
improvemnt,1,0,1,0.0
riddel,0,1,1,1.0
gjywnco,0,1,1,1.0
panelpaul,1,0,1,0.0
rfjitrbj,0,1,1,1.0
msvutobv,0,1,1,1.0
rlbgzgdo,0,1,1,1.0
civi,0,1,1,1.0
grd,1,0,1,0.0
extx,1,0,1,0.0
jneni,0,1,1,1.0
gsruav,0,1,1,1.0
wegemo,1,0,1,0.0
uvolp,0,1,1,1.0
collieri,0,1,1,1.0
krpybu,1,0,1,0.0
ebner,0,1,1,1.0
clh,0,1,1,1.0
poniard,0,1,1,1.0
aoodlkd,0,1,1,1.0
viaaaaaaagra,0,1,1,1.0
dwjj,0,1,1,1.0
czytac,1,0,1,0.0
lyvvbfcbi,0,1,1,1.0
omopi,0,1,1,1.0
hamstr,0,1,1,1.0
uiey,0,1,1,1.0
xawkcp,0,1,1,1.0
ucontroversi,0,1,1,1.0
eynplonql,0,1,1,1.0
sgrum,0,1,1,1.0
ohksrv,0,1,1,1.0
extraordinaria,0,1,1,1.0
juneman,1,0,1,0.0
myresum,1,0,1,0.0
irq,0,1,1,1.0
vanden,0,1,1,1.0
enroil,0,1,1,1.0
qcbyxdliw,0,1,1,1.0
kundendatei,0,1,1,1.0
atrcwsu,0,1,1,1.0
mccaig,1,0,1,0.0
volet,0,1,1,1.0
rambuncti,0,1,1,1.0
ommerc,0,1,1,1.0
dsirent,0,1,1,1.0
okro,0,1,1,1.0
savori,1,0,1,0.0
fsl,0,1,1,1.0
mbag,1,0,1,0.0
beccnort,0,1,1,1.0
oitoipabl,0,1,1,1.0
hiscontact,0,1,1,1.0
comparlng,0,1,1,1.0
vannbel,0,1,1,1.0
maintnen,1,0,1,0.0
vicemanhood,0,1,1,1.0
serifdiscreet,0,1,1,1.0
whxn,0,1,1,1.0
chambellan,1,0,1,0.0
overviewstonebridg,0,1,1,1.0
opmfrksomsto,0,1,1,1.0
uptuib,0,1,1,1.0
bxxw,0,1,1,1.0
fjlbh,0,1,1,1.0
yokqhlakokvc,0,1,1,1.0
hezzkkpj,0,1,1,1.0
jsn,0,1,1,1.0
bcahal,1,0,1,0.0
delphiniumglycerin,0,1,1,1.0
lhjgaacsqdbrcd,0,1,1,1.0
perambul,0,1,1,1.0
agiet,0,1,1,1.0
communiqui,0,1,1,1.0
pcernet,0,1,1,1.0
mfzd,0,1,1,1.0
ksfzufwq,0,1,1,1.0
bwilliamsl,1,0,1,0.0
oshkosh,0,1,1,1.0
anadian,1,0,1,0.0
gvrhqdx,0,1,1,1.0
agradecimiento,0,1,1,1.0
qbfbkve,0,1,1,1.0
tqt,0,1,1,1.0
keshia,0,1,1,1.0
tassaraja,1,0,1,0.0
baysian,0,1,1,1.0
sbffzabu,0,1,1,1.0
cxonm,0,1,1,1.0
dtuyzlzzx,0,1,1,1.0
aiain,0,1,1,1.0
xlwea,0,1,1,1.0
sjohnson,1,0,1,0.0
acgsnal,0,1,1,1.0
vswzxq,0,1,1,1.0
yqzotn,0,1,1,1.0
vrm,1,0,1,0.0
lgiz,0,1,1,1.0
zyhzqn,0,1,1,1.0
uyx,0,1,1,1.0
fbinternat,0,1,1,1.0
preferenc,1,0,1,0.0
possd,0,1,1,1.0
aruvf,0,1,1,1.0
damorgarjr,0,1,1,1.0
cyynascqvqw,0,1,1,1.0
antiexport,0,1,1,1.0
ctorat,0,1,1,1.0
caviardecompress,0,1,1,1.0
oferecemo,0,1,1,1.0
accooess,0,1,1,1.0
jqvlk,0,1,1,1.0
menew,0,1,1,1.0
cuiaondr,0,1,1,1.0
mercadotecnia,0,1,1,1.0
gessner,1,0,1,0.0
zhere,0,1,1,1.0
sode,0,1,1,1.0
vrsn,1,0,1,0.0
umoix,0,1,1,1.0
investionen,0,1,1,1.0
atwork,0,1,1,1.0
onmyour,0,1,1,1.0
willedxi,0,1,1,1.0
lliond,0,1,1,1.0
prinzipiel,1,0,1,0.0
bredd,1,0,1,0.0
fnf,0,1,1,1.0
jfomfdrz,0,1,1,1.0
sataoisfatpct,0,1,1,1.0
kwithout,0,1,1,1.0
dulciana,0,1,1,1.0
deepin,0,1,1,1.0
decript,1,0,1,0.0
cnkhybi,0,1,1,1.0
esunqzod,0,1,1,1.0
khenri,1,0,1,0.0
iztpi,0,1,1,1.0
mcwhv,0,1,1,1.0
cczp,0,1,1,1.0
habituateworldwid,0,1,1,1.0
odgrdoo,0,1,1,1.0
sibli,0,1,1,1.0
ryopuvnm,0,1,1,1.0
outen,0,1,1,1.0
themcmean,1,0,1,0.0
cyperac,0,1,1,1.0
tport,1,0,1,0.0
svidur,0,1,1,1.0
exk,0,1,1,1.0
chrisg,1,0,1,0.0
onexpect,0,1,1,1.0
otherday,0,1,1,1.0
pbfxizm,0,1,1,1.0
wedel,1,0,1,0.0
stockquot,0,1,1,1.0
carvezion,0,1,1,1.0
gebneor,0,1,1,1.0
dijo,0,1,1,1.0
gauzerev,0,1,1,1.0
chitosan,0,1,1,1.0
bhdamq,0,1,1,1.0
cosgrovemephistophel,0,1,1,1.0
alzgixjvb,0,1,1,1.0
muwhvwh,0,1,1,1.0
sonsntorqgomotspolom,0,1,1,1.0
misterioso,0,1,1,1.0
ypd,0,1,1,1.0
ststu,1,0,1,0.0
ngoxat,0,1,1,1.0
jjcoburn,1,0,1,0.0
sibilla,0,1,1,1.0
usramtucyawura,0,1,1,1.0
snyotedvxktfkkt,0,1,1,1.0
respondentbarton,0,1,1,1.0
nanyoost,0,1,1,1.0
jzvqd,0,1,1,1.0
mmalakoff,1,0,1,0.0
thatballfield,0,1,1,1.0
lnwwol,1,0,1,0.0
inonecnt,0,1,1,1.0
wlhang,0,1,1,1.0
rmjya,0,1,1,1.0
rgjlvb,0,1,1,1.0
xgkwfp,0,1,1,1.0
zldu,0,1,1,1.0
zlhrzxuao,0,1,1,1.0
ofreciéndol,0,1,1,1.0
cqkffwksb,0,1,1,1.0
õû,0,1,1,1.0
puclic,1,0,1,0.0
admirat,0,1,1,1.0
ocathedra,0,1,1,1.0
uucb,0,1,1,1.0
vdkkdp,0,1,1,1.0
zucha,1,0,1,0.0
stbxsman,0,1,1,1.0
qxvfiwktpqidi,0,1,1,1.0
avztccst,0,1,1,1.0
icmh,0,1,1,1.0
satisffacctttiooon,0,1,1,1.0
zed,0,1,1,1.0
rawest,0,1,1,1.0
titley,1,0,1,0.0
ludyo,0,1,1,1.0
mobiliteit,0,1,1,1.0
jemjsawnf,0,1,1,1.0
friendlinessbr,0,1,1,1.0
cwduke,1,0,1,0.0
takeadvantag,0,1,1,1.0
zegom,0,1,1,1.0
electraparn,1,0,1,0.0
fduewal,1,0,1,0.0
bronn,0,1,1,1.0
macapag,1,0,1,0.0
empfaeng,0,1,1,1.0
ashercooley,0,1,1,1.0
ishim,0,1,1,1.0
juf,0,1,1,1.0
ipaddr,0,1,1,1.0
acumulativa,0,1,1,1.0
atreven,0,1,1,1.0
boxscor,1,0,1,0.0
nefaro,0,1,1,1.0
msqn,0,1,1,1.0
uflbqw,0,1,1,1.0
disappointingli,1,0,1,0.0
hmhfcl,0,1,1,1.0
odulthzsk,0,1,1,1.0
jbarku,1,0,1,0.0
kerema,0,1,1,1.0
capomaccio,1,0,1,0.0
iorqu,0,1,1,1.0
areaburgundian,0,1,1,1.0
contdconsult,0,1,1,1.0
barbur,1,0,1,0.0
wanu,0,1,1,1.0
klobucar,1,0,1,0.0
wwise,0,1,1,1.0
einzeln,0,1,1,1.0
kabor,0,1,1,1.0
dakvtxu,0,1,1,1.0
elvera,0,1,1,1.0
wmpbwdioe,0,1,1,1.0
drawot,0,1,1,1.0
conseguirlo,0,1,1,1.0
unafraid,1,0,1,0.0
bryanl,1,0,1,0.0
rebelsin,0,1,1,1.0
scape,0,1,1,1.0
mbpe,0,1,1,1.0
oroek,0,1,1,1.0
spiri,0,1,1,1.0
frvklspqwhwrcu,0,1,1,1.0
mbvrtwovg,0,1,1,1.0
hereimmedi,0,1,1,1.0
mede,0,1,1,1.0
qedvirginian,0,1,1,1.0
xtt,0,1,1,1.0
syc,0,1,1,1.0
cgpl,1,0,1,0.0
nniru,0,1,1,1.0
studiuja,1,0,1,0.0
hvdegux,0,1,1,1.0
cleo,0,1,1,1.0
economes,1,0,1,0.0
pbxklp,0,1,1,1.0
ksdsrk,0,1,1,1.0
diluenttypo,0,1,1,1.0
ytyywah,0,1,1,1.0
victorianbacterium,0,1,1,1.0
vbba,0,1,1,1.0
tlkkthfrd,0,1,1,1.0
scottic,0,1,1,1.0
fflce,0,1,1,1.0
seno,0,1,1,1.0
hwiomuraaw,0,1,1,1.0
disinvit,0,1,1,1.0
jfayett,1,0,1,0.0
indiviadu,0,1,1,1.0
gwdth,0,1,1,1.0
avw,0,1,1,1.0
vwhrue,0,1,1,1.0
fodey,0,1,1,1.0
qhalnaizmc,0,1,1,1.0
znqbb,0,1,1,1.0
qfttggxk,0,1,1,1.0
kwote,1,0,1,0.0
nwpdad,0,1,1,1.0
gpbalj,0,1,1,1.0
cdsjmxacv,0,1,1,1.0
pznkskyjh,0,1,1,1.0
xnmucjcet,0,1,1,1.0
zzxxst,0,1,1,1.0
madisonwhoswho,0,1,1,1.0
anykind,0,1,1,1.0
gnconnelli,1,0,1,0.0
wfwwp,0,1,1,1.0
willman,1,0,1,0.0
listpr,0,1,1,1.0
janesaccount,0,1,1,1.0
nkjdgmzxtzixncypi,0,1,1,1.0
ebnnabnmucrrnm,0,1,1,1.0
xwtlmw,0,1,1,1.0
amboynapoint,0,1,1,1.0
ausgestellt,0,1,1,1.0
multivitamin,1,0,1,0.0
egoupl,0,1,1,1.0
dvfpl,0,1,1,1.0
gli,0,1,1,1.0
lottocal,0,1,1,1.0
selangor,0,1,1,1.0
tfqsnuvryjyrqpbz,0,1,1,1.0
llugx,0,1,1,1.0
watche,0,1,1,1.0
unannehmlichkeiten,0,1,1,1.0
meetup,0,1,1,1.0
naox,0,1,1,1.0
wasatch,0,1,1,1.0
temlin,0,1,1,1.0
rifpmygqp,0,1,1,1.0
sandradispos,0,1,1,1.0
utensilcyril,0,1,1,1.0
jushiz,0,1,1,1.0
atokarz,1,0,1,0.0
abarr,1,0,1,0.0
niceday,0,1,1,1.0
kkmyd,0,1,1,1.0
idegqriv,0,1,1,1.0
mieszkani,1,0,1,0.0
pscfabtqr,0,1,1,1.0
hetsr,0,1,1,1.0
avocat,0,1,1,1.0
mamber,1,0,1,0.0
rrvnqnaa,0,1,1,1.0
underdo,0,1,1,1.0
ngrdfkdo,0,1,1,1.0
industryhrnq,0,1,1,1.0
prniec,0,1,1,1.0
lioz,0,1,1,1.0
japn,0,1,1,1.0
cboh,0,1,1,1.0
mltr,0,1,1,1.0
cofnmitte,0,1,1,1.0
wdyiwpbqipv,0,1,1,1.0
thewash,0,1,1,1.0
czgwf,0,1,1,1.0
clasificado,0,1,1,1.0
aqkwg,0,1,1,1.0
generouseigenvalu,0,1,1,1.0
rubyl,1,0,1,0.0
laboratoriol,0,1,1,1.0
nsgc,0,1,1,1.0
palsyblockag,0,1,1,1.0
inzetten,0,1,1,1.0
confernc,1,0,1,0.0
reafirmar,0,1,1,1.0
oxxyycontin,0,1,1,1.0
vxabe,0,1,1,1.0
zwrxcarbon,0,1,1,1.0
ruthi,0,1,1,1.0
gehilf,0,1,1,1.0
antismok,1,0,1,0.0
jzcwupuqi,0,1,1,1.0
blessmartin,0,1,1,1.0
heparin,0,1,1,1.0
beeswaxworldwid,0,1,1,1.0
califonia,1,0,1,0.0
mxncvt,1,0,1,0.0
wxenolith,0,1,1,1.0
nternal,0,1,1,1.0
gorillaship,0,1,1,1.0
visizt,0,1,1,1.0
nwpdxwdu,0,1,1,1.0
cvnhssbpw,0,1,1,1.0
addiewindsor,0,1,1,1.0
igjohodzauuuu,0,1,1,1.0
uzusqzg,0,1,1,1.0
ousley,0,1,1,1.0
titanbay,0,1,1,1.0
zmarlych,0,1,1,1.0
gionro,0,1,1,1.0
remuévem,0,1,1,1.0
kuhl,0,1,1,1.0
bossch,0,1,1,1.0
oldsqud,0,1,1,1.0
wixwiruss,0,1,1,1.0
imperialismbunch,0,1,1,1.0
orhwpoql,0,1,1,1.0
ubffbajl,0,1,1,1.0
kalibr,0,1,1,1.0
competenciaciclo,0,1,1,1.0
tlmha,0,1,1,1.0
allien,0,1,1,1.0
uouvhdao,0,1,1,1.0
usand,0,1,1,1.0
eowrsmi,0,1,1,1.0
blahnik,1,0,1,0.0
hulk,0,1,1,1.0
iczpeti,0,1,1,1.0
balaganu,1,0,1,0.0
neurasthenia,0,1,1,1.0
pauleen,0,1,1,1.0
onlinu,0,1,1,1.0
ogz,0,1,1,1.0
hushmail,0,1,1,1.0
dietr,0,1,1,1.0
unbosom,0,1,1,1.0
rgrantham,1,0,1,0.0
fdlu,0,1,1,1.0
tptym,0,1,1,1.0
tetracyclin,0,1,1,1.0
valcourt,1,0,1,0.0
distrubut,0,1,1,1.0
autochthon,0,1,1,1.0
sfuk,0,1,1,1.0
htwml,0,1,1,1.0
myswim,0,1,1,1.0
marr,1,0,1,0.0
nordix,0,1,1,1.0
rickarmstrong,0,1,1,1.0
yoyleipkjw,0,1,1,1.0
nfmio,0,1,1,1.0
vaat,0,1,1,1.0
ramamurti,1,0,1,0.0
kinkybeat,0,1,1,1.0
eltonpugh,0,1,1,1.0
consórcio,0,1,1,1.0
vsmith,0,1,1,1.0
quietworldwid,0,1,1,1.0
wcw,0,1,1,1.0
amzqjin,0,1,1,1.0
edoon,0,1,1,1.0
crackerangu,0,1,1,1.0
slod,1,0,1,0.0
wxqfmme,0,1,1,1.0
ghinner,1,0,1,0.0
fencenet,0,1,1,1.0
tjzoaqitjdagzn,0,1,1,1.0
zglosilismi,1,0,1,0.0
cougarsadvil,0,1,1,1.0
smailcapreview,0,1,1,1.0
cnzupbr,0,1,1,1.0
etgpmveigir,0,1,1,1.0
vnmxsx,0,1,1,1.0
ucqkxdvhtfp,0,1,1,1.0
qwknfoo,0,1,1,1.0
pikuvumung,0,1,1,1.0
znigtq,0,1,1,1.0
enrafg,0,1,1,1.0
verify,0,1,1,1.0
trethewey,1,0,1,0.0
zrnfjxrq,0,1,1,1.0
looteri,0,1,1,1.0
pmol,0,1,1,1.0
rseolut,0,1,1,1.0
disobeti,0,1,1,1.0
mggpg,0,1,1,1.0
mundialment,0,1,1,1.0
ketonuria,0,1,1,1.0
ïôç,0,1,1,1.0
cghjkbdeil,0,1,1,1.0
ifldaavbbr,0,1,1,1.0
ñëóæáîé,0,1,1,1.0
chagrinklystron,0,1,1,1.0
confdentl,0,1,1,1.0
burghart,1,0,1,0.0
mqmivg,0,1,1,1.0
sivaqptxi,0,1,1,1.0
horaceh,0,1,1,1.0
rtomask,1,0,1,0.0
addlrko,0,1,1,1.0
ostinato,0,1,1,1.0
eisb,1,0,1,0.0
irrawaddi,0,1,1,1.0
daddit,0,1,1,1.0
uwhlnv,0,1,1,1.0
freaq,0,1,1,1.0
mestor,0,1,1,1.0
xixpgbbgjdtu,0,1,1,1.0
nooypc,0,1,1,1.0
climber,0,1,1,1.0
operationalis,1,0,1,0.0
glmq,0,1,1,1.0
shootout,0,1,1,1.0
coneyassassin,0,1,1,1.0
lzaeqauvi,0,1,1,1.0
beltan,0,1,1,1.0
jyguk,0,1,1,1.0
gsre,0,1,1,1.0
soupfin,0,1,1,1.0
siteon,0,1,1,1.0
mplumer,1,0,1,0.0
cdeyag,0,1,1,1.0
incopror,1,0,1,0.0
brbrif,0,1,1,1.0
manufa,0,1,1,1.0
bradleychromatographi,0,1,1,1.0
clarifc,1,0,1,0.0
evvtga,0,1,1,1.0
fcf,1,0,1,0.0
nfjf,0,1,1,1.0
blandli,0,1,1,1.0
auslaenderpolitik,0,1,1,1.0
xpgeogo,0,1,1,1.0
cgheapiesovt,0,1,1,1.0
yjycunv,0,1,1,1.0
squaresvil,0,1,1,1.0
ulubienicem,1,0,1,0.0
extendedeol,1,0,1,0.0
rippel,1,0,1,0.0
phleger,1,0,1,0.0
woodyviet,0,1,1,1.0
kghribx,0,1,1,1.0
cacsh,0,1,1,1.0
lwhaksr,0,1,1,1.0
reuni,0,1,1,1.0
betharam,0,1,1,1.0
lovedealspac,0,1,1,1.0
þtý,0,1,1,1.0
nueter,1,0,1,0.0
unreck,0,1,1,1.0
xplanat,0,1,1,1.0
herh,0,1,1,1.0
nnroyki,0,1,1,1.0
otrpxt,0,1,1,1.0
izqojix,0,1,1,1.0
ksxqtfdeqfehbhysh,0,1,1,1.0
kashmir,1,0,1,0.0
giligan,0,1,1,1.0
uhttjqrd,0,1,1,1.0
ekngfuo,0,1,1,1.0
vaiou,1,0,1,0.0
uwtziy,0,1,1,1.0
absters,0,1,1,1.0
kbnchcnsh,0,1,1,1.0
whiczh,0,1,1,1.0
egmcont,1,0,1,0.0
isuppositoryg,0,1,1,1.0
biochimmash,0,1,1,1.0
zlatica,1,0,1,0.0
wvehlw,0,1,1,1.0
quatraincompunct,0,1,1,1.0
bron,0,1,1,1.0
wheelng,1,0,1,0.0
lhsoez,0,1,1,1.0
ejb,0,1,1,1.0
reoad,0,1,1,1.0
higsh,0,1,1,1.0
claimingand,0,1,1,1.0
jgt,0,1,1,1.0
yjlwclugk,0,1,1,1.0
pietr,1,0,1,0.0
hissvorrichtung,0,1,1,1.0
ihhgatm,0,1,1,1.0
ftusf,0,1,1,1.0
idznd,0,1,1,1.0
rnfsourbbpn,0,1,1,1.0
ambassadori,0,1,1,1.0
ezujjo,0,1,1,1.0
aikk,0,1,1,1.0
microturbin,1,0,1,0.0
unafilli,0,1,1,1.0
ebqceeg,0,1,1,1.0
recogida,0,1,1,1.0
sleepingdisor,0,1,1,1.0
gropiu,0,1,1,1.0
anymoreto,0,1,1,1.0
swpzjvi,0,1,1,1.0
flutchl,1,0,1,0.0
portf,0,1,1,1.0
gfcbde,0,1,1,1.0
ndandorast,0,1,1,1.0
cish,0,1,1,1.0
passagieren,0,1,1,1.0
kesslerbrac,0,1,1,1.0
tihcxi,0,1,1,1.0
godric,0,1,1,1.0
gvppst,0,1,1,1.0
beoptim,0,1,1,1.0
ividlhzjw,0,1,1,1.0
ragead,0,1,1,1.0
familyin,0,1,1,1.0
syoklktjukroxfxb,0,1,1,1.0
koklhxk,0,1,1,1.0
mínimo,0,1,1,1.0
ruzot,0,1,1,1.0
johnathon,0,1,1,1.0
xrugr,0,1,1,1.0
containsdiachron,0,1,1,1.0
tjvo,0,1,1,1.0
prospec,0,1,1,1.0
songshoy,0,1,1,1.0
iodlo,0,1,1,1.0
ddzpr,0,1,1,1.0
dtwgcbw,0,1,1,1.0
arnulfo,0,1,1,1.0
luvle,1,0,1,0.0
challeg,1,0,1,0.0
autolys,0,1,1,1.0
elimnat,0,1,1,1.0
badcholesterol,0,1,1,1.0
neda,1,0,1,0.0
cupsrrent,0,1,1,1.0
mircosoft,0,1,1,1.0
mcpoklt,0,1,1,1.0
martworld,0,1,1,1.0
mrkl,0,1,1,1.0
unsult,0,1,1,1.0
vfr,0,1,1,1.0
prece,1,0,1,0.0
fttgxpdn,0,1,1,1.0
klantenservic,0,1,1,1.0
lanou,0,1,1,1.0
afcozrxxc,0,1,1,1.0
theprinc,0,1,1,1.0
checklistmafia,0,1,1,1.0
tracieh,0,1,1,1.0
aftertax,1,0,1,0.0
fxybyd,0,1,1,1.0
ruechel,1,0,1,0.0
uniqueiand,0,1,1,1.0
hbi,0,1,1,1.0
fastraff,0,1,1,1.0
winkledepend,0,1,1,1.0
crackshan,0,1,1,1.0
hulvjn,0,1,1,1.0
byronicconniv,0,1,1,1.0
inlcud,1,0,1,0.0
prrrozzaxcc,0,1,1,1.0
tesd,0,1,1,1.0
fernli,1,0,1,0.0
tqbde,0,1,1,1.0
lcm,0,1,1,1.0
robey,1,0,1,0.0
ruskin,1,0,1,0.0
rbwon,0,1,1,1.0
viiiicodin,0,1,1,1.0
lipoma,0,1,1,1.0
emergencia,0,1,1,1.0
idoq,0,1,1,1.0
autoemailremov,0,1,1,1.0
lagroceriadunn,0,1,1,1.0
quckqqi,0,1,1,1.0
discerncabdriv,0,1,1,1.0
dcpdf,0,1,1,1.0
softwareisn,0,1,1,1.0
ahern,1,0,1,0.0
ffct,0,1,1,1.0
ofitalian,0,1,1,1.0
oldroyd,1,0,1,0.0
outcast,0,1,1,1.0
onogl,0,1,1,1.0
tfl,0,1,1,1.0
followng,0,1,1,1.0
rxre,0,1,1,1.0
wushanens,0,1,1,1.0
slection,0,1,1,1.0
vjbnnj,0,1,1,1.0
consititut,1,0,1,0.0
apostrophia,0,1,1,1.0
hatboro,0,1,1,1.0
walkabout,0,1,1,1.0
crippler,0,1,1,1.0
alrededor,0,1,1,1.0
montrealcherri,0,1,1,1.0
holj,0,1,1,1.0
nxmg,0,1,1,1.0
kuq,0,1,1,1.0
culley,1,0,1,0.0
agentfab,0,1,1,1.0
offiafamili,0,1,1,1.0
semiquav,0,1,1,1.0
bfzjsco,0,1,1,1.0
vhxj,0,1,1,1.0
oxwqogjzljflzdw,0,1,1,1.0
craftmanship,0,1,1,1.0
lnside,0,1,1,1.0
sfoster,0,1,1,1.0
stufffff,0,1,1,1.0
qzbomho,0,1,1,1.0
vifranco,0,1,1,1.0
gjmdsrpml,0,1,1,1.0
kwgre,1,0,1,0.0
wsrxtivm,1,0,1,0.0
ftperror,0,1,1,1.0
pkkgrsjcqstgzpcgoqrtr,0,1,1,1.0
tiffanypolarogram,0,1,1,1.0
meorn,0,1,1,1.0
pectorali,0,1,1,1.0
zvpofryh,0,1,1,1.0
gsolym,0,1,1,1.0
beslan,0,1,1,1.0
ação,0,1,1,1.0
ciesz,1,0,1,0.0
datemomsnow,0,1,1,1.0
goldeditorhost,0,1,1,1.0
nuwxswbpp,0,1,1,1.0
aimlessli,1,0,1,0.0
jewett,0,1,1,1.0
refbal,0,1,1,1.0
anunciado,0,1,1,1.0
stationerypuccini,0,1,1,1.0
jpqhsrqzh,0,1,1,1.0
wqsuki,0,1,1,1.0
brat,1,0,1,0.0
cominclud,0,1,1,1.0
dxqrgu,0,1,1,1.0
swqjlq,0,1,1,1.0
atmfd,0,1,1,1.0
raymoin,1,0,1,0.0
medishop,0,1,1,1.0
khmgfg,0,1,1,1.0
produzindo,0,1,1,1.0
andritso,1,0,1,0.0
tatgkhihb,0,1,1,1.0
commecerci,0,1,1,1.0
natural,0,1,1,1.0
triaminicol,1,0,1,0.0
akintola,0,1,1,1.0
rajendran,1,0,1,0.0
przygotowujemi,1,0,1,0.0
unbj,1,0,1,0.0
secundária,0,1,1,1.0
skrobh,0,1,1,1.0
meeeeessaagee,0,1,1,1.0
seomoria,0,1,1,1.0
umowmi,1,0,1,0.0
mtyvjn,0,1,1,1.0
jpiw,0,1,1,1.0
veceiv,0,1,1,1.0
conservativecartographi,0,1,1,1.0
raymondsteinl,0,1,1,1.0
bestposs,0,1,1,1.0
talant,1,0,1,0.0
klhewlun,0,1,1,1.0
orgvasm,0,1,1,1.0
verschaffung,0,1,1,1.0
kwtok,0,1,1,1.0
ngtxjhdmc,0,1,1,1.0
executar,0,1,1,1.0
greekiz,0,1,1,1.0
europebuydirect,0,1,1,1.0
oscarvelez,1,0,1,0.0
aparticular,1,0,1,0.0
lelystad,0,1,1,1.0
amperesfirebreak,0,1,1,1.0
mohxm,0,1,1,1.0
científica,0,1,1,1.0
rvbtn,0,1,1,1.0
aprea,1,0,1,0.0
decsion,1,0,1,0.0
nlsrsirgsmspulshskomsosp,0,1,1,1.0
bliley,1,0,1,0.0
grll,0,1,1,1.0
mender,0,1,1,1.0
eqaqgibi,0,1,1,1.0
globalproducttop,0,1,1,1.0
nexzjd,0,1,1,1.0
mailquota,0,1,1,1.0
lwp,0,1,1,1.0
lachapel,1,0,1,0.0
taoyfzgzelpassword,0,1,1,1.0
vestryeighti,0,1,1,1.0
fvguyv,0,1,1,1.0
adua,0,1,1,1.0
ohyreqasa,0,1,1,1.0
ruit,0,1,1,1.0
mkaur,0,1,1,1.0
botton,1,0,1,0.0
radoscia,1,0,1,0.0
sneakier,0,1,1,1.0
dmasulla,1,0,1,0.0
wydr,0,1,1,1.0
fullssiz,0,1,1,1.0
perleman,1,0,1,0.0
fguigko,0,1,1,1.0
qxvbp,0,1,1,1.0
argentinian,1,0,1,0.0
mritera,0,1,1,1.0
fcorodi,0,1,1,1.0
zgb,0,1,1,1.0
msyjvmd,0,1,1,1.0
ameryki,1,0,1,0.0
nak,0,1,1,1.0
sobgpuv,0,1,1,1.0
ctw,1,0,1,0.0
bouex,0,1,1,1.0
pharmanet,0,1,1,1.0
bpruyu,0,1,1,1.0
rlpm,1,0,1,0.0
refrainspacecraft,0,1,1,1.0
trondheim,0,1,1,1.0
motorcyclefirm,0,1,1,1.0
whoar,0,1,1,1.0
tonbsp,0,1,1,1.0
xcbjcx,0,1,1,1.0
adamvu,0,1,1,1.0
utabi,0,1,1,1.0
perdona,0,1,1,1.0
yyyyason,0,1,1,1.0
desalxshhx,0,1,1,1.0
ffffffnever,0,1,1,1.0
lamtfvcbq,0,1,1,1.0
mhui,0,1,1,1.0
billcommendcool,0,1,1,1.0
ujh,0,1,1,1.0
tppkmp,0,1,1,1.0
xazzju,0,1,1,1.0
estancia,0,1,1,1.0
mouflon,0,1,1,1.0
securitycent,0,1,1,1.0
automaticli,1,0,1,0.0
fqkvnabi,0,1,1,1.0
rolsson,0,1,1,1.0
avaisl,0,1,1,1.0
admwkm,0,1,1,1.0
dcq,1,0,1,0.0
benchmarksin,1,0,1,0.0
sini,0,1,1,1.0
xzfzoofr,0,1,1,1.0
gewährleistet,0,1,1,1.0
qsa,0,1,1,1.0
garyrufu,0,1,1,1.0
xpcurrent,0,1,1,1.0
pscb,0,1,1,1.0
ekxusz,0,1,1,1.0
xvuzkp,0,1,1,1.0
bobroff,1,0,1,0.0
mcelreath,1,0,1,0.0
ixbb,0,1,1,1.0
roten,1,0,1,0.0
fuzzili,0,1,1,1.0
gcjbjuc,0,1,1,1.0
claref,1,0,1,0.0
iitjcz,0,1,1,1.0
cifsbpassword,0,1,1,1.0
txag,1,0,1,0.0
kopfzeilen,0,1,1,1.0
smalselt,0,1,1,1.0
layin,0,1,1,1.0
baronessstupor,0,1,1,1.0
engenheiro,0,1,1,1.0
xaatrek,0,1,1,1.0
fracass,0,1,1,1.0
pitchdark,0,1,1,1.0
lauricella,1,0,1,0.0
claimabl,0,1,1,1.0
trenni,1,0,1,0.0
intercambio,0,1,1,1.0
northlan,0,1,1,1.0
bwxatk,0,1,1,1.0
coymfort,0,1,1,1.0
afmbcegjxwwvyklzctdhi,0,1,1,1.0
yrkcmxnk,0,1,1,1.0
thateft,0,1,1,1.0
newv,0,1,1,1.0
instalment,0,1,1,1.0
enhannc,0,1,1,1.0
avib,1,0,1,0.0
saugrohranschluss,0,1,1,1.0
umedvgtra,0,1,1,1.0
mnokcv,0,1,1,1.0
fattenerscreen,0,1,1,1.0
kcameron,1,0,1,0.0
felkner,1,0,1,0.0
nostradamusovsk,0,1,1,1.0
strangulatori,0,1,1,1.0
gaynel,1,0,1,0.0
mapn,0,1,1,1.0
calcitr,0,1,1,1.0
hsf,0,1,1,1.0
dometrio,1,0,1,0.0
sunitund,1,0,1,0.0
davidfinley,1,0,1,0.0
schoenbuch,1,0,1,0.0
qywu,0,1,1,1.0
wqtvmi,0,1,1,1.0
nonpreval,0,1,1,1.0
tropicai,0,1,1,1.0
rwmku,0,1,1,1.0
rkhfbb,0,1,1,1.0
syncarp,0,1,1,1.0
roihm,0,1,1,1.0
ahummel,0,1,1,1.0
rktdsqrcgq,0,1,1,1.0
szeyrwgvo,0,1,1,1.0
omaninfo,0,1,1,1.0
wouldb,1,0,1,0.0
fhlm,0,1,1,1.0
previousexperi,0,1,1,1.0
holdenbiddi,0,1,1,1.0
sécurité,0,1,1,1.0
fsypr,0,1,1,1.0
ciakli,0,1,1,1.0
kxligfar,0,1,1,1.0
luannda,0,1,1,1.0
trtdpif,0,1,1,1.0
pizdav,0,1,1,1.0
eckard,0,1,1,1.0
vele,0,1,1,1.0
seyfield,1,0,1,0.0
phbolfpfnph,0,1,1,1.0
boodl,0,1,1,1.0
liraya,0,1,1,1.0
evantag,1,0,1,0.0
webstor,0,1,1,1.0
dlh,1,0,1,0.0
experiência,0,1,1,1.0
ncwcdwxrf,0,1,1,1.0
wkbw,0,1,1,1.0
tmonkish,0,1,1,1.0
athl,0,1,1,1.0
sisyphu,0,1,1,1.0
mzamo,0,1,1,1.0
sipho,0,1,1,1.0
msmimqmofshqhhmtihii,0,1,1,1.0
innovatori,0,1,1,1.0
gtso,0,1,1,1.0
topispot,0,1,1,1.0
ydwgzn,0,1,1,1.0
averringpastel,0,1,1,1.0
ruhul,1,0,1,0.0
ifnqkll,0,1,1,1.0
crutchfield,1,0,1,0.0
ooyao,0,1,1,1.0
melissatun,0,1,1,1.0
bdi,0,1,1,1.0
mazarin,0,1,1,1.0
challengelutz,0,1,1,1.0
sitesi,0,1,1,1.0
adriftcorrobor,0,1,1,1.0
anschauen,0,1,1,1.0
erbin,0,1,1,1.0
yvgxj,0,1,1,1.0
brjko,0,1,1,1.0
rsome,0,1,1,1.0
lucksi,0,1,1,1.0
farerm,0,1,1,1.0
magiar,0,1,1,1.0
amv,0,1,1,1.0
ocnvclptpzmk,0,1,1,1.0
arrogantli,1,0,1,0.0
prodouct,0,1,1,1.0
hmmmmmm,0,1,1,1.0
workmktg,0,1,1,1.0
nhac,0,1,1,1.0
acsyxi,0,1,1,1.0
itmfhekkj,0,1,1,1.0
taogi,0,1,1,1.0
zeujwjfdk,0,1,1,1.0
kenkyuuj,1,0,1,0.0
medjcatjon,0,1,1,1.0
ifojsp,0,1,1,1.0
kwoti,1,0,1,0.0
lejazutogist,0,1,1,1.0
wordwar,1,0,1,0.0
travelocityaruba,0,1,1,1.0
postdat,0,1,1,1.0
littenek,1,0,1,0.0
obfhjjbeb,0,1,1,1.0
mlish,1,0,1,0.0
makeyourhealth,0,1,1,1.0
ycho,1,0,1,0.0
zuverlassigen,0,1,1,1.0
megagrowth,0,1,1,1.0
shnqqhxj,0,1,1,1.0
xrbi,0,1,1,1.0
pumkin,1,0,1,0.0
bsvrdsp,0,1,1,1.0
xgtozcxuv,0,1,1,1.0
isor,0,1,1,1.0
gxgkm,0,1,1,1.0
milenario,0,1,1,1.0
grq,0,1,1,1.0
igqvf,0,1,1,1.0
unment,1,0,1,0.0
rgfeuzu,0,1,1,1.0
ydifzuua,0,1,1,1.0
agbohyq,0,1,1,1.0
yogkkrmsbss,0,1,1,1.0
uzvmya,0,1,1,1.0
foundand,0,1,1,1.0
wqclyjnw,0,1,1,1.0
jfgfn,0,1,1,1.0
runkel,1,0,1,0.0
zaiwlcnkg,0,1,1,1.0
wearin,0,1,1,1.0
indiferent,0,1,1,1.0
delusionparti,0,1,1,1.0
langton,0,1,1,1.0
catherwood,0,1,1,1.0
iei,0,1,1,1.0
ltffiyclptfi,0,1,1,1.0
nipper,0,1,1,1.0
jstara,1,0,1,0.0
reallyjust,0,1,1,1.0
mervn,0,1,1,1.0
preenchimento,0,1,1,1.0
woonsocket,0,1,1,1.0
causen,0,1,1,1.0
ducmfkiy,0,1,1,1.0
deadin,0,1,1,1.0
rtrwlglt,0,1,1,1.0
twfin,1,0,1,0.0
biphokuphi,0,1,1,1.0
boxtop,0,1,1,1.0
sllkv,0,1,1,1.0
rpaub,0,1,1,1.0
anaemia,1,0,1,0.0
pumpblow,0,1,1,1.0
marbella,0,1,1,1.0
crestofthestar,0,1,1,1.0
placett,1,0,1,0.0
northcliff,0,1,1,1.0
ovrlwan,0,1,1,1.0
aufgespart,0,1,1,1.0
nowcaptain,0,1,1,1.0
atpvlusb,0,1,1,1.0
rnqiid,0,1,1,1.0
jahrgang,0,1,1,1.0
cenozoicitem,0,1,1,1.0
joeri,0,1,1,1.0
zrlmtbr,0,1,1,1.0
xmqooav,0,1,1,1.0
komsomolsk,0,1,1,1.0
eynden,0,1,1,1.0
discrxet,0,1,1,1.0
ntegra,0,1,1,1.0
podjac,1,0,1,0.0
rasberri,0,1,1,1.0
irehmtoz,0,1,1,1.0
bwahdunc,0,1,1,1.0
slipslop,0,1,1,1.0
nasofront,0,1,1,1.0
yvajx,0,1,1,1.0
delev,1,0,1,0.0
golebiowsci,1,0,1,0.0
aiw,0,1,1,1.0
trehala,0,1,1,1.0
tinfg,0,1,1,1.0
kuczynski,1,0,1,0.0
fyiudrlkt,0,1,1,1.0
braillex,0,1,1,1.0
derecha,0,1,1,1.0
jnhkiidhv,0,1,1,1.0
orqnvvmj,0,1,1,1.0
izl,0,1,1,1.0
sonex,0,1,1,1.0
businessstandard,1,0,1,0.0
puch,1,0,1,0.0
epiphysishorizont,0,1,1,1.0
kordin,0,1,1,1.0
beaucoup,1,0,1,0.0
frobert,1,0,1,0.0
elinalemayyjay,0,1,1,1.0
uvps,0,1,1,1.0
jpwest,1,0,1,0.0
lookofficesoft,0,1,1,1.0
staunchest,0,1,1,1.0
wzehcjo,0,1,1,1.0
fuefputxaupcr,0,1,1,1.0
holanda,0,1,1,1.0
vthjc,0,1,1,1.0
eswwv,0,1,1,1.0
tatxpkmg,0,1,1,1.0
zolroft,0,1,1,1.0
lxxuzhlx,0,1,1,1.0
popemeist,1,0,1,0.0
overland,1,0,1,0.0
wwith,0,1,1,1.0
gallenkamp,0,1,1,1.0
luckydaywinnernl,0,1,1,1.0
ghvpmapc,0,1,1,1.0
ilf,0,1,1,1.0
kmxyouoh,0,1,1,1.0
lengt,0,1,1,1.0
crgph,0,1,1,1.0
économi,0,1,1,1.0
globalfailur,1,0,1,0.0
clnqa,0,1,1,1.0
ndufezariw,0,1,1,1.0
dzfzpvsz,0,1,1,1.0
cheur,0,1,1,1.0
delbert,0,1,1,1.0
preocup,0,1,1,1.0
personalidad,0,1,1,1.0
laurentianquiet,0,1,1,1.0
antitumoral,0,1,1,1.0
eercis,0,1,1,1.0
freeinternet,0,1,1,1.0
ufjyeg,0,1,1,1.0
ejaculatiin,0,1,1,1.0
nonfat,1,0,1,0.0
graphicl,0,1,1,1.0
butbut,0,1,1,1.0
akdp,0,1,1,1.0
plodder,1,0,1,0.0
dawno,1,0,1,0.0
uuuig,0,1,1,1.0
leritz,1,0,1,0.0
cosntraint,1,0,1,0.0
vlagoth,0,1,1,1.0
postholecaesar,0,1,1,1.0
giri,0,1,1,1.0
hagar,1,0,1,0.0
yoc,0,1,1,1.0
veuri,0,1,1,1.0
haaja,0,1,1,1.0
billigst,0,1,1,1.0
amphiboledisk,0,1,1,1.0
owr,0,1,1,1.0
ouzqteza,0,1,1,1.0
dizcounnt,0,1,1,1.0
xsqfcfoc,0,1,1,1.0
vad,0,1,1,1.0
disturbingli,0,1,1,1.0
spd,0,1,1,1.0
laest,0,1,1,1.0
qscubbr,0,1,1,1.0
foabeq,0,1,1,1.0
hamskerpir,0,1,1,1.0
cpw,0,1,1,1.0
cqqc,0,1,1,1.0
evorz,0,1,1,1.0
chemo,0,1,1,1.0
hhutdk,0,1,1,1.0
dniach,1,0,1,0.0
chiliad,0,1,1,1.0
rdec,0,1,1,1.0
nzpwayt,0,1,1,1.0
rvvrvlpph,0,1,1,1.0
blemishappercept,0,1,1,1.0
safetynut,0,1,1,1.0
drvuumzer,0,1,1,1.0
fpyj,0,1,1,1.0
watqv,0,1,1,1.0
gmswinicvdl,0,1,1,1.0
venez,0,1,1,1.0
headfirst,0,1,1,1.0
tehnolog,0,1,1,1.0
rnqkdlmtwl,0,1,1,1.0
knosso,1,0,1,0.0
schwarzenegg,0,1,1,1.0
propit,0,1,1,1.0
targetedcontact,0,1,1,1.0
nymmphet,0,1,1,1.0
subrahmanyam,1,0,1,0.0
bleekerwat,0,1,1,1.0
sloid,0,1,1,1.0
vcykimamr,0,1,1,1.0
iamgold,0,1,1,1.0
cvmstat,0,1,1,1.0
cancellegum,0,1,1,1.0
aapl,1,0,1,0.0
dbetail,0,1,1,1.0
informatiion,1,0,1,0.0
mivtlliaon,0,1,1,1.0
soooo,1,0,1,0.0
speakerintellig,0,1,1,1.0
informationsseit,0,1,1,1.0
fnol,0,1,1,1.0
moooreee,0,1,1,1.0
lloydgray,0,1,1,1.0
fmekuncfo,0,1,1,1.0
uufdw,0,1,1,1.0
lsdwcw,0,1,1,1.0
zvp,0,1,1,1.0
chronolg,1,0,1,0.0
kalo,0,1,1,1.0
jmct,1,0,1,0.0
deird,1,0,1,0.0
reconsideró,0,1,1,1.0
arbeitsstellen,0,1,1,1.0
trueba,0,1,1,1.0
gustofson,1,0,1,0.0
ztvi,0,1,1,1.0
braver,0,1,1,1.0
attentio,1,0,1,0.0
carlotta,0,1,1,1.0
alavanca,0,1,1,1.0
wurzburg,1,0,1,0.0
ujadpkuh,0,1,1,1.0
hqhgiqtguiics,0,1,1,1.0
sowtar,0,1,1,1.0
kwkk,0,1,1,1.0
ilgiol,0,1,1,1.0
axjyzqhh,0,1,1,1.0
almati,1,0,1,0.0
bemor,1,0,1,0.0
tvheviy,0,1,1,1.0
isitruli,0,1,1,1.0
xkltjw,0,1,1,1.0
jcqartmq,0,1,1,1.0
finaliy,0,1,1,1.0
kyhqoor,0,1,1,1.0
quifeshoph,0,1,1,1.0
eletrocução,0,1,1,1.0
roundel,0,1,1,1.0
rxf,0,1,1,1.0
bjpdxbqeze,0,1,1,1.0
jxbhuku,0,1,1,1.0
betsycharco,0,1,1,1.0
dritten,0,1,1,1.0
weehaukan,1,0,1,0.0
uqdmxtxf,0,1,1,1.0
ybl,0,1,1,1.0
lavonn,1,0,1,0.0
eingreifen,0,1,1,1.0
þa,0,1,1,1.0
ksj,0,1,1,1.0
excvlus,0,1,1,1.0
findoutwitheas,0,1,1,1.0
omorneau,0,1,1,1.0
beliebig,0,1,1,1.0
kennitheliison,0,1,1,1.0
discipletransport,0,1,1,1.0
aibiiwdgzq,0,1,1,1.0
gyvlx,0,1,1,1.0
jer,0,1,1,1.0
qdkqx,0,1,1,1.0
ajyy,0,1,1,1.0
ufbshx,0,1,1,1.0
prozadc,0,1,1,1.0
vaporear,0,1,1,1.0
reazdi,0,1,1,1.0
fpnurp,0,1,1,1.0
silencehi,0,1,1,1.0
kgkj,0,1,1,1.0
pogueinc,1,0,1,0.0
dyccophul,0,1,1,1.0
bulgwl,0,1,1,1.0
prelimainari,1,0,1,0.0
seemn,0,1,1,1.0
assamrost,0,1,1,1.0
seeingworldwid,0,1,1,1.0
vut,0,1,1,1.0
delveri,1,0,1,0.0
culinaryconspiraci,0,1,1,1.0
icaplan,1,0,1,0.0
avaipl,0,1,1,1.0
sanjosel,1,0,1,0.0
llzclntpu,0,1,1,1.0
buttonshorizon,0,1,1,1.0
geschaft,0,1,1,1.0
ùãâåðàíõâ,0,1,1,1.0
bnj,0,1,1,1.0
belgravia,1,0,1,0.0
vecmymn,0,1,1,1.0
rvayhlxvn,0,1,1,1.0
manha,0,1,1,1.0
terre,1,0,1,0.0
ccrtc,1,0,1,0.0
listdon,0,1,1,1.0
yzh,0,1,1,1.0
qtxxoz,0,1,1,1.0
aveani,0,1,1,1.0
insvit,0,1,1,1.0
conmun,0,1,1,1.0
rembov,0,1,1,1.0
amkor,1,0,1,0.0
zgojhdxt,0,1,1,1.0
yritgexqc,0,1,1,1.0
melatonin,0,1,1,1.0
yapmakta,0,1,1,1.0
pontificia,0,1,1,1.0
strindberg,0,1,1,1.0
milldam,0,1,1,1.0
susbjxci,0,1,1,1.0
argentinadato,0,1,1,1.0
dwngr,1,0,1,0.0
corpes,0,1,1,1.0
pharmamai,0,1,1,1.0
dummifi,1,0,1,0.0
decongest,0,1,1,1.0
zjzfysgk,0,1,1,1.0
tzzlru,0,1,1,1.0
pdxindoorsocc,1,0,1,0.0
conangelo,1,0,1,0.0
delecour,0,1,1,1.0
yitnl,0,1,1,1.0
corporatesecur,1,0,1,0.0
clickingd,0,1,1,1.0
achimota,0,1,1,1.0
masivosincluimo,0,1,1,1.0
lqhkeru,0,1,1,1.0
fireballshit,0,1,1,1.0
qzrzllvk,0,1,1,1.0
geschaffen,0,1,1,1.0
waiti,0,1,1,1.0
strongnbsp,0,1,1,1.0
xdwjhed,0,1,1,1.0
njou,0,1,1,1.0
impulsionador,0,1,1,1.0
docement,0,1,1,1.0
anjali,1,0,1,0.0
escríbano,0,1,1,1.0
nobaij,0,1,1,1.0
tkdulcp,0,1,1,1.0
lhvdxi,0,1,1,1.0
dwii,0,1,1,1.0
myselfand,0,1,1,1.0
globalstar,1,0,1,0.0
nees,1,0,1,0.0
stowedemat,0,1,1,1.0
thhcgg,0,1,1,1.0
giw,0,1,1,1.0
rkvach,0,1,1,1.0
joyeux,0,1,1,1.0
esposa,0,1,1,1.0
guelb,0,1,1,1.0
budlight,0,1,1,1.0
oauei,0,1,1,1.0
zewkl,0,1,1,1.0
fromdigit,0,1,1,1.0
hgmh,0,1,1,1.0
psmwcbbr,0,1,1,1.0
pzkxj,0,1,1,1.0
rswwmswzavnzl,0,1,1,1.0
pronduct,0,1,1,1.0
goingconcern,0,1,1,1.0
htbi,0,1,1,1.0
youbut,0,1,1,1.0
ikg,0,1,1,1.0
aveimmerc,0,1,1,1.0
klmmopk,0,1,1,1.0
malinovski,1,0,1,0.0
crmene,0,1,1,1.0
stockham,1,0,1,0.0
bestehend,0,1,1,1.0
seiler,1,0,1,0.0
mcstrietzel,1,0,1,0.0
hfkxuodpk,0,1,1,1.0
formicaboathous,0,1,1,1.0
thrpxqh,0,1,1,1.0
reiasgyy,0,1,1,1.0
espadril,0,1,1,1.0
tasdelen,0,1,1,1.0
fictil,0,1,1,1.0
valeroi,1,0,1,0.0
facepl,0,1,1,1.0
fentonapproxim,0,1,1,1.0
tosoni,1,0,1,0.0
tosuddenli,0,1,1,1.0
kennith,0,1,1,1.0
nimen,1,0,1,0.0
rfgpzrckbkxhi,0,1,1,1.0
peerless,0,1,1,1.0
lkbirzhf,0,1,1,1.0
bodycent,0,1,1,1.0
broslker,0,1,1,1.0
bsa,0,1,1,1.0
xudfodbvka,0,1,1,1.0
paisley,1,0,1,0.0
enthusuast,1,0,1,0.0
gulteig,1,0,1,0.0
euxwoib,0,1,1,1.0
nxbben,0,1,1,1.0
stxeryn,0,1,1,1.0
ccoyl,1,0,1,0.0
peptydi,1,0,1,0.0
bacteriolog,0,1,1,1.0
yijsl,0,1,1,1.0
xgrwkvwvz,0,1,1,1.0
braunschweig,0,1,1,1.0
piesnyntl,0,1,1,1.0
headquat,0,1,1,1.0
sygl,0,1,1,1.0
ijehmbcfkl,0,1,1,1.0
opanm,0,1,1,1.0
dcwyahzgq,0,1,1,1.0
lhcip,0,1,1,1.0
macand,0,1,1,1.0
nebbkh,0,1,1,1.0
oneapprehens,0,1,1,1.0
peform,1,0,1,0.0
bhdczcr,0,1,1,1.0
bhalia,1,0,1,0.0
kquc,0,1,1,1.0
molestado,0,1,1,1.0
euraa,0,1,1,1.0
execunet,1,0,1,0.0
doubtlessli,0,1,1,1.0
skoll,0,1,1,1.0
sueeg,0,1,1,1.0
xlytsoryo,0,1,1,1.0
wiviribixa,0,1,1,1.0
expressar,0,1,1,1.0
lburk,1,0,1,0.0
qdj,0,1,1,1.0
qriftaci,0,1,1,1.0
fantasis,0,1,1,1.0
meqdli,0,1,1,1.0
pewit,0,1,1,1.0
balmung,0,1,1,1.0
shorejph,0,1,1,1.0
pojutrz,1,0,1,0.0
pach,1,0,1,0.0
wdbey,0,1,1,1.0
bronson,1,0,1,0.0
unum,1,0,1,0.0
ytkepfn,0,1,1,1.0
madder,0,1,1,1.0
genealogyon,0,1,1,1.0
guidorock,0,1,1,1.0
dcimuvp,0,1,1,1.0
pendleton,0,1,1,1.0
thadt,0,1,1,1.0
pearlcharlott,0,1,1,1.0
dci,1,0,1,0.0
bkkyfeq,0,1,1,1.0
blackbroad,1,0,1,0.0
admittedli,1,0,1,0.0
utom,0,1,1,1.0
gmtvc,0,1,1,1.0
thomasin,0,1,1,1.0
bosporu,0,1,1,1.0
wotevai,0,1,1,1.0
gleditsia,0,1,1,1.0
hezr,0,1,1,1.0
badgett,1,0,1,0.0
decol,0,1,1,1.0
mbjdq,0,1,1,1.0
wicodin,0,1,1,1.0
abachaattn,0,1,1,1.0
kkmxyj,0,1,1,1.0
oosterweg,0,1,1,1.0
ystzf,0,1,1,1.0
kswkhm,0,1,1,1.0
yonsei,1,0,1,0.0
wsiesai,1,0,1,0.0
iczebliyj,0,1,1,1.0
baur,1,0,1,0.0
hätten,0,1,1,1.0
brunoguffaw,0,1,1,1.0
cgvkoyxlcv,0,1,1,1.0
mrzyhg,0,1,1,1.0
quazomm,0,1,1,1.0
correy,1,0,1,0.0
josefina,0,1,1,1.0
sgclude,0,1,1,1.0
promto,0,1,1,1.0
eduardobariton,0,1,1,1.0
jpgtextarea,0,1,1,1.0
unkjvg,0,1,1,1.0
hjwdlhbr,0,1,1,1.0
ihyl,0,1,1,1.0
lineepharmacyqy,0,1,1,1.0
guiardian,0,1,1,1.0
douay,0,1,1,1.0
runam,0,1,1,1.0
xvnpf,0,1,1,1.0
gqc,0,1,1,1.0
wowo,0,1,1,1.0
interferingli,0,1,1,1.0
zynyd,0,1,1,1.0
kpruitt,1,0,1,0.0
fleeoral,0,1,1,1.0
receivg,0,1,1,1.0
pelia,0,1,1,1.0
kuniyasu,0,1,1,1.0
collectormuong,0,1,1,1.0
jacinta,0,1,1,1.0
sfjh,0,1,1,1.0
capacitacion,0,1,1,1.0
spillag,1,0,1,0.0
connaiss,0,1,1,1.0
yeboah,1,0,1,0.0
viagugra,0,1,1,1.0
cobar,0,1,1,1.0
possibilit,1,0,1,0.0
lvpheuht,0,1,1,1.0
ungr,0,1,1,1.0
udlss,0,1,1,1.0
dioptas,0,1,1,1.0
twoforonli,0,1,1,1.0
deadwyl,1,0,1,0.0
mcqgft,0,1,1,1.0
deqgpgsw,0,1,1,1.0
incorporacin,0,1,1,1.0
acumencincinnati,0,1,1,1.0
bakuitem,0,1,1,1.0
fastclu,1,0,1,0.0
aarcdci,0,1,1,1.0
botulinand,0,1,1,1.0
directortecnopl,0,1,1,1.0
jsl,0,1,1,1.0
energypr,1,0,1,0.0
groundwat,0,1,1,1.0
noucel,0,1,1,1.0
tstc,1,0,1,0.0
klaiber,1,0,1,0.0
lwpjjrli,0,1,1,1.0
jhpwogjzngfgzc,0,1,1,1.0
secuirti,0,1,1,1.0
detayli,0,1,1,1.0
homebrl,0,1,1,1.0
zsoxlxkmacromedia,0,1,1,1.0
brokenheart,1,0,1,0.0
ixegvht,0,1,1,1.0
jlopez,1,0,1,0.0
pomewat,0,1,1,1.0
durption,0,1,1,1.0
dva,0,1,1,1.0
aufzugeben,0,1,1,1.0
smighttrial,0,1,1,1.0
cyqqli,0,1,1,1.0
furthermoir,0,1,1,1.0
willpermit,1,0,1,0.0
valiubjm,0,1,1,1.0
maybellen,0,1,1,1.0
jhxa,0,1,1,1.0
fldfbddz,0,1,1,1.0
cheappric,0,1,1,1.0
cwtkz,0,1,1,1.0
ipsec,1,0,1,0.0
volumexgno,0,1,1,1.0
lxnkx,0,1,1,1.0
foretop,0,1,1,1.0
subterranean,0,1,1,1.0
jconnor,1,0,1,0.0
zuidholland,0,1,1,1.0
dreamwatch,0,1,1,1.0
sdzodvxm,0,1,1,1.0
mglichkeit,0,1,1,1.0
inclusy,0,1,1,1.0
golda,0,1,1,1.0
imagepluscartridg,0,1,1,1.0
cxlr,0,1,1,1.0
rbqimeeqi,0,1,1,1.0
przyjezdz,1,0,1,0.0
sftwr,1,0,1,0.0
talmeud,0,1,1,1.0
ommbrc,0,1,1,1.0
xvados,0,1,1,1.0
anear,0,1,1,1.0
gentlewoman,0,1,1,1.0
ksihlwzb,0,1,1,1.0
victorvil,1,0,1,0.0
ltozqwrycw,0,1,1,1.0
starlightcapit,0,1,1,1.0
doseeent,0,1,1,1.0
naa,0,1,1,1.0
nobleleeward,0,1,1,1.0
fvejotybbr,0,1,1,1.0
contintent,1,0,1,0.0
märkten,0,1,1,1.0
hisshirtpocket,0,1,1,1.0
favorrespond,0,1,1,1.0
japanesqu,0,1,1,1.0
lqauenp,0,1,1,1.0
fortunec,0,1,1,1.0
tiumrfshyw,0,1,1,1.0
cotst,0,1,1,1.0
uyop,0,1,1,1.0
mkelli,1,0,1,0.0
minado,0,1,1,1.0
violxx,0,1,1,1.0
xdvmuwxr,0,1,1,1.0
yoreprimitiv,0,1,1,1.0
tomat,0,1,1,1.0
centriciput,0,1,1,1.0
hardpornofilm,0,1,1,1.0
dalian,0,1,1,1.0
utilitiy,1,0,1,0.0
messtechnik,0,1,1,1.0
sciagnac,1,0,1,0.0
nkvtnlxyv,0,1,1,1.0
jenkintown,1,0,1,0.0
jttici,0,1,1,1.0
hugetit,0,1,1,1.0
lvqcgxgdp,0,1,1,1.0
charrrgrg,0,1,1,1.0
southernunionco,1,0,1,0.0
iiarv,0,1,1,1.0
yxinr,0,1,1,1.0
waytobehealthi,0,1,1,1.0
schiphol,0,1,1,1.0
hmv,0,1,1,1.0
bekmank,1,0,1,0.0
colosseumcatkin,0,1,1,1.0
weatherbureau,0,1,1,1.0
telefônicasl,0,1,1,1.0
faik,0,1,1,1.0
kqhwxif,0,1,1,1.0
jbow,0,1,1,1.0
vvqpia,0,1,1,1.0
sumper,0,1,1,1.0
xanåx,0,1,1,1.0
grafter,0,1,1,1.0
eoigz,0,1,1,1.0
doublecheck,1,0,1,0.0
erxdisco,0,1,1,1.0
pasxil,0,1,1,1.0
smugscandium,0,1,1,1.0
bingolineprocess,0,1,1,1.0
oug,0,1,1,1.0
qmmpx,0,1,1,1.0
moonaggi,1,0,1,0.0
broomhil,0,1,1,1.0
qsazsqqa,0,1,1,1.0
ayrintilar,0,1,1,1.0
sinneth,0,1,1,1.0
zbc,0,1,1,1.0
prefijo,0,1,1,1.0
kkindal,1,0,1,0.0
whitewat,1,0,1,0.0
aleikum,0,1,1,1.0
slabi,1,0,1,0.0
parksystem,0,1,1,1.0
biura,1,0,1,0.0
kruislaan,0,1,1,1.0
bayonetdont,0,1,1,1.0
herausstellt,0,1,1,1.0
gendarm,0,1,1,1.0
efv,0,1,1,1.0
anesu,0,1,1,1.0
xfxbhmkhpmhz,0,1,1,1.0
mejga,0,1,1,1.0
ambuien,0,1,1,1.0
jysycfwnzdxlhgxyd,0,1,1,1.0
allrac,0,1,1,1.0
leavitra,0,1,1,1.0
thrke,0,1,1,1.0
prvh,0,1,1,1.0
gofl,1,0,1,0.0
pxsv,0,1,1,1.0
ungrudgingli,0,1,1,1.0
defendsolid,0,1,1,1.0
tcpjdquh,0,1,1,1.0
sellwith,0,1,1,1.0
zjuxemaf,0,1,1,1.0
nwletdwldvz,0,1,1,1.0
sparser,0,1,1,1.0
jborgl,1,0,1,0.0
kbqccqcgv,0,1,1,1.0
hqqgtmfl,0,1,1,1.0
tpbqnlzxi,0,1,1,1.0
pharmach,0,1,1,1.0
ptsd,0,1,1,1.0
jgezo,0,1,1,1.0
lowestoff,0,1,1,1.0
ajdh,0,1,1,1.0
lapland,0,1,1,1.0
lspb,0,1,1,1.0
saibal,0,1,1,1.0
ttfkevh,0,1,1,1.0
aceut,0,1,1,1.0
gxn,0,1,1,1.0
rockafellar,1,0,1,0.0
cataclysmictown,0,1,1,1.0
wxmfcxkv,0,1,1,1.0
dcutr,0,1,1,1.0
otxenpenr,0,1,1,1.0
apuleiu,0,1,1,1.0
qngyq,0,1,1,1.0
sdof,0,1,1,1.0
vicious,0,1,1,1.0
inno,0,1,1,1.0
vxkrhz,0,1,1,1.0
mgdg,0,1,1,1.0
simgal,1,0,1,0.0
lvuzecrut,0,1,1,1.0
rgqcbmia,0,1,1,1.0
tzzfua,0,1,1,1.0
deixou,0,1,1,1.0
xodiyuc,0,1,1,1.0
uwajcvj,0,1,1,1.0
indelicato,1,0,1,0.0
virement,0,1,1,1.0
banigan,1,0,1,0.0
mutuallybenefit,0,1,1,1.0
nbulanisebelebel,0,1,1,1.0
themicrocapjourn,0,1,1,1.0
xip,0,1,1,1.0
bronchieddi,0,1,1,1.0
dcenterimg,0,1,1,1.0
inkagain,0,1,1,1.0
kbr,0,1,1,1.0
subsititut,1,0,1,0.0
kijkfrustr,0,1,1,1.0
waott,0,1,1,1.0
dvmgc,0,1,1,1.0
gdd,1,0,1,0.0
stra,0,1,1,1.0
balloonsl,0,1,1,1.0
ventasplan,0,1,1,1.0
mayra,0,1,1,1.0
duteou,0,1,1,1.0
lmbbyv,0,1,1,1.0
gdol,1,0,1,0.0
günstigen,0,1,1,1.0
zrlhtrfa,0,1,1,1.0
seilbeschlaegen,0,1,1,1.0
pagu,0,1,1,1.0
uviqocix,0,1,1,1.0
abrammiranda,0,1,1,1.0
awarecon,0,1,1,1.0
iqbko,0,1,1,1.0
cesk,1,0,1,0.0
dabo,0,1,1,1.0
burkhead,1,0,1,0.0
ykroygp,0,1,1,1.0
thibet,0,1,1,1.0
directorschemat,0,1,1,1.0
waldomarsh,0,1,1,1.0
basicallyst,0,1,1,1.0
foounder,1,0,1,0.0
conu,1,0,1,0.0
eru,0,1,1,1.0
agecivilian,0,1,1,1.0
siekmeier,1,0,1,0.0
monitorea,0,1,1,1.0
sabiendo,0,1,1,1.0
knicker,0,1,1,1.0
rodziana,1,0,1,0.0
superalloy,0,1,1,1.0
keven,0,1,1,1.0
ffind,0,1,1,1.0
rbwlnrv,0,1,1,1.0
snt,0,1,1,1.0
nnherrin,1,0,1,0.0
guhiph,0,1,1,1.0
jmp,0,1,1,1.0
kqsnv,0,1,1,1.0
kiza,0,1,1,1.0
newlab,0,1,1,1.0
athieticaili,0,1,1,1.0
inder,1,0,1,0.0
riskgrad,1,0,1,0.0
tumlinson,1,0,1,0.0
faxmernhp,0,1,1,1.0
ppkse,0,1,1,1.0
itphozdcl,0,1,1,1.0
summaryacoust,0,1,1,1.0
kvuuepqa,0,1,1,1.0
increaseth,0,1,1,1.0
semiannu,1,0,1,0.0
operamo,0,1,1,1.0
oxjjxpn,0,1,1,1.0
sdmidrxvxnto,0,1,1,1.0
oslf,0,1,1,1.0
providncia,0,1,1,1.0
gungho,1,0,1,0.0
teamkorupt,0,1,1,1.0
aeavgwvhr,0,1,1,1.0
fundlago,0,1,1,1.0
rxiy,0,1,1,1.0
wlll,0,1,1,1.0
swrdw,0,1,1,1.0
iwjglp,0,1,1,1.0
levvllitra,0,1,1,1.0
romit,0,1,1,1.0
kyhnd,0,1,1,1.0
ogtga,0,1,1,1.0
ldjgelebm,0,1,1,1.0
buu,0,1,1,1.0
vrvreq,0,1,1,1.0
jqgpibi,0,1,1,1.0
lifechang,0,1,1,1.0
vijftien,0,1,1,1.0
frcgtbm,0,1,1,1.0
globel,1,0,1,0.0
jnumvett,0,1,1,1.0
physcolog,1,0,1,0.0
trueb,1,0,1,0.0
esj,0,1,1,1.0
ebuybt,0,1,1,1.0
instand,0,1,1,1.0
gttf,0,1,1,1.0
tjafrkvo,0,1,1,1.0
rhesfd,0,1,1,1.0
druuug,0,1,1,1.0
gaseous,0,1,1,1.0
mmce,1,0,1,0.0
sunray,1,0,1,0.0
legsilatur,1,0,1,0.0
nrclsuruy,0,1,1,1.0
manifactur,0,1,1,1.0
dpetting,1,0,1,0.0
uncork,0,1,1,1.0
eficaz,0,1,1,1.0
egist,1,0,1,0.0
switerland,0,1,1,1.0
locação,0,1,1,1.0
newcar,0,1,1,1.0
cavour,0,1,1,1.0
fwind,0,1,1,1.0
theof,0,1,1,1.0
fushac,0,1,1,1.0
ruzika,1,0,1,0.0
interestedit,0,1,1,1.0
qglrzu,0,1,1,1.0
calathu,0,1,1,1.0
monticel,1,0,1,0.0
phamra,0,1,1,1.0
basketballautocorrel,0,1,1,1.0
systemworkspro,0,1,1,1.0
mflernlo,0,1,1,1.0
bzaaidd,0,1,1,1.0
getterscan,0,1,1,1.0
wiysxyvf,0,1,1,1.0
unterlaufen,0,1,1,1.0
luisapestrada,0,1,1,1.0
kelea,0,1,1,1.0
sppc,1,0,1,0.0
cashlow,1,0,1,0.0
bibbcatlik,0,1,1,1.0
setiform,0,1,1,1.0
hyattl,1,0,1,0.0
fhtdcgjx,0,1,1,1.0
zmmincipk,0,1,1,1.0
ewuknz,0,1,1,1.0
adamsck,1,0,1,0.0
luytnw,0,1,1,1.0
hfqfri,0,1,1,1.0
afmilxtnqycghjkzctbd,0,1,1,1.0
szczeg,1,0,1,0.0
hhpwak,0,1,1,1.0
digitalis,0,1,1,1.0
vhx,0,1,1,1.0
oevxisg,0,1,1,1.0
vanalco,1,0,1,0.0
dcdoloz,0,1,1,1.0
apropiado,0,1,1,1.0
jswugrgio,0,1,1,1.0
plani,1,0,1,0.0
mnnfnfnmfmfmfrr,0,1,1,1.0
cuxpdrxrgd,0,1,1,1.0
sociosexu,0,1,1,1.0
mastiffnair,0,1,1,1.0
respinto,0,1,1,1.0
belushi,0,1,1,1.0
innecesario,0,1,1,1.0
wdliuegu,0,1,1,1.0
dietzman,1,0,1,0.0
vvnxl,0,1,1,1.0
popishjuju,0,1,1,1.0
calculatebraun,0,1,1,1.0
rirotyl,0,1,1,1.0
vauntconstru,0,1,1,1.0
nber,1,0,1,0.0
thnere,0,1,1,1.0
convexmilli,0,1,1,1.0
minsfduhhkwh,0,1,1,1.0
marjorambritain,0,1,1,1.0
zlk,0,1,1,1.0
wrestler,0,1,1,1.0
tenperc,0,1,1,1.0
fpxfbndpv,0,1,1,1.0
singletre,0,1,1,1.0
øàîáß,0,1,1,1.0
fmi,0,1,1,1.0
inzimbabw,0,1,1,1.0
gammar,1,0,1,0.0
pnvtq,0,1,1,1.0
corsetri,0,1,1,1.0
bilgileri,0,1,1,1.0
tjx,1,0,1,0.0
wazathit,0,1,1,1.0
vevbqu,0,1,1,1.0
dvc,0,1,1,1.0
cybrezon,0,1,1,1.0
givem,0,1,1,1.0
mrgrave,1,0,1,0.0
casenot,0,1,1,1.0
printformat,1,0,1,0.0
bigbig,0,1,1,1.0
qnvlfskhaotcqi,0,1,1,1.0
hstoett,0,1,1,1.0
qdiqxphkoi,0,1,1,1.0
partiendo,0,1,1,1.0
junona,1,0,1,0.0
samekmed,0,1,1,1.0
bergseik,1,0,1,0.0
vkmkgji,0,1,1,1.0
infoclick,0,1,1,1.0
videosread,0,1,1,1.0
kananaski,1,0,1,0.0
qxq,0,1,1,1.0
koomey,1,0,1,0.0
saamal,0,1,1,1.0
eykdhd,0,1,1,1.0
ziq,0,1,1,1.0
alemannish,0,1,1,1.0
psoalrindian,0,1,1,1.0
rrcf,0,1,1,1.0
manzolillo,1,0,1,0.0
scepter,1,0,1,0.0
lsxggpjdl,0,1,1,1.0
reoganis,1,0,1,0.0
notibwfi,0,1,1,1.0
nomxulwbr,0,1,1,1.0
qwcg,0,1,1,1.0
hgave,0,1,1,1.0
belto,0,1,1,1.0
explodiong,0,1,1,1.0
bailifffak,0,1,1,1.0
transmittedradiolog,0,1,1,1.0
archerfish,0,1,1,1.0
spkpam,0,1,1,1.0
sandw,0,1,1,1.0
èç,0,1,1,1.0
oufrp,0,1,1,1.0
nolpmadotad,0,1,1,1.0
jryan,1,0,1,0.0
dfdmobe,0,1,1,1.0
ematkur,0,1,1,1.0
lmkbmpnd,0,1,1,1.0
heptaval,0,1,1,1.0
cmucz,0,1,1,1.0
caupis,0,1,1,1.0
pehtbydzp,0,1,1,1.0
fochsenhirt,1,0,1,0.0
djusk,0,1,1,1.0
riat,0,1,1,1.0
westmet,0,1,1,1.0
aminit,0,1,1,1.0
kvkze,0,1,1,1.0
mnj,0,1,1,1.0
wirst,0,1,1,1.0
kkdpux,0,1,1,1.0
certin,1,0,1,0.0
guarzante,0,1,1,1.0
pyburn,1,0,1,0.0
ymvdcen,0,1,1,1.0
excreción,0,1,1,1.0
teppich,0,1,1,1.0
technocratickeno,0,1,1,1.0
efron,1,0,1,0.0
impar,0,1,1,1.0
ghzl,0,1,1,1.0
ualli,0,1,1,1.0
grtkbso,0,1,1,1.0
amulti,1,0,1,0.0
sofwtar,0,1,1,1.0
constituyen,0,1,1,1.0
klfjhldm,0,1,1,1.0
qlq,0,1,1,1.0
lav,0,1,1,1.0
yourvvvirgin,0,1,1,1.0
zqonsvu,0,1,1,1.0
cknl,0,1,1,1.0
ngklkbpch,0,1,1,1.0
uxuxfg,0,1,1,1.0
ontact,0,1,1,1.0
shareand,0,1,1,1.0
vikiu,0,1,1,1.0
possesseth,0,1,1,1.0
wchodzi,1,0,1,0.0
adkkm,0,1,1,1.0
wudivok,0,1,1,1.0
todaysmoneynew,0,1,1,1.0
bdirtyblondel,0,1,1,1.0
escuri,0,1,1,1.0
mikepl,1,0,1,0.0
newish,1,0,1,0.0
lprotochord,0,1,1,1.0
ceiebrex,0,1,1,1.0
bord,0,1,1,1.0
frustat,1,0,1,0.0
tsxgnvu,0,1,1,1.0
keysop,1,0,1,0.0
jipglzba,0,1,1,1.0
nagurka,0,1,1,1.0
ujuygvi,0,1,1,1.0
queeni,0,1,1,1.0
wolitz,1,0,1,0.0
tqdlzlbaavabpb,0,1,1,1.0
arundel,1,0,1,0.0
amfm,1,0,1,0.0
disordersclump,0,1,1,1.0
lcvgqc,0,1,1,1.0
dayzerlottdraw,0,1,1,1.0
otteri,0,1,1,1.0
midcost,1,0,1,0.0
thatvolit,0,1,1,1.0
syazdani,0,1,1,1.0
disign,0,1,1,1.0
kvpp,0,1,1,1.0
smnvw,0,1,1,1.0
sdvirt,0,1,1,1.0
egxtneqx,0,1,1,1.0
bunter,0,1,1,1.0
duzo,1,0,1,0.0
mortpronetwork,0,1,1,1.0
dgigq,0,1,1,1.0
mailasia,0,1,1,1.0
singlesiberian,0,1,1,1.0
ejewel,1,0,1,0.0
hethund,0,1,1,1.0
lykotirfgf,0,1,1,1.0
balmat,1,0,1,0.0
jgktt,0,1,1,1.0
jzg,0,1,1,1.0
hrwl,0,1,1,1.0
mabner,1,0,1,0.0
lgjdg,0,1,1,1.0
npqjf,0,1,1,1.0
enlighteen,0,1,1,1.0
nachster,0,1,1,1.0
sgcrh,0,1,1,1.0
assacinet,0,1,1,1.0
overcompens,1,0,1,0.0
wysoki,1,0,1,0.0
directm,0,1,1,1.0
moldar,0,1,1,1.0
wherley,1,0,1,0.0
jreev,1,0,1,0.0
oxustbtqzvcgsvamz,0,1,1,1.0
njvhdrq,0,1,1,1.0
woolcock,1,0,1,0.0
àà,0,1,1,1.0
meilli,1,0,1,0.0
lixrmrgit,0,1,1,1.0
bmilner,1,0,1,0.0
cyfsix,0,1,1,1.0
bootleggerkim,0,1,1,1.0
ryanv,1,0,1,0.0
bucolicsimilitud,0,1,1,1.0
generel,0,1,1,1.0
categoría,0,1,1,1.0
rushdan,0,1,1,1.0
ugart,1,0,1,0.0
zeeirrc,0,1,1,1.0
jbcjqzz,0,1,1,1.0
cryptosystem,0,1,1,1.0
monych,1,0,1,0.0
meymuwxroir,0,1,1,1.0
backw,0,1,1,1.0
tkvt,0,1,1,1.0
jdenni,1,0,1,0.0
sporter,1,0,1,0.0
kcrigg,1,0,1,0.0
rirecria,0,1,1,1.0
designa,0,1,1,1.0
cnsvvc,0,1,1,1.0
arialw,0,1,1,1.0
dentista,0,1,1,1.0
disgustedli,0,1,1,1.0
rjm,1,0,1,0.0
jprejean,1,0,1,0.0
bytestream,1,0,1,0.0
wxlfuwk,0,1,1,1.0
decler,0,1,1,1.0
cornsilk,1,0,1,0.0
retiringroom,0,1,1,1.0
devilishli,1,0,1,0.0
qzgod,0,1,1,1.0
thetruth,0,1,1,1.0
prescriaptibon,0,1,1,1.0
pphv,0,1,1,1.0
gerom,0,1,1,1.0
blenni,0,1,1,1.0
ioioomg,0,1,1,1.0
bjwkt,0,1,1,1.0
iunc,0,1,1,1.0
gasoduto,1,0,1,0.0
estend,0,1,1,1.0
hbzlic,0,1,1,1.0
tracemajor,1,0,1,0.0
belladonnaeld,0,1,1,1.0
zvhshno,0,1,1,1.0
qmalbnkn,0,1,1,1.0
intersider,0,1,1,1.0
omd,0,1,1,1.0
ollar,0,1,1,1.0
outfrom,0,1,1,1.0
bnw,0,1,1,1.0
begottendrip,0,1,1,1.0
jippi,0,1,1,1.0
accuracyand,0,1,1,1.0
atbarlow,1,0,1,0.0
kush,0,1,1,1.0
aniceda,0,1,1,1.0
isswvbuhyaidlwq,0,1,1,1.0
falk,1,0,1,0.0
mercurialsatin,0,1,1,1.0
infosi,1,0,1,0.0
fanuhvc,0,1,1,1.0
atloid,0,1,1,1.0
yspihy,0,1,1,1.0
kimballenergi,1,0,1,0.0
aeri,1,0,1,0.0
qbm,0,1,1,1.0
ybmfafaecktpt,0,1,1,1.0
unpack,0,1,1,1.0
wiretapbutterfli,0,1,1,1.0
foreshadow,1,0,1,0.0
utilil,1,0,1,0.0
medcalf,1,0,1,0.0
hjj,0,1,1,1.0
brightli,1,0,1,0.0
mtyfan,0,1,1,1.0
tinnitu,0,1,1,1.0
qxfugju,0,1,1,1.0
radiomet,0,1,1,1.0
demigodimmobl,0,1,1,1.0
wsm,1,0,1,0.0
rnxwqjwoc,0,1,1,1.0
qplghp,0,1,1,1.0
wvpbjbdkz,0,1,1,1.0
publicada,0,1,1,1.0
contractil,0,1,1,1.0
alerta,0,1,1,1.0
branden,0,1,1,1.0
sopkouqjhckx,0,1,1,1.0
brbn,0,1,1,1.0
ecbcam,0,1,1,1.0
viiiiiiagraaaa,0,1,1,1.0
kparyj,0,1,1,1.0
aventurero,0,1,1,1.0
respiratória,0,1,1,1.0
narguello,1,0,1,0.0
foryour,0,1,1,1.0
eanim,0,1,1,1.0
dieter,0,1,1,1.0
risom,1,0,1,0.0
azccwpg,0,1,1,1.0
mvqmfi,0,1,1,1.0
governmentservic,0,1,1,1.0
mailpuppi,0,1,1,1.0
okw,0,1,1,1.0
zqlzaeqau,0,1,1,1.0
phpn,0,1,1,1.0
darena,1,0,1,0.0
afto,0,1,1,1.0
fruher,0,1,1,1.0
whrh,0,1,1,1.0
eezkn,0,1,1,1.0
pinetown,0,1,1,1.0
grde,0,1,1,1.0
bangle,1,0,1,0.0
openear,0,1,1,1.0
trashier,0,1,1,1.0
vrb,0,1,1,1.0
hydracodon,0,1,1,1.0
ntrsjobsnow,0,1,1,1.0
wonjfcu,0,1,1,1.0
alysonfish,1,0,1,0.0
haciveva,0,1,1,1.0
innat,0,1,1,1.0
kniplova,0,1,1,1.0
geldwsch,0,1,1,1.0
doqm,0,1,1,1.0
moneywon,0,1,1,1.0
lazurit,0,1,1,1.0
chia,1,0,1,0.0
suberin,0,1,1,1.0
realestatefortun,0,1,1,1.0
altruismmilkyridg,0,1,1,1.0
qgyjrkeip,0,1,1,1.0
wizyt,1,0,1,0.0
xcpt,0,1,1,1.0
clientyou,0,1,1,1.0
sqfvz,0,1,1,1.0
lgsrc,0,1,1,1.0
bxpsr,0,1,1,1.0
monongahela,0,1,1,1.0
mwaller,1,0,1,0.0
missionrock,0,1,1,1.0
pega,1,0,1,0.0
ytou,0,1,1,1.0
redeclar,0,1,1,1.0
ccemnag,0,1,1,1.0
moonsparklegreat,0,1,1,1.0
rjggvqt,0,1,1,1.0
ebvfi,0,1,1,1.0
dyegi,1,0,1,0.0
fvn,0,1,1,1.0
malaysian,0,1,1,1.0
jvmblabcx,0,1,1,1.0
liquidación,0,1,1,1.0
cihrhbd,0,1,1,1.0
kotrla,1,0,1,0.0
wtmqkk,0,1,1,1.0
kohler,1,0,1,0.0
saviorl,0,1,1,1.0
konstanz,0,1,1,1.0
lbatxb,0,1,1,1.0
arbeitslo,0,1,1,1.0
tranadol,0,1,1,1.0
yearr,0,1,1,1.0
cabziyei,0,1,1,1.0
uiuith,0,1,1,1.0
gzrzmmbxfm,0,1,1,1.0
gustybizarr,0,1,1,1.0
mmifwr,0,1,1,1.0
radi,0,1,1,1.0
horqd,0,1,1,1.0
jvz,0,1,1,1.0
ermndb,0,1,1,1.0
zravqgwnjr,0,1,1,1.0
fantastisch,0,1,1,1.0
sodal,0,1,1,1.0
caci,1,0,1,0.0
cynthiaelectr,0,1,1,1.0
zzb,0,1,1,1.0
neilgould,1,0,1,0.0
abacuseavesdrop,0,1,1,1.0
ksdtdhb,0,1,1,1.0
dwd,0,1,1,1.0
offferingss,0,1,1,1.0
skinneri,0,1,1,1.0
gelegenheit,0,1,1,1.0
halberd,0,1,1,1.0
baia,0,1,1,1.0
ajgjac,0,1,1,1.0
gbxmoe,0,1,1,1.0
einsetin,0,1,1,1.0
malihini,0,1,1,1.0
riojvb,0,1,1,1.0
vgtpelonm,0,1,1,1.0
khrissi,1,0,1,0.0
weuzijgxzrk,0,1,1,1.0
daisuk,1,0,1,0.0
grl,0,1,1,1.0
ãí,0,1,1,1.0
crapload,0,1,1,1.0
inaounc,0,1,1,1.0
lmia,0,1,1,1.0
cyf,0,1,1,1.0
qaytgr,0,1,1,1.0
strategien,0,1,1,1.0
rtl,0,1,1,1.0
recorra,0,1,1,1.0
wiht,1,0,1,0.0
wcaudi,1,0,1,0.0
cfi,1,0,1,0.0
echocardiogram,0,1,1,1.0
upxmcyf,0,1,1,1.0
uzfvwr,0,1,1,1.0
compilationdoolittl,0,1,1,1.0
verastegui,1,0,1,0.0
colinerussel,0,1,1,1.0
tabulos,0,1,1,1.0
extrao,0,1,1,1.0
ddttul,0,1,1,1.0
repeadtedli,0,1,1,1.0
mgoldilock,0,1,1,1.0
ogvytwau,0,1,1,1.0
cinnam,0,1,1,1.0
europaweit,0,1,1,1.0
lapera,1,0,1,0.0
tdh,1,0,1,0.0
ngutim,0,1,1,1.0
rkqumd,0,1,1,1.0
xezykwtbr,0,1,1,1.0
smeg,0,1,1,1.0
putch,0,1,1,1.0
mthsprg,1,0,1,0.0
qxqnyk,0,1,1,1.0
hassansapphir,0,1,1,1.0
praetorian,0,1,1,1.0
workand,0,1,1,1.0
hackensack,1,0,1,0.0
prowzac,0,1,1,1.0
jpoajb,0,1,1,1.0
feell,0,1,1,1.0
jogob,0,1,1,1.0
drunkli,0,1,1,1.0
ykokur,0,1,1,1.0
wofford,1,0,1,0.0
mixter,1,0,1,0.0
ygd,0,1,1,1.0
lsurfb,0,1,1,1.0
meaninjg,0,1,1,1.0
bachar,1,0,1,0.0
stretagi,1,0,1,0.0
viw,0,1,1,1.0
xfmgr,0,1,1,1.0
trustbust,1,0,1,0.0
szgeyuajh,0,1,1,1.0
indeck,1,0,1,0.0
stopwatch,0,1,1,1.0
btfgtwuii,0,1,1,1.0
naber,1,0,1,0.0
fxjrwe,0,1,1,1.0
wescl,1,0,1,0.0
fzh,0,1,1,1.0
genteelfiness,0,1,1,1.0
chekhlov,1,0,1,0.0
goodmanfamili,1,0,1,0.0
lso,0,1,1,1.0
rechner,0,1,1,1.0
flguil,0,1,1,1.0
shediun,1,0,1,0.0
ffffclffffc,0,1,1,1.0
ideogram,0,1,1,1.0
vgpthat,0,1,1,1.0
ramierez,1,0,1,0.0
amdahl,1,0,1,0.0
writem,1,0,1,0.0
imglggk,0,1,1,1.0
sexu,0,1,1,1.0
mqfhqnov,0,1,1,1.0
potrfysc,0,1,1,1.0
decisin,0,1,1,1.0
dedicatori,0,1,1,1.0
messyland,0,1,1,1.0
joqkqbd,0,1,1,1.0
ritu,1,0,1,0.0
aiizp,0,1,1,1.0
tzpe,0,1,1,1.0
huygen,0,1,1,1.0
emat,0,1,1,1.0
cpj,0,1,1,1.0
rfrenc,0,1,1,1.0
ausgut,0,1,1,1.0
jlind,1,0,1,0.0
barriobas,0,1,1,1.0
phonopathi,0,1,1,1.0
gpw,0,1,1,1.0
shhsph,0,1,1,1.0
foradra,0,1,1,1.0
riskreport,1,0,1,0.0
retrasa,0,1,1,1.0
millan,1,0,1,0.0
ctricol,1,0,1,0.0
poliobeget,0,1,1,1.0
warmenst,0,1,1,1.0
yopur,0,1,1,1.0
xldkzh,0,1,1,1.0
clarksdal,1,0,1,0.0
yivvfdwtd,0,1,1,1.0
whhhvmic,0,1,1,1.0
qqzue,0,1,1,1.0
aaasash,0,1,1,1.0
doclink,1,0,1,0.0
qhf,0,1,1,1.0
heinith,1,0,1,0.0
itsllapp,0,1,1,1.0
smf,1,0,1,0.0
hinkl,0,1,1,1.0
nppgu,0,1,1,1.0
ponl,0,1,1,1.0
mellondig,0,1,1,1.0
aportar,0,1,1,1.0
pjmcur,1,0,1,0.0
wiwo,0,1,1,1.0
polodasha,0,1,1,1.0
hozashend,0,1,1,1.0
greywack,0,1,1,1.0
romcombin,0,1,1,1.0
assibil,0,1,1,1.0
sgxvyzb,0,1,1,1.0
contritionpretti,0,1,1,1.0
intrig,0,1,1,1.0
xihag,0,1,1,1.0
xlvjagegpeudkw,0,1,1,1.0
eazier,0,1,1,1.0
dayboy,0,1,1,1.0
versprochen,0,1,1,1.0
ovzgn,0,1,1,1.0
qfalf,0,1,1,1.0
lgal,0,1,1,1.0
mysoftwaremal,0,1,1,1.0
bonikro,0,1,1,1.0
gnejtben,0,1,1,1.0
zdrqcrkibb,0,1,1,1.0
virtut,0,1,1,1.0
ldb,0,1,1,1.0
cfrja,0,1,1,1.0
hisb,0,1,1,1.0
invasivedarwinian,0,1,1,1.0
ihqhdgbmxpanib,0,1,1,1.0
qkd,0,1,1,1.0
mustt,0,1,1,1.0
becca,1,0,1,0.0
fanttpprfbvyel,0,1,1,1.0
cirop,0,1,1,1.0
eowdcn,0,1,1,1.0
xmzu,0,1,1,1.0
daellcd,0,1,1,1.0
availabilityth,0,1,1,1.0
cutin,0,1,1,1.0
àßàìà,0,1,1,1.0
czn,0,1,1,1.0
idichlamyd,0,1,1,1.0
qgi,0,1,1,1.0
rollax,0,1,1,1.0
ameriacan,0,1,1,1.0
jsimper,1,0,1,0.0
flxx,0,1,1,1.0
uoaflfkrn,0,1,1,1.0
freiligrathstr,0,1,1,1.0
pfexu,0,1,1,1.0
stanwyck,0,1,1,1.0
ruvklqr,0,1,1,1.0
ulcz,0,1,1,1.0
baucum,1,0,1,0.0
baskebal,1,0,1,0.0
kuwaitembassi,0,1,1,1.0
xta,0,1,1,1.0
rmone,0,1,1,1.0
ulalaaa,0,1,1,1.0
rht,0,1,1,1.0
dkfoac,0,1,1,1.0
touaki,0,1,1,1.0
yqdhtjj,0,1,1,1.0
pietsch,1,0,1,0.0
qpktrvgvi,0,1,1,1.0
basketbuzzard,0,1,1,1.0
xfbpngxzl,0,1,1,1.0
pcdata,0,1,1,1.0
peculiartibet,0,1,1,1.0
pckgng,0,1,1,1.0
xfk,0,1,1,1.0
tmuloq,0,1,1,1.0
heqixcwr,0,1,1,1.0
pbcojwlg,0,1,1,1.0
babyneuralgia,0,1,1,1.0
canning,1,0,1,0.0
saluda,1,0,1,0.0
bqazv,0,1,1,1.0
alread,1,0,1,0.0
nthadnmi,0,1,1,1.0
funtai,0,1,1,1.0
rdovgxw,0,1,1,1.0
pardella,1,0,1,0.0
lmxfg,0,1,1,1.0
znx,0,1,1,1.0
arante,0,1,1,1.0
unseat,1,0,1,0.0
szyufxgi,0,1,1,1.0
stdev,1,0,1,0.0
xicy,0,1,1,1.0
yrxprdbz,0,1,1,1.0
nologiesbr,0,1,1,1.0
rtxyj,0,1,1,1.0
rosenet,1,0,1,0.0
qpinturicchio,0,1,1,1.0
hlr,0,1,1,1.0
rokujuu,0,1,1,1.0
contendoperat,0,1,1,1.0
ashford,1,0,1,0.0
gayler,0,1,1,1.0
abennu,0,1,1,1.0
dbdb,0,1,1,1.0
tenon,0,1,1,1.0
jlro,0,1,1,1.0
mcola,0,1,1,1.0
kcrfaar,0,1,1,1.0
regaard,0,1,1,1.0
ablig,1,0,1,0.0
fcenz,0,1,1,1.0
qsje,0,1,1,1.0
wjbaird,1,0,1,0.0
aashish,0,1,1,1.0
robinhooricki,0,1,1,1.0
ddelzer,1,0,1,0.0
pericard,0,1,1,1.0
ctti,0,1,1,1.0
partici,0,1,1,1.0
vedsmindm,0,1,1,1.0
shirtprint,0,1,1,1.0
rcarter,1,0,1,0.0
xziqax,0,1,1,1.0
trosper,1,0,1,0.0
racion,0,1,1,1.0
derric,1,0,1,0.0
zor,0,1,1,1.0
xksrftn,0,1,1,1.0
fgenhoccg,0,1,1,1.0
incopi,0,1,1,1.0
whbufjzkn,0,1,1,1.0
republcan,1,0,1,0.0
leisten,0,1,1,1.0
proteomika,0,1,1,1.0
spectacularenamel,0,1,1,1.0
fname,1,0,1,0.0
manresa,0,1,1,1.0
ekdfevcx,0,1,1,1.0
accusativemock,0,1,1,1.0
limitan,0,1,1,1.0
abonnenten,0,1,1,1.0
targetproductstop,0,1,1,1.0
oiwf,0,1,1,1.0
uukec,0,1,1,1.0
mbpsregulatori,0,1,1,1.0
keasterbi,1,0,1,0.0
zcubqq,0,1,1,1.0
mujahedeen,0,1,1,1.0
iahajrx,0,1,1,1.0
herbertsmith,1,0,1,0.0
maturesreadi,0,1,1,1.0
btbll,0,1,1,1.0
isrntv,0,1,1,1.0
shangri,0,1,1,1.0
mdbv,0,1,1,1.0
bqsnkbhcwkq,0,1,1,1.0
onht,0,1,1,1.0
qsfceg,0,1,1,1.0
redsgilmor,1,0,1,0.0
wixey,0,1,1,1.0
btqyi,0,1,1,1.0
rfrdba,0,1,1,1.0
darkcri,0,1,1,1.0
servisi,0,1,1,1.0
faugh,0,1,1,1.0
kcncusq,0,1,1,1.0
slienema,1,0,1,0.0
toduuay,0,1,1,1.0
hxiom,0,1,1,1.0
ffptumgam,0,1,1,1.0
exadtt,0,1,1,1.0
authentec,0,1,1,1.0
chavrg,0,1,1,1.0
rnzx,0,1,1,1.0
blissfulgrl,0,1,1,1.0
pszzzuvvzod,0,1,1,1.0
tollfre,0,1,1,1.0
aoniu,0,1,1,1.0
wlw,0,1,1,1.0
finop,1,0,1,0.0
treasuresfamin,0,1,1,1.0
descriambl,0,1,1,1.0
pbsj,1,0,1,0.0
ruca,0,1,1,1.0
colloquoy,1,0,1,0.0
jrv,1,0,1,0.0
braceletbeograd,0,1,1,1.0
cree,0,1,1,1.0
refenc,1,0,1,0.0
elizabethkumbo,0,1,1,1.0
ocldz,0,1,1,1.0
fndjtu,0,1,1,1.0
enableusseethi,0,1,1,1.0
qjkqkbr,0,1,1,1.0
septmber,0,1,1,1.0
stravaig,0,1,1,1.0
uleio,0,1,1,1.0
qtsmrec,0,1,1,1.0
contactarsi,0,1,1,1.0
wachiyahello,0,1,1,1.0
forgeapprov,0,1,1,1.0
ebjghr,0,1,1,1.0
forbestr,0,1,1,1.0
armuokubv,0,1,1,1.0
bamboozl,0,1,1,1.0
selfflagel,0,1,1,1.0
apexfandigroupsa,0,1,1,1.0
dischel,1,0,1,0.0
zondervan,0,1,1,1.0
pide,0,1,1,1.0
colossa,0,1,1,1.0
pasa,0,1,1,1.0
njepcz,0,1,1,1.0
michaela,1,0,1,0.0
icqi,0,1,1,1.0
pwmt,1,0,1,0.0
boehl,1,0,1,0.0
hazivwvcx,0,1,1,1.0
carnitin,0,1,1,1.0
vaou,0,1,1,1.0
sloughi,0,1,1,1.0
dgv,0,1,1,1.0
bimebi,0,1,1,1.0
mciannounc,1,0,1,0.0
hoboken,0,1,1,1.0
kqnryotnu,0,1,1,1.0
rqlate,0,1,1,1.0
devoteecarolingian,0,1,1,1.0
webcbwg,0,1,1,1.0
heyou,0,1,1,1.0
pareow,0,1,1,1.0
blabf,1,0,1,0.0
temmc,1,0,1,0.0
yecaqir,0,1,1,1.0
unschlagbaren,0,1,1,1.0
releaseso,1,0,1,0.0
qxnu,0,1,1,1.0
intiner,0,1,1,1.0
luton,0,1,1,1.0
colchi,0,1,1,1.0
bouyei,0,1,1,1.0
peop,0,1,1,1.0
echeveria,0,1,1,1.0
bian,0,1,1,1.0
johno,0,1,1,1.0
qveu,0,1,1,1.0
qdgcranqv,0,1,1,1.0
qli,0,1,1,1.0
anhnp,0,1,1,1.0
mercaptan,1,0,1,0.0
usthkpyz,0,1,1,1.0
frvue,0,1,1,1.0
chaplaincyito,0,1,1,1.0
nieteti,1,0,1,0.0
tbherefor,0,1,1,1.0
cassaundra,0,1,1,1.0
unappeas,0,1,1,1.0
arpboyboao,0,1,1,1.0
itsfor,0,1,1,1.0
basit,1,0,1,0.0
pooor,0,1,1,1.0
clutterbraid,0,1,1,1.0
ykgkejprf,0,1,1,1.0
srey,1,0,1,0.0
fjyag,0,1,1,1.0
competi,1,0,1,0.0
dsktotaltot,1,0,1,0.0
vanderjagt,0,1,1,1.0
helleri,0,1,1,1.0
grimmer,1,0,1,0.0
childd,0,1,1,1.0
poretr,0,1,1,1.0
kptyagton,0,1,1,1.0
thees,0,1,1,1.0
sjymbohfk,0,1,1,1.0
zettawork,1,0,1,0.0
gupesu,0,1,1,1.0
rubena,1,0,1,0.0
ozyrmdcpq,0,1,1,1.0
biloxi,0,1,1,1.0
ufgdmv,0,1,1,1.0
jkk,0,1,1,1.0
ybb,0,1,1,1.0
dyomfxnhw,0,1,1,1.0
transen,0,1,1,1.0
bizregard,0,1,1,1.0
svszpuxc,0,1,1,1.0
decontamin,0,1,1,1.0
teous,0,1,1,1.0
pgrzsb,0,1,1,1.0
gott,0,1,1,1.0
qbzdh,0,1,1,1.0
ingurgit,0,1,1,1.0
jiad,0,1,1,1.0
btoup,1,0,1,0.0
xwqjwocj,0,1,1,1.0
apetrauska,0,1,1,1.0
boehnk,1,0,1,0.0
enourm,1,0,1,0.0
izarri,1,0,1,0.0
jiuyuan,0,1,1,1.0
oceanport,1,0,1,0.0
pnagsi,0,1,1,1.0
seedfish,0,1,1,1.0
wschodniego,1,0,1,0.0
noke,1,0,1,0.0
famosssimo,0,1,1,1.0
pharmawhat,0,1,1,1.0
elseagain,0,1,1,1.0
lchaucerian,0,1,1,1.0
ondrug,0,1,1,1.0
apfpro,0,1,1,1.0
neigbour,0,1,1,1.0
ixpjchyu,0,1,1,1.0
portlandshift,1,0,1,0.0
caretakercayenn,0,1,1,1.0
jgump,1,0,1,0.0
precedur,1,0,1,0.0
counsellor,0,1,1,1.0
sustantivo,0,1,1,1.0
musch,1,0,1,0.0
berrien,1,0,1,0.0
antinomi,0,1,1,1.0
calkfamf,1,0,1,0.0
siparil,0,1,1,1.0
gotcha,0,1,1,1.0
jpoxbi,0,1,1,1.0
cbell,1,0,1,0.0
weo,0,1,1,1.0
fij,0,1,1,1.0
ilaa,0,1,1,1.0
ikkuwuwjv,0,1,1,1.0
tuoeqrozo,0,1,1,1.0
expediacaribbean,0,1,1,1.0
fourish,0,1,1,1.0
rcarmona,1,0,1,0.0
agieto,1,0,1,0.0
dniem,1,0,1,0.0
atnhq,0,1,1,1.0
sigfri,0,1,1,1.0
moodili,0,1,1,1.0
rrhh,0,1,1,1.0
hospitalimmeubl,0,1,1,1.0
titleimport,0,1,1,1.0
wankerhornet,0,1,1,1.0
gluchopag,0,1,1,1.0
stephanopol,0,1,1,1.0
coppic,1,0,1,0.0
makeni,0,1,1,1.0
keiron,1,0,1,0.0
panxzrgwb,0,1,1,1.0
usse,0,1,1,1.0
dihc,0,1,1,1.0
cepheid,1,0,1,0.0
cheisler,1,0,1,0.0
widzielismi,1,0,1,0.0
prominet,0,1,1,1.0
cunlsmmca,0,1,1,1.0
zqimsriz,0,1,1,1.0
knrkraus,1,0,1,0.0
poulain,1,0,1,0.0
mqxnrq,0,1,1,1.0
moneygram,0,1,1,1.0
medicatioonsbymail,0,1,1,1.0
nonww,0,1,1,1.0
oztvj,0,1,1,1.0
fannett,1,0,1,0.0
yblezizz,0,1,1,1.0
davidir,0,1,1,1.0
adrenalcounterpart,0,1,1,1.0
weht,0,1,1,1.0
shostaqueth,0,1,1,1.0
kmc,0,1,1,1.0
dsag,0,1,1,1.0
scerol,1,0,1,0.0
njuey,0,1,1,1.0
esweati,0,1,1,1.0
vxlpxpav,0,1,1,1.0
timbertimb,0,1,1,1.0
fdcofdr,0,1,1,1.0
cerulli,1,0,1,0.0
hammel,1,0,1,0.0
aumhl,0,1,1,1.0
celebratepow,0,1,1,1.0
erzeugt,0,1,1,1.0
etshousdl,1,0,1,0.0
businesslik,1,0,1,0.0
skbhqfmdx,0,1,1,1.0
gzhp,0,1,1,1.0
ltto,0,1,1,1.0
etqdllp,0,1,1,1.0
blusoftbrasil,0,1,1,1.0
pooht,0,1,1,1.0
ddusi,0,1,1,1.0
veg,0,1,1,1.0
bdlyatoa,0,1,1,1.0
jurirn,0,1,1,1.0
cerif,0,1,1,1.0
carootn,0,1,1,1.0
estrapad,0,1,1,1.0
godjimbo,0,1,1,1.0
rqfafk,0,1,1,1.0
aleatori,0,1,1,1.0
nvbetqhqda,0,1,1,1.0
krnavurbcj,0,1,1,1.0
gtitbugrbxnqbhn,0,1,1,1.0
dhbnxtuy,0,1,1,1.0
canfin,0,1,1,1.0
manau,1,0,1,0.0
majpgb,0,1,1,1.0
wombatimpala,0,1,1,1.0
ovcu,0,1,1,1.0
pabin,0,1,1,1.0
leverlandkittyweb,0,1,1,1.0
zawiedli,1,0,1,0.0
mulhern,1,0,1,0.0
ayant,0,1,1,1.0
louest,0,1,1,1.0
asposs,0,1,1,1.0
therepoetri,0,1,1,1.0
éçâ,0,1,1,1.0
ulk,0,1,1,1.0
charivari,0,1,1,1.0
pyaj,0,1,1,1.0
downlink,0,1,1,1.0
ffectiv,0,1,1,1.0
djthefox,0,1,1,1.0
ncxjxt,0,1,1,1.0
gntel,0,1,1,1.0
sayin,0,1,1,1.0
zdlje,0,1,1,1.0
drv,0,1,1,1.0
mcxjvcundqhwbwccqt,0,1,1,1.0
antichrist,0,1,1,1.0
qummxl,0,1,1,1.0
pohwdrej,0,1,1,1.0
gtdp,0,1,1,1.0
zugestellt,0,1,1,1.0
tkpcjg,0,1,1,1.0
vigeur,0,1,1,1.0
ôspaceõ,0,1,1,1.0
antipodeslongish,0,1,1,1.0
tbxvyvu,0,1,1,1.0
nationalis,0,1,1,1.0
vectrix,1,0,1,0.0
palliateadsorb,0,1,1,1.0
zabarankin,1,0,1,0.0
xxcnij,0,1,1,1.0
yqhwa,0,1,1,1.0
hoeh,0,1,1,1.0
nympho,0,1,1,1.0
típica,0,1,1,1.0
bcz,0,1,1,1.0
paraco,0,1,1,1.0
emcc,1,0,1,0.0
ndx,0,1,1,1.0
navarr,0,1,1,1.0
yhgayww,0,1,1,1.0
margirola,0,1,1,1.0
butwhil,0,1,1,1.0
epgtt,1,0,1,0.0
milburn,1,0,1,0.0
mbnjvgqn,0,1,1,1.0
ugjcbc,0,1,1,1.0
adxbrk,0,1,1,1.0
yfaun,0,1,1,1.0
millivolt,0,1,1,1.0
lefhwzn,0,1,1,1.0
megahertz,0,1,1,1.0
galumph,0,1,1,1.0
trademanag,1,0,1,0.0
fassett,1,0,1,0.0
oiikzba,0,1,1,1.0
dbnd,1,0,1,0.0
luehrman,1,0,1,0.0
wrvydzdunplhogtjyoeqsq,0,1,1,1.0
ushyitmnud,0,1,1,1.0
hooso,0,1,1,1.0
pseorn,0,1,1,1.0
mjp,0,1,1,1.0
okf,0,1,1,1.0
znacza,1,0,1,0.0
abipti,0,1,1,1.0
duyhvhwbn,0,1,1,1.0
stcuy,0,1,1,1.0
zfyvrsvnaf,0,1,1,1.0
mrrkoti,0,1,1,1.0
urgic,0,1,1,1.0
fickspiel,0,1,1,1.0
ourinvestor,0,1,1,1.0
ypue,0,1,1,1.0
ediniz,0,1,1,1.0
nasdq,1,0,1,0.0
xeqmk,0,1,1,1.0
undupl,0,1,1,1.0
ebookbr,0,1,1,1.0
cockeatingfreak,0,1,1,1.0
euku,0,1,1,1.0
beaven,1,0,1,0.0
bergsten,0,1,1,1.0
zzzglvaa,0,1,1,1.0
folliculin,0,1,1,1.0
tyjmhew,0,1,1,1.0
eirpybc,0,1,1,1.0
salmonberryhazi,0,1,1,1.0
pigohxpw,0,1,1,1.0
ryhgx,0,1,1,1.0
lagrzuxa,0,1,1,1.0
ykl,0,1,1,1.0
tejuer,0,1,1,1.0
ineltlignec,0,1,1,1.0
avialeas,0,1,1,1.0
viticulturist,1,0,1,0.0
cmjqgvu,0,1,1,1.0
gretchenperci,0,1,1,1.0
herbalgrowth,0,1,1,1.0
nauru,0,1,1,1.0
olat,0,1,1,1.0
otgqz,0,1,1,1.0
baidh,0,1,1,1.0
tqugizeej,0,1,1,1.0
hpsj,0,1,1,1.0
pluggableconcept,0,1,1,1.0
okv,0,1,1,1.0
ftind,0,1,1,1.0
temáticament,0,1,1,1.0
espali,0,1,1,1.0
pepperspray,0,1,1,1.0
berl,1,0,1,0.0
eatout,0,1,1,1.0
solutia,1,0,1,0.0
flatpanel,1,0,1,0.0
jbi,0,1,1,1.0
éþßðåïü,0,1,1,1.0
ldrln,0,1,1,1.0
delmveri,0,1,1,1.0
contrarywis,1,0,1,0.0
dugkok,0,1,1,1.0
erlfdq,0,1,1,1.0
wuv,0,1,1,1.0
kldjknai,0,1,1,1.0
onqprescriptionddrug,0,1,1,1.0
shandalov,1,0,1,0.0
ringhoff,1,0,1,0.0
permament,1,0,1,0.0
lyjb,0,1,1,1.0
gallnut,0,1,1,1.0
employé,0,1,1,1.0
airga,1,0,1,0.0
beliadonna,0,1,1,1.0
cialjwi,0,1,1,1.0
cmors,1,0,1,0.0
rosarita,1,0,1,0.0
edef,1,0,1,0.0
jswxbvdlfwg,0,1,1,1.0
estment,0,1,1,1.0
concannon,1,0,1,0.0
axneiti,0,1,1,1.0
pbbhoni,0,1,1,1.0
tbzyu,0,1,1,1.0
theologicoeth,0,1,1,1.0
promet,0,1,1,1.0
dikken,0,1,1,1.0
vvcduikmqd,0,1,1,1.0
alwway,0,1,1,1.0
bhwbq,0,1,1,1.0
czac,0,1,1,1.0
hcokyovrdsprayz,0,1,1,1.0
pkskemmx,0,1,1,1.0
diebbja,0,1,1,1.0
jboldrick,1,0,1,0.0
nyla,0,1,1,1.0
subra,1,0,1,0.0
pbyt,0,1,1,1.0
curvetur,1,0,1,0.0
zakopanem,1,0,1,0.0
fibromialgia,0,1,1,1.0
tgeupa,0,1,1,1.0
rajamani,1,0,1,0.0
realic,0,1,1,1.0
lvshgc,0,1,1,1.0
windless,0,1,1,1.0
nkatimba,0,1,1,1.0
neveri,0,1,1,1.0
upaqh,0,1,1,1.0
fqq,0,1,1,1.0
laasi,0,1,1,1.0
lakecreek,1,0,1,0.0
beuti,0,1,1,1.0
bietnot,0,1,1,1.0
cqlk,0,1,1,1.0
sideshowsoften,0,1,1,1.0
universityalli,0,1,1,1.0
archaicterrifi,0,1,1,1.0
ryongchon,0,1,1,1.0
mvvuj,0,1,1,1.0
offercov,0,1,1,1.0
grdya,0,1,1,1.0
sandraharrison,0,1,1,1.0
tsabanoglu,0,1,1,1.0
sonntag,0,1,1,1.0
zobaczeni,1,0,1,0.0
andriol,1,0,1,0.0
distand,0,1,1,1.0
afrswuk,0,1,1,1.0
inessenti,0,1,1,1.0
wabnik,1,0,1,0.0
fskhyl,0,1,1,1.0
opn,0,1,1,1.0
maxwalt,1,0,1,0.0
empfindlich,0,1,1,1.0
qicsxdq,0,1,1,1.0
pifc,0,1,1,1.0
gormanab,1,0,1,0.0
confernec,1,0,1,0.0
publocatio,1,0,1,0.0
vdkxcdm,0,1,1,1.0
workastring,0,1,1,1.0
dowla,0,1,1,1.0
owcadt,0,1,1,1.0
yoxju,0,1,1,1.0
nngomaha,1,0,1,0.0
svchandl,1,0,1,0.0
johnsones,0,1,1,1.0
fozziesugar,0,1,1,1.0
heisst,0,1,1,1.0
mota,0,1,1,1.0
silkencurt,0,1,1,1.0
avecinan,0,1,1,1.0
welltri,0,1,1,1.0
kragh,1,0,1,0.0
marulanda,1,0,1,0.0
ponfaunivers,0,1,1,1.0
pastl,0,1,1,1.0
mlli,0,1,1,1.0
bukgezxwvllcfv,0,1,1,1.0
csup,1,0,1,0.0
leasechamplain,0,1,1,1.0
proprietaryeuclid,0,1,1,1.0
bch,1,0,1,0.0
tkbpqmi,0,1,1,1.0
marchment,0,1,1,1.0
glibli,0,1,1,1.0
amanthey,0,1,1,1.0
elimina,0,1,1,1.0
batool,0,1,1,1.0
tyvm,0,1,1,1.0
huob,0,1,1,1.0
jnillqbqh,0,1,1,1.0
cdvh,0,1,1,1.0
hydrochiorrd,0,1,1,1.0
sae,0,1,1,1.0
ausländischen,0,1,1,1.0
jbybc,0,1,1,1.0
wedelmusico,0,1,1,1.0
stuxistitu,0,1,1,1.0
herkim,0,1,1,1.0
leftmarket,0,1,1,1.0
wcgjlusxi,0,1,1,1.0
indecisionpinki,0,1,1,1.0
sryderwork,0,1,1,1.0
qiw,0,1,1,1.0
hencoop,0,1,1,1.0
gooooooot,0,1,1,1.0
proteccin,0,1,1,1.0
greizzl,0,1,1,1.0
rohxxlcz,0,1,1,1.0
ultr,0,1,1,1.0
wjqcw,0,1,1,1.0
wingram,1,0,1,0.0
tbland,1,0,1,0.0
ujjal,1,0,1,0.0
ppyinkkfq,0,1,1,1.0
ugvwijw,0,1,1,1.0
reversedworldwid,0,1,1,1.0
blindsaluminum,0,1,1,1.0
shanon,0,1,1,1.0
hlepa,0,1,1,1.0
viraquest,0,1,1,1.0
andrau,1,0,1,0.0
flzrnevg,0,1,1,1.0
pbtzdk,0,1,1,1.0
bfyrok,0,1,1,1.0
wcspyptdr,0,1,1,1.0
isam,0,1,1,1.0
forinvest,0,1,1,1.0
shckbh,0,1,1,1.0
convirtiéndos,0,1,1,1.0
withoutrescript,0,1,1,1.0
vqavavdwaap,0,1,1,1.0
veröffentlichung,0,1,1,1.0
fztvxtom,0,1,1,1.0
certa,0,1,1,1.0
terabit,1,0,1,0.0
befalldreamboat,0,1,1,1.0
ephemerid,0,1,1,1.0
dlindstrom,1,0,1,0.0
mploya,1,0,1,0.0
hemisphericcrystallit,0,1,1,1.0
areport,1,0,1,0.0
nbsk,1,0,1,0.0
lbgnk,0,1,1,1.0
albertyp,0,1,1,1.0
huprikar,1,0,1,0.0
byksrhm,0,1,1,1.0
issbyew,0,1,1,1.0
oqraqni,0,1,1,1.0
unecroensd,0,1,1,1.0
oker,0,1,1,1.0
backbitten,0,1,1,1.0
bbok,1,0,1,0.0
srteet,0,1,1,1.0
hnh,0,1,1,1.0
simplier,1,0,1,0.0
rodzinski,0,1,1,1.0
respectivament,0,1,1,1.0
nfvgg,0,1,1,1.0
ueleat,0,1,1,1.0
rvwtyx,0,1,1,1.0
asistir,0,1,1,1.0
rjugufwwpyygdtrcjx,0,1,1,1.0
bevallingsverlof,0,1,1,1.0
mggnoporwjvxi,0,1,1,1.0
paubrey,0,1,1,1.0
ortilistot,0,1,1,1.0
kracaoru,0,1,1,1.0
fiorocet,0,1,1,1.0
experl,0,1,1,1.0
andyextern,0,1,1,1.0
syntec,1,0,1,0.0
stranga,1,0,1,0.0
caxin,0,1,1,1.0
mortgagebank,0,1,1,1.0
indx,0,1,1,1.0
mixmpihydnnmoxzin,0,1,1,1.0
samleannshield,1,0,1,0.0
onannounc,0,1,1,1.0
santori,1,0,1,0.0
nffm,0,1,1,1.0
luau,1,0,1,0.0
troupeastrid,0,1,1,1.0
rooholamini,0,1,1,1.0
arbeitsb,0,1,1,1.0
concreto,0,1,1,1.0
rateabl,1,0,1,0.0
appx,1,0,1,0.0
dtbjzimi,0,1,1,1.0
rharbin,1,0,1,0.0
fbcampbel,1,0,1,0.0
mailsweep,1,0,1,0.0
bedziemi,1,0,1,0.0
intreg,0,1,1,1.0
azdndfpslt,0,1,1,1.0
amrad,1,0,1,0.0
filmabl,0,1,1,1.0
kcedzum,0,1,1,1.0
vfkbcki,0,1,1,1.0
sneaki,1,0,1,0.0
congener,1,0,1,0.0
fiinder,0,1,1,1.0
drespir,0,1,1,1.0
langlauf,0,1,1,1.0
employedstuff,0,1,1,1.0
tfv,0,1,1,1.0
ortamda,0,1,1,1.0
irete,0,1,1,1.0
extradict,0,1,1,1.0
rhartfi,1,0,1,0.0
uihenzjyysquptozp,0,1,1,1.0
kafyci,0,1,1,1.0
leej,0,1,1,1.0
internetguia,0,1,1,1.0
tisha,0,1,1,1.0
korsunski,0,1,1,1.0
bittorf,0,1,1,1.0
awrp,0,1,1,1.0
jfsmw,0,1,1,1.0
pplcton,0,1,1,1.0
notag,1,0,1,0.0
ozff,0,1,1,1.0
ludmila,1,0,1,0.0
xdsr,0,1,1,1.0
tbshfn,0,1,1,1.0
kdnxtguqp,0,1,1,1.0
sandwach,1,0,1,0.0
leser,0,1,1,1.0
kdbato,0,1,1,1.0
skymind,1,0,1,0.0
deianeirao,0,1,1,1.0
fisiologia,0,1,1,1.0
clarica,1,0,1,0.0
englund,0,1,1,1.0
zhnwz,0,1,1,1.0
kiroamegog,0,1,1,1.0
lakisha,0,1,1,1.0
fascal,1,0,1,0.0
crumley,1,0,1,0.0
kanavkin,0,1,1,1.0
zhqjfyqpk,0,1,1,1.0
racewayeurop,0,1,1,1.0
snblbwxqf,0,1,1,1.0
garraugh,1,0,1,0.0
ddb,0,1,1,1.0
xviii,0,1,1,1.0
auslaend,0,1,1,1.0
astomat,0,1,1,1.0
necessityfootpad,0,1,1,1.0
tiberi,1,0,1,0.0
edvbhi,0,1,1,1.0
nolesbt,0,1,1,1.0
pttna,0,1,1,1.0
wolverinorchid,0,1,1,1.0
ydhallui,1,0,1,0.0
jerker,1,0,1,0.0
inventariosl,0,1,1,1.0
wbuftli,0,1,1,1.0
prescriptionvagain,0,1,1,1.0
rmartin,1,0,1,0.0
lkotacp,0,1,1,1.0
diaphragmdialup,0,1,1,1.0
urjqdrpwr,0,1,1,1.0
gfczc,0,1,1,1.0
hisetori,0,1,1,1.0
hackman,1,0,1,0.0
psxzjscacf,0,1,1,1.0
anivers,0,1,1,1.0
clubwomb,0,1,1,1.0
kuvbmq,0,1,1,1.0
thickthat,0,1,1,1.0
ioafij,0,1,1,1.0
accunom,1,0,1,0.0
ygqjxaup,0,1,1,1.0
rubbercc,1,0,1,0.0
catl,0,1,1,1.0
settlementg,1,0,1,0.0
lrd,0,1,1,1.0
tmtl,0,1,1,1.0
zeabn,0,1,1,1.0
presyou,0,1,1,1.0
vkm,0,1,1,1.0
carousedeceit,0,1,1,1.0
pulsesurvey,1,0,1,0.0
nachdem,0,1,1,1.0
ivvyxkfj,0,1,1,1.0
lugo,1,0,1,0.0
eupid,0,1,1,1.0
mdedicationn,0,1,1,1.0
shadesl,0,1,1,1.0
iacocca,1,0,1,0.0
embroider,0,1,1,1.0
cwrvxfe,0,1,1,1.0
cqsvoz,0,1,1,1.0
hphpwteqr,0,1,1,1.0
chockshi,1,0,1,0.0
fnjhiqvjlsac,0,1,1,1.0
reprofil,0,1,1,1.0
verkauf,0,1,1,1.0
oemcd,0,1,1,1.0
twoodburi,1,0,1,0.0
twqssqlqqkvbdm,0,1,1,1.0
followil,1,0,1,0.0
elimint,0,1,1,1.0
eoqqq,0,1,1,1.0
jrvoeq,0,1,1,1.0
yycqbq,0,1,1,1.0
mokha,0,1,1,1.0
upcomign,1,0,1,0.0
cmh,1,0,1,0.0
bulgecollaps,0,1,1,1.0
kodin,0,1,1,1.0
ecdi,0,1,1,1.0
dntee,0,1,1,1.0
unsubzcrib,0,1,1,1.0
ityn,0,1,1,1.0
mensoore,0,1,1,1.0
damaraland,0,1,1,1.0
glickman,0,1,1,1.0
obtur,0,1,1,1.0
punkaltern,0,1,1,1.0
gqm,0,1,1,1.0
sjqgnruluexlsm,0,1,1,1.0
contadino,0,1,1,1.0
xvgwk,0,1,1,1.0
aufnn,0,1,1,1.0
ratelc,0,1,1,1.0
chianfong,0,1,1,1.0
efs,0,1,1,1.0
hairstyl,0,1,1,1.0
noce,1,0,1,0.0
seedsofenjoy,0,1,1,1.0
scrensh,1,0,1,0.0
tiecrewel,0,1,1,1.0
sabaraõ,0,1,1,1.0
psychedel,0,1,1,1.0
agslfcqo,0,1,1,1.0
broblem,0,1,1,1.0
vertik,0,1,1,1.0
invrt,0,1,1,1.0
xnvzjiz,0,1,1,1.0
acki,0,1,1,1.0
confirmedur,0,1,1,1.0
partwhen,0,1,1,1.0
beilhart,1,0,1,0.0
djwosd,0,1,1,1.0
hgzmfi,0,1,1,1.0
basketbasket,0,1,1,1.0
pvilch,1,0,1,0.0
tox,0,1,1,1.0
dsimm,1,0,1,0.0
upmeo,0,1,1,1.0
painn,0,1,1,1.0
oqn,0,1,1,1.0
larryfirst,0,1,1,1.0
faoc,0,1,1,1.0
nfoation,0,1,1,1.0
gpcfo,0,1,1,1.0
pxrbfoclxomtoymbmmtlj,0,1,1,1.0
eindeutig,0,1,1,1.0
ricjw,0,1,1,1.0
effluviabilg,0,1,1,1.0
nationaloteri,0,1,1,1.0
airsync,0,1,1,1.0
cxiypb,0,1,1,1.0
nyanchama,0,1,1,1.0
tjkg,0,1,1,1.0
verliezen,0,1,1,1.0
cdtaisxi,0,1,1,1.0
medzilla,0,1,1,1.0
wicusiowi,1,0,1,0.0
midnighthoboken,0,1,1,1.0
coheqzqf,0,1,1,1.0
truththes,0,1,1,1.0
prase,0,1,1,1.0
nonrespons,1,0,1,0.0
fwynww,0,1,1,1.0
tphereforj,0,1,1,1.0
neuquen,0,1,1,1.0
lotic,0,1,1,1.0
presionando,0,1,1,1.0
irrigación,0,1,1,1.0
chemdn,0,1,1,1.0
zgmzw,0,1,1,1.0
skinnerblhj,0,1,1,1.0
xfpgsemci,0,1,1,1.0
hotestmatur,0,1,1,1.0
verqgi,0,1,1,1.0
ukmichael,1,0,1,0.0
hotcak,0,1,1,1.0
agrapha,0,1,1,1.0
assistancea,0,1,1,1.0
timeser,0,1,1,1.0
rvsq,0,1,1,1.0
bridgeton,1,0,1,0.0
niggardli,0,1,1,1.0
utqk,0,1,1,1.0
lustrin,0,1,1,1.0
morë,0,1,1,1.0
nasso,1,0,1,0.0
onselectstart,0,1,1,1.0
intiti,1,0,1,0.0
labgikdejm,0,1,1,1.0
stk,1,0,1,0.0
rangemnt,0,1,1,1.0
emgclyd,0,1,1,1.0
varinput,1,0,1,0.0
aulo,0,1,1,1.0
khjwvtzv,0,1,1,1.0
cuxlqhlnmmsajelpq,0,1,1,1.0
iwtx,0,1,1,1.0
flossi,0,1,1,1.0
kmtjduoz,0,1,1,1.0
disct,0,1,1,1.0
euqlb,0,1,1,1.0
pukabashob,0,1,1,1.0
ihqvjggtk,0,1,1,1.0
xpesv,0,1,1,1.0
dammon,1,0,1,0.0
tollway,1,0,1,0.0
screeni,0,1,1,1.0
merch,0,1,1,1.0
jriha,1,0,1,0.0
zdq,0,1,1,1.0
jfreytag,1,0,1,0.0
unvalid,1,0,1,0.0
lacolombedor,1,0,1,0.0
steelwork,0,1,1,1.0
smwppxjgf,0,1,1,1.0
régimen,0,1,1,1.0
gocag,0,1,1,1.0
caudil,1,0,1,0.0
viukj,0,1,1,1.0
transo,1,0,1,0.0
oraga,0,1,1,1.0
cshipman,1,0,1,0.0
þen,0,1,1,1.0
yxuch,0,1,1,1.0
iojb,0,1,1,1.0
tjoxybmp,0,1,1,1.0
purkiss,1,0,1,0.0
bedeutung,0,1,1,1.0
gendia,0,1,1,1.0
tokeep,0,1,1,1.0
genussgift,0,1,1,1.0
sainf,0,1,1,1.0
revelutionari,0,1,1,1.0
yqlsve,0,1,1,1.0
edvqqlr,0,1,1,1.0
niedzi,1,0,1,0.0
qfmgyhz,0,1,1,1.0
diesmal,0,1,1,1.0
fffffyou,0,1,1,1.0
phscare,1,0,1,0.0
bodinga,0,1,1,1.0
registrierung,0,1,1,1.0
averwag,0,1,1,1.0
idiosyncraticcalv,0,1,1,1.0
daado,0,1,1,1.0
xhana,0,1,1,1.0
fionasoftbal,0,1,1,1.0
hnleff,0,1,1,1.0
sqwfhf,0,1,1,1.0
uhhocudqfwarm,0,1,1,1.0
einigen,0,1,1,1.0
medsmal,0,1,1,1.0
othersxl,0,1,1,1.0
radiologista,0,1,1,1.0
worthyconsular,0,1,1,1.0
ohdgnianbq,0,1,1,1.0
pzapl,0,1,1,1.0
ggqanldu,0,1,1,1.0
gazump,0,1,1,1.0
jpsysnbx,0,1,1,1.0
prot,1,0,1,0.0
republicbobcat,0,1,1,1.0
vmailvid,1,0,1,0.0
aladdix,0,1,1,1.0
qdqmgtdaupfwbd,0,1,1,1.0
sprescriptioni,0,1,1,1.0
meldung,0,1,1,1.0
eastablish,0,1,1,1.0
basilbasil,0,1,1,1.0
liqaa,0,1,1,1.0
ooawkbf,0,1,1,1.0
withth,1,0,1,0.0
handbuch,0,1,1,1.0
ratdg,0,1,1,1.0
wqu,0,1,1,1.0
tryiour,0,1,1,1.0
rncmnbbij,0,1,1,1.0
prescipt,0,1,1,1.0
raohv,0,1,1,1.0
longshor,0,1,1,1.0
jmrk,0,1,1,1.0
ledlow,1,0,1,0.0
ofreceiv,0,1,1,1.0
rtyfour,0,1,1,1.0
fgen,0,1,1,1.0
instim,0,1,1,1.0
virtualworld,1,0,1,0.0
inrbfkrzjodi,0,1,1,1.0
nhadx,0,1,1,1.0
hiid,0,1,1,1.0
smartpip,1,0,1,0.0
ukarante,0,1,1,1.0
exafigaybr,0,1,1,1.0
lycoshop,1,0,1,0.0
juden,1,0,1,0.0
consolatrixo,0,1,1,1.0
adiit,1,0,1,0.0
motorolahackmatack,0,1,1,1.0
lujo,0,1,1,1.0
liw,1,0,1,0.0
suntori,0,1,1,1.0
asnewirng,0,1,1,1.0
lfdwzw,0,1,1,1.0
leftmostarchibald,0,1,1,1.0
moveout,0,1,1,1.0
wythjmrseh,0,1,1,1.0
aouj,0,1,1,1.0
collinstenn,1,0,1,0.0
alfredutopia,0,1,1,1.0
estava,0,1,1,1.0
kmsb,0,1,1,1.0
specialistcsteuri,0,1,1,1.0
snvi,0,1,1,1.0
gbuhpger,0,1,1,1.0
draftl,1,0,1,0.0
fomento,1,0,1,0.0
genervt,0,1,1,1.0
zlqqhfh,0,1,1,1.0
cobd,0,1,1,1.0
bvd,0,1,1,1.0
servent,0,1,1,1.0
pkndp,0,1,1,1.0
artsmol,0,1,1,1.0
continuarà,0,1,1,1.0
heablth,0,1,1,1.0
urnpzr,0,1,1,1.0
citationappris,0,1,1,1.0
jlnax,0,1,1,1.0
bbeatti,1,0,1,0.0
liluvyyx,0,1,1,1.0
investecbv,0,1,1,1.0
iria,0,1,1,1.0
zlaafbugb,0,1,1,1.0
brander,0,1,1,1.0
sicomotor,0,1,1,1.0
hritz,1,0,1,0.0
ghostlikeconundrum,0,1,1,1.0
takin,0,1,1,1.0
sprowl,1,0,1,0.0
gxvlooo,0,1,1,1.0
corpsmenfibrosi,0,1,1,1.0
embraer,1,0,1,0.0
taterawaken,0,1,1,1.0
anbrnv,0,1,1,1.0
tcmwiprwdft,0,1,1,1.0
jpqhzzc,0,1,1,1.0
yyfkqa,0,1,1,1.0
includingtreasur,0,1,1,1.0
healthypolici,0,1,1,1.0
cumxvi,0,1,1,1.0
uxgnst,0,1,1,1.0
nqhea,0,1,1,1.0
mavroudi,1,0,1,0.0
ftmenh,0,1,1,1.0
satisfyingonew,0,1,1,1.0
sgzuajhqbr,0,1,1,1.0
jclre,1,0,1,0.0
wchmtt,0,1,1,1.0
mathwood,0,1,1,1.0
gilgai,0,1,1,1.0
fiskrob,1,0,1,0.0
jamieshand,1,0,1,0.0
lhic,0,1,1,1.0
kme,0,1,1,1.0
ausgaben,0,1,1,1.0
lodoy,0,1,1,1.0
nztgvo,0,1,1,1.0
nkr,0,1,1,1.0
lytjjj,0,1,1,1.0
censusinternet,0,1,1,1.0
shammara,1,0,1,0.0
bigl,1,0,1,0.0
yogcur,0,1,1,1.0
tzhizhin,0,1,1,1.0
imtec,0,1,1,1.0
huoesapj,0,1,1,1.0
miotto,0,1,1,1.0
mtsaatw,0,1,1,1.0
provenzano,1,0,1,0.0
frilli,0,1,1,1.0
inselberg,0,1,1,1.0
minimaanorthit,0,1,1,1.0
rmu,0,1,1,1.0
ymb,0,1,1,1.0
dunedinamplitud,0,1,1,1.0
weiguarante,0,1,1,1.0
xyvoqldtkmr,0,1,1,1.0
uvmihtc,0,1,1,1.0
wcehay,0,1,1,1.0
reliquia,0,1,1,1.0
auetbfa,0,1,1,1.0
crhi,0,1,1,1.0
prxex,0,1,1,1.0
gflexeril,0,1,1,1.0
mogelijk,0,1,1,1.0
ugjomc,0,1,1,1.0
bnbsp,0,1,1,1.0
looooong,0,1,1,1.0
exoticw,0,1,1,1.0
qhg,0,1,1,1.0
mkeel,0,1,1,1.0
urgentfrom,0,1,1,1.0
qbi,0,1,1,1.0
enscoinc,1,0,1,0.0
peiucafgk,0,1,1,1.0
decillion,0,1,1,1.0
headsmansingapor,0,1,1,1.0
electriciancarrot,0,1,1,1.0
qvqoexel,0,1,1,1.0
ajx,0,1,1,1.0
atza,0,1,1,1.0
aprim,0,1,1,1.0
zamora,0,1,1,1.0
kennen,0,1,1,1.0
bumbri,0,1,1,1.0
williamsenergi,1,0,1,0.0
xaol,1,0,1,0.0
flavel,1,0,1,0.0
fiffffteeeen,0,1,1,1.0
qvxo,0,1,1,1.0
cpxqw,0,1,1,1.0
ifhudjztk,0,1,1,1.0
gingersnap,0,1,1,1.0
emporium,0,1,1,1.0
eingetroffen,0,1,1,1.0
dmuwgadlfpyyovrr,0,1,1,1.0
alphanag,0,1,1,1.0
dedwd,0,1,1,1.0
questionairr,1,0,1,0.0
hooray,1,0,1,0.0
gearssh,0,1,1,1.0
pão,0,1,1,1.0
striktuur,0,1,1,1.0
katiebc,1,0,1,0.0
hrofmw,0,1,1,1.0
lovaphazifa,0,1,1,1.0
brgd,1,0,1,0.0
backagain,0,1,1,1.0
envolop,0,1,1,1.0
adenoid,0,1,1,1.0
banjul,0,1,1,1.0
idellebrandon,0,1,1,1.0
impressora,0,1,1,1.0
tireless,1,0,1,0.0
kamaz,0,1,1,1.0
brandabl,0,1,1,1.0
mut,0,1,1,1.0
ibsgeju,0,1,1,1.0
zui,0,1,1,1.0
euexl,0,1,1,1.0
afianzamiento,0,1,1,1.0
abscis,0,1,1,1.0
coutri,0,1,1,1.0
woodcarverblar,0,1,1,1.0
uvuxg,0,1,1,1.0
borroweaf,0,1,1,1.0
bodenhuels,0,1,1,1.0
fffffdin,0,1,1,1.0
anywaez,0,1,1,1.0
hromt,0,1,1,1.0
ngafeha,0,1,1,1.0
merchan,0,1,1,1.0
evunetaf,0,1,1,1.0
furb,0,1,1,1.0
retaivl,0,1,1,1.0
gwyllt,0,1,1,1.0
oiu,0,1,1,1.0
soaruir,0,1,1,1.0
gnduxdhcpqnnmfhh,0,1,1,1.0
hsxde,0,1,1,1.0
irxfi,0,1,1,1.0
adrienneolsen,1,0,1,0.0
techforal,1,0,1,0.0
proxjzscm,0,1,1,1.0
mclink,0,1,1,1.0
milho,0,1,1,1.0
zaarkb,0,1,1,1.0
wbfgkgzc,0,1,1,1.0
gfbngismk,0,1,1,1.0
sxqnat,0,1,1,1.0
jacosta,0,1,1,1.0
ccomplet,0,1,1,1.0
ozqlakrx,0,1,1,1.0
sxqaitp,0,1,1,1.0
xhcpnl,0,1,1,1.0
categoris,1,0,1,0.0
gbhvcove,0,1,1,1.0
webappli,1,0,1,0.0
ybp,0,1,1,1.0
pelm,0,1,1,1.0
overwritten,1,0,1,0.0
nmdntivi,0,1,1,1.0
misnomin,1,0,1,0.0
tornando,0,1,1,1.0
ofget,0,1,1,1.0
idealizado,0,1,1,1.0
rkp,0,1,1,1.0
pepsin,0,1,1,1.0
asnd,0,1,1,1.0
meriy,0,1,1,1.0
allam,0,1,1,1.0
ahram,0,1,1,1.0
htmlheadtitlelt,0,1,1,1.0
mumbia,1,0,1,0.0
aisev,0,1,1,1.0
traineeasynchroni,0,1,1,1.0
vivr,0,1,1,1.0
gerstmar,0,1,1,1.0
totjqu,0,1,1,1.0
xairesta,0,1,1,1.0
selfknowledg,0,1,1,1.0
cond,0,1,1,1.0
cejnr,0,1,1,1.0
qqualiti,0,1,1,1.0
reecho,0,1,1,1.0
conduzca,0,1,1,1.0
isxerox,0,1,1,1.0
whitneypubl,0,1,1,1.0
codificado,0,1,1,1.0
bilisim,0,1,1,1.0
gotu,0,1,1,1.0
storebeauti,0,1,1,1.0
ufnsuhbscrpib,0,1,1,1.0
htketllyo,0,1,1,1.0
brindisi,0,1,1,1.0
bouwt,0,1,1,1.0
alliancearch,1,0,1,0.0
dchew,1,0,1,0.0
wgten,0,1,1,1.0
dabay,1,0,1,0.0
klyx,0,1,1,1.0
kfwx,0,1,1,1.0
owb,0,1,1,1.0
fmr,1,0,1,0.0
kristilw,1,0,1,0.0
lesswrl,0,1,1,1.0
overdriven,0,1,1,1.0
henrycash,1,0,1,0.0
inbl,0,1,1,1.0
painoil,0,1,1,1.0
parkia,0,1,1,1.0
eryngo,0,1,1,1.0
andyc,1,0,1,0.0
incrypt,0,1,1,1.0
qufu,0,1,1,1.0
berit,1,0,1,0.0
spower,1,0,1,0.0
elcano,0,1,1,1.0
robustjunior,0,1,1,1.0
dorisdilli,0,1,1,1.0
cinalci,0,1,1,1.0
fluckig,1,0,1,0.0
precentor,0,1,1,1.0
gissc,0,1,1,1.0
usomeon,0,1,1,1.0
sharril,1,0,1,0.0
jocub,0,1,1,1.0
frappachino,1,0,1,0.0
makeitvp,0,1,1,1.0
vkcrccd,0,1,1,1.0
ojr,0,1,1,1.0
hidao,0,1,1,1.0
lettersa,0,1,1,1.0
zdyn,0,1,1,1.0
nmqufbqza,0,1,1,1.0
bvrtwyb,0,1,1,1.0
kki,0,1,1,1.0
vnbjorm,0,1,1,1.0
gbhudasewzil,0,1,1,1.0
ül,0,1,1,1.0
esbr,0,1,1,1.0
scower,0,1,1,1.0
tilthi,0,1,1,1.0
cagra,0,1,1,1.0
planswww,0,1,1,1.0
doinrev,0,1,1,1.0
dorti,0,1,1,1.0
gbliquuf,0,1,1,1.0
madonn,0,1,1,1.0
vdtbaa,0,1,1,1.0
psicosi,0,1,1,1.0
yalemu,0,1,1,1.0
cdunivers,0,1,1,1.0
jdidmxc,0,1,1,1.0
tdu,0,1,1,1.0
recibirlo,0,1,1,1.0
comhav,0,1,1,1.0
contactdalla,1,0,1,0.0
wheter,1,0,1,0.0
ujffq,0,1,1,1.0
denmon,0,1,1,1.0
letheal,0,1,1,1.0
nyjryeloh,0,1,1,1.0
dongsanhuan,0,1,1,1.0
wkclgn,0,1,1,1.0
cheaaaaaaap,0,1,1,1.0
neurol,0,1,1,1.0
garantizarn,0,1,1,1.0
phonesin,0,1,1,1.0
starspath,0,1,1,1.0
primegen,0,1,1,1.0
superchapviagra,0,1,1,1.0
xemylb,0,1,1,1.0
uymlzq,0,1,1,1.0
zqfsuper,0,1,1,1.0
wasslam,0,1,1,1.0
bggyywi,0,1,1,1.0
svensson,1,0,1,0.0
proctect,1,0,1,0.0
phn,1,0,1,0.0
mhejka,1,0,1,0.0
klaipeda,0,1,1,1.0
justlook,0,1,1,1.0
emgealzan,0,1,1,1.0
fzdkpuw,0,1,1,1.0
soletn,0,1,1,1.0
detailsl,0,1,1,1.0
tltti,0,1,1,1.0
randomiz,0,1,1,1.0
aalhsvnjh,0,1,1,1.0
acuna,1,0,1,0.0
plastico,0,1,1,1.0
hinsdal,1,0,1,0.0
iymmm,0,1,1,1.0
medizon,0,1,1,1.0
rnx,0,1,1,1.0
paulandkarin,1,0,1,0.0
ywipb,0,1,1,1.0
actu,0,1,1,1.0
brecon,0,1,1,1.0
onlineservic,0,1,1,1.0
xdya,0,1,1,1.0
conduciveflorid,0,1,1,1.0
encopresi,0,1,1,1.0
llwzvjp,0,1,1,1.0
filnd,0,1,1,1.0
nrunxcf,0,1,1,1.0
hvibu,0,1,1,1.0
krogmeier,1,0,1,0.0
darv,0,1,1,1.0
ahx,0,1,1,1.0
cochinwala,1,0,1,0.0
admirador,0,1,1,1.0
geomagnet,0,1,1,1.0
pxza,0,1,1,1.0
kbkid,0,1,1,1.0
overeach,1,0,1,0.0
cvmig,0,1,1,1.0
ykeour,0,1,1,1.0
uncompli,0,1,1,1.0
ecapb,0,1,1,1.0
xhxfftnm,0,1,1,1.0
enhaxnc,0,1,1,1.0
qai,0,1,1,1.0
cbtjbzkfsncib,0,1,1,1.0
aisdal,1,0,1,0.0
fadil,1,0,1,0.0
visntzolatasrahar,0,1,1,1.0
uywbv,0,1,1,1.0
jcz,0,1,1,1.0
cockboat,0,1,1,1.0
eocflf,0,1,1,1.0
uzengqdvk,0,1,1,1.0
dylanqueu,0,1,1,1.0
ifdit,1,0,1,0.0
gqvii,0,1,1,1.0
radrdauxu,0,1,1,1.0
youxne,0,1,1,1.0
bacardi,0,1,1,1.0
wemight,0,1,1,1.0
shoeleath,0,1,1,1.0
wddeiiwb,0,1,1,1.0
milhalik,1,0,1,0.0
bulmulet,0,1,1,1.0
acetylcellulos,0,1,1,1.0
dxgfdu,0,1,1,1.0
anthonytrevelyan,0,1,1,1.0
bpr,0,1,1,1.0
dcfprod,1,0,1,0.0
odnosni,1,0,1,0.0
einnreq,0,1,1,1.0
loquitur,0,1,1,1.0
finction,0,1,1,1.0
oddo,0,1,1,1.0
subsiduari,1,0,1,0.0
goodbodi,1,0,1,0.0
akrah,0,1,1,1.0
tipcomparison,0,1,1,1.0
markevitch,0,1,1,1.0
mohammedhudbanguru,0,1,1,1.0
chamberdivorce,0,1,1,1.0
prokofieffinjur,0,1,1,1.0
brbrimg,0,1,1,1.0
pzbnpr,0,1,1,1.0
awesomebridg,0,1,1,1.0
iauklet,0,1,1,1.0
iwrug,0,1,1,1.0
odjzh,0,1,1,1.0
yov,0,1,1,1.0
tepyycemkckiflbsvpcyi,0,1,1,1.0
apybprov,0,1,1,1.0
djcbmdgiavrc,0,1,1,1.0
rhoxlibcauk,0,1,1,1.0
unannouc,0,1,1,1.0
kjyjfs,0,1,1,1.0
aportado,0,1,1,1.0
pcakhhbw,0,1,1,1.0
sononstin,1,0,1,0.0
ckgbi,0,1,1,1.0
duerler,1,0,1,0.0
resumenovo,1,0,1,0.0
eejorrvsc,0,1,1,1.0
insteady,0,1,1,1.0
sthough,0,1,1,1.0
laurelin,0,1,1,1.0
bnc,0,1,1,1.0
listmail,0,1,1,1.0
refinnc,0,1,1,1.0
didonato,1,0,1,0.0
poisit,1,0,1,0.0
okvffxpi,0,1,1,1.0
kuigptkbx,0,1,1,1.0
ectati,0,1,1,1.0
dickvmdpqzaultf,0,1,1,1.0
krtw,0,1,1,1.0
ofhappi,0,1,1,1.0
cking,0,1,1,1.0
oomg,0,1,1,1.0
clairol,0,1,1,1.0
ujpsq,0,1,1,1.0
ãìáé,0,1,1,1.0
belgianbuttfuck,0,1,1,1.0
phenathren,0,1,1,1.0
werfen,0,1,1,1.0
xanwax,0,1,1,1.0
hoshikowa,0,1,1,1.0
japanemaillotto,0,1,1,1.0
satun,0,1,1,1.0
undjllkxt,0,1,1,1.0
weektotaldownload,0,1,1,1.0
xarnax,0,1,1,1.0
designl,0,1,1,1.0
nvq,0,1,1,1.0
igvsxi,0,1,1,1.0
obiad,1,0,1,0.0
xfur,0,1,1,1.0
taza,0,1,1,1.0
anybodyacross,0,1,1,1.0
ganh,0,1,1,1.0
unitarybathroom,0,1,1,1.0
unor,0,1,1,1.0
mosttrust,0,1,1,1.0
investerclub,0,1,1,1.0
overprint,0,1,1,1.0
torcedurabuhbl,0,1,1,1.0
anglicist,0,1,1,1.0
wharfing,0,1,1,1.0
nant,0,1,1,1.0
deconsolid,1,0,1,0.0
tiresomediann,0,1,1,1.0
margareta,0,1,1,1.0
ibarri,0,1,1,1.0
haakan,1,0,1,0.0
sobimex,0,1,1,1.0
wnqevxoif,0,1,1,1.0
cqtftybr,0,1,1,1.0
außergerichtlich,0,1,1,1.0
dzshyhbi,0,1,1,1.0
wwa,0,1,1,1.0
pala,0,1,1,1.0
jstephenson,1,0,1,0.0
nrlwi,0,1,1,1.0
bmbrinkl,1,0,1,0.0
thewild,0,1,1,1.0
photologist,0,1,1,1.0
dfuatv,0,1,1,1.0
pgdqoq,0,1,1,1.0
musel,1,0,1,0.0
kaoru,1,0,1,0.0
lktnjo,0,1,1,1.0
mentat,0,1,1,1.0
cbjug,0,1,1,1.0
wacwpmyv,0,1,1,1.0
powerscan,0,1,1,1.0
extendeth,0,1,1,1.0
nozt,0,1,1,1.0
pksco,0,1,1,1.0
disucreet,0,1,1,1.0
bdx,0,1,1,1.0
peggot,0,1,1,1.0
kpsf,0,1,1,1.0
janicen,1,0,1,0.0
xxxfek,0,1,1,1.0
macromdia,0,1,1,1.0
audiomet,0,1,1,1.0
pxejd,0,1,1,1.0
gynecolog,0,1,1,1.0
millington,1,0,1,0.0
eyxsn,0,1,1,1.0
ngastojan,0,1,1,1.0
viin,0,1,1,1.0
keeplow,0,1,1,1.0
pyl,0,1,1,1.0
jarmstrong,1,0,1,0.0
rvxsiw,0,1,1,1.0
prq,0,1,1,1.0
dren,0,1,1,1.0
iintegr,0,1,1,1.0
elkmlifebd,0,1,1,1.0
medicatiuum,0,1,1,1.0
jzmnk,0,1,1,1.0
eoumcgzmx,0,1,1,1.0
hondurasl,0,1,1,1.0
hsitez,0,1,1,1.0
bgreement,0,1,1,1.0
vymqmivgdnnzthjokyjd,0,1,1,1.0
eotjcyck,0,1,1,1.0
ffvppwe,0,1,1,1.0
aufmerksam,0,1,1,1.0
uoio,0,1,1,1.0
qqvkeokai,0,1,1,1.0
qwmghv,0,1,1,1.0
dittyutil,0,1,1,1.0
diaria,0,1,1,1.0
swip,0,1,1,1.0
encriptar,0,1,1,1.0
littlebuddi,1,0,1,0.0
discrecp,1,0,1,0.0
smendez,0,1,1,1.0
enmzrn,0,1,1,1.0
injusticeopposit,0,1,1,1.0
consitut,1,0,1,0.0
vllia,0,1,1,1.0
alreday,1,0,1,0.0
salsabil,0,1,1,1.0
kdpvregc,0,1,1,1.0
hidrocarburo,0,1,1,1.0
rekgfor,0,1,1,1.0
fewmi,0,1,1,1.0
realtorsl,0,1,1,1.0
tosdpq,0,1,1,1.0
chattererz,0,1,1,1.0
patsarg,1,0,1,0.0
jurekq,0,1,1,1.0
marketcredit,1,0,1,0.0
indigenemalta,0,1,1,1.0
xqo,0,1,1,1.0
rogamo,0,1,1,1.0
faksoy,0,1,1,1.0
harpydusti,0,1,1,1.0
xserjw,0,1,1,1.0
mzfcyj,0,1,1,1.0
utejvfapgrb,0,1,1,1.0
wbheyh,0,1,1,1.0
mccomma,1,0,1,0.0
explodiu,0,1,1,1.0
mebl,1,0,1,0.0
prokofieffdunbar,0,1,1,1.0
sulemanluk,0,1,1,1.0
silurian,0,1,1,1.0
wzskdkud,0,1,1,1.0
oconn,1,0,1,0.0
cienega,0,1,1,1.0
stopth,0,1,1,1.0
ojq,0,1,1,1.0
fullbright,1,0,1,0.0
yloxxth,0,1,1,1.0
somenew,0,1,1,1.0
hairlesss,0,1,1,1.0
wiish,0,1,1,1.0
unharm,0,1,1,1.0
zoophyt,0,1,1,1.0
ilntjgfw,0,1,1,1.0
dzlpcfjn,0,1,1,1.0
sxluhwlln,0,1,1,1.0
bsjone,1,0,1,0.0
studentschug,0,1,1,1.0
lsil,1,0,1,0.0
chicot,0,1,1,1.0
jannet,1,0,1,0.0
essentkabel,0,1,1,1.0
runlet,0,1,1,1.0
varp,0,1,1,1.0
wingbackringmast,0,1,1,1.0
gouveia,1,0,1,0.0
novemebr,0,1,1,1.0
conditio,0,1,1,1.0
antisthen,0,1,1,1.0
spion,0,1,1,1.0
nordisk,1,0,1,0.0
natashiapaul,0,1,1,1.0
gbsi,0,1,1,1.0
fcqljuytv,0,1,1,1.0
mydiscountsoftwar,0,1,1,1.0
aadaluzebcp,0,1,1,1.0
virii,0,1,1,1.0
grimmbluebush,0,1,1,1.0
ponytail,0,1,1,1.0
bloomfld,1,0,1,0.0
pltwlo,0,1,1,1.0
nptmo,0,1,1,1.0
myp,0,1,1,1.0
cowpland,0,1,1,1.0
egsg,0,1,1,1.0
lmtd,0,1,1,1.0
dhiraj,0,1,1,1.0
ahtoxri,0,1,1,1.0
tfylaytgu,0,1,1,1.0
athanason,1,0,1,0.0
brlo,0,1,1,1.0
applix,1,0,1,0.0
kimballresourc,1,0,1,0.0
kywrqt,0,1,1,1.0
antiskid,0,1,1,1.0
dedicado,0,1,1,1.0
fridg,0,1,1,1.0
ltjosvrex,0,1,1,1.0
docto,0,1,1,1.0
xcnalfc,0,1,1,1.0
teleteam,1,0,1,0.0
crma,1,0,1,0.0
breadbasket,0,1,1,1.0
peecnrt,0,1,1,1.0
backatcha,1,0,1,0.0
jhgmjo,0,1,1,1.0
kgdyefclrwlqcp,0,1,1,1.0
xxzphgi,0,1,1,1.0
antonomasia,0,1,1,1.0
enthaltenen,0,1,1,1.0
freebizkit,0,1,1,1.0
westafrica,0,1,1,1.0
veag,1,0,1,0.0
salil,1,0,1,0.0
insectolog,0,1,1,1.0
stylis,1,0,1,0.0
iupto,0,1,1,1.0
yhowmj,0,1,1,1.0
amvidclxo,0,1,1,1.0
swxldgrce,0,1,1,1.0
quosewa,0,1,1,1.0
rpoogjk,0,1,1,1.0
nascentaeneid,0,1,1,1.0
kdawzqey,0,1,1,1.0
cxsbv,0,1,1,1.0
powderflask,0,1,1,1.0
baewo,0,1,1,1.0
kpwfwu,0,1,1,1.0
kianim,1,0,1,0.0
vvgr,0,1,1,1.0
kalastrap,1,0,1,0.0
rcczplkhbni,0,1,1,1.0
gaand,0,1,1,1.0
bluethroat,0,1,1,1.0
meabh,1,0,1,0.0
hoxsu,0,1,1,1.0
verbreiten,0,1,1,1.0
wikefuwiqu,0,1,1,1.0
basedon,0,1,1,1.0
kaissi,1,0,1,0.0
spmbsxz,0,1,1,1.0
oyohjvd,0,1,1,1.0
scrappi,1,0,1,0.0
adaklux,0,1,1,1.0
loneliest,0,1,1,1.0
degreeidyl,0,1,1,1.0
tabmark,0,1,1,1.0
nwenuso,0,1,1,1.0
mainstaydisrupt,0,1,1,1.0
rpocmb,0,1,1,1.0
umass,1,0,1,0.0
destinarla,0,1,1,1.0
kloni,1,0,1,0.0
ulrdc,0,1,1,1.0
goodherb,0,1,1,1.0
rmp,1,0,1,0.0
ofcourseyoucan,0,1,1,1.0
wotturz,0,1,1,1.0
fvtpheu,0,1,1,1.0
natascha,1,0,1,0.0
adenda,1,0,1,0.0
vizit,0,1,1,1.0
cean,0,1,1,1.0
overni,0,1,1,1.0
corticaladopt,0,1,1,1.0
saturadi,1,0,1,0.0
gnkvjfg,0,1,1,1.0
keila,0,1,1,1.0
tornar,0,1,1,1.0
tempykd,0,1,1,1.0
telepacif,0,1,1,1.0
discountherb,0,1,1,1.0
nech,1,0,1,0.0
noaat,0,1,1,1.0
cybersexo,0,1,1,1.0
tgalkoaxbr,0,1,1,1.0
bacteriumlpul,0,1,1,1.0
promu,1,0,1,0.0
champssport,1,0,1,0.0
propeecia,0,1,1,1.0
jamei,0,1,1,1.0
ogali,0,1,1,1.0
netrp,0,1,1,1.0
dkfrizxkdtrrmaf,0,1,1,1.0
auqlttg,0,1,1,1.0
eqbtzi,0,1,1,1.0
papera,0,1,1,1.0
wwonder,0,1,1,1.0
establisha,0,1,1,1.0
hwuburk,0,1,1,1.0
alreaseas,0,1,1,1.0
biblicallypassag,0,1,1,1.0
gnwuuf,0,1,1,1.0
messieursi,0,1,1,1.0
przeslani,1,0,1,0.0
sebelebel,0,1,1,1.0
pxlkqlhm,0,1,1,1.0
azxpavfo,0,1,1,1.0
pyi,0,1,1,1.0
venant,0,1,1,1.0
pageid,1,0,1,0.0
olivo,1,0,1,0.0
ristourn,0,1,1,1.0
smomea,0,1,1,1.0
cabalist,0,1,1,1.0
fleteren,1,0,1,0.0
youih,0,1,1,1.0
collectiopn,0,1,1,1.0
sonnypedro,0,1,1,1.0
areinterest,0,1,1,1.0
kwcwu,0,1,1,1.0
vizqepr,0,1,1,1.0
côté,0,1,1,1.0
lassl,1,0,1,0.0
twentyf,0,1,1,1.0
dfjpbfijk,0,1,1,1.0
visualizador,0,1,1,1.0
dosic,0,1,1,1.0
toysru,0,1,1,1.0
hanston,0,1,1,1.0
venm,0,1,1,1.0
commissionl,1,0,1,0.0
sabonet,0,1,1,1.0
kqcvnoqg,0,1,1,1.0
semp,0,1,1,1.0
prophecia,0,1,1,1.0
shamong,0,1,1,1.0
munkr,1,0,1,0.0
mrightm,1,0,1,0.0
qcjovz,0,1,1,1.0
rtbgvrepf,0,1,1,1.0
brashli,1,0,1,0.0
getthereplac,0,1,1,1.0
spvill,1,0,1,0.0
eastproduct,0,1,1,1.0
mvx,0,1,1,1.0
mrito,0,1,1,1.0
coupist,0,1,1,1.0
ebcc,0,1,1,1.0
palladian,0,1,1,1.0
splutter,0,1,1,1.0
alemail,0,1,1,1.0
centernow,0,1,1,1.0
norldj,0,1,1,1.0
hzrkpvhlabcydb,0,1,1,1.0
kyamuwma,0,1,1,1.0
tjyuqi,0,1,1,1.0
turkeyleg,1,0,1,0.0
nflo,0,1,1,1.0
alehsw,0,1,1,1.0
packardpavilion,0,1,1,1.0
bottomtextarea,0,1,1,1.0
zhcr,0,1,1,1.0
sporitelna,1,0,1,0.0
margarito,0,1,1,1.0
adresleriyl,0,1,1,1.0
bfsfioricet,0,1,1,1.0
vlbllzymn,0,1,1,1.0
dufsb,0,1,1,1.0
zmbfi,0,1,1,1.0
europoort,0,1,1,1.0
xqfffdndd,0,1,1,1.0
sesmail,0,1,1,1.0
hierro,0,1,1,1.0
hincrreasebeenal,0,1,1,1.0
agenic,1,0,1,0.0
agraff,0,1,1,1.0
sundstrand,1,0,1,0.0
bwiddershin,0,1,1,1.0
canfieldbutyr,0,1,1,1.0
unacknowledg,0,1,1,1.0
espanha,0,1,1,1.0
efxaristo,0,1,1,1.0
gic,0,1,1,1.0
uitker,0,1,1,1.0
interaccess,1,0,1,0.0
enermetrix,1,0,1,0.0
dunseith,0,1,1,1.0
ceu,1,0,1,0.0
jhey,1,0,1,0.0
ogb,0,1,1,1.0
cublumbermen,0,1,1,1.0
assistanceship,0,1,1,1.0
barak,0,1,1,1.0
rqmbnhkxp,0,1,1,1.0
azvrg,0,1,1,1.0
dotyczi,1,0,1,0.0
gcoproduct,0,1,1,1.0
timeit,1,0,1,0.0
alev,1,0,1,0.0
diensten,0,1,1,1.0
sigam,1,0,1,0.0
construeaustin,0,1,1,1.0
promoción,0,1,1,1.0
galicia,1,0,1,0.0
umdeemuc,0,1,1,1.0
tirana,0,1,1,1.0
afwkni,0,1,1,1.0
vashoceseku,0,1,1,1.0
capoqb,0,1,1,1.0
inlg,0,1,1,1.0
mmachesney,1,0,1,0.0
indexyear,1,0,1,0.0
lbstobacco,0,1,1,1.0
hnvguv,0,1,1,1.0
suzan,1,0,1,0.0
conditionar,0,1,1,1.0
pariahcaught,0,1,1,1.0
doctrinaldecemb,0,1,1,1.0
probabilit,1,0,1,0.0
conhea,0,1,1,1.0
lwsmtf,0,1,1,1.0
sxwemx,0,1,1,1.0
meedlcatlon,0,1,1,1.0
ewwm,0,1,1,1.0
condiçõ,0,1,1,1.0
strontiumbug,0,1,1,1.0
wobrk,0,1,1,1.0
lauf,0,1,1,1.0
lkuyj,0,1,1,1.0
emailoff,0,1,1,1.0
reafirma,0,1,1,1.0
peplosor,0,1,1,1.0
uxnmwn,0,1,1,1.0
songbagbronchu,0,1,1,1.0
kanauf,1,0,1,0.0
sooxqrxx,0,1,1,1.0
zaleh,0,1,1,1.0
computern,0,1,1,1.0
vakfinin,0,1,1,1.0
obveijlnf,0,1,1,1.0
lqfel,0,1,1,1.0
nzbrkt,0,1,1,1.0
oour,0,1,1,1.0
djzr,0,1,1,1.0
grpaliourgqfzzyfp,0,1,1,1.0
grushkin,1,0,1,0.0
forwarddebt,0,1,1,1.0
mwrobw,0,1,1,1.0
selfcommand,0,1,1,1.0
preferia,0,1,1,1.0
oyjqf,0,1,1,1.0
guadalara,1,0,1,0.0
loova,0,1,1,1.0
taxoo,0,1,1,1.0
pkft,0,1,1,1.0
hknx,0,1,1,1.0
brakessh,0,1,1,1.0
remareri,0,1,1,1.0
guelder,0,1,1,1.0
eingehend,0,1,1,1.0
jrt,0,1,1,1.0
davidthompsondtol,0,1,1,1.0
recreanc,0,1,1,1.0
ozlf,0,1,1,1.0
ankunft,1,0,1,0.0
antivlru,0,1,1,1.0
unfurl,1,0,1,0.0
qonnkd,0,1,1,1.0
billdegrandi,1,0,1,0.0
turbojet,0,1,1,1.0
mxserverl,0,1,1,1.0
torontoboost,0,1,1,1.0
ejfd,0,1,1,1.0
sitebusi,0,1,1,1.0
cheatin,1,0,1,0.0
dyygyt,0,1,1,1.0
fillow,0,1,1,1.0
overinvo,0,1,1,1.0
bijsgd,0,1,1,1.0
lsc,0,1,1,1.0
protozo,0,1,1,1.0
lgyqd,0,1,1,1.0
anyharsh,0,1,1,1.0
mcgarett,1,0,1,0.0
incrediblemil,0,1,1,1.0
cabait,0,1,1,1.0
egaa,0,1,1,1.0
nxjyexebr,0,1,1,1.0
rejoiceth,0,1,1,1.0
mdgm,0,1,1,1.0
begawan,0,1,1,1.0
csamadvocac,0,1,1,1.0
acoc,1,0,1,0.0
archaeologist,0,1,1,1.0
metasearch,0,1,1,1.0
pleasantpli,0,1,1,1.0
polim,0,1,1,1.0
leblonl,0,1,1,1.0
delíveri,0,1,1,1.0
williamsfalana,0,1,1,1.0
skmx,0,1,1,1.0
qfg,0,1,1,1.0
solaut,0,1,1,1.0
kwfua,0,1,1,1.0
ricciardi,0,1,1,1.0
qoukzr,0,1,1,1.0
aoct,0,1,1,1.0
lookupparisian,0,1,1,1.0
nfcfpropos,1,0,1,0.0
amelina,0,1,1,1.0
twinspin,1,0,1,0.0
nbbrd,0,1,1,1.0
tegenov,0,1,1,1.0
tkersten,0,1,1,1.0
oudpyoq,0,1,1,1.0
azodsuar,0,1,1,1.0
arca,0,1,1,1.0
telethoncallisto,0,1,1,1.0
pdict,0,1,1,1.0
maximium,1,0,1,0.0
outputsummari,1,0,1,0.0
memorychar,0,1,1,1.0
redway,1,0,1,0.0
zwhl,0,1,1,1.0
setralin,0,1,1,1.0
pussii,0,1,1,1.0
bjehu,1,0,1,0.0
policticain,0,1,1,1.0
ubvtmt,0,1,1,1.0
perapat,1,0,1,0.0
cafetera,0,1,1,1.0
genética,0,1,1,1.0
tlxcf,0,1,1,1.0
yjdltz,0,1,1,1.0
afxuwxwo,0,1,1,1.0
kcpl,1,0,1,0.0
hairr,1,0,1,0.0
flawlessli,1,0,1,0.0
emqheoj,0,1,1,1.0
iic,0,1,1,1.0
bfm,0,1,1,1.0
jrx,0,1,1,1.0
znrlt,0,1,1,1.0
anch,0,1,1,1.0
preteeni,0,1,1,1.0
auszuschlagen,0,1,1,1.0
cartag,1,0,1,0.0
liotl,1,0,1,0.0
cwbmdj,0,1,1,1.0
tfpwsan,0,1,1,1.0
ogxvgczq,0,1,1,1.0
nosleep,0,1,1,1.0
psalmsl,1,0,1,0.0
slightlymor,0,1,1,1.0
vedkpoc,0,1,1,1.0
imtln,0,1,1,1.0
warmblowjob,0,1,1,1.0
uair,0,1,1,1.0
coixwq,0,1,1,1.0
atwalgreen,0,1,1,1.0
lre,1,0,1,0.0
rweron,1,0,1,0.0
notebookplusmobil,0,1,1,1.0
powertechlab,1,0,1,0.0
selecti,1,0,1,0.0
umgfng,0,1,1,1.0
dcv,0,1,1,1.0
cabblack,0,1,1,1.0
ipusybfk,0,1,1,1.0
outskirt,0,1,1,1.0
ijrnplj,0,1,1,1.0
ratger,0,1,1,1.0
padshah,0,1,1,1.0
pvrhqzjzi,0,1,1,1.0
ptr,0,1,1,1.0
editorial,0,1,1,1.0
uuuniversityy,0,1,1,1.0
devez,0,1,1,1.0
becxau,0,1,1,1.0
incer,0,1,1,1.0
houckuxb,0,1,1,1.0
deban,0,1,1,1.0
congratulaion,0,1,1,1.0
entittl,0,1,1,1.0
vieagra,0,1,1,1.0
mtihdksi,0,1,1,1.0
jxphzw,0,1,1,1.0
ozhmhkhr,0,1,1,1.0
aaaenerfax,1,0,1,0.0
rozmawialem,1,0,1,0.0
mcgavock,0,1,1,1.0
cynwyd,1,0,1,0.0
hisbank,0,1,1,1.0
prentiss,1,0,1,0.0
soir,0,1,1,1.0
zbwjdljyh,0,1,1,1.0
vogi,0,1,1,1.0
pston,0,1,1,1.0
kargbo,0,1,1,1.0
cryw,1,0,1,0.0
easist,0,1,1,1.0
telemvel,0,1,1,1.0
travelocitymexico,0,1,1,1.0
rqwfl,0,1,1,1.0
riceland,1,0,1,0.0
decuss,0,1,1,1.0
weruxvnnww,0,1,1,1.0
consequent,1,0,1,0.0
raten,0,1,1,1.0
gqil,0,1,1,1.0
smailest,0,1,1,1.0
cheaest,0,1,1,1.0
nonpay,1,0,1,0.0
xdyrn,0,1,1,1.0
tkwk,0,1,1,1.0
clkjb,0,1,1,1.0
zoodnight,0,1,1,1.0
foiiow,0,1,1,1.0
phenterminevaliumpaxil,0,1,1,1.0
nwkm,0,1,1,1.0
overnmght,0,1,1,1.0
anhidrosi,0,1,1,1.0
hgtek,0,1,1,1.0
bonnel,1,0,1,0.0
fourday,0,1,1,1.0
tjnoovnbl,0,1,1,1.0
fta,0,1,1,1.0
uaorddlmj,0,1,1,1.0
ambcodon,0,1,1,1.0
rhalstead,1,0,1,0.0
pharmaceutpssav,0,1,1,1.0
epv,0,1,1,1.0
oasisadm,1,0,1,0.0
eardrumvintn,0,1,1,1.0
stathez,0,1,1,1.0
systeia,1,0,1,0.0
trfwr,0,1,1,1.0
compliantsupport,0,1,1,1.0
benna,1,0,1,0.0
uraniaengland,0,1,1,1.0
anpow,1,0,1,0.0
rwzh,0,1,1,1.0
oughtn,0,1,1,1.0
encapsulado,0,1,1,1.0
emploierai,0,1,1,1.0
jvcfxfnanf,0,1,1,1.0
diuz,0,1,1,1.0
pwold,1,0,1,0.0
dorfman,1,0,1,0.0
shvxnt,0,1,1,1.0
bottum,0,1,1,1.0
daggermov,0,1,1,1.0
dbhayn,0,1,1,1.0
clairta,1,0,1,0.0
sirva,0,1,1,1.0
momatl,0,1,1,1.0
peridinian,0,1,1,1.0
jmooney,1,0,1,0.0
wynona,1,0,1,0.0
mvawq,0,1,1,1.0
ession,0,1,1,1.0
unclaimedand,0,1,1,1.0
bmatul,1,0,1,0.0
somesom,0,1,1,1.0
besit,0,1,1,1.0
waggon,0,1,1,1.0
tweeti,0,1,1,1.0
gjtvr,0,1,1,1.0
iiuw,0,1,1,1.0
enphytot,0,1,1,1.0
sponsorshipshirley,1,0,1,0.0
bueon,0,1,1,1.0
yoger,0,1,1,1.0
qyesa,0,1,1,1.0
dcqnoggw,0,1,1,1.0
olnypcoci,0,1,1,1.0
kempi,0,1,1,1.0
makecashonlin,0,1,1,1.0
sverigehttp,0,1,1,1.0
crua,0,1,1,1.0
pressoffic,0,1,1,1.0
scrum,1,0,1,0.0
olinatkinson,1,0,1,0.0
gbuej,0,1,1,1.0
cwzpzie,0,1,1,1.0
amyotroph,1,0,1,0.0
orthonormalpunish,0,1,1,1.0
thecabl,0,1,1,1.0
hwjan,0,1,1,1.0
dbix,0,1,1,1.0
harpsichord,0,1,1,1.0
feathertop,0,1,1,1.0
orfii,0,1,1,1.0
persohnlich,0,1,1,1.0
leiubd,0,1,1,1.0
meessaaaaaaageee,0,1,1,1.0
rvjwsqwgr,0,1,1,1.0
nfco,0,1,1,1.0
lovercantor,0,1,1,1.0
alejandrina,0,1,1,1.0
lnepywn,0,1,1,1.0
thankya,0,1,1,1.0
angaben,0,1,1,1.0
timebestsoftwarefory,0,1,1,1.0
remito,0,1,1,1.0
unudkyb,0,1,1,1.0
uehdwi,0,1,1,1.0
nfranc,0,1,1,1.0
gsorder,0,1,1,1.0
trublion,0,1,1,1.0
vlixiqltm,0,1,1,1.0
ellijay,0,1,1,1.0
metfhod,0,1,1,1.0
intelect,1,0,1,0.0
feebli,0,1,1,1.0
txuelectr,1,0,1,0.0
sièg,0,1,1,1.0
whoolovin,0,1,1,1.0
yeck,1,0,1,0.0
perito,0,1,1,1.0
vbik,0,1,1,1.0
regenerativo,0,1,1,1.0
detectar,0,1,1,1.0
prospectus,1,0,1,0.0
circledistribut,0,1,1,1.0
stutzman,1,0,1,0.0
epjjainwz,0,1,1,1.0
phprmove,0,1,1,1.0
inexpiens,0,1,1,1.0
annyong,0,1,1,1.0
laitiwkcjspyxhxs,0,1,1,1.0
rogerford,0,1,1,1.0
flboul,0,1,1,1.0
tasarruf,0,1,1,1.0
molcula,0,1,1,1.0
avjofweqf,0,1,1,1.0
wengindef,0,1,1,1.0
rurgpybymezx,0,1,1,1.0
mpfarmer,1,0,1,0.0
olalekan,1,0,1,0.0
caiqu,0,1,1,1.0
lienteria,0,1,1,1.0
uumnnoa,0,1,1,1.0
serverlon,0,1,1,1.0
pipn,0,1,1,1.0
vsiedler,0,1,1,1.0
gsqdu,0,1,1,1.0
aae,0,1,1,1.0
ipot,0,1,1,1.0
steveharrod,1,0,1,0.0
clausula,0,1,1,1.0
kjabaar,0,1,1,1.0
theva,0,1,1,1.0
eab,0,1,1,1.0
orgder,0,1,1,1.0
prii,0,1,1,1.0
quintain,0,1,1,1.0
cymdizcc,0,1,1,1.0
outwork,0,1,1,1.0
mbewo,0,1,1,1.0
newsweekli,0,1,1,1.0
unsuo,0,1,1,1.0
ahkwgwmr,0,1,1,1.0
jyjodv,0,1,1,1.0
ctfoign,0,1,1,1.0
mediclli,0,1,1,1.0
mwolper,1,0,1,0.0
bhra,0,1,1,1.0
aseguran,0,1,1,1.0
proclit,0,1,1,1.0
bnytfk,0,1,1,1.0
dwfev,0,1,1,1.0
tmwhtuvmdv,0,1,1,1.0
spurrm,0,1,1,1.0
dkkl,1,0,1,0.0
internetseit,0,1,1,1.0
discoutn,1,0,1,0.0
wskaznikowej,1,0,1,0.0
xyzl,0,1,1,1.0
instutut,0,1,1,1.0
portalsbusi,0,1,1,1.0
ankersheil,1,0,1,0.0
qtctrlejb,0,1,1,1.0
cgsyzdek,1,0,1,0.0
dawsonsix,1,0,1,0.0
leighcommentari,0,1,1,1.0
curbradd,0,1,1,1.0
cosmpn,0,1,1,1.0
rnnxvczx,0,1,1,1.0
zukunft,0,1,1,1.0
ragi,0,1,1,1.0
fopaliourg,0,1,1,1.0
yqddt,0,1,1,1.0
rslsimhk,0,1,1,1.0
apoligi,1,0,1,0.0
lvzaplkowxvrx,0,1,1,1.0
litttiggatt,0,1,1,1.0
cstonel,1,0,1,0.0
marekt,0,1,1,1.0
bamadavi,1,0,1,0.0
orbder,0,1,1,1.0
ivanbrown,0,1,1,1.0
coloquio,0,1,1,1.0
juimatvofj,0,1,1,1.0
rked,0,1,1,1.0
awddsbvc,0,1,1,1.0
onceaweek,0,1,1,1.0
cheaaap,0,1,1,1.0
yzqka,0,1,1,1.0
sujar,0,1,1,1.0
unygiy,0,1,1,1.0
lbrenna,1,0,1,0.0
cognitiveinfantil,0,1,1,1.0
unsavouri,0,1,1,1.0
yxzbhr,0,1,1,1.0
zsf,0,1,1,1.0
tqqsirdxxibeqcfmxd,0,1,1,1.0
phoenican,0,1,1,1.0
xrlrojf,0,1,1,1.0
proeb,0,1,1,1.0
belshazzarcoast,0,1,1,1.0
cognia,0,1,1,1.0
ranney,1,0,1,0.0
emstrongfont,0,1,1,1.0
privia,0,1,1,1.0
meera,1,0,1,0.0
velteck,0,1,1,1.0
emaild,0,1,1,1.0
millionapbgqlc,0,1,1,1.0
accesb,0,1,1,1.0
anationpickl,0,1,1,1.0
zxaghur,0,1,1,1.0
ovyjdhqbx,0,1,1,1.0
volentefern,0,1,1,1.0
fganffm,0,1,1,1.0
lanzamiento,0,1,1,1.0
transconnect,1,0,1,0.0
acessando,0,1,1,1.0
donatecontriv,0,1,1,1.0
sutel,1,0,1,0.0
irfiman,1,0,1,0.0
pushtoo,0,1,1,1.0
nazismrotc,0,1,1,1.0
wplaceni,1,0,1,0.0
vandalismo,0,1,1,1.0
thoughtless,0,1,1,1.0
noto,1,0,1,0.0
zhongguobenson,0,1,1,1.0
potentiometr,0,1,1,1.0
devnet,0,1,1,1.0
qxazg,0,1,1,1.0
einschaltung,0,1,1,1.0
fettl,0,1,1,1.0
laursentsid,0,1,1,1.0
gcyxwcrvcl,0,1,1,1.0
opon,0,1,1,1.0
nulpryey,0,1,1,1.0
kdwmzeubf,0,1,1,1.0
baeumerich,1,0,1,0.0
voliti,0,1,1,1.0
skelelton,1,0,1,0.0
bbkc,0,1,1,1.0
oplati,1,0,1,0.0
sitql,0,1,1,1.0
yvd,0,1,1,1.0
socgen,1,0,1,0.0
wurldlink,0,1,1,1.0
cherryswim,0,1,1,1.0
kingsburi,0,1,1,1.0
sftrawo,0,1,1,1.0
convertir,0,1,1,1.0
xbqytcq,0,1,1,1.0
mcwl,0,1,1,1.0
ngcgh,0,1,1,1.0
wellmind,0,1,1,1.0
vandonboom,1,0,1,0.0
aioli,0,1,1,1.0
jbudnik,1,0,1,0.0
eqfn,0,1,1,1.0
nwfsflb,0,1,1,1.0
therebel,0,1,1,1.0
salzbergen,1,0,1,0.0
mahanti,1,0,1,0.0
combinedpop,0,1,1,1.0
osnqj,0,1,1,1.0
ihodden,0,1,1,1.0
eurodik,0,1,1,1.0
coordial,1,0,1,0.0
kontaktier,0,1,1,1.0
èïþ,0,1,1,1.0
aboutin,0,1,1,1.0
floresc,0,1,1,1.0
azvpyfyzq,0,1,1,1.0
gfuse,0,1,1,1.0
dutchchummi,0,1,1,1.0
vygd,0,1,1,1.0
jjgeft,0,1,1,1.0
wxkhkc,0,1,1,1.0
conferringbract,0,1,1,1.0
formantbrunt,0,1,1,1.0
databeacon,1,0,1,0.0
wiess,1,0,1,0.0
qbeqf,0,1,1,1.0
rundownphonograph,0,1,1,1.0
trustupfront,0,1,1,1.0
gntqc,0,1,1,1.0
xagnaxx,0,1,1,1.0
udecompound,0,1,1,1.0
vcc,0,1,1,1.0
seas,0,1,1,1.0
kellog,1,0,1,0.0
defervesc,0,1,1,1.0
esaul,1,0,1,0.0
ambrien,0,1,1,1.0
briefer,0,1,1,1.0
zxc,0,1,1,1.0
ludmilo,1,0,1,0.0
hxp,0,1,1,1.0
perscrimpt,0,1,1,1.0
pvwm,0,1,1,1.0
budgtair,0,1,1,1.0
verdeilgibb,0,1,1,1.0
sunroof,0,1,1,1.0
moderherb,0,1,1,1.0
errno,0,1,1,1.0
enpugh,1,0,1,0.0
richtungen,0,1,1,1.0
isji,0,1,1,1.0
tradenam,0,1,1,1.0
indiumdelus,0,1,1,1.0
pistachio,0,1,1,1.0
versoprix,0,1,1,1.0
yba,0,1,1,1.0
euido,0,1,1,1.0
wgwn,0,1,1,1.0
humidistat,0,1,1,1.0
opybebizd,0,1,1,1.0
ahsnaihi,0,1,1,1.0
strongemnbsp,0,1,1,1.0
yaz,0,1,1,1.0
calcimin,0,1,1,1.0
rstood,0,1,1,1.0
alnktqszf,0,1,1,1.0
uqrsu,0,1,1,1.0
chapa,0,1,1,1.0
moneyord,0,1,1,1.0
offerdov,0,1,1,1.0
jszm,0,1,1,1.0
cudefensivemdean,0,1,1,1.0
propagandacomo,0,1,1,1.0
occour,1,0,1,0.0
szwuuq,0,1,1,1.0
metter,1,0,1,0.0
ejr,0,1,1,1.0
fmmx,0,1,1,1.0
deqreebridgehead,0,1,1,1.0
znvg,0,1,1,1.0
fpt,0,1,1,1.0
lsavasl,0,1,1,1.0
fitter,1,0,1,0.0
rnmed,0,1,1,1.0
blotto,0,1,1,1.0
ffffcoffffd,0,1,1,1.0
vqsi,0,1,1,1.0
robohelp,0,1,1,1.0
readjourn,0,1,1,1.0
wukasch,1,0,1,0.0
mwwwaaa,0,1,1,1.0
jtvvcc,0,1,1,1.0
xifasp,0,1,1,1.0
hfzwgvttd,0,1,1,1.0
shippingg,0,1,1,1.0
ksxgygokw,0,1,1,1.0
ciayli,0,1,1,1.0
dutchwoman,0,1,1,1.0
phsychic,0,1,1,1.0
happenin,0,1,1,1.0
padtestb,0,1,1,1.0
globaltrust,0,1,1,1.0
ubguhgav,0,1,1,1.0
gsnoq,0,1,1,1.0
moongat,1,0,1,0.0
purposivebordello,0,1,1,1.0
fkikvz,0,1,1,1.0
tencel,1,0,1,0.0
dkhgaue,0,1,1,1.0
fmggl,0,1,1,1.0
sitarar,1,0,1,0.0
muhbsvmn,0,1,1,1.0
mpollack,1,0,1,0.0
vuk,0,1,1,1.0
ejdrx,0,1,1,1.0
tiyuvu,0,1,1,1.0
krondikesvagen,0,1,1,1.0
rueffer,1,0,1,0.0
egtbtadmo,0,1,1,1.0
jzwxz,0,1,1,1.0
groupshj,0,1,1,1.0
quantitiesar,0,1,1,1.0
kqtjsyd,0,1,1,1.0
iblrpdbjcayi,0,1,1,1.0
waassup,1,0,1,0.0
bkalmick,1,0,1,0.0
ozlbsckbkli,0,1,1,1.0
bentho,0,1,1,1.0
slh,0,1,1,1.0
plpqroval,0,1,1,1.0
pjc,0,1,1,1.0
boorgaten,0,1,1,1.0
hgbwlwey,0,1,1,1.0
jsozb,0,1,1,1.0
tippin,1,0,1,0.0
hrkdlpf,0,1,1,1.0
hatway,1,0,1,0.0
lmvsup,0,1,1,1.0
ldeathridg,1,0,1,0.0
crowl,1,0,1,0.0
valil,0,1,1,1.0
emitir,0,1,1,1.0
rofjwli,0,1,1,1.0
kathyplay,0,1,1,1.0
akwttjl,0,1,1,1.0
minerai,0,1,1,1.0
unhing,0,1,1,1.0
triangleclu,0,1,1,1.0
rjot,0,1,1,1.0
aggiemom,1,0,1,0.0
goldbelt,0,1,1,1.0
femmerol,0,1,1,1.0
txaht,0,1,1,1.0
antomat,0,1,1,1.0
kwehner,1,0,1,0.0
whatyoupref,0,1,1,1.0
kirst,1,0,1,0.0
dominant,0,1,1,1.0
tsmwv,0,1,1,1.0
yfqhfrsrl,0,1,1,1.0
voi,0,1,1,1.0
dolori,0,1,1,1.0
dqc,0,1,1,1.0
cnjpbm,0,1,1,1.0
xggld,0,1,1,1.0
exciteid,0,1,1,1.0
vknggoko,0,1,1,1.0
enamorado,0,1,1,1.0
amn,0,1,1,1.0
eventhougth,1,0,1,0.0
pomiesz,1,0,1,0.0
bispinos,0,1,1,1.0
uponmatur,0,1,1,1.0
ctsm,1,0,1,0.0
tfqcw,0,1,1,1.0
vido,0,1,1,1.0
mxvgb,0,1,1,1.0
fong,1,0,1,0.0
deafest,0,1,1,1.0
cgibamac,0,1,1,1.0
baghdwad,0,1,1,1.0
cancn,0,1,1,1.0
thethorni,0,1,1,1.0
oculta,0,1,1,1.0
straatmann,1,0,1,0.0
znuljd,0,1,1,1.0
reasoni,0,1,1,1.0
hxyduh,0,1,1,1.0
tewnti,0,1,1,1.0
heenan,0,1,1,1.0
andnotar,0,1,1,1.0
rosebush,0,1,1,1.0
wotifi,0,1,1,1.0
àãõâþ,0,1,1,1.0
realiabl,0,1,1,1.0
advantxag,0,1,1,1.0
dxxbp,0,1,1,1.0
lorriain,1,0,1,0.0
rtwtitqdt,0,1,1,1.0
windowsweek,0,1,1,1.0
dayflow,0,1,1,1.0
xnawmmff,0,1,1,1.0
ashdk,0,1,1,1.0
abscessticket,0,1,1,1.0
farmacodinamia,0,1,1,1.0
seansay,0,1,1,1.0
zxfk,0,1,1,1.0
yakgmp,0,1,1,1.0
twinturbosaug,0,1,1,1.0
backgroud,1,0,1,0.0
confluentkeaton,0,1,1,1.0
bbxxo,0,1,1,1.0
jgzkm,0,1,1,1.0
elx,0,1,1,1.0
neeleman,0,1,1,1.0
awyer,0,1,1,1.0
blondieadvil,0,1,1,1.0
dmorinier,1,0,1,0.0
porm,0,1,1,1.0
oiyliwxibwhjyfv,0,1,1,1.0
camron,0,1,1,1.0
firedwok,0,1,1,1.0
pprzada,1,0,1,0.0
yqlnupebfupfq,0,1,1,1.0
garlandpow,1,0,1,0.0
gameshow,1,0,1,0.0
hncufu,0,1,1,1.0
hjtdt,0,1,1,1.0
reheard,1,0,1,0.0
hyyrdzm,0,1,1,1.0
sodbust,1,0,1,0.0
rxxw,0,1,1,1.0
zqasg,0,1,1,1.0
lohrenz,1,0,1,0.0
yourlotteri,0,1,1,1.0
rzthxrmgl,0,1,1,1.0
relist,1,0,1,0.0
hazgrdcor,0,1,1,1.0
gisgvp,0,1,1,1.0
cobbcovari,0,1,1,1.0
umtgrrc,0,1,1,1.0
faltar,0,1,1,1.0
leeza,0,1,1,1.0
groff,1,0,1,0.0
weslypipesl,1,0,1,0.0
ehh,0,1,1,1.0
crutcher,1,0,1,0.0
kurtz,1,0,1,0.0
jlou,0,1,1,1.0
restr,0,1,1,1.0
jehkd,0,1,1,1.0
mannesmann,1,0,1,0.0
alpinist,0,1,1,1.0
touchpad,0,1,1,1.0
nonutter,0,1,1,1.0
flqiwvb,0,1,1,1.0
cosgrandma,0,1,1,1.0
intinari,1,0,1,0.0
qxxoqfk,0,1,1,1.0
splxiwr,0,1,1,1.0
leachman,1,0,1,0.0
yfunb,0,1,1,1.0
medicationsgood,0,1,1,1.0
smithc,1,0,1,0.0
outspokenteenporn,0,1,1,1.0
tapdanc,0,1,1,1.0
reigat,0,1,1,1.0
óð,0,1,1,1.0
glenoak,0,1,1,1.0
cidmail,1,0,1,0.0
autochan,0,1,1,1.0
fruiter,0,1,1,1.0
sprawa,1,0,1,0.0
seraph,0,1,1,1.0
jaz,0,1,1,1.0
pyrlwon,0,1,1,1.0
goadiniti,0,1,1,1.0
lovesbett,0,1,1,1.0
charls,0,1,1,1.0
cuq,0,1,1,1.0
crake,0,1,1,1.0
poorfor,0,1,1,1.0
iught,0,1,1,1.0
ybmxv,0,1,1,1.0
conceituado,0,1,1,1.0
olsovski,1,0,1,0.0
capbl,0,1,1,1.0
phagewaist,0,1,1,1.0
pfdqndt,0,1,1,1.0
avnntlrw,0,1,1,1.0
kjdibfhh,0,1,1,1.0
jurídico,0,1,1,1.0
wrc,1,0,1,0.0
lspielel,1,0,1,0.0
ressourcen,0,1,1,1.0
wingmenvitro,0,1,1,1.0
nfb,1,0,1,0.0
varo,1,0,1,0.0
ngwpx,0,1,1,1.0
hakav,0,1,1,1.0
recordset,1,0,1,0.0
mhrvhhk,0,1,1,1.0
cutshal,1,0,1,0.0
broadview,1,0,1,0.0
htmlhtml,0,1,1,1.0
criterionalp,0,1,1,1.0
thurmon,1,0,1,0.0
ecomaog,0,1,1,1.0
dij,0,1,1,1.0
unaffect,0,1,1,1.0
savegurd,0,1,1,1.0
jmlfehdhkf,0,1,1,1.0
nekigf,0,1,1,1.0
curfewfaun,0,1,1,1.0
drlestrada,0,1,1,1.0
lfxijunz,0,1,1,1.0
ootl,0,1,1,1.0
infousa,0,1,1,1.0
sparm,0,1,1,1.0
newholidayplan,0,1,1,1.0
frsecur,0,1,1,1.0
ewa,1,0,1,0.0
carrageenin,0,1,1,1.0
scarfgiveth,0,1,1,1.0
centurpp,0,1,1,1.0
hqhj,0,1,1,1.0
dvantag,0,1,1,1.0
mzzkxg,0,1,1,1.0
abazym,0,1,1,1.0
cuestionó,0,1,1,1.0
bkbmmehr,0,1,1,1.0
wehc,0,1,1,1.0
varnish,0,1,1,1.0
ribbet,0,1,1,1.0
harut,0,1,1,1.0
alpek,1,0,1,0.0
thogu,1,0,1,0.0
djaayfrv,0,1,1,1.0
postaram,1,0,1,0.0
siwung,0,1,1,1.0
qsrxmj,0,1,1,1.0
négociant,0,1,1,1.0
wqjgshtwp,0,1,1,1.0
lmyv,0,1,1,1.0
westeidet,0,1,1,1.0
carlsson,1,0,1,0.0
ffffflphoto,0,1,1,1.0
branchlet,0,1,1,1.0
gnb,0,1,1,1.0
ujnopdm,0,1,1,1.0
deexcitingballad,0,1,1,1.0
wrgcr,0,1,1,1.0
extensiva,0,1,1,1.0
sartain,0,1,1,1.0
establecido,0,1,1,1.0
probllem,0,1,1,1.0
cxxfnwbsbwdcj,0,1,1,1.0
eshleman,1,0,1,0.0
piekn,1,0,1,0.0
catalogueairpark,0,1,1,1.0
ugolmpj,0,1,1,1.0
ozczat,0,1,1,1.0
vfahrenheit,0,1,1,1.0
princeudol,0,1,1,1.0
meor,0,1,1,1.0
pvsqmr,0,1,1,1.0
requestsearch,1,0,1,0.0
auditorcruel,0,1,1,1.0
octemb,0,1,1,1.0
asmor,0,1,1,1.0
cameramanadventur,0,1,1,1.0
prformnc,0,1,1,1.0
medicatiionsbymail,0,1,1,1.0
vrplkikssjrxnuwcea,0,1,1,1.0
ubsengergi,1,0,1,0.0
zkbyucl,0,1,1,1.0
patuda,0,1,1,1.0
detaidl,0,1,1,1.0
egpruis,0,1,1,1.0
cuemx,0,1,1,1.0
bymailshop,0,1,1,1.0
goodconcoctwel,0,1,1,1.0
verxrdi,0,1,1,1.0
geeneriiiii,0,1,1,1.0
jmill,1,0,1,0.0
xgvquzet,0,1,1,1.0
longtimeconcord,0,1,1,1.0
qzskpjakjit,0,1,1,1.0
mplement,0,1,1,1.0
lasercomm,1,0,1,0.0
tto,0,1,1,1.0
superpow,1,0,1,0.0
lµ,0,1,1,1.0
casedi,0,1,1,1.0
njbndd,0,1,1,1.0
presci,0,1,1,1.0
adpbm,0,1,1,1.0
dmattei,1,0,1,0.0
ellrobhz,0,1,1,1.0
wooli,0,1,1,1.0
bdlow,0,1,1,1.0
teve,0,1,1,1.0
affiliateoptout,0,1,1,1.0
classycoloratura,0,1,1,1.0
unexcit,1,0,1,0.0
mnzfg,0,1,1,1.0
pxmlr,0,1,1,1.0
disapprob,0,1,1,1.0
thestockfamili,1,0,1,0.0
dta,0,1,1,1.0
nihongek,0,1,1,1.0
lcgb,0,1,1,1.0
manson,0,1,1,1.0
amlsot,0,1,1,1.0
kissw,0,1,1,1.0
playin,0,1,1,1.0
esbgqiooo,0,1,1,1.0
septembert,1,0,1,0.0
ksjdhrdqwuzx,0,1,1,1.0
dtmeusiz,0,1,1,1.0
wedeliverparti,0,1,1,1.0
jagpal,1,0,1,0.0
edgewood,0,1,1,1.0
pediatra,0,1,1,1.0
jyziqbh,0,1,1,1.0
ssav,0,1,1,1.0
gwovjll,0,1,1,1.0
sstaq,0,1,1,1.0
traduzido,0,1,1,1.0
simmmon,1,0,1,0.0
vptm,0,1,1,1.0
dcall,1,0,1,0.0
jxvdruq,0,1,1,1.0
fransisco,1,0,1,0.0
buildownhealth,0,1,1,1.0
keyshutdown,1,0,1,0.0
rsxp,0,1,1,1.0
auffallenden,0,1,1,1.0
trono,0,1,1,1.0
hessit,0,1,1,1.0
vjcpygr,0,1,1,1.0
xpem,0,1,1,1.0
advertisingblast,0,1,1,1.0
mwage,1,0,1,0.0
jbaker,1,0,1,0.0
welhausen,1,0,1,0.0
chefsd,0,1,1,1.0
phillmaria,0,1,1,1.0
oissanc,0,1,1,1.0
julxwvrtmtdssdosqgfg,0,1,1,1.0
stnw,1,0,1,0.0
extrageld,0,1,1,1.0
coccion,0,1,1,1.0
mychildren,0,1,1,1.0
mrytiejnh,0,1,1,1.0
farward,0,1,1,1.0
centralis,1,0,1,0.0
detenga,0,1,1,1.0
herattent,0,1,1,1.0
rbvmzwhbw,0,1,1,1.0
onzrmcydi,0,1,1,1.0
nontransact,1,0,1,0.0
suzurank,0,1,1,1.0
uhfikrscbr,0,1,1,1.0
vgkee,0,1,1,1.0
critfc,1,0,1,0.0
compparadis,0,1,1,1.0
gqioy,0,1,1,1.0
moorhous,1,0,1,0.0
aven,1,0,1,0.0
krgruozzz,0,1,1,1.0
mxgdmvzbr,0,1,1,1.0
shootera,0,1,1,1.0
udlmpzhqu,0,1,1,1.0
ltee,1,0,1,0.0
allidochlor,0,1,1,1.0
ggw,0,1,1,1.0
nmwj,0,1,1,1.0
znnktpcod,0,1,1,1.0
omrspqqm,0,1,1,1.0
angeal,0,1,1,1.0
ynanpknbo,0,1,1,1.0
erivativesreview,1,0,1,0.0
wwq,0,1,1,1.0
siabhz,0,1,1,1.0
varcsnl,1,0,1,0.0
zxaufkz,0,1,1,1.0
napw,1,0,1,0.0
ppharmacybymal,0,1,1,1.0
throooough,0,1,1,1.0
pbovu,0,1,1,1.0
valiuvm,0,1,1,1.0
centurwg,0,1,1,1.0
oyndwdtxsv,0,1,1,1.0
dejetwxweizw,0,1,1,1.0
qmgqwd,0,1,1,1.0
linerpharmaci,0,1,1,1.0
pxqohpm,0,1,1,1.0
yifrzj,0,1,1,1.0
befallwindbag,0,1,1,1.0
staurday,1,0,1,0.0
wsienergycast,1,0,1,0.0
exporegist,0,1,1,1.0
himhogan,0,1,1,1.0
thorson,0,1,1,1.0
herodotu,0,1,1,1.0
atelegram,0,1,1,1.0
ethnarch,0,1,1,1.0
cyanidesynthet,0,1,1,1.0
whorebait,0,1,1,1.0
unmerci,0,1,1,1.0
efuqa,0,1,1,1.0
bilamellargg,0,1,1,1.0
fannoisi,0,1,1,1.0
kfw,1,0,1,0.0
üí,0,1,1,1.0
pacatt,1,0,1,0.0
iuz,0,1,1,1.0
owv,0,1,1,1.0
vmcdtbqb,0,1,1,1.0
huberlaw,1,0,1,0.0
thetransf,0,1,1,1.0
tamer,0,1,1,1.0
mudkhalili,0,1,1,1.0
fmxonlmidoyvo,0,1,1,1.0
salan,1,0,1,0.0
gadzook,1,0,1,0.0
sudamericana,0,1,1,1.0
stike,0,1,1,1.0
cinderfella,0,1,1,1.0
aerosolcar,0,1,1,1.0
lbpxkgbtlhq,0,1,1,1.0
stutt,1,0,1,0.0
kuopio,0,1,1,1.0
bystanderdelilah,0,1,1,1.0
vbqdbxc,0,1,1,1.0
medet,0,1,1,1.0
sharkblind,0,1,1,1.0
zildt,0,1,1,1.0
dzhcz,0,1,1,1.0
hrrywilliam,0,1,1,1.0
rph,0,1,1,1.0
jalopyphilip,0,1,1,1.0
multimiloair,0,1,1,1.0
zenithfin,0,1,1,1.0
reqinamejia,0,1,1,1.0
phalen,1,0,1,0.0
llltpwyb,0,1,1,1.0
lqwd,0,1,1,1.0
houseleek,0,1,1,1.0
dorothe,0,1,1,1.0
adleman,1,0,1,0.0
klog,1,0,1,0.0
blainey,0,1,1,1.0
atombomb,0,1,1,1.0
franchissez,0,1,1,1.0
ogfnfi,0,1,1,1.0
businesstalkradio,0,1,1,1.0
zfqr,0,1,1,1.0
bullington,1,0,1,0.0
getreten,0,1,1,1.0
dou,0,1,1,1.0
rlioy,0,1,1,1.0
nrbtq,0,1,1,1.0
winthin,1,0,1,0.0
subwoof,0,1,1,1.0
accounttyp,0,1,1,1.0
reliableaccounty,0,1,1,1.0
xoxoxoxoxo,0,1,1,1.0
maleth,0,1,1,1.0
insuffl,0,1,1,1.0
lacevjh,0,1,1,1.0
denudationhurd,0,1,1,1.0
bqi,0,1,1,1.0
rehabcar,1,0,1,0.0
fwsnqbwwehr,0,1,1,1.0
pkpzztlc,0,1,1,1.0
milliammet,0,1,1,1.0
resultscal,0,1,1,1.0
gruebel,1,0,1,0.0
shj,0,1,1,1.0
vko,0,1,1,1.0
alaw,1,0,1,0.0
comiat,1,0,1,0.0
zxj,0,1,1,1.0
plumbum,0,1,1,1.0
calhemk,0,1,1,1.0
trane,0,1,1,1.0
permet,0,1,1,1.0
excessivepain,0,1,1,1.0
solebeneficiari,0,1,1,1.0
jnkbull,1,0,1,0.0
revolutionist,0,1,1,1.0
montanan,0,1,1,1.0
dubiosen,0,1,1,1.0
ljwg,0,1,1,1.0
rhd,0,1,1,1.0
qwvoylxoo,0,1,1,1.0
oldswgrux,0,1,1,1.0
afterm,0,1,1,1.0
flagnone,0,1,1,1.0
reportorialposit,0,1,1,1.0
aipzpz,0,1,1,1.0
fjc,0,1,1,1.0
ersiti,0,1,1,1.0
wether,0,1,1,1.0
mczezeccf,0,1,1,1.0
qpgzahi,0,1,1,1.0
verwendung,0,1,1,1.0
broomcorncyst,0,1,1,1.0
phqbcsi,0,1,1,1.0
lath,0,1,1,1.0
jemandem,0,1,1,1.0
mahngebühren,0,1,1,1.0
fileopen,1,0,1,0.0
xamnnmjv,0,1,1,1.0
biend,0,1,1,1.0
buuuuy,0,1,1,1.0
assalam,0,1,1,1.0
quartier,0,1,1,1.0
fqvdexhiw,0,1,1,1.0
understandscdgt,0,1,1,1.0
fickorgien,0,1,1,1.0
pgrusm,0,1,1,1.0
aetcgwfq,0,1,1,1.0
ddvmcqib,0,1,1,1.0
mdsadvkth,0,1,1,1.0
brunel,1,0,1,0.0
autofax,1,0,1,0.0
youngappear,0,1,1,1.0
coachworkbuttonwe,0,1,1,1.0
tqizdyqjzlsiw,0,1,1,1.0
grayzeppelin,0,1,1,1.0
noprepdoc,0,1,1,1.0
haislip,1,0,1,0.0
heeree,0,1,1,1.0
cheapp,0,1,1,1.0
architerior,1,0,1,0.0
klassik,0,1,1,1.0
lnlunit,0,1,1,1.0
ptmhhlz,0,1,1,1.0
swp,1,0,1,0.0
flrjcja,0,1,1,1.0
hedgeabl,1,0,1,0.0
yankeeism,0,1,1,1.0
cygnifi,1,0,1,0.0
fyaipfem,0,1,1,1.0
alcvho,0,1,1,1.0
usialitholog,0,1,1,1.0
jseceoktetso,0,1,1,1.0
qxzvwz,0,1,1,1.0
adara,0,1,1,1.0
excid,0,1,1,1.0
sdmotsi,1,0,1,0.0
tkawjqvr,0,1,1,1.0
tkkdu,0,1,1,1.0
gustara,0,1,1,1.0
nipod,0,1,1,1.0
rblfhh,0,1,1,1.0
slesvig,0,1,1,1.0
sngw,0,1,1,1.0
rqbrjtdzyg,0,1,1,1.0
bhlihog,0,1,1,1.0
ktgdo,0,1,1,1.0
osteopathybirdi,0,1,1,1.0
pasuj,1,0,1,0.0
urgingpur,0,1,1,1.0
slamslam,0,1,1,1.0
shrewsburi,0,1,1,1.0
hypostat,0,1,1,1.0
britsh,0,1,1,1.0
strongoffic,0,1,1,1.0
dreissig,0,1,1,1.0
mentrop,1,0,1,0.0
thomasbl,1,0,1,0.0
latinolick,0,1,1,1.0
piggabl,1,0,1,0.0
expeditii,1,0,1,0.0
buzogoxuth,0,1,1,1.0
jsw,1,0,1,0.0
zaplanowani,1,0,1,0.0
dae,0,1,1,1.0
testac,0,1,1,1.0
chompseaquak,0,1,1,1.0
gsfhoda,0,1,1,1.0
appletre,0,1,1,1.0
aboit,0,1,1,1.0
hyexrpchju,0,1,1,1.0
bynumpetti,0,1,1,1.0
pyphaa,0,1,1,1.0
mben,0,1,1,1.0
filadlfia,0,1,1,1.0
unsat,0,1,1,1.0
gingerbread,0,1,1,1.0
terug,0,1,1,1.0
arrepentirá,0,1,1,1.0
pettifogg,0,1,1,1.0
wjiv,0,1,1,1.0
rtdpzk,0,1,1,1.0
offthelist,0,1,1,1.0
respns,1,0,1,0.0
sptl,0,1,1,1.0
swjkb,0,1,1,1.0
heirsubtract,0,1,1,1.0
caucasia,0,1,1,1.0
heyward,1,0,1,0.0
ifpyc,0,1,1,1.0
superpak,0,1,1,1.0
ajn,0,1,1,1.0
ýèàüçñ,0,1,1,1.0
ewiqb,0,1,1,1.0
alleghney,1,0,1,0.0
hiroaki,1,0,1,0.0
pjtccsh,0,1,1,1.0
pqmulv,0,1,1,1.0
epudmtmqul,0,1,1,1.0
instalada,0,1,1,1.0
govbi,0,1,1,1.0
thenprovid,0,1,1,1.0
hpueril,0,1,1,1.0
youaround,0,1,1,1.0
ganedolar,0,1,1,1.0
enronpropos,1,0,1,0.0
krphmxgwcbajp,0,1,1,1.0
eamslruht,0,1,1,1.0
ryst,1,0,1,0.0
pror,0,1,1,1.0
rivifspy,0,1,1,1.0
deutch,1,0,1,0.0
uymzfb,0,1,1,1.0
parali,0,1,1,1.0
clusiv,0,1,1,1.0
uzdr,0,1,1,1.0
dictatearbutu,0,1,1,1.0
adamu,0,1,1,1.0
kldhcayh,0,1,1,1.0
outiin,0,1,1,1.0
prosect,0,1,1,1.0
apj,0,1,1,1.0
tmcevoy,1,0,1,0.0
cenbank,0,1,1,1.0
neigh,0,1,1,1.0
ksazpvqm,0,1,1,1.0
unhold,1,0,1,0.0
vishwadeep,0,1,1,1.0
futuremillion,0,1,1,1.0
snfruq,0,1,1,1.0
prcmljlwe,0,1,1,1.0
ambcien,0,1,1,1.0
roqxg,0,1,1,1.0
therti,0,1,1,1.0
gilb,1,0,1,0.0
mcbeal,1,0,1,0.0
ponga,0,1,1,1.0
kermitwithin,0,1,1,1.0
edwh,0,1,1,1.0
vitug,1,0,1,0.0
ydjvsqf,0,1,1,1.0
baydabessem,0,1,1,1.0
bnking,0,1,1,1.0
secrur,0,1,1,1.0
goodpastor,1,0,1,0.0
vaud,0,1,1,1.0
rodneyg,1,0,1,0.0
ralia,0,1,1,1.0
hla,0,1,1,1.0
cztzq,0,1,1,1.0
idirect,0,1,1,1.0
yyahb,0,1,1,1.0
alona,0,1,1,1.0
mulli,1,0,1,0.0
ticktock,1,0,1,0.0
clementi,0,1,1,1.0
ngfycobnon,0,1,1,1.0
selbstlauf,0,1,1,1.0
kdlslmgb,0,1,1,1.0
skyrock,0,1,1,1.0
htrpwnsd,0,1,1,1.0
yaadig,0,1,1,1.0
tmvdovinl,0,1,1,1.0
gwshx,0,1,1,1.0
txqbnu,0,1,1,1.0
grüssen,0,1,1,1.0
januray,1,0,1,0.0
lkbadipex,0,1,1,1.0
shpoowc,0,1,1,1.0
prict,0,1,1,1.0
ioanhfptkcxwqr,0,1,1,1.0
bchan,1,0,1,0.0
soukessa,0,1,1,1.0
inbooox,0,1,1,1.0
smitada,1,0,1,0.0
shoddili,1,0,1,0.0
matabol,0,1,1,1.0
odbedzi,1,0,1,0.0
rajib,1,0,1,0.0
inavmen,0,1,1,1.0
zgbm,0,1,1,1.0
akdwyer,1,0,1,0.0
moeder,0,1,1,1.0
qni,0,1,1,1.0
baze,0,1,1,1.0
turfit,0,1,1,1.0
verzugszinsen,0,1,1,1.0
bicornut,0,1,1,1.0
dreamli,0,1,1,1.0
kubicek,1,0,1,0.0
gxz,0,1,1,1.0
lopemrnd,0,1,1,1.0
dmco,1,0,1,0.0
supin,0,1,1,1.0
wnarongw,1,0,1,0.0
jaschoff,0,1,1,1.0
ergometr,0,1,1,1.0
antheap,0,1,1,1.0
towa,0,1,1,1.0
cattermol,1,0,1,0.0
alumínio,0,1,1,1.0
realguid,0,1,1,1.0
godel,1,0,1,0.0
ogwcn,0,1,1,1.0
whichwil,0,1,1,1.0
oleuropein,0,1,1,1.0
wwndio,0,1,1,1.0
wwlgztk,0,1,1,1.0
bembrey,1,0,1,0.0
arialdear,0,1,1,1.0
cadastramento,0,1,1,1.0
navitraff,0,1,1,1.0
moneylsmith,0,1,1,1.0
eqgfl,0,1,1,1.0
curcuma,0,1,1,1.0
cgmpq,0,1,1,1.0
awqfxhk,0,1,1,1.0
qcmv,0,1,1,1.0
gemjewelri,0,1,1,1.0
ccjtvoiy,0,1,1,1.0
cyold,0,1,1,1.0
hanib,1,0,1,0.0
nling,0,1,1,1.0
fgohj,0,1,1,1.0
packmatrix,0,1,1,1.0
rii,0,1,1,1.0
belteau,1,0,1,0.0
dafur,0,1,1,1.0
dfglynnl,1,0,1,0.0
sculad,0,1,1,1.0
tyri,0,1,1,1.0
dumlupinar,0,1,1,1.0
staunchli,0,1,1,1.0
indianappoli,1,0,1,0.0
streetunivers,0,1,1,1.0
ptjial,0,1,1,1.0
okolierepli,0,1,1,1.0
agta,0,1,1,1.0
bmf,0,1,1,1.0
fjeyrdf,0,1,1,1.0
gooey,1,0,1,0.0
lufjh,0,1,1,1.0
anzufechten,0,1,1,1.0
dwxvucym,0,1,1,1.0
mcloud,1,0,1,0.0
revfc,0,1,1,1.0
kbpvdlrv,0,1,1,1.0
wjxfyu,0,1,1,1.0
thruster,0,1,1,1.0
ytewellbutrin,0,1,1,1.0
newlstter,0,1,1,1.0
histidineboil,0,1,1,1.0
deadbeat,0,1,1,1.0
jcoll,1,0,1,0.0
cleansesand,0,1,1,1.0
cmusa,0,1,1,1.0
ajdl,0,1,1,1.0
ompnnxsi,0,1,1,1.0
panamarepubl,0,1,1,1.0
marki,1,0,1,0.0
rawl,0,1,1,1.0
keynan,1,0,1,0.0
hfu,0,1,1,1.0
ypei,0,1,1,1.0
idftkyjv,0,1,1,1.0
pmmh,0,1,1,1.0
payss,1,0,1,0.0
xgojfrkkp,0,1,1,1.0
unhar,0,1,1,1.0
pein,0,1,1,1.0
mtu,0,1,1,1.0
ffaor,0,1,1,1.0
shillelagh,0,1,1,1.0
adamantbiometri,0,1,1,1.0
uwfzct,0,1,1,1.0
tpfiyxn,0,1,1,1.0
gyuwmepzkvoilzaq,0,1,1,1.0
charterr,0,1,1,1.0
appletondebunk,0,1,1,1.0
eeqfezd,0,1,1,1.0
mfsmax,0,1,1,1.0
demandam,0,1,1,1.0
scadal,1,0,1,0.0
jpalermo,1,0,1,0.0
cgf,0,1,1,1.0
construdo,0,1,1,1.0
dyplpmowa,1,0,1,0.0
aroundth,0,1,1,1.0
uifl,0,1,1,1.0
vterpayinyg,0,1,1,1.0
jnj,1,0,1,0.0
pharmaru,0,1,1,1.0
envvlgarag,0,1,1,1.0
uwbl,0,1,1,1.0
lemqrwksg,0,1,1,1.0
shand,0,1,1,1.0
kvdah,0,1,1,1.0
jxanfx,0,1,1,1.0
oxdubbmx,0,1,1,1.0
dhuyxvni,0,1,1,1.0
proclaimeth,0,1,1,1.0
dav,0,1,1,1.0
holmesl,1,0,1,0.0
zekbzpbv,0,1,1,1.0
fscow,0,1,1,1.0
magellean,1,0,1,0.0
kontaktow,1,0,1,0.0
jeffjamaica,0,1,1,1.0
rlqhozqifholeaceuj,0,1,1,1.0
businesskosten,0,1,1,1.0
mdjk,0,1,1,1.0
highpointtravel,1,0,1,0.0
gmzua,0,1,1,1.0
hhmxf,0,1,1,1.0
buqciz,0,1,1,1.0
pmundt,0,1,1,1.0
metobl,0,1,1,1.0
kpnultram,0,1,1,1.0
looyll,0,1,1,1.0
outdon,0,1,1,1.0
saxonynaturopath,0,1,1,1.0
saclay,1,0,1,0.0
tranchant,0,1,1,1.0
gnolyz,0,1,1,1.0
mvwgva,0,1,1,1.0
inaki,1,0,1,0.0
transfrer,0,1,1,1.0
orangeburg,1,0,1,0.0
betj,0,1,1,1.0
zarabiam,0,1,1,1.0
aklv,0,1,1,1.0
mnrvgudl,0,1,1,1.0
ngredent,0,1,1,1.0
devrai,0,1,1,1.0
sjbct,0,1,1,1.0
seleccion,0,1,1,1.0
atmospheresnivel,0,1,1,1.0
lndl,0,1,1,1.0
ungebrauchten,0,1,1,1.0
rgawcrayh,0,1,1,1.0
esenci,0,1,1,1.0
arlu,0,1,1,1.0
vxvq,0,1,1,1.0
yyb,0,1,1,1.0
beader,0,1,1,1.0
umphh,0,1,1,1.0
pclxdzr,0,1,1,1.0
islandia,1,0,1,0.0
bedcaus,0,1,1,1.0
rkdro,0,1,1,1.0
pnyyu,0,1,1,1.0
ivozmtckt,0,1,1,1.0
umohucev,0,1,1,1.0
cigz,0,1,1,1.0
hfvss,0,1,1,1.0
vfpbsp,0,1,1,1.0
ininsur,0,1,1,1.0
brandumedicin,0,1,1,1.0
liminari,1,0,1,0.0
quith,0,1,1,1.0
sporou,0,1,1,1.0
familieswealthback,0,1,1,1.0
wdafh,0,1,1,1.0
fonseca,0,1,1,1.0
goetzmann,1,0,1,0.0
cialfi,0,1,1,1.0
ficep,0,1,1,1.0
visaansw,0,1,1,1.0
atvlymiq,0,1,1,1.0
igcwm,0,1,1,1.0
ptk,0,1,1,1.0
itvsvt,0,1,1,1.0
xaohiac,0,1,1,1.0
ornithopod,0,1,1,1.0
itgexr,0,1,1,1.0
versión,0,1,1,1.0
mavissinclair,0,1,1,1.0
orjan,1,0,1,0.0
ycghoq,0,1,1,1.0
ddcljz,0,1,1,1.0
ascocarp,0,1,1,1.0
ausserordentlich,0,1,1,1.0
unat,0,1,1,1.0
mcgillivari,0,1,1,1.0
onsti,0,1,1,1.0
kalifornii,1,0,1,0.0
outlier,1,0,1,0.0
axtdwzuaj,0,1,1,1.0
snibawhbtfbjw,0,1,1,1.0
chaun,1,0,1,0.0
ism,0,1,1,1.0
backgound,1,0,1,0.0
rollicktintyp,0,1,1,1.0
kumaramangalam,1,0,1,0.0
smithsumm,1,0,1,0.0
dspencer,1,0,1,0.0
basecom,0,1,1,1.0
brandyright,0,1,1,1.0
hemostatica,0,1,1,1.0
bideasteroid,0,1,1,1.0
jiyan,0,1,1,1.0
bzaq,0,1,1,1.0
priod,0,1,1,1.0
sxcaqgcj,0,1,1,1.0
bostonherald,1,0,1,0.0
unconsidered,0,1,1,1.0
youthfir,0,1,1,1.0
señor,0,1,1,1.0
futut,0,1,1,1.0
masonicwal,0,1,1,1.0
gebrauchen,0,1,1,1.0
guadcomm,1,0,1,0.0
gzwqm,0,1,1,1.0
également,0,1,1,1.0
banaba,0,1,1,1.0
frat,0,1,1,1.0
pharmacueticalproduct,0,1,1,1.0
guptil,1,0,1,0.0
ikcgh,0,1,1,1.0
lkygw,0,1,1,1.0
dui,0,1,1,1.0
geeeeeet,0,1,1,1.0
awardfrom,0,1,1,1.0
micsa,1,0,1,0.0
nepot,1,0,1,0.0
jknight,1,0,1,0.0
solutlon,0,1,1,1.0
comyour,0,1,1,1.0
lulli,0,1,1,1.0
fjqo,0,1,1,1.0
okmydykwvnft,0,1,1,1.0
wtfjen,0,1,1,1.0
amphotech,0,1,1,1.0
ygalbxgxecpifyar,0,1,1,1.0
xvn,1,0,1,0.0
bcwlbmh,0,1,1,1.0
qgxsd,0,1,1,1.0
wagen,1,0,1,0.0
desaparec,0,1,1,1.0
ingfund,1,0,1,0.0
behavioraltientsin,0,1,1,1.0
ujagyziww,0,1,1,1.0
thccl,0,1,1,1.0
hhello,0,1,1,1.0
todday,0,1,1,1.0
fester,1,0,1,0.0
wsliubj,0,1,1,1.0
almelo,1,0,1,0.0
amail,0,1,1,1.0
fbnxrsni,0,1,1,1.0
autodreamteam,0,1,1,1.0
vepekuz,0,1,1,1.0
oiaaog,0,1,1,1.0
groenenborgerlaan,0,1,1,1.0
hoze,0,1,1,1.0
casuaili,0,1,1,1.0
fxmlaiqrd,0,1,1,1.0
ciscon,1,0,1,0.0
languet,0,1,1,1.0
jkrk,0,1,1,1.0
sharlin,0,1,1,1.0
qnhwyyzbr,0,1,1,1.0
bdp,0,1,1,1.0
jeeringli,0,1,1,1.0
ceterach,0,1,1,1.0
zdzjpdep,0,1,1,1.0
rvx,0,1,1,1.0
khzal,1,0,1,0.0
saling,0,1,1,1.0
missinaibi,0,1,1,1.0
uwisho,1,0,1,0.0
ndux,0,1,1,1.0
geschat,0,1,1,1.0
bodyweight,0,1,1,1.0
hkcqk,0,1,1,1.0
tef,0,1,1,1.0
overextend,1,0,1,0.0
strikingli,1,0,1,0.0
newlettermania,0,1,1,1.0
ijdowmnv,0,1,1,1.0
alanna,0,1,1,1.0
ehnther,0,1,1,1.0
silikon,0,1,1,1.0
vqrux,0,1,1,1.0
verzekeringfond,0,1,1,1.0
onift,0,1,1,1.0
caesarzeppelin,0,1,1,1.0
cerramiento,0,1,1,1.0
jensenbadinag,0,1,1,1.0
wfhen,0,1,1,1.0
÷èí,0,1,1,1.0
persxcriptyion,0,1,1,1.0
hiiii,0,1,1,1.0
bkhwqke,0,1,1,1.0
leajtmmhsag,0,1,1,1.0
drúg,0,1,1,1.0
encontrars,0,1,1,1.0
dazhia,0,1,1,1.0
habx,0,1,1,1.0
salf,0,1,1,1.0
yeqqft,0,1,1,1.0
busit,0,1,1,1.0
apcc,1,0,1,0.0
skurdahl,1,0,1,0.0
jeresmunific,0,1,1,1.0
staregiquost,0,1,1,1.0
emlqaf,0,1,1,1.0
gizjoov,0,1,1,1.0
hxqpnr,0,1,1,1.0
cschamberlin,1,0,1,0.0
guidomoroni,0,1,1,1.0
athko,0,1,1,1.0
gugiwjfidicreta,0,1,1,1.0
marlatt,1,0,1,0.0
zgaq,0,1,1,1.0
concavekrakatoa,0,1,1,1.0
noyi,0,1,1,1.0
aetc,0,1,1,1.0
pilcher,1,0,1,0.0
alktfa,0,1,1,1.0
afenton,0,1,1,1.0
zcounterinsurg,0,1,1,1.0
xptbth,0,1,1,1.0
deathé,0,1,1,1.0
lqv,0,1,1,1.0
responseh,0,1,1,1.0
barrymoresomali,0,1,1,1.0
pucefwhxotb,0,1,1,1.0
beqf,0,1,1,1.0
bridgeworkbeet,0,1,1,1.0
barristerfrank,0,1,1,1.0
allodi,0,1,1,1.0
disordersshrink,0,1,1,1.0
quinin,0,1,1,1.0
swbe,1,0,1,0.0
rbped,0,1,1,1.0
bcjlaw,1,0,1,0.0
yff,0,1,1,1.0
pancharatnam,1,0,1,0.0
shadesblackout,0,1,1,1.0
lmh,1,0,1,0.0
valuepiqu,0,1,1,1.0
mand,1,0,1,0.0
adjest,1,0,1,0.0
ldbyvj,0,1,1,1.0
potanti,1,0,1,0.0
anj,0,1,1,1.0
neeeeeeed,0,1,1,1.0
cyberselfish,1,0,1,0.0
baðlantýsý,0,1,1,1.0
libyan,0,1,1,1.0
vlagryou,0,1,1,1.0
walnrqbp,0,1,1,1.0
qffkhm,0,1,1,1.0
maliyet,0,1,1,1.0
divergewindbreak,0,1,1,1.0
lief,0,1,1,1.0
ichor,0,1,1,1.0
xjpoeb,0,1,1,1.0
selfopinion,0,1,1,1.0
mtlthjjj,0,1,1,1.0
verifc,1,0,1,0.0
knk,0,1,1,1.0
vkyb,0,1,1,1.0
duetaarhu,0,1,1,1.0
cyclo,0,1,1,1.0
rgsixef,0,1,1,1.0
anticipatedco,0,1,1,1.0
vetmsl,0,1,1,1.0
kpfkn,0,1,1,1.0
ugylgr,0,1,1,1.0
stockthat,0,1,1,1.0
verdigi,1,0,1,0.0
aofmxh,0,1,1,1.0
evinrud,1,0,1,0.0
ryeiinedmtaecqf,0,1,1,1.0
gofre,1,0,1,0.0
thmere,0,1,1,1.0
abstractorbick,0,1,1,1.0
zccfvront,0,1,1,1.0
chancesto,0,1,1,1.0
vixgyeig,0,1,1,1.0
twryc,0,1,1,1.0
omigod,1,0,1,0.0
mcmullew,1,0,1,0.0
oyao,0,1,1,1.0
worbld,0,1,1,1.0
ybro,0,1,1,1.0
bertocchi,1,0,1,0.0
loanwar,1,0,1,0.0
jgahij,0,1,1,1.0
pprove,0,1,1,1.0
dacosta,0,1,1,1.0
zpb,0,1,1,1.0
fywsoobtmvj,0,1,1,1.0
uwv,0,1,1,1.0
planmids,0,1,1,1.0
chrisgnichol,1,0,1,0.0
prfucg,0,1,1,1.0
pnmm,0,1,1,1.0
anabranch,0,1,1,1.0
elora,1,0,1,0.0
coalhol,0,1,1,1.0
doughfac,0,1,1,1.0
lowoest,0,1,1,1.0
locjf,0,1,1,1.0
maritalstatu,0,1,1,1.0
furcat,0,1,1,1.0
alcoholdecomposit,0,1,1,1.0
realenergi,1,0,1,0.0
ascenzi,1,0,1,0.0
jauregui,1,0,1,0.0
fcca,0,1,1,1.0
krte,0,1,1,1.0
colección,0,1,1,1.0
finalnotic,0,1,1,1.0
vwdye,0,1,1,1.0
alliback,0,1,1,1.0
xec,0,1,1,1.0
bldu,0,1,1,1.0
baronychert,0,1,1,1.0
xdreksuhlkuytkyspnjct,0,1,1,1.0
entubação,0,1,1,1.0
everyht,1,0,1,0.0
liggettbeethoven,0,1,1,1.0
wtex,1,0,1,0.0
sgcemt,0,1,1,1.0
twlo,0,1,1,1.0
chhanda,0,1,1,1.0
idyzyrg,0,1,1,1.0
yftv,0,1,1,1.0
popssavr,0,1,1,1.0
shrub,0,1,1,1.0
drig,0,1,1,1.0
hydlz,0,1,1,1.0
aeneipzyn,0,1,1,1.0
patchhealth,0,1,1,1.0
aberystwyth,0,1,1,1.0
vibranc,0,1,1,1.0
ansprüch,0,1,1,1.0
glassinealleyway,0,1,1,1.0
muhr,0,1,1,1.0
lgmivh,0,1,1,1.0
appharov,0,1,1,1.0
systemslog,0,1,1,1.0
kehjkxlvp,0,1,1,1.0
dqfi,0,1,1,1.0
gkandnpyy,0,1,1,1.0
pwtkkmtyep,0,1,1,1.0
merezca,0,1,1,1.0
repliac,0,1,1,1.0
pressman,0,1,1,1.0
ccppa,0,1,1,1.0
ingesta,0,1,1,1.0
teilnehmern,0,1,1,1.0
fazdi,0,1,1,1.0
jmpro,0,1,1,1.0
hjurktp,0,1,1,1.0
svrtja,0,1,1,1.0
esophagu,0,1,1,1.0
jbroq,0,1,1,1.0
millionindustri,0,1,1,1.0
outabl,1,0,1,0.0
teamsucc,0,1,1,1.0
ctk,0,1,1,1.0
ducto,0,1,1,1.0
idmgrmg,0,1,1,1.0
qhykbxml,0,1,1,1.0
arv,0,1,1,1.0
qfjg,0,1,1,1.0
postura,0,1,1,1.0
wesom,0,1,1,1.0
biger,1,0,1,0.0
zhanfeng,0,1,1,1.0
bepcau,0,1,1,1.0
ujd,0,1,1,1.0
rheniumbrontosauru,0,1,1,1.0
dayhellod,0,1,1,1.0
ratsabi,0,1,1,1.0
prescriptionydrug,0,1,1,1.0
hpfiuh,0,1,1,1.0
arledg,1,0,1,0.0
quadrival,0,1,1,1.0
kwhowcj,0,1,1,1.0
infelicitygannett,0,1,1,1.0
wqucl,0,1,1,1.0
eonlin,1,0,1,0.0
houstonu,1,0,1,0.0
ejgrxlp,0,1,1,1.0
syofswqbt,0,1,1,1.0
mcisner,1,0,1,0.0
koncu,1,0,1,0.0
suprervisagra,0,1,1,1.0
getcookiev,0,1,1,1.0
cwbusumaqfxopt,0,1,1,1.0
lqfan,0,1,1,1.0
aypkr,0,1,1,1.0
aguileratechnolog,0,1,1,1.0
gnrc,0,1,1,1.0
sawsquar,0,1,1,1.0
athcpck,0,1,1,1.0
rreinhard,0,1,1,1.0
couk,0,1,1,1.0
thivkmdc,0,1,1,1.0
lozss,0,1,1,1.0
qlncsnsgn,0,1,1,1.0
calpool,1,0,1,0.0
artigo,0,1,1,1.0
nhssi,0,1,1,1.0
kidrock,1,0,1,0.0
fxa,0,1,1,1.0
dinorah,1,0,1,0.0
qnnti,0,1,1,1.0
neutralis,0,1,1,1.0
bartlesvil,1,0,1,0.0
harriwinpoeo,0,1,1,1.0
duskshrew,0,1,1,1.0
wochenenden,1,0,1,0.0
trastero,0,1,1,1.0
oject,0,1,1,1.0
sexuaal,0,1,1,1.0
szdsbip,0,1,1,1.0
lxkbjtj,0,1,1,1.0
mvbhf,0,1,1,1.0
trabajaportucuenta,0,1,1,1.0
rfreeman,1,0,1,0.0
wiggleinst,0,1,1,1.0
dispor,0,1,1,1.0
bemkimartin,0,1,1,1.0
mrlendez,0,1,1,1.0
osfhix,0,1,1,1.0
pickoff,0,1,1,1.0
uyick,0,1,1,1.0
polyclin,0,1,1,1.0
morawitz,1,0,1,0.0
powijikob,0,1,1,1.0
darqnjx,0,1,1,1.0
estimatescdgt,0,1,1,1.0
municipai,0,1,1,1.0
liberado,0,1,1,1.0
pbczd,0,1,1,1.0
argentinanuea,0,1,1,1.0
parchment,0,1,1,1.0
xvsc,0,1,1,1.0
xigh,0,1,1,1.0
lois,1,0,1,0.0
bjpjr,0,1,1,1.0
rertfd,0,1,1,1.0
lokmail,1,0,1,0.0
elowest,0,1,1,1.0
aattack,0,1,1,1.0
kof,0,1,1,1.0
atuam,0,1,1,1.0
informaticarooki,0,1,1,1.0
theurefor,0,1,1,1.0
qqfwgzl,0,1,1,1.0
whereat,1,0,1,0.0
pinecon,0,1,1,1.0
panstwo,1,0,1,0.0
cofll,0,1,1,1.0
ffffffhttp,0,1,1,1.0
adjudgepluperfect,0,1,1,1.0
womanhoodb,0,1,1,1.0
mazdaljosi,0,1,1,1.0
usbw,1,0,1,0.0
marchent,0,1,1,1.0
veröffentlichen,0,1,1,1.0
lyzvbxbt,0,1,1,1.0
facilitando,0,1,1,1.0
zgfcmnl,0,1,1,1.0
sdpem,0,1,1,1.0
déficit,0,1,1,1.0
qrihmd,0,1,1,1.0
què,0,1,1,1.0
oqpqln,0,1,1,1.0
bswojncej,0,1,1,1.0
facturan,0,1,1,1.0
sorepit,0,1,1,1.0
inso,0,1,1,1.0
teethtaken,0,1,1,1.0
intellectuel,0,1,1,1.0
hufgchzahaaxiss,0,1,1,1.0
solici,0,1,1,1.0
piwdi,0,1,1,1.0
glumli,1,0,1,0.0
hydorcarbon,1,0,1,0.0
ghali,0,1,1,1.0
cadastra,0,1,1,1.0
chaprg,0,1,1,1.0
svn,0,1,1,1.0
aspidistrahess,0,1,1,1.0
vtaylor,1,0,1,0.0
comiskey,1,0,1,0.0
ntual,0,1,1,1.0
epnxjazqv,0,1,1,1.0
hovcfyum,0,1,1,1.0
receiveeee,0,1,1,1.0
hiperlink,0,1,1,1.0
skiver,0,1,1,1.0
mfort,0,1,1,1.0
espionagefireston,0,1,1,1.0
ndpatrol,0,1,1,1.0
havelaastraat,0,1,1,1.0
futurament,0,1,1,1.0
startshobbl,0,1,1,1.0
mehxd,0,1,1,1.0
jelimeg,0,1,1,1.0
slighli,1,0,1,0.0
mlqwpk,0,1,1,1.0
ftraysp,0,1,1,1.0
shapro,1,0,1,0.0
sexier,1,0,1,0.0
cbgxtmccv,0,1,1,1.0
demod,0,1,1,1.0
oprbf,0,1,1,1.0
colleaguesand,0,1,1,1.0
kzgpmffukili,0,1,1,1.0
zekauska,0,1,1,1.0
vlr,0,1,1,1.0
ynpwi,0,1,1,1.0
freemanblackbodi,0,1,1,1.0
forpnplcw,0,1,1,1.0
jovani,0,1,1,1.0
ugeostat,0,1,1,1.0
bomberman,0,1,1,1.0
plm,0,1,1,1.0
uwka,0,1,1,1.0
ytvri,0,1,1,1.0
osogmxbb,0,1,1,1.0
boughtw,0,1,1,1.0
jcthg,0,1,1,1.0
risser,1,0,1,0.0
smosoqr,0,1,1,1.0
corinahttp,0,1,1,1.0
risedecis,1,0,1,0.0
exfi,0,1,1,1.0
correr,0,1,1,1.0
smbd,0,1,1,1.0
zjibwivt,0,1,1,1.0
jtp,0,1,1,1.0
fijcb,0,1,1,1.0
chhqm,0,1,1,1.0
osylzmb,0,1,1,1.0
foreig,0,1,1,1.0
orgazzzm,0,1,1,1.0
elux,1,0,1,0.0
rnax,0,1,1,1.0
onlinegamemanag,0,1,1,1.0
felina,0,1,1,1.0
zhoster,0,1,1,1.0
hypertextu,0,1,1,1.0
witho,0,1,1,1.0
lapsley,1,0,1,0.0
krqtanyp,0,1,1,1.0
beschaftigt,0,1,1,1.0
ggeund,0,1,1,1.0
tommororw,1,0,1,0.0
constipatekneecap,0,1,1,1.0
tsujfm,0,1,1,1.0
andeasi,0,1,1,1.0
rmmrbeee,0,1,1,1.0
ornela,1,0,1,0.0
scochran,0,1,1,1.0
alvgw,0,1,1,1.0
cumm,0,1,1,1.0
exercven,0,1,1,1.0
vicinaldeclar,0,1,1,1.0
pauperlewd,0,1,1,1.0
brufen,0,1,1,1.0
keesler,1,0,1,0.0
enlight,0,1,1,1.0
tephralit,0,1,1,1.0
rishard,0,1,1,1.0
wouldnot,0,1,1,1.0
hspdiml,0,1,1,1.0
usest,0,1,1,1.0
magnateconvoc,0,1,1,1.0
rbameta,0,1,1,1.0
aeremenko,1,0,1,0.0
arbalest,0,1,1,1.0
achiement,0,1,1,1.0
gedor,0,1,1,1.0
ctqpm,0,1,1,1.0
rnament,0,1,1,1.0
juntando,0,1,1,1.0
sibeliu,0,1,1,1.0
postmodern,0,1,1,1.0
inmonday,0,1,1,1.0
tigow,0,1,1,1.0
zvzzevibr,0,1,1,1.0
buckskinemilio,0,1,1,1.0
reveriejostl,0,1,1,1.0
prosperidad,0,1,1,1.0
jamameju,0,1,1,1.0
lousyscan,0,1,1,1.0
personconfirm,0,1,1,1.0
ungar,0,1,1,1.0
riucyotpg,0,1,1,1.0
conciliatorycoriolanu,0,1,1,1.0
manga,0,1,1,1.0
milyona,0,1,1,1.0
yzqxrimprop,0,1,1,1.0
qcel,0,1,1,1.0
opportu,0,1,1,1.0
vljourney,0,1,1,1.0
antispywar,0,1,1,1.0
aggz,0,1,1,1.0
yowcqyhb,0,1,1,1.0
xosloren,1,0,1,0.0
ivgogu,0,1,1,1.0
strangemeet,0,1,1,1.0
monetez,1,0,1,0.0
rpex,0,1,1,1.0
xxxpornmoviesxxx,0,1,1,1.0
srnootonnsnpqfojoussomoj,0,1,1,1.0
freewil,0,1,1,1.0
paaxil,0,1,1,1.0
gormonour,0,1,1,1.0
cssnv,0,1,1,1.0
estudiaron,0,1,1,1.0
uvldvq,0,1,1,1.0
campan,0,1,1,1.0
einfachst,0,1,1,1.0
excepción,0,1,1,1.0
mheath,1,0,1,0.0
hpv,0,1,1,1.0
aretrap,0,1,1,1.0
exposurenbsp,0,1,1,1.0
stingrayabcdef,0,1,1,1.0
bhotm,1,0,1,0.0
althrough,1,0,1,0.0
lqrte,0,1,1,1.0
mbjbrbrpartial,0,1,1,1.0
ntermn,0,1,1,1.0
islurp,0,1,1,1.0
oncolonel,0,1,1,1.0
anarchicgibbi,0,1,1,1.0
vnlrxokq,0,1,1,1.0
grovelalexei,0,1,1,1.0
erlvv,0,1,1,1.0
terminologa,0,1,1,1.0
maldinado,1,0,1,0.0
stohmey,1,0,1,0.0
trustwarthi,0,1,1,1.0
exers,0,1,1,1.0
pisani,0,1,1,1.0
bqlo,0,1,1,1.0
sassmannshausen,0,1,1,1.0
olnypkpki,0,1,1,1.0
qvqohtkbvdrtx,0,1,1,1.0
hxqxnr,0,1,1,1.0
mmzgpvddn,0,1,1,1.0
previllag,0,1,1,1.0
rntybsb,0,1,1,1.0
approri,1,0,1,0.0
productl,0,1,1,1.0
ndkcu,0,1,1,1.0
mattthhh,0,1,1,1.0
pqbvoyefq,0,1,1,1.0
mrfav,0,1,1,1.0
oishsmrjtmrsrjnjrnr,0,1,1,1.0
lovejoy,0,1,1,1.0
wrdeb,0,1,1,1.0
suniljbmfm,0,1,1,1.0
heelp,0,1,1,1.0
vagosto,0,1,1,1.0
brznr,0,1,1,1.0
brla,0,1,1,1.0
cdeepak,1,0,1,0.0
dozzp,0,1,1,1.0
acwcwvab,0,1,1,1.0
ndtrugnu,0,1,1,1.0
aproveitando,0,1,1,1.0
capituloscurso,0,1,1,1.0
jaggeri,0,1,1,1.0
bikecommut,1,0,1,0.0
yedjeaf,0,1,1,1.0
kwgn,0,1,1,1.0
devisehorsepow,0,1,1,1.0
sahsaid,0,1,1,1.0
nirveana,0,1,1,1.0
cashbi,0,1,1,1.0
secqond,0,1,1,1.0
danzón,0,1,1,1.0
yhapetygo,0,1,1,1.0
dhhalden,0,1,1,1.0
enoc,1,0,1,0.0
aqn,0,1,1,1.0
wiqbwabeq,0,1,1,1.0
gowebrx,0,1,1,1.0
omgroup,1,0,1,0.0
cobrara,0,1,1,1.0
xqegug,0,1,1,1.0
xwvx,0,1,1,1.0
orgaazm,0,1,1,1.0
lapi,0,1,1,1.0
wlhoe,0,1,1,1.0
upwav,0,1,1,1.0
duringveterinari,0,1,1,1.0
indywidualna,1,0,1,0.0
raíz,0,1,1,1.0
viakra,0,1,1,1.0
lehn,1,0,1,0.0
maintenac,1,0,1,0.0
overabund,1,0,1,0.0
resona,0,1,1,1.0
tfyaoe,0,1,1,1.0
yiaw,0,1,1,1.0
könnte,0,1,1,1.0
engelbertstr,0,1,1,1.0
nuguhaquoc,0,1,1,1.0
ganzem,0,1,1,1.0
unvei,0,1,1,1.0
gkkow,0,1,1,1.0
altman,0,1,1,1.0
arnoldo,0,1,1,1.0
brisker,1,0,1,0.0
ionmelbourn,0,1,1,1.0
kszwz,0,1,1,1.0
ttfxzttsu,0,1,1,1.0
xhool,0,1,1,1.0
zsnb,0,1,1,1.0
smao,0,1,1,1.0
wanowri,1,0,1,0.0
sanitario,0,1,1,1.0
tigrish,0,1,1,1.0
orbitdrop,0,1,1,1.0
anicon,0,1,1,1.0
utit,1,0,1,0.0
bckcyzncli,0,1,1,1.0
grigioni,0,1,1,1.0
zkxv,0,1,1,1.0
sinhbrandt,0,1,1,1.0
zurück,0,1,1,1.0
midwif,0,1,1,1.0
epur,0,1,1,1.0
unpair,0,1,1,1.0
qskue,0,1,1,1.0
batfowl,0,1,1,1.0
pineappledock,0,1,1,1.0
unprepossess,0,1,1,1.0
jectiv,0,1,1,1.0
hbsg,0,1,1,1.0
enjoya,0,1,1,1.0
frrre,0,1,1,1.0
tgari,1,0,1,0.0
guilfordproff,0,1,1,1.0
ungrac,1,0,1,0.0
teacupdrift,0,1,1,1.0
ivv,0,1,1,1.0
sö,0,1,1,1.0
ntnzioeh,0,1,1,1.0
preselect,1,0,1,0.0
kraftvol,0,1,1,1.0
prohduct,0,1,1,1.0
xxphln,0,1,1,1.0
eesna,0,1,1,1.0
ascjknx,0,1,1,1.0
robertle,1,0,1,0.0
cariño,0,1,1,1.0
tqesbox,0,1,1,1.0
commercequest,0,1,1,1.0
iridiumworsen,0,1,1,1.0
ordër,0,1,1,1.0
requiremst,1,0,1,0.0
tarutaotour,0,1,1,1.0
inexpugn,0,1,1,1.0
prerat,1,0,1,0.0
yvonnemazd,0,1,1,1.0
shwc,0,1,1,1.0
lefvr,0,1,1,1.0
workmeniverson,0,1,1,1.0
unzuverlssigen,0,1,1,1.0
zmrsalcjo,0,1,1,1.0
affright,0,1,1,1.0
efzdsj,0,1,1,1.0
scission,0,1,1,1.0
vrthn,0,1,1,1.0
okoliedear,0,1,1,1.0
bfrand,0,1,1,1.0
prfreabl,0,1,1,1.0
bezahlt,0,1,1,1.0
usecheap,0,1,1,1.0
lziqyfqqu,0,1,1,1.0
ijcv,0,1,1,1.0
tud,0,1,1,1.0
monogyn,0,1,1,1.0
recpt,0,1,1,1.0
qkybdmwmi,0,1,1,1.0
chilcoat,1,0,1,0.0
claptrap,0,1,1,1.0
lyeia,0,1,1,1.0
derden,0,1,1,1.0
faltan,0,1,1,1.0
bulletcuddl,0,1,1,1.0
requrir,0,1,1,1.0
scituat,0,1,1,1.0
teamrot,0,1,1,1.0
ouit,0,1,1,1.0
anadarkocancor,1,0,1,0.0
zlb,0,1,1,1.0
jmuell,1,0,1,0.0
nnnttjhkj,0,1,1,1.0
allaria,1,0,1,0.0
cvonyy,0,1,1,1.0
teletypewritecloven,0,1,1,1.0
budraja,1,0,1,0.0
cisconetlot,0,1,1,1.0
dablin,1,0,1,0.0
dyzzcf,0,1,1,1.0
ghfqve,0,1,1,1.0
ykyzclo,0,1,1,1.0
reproduit,0,1,1,1.0
zlqhxc,0,1,1,1.0
zvrkxjmex,0,1,1,1.0
ueko,0,1,1,1.0
supermodel,1,0,1,0.0
auqwsun,0,1,1,1.0
breedlov,1,0,1,0.0
unembellish,0,1,1,1.0
alephanim,0,1,1,1.0
mlmmentor,0,1,1,1.0
gentlefolk,0,1,1,1.0
tappi,0,1,1,1.0
hecr,0,1,1,1.0
diam,0,1,1,1.0
anxeti,0,1,1,1.0
smygi,0,1,1,1.0
beheer,1,0,1,0.0
lnckijifhrvg,0,1,1,1.0
niemieck,1,0,1,0.0
pbni,0,1,1,1.0
yzruvf,0,1,1,1.0
fvl,0,1,1,1.0
mooneyj,1,0,1,0.0
boddi,0,1,1,1.0
lsld,0,1,1,1.0
rohmer,1,0,1,0.0
registrationcredit,0,1,1,1.0
transcat,0,1,1,1.0
ordrer,0,1,1,1.0
efodwap,0,1,1,1.0
dahnhfd,0,1,1,1.0
anddevelopspecif,0,1,1,1.0
gerbilmid,0,1,1,1.0
pcscrm,0,1,1,1.0
gonea,0,1,1,1.0
inheritress,0,1,1,1.0
vwvzsqoxa,0,1,1,1.0
jubilado,0,1,1,1.0
zpnjojceshza,0,1,1,1.0
xccjdnwss,0,1,1,1.0
pracami,1,0,1,0.0
responderá,0,1,1,1.0
rohibit,1,0,1,0.0
mennel,1,0,1,0.0
syvutgf,0,1,1,1.0
hvwi,0,1,1,1.0
tramlrplbr,0,1,1,1.0
wmldt,0,1,1,1.0
eriuq,0,1,1,1.0
referringrud,0,1,1,1.0
lendez,0,1,1,1.0
esol,1,0,1,0.0
karrak,1,0,1,0.0
lwj,0,1,1,1.0
ylxulmaeqgfzumf,0,1,1,1.0
ikbwfk,0,1,1,1.0
marinha,0,1,1,1.0
umatabel,0,1,1,1.0
slaki,1,0,1,0.0
lumier,0,1,1,1.0
worlwdid,0,1,1,1.0
receso,0,1,1,1.0
cummmmm,0,1,1,1.0
yqqgx,0,1,1,1.0
woud,0,1,1,1.0
pscepat,0,1,1,1.0
pearljosh,0,1,1,1.0
ysbjrm,0,1,1,1.0
mhqf,0,1,1,1.0
quasoul,0,1,1,1.0
millionjar,0,1,1,1.0
underserv,0,1,1,1.0
rzbu,0,1,1,1.0
krichard,1,0,1,0.0
ldupqz,0,1,1,1.0
ramupgrad,0,1,1,1.0
sensationmong,0,1,1,1.0
prelimi,1,0,1,0.0
notificatoin,0,1,1,1.0
mintuet,0,1,1,1.0
recev,1,0,1,0.0
poeljpswu,0,1,1,1.0
khuxxbi,0,1,1,1.0
vhd,0,1,1,1.0
biolock,0,1,1,1.0
williamsbalboa,0,1,1,1.0
dywniikc,0,1,1,1.0
pasaj,0,1,1,1.0
bbzb,0,1,1,1.0
boden,0,1,1,1.0
wkbjpop,0,1,1,1.0
metaphorrest,0,1,1,1.0
suer,1,0,1,0.0
wjpskqzzmtq,0,1,1,1.0
dicast,0,1,1,1.0
cowlumn,0,1,1,1.0
ichthyorni,0,1,1,1.0
sqppmnt,0,1,1,1.0
haun,1,0,1,0.0
rachealalbert,0,1,1,1.0
fchjb,0,1,1,1.0
klink,1,0,1,0.0
guaralnte,0,1,1,1.0
vgsjjmeqjktiddn,0,1,1,1.0
markw,1,0,1,0.0
trudno,1,0,1,0.0
obliegenheiten,0,1,1,1.0
greathem,0,1,1,1.0
ffgh,0,1,1,1.0
alabilirsiniz,0,1,1,1.0
vylcrlffn,0,1,1,1.0
uiat,0,1,1,1.0
maresia,0,1,1,1.0
minimo,0,1,1,1.0
perca,0,1,1,1.0
quartleri,1,0,1,0.0
gagnon,0,1,1,1.0
belonoid,0,1,1,1.0
disillus,0,1,1,1.0
apter,0,1,1,1.0
tnqpi,0,1,1,1.0
loogan,0,1,1,1.0
weightioss,0,1,1,1.0
descenderchef,0,1,1,1.0
sstvybr,0,1,1,1.0
uttnst,0,1,1,1.0
champsolid,0,1,1,1.0
tcyhkia,0,1,1,1.0
txjhlqyv,0,1,1,1.0
yxglbkhki,0,1,1,1.0
dobmeo,0,1,1,1.0
empfängerlist,0,1,1,1.0
maes,1,0,1,0.0
tduak,0,1,1,1.0
merest,0,1,1,1.0
monchi,1,0,1,0.0
servirà,0,1,1,1.0
bazooka,0,1,1,1.0
realproductoptim,0,1,1,1.0
þquier,0,1,1,1.0
caesarsurf,0,1,1,1.0
nxbnhhua,0,1,1,1.0
bestratesnationwid,0,1,1,1.0
demandcompani,0,1,1,1.0
expediatop,0,1,1,1.0
wadeg,1,0,1,0.0
pubi,0,1,1,1.0
pnwipsfjr,0,1,1,1.0
inlud,0,1,1,1.0
lookf,0,1,1,1.0
uninhabit,0,1,1,1.0
icosahedra,0,1,1,1.0
cjkqfj,0,1,1,1.0
ilinoi,0,1,1,1.0
karon,1,0,1,0.0
nasrdaq,0,1,1,1.0
asleepbibliographi,0,1,1,1.0
lshrqsppnrii,0,1,1,1.0
koral,0,1,1,1.0
slgxkh,0,1,1,1.0
outsrood,0,1,1,1.0
annou,0,1,1,1.0
ddzl,0,1,1,1.0
mpngvupfc,0,1,1,1.0
sincerelyjohnson,0,1,1,1.0
carnagebathroom,0,1,1,1.0
hvdxk,0,1,1,1.0
tangram,1,0,1,0.0
wui,0,1,1,1.0
losi,0,1,1,1.0
gggok,0,1,1,1.0
jjkrjocp,0,1,1,1.0
sprueborrow,0,1,1,1.0
limitid,0,1,1,1.0
congruenc,1,0,1,0.0
yatd,0,1,1,1.0
macltnz,0,1,1,1.0
daisycutt,0,1,1,1.0
wnle,0,1,1,1.0
macintoshdogleg,0,1,1,1.0
ydgbq,0,1,1,1.0
csjteqt,0,1,1,1.0
msdeflat,0,1,1,1.0
jhummel,1,0,1,0.0
xrbk,0,1,1,1.0
udbqxu,0,1,1,1.0
ncxb,0,1,1,1.0
barkascet,0,1,1,1.0
jobholdergolden,0,1,1,1.0
felixhouphet,0,1,1,1.0
stica,0,1,1,1.0
walleroo,0,1,1,1.0
indsi,1,0,1,0.0
houseincest,0,1,1,1.0
disneyla,0,1,1,1.0
dofinansowania,1,0,1,0.0
confidentiaiput,0,1,1,1.0
hrservic,1,0,1,0.0
cobrascorpion,0,1,1,1.0
kwdonnnp,0,1,1,1.0
wlz,0,1,1,1.0
btwf,0,1,1,1.0
sbcglobal,0,1,1,1.0
kerrel,1,0,1,0.0
ultralif,0,1,1,1.0
mmxhelnt,0,1,1,1.0
newsfromrussia,0,1,1,1.0
groenfeldt,1,0,1,0.0
lgeophys,0,1,1,1.0
ivmktli,0,1,1,1.0
yarbrough,1,0,1,0.0
marcará,0,1,1,1.0
dhartman,1,0,1,0.0
twkhkxed,0,1,1,1.0
gadam,1,0,1,0.0
ginastera,0,1,1,1.0
markthurb,1,0,1,0.0
hycomin,0,1,1,1.0
ungewollt,0,1,1,1.0
holevasseur,0,1,1,1.0
tlnona,0,1,1,1.0
wam,1,0,1,0.0
jacksonvillespr,0,1,1,1.0
zmigzi,0,1,1,1.0
ufntwgji,0,1,1,1.0
mailmenthorn,0,1,1,1.0
lwharri,0,1,1,1.0
sbshin,1,0,1,0.0
autotoxi,0,1,1,1.0
geneticistsacadem,0,1,1,1.0
kosztow,1,0,1,0.0
spwtee,0,1,1,1.0
csdgi,0,1,1,1.0
essig,1,0,1,0.0
trakci,1,0,1,0.0
subsidiaryworkbook,0,1,1,1.0
secpond,0,1,1,1.0
cadenc,0,1,1,1.0
sbol,0,1,1,1.0
irst,0,1,1,1.0
bradenton,0,1,1,1.0
divstronga,0,1,1,1.0
feeback,1,0,1,0.0
mxle,0,1,1,1.0
emac,0,1,1,1.0
setoesvgj,0,1,1,1.0
weatherflow,0,1,1,1.0
outilv,0,1,1,1.0
notaccomplish,0,1,1,1.0
orgánica,0,1,1,1.0
adamsbroadwel,1,0,1,0.0
ctation,0,1,1,1.0
cheapmortgag,0,1,1,1.0
hausbusi,0,1,1,1.0
pvdzjeumzxzdf,0,1,1,1.0
ampliar,0,1,1,1.0
kaymassmanlobb,1,0,1,0.0
hptiavh,0,1,1,1.0
plao,1,0,1,0.0
trapezia,0,1,1,1.0
nduoxasho,0,1,1,1.0
oxxlwej,0,1,1,1.0
wwer,0,1,1,1.0
olivetto,1,0,1,0.0
xknszug,0,1,1,1.0
warmrespect,0,1,1,1.0
superhgh,0,1,1,1.0
bgbqc,0,1,1,1.0
bpuiz,0,1,1,1.0
wczbvl,0,1,1,1.0
wjennin,1,0,1,0.0
gwyneth,0,1,1,1.0
bonusori,0,1,1,1.0
amrcorp,1,0,1,0.0
additionali,1,0,1,0.0
phalansteri,0,1,1,1.0
linearli,1,0,1,0.0
fleek,1,0,1,0.0
junglo,1,0,1,0.0
ppntufbi,0,1,1,1.0
wlkxjokf,0,1,1,1.0
connelllarsen,0,1,1,1.0
airlaugh,0,1,1,1.0
ausfindig,0,1,1,1.0
linc,1,0,1,0.0
kkhjqwcv,0,1,1,1.0
retitl,1,0,1,0.0
gallinac,0,1,1,1.0
jperlman,1,0,1,0.0
kheswyw,0,1,1,1.0
oceni,1,0,1,0.0
clerkclaud,0,1,1,1.0
jmbycqi,0,1,1,1.0
corson,0,1,1,1.0
shortcutoclar,0,1,1,1.0
philamuseum,1,0,1,0.0
uyiju,0,1,1,1.0
eunlos,0,1,1,1.0
shaadi,0,1,1,1.0
greetsth,0,1,1,1.0
bkmu,0,1,1,1.0
xaablvb,0,1,1,1.0
tjxzrveaf,0,1,1,1.0
eggther,0,1,1,1.0
jqiruliy,0,1,1,1.0
bmu,0,1,1,1.0
yaklaþýk,0,1,1,1.0
xouzkvgep,0,1,1,1.0
exklusiv,0,1,1,1.0
tpcabqvzapbp,0,1,1,1.0
diehl,0,1,1,1.0
themarketingtruth,0,1,1,1.0
worldbuydirect,0,1,1,1.0
gbvw,0,1,1,1.0
calego,1,0,1,0.0
jhc,0,1,1,1.0
farhkjhc,0,1,1,1.0
psolp,1,0,1,0.0
endavour,0,1,1,1.0
jkjeocu,0,1,1,1.0
kbwguj,0,1,1,1.0
wazsw,0,1,1,1.0
arobertshaw,1,0,1,0.0
trt,0,1,1,1.0
websiteaddress,0,1,1,1.0
colleaguehigh,1,0,1,0.0
pnjn,0,1,1,1.0
basico,0,1,1,1.0
uzwoh,0,1,1,1.0
tqkbqq,0,1,1,1.0
compulsionanchorag,0,1,1,1.0
obef,0,1,1,1.0
winemast,0,1,1,1.0
bzqtvl,0,1,1,1.0
telehon,1,0,1,0.0
ïèñüìî,0,1,1,1.0
novemeb,1,0,1,0.0
bestnor,0,1,1,1.0
kapka,1,0,1,0.0
neatherlin,1,0,1,0.0
overstress,0,1,1,1.0
galmov,0,1,1,1.0
lmyruvatqqkmi,0,1,1,1.0
availheight,0,1,1,1.0
rwcfv,0,1,1,1.0
europeanbooklet,0,1,1,1.0
fossesca,1,0,1,0.0
rkwvyc,0,1,1,1.0
sseifa,0,1,1,1.0
sizzi,0,1,1,1.0
gcfhkh,0,1,1,1.0
chaundra,1,0,1,0.0
hwkprqb,0,1,1,1.0
reportedgar,0,1,1,1.0
anitdot,0,1,1,1.0
vlzailv,0,1,1,1.0
evd,0,1,1,1.0
wgrupveof,0,1,1,1.0
doedwn,0,1,1,1.0
hzm,0,1,1,1.0
tildi,0,1,1,1.0
emcgoldrick,1,0,1,0.0
snz,0,1,1,1.0
nxxmw,0,1,1,1.0
judicatorys,0,1,1,1.0
rjrprsibr,0,1,1,1.0
pjgiiqvhr,0,1,1,1.0
sern,0,1,1,1.0
redomest,0,1,1,1.0
alicat,0,1,1,1.0
ahmpan,0,1,1,1.0
weltmarkt,0,1,1,1.0
zlxkf,0,1,1,1.0
steerabl,0,1,1,1.0
smchamp,1,0,1,0.0
dwhen,0,1,1,1.0
ltm,0,1,1,1.0
bfhoqf,0,1,1,1.0
transok,1,0,1,0.0
ftalv,0,1,1,1.0
tagarnina,0,1,1,1.0
janssen,0,1,1,1.0
shoshana,0,1,1,1.0
flli,1,0,1,0.0
izoom,0,1,1,1.0
jmr,0,1,1,1.0
cdhmio,0,1,1,1.0
qualjti,0,1,1,1.0
accessor,0,1,1,1.0
online,0,1,1,1.0
paraclet,0,1,1,1.0
averti,0,1,1,1.0
hyodd,0,1,1,1.0
lojko,1,0,1,0.0
concedido,0,1,1,1.0
disordersidiosyncrat,0,1,1,1.0
feetdett,0,1,1,1.0
eingestellt,0,1,1,1.0
mailint,0,1,1,1.0
batck,0,1,1,1.0
malla,0,1,1,1.0
qaxqzr,0,1,1,1.0
sltydri,0,1,1,1.0
managenet,1,0,1,0.0
omlvlhnn,0,1,1,1.0
faultless,0,1,1,1.0
plase,0,1,1,1.0
xmjnagd,0,1,1,1.0
somic,0,1,1,1.0
niña,0,1,1,1.0
ecl,0,1,1,1.0
lhkbiv,0,1,1,1.0
aparatología,0,1,1,1.0
alois,0,1,1,1.0
temiloluwa,1,0,1,0.0
ygyoan,0,1,1,1.0
etsdb,1,0,1,0.0
rechazó,0,1,1,1.0
rayon,1,0,1,0.0
extim,1,0,1,0.0
zveutbm,0,1,1,1.0
zlptpj,0,1,1,1.0
hivol,1,0,1,0.0
handwerkszeug,0,1,1,1.0
peoplehad,0,1,1,1.0
wxnluvx,0,1,1,1.0
khaolak,0,1,1,1.0
martìnez,0,1,1,1.0
zokr,0,1,1,1.0
cesspool,0,1,1,1.0
osn,0,1,1,1.0
zykf,0,1,1,1.0
yjxsywu,0,1,1,1.0
lmk,0,1,1,1.0
lekhnd,0,1,1,1.0
unitedsalt,1,0,1,0.0
lwzss,0,1,1,1.0
psmith,1,0,1,0.0
yvjeil,0,1,1,1.0
reallllli,0,1,1,1.0
jinghao,1,0,1,0.0
sunco,1,0,1,0.0
ekhvhdqkxhm,0,1,1,1.0
mailaddress,0,1,1,1.0
excreta,0,1,1,1.0
wswanson,1,0,1,0.0
morayt,0,1,1,1.0
najlepszym,1,0,1,0.0
heilman,1,0,1,0.0
entwurf,0,1,1,1.0
omfort,1,0,1,0.0
barrydingi,0,1,1,1.0
encontraron,0,1,1,1.0
qiv,1,0,1,0.0
gek,1,0,1,0.0
courtsru,0,1,1,1.0
ifrxiabr,0,1,1,1.0
dqdcosgx,0,1,1,1.0
wamqic,0,1,1,1.0
arq,0,1,1,1.0
livingstondkp,0,1,1,1.0
kcfkdpp,0,1,1,1.0
residual,0,1,1,1.0
qlrqdf,0,1,1,1.0
stufenlo,0,1,1,1.0
jfptx,0,1,1,1.0
dnbe,0,1,1,1.0
potneti,1,0,1,0.0
elbmert,0,1,1,1.0
clcyess,0,1,1,1.0
comunicndono,0,1,1,1.0
mzcmh,0,1,1,1.0
morison,1,0,1,0.0
servep,1,0,1,0.0
cinzia,1,0,1,0.0
cunakang,0,1,1,1.0
ciahli,0,1,1,1.0
choy,1,0,1,0.0
oiyg,0,1,1,1.0
haverais,0,1,1,1.0
alwfread,0,1,1,1.0
kootenai,1,0,1,0.0
ptwend,1,0,1,0.0
krenz,1,0,1,0.0
wellesleyteam,1,0,1,0.0
kkf,0,1,1,1.0
apreciador,0,1,1,1.0
riyvikcenftx,0,1,1,1.0
beginnen,0,1,1,1.0
nmbxbeh,0,1,1,1.0
miguelina,0,1,1,1.0
lowrat,0,1,1,1.0
eack,1,0,1,0.0
qgt,0,1,1,1.0
flfiidwp,0,1,1,1.0
llihofn,0,1,1,1.0
cenesizl,0,1,1,1.0
beneficari,0,1,1,1.0
breh,0,1,1,1.0
mpbsm,0,1,1,1.0
syz,0,1,1,1.0
cdw,0,1,1,1.0
officemax,0,1,1,1.0
przegladnij,1,0,1,0.0
ipsdwmcz,0,1,1,1.0
andach,0,1,1,1.0
pactt,0,1,1,1.0
moviesmacduff,0,1,1,1.0
zcqcb,0,1,1,1.0
mjcswjz,0,1,1,1.0
rzlxvmkb,0,1,1,1.0
seligob,0,1,1,1.0
ekibzkexh,0,1,1,1.0
yhlm,0,1,1,1.0
vanaf,0,1,1,1.0
geogia,1,0,1,0.0
rfvdi,0,1,1,1.0
shippabl,1,0,1,0.0
wrulkq,0,1,1,1.0
grasia,0,1,1,1.0
releaseannounc,0,1,1,1.0
kajosa,0,1,1,1.0
australisfrederick,0,1,1,1.0
cijxaag,0,1,1,1.0
itscapit,0,1,1,1.0
zmq,0,1,1,1.0
maharastra,1,0,1,0.0
mkqfp,0,1,1,1.0
khvhlxikc,0,1,1,1.0
vlxwioj,0,1,1,1.0
hectowatt,0,1,1,1.0
zuw,0,1,1,1.0
electrolyra,0,1,1,1.0
matitutino,0,1,1,1.0
carbono,0,1,1,1.0
rbro,0,1,1,1.0
karmakar,0,1,1,1.0
traco,0,1,1,1.0
dgriffin,1,0,1,0.0
wining,1,0,1,0.0
ogtsji,0,1,1,1.0
insatisfecha,0,1,1,1.0
lllgkgirait,0,1,1,1.0
wtl,1,0,1,0.0
lebrocq,1,0,1,0.0
kqlgabr,0,1,1,1.0
menziesia,0,1,1,1.0
kzw,0,1,1,1.0
ewwoaqm,0,1,1,1.0
webhostingteam,0,1,1,1.0
zusht,0,1,1,1.0
spacedichotomywind,0,1,1,1.0
jzo,0,1,1,1.0
pwuidhqf,0,1,1,1.0
conócela,0,1,1,1.0
utd,0,1,1,1.0
ovrernight,0,1,1,1.0
shakier,0,1,1,1.0
colvumn,0,1,1,1.0
incredlbiy,0,1,1,1.0
incres,1,0,1,0.0
rgin,0,1,1,1.0
teppi,0,1,1,1.0
gallahadd,1,0,1,0.0
swpuh,0,1,1,1.0
bejewel,0,1,1,1.0
unremark,0,1,1,1.0
qqf,0,1,1,1.0
lubricant,0,1,1,1.0
mybehalf,0,1,1,1.0
mrodrig,1,0,1,0.0
kanouff,1,0,1,0.0
hjnuc,0,1,1,1.0
kahnawak,0,1,1,1.0
poshten,0,1,1,1.0
pttt,0,1,1,1.0
piszemi,1,0,1,0.0
freeciali,0,1,1,1.0
quickcollegedegre,0,1,1,1.0
ìncludìng,0,1,1,1.0
pharamcybymal,0,1,1,1.0
unlink,0,1,1,1.0
vhuzx,0,1,1,1.0
josè,0,1,1,1.0
toij,0,1,1,1.0
seaworldwid,0,1,1,1.0
cqvnt,0,1,1,1.0
emcl,1,0,1,0.0
gbxwdar,0,1,1,1.0
efawest,1,0,1,0.0
jfleghntistwnulf,0,1,1,1.0
prjcee,0,1,1,1.0
lhqrg,0,1,1,1.0
ywiapm,0,1,1,1.0
frr,0,1,1,1.0
toeim,0,1,1,1.0
stuethiz,0,1,1,1.0
yuji,1,0,1,0.0
taladro,0,1,1,1.0
fcquj,0,1,1,1.0
rachana,1,0,1,0.0
vsubhn,0,1,1,1.0
einzugehen,0,1,1,1.0
rdlmgxnh,0,1,1,1.0
gofrsd,0,1,1,1.0
lrse,0,1,1,1.0
hearn,1,0,1,0.0
vypet,0,1,1,1.0
napisalam,1,0,1,0.0
soksef,0,1,1,1.0
expressionach,0,1,1,1.0
wellknowndynamica,0,1,1,1.0
serifl,0,1,1,1.0
yello,1,0,1,0.0
nglmvntsxcg,0,1,1,1.0
jkgi,0,1,1,1.0
verbali,1,0,1,0.0
svoufdtywsaprp,0,1,1,1.0
elétrico,0,1,1,1.0
mktw,1,0,1,0.0
vayan,0,1,1,1.0
spdyulbxduk,0,1,1,1.0
iayucdvz,0,1,1,1.0
couvrant,0,1,1,1.0
dcwifxpnki,0,1,1,1.0
betransf,0,1,1,1.0
xbik,0,1,1,1.0
bizoppinabox,0,1,1,1.0
kidn,0,1,1,1.0
tect,0,1,1,1.0
ghwa,0,1,1,1.0
pfcpey,0,1,1,1.0
wurdig,0,1,1,1.0
oftelex,0,1,1,1.0
tutma,0,1,1,1.0
jzfgux,0,1,1,1.0
rjmo,1,0,1,0.0
polynesian,0,1,1,1.0
abh,0,1,1,1.0
wrgwjsloy,0,1,1,1.0
pcbugdoctor,0,1,1,1.0
newelammerman,0,1,1,1.0
optuzivati,0,1,1,1.0
guzzler,0,1,1,1.0
xpyzqpfbr,0,1,1,1.0
klipsch,1,0,1,0.0
gorach,1,0,1,0.0
oaklcd,0,1,1,1.0
susbcrib,0,1,1,1.0
llpitor,0,1,1,1.0
beyondthefat,0,1,1,1.0
disrepair,0,1,1,1.0
huu,0,1,1,1.0
pelympa,0,1,1,1.0
infrastrutur,1,0,1,0.0
regionsbank,0,1,1,1.0
jqcq,0,1,1,1.0
prescripst,0,1,1,1.0
aiv,0,1,1,1.0
sjkct,0,1,1,1.0
bdqbu,0,1,1,1.0
simileforens,0,1,1,1.0
requireddocitorfda,0,1,1,1.0
lidiabdallascowboy,0,1,1,1.0
leowcu,0,1,1,1.0
merkezi,0,1,1,1.0
cutsom,0,1,1,1.0
zitieren,0,1,1,1.0
depreeess,0,1,1,1.0
dijrfc,0,1,1,1.0
massa,0,1,1,1.0
lmm,0,1,1,1.0
privacidadcosto,0,1,1,1.0
kahuna,1,0,1,0.0
directcustserv,1,0,1,0.0
klee,1,0,1,0.0
viagrr,0,1,1,1.0
ashamedli,0,1,1,1.0
engeln,0,1,1,1.0
vlqsqyl,0,1,1,1.0
oisgz,0,1,1,1.0
ztv,0,1,1,1.0
rjialywf,0,1,1,1.0
aperfeiçoamento,0,1,1,1.0
mcadoo,1,0,1,0.0
htysp,0,1,1,1.0
qble,0,1,1,1.0
bitsink,0,1,1,1.0
enthusiasim,1,0,1,0.0
xdrl,0,1,1,1.0
kfbw,0,1,1,1.0
teknik,0,1,1,1.0
offi,0,1,1,1.0
availablethrough,0,1,1,1.0
hglymt,0,1,1,1.0
modula,0,1,1,1.0
fqle,0,1,1,1.0
tennaska,1,0,1,0.0
godâ,0,1,1,1.0
myposit,0,1,1,1.0
abbnat,1,0,1,0.0
brjocinwnogyo,0,1,1,1.0
puijp,0,1,1,1.0
jipieb,0,1,1,1.0
wetdearest,0,1,1,1.0
digabl,0,1,1,1.0
protegeof,0,1,1,1.0
bafnmo,0,1,1,1.0
woydt,0,1,1,1.0
toolucv,0,1,1,1.0
additionalasian,0,1,1,1.0
hkvxhtv,0,1,1,1.0
prcisement,0,1,1,1.0
inforxcbmrm,0,1,1,1.0
comercializacin,0,1,1,1.0
onj,0,1,1,1.0
ckrvsismu,0,1,1,1.0
loopaccus,0,1,1,1.0
özel,0,1,1,1.0
kellychen,0,1,1,1.0
jjcyf,0,1,1,1.0
dxifb,0,1,1,1.0
fq,0,1,1,1.0
vmcl,0,1,1,1.0
probiot,0,1,1,1.0
bullyrag,0,1,1,1.0
difficultyporpois,0,1,1,1.0
hceio,0,1,1,1.0
yraq,0,1,1,1.0
carmodi,0,1,1,1.0
wilhit,1,0,1,0.0
parvenir,0,1,1,1.0
prattvil,0,1,1,1.0
starrunn,1,0,1,0.0
regionsnetr,0,1,1,1.0
maptun,0,1,1,1.0
avrai,0,1,1,1.0
thracian,0,1,1,1.0
textfield,0,1,1,1.0
bedroulett,0,1,1,1.0
disconenough,0,1,1,1.0
yqyla,0,1,1,1.0
rjiur,0,1,1,1.0
nihinax,0,1,1,1.0
vek,0,1,1,1.0
thecertif,0,1,1,1.0
kmav,0,1,1,1.0
otrzymania,1,0,1,0.0
phorton,1,0,1,0.0
charterdrug,0,1,1,1.0
yizmwnjpief,0,1,1,1.0
nunit,0,1,1,1.0
xecd,0,1,1,1.0
halma,0,1,1,1.0
counrti,0,1,1,1.0
kfokzbmngiao,0,1,1,1.0
relacionalmodelo,0,1,1,1.0
reveil,0,1,1,1.0
þeyi,0,1,1,1.0
interx,0,1,1,1.0
tlhl,0,1,1,1.0
rsol,1,0,1,0.0
hykjvbayc,0,1,1,1.0
djcarr,1,0,1,0.0
fiznd,0,1,1,1.0
valiuulm,0,1,1,1.0
hiico,0,1,1,1.0
carmelaremov,0,1,1,1.0
xunywaktt,0,1,1,1.0
seml,1,0,1,0.0
philco,0,1,1,1.0
mfzzqupaasq,0,1,1,1.0
wtgnrgh,0,1,1,1.0
perpignan,0,1,1,1.0
mkjbzqfawz,0,1,1,1.0
yourcredit,0,1,1,1.0
dileg,1,0,1,0.0
stara,0,1,1,1.0
ladika,0,1,1,1.0
carusojohnston,0,1,1,1.0
flippingqcw,0,1,1,1.0
rupprechtnhk,0,1,1,1.0
tixqft,0,1,1,1.0
jaconet,0,1,1,1.0
dqhf,0,1,1,1.0
wkshp,1,0,1,0.0
pdingi,0,1,1,1.0
bryou,0,1,1,1.0
tnce,0,1,1,1.0
vmove,0,1,1,1.0
contenían,0,1,1,1.0
lpcyqxjkna,0,1,1,1.0
blo,0,1,1,1.0
listopadzi,1,0,1,0.0
serifnot,0,1,1,1.0
panthenol,0,1,1,1.0
ffffffgo,0,1,1,1.0
goeffrey,1,0,1,0.0
arielcaliban,1,0,1,0.0
jfhm,0,1,1,1.0
dispassion,1,0,1,0.0
instock,0,1,1,1.0
zwamxep,0,1,1,1.0
mucsgmkyy,0,1,1,1.0
bypsass,0,1,1,1.0
kdvrn,0,1,1,1.0
ablin,1,0,1,0.0
efetuado,0,1,1,1.0
rebind,0,1,1,1.0
snneasedtx,0,1,1,1.0
heberg,0,1,1,1.0
jzhtzszg,0,1,1,1.0
uzvlxlufjh,0,1,1,1.0
egardvsless,0,1,1,1.0
earthnut,0,1,1,1.0
oxfordag,1,0,1,0.0
bbefdxa,0,1,1,1.0
biref,1,0,1,0.0
fdg,0,1,1,1.0
joyegarrick,0,1,1,1.0
scandanavian,1,0,1,0.0
dagegen,0,1,1,1.0
aclzgw,0,1,1,1.0
nqtwxc,0,1,1,1.0
catchmentbasin,0,1,1,1.0
ennwkpeud,0,1,1,1.0
kinscrumpti,0,1,1,1.0
homoousia,0,1,1,1.0
lipdalik,0,1,1,1.0
nitrogenousbaronet,0,1,1,1.0
zfmuhlpher,0,1,1,1.0
encpi,0,1,1,1.0
elvepoy,0,1,1,1.0
zoi,0,1,1,1.0
zdqqf,0,1,1,1.0
rreeder,1,0,1,0.0
lexeuumijc,0,1,1,1.0
tbeaslel,1,0,1,0.0
penguen,0,1,1,1.0
txhoxto,0,1,1,1.0
epvf,0,1,1,1.0
iwgqyk,0,1,1,1.0
availabili,1,0,1,0.0
federao,0,1,1,1.0
heol,1,0,1,0.0
cutoffannalen,0,1,1,1.0
dmkjd,0,1,1,1.0
numberof,0,1,1,1.0
jstzvlgfi,0,1,1,1.0
ikenna,0,1,1,1.0
maxidon,0,1,1,1.0
bobrob,1,0,1,0.0
olq,0,1,1,1.0
joìn,0,1,1,1.0
ariyo,0,1,1,1.0
verrett,0,1,1,1.0
caltex,1,0,1,0.0
undat,0,1,1,1.0
keithbird,1,0,1,0.0
edoi,0,1,1,1.0
melvinnorton,0,1,1,1.0
lattr,1,0,1,0.0
lzqqepnlu,0,1,1,1.0
ranflirt,0,1,1,1.0
aigqykkq,0,1,1,1.0
availabii,0,1,1,1.0
parnter,0,1,1,1.0
rgpjnnkhgqk,0,1,1,1.0
sumz,0,1,1,1.0
gillion,0,1,1,1.0
lszemnwpk,0,1,1,1.0
lwfut,0,1,1,1.0
yeebtb,0,1,1,1.0
actic,0,1,1,1.0
cpulrdagd,0,1,1,1.0
pyxebyb,0,1,1,1.0
metastock,1,0,1,0.0
byb,0,1,1,1.0
xoagdqcck,0,1,1,1.0
igriev,0,1,1,1.0
wittiest,1,0,1,0.0
lession,0,1,1,1.0
whew,1,0,1,0.0
syugenri,0,1,1,1.0
readabl,1,0,1,0.0
fbbwtwo,0,1,1,1.0
vidzenija,1,0,1,0.0
wwgumbdm,0,1,1,1.0
ihjhuiuvalz,0,1,1,1.0
nbgeh,0,1,1,1.0
jintendra,1,0,1,0.0
fuix,0,1,1,1.0
ainõt,0,1,1,1.0
çeþitlik,0,1,1,1.0
xvnbsmji,0,1,1,1.0
tbate,1,0,1,0.0
kirstee,1,0,1,0.0
zggibiulf,0,1,1,1.0
confucianismtofu,0,1,1,1.0
evelon,0,1,1,1.0
jyrur,0,1,1,1.0
weitergeschickt,0,1,1,1.0
fundu,0,1,1,1.0
clubdepot,0,1,1,1.0
spaam,0,1,1,1.0
dqjjfw,0,1,1,1.0
departpontiac,0,1,1,1.0
backcod,1,0,1,0.0
gewerb,0,1,1,1.0
unklarheiten,0,1,1,1.0
seccion,0,1,1,1.0
cilium,0,1,1,1.0
complaintp,0,1,1,1.0
taaabbsittabb,0,1,1,1.0
softi,0,1,1,1.0
nawiazania,1,0,1,0.0
drossforbear,0,1,1,1.0
durlach,1,0,1,0.0
deloto,0,1,1,1.0
vorbereitet,0,1,1,1.0
rumemo,0,1,1,1.0
vxdtlg,0,1,1,1.0
bqlerrzyp,0,1,1,1.0
sidewiseh,0,1,1,1.0
ggj,0,1,1,1.0
switcher,0,1,1,1.0
ypreon,0,1,1,1.0
kgst,0,1,1,1.0
calcuat,1,0,1,0.0
pharaamcybymal,0,1,1,1.0
dispositio,0,1,1,1.0
dollear,0,1,1,1.0
monospac,0,1,1,1.0
rtfass,1,0,1,0.0
ldshi,0,1,1,1.0
yipbdfvudqyokjok,0,1,1,1.0
spvdhc,0,1,1,1.0
hsq,0,1,1,1.0
llaji,1,0,1,0.0
morm,0,1,1,1.0
gtacyzudm,0,1,1,1.0
ilfq,0,1,1,1.0
fulbright,0,1,1,1.0
nderstand,0,1,1,1.0
iyri,0,1,1,1.0
jpmorganchas,0,1,1,1.0
burbl,0,1,1,1.0
energex,1,0,1,0.0
lwgjjdp,0,1,1,1.0
iscom,0,1,1,1.0
blhzgjmqw,0,1,1,1.0
globla,1,0,1,0.0
diett,0,1,1,1.0
oqqw,0,1,1,1.0
awoiak,0,1,1,1.0
nwybrha,0,1,1,1.0
vespa,0,1,1,1.0
ckggd,0,1,1,1.0
jah,0,1,1,1.0
uslyszenia,1,0,1,0.0
tumour,0,1,1,1.0
easley,1,0,1,0.0
brujatctc,0,1,1,1.0
cuimin,0,1,1,1.0
nnldpl,0,1,1,1.0
ftwrek,0,1,1,1.0
piutg,0,1,1,1.0
tenderloinkennedi,0,1,1,1.0
orzvksjpn,0,1,1,1.0
eurasian,0,1,1,1.0
hookwormcapybara,0,1,1,1.0
seljuk,0,1,1,1.0
ntzi,0,1,1,1.0
gastautoren,0,1,1,1.0
ijibibr,0,1,1,1.0
timpvncxgy,0,1,1,1.0
iudlvbr,0,1,1,1.0
dnyegi,1,0,1,0.0
clampdown,0,1,1,1.0
wolivar,1,0,1,0.0
nwwvthe,0,1,1,1.0
tkznf,0,1,1,1.0
dsenbk,0,1,1,1.0
nrwmt,0,1,1,1.0
bzovsaebl,0,1,1,1.0
hypochondr,0,1,1,1.0
staller,1,0,1,0.0
zjxey,0,1,1,1.0
lrocbtosvzsrjmjv,0,1,1,1.0
opxzxz,0,1,1,1.0
nevver,0,1,1,1.0
nymphabmdej,0,1,1,1.0
lwjjaodn,0,1,1,1.0
sjackson,1,0,1,0.0
webdonnt,0,1,1,1.0
lymbxuvhgjx,0,1,1,1.0
ndislan,0,1,1,1.0
zdj,0,1,1,1.0
scpka,0,1,1,1.0
rancher,0,1,1,1.0
naipi,0,1,1,1.0
aeromexico,1,0,1,0.0
itqali,0,1,1,1.0
rshackelford,1,0,1,0.0
khcnb,1,0,1,0.0
lyquy,0,1,1,1.0
pkcbd,0,1,1,1.0
lvuittonet,1,0,1,0.0
rvlv,0,1,1,1.0
aussicht,0,1,1,1.0
chari,0,1,1,1.0
bhw,0,1,1,1.0
karst,0,1,1,1.0
allegatebleach,0,1,1,1.0
plvzdaotv,0,1,1,1.0
kow,1,0,1,0.0
qamdata,0,1,1,1.0
latinoamerica,0,1,1,1.0
jubilaeum,0,1,1,1.0
liettl,0,1,1,1.0
iigp,0,1,1,1.0
wfrpphbz,0,1,1,1.0
qerv,0,1,1,1.0
summray,1,0,1,0.0
maiill,0,1,1,1.0
microsoftwar,0,1,1,1.0
urchop,0,1,1,1.0
multilanguagebr,0,1,1,1.0
figeht,0,1,1,1.0
enfermeiro,0,1,1,1.0
alaikum,0,1,1,1.0
gdiy,0,1,1,1.0
lzte,0,1,1,1.0
edbuwak,0,1,1,1.0
kinblmglf,0,1,1,1.0
yczq,0,1,1,1.0
pkqi,0,1,1,1.0
rabalai,1,0,1,0.0
lbizvxt,0,1,1,1.0
xutdv,0,1,1,1.0
vaeliuzm,0,1,1,1.0
reurn,1,0,1,0.0
ghat,0,1,1,1.0
alhphqp,0,1,1,1.0
dtqmtbst,0,1,1,1.0
lifes,1,0,1,0.0
fbgku,0,1,1,1.0
bellingshausen,0,1,1,1.0
pcwjabal,0,1,1,1.0
collectedceas,0,1,1,1.0
lipariscurri,0,1,1,1.0
losse,0,1,1,1.0
planetlmedia,0,1,1,1.0
blad,0,1,1,1.0
swt,0,1,1,1.0
annuair,0,1,1,1.0
mhotmailbc,1,0,1,0.0
tbersan,1,0,1,0.0
moider,0,1,1,1.0
kimscott,1,0,1,0.0
vppqrfu,0,1,1,1.0
sbrvqrejf,0,1,1,1.0
hzbtfqjyj,0,1,1,1.0
sendprescript,0,1,1,1.0
viasit,0,1,1,1.0
meowrusti,0,1,1,1.0
mnchen,0,1,1,1.0
manufacteur,1,0,1,0.0
oxoagoo,0,1,1,1.0
downleg,0,1,1,1.0
vencedor,0,1,1,1.0
czu,0,1,1,1.0
vnmztx,0,1,1,1.0
volverá,0,1,1,1.0
pyeokbliu,0,1,1,1.0
anoma,0,1,1,1.0
strongentir,0,1,1,1.0
irb,0,1,1,1.0
raeumen,0,1,1,1.0
spea,0,1,1,1.0
willd,0,1,1,1.0
hebron,1,0,1,0.0
discunt,0,1,1,1.0
darkprisonedeftest,0,1,1,1.0
fxggmxgrdyvvdx,0,1,1,1.0
nomg,0,1,1,1.0
xiaghzf,0,1,1,1.0
nhdpae,0,1,1,1.0
qql,0,1,1,1.0
latvianlesbian,0,1,1,1.0
bartholomewbreakup,0,1,1,1.0
zhimin,1,0,1,0.0
festaustralia,0,1,1,1.0
overmantel,0,1,1,1.0
creamedpussi,0,1,1,1.0
pricedstock,0,1,1,1.0
smop,1,0,1,0.0
budpi,0,1,1,1.0
sheetl,1,0,1,0.0
oyychv,0,1,1,1.0
prodigallynav,0,1,1,1.0
xuy,0,1,1,1.0
southsid,0,1,1,1.0
proczac,0,1,1,1.0
linter,0,1,1,1.0
spysnip,0,1,1,1.0
absorbowac,1,0,1,0.0
austlii,0,1,1,1.0
whpsf,0,1,1,1.0
elgina,0,1,1,1.0
dmu,0,1,1,1.0
wngjeblgg,0,1,1,1.0
swb,1,0,1,0.0
bruke,0,1,1,1.0
markel,1,0,1,0.0
merp,0,1,1,1.0
xrqzwe,0,1,1,1.0
glusa,0,1,1,1.0
mateog,1,0,1,0.0
uncrit,0,1,1,1.0
trachea,0,1,1,1.0
vgipiwfc,0,1,1,1.0
rind,0,1,1,1.0
bronner,1,0,1,0.0
hga,0,1,1,1.0
givecurtail,0,1,1,1.0
directrixcontractu,0,1,1,1.0
oeepn,0,1,1,1.0
forecaxhst,0,1,1,1.0
rnlun,0,1,1,1.0
gxyotygg,0,1,1,1.0
soend,0,1,1,1.0
alfil,0,1,1,1.0
jedyn,1,0,1,0.0
aremidolm,0,1,1,1.0
buttonholeelisabeth,0,1,1,1.0
yswxp,0,1,1,1.0
uymdsg,0,1,1,1.0
quietbreadbox,0,1,1,1.0
nhepkp,0,1,1,1.0
yeremenko,1,0,1,0.0
dmk,0,1,1,1.0
helpingm,0,1,1,1.0
skz,0,1,1,1.0
nowcllck,0,1,1,1.0
uuquytfdm,0,1,1,1.0
cardteac,0,1,1,1.0
wmi,0,1,1,1.0
lduppa,0,1,1,1.0
youraccept,0,1,1,1.0
humblebe,0,1,1,1.0
commaaaand,0,1,1,1.0
ppxbeahi,0,1,1,1.0
nucleon,0,1,1,1.0
blousebeau,0,1,1,1.0
cvano,1,0,1,0.0
aughhhhh,1,0,1,0.0
goulash,0,1,1,1.0
clrmyhso,0,1,1,1.0
jewl,0,1,1,1.0
ninni,0,1,1,1.0
aoe,0,1,1,1.0
epidur,0,1,1,1.0
wurtt,1,0,1,0.0
dzxebxtail,0,1,1,1.0
navelli,0,1,1,1.0
gamal,0,1,1,1.0
loius,1,0,1,0.0
persienn,0,1,1,1.0
sidewalkalfresco,0,1,1,1.0
fhmnv,0,1,1,1.0
voetnoot,0,1,1,1.0
ukulel,0,1,1,1.0
elbvaer,0,1,1,1.0
wusu,0,1,1,1.0
abecortel,0,1,1,1.0
ironmelod,0,1,1,1.0
rciti,1,0,1,0.0
tusitio,0,1,1,1.0
oceon,0,1,1,1.0
marketingcurso,0,1,1,1.0
fucbqk,0,1,1,1.0
jzhirvd,0,1,1,1.0
bpenergyco,1,0,1,0.0
sdafrika,0,1,1,1.0
xjvk,0,1,1,1.0
constantinid,1,0,1,0.0
exanh,0,1,1,1.0
goveran,0,1,1,1.0
ipwxr,0,1,1,1.0
desagun,0,1,1,1.0
oamdgulqicuoernii,0,1,1,1.0
qkuv,0,1,1,1.0
barouch,0,1,1,1.0
edgarperu,0,1,1,1.0
oipbgm,0,1,1,1.0
canyou,1,0,1,0.0
aflow,0,1,1,1.0
nasza,1,0,1,0.0
sickmontclair,0,1,1,1.0
bmtozlr,0,1,1,1.0
drdpmv,0,1,1,1.0
traditon,0,1,1,1.0
miceproletariat,0,1,1,1.0
cabora,0,1,1,1.0
pursestr,0,1,1,1.0
carloslooney,0,1,1,1.0
vuuvwutsx,0,1,1,1.0
ysyjw,0,1,1,1.0
econometrician,1,0,1,0.0
dwightshari,0,1,1,1.0
asalama,0,1,1,1.0
valiuam,0,1,1,1.0
lotavio,1,0,1,0.0
qialitypictur,0,1,1,1.0
smedina,1,0,1,0.0
hidejiro,1,0,1,0.0
dzqcwhzeo,0,1,1,1.0
wynxcxr,0,1,1,1.0
twxnqz,0,1,1,1.0
citada,0,1,1,1.0
medicatiymon,0,1,1,1.0
brahmapootra,0,1,1,1.0
worunt,0,1,1,1.0
ackermanpaso,0,1,1,1.0
eagelvictorylotto,0,1,1,1.0
simulink,1,0,1,0.0
wavelet,0,1,1,1.0
meriv,0,1,1,1.0
smerril,1,0,1,0.0
rmamaii,0,1,1,1.0
lungtest,0,1,1,1.0
punjt,0,1,1,1.0
mnqskssj,0,1,1,1.0
premeium,0,1,1,1.0
jhhva,0,1,1,1.0
cheapnow,0,1,1,1.0
orgslacbvmjhd,0,1,1,1.0
forsidetrack,0,1,1,1.0
addmov,0,1,1,1.0
honestidad,0,1,1,1.0
ularanpj,0,1,1,1.0
farenaca,0,1,1,1.0
jonesg,1,0,1,0.0
vmailmgr,0,1,1,1.0
wwrpmmk,0,1,1,1.0
tarrin,0,1,1,1.0
specimenwhitehead,0,1,1,1.0
sprott,1,0,1,0.0
nciyvz,0,1,1,1.0
favil,0,1,1,1.0
chimiquepretend,0,1,1,1.0
ufmk,0,1,1,1.0
vkmrv,0,1,1,1.0
excema,0,1,1,1.0
meqagg,0,1,1,1.0
imposebroadway,0,1,1,1.0
ekonomicznych,1,0,1,0.0
gylobqrwz,0,1,1,1.0
mmucbr,0,1,1,1.0
withbr,0,1,1,1.0
ahartalav,0,1,1,1.0
prgxmxorj,0,1,1,1.0
imbuyi,0,1,1,1.0
neutralperson,0,1,1,1.0
traiga,0,1,1,1.0
dkg,0,1,1,1.0
clzrvbintel,0,1,1,1.0
merchantin,0,1,1,1.0
pâìn,0,1,1,1.0
przeslal,1,0,1,0.0
swehner,1,0,1,0.0
garotinho,1,0,1,0.0
jbwfldi,0,1,1,1.0
chakravorthi,1,0,1,0.0
tgcross,1,0,1,0.0
cageworldwid,0,1,1,1.0
bobg,1,0,1,0.0
thelephon,0,1,1,1.0
tlpwwi,0,1,1,1.0
kontoinhab,0,1,1,1.0
jdauphin,0,1,1,1.0
morbilidad,0,1,1,1.0
valoit,0,1,1,1.0
wofe,0,1,1,1.0
ybbqvqiqf,0,1,1,1.0
guvp,0,1,1,1.0
oojep,0,1,1,1.0
jpwntgnkbrbrbr,0,1,1,1.0
fdwse,0,1,1,1.0
bzaak,0,1,1,1.0
orsoin,0,1,1,1.0
lveneti,0,1,1,1.0
smashmouth,1,0,1,0.0
mazi,0,1,1,1.0
frounc,0,1,1,1.0
firein,0,1,1,1.0
entrepeneurship,1,0,1,0.0
ammr,0,1,1,1.0
arnoidohubbard,0,1,1,1.0
quxr,0,1,1,1.0
neben,0,1,1,1.0
llfo,0,1,1,1.0
cientfico,0,1,1,1.0
nymphomania,0,1,1,1.0
jemapp,0,1,1,1.0
seiez,0,1,1,1.0
bakalei,0,1,1,1.0
gljpf,0,1,1,1.0
fotográficomanuel,0,1,1,1.0
zbpdp,0,1,1,1.0
criticast,0,1,1,1.0
wearingcirclewis,0,1,1,1.0
vinnc,1,0,1,0.0
ninti,0,1,1,1.0
pici,1,0,1,0.0
evitarot,0,1,1,1.0
snapback,0,1,1,1.0
alico,1,0,1,0.0
vather,0,1,1,1.0
pyrdaiofn,0,1,1,1.0
scarabaeu,0,1,1,1.0
pimpwar,0,1,1,1.0
xuemei,1,0,1,0.0
lautqqf,0,1,1,1.0
redland,1,0,1,0.0
mobney,0,1,1,1.0
remrov,0,1,1,1.0
amplif,0,1,1,1.0
laudería,0,1,1,1.0
squirreldegum,0,1,1,1.0
bantucamel,0,1,1,1.0
manoth,1,0,1,0.0
sagjmjqg,0,1,1,1.0
interessar,0,1,1,1.0
emdqatbrp,0,1,1,1.0
parlourc,1,0,1,0.0
definin,1,0,1,0.0
shockerantoinett,0,1,1,1.0
graydragon,0,1,1,1.0
twitchtan,0,1,1,1.0
llt,0,1,1,1.0
lpb,1,0,1,0.0
cantv,0,1,1,1.0
sasser,1,0,1,0.0
diafragma,0,1,1,1.0
gmsneyfhku,0,1,1,1.0
ingross,0,1,1,1.0
tungar,1,0,1,0.0
immmi,0,1,1,1.0
zvkoj,0,1,1,1.0
cerussit,0,1,1,1.0
cgmbehklxtnqydfzgvaij,0,1,1,1.0
xboch,0,1,1,1.0
eturb,0,1,1,1.0
ruocwp,0,1,1,1.0
gpxsemznu,0,1,1,1.0
qcgl,0,1,1,1.0
scomedi,0,1,1,1.0
ecsi,1,0,1,0.0
artikein,0,1,1,1.0
revo,1,0,1,0.0
tgmzyja,0,1,1,1.0
usuryadapt,0,1,1,1.0
alquila,0,1,1,1.0
newidea,1,0,1,0.0
lecoq,1,0,1,0.0
cazar,0,1,1,1.0
nomarchi,0,1,1,1.0
wwstjq,0,1,1,1.0
ementajevskoj,0,1,1,1.0
egroup,1,0,1,0.0
christel,1,0,1,0.0
symptomdialysi,0,1,1,1.0
agir,0,1,1,1.0
weibeliev,0,1,1,1.0
jejlftytv,0,1,1,1.0
botón,0,1,1,1.0
soildplu,0,1,1,1.0
eklabjmxtnqyizvtcdfgh,0,1,1,1.0
windfow,1,0,1,0.0
vallon,0,1,1,1.0
arousa,0,1,1,1.0
ylgib,0,1,1,1.0
ennbag,0,1,1,1.0
xxtighiim,0,1,1,1.0
guarmante,0,1,1,1.0
avisar,0,1,1,1.0
anatomia,0,1,1,1.0
cherrypi,0,1,1,1.0
hardbal,1,0,1,0.0
findyourhelpzon,0,1,1,1.0
staubbeutel,0,1,1,1.0
chilkha,1,0,1,0.0
swbpc,1,0,1,0.0
injtsl,0,1,1,1.0
utou,0,1,1,1.0
pplsdoej,0,1,1,1.0
xkrrcordg,0,1,1,1.0
ppnhhxapvxpgjda,0,1,1,1.0
msteven,1,0,1,0.0
placket,1,0,1,0.0
sledanheus,0,1,1,1.0
lattermost,0,1,1,1.0
raywilliamsl,1,0,1,0.0
eem,0,1,1,1.0
rtccom,1,0,1,0.0
interdent,0,1,1,1.0
kvwui,0,1,1,1.0
swood,1,0,1,0.0
odyxbvssiqg,0,1,1,1.0
anymortc,0,1,1,1.0
catfishfrog,0,1,1,1.0
ymkqh,0,1,1,1.0
lkpiio,0,1,1,1.0
beforeaugust,0,1,1,1.0
rootsweb,0,1,1,1.0
brbrbrbrbrbrbrbrbrbr,0,1,1,1.0
bjwjafocnouv,0,1,1,1.0
psczxstygrnofn,0,1,1,1.0
khalfani,1,0,1,0.0
asianfuckwhor,0,1,1,1.0
xchemv,0,1,1,1.0
viymc,0,1,1,1.0
celeybrex,0,1,1,1.0
dkm,0,1,1,1.0
thkho,0,1,1,1.0
invigil,0,1,1,1.0
irejpiwj,0,1,1,1.0
zdu,0,1,1,1.0
compomania,0,1,1,1.0
sqopaxlk,0,1,1,1.0
ovetrpawi,0,1,1,1.0
uchida,1,0,1,0.0
stopssnack,0,1,1,1.0
phillippin,1,0,1,0.0
whatsupdeleg,0,1,1,1.0
ixdgx,0,1,1,1.0
fsrsee,0,1,1,1.0
itsfre,0,1,1,1.0
doliveri,0,1,1,1.0
ovedfedex,0,1,1,1.0
amedal,0,1,1,1.0
brorson,1,0,1,0.0
lqiz,0,1,1,1.0
iodgywqt,0,1,1,1.0
molga,0,1,1,1.0
garren,1,0,1,0.0
thenw,0,1,1,1.0
meajxzwmrwmpiubn,0,1,1,1.0
bzrkqi,0,1,1,1.0
wovafokgi,0,1,1,1.0
goatcardin,0,1,1,1.0
hhfykfj,0,1,1,1.0
chardonnay,0,1,1,1.0
bhm,1,0,1,0.0
rrljv,0,1,1,1.0
beedn,0,1,1,1.0
hgmhworei,0,1,1,1.0
azrthnwar,0,1,1,1.0
jtuteau,0,1,1,1.0
wvamgocdgsd,0,1,1,1.0
decen,0,1,1,1.0
kbaili,1,0,1,0.0
gaetann,1,0,1,0.0
payeeag,0,1,1,1.0
stimulisevenfold,0,1,1,1.0
kidhjmanx,0,1,1,1.0
rupprecht,0,1,1,1.0
escri,0,1,1,1.0
programático,0,1,1,1.0
dhpoi,0,1,1,1.0
sprzyja,1,0,1,0.0
readingyour,1,0,1,0.0
konzept,0,1,1,1.0
krzfzpyy,0,1,1,1.0
nzzbqhbitmt,0,1,1,1.0
schull,1,0,1,0.0
dipartimento,0,1,1,1.0
toric,0,1,1,1.0
twdb,0,1,1,1.0
epcurvepap,1,0,1,0.0
camelotpromo,0,1,1,1.0
sternumcommodi,0,1,1,1.0
stopbysoon,0,1,1,1.0
ycakpq,0,1,1,1.0
darien,0,1,1,1.0
tinacannon,0,1,1,1.0
ket,0,1,1,1.0
predermin,1,0,1,0.0
hìgh,0,1,1,1.0
independec,0,1,1,1.0
sonynotebook,0,1,1,1.0
oxo,1,0,1,0.0
schrift,0,1,1,1.0
aabda,1,0,1,0.0
netlan,0,1,1,1.0
dyerbrbr,0,1,1,1.0
begunmcginni,0,1,1,1.0
ewentualni,1,0,1,0.0
twmhqxl,0,1,1,1.0
xczop,0,1,1,1.0
dcnbuazwo,0,1,1,1.0
txtdhmi,0,1,1,1.0
utpac,1,0,1,0.0
bermei,0,1,1,1.0
stransplant,0,1,1,1.0
pyrvnb,0,1,1,1.0
knnow,0,1,1,1.0
kgjbohxi,0,1,1,1.0
negotit,1,0,1,0.0
unvsubfscrnib,0,1,1,1.0
bszco,0,1,1,1.0
checoapest,0,1,1,1.0
tsug,0,1,1,1.0
rellenado,0,1,1,1.0
shinder,1,0,1,0.0
mutilja,0,1,1,1.0
vtsosokgf,0,1,1,1.0
sumptuous,0,1,1,1.0
nkthhi,0,1,1,1.0
zjfveieb,0,1,1,1.0
gilesmh,1,0,1,0.0
ikoogybhmxdc,0,1,1,1.0
khindria,0,1,1,1.0
mrollhei,1,0,1,0.0
hadaway,1,0,1,0.0
campisi,0,1,1,1.0
letcha,1,0,1,0.0
bvnpwjqo,0,1,1,1.0
scherman,1,0,1,0.0
opportunistica,0,1,1,1.0
tooc,1,0,1,0.0
ybhfgpm,0,1,1,1.0
vgeqlrrm,0,1,1,1.0
salinechampaign,0,1,1,1.0
lavoixdunord,0,1,1,1.0
meekaeel,0,1,1,1.0
highlevel,0,1,1,1.0
ttq,0,1,1,1.0
puzt,0,1,1,1.0
tamidarbi,1,0,1,0.0
wowsagitt,0,1,1,1.0
ypp,0,1,1,1.0
thehildren,0,1,1,1.0
tridentgray,0,1,1,1.0
wuaanbbrf,0,1,1,1.0
principalment,0,1,1,1.0
vgxmizzm,0,1,1,1.0
ailairmen,0,1,1,1.0
iea,0,1,1,1.0
umawlcalg,0,1,1,1.0
lttsgwsrqjhhxweqgbqk,0,1,1,1.0
whaat,0,1,1,1.0
produção,0,1,1,1.0
predial,0,1,1,1.0
gilmtmv,0,1,1,1.0
autista,0,1,1,1.0
forifre,0,1,1,1.0
ehanc,0,1,1,1.0
huqe,0,1,1,1.0
tovutyb,0,1,1,1.0
fecul,0,1,1,1.0
accompish,1,0,1,0.0
catharin,0,1,1,1.0
uucsuyxmb,0,1,1,1.0
viagrka,0,1,1,1.0
andbr,0,1,1,1.0
crudest,0,1,1,1.0
hpookphxgqpqi,0,1,1,1.0
ruxrcl,0,1,1,1.0
stunningcoerc,0,1,1,1.0
ofi,0,1,1,1.0
maturidad,0,1,1,1.0
gobbler,0,1,1,1.0
undernom,1,0,1,0.0
prumi,0,1,1,1.0
fvncfa,0,1,1,1.0
hartshead,0,1,1,1.0
gorgonio,1,0,1,0.0
kwzemg,0,1,1,1.0
amlrpm,0,1,1,1.0
companyexil,0,1,1,1.0
jycfdwgu,0,1,1,1.0
kkei,0,1,1,1.0
szulom,0,1,1,1.0
congestivebandi,0,1,1,1.0
protject,0,1,1,1.0
ducatbrian,0,1,1,1.0
barpouli,1,0,1,0.0
sealskin,0,1,1,1.0
ekfo,0,1,1,1.0
weder,0,1,1,1.0
cbubfsqn,0,1,1,1.0
dplm,0,1,1,1.0
canitbechang,0,1,1,1.0
retrospectivhli,0,1,1,1.0
inédito,0,1,1,1.0
saurischian,0,1,1,1.0
thewhit,1,0,1,0.0
lmotion,0,1,1,1.0
concluyó,0,1,1,1.0
zaoj,0,1,1,1.0
pxbrpk,0,1,1,1.0
igb,0,1,1,1.0
depet,0,1,1,1.0
forwardt,0,1,1,1.0
iqrg,0,1,1,1.0
playgroundstratospher,0,1,1,1.0
hsvrdi,0,1,1,1.0
dlatego,1,0,1,0.0
subterran,0,1,1,1.0
aum,0,1,1,1.0
musiwav,0,1,1,1.0
negotiableescrow,0,1,1,1.0
mooreattract,0,1,1,1.0
lekv,0,1,1,1.0
vktgi,0,1,1,1.0
cemrelojistik,0,1,1,1.0
allotcondon,0,1,1,1.0
lslst,0,1,1,1.0
huf,0,1,1,1.0
comcozumel,0,1,1,1.0
jcbirfd,0,1,1,1.0
qia,0,1,1,1.0
aktionsdurchmess,0,1,1,1.0
braunleg,1,0,1,0.0
bbtvlq,0,1,1,1.0
mrfxgabc,0,1,1,1.0
medicatirbon,0,1,1,1.0
montserrat,0,1,1,1.0
provavelment,0,1,1,1.0
xpe,0,1,1,1.0
uanrclvlz,0,1,1,1.0
floorzer,0,1,1,1.0
mscsoftwar,1,0,1,0.0
finanziellem,0,1,1,1.0
xon,0,1,1,1.0
rlv,0,1,1,1.0
aeasterbi,1,0,1,0.0
priar,0,1,1,1.0
littlewood,0,1,1,1.0
andersmd,1,0,1,0.0
omnidireccional,0,1,1,1.0
safli,0,1,1,1.0
tylkd,0,1,1,1.0
seldest,0,1,1,1.0
lipographi,0,1,1,1.0
kohilaeq,0,1,1,1.0
emxjya,0,1,1,1.0
ivalqx,0,1,1,1.0
vxsmplu,0,1,1,1.0
fwat,0,1,1,1.0
epact,0,1,1,1.0
steffler,1,0,1,0.0
emgni,0,1,1,1.0
vorigen,0,1,1,1.0
barbirrucioo,0,1,1,1.0
tvfi,0,1,1,1.0
tiviti,0,1,1,1.0
voyagestoasia,0,1,1,1.0
fdotc,0,1,1,1.0
tairfar,0,1,1,1.0
wrightsaskia,0,1,1,1.0
fyvplvidh,0,1,1,1.0
fku,0,1,1,1.0
wrx,0,1,1,1.0
soldiera,0,1,1,1.0
phlebotomi,0,1,1,1.0
stratego,1,0,1,0.0
vpt,0,1,1,1.0
quilki,1,0,1,0.0
vssnwp,0,1,1,1.0
umentari,1,0,1,0.0
frhrfw,0,1,1,1.0
dhanda,1,0,1,0.0
accens,0,1,1,1.0
eventsever,1,0,1,0.0
rclpodmj,0,1,1,1.0
tomographassort,0,1,1,1.0
qbivssqc,0,1,1,1.0
zfdctm,0,1,1,1.0
sgatekeep,0,1,1,1.0
sjk,0,1,1,1.0
powermen,1,0,1,0.0
blankli,0,1,1,1.0
helpiin,0,1,1,1.0
latbuz,0,1,1,1.0
mfiqctkglfiqgsz,0,1,1,1.0
metropolitanmoorish,0,1,1,1.0
retirez,0,1,1,1.0
jexha,0,1,1,1.0
hgpa,1,0,1,0.0
coash,1,0,1,0.0
regassifi,1,0,1,0.0
wwdoin,0,1,1,1.0
quickxpdeal,0,1,1,1.0
murrion,0,1,1,1.0
asggtwjij,0,1,1,1.0
ovwernimght,0,1,1,1.0
xfchmkz,0,1,1,1.0
nsgsf,0,1,1,1.0
marianna,0,1,1,1.0
otbhv,0,1,1,1.0
tcsuhw,0,1,1,1.0
slbrkm,0,1,1,1.0
cxzqfqi,0,1,1,1.0
rkxef,0,1,1,1.0
tssajhsqa,0,1,1,1.0
dribblehereinaft,0,1,1,1.0
byclick,0,1,1,1.0
hjiuopza,0,1,1,1.0
tyr,0,1,1,1.0
eyelidcaut,0,1,1,1.0
koordin,0,1,1,1.0
hmzdvm,0,1,1,1.0
originalon,0,1,1,1.0
buser,1,0,1,0.0
oxychem,1,0,1,0.0
mxcopqhyq,0,1,1,1.0
onlirc,0,1,1,1.0
docu,1,0,1,0.0
ilnrtdo,0,1,1,1.0
ardxeless,0,1,1,1.0
rolll,1,0,1,0.0
tracez,0,1,1,1.0
impago,0,1,1,1.0
mywsxkr,0,1,1,1.0
xyfour,0,1,1,1.0
vyquu,0,1,1,1.0
euaioscr,0,1,1,1.0
holdmyballsinyour,0,1,1,1.0
ygwrfqpatqywmrknkyqkk,0,1,1,1.0
libpcap,1,0,1,0.0
snillet,0,1,1,1.0
dancin,1,0,1,0.0
beveljan,0,1,1,1.0
xomziza,0,1,1,1.0
fighterpilot,0,1,1,1.0
auffordert,0,1,1,1.0
nkbacod,0,1,1,1.0
contralor,0,1,1,1.0
pjtvwuxhpznavyrd,0,1,1,1.0
noval,1,0,1,0.0
opprotun,1,0,1,0.0
andbluewash,0,1,1,1.0
brodbeck,1,0,1,0.0
enivron,1,0,1,0.0
drachma,0,1,1,1.0
ezpivtwlj,0,1,1,1.0
tezyk,1,0,1,0.0
lnmai,1,0,1,0.0
reliefbloodroot,0,1,1,1.0
distributiion,0,1,1,1.0
oreven,0,1,1,1.0
enchantm,0,1,1,1.0
lik,0,1,1,1.0
faction,0,1,1,1.0
unweb,0,1,1,1.0
ijrspfq,0,1,1,1.0
telelif,0,1,1,1.0
defeasemc,0,1,1,1.0
candiat,1,0,1,0.0
ulfvkn,0,1,1,1.0
juguetesperrot,0,1,1,1.0
wlekejvb,0,1,1,1.0
rwsjrki,0,1,1,1.0
vrmmnvmz,0,1,1,1.0
jejohnson,1,0,1,0.0
jqraid,0,1,1,1.0
necssari,0,1,1,1.0
déposer,0,1,1,1.0
cialfri,0,1,1,1.0
epsvp,0,1,1,1.0
zshepcfz,0,1,1,1.0
pacot,0,1,1,1.0
thyminegoliath,0,1,1,1.0
heavaiest,0,1,1,1.0
orix,1,0,1,0.0
ixledgmf,0,1,1,1.0
thereddfor,0,1,1,1.0
unicent,0,1,1,1.0
selfcock,0,1,1,1.0
fgtobhnc,0,1,1,1.0
syarmrhouqoeagcxqv,0,1,1,1.0
discomfortingli,0,1,1,1.0
ppahktr,0,1,1,1.0
grega,0,1,1,1.0
eict,0,1,1,1.0
intdernet,0,1,1,1.0
rtntngt,0,1,1,1.0
mcplead,0,1,1,1.0
wqumdem,0,1,1,1.0
froggi,0,1,1,1.0
eolux,0,1,1,1.0
subscriptor,0,1,1,1.0
quesiton,1,0,1,0.0
recpro,0,1,1,1.0
stwut,0,1,1,1.0
plansautom,0,1,1,1.0
ajyjk,0,1,1,1.0
kmehpi,0,1,1,1.0
requirementsbob,0,1,1,1.0
indulgedt,0,1,1,1.0
cromack,1,0,1,0.0
furtherexpans,0,1,1,1.0
piel,0,1,1,1.0
russnjan,1,0,1,0.0
tjdyqgryo,0,1,1,1.0
mhkvixkq,0,1,1,1.0
innu,0,1,1,1.0
tbb,0,1,1,1.0
hfcr,0,1,1,1.0
sublet,0,1,1,1.0
pertinaciousd,0,1,1,1.0
yowser,0,1,1,1.0
conjugalstrawflow,0,1,1,1.0
nedostatk,0,1,1,1.0
pcorder,1,0,1,0.0
mvfkuw,0,1,1,1.0
ellacoya,1,0,1,0.0
jkqdv,0,1,1,1.0
coryza,0,1,1,1.0
mabuza,0,1,1,1.0
magallan,0,1,1,1.0
rmvwpxn,0,1,1,1.0
clericdispens,0,1,1,1.0
qsvgjg,0,1,1,1.0
picrat,0,1,1,1.0
dizcuss,1,0,1,0.0
meddicatioon,0,1,1,1.0
mooioreqm,0,1,1,1.0
þdónde,0,1,1,1.0
capillarywaxi,0,1,1,1.0
ewpgql,0,1,1,1.0
idkylzdppzvrtdi,0,1,1,1.0
handelsueblich,0,1,1,1.0
treffpunkt,0,1,1,1.0
juanzec,0,1,1,1.0
wilburmarc,0,1,1,1.0
gigopubi,0,1,1,1.0
condescensi,0,1,1,1.0
wsbr,0,1,1,1.0
descontada,0,1,1,1.0
overbil,1,0,1,0.0
rzawxh,0,1,1,1.0
separet,0,1,1,1.0
endesa,1,0,1,0.0
achalk,0,1,1,1.0
puljan,1,0,1,0.0
tfkjljjwn,0,1,1,1.0
jamb,0,1,1,1.0
rif,1,0,1,0.0
mdbm,0,1,1,1.0
lasuzzo,1,0,1,0.0
xcpbf,0,1,1,1.0
lucullian,0,1,1,1.0
zjoq,0,1,1,1.0
telebyt,0,1,1,1.0
hoornwijk,0,1,1,1.0
onsult,0,1,1,1.0
ooxadahi,0,1,1,1.0
laboratorista,0,1,1,1.0
zakariya,0,1,1,1.0
sbbefdvz,0,1,1,1.0
vqrynojzt,0,1,1,1.0
dryli,0,1,1,1.0
allstaff,0,1,1,1.0
ruhat,0,1,1,1.0
loclek,0,1,1,1.0
ignição,0,1,1,1.0
covar,1,0,1,0.0
szyuht,0,1,1,1.0
nowvl,0,1,1,1.0
chamado,0,1,1,1.0
svetlana,0,1,1,1.0
xhkvuiv,0,1,1,1.0
namiari,1,0,1,0.0
krkgmj,0,1,1,1.0
jkywqtt,0,1,1,1.0
teaml,1,0,1,0.0
ytbjt,0,1,1,1.0
izzaddin,0,1,1,1.0
externado,0,1,1,1.0
highdemanditem,0,1,1,1.0
hymai,0,1,1,1.0
wysylk,1,0,1,0.0
qualificação,0,1,1,1.0
qulr,0,1,1,1.0
whybiak,0,1,1,1.0
kahke,1,0,1,0.0
azqscb,0,1,1,1.0
assentor,0,1,1,1.0
paqhwdt,0,1,1,1.0
perfo,0,1,1,1.0
nebulousaureliu,0,1,1,1.0
opiniion,1,0,1,0.0
upclos,0,1,1,1.0
homeandrelax,0,1,1,1.0
jeer,0,1,1,1.0
wpydjkdgqjfv,0,1,1,1.0
chymaqu,0,1,1,1.0
bht,0,1,1,1.0
khe,0,1,1,1.0
riskdata,1,0,1,0.0
zgsxinwsj,0,1,1,1.0
shuxixeheg,0,1,1,1.0
ollerenshaw,1,0,1,0.0
bestmateri,0,1,1,1.0
suceed,1,0,1,0.0
kontobesttigung,0,1,1,1.0
stratif,0,1,1,1.0
acidifi,0,1,1,1.0
difícil,0,1,1,1.0
iwdgqreo,0,1,1,1.0
tguuk,0,1,1,1.0
delayev,0,1,1,1.0
edgefield,1,0,1,0.0
xtnbottom,0,1,1,1.0
jmmsqlcf,0,1,1,1.0
prater,1,0,1,0.0
meimi,0,1,1,1.0
dreammav,0,1,1,1.0
fzfmre,0,1,1,1.0
tbrown,1,0,1,0.0
endwis,0,1,1,1.0
consu,0,1,1,1.0
dkohler,1,0,1,0.0
poweriska,1,0,1,0.0
mtoher,0,1,1,1.0
ciabli,0,1,1,1.0
luxzx,0,1,1,1.0
zado,0,1,1,1.0
ipvl,0,1,1,1.0
cwb,0,1,1,1.0
gjuwiguif,0,1,1,1.0
cxgfo,0,1,1,1.0
materchurchillian,0,1,1,1.0
druggist,0,1,1,1.0
usay,0,1,1,1.0
poiymeta,0,1,1,1.0
qmnqdodub,0,1,1,1.0
gjohoh,0,1,1,1.0
prehistoricbuteo,0,1,1,1.0
sfegf,0,1,1,1.0
xpth,0,1,1,1.0
viowxx,0,1,1,1.0
bhzoegibvm,0,1,1,1.0
daeaddi,0,1,1,1.0
oaqi,0,1,1,1.0
thjke,0,1,1,1.0
malanga,1,0,1,0.0
hesiti,1,0,1,0.0
provenprexi,0,1,1,1.0
mehotd,0,1,1,1.0
sabato,0,1,1,1.0
µl,0,1,1,1.0
fynb,0,1,1,1.0
centrai,1,0,1,0.0
femalestar,0,1,1,1.0
disestablish,0,1,1,1.0
basterd,0,1,1,1.0
batteryquartz,0,1,1,1.0
yaourself,0,1,1,1.0
vemmbno,0,1,1,1.0
blbhuvr,0,1,1,1.0
znz,0,1,1,1.0
ayushi,0,1,1,1.0
speciasl,0,1,1,1.0
wishnot,0,1,1,1.0
khalili,0,1,1,1.0
jjmtrr,0,1,1,1.0
pungenc,0,1,1,1.0
gpspark,1,0,1,0.0
ocaw,0,1,1,1.0
compensamo,0,1,1,1.0
difficuit,0,1,1,1.0
colonna,0,1,1,1.0
samfeday,0,1,1,1.0
weenn,0,1,1,1.0
lzvbdfkef,0,1,1,1.0
cmop,1,0,1,0.0
lenogr,0,1,1,1.0
aix,1,0,1,0.0
leingat,0,1,1,1.0
ynqzribsp,0,1,1,1.0
geiniz,0,1,1,1.0
bykmh,0,1,1,1.0
exalteth,0,1,1,1.0
dianteira,0,1,1,1.0
bhetuyaa,0,1,1,1.0
przedsiobiorstwi,1,0,1,0.0
passa,0,1,1,1.0
lznouszp,0,1,1,1.0
yohpu,0,1,1,1.0
flam,0,1,1,1.0
ojibw,0,1,1,1.0
drexelbear,0,1,1,1.0
mfortabl,0,1,1,1.0
trhee,0,1,1,1.0
apfk,0,1,1,1.0
hymni,0,1,1,1.0
puu,0,1,1,1.0
byw,0,1,1,1.0
herturn,0,1,1,1.0
mogfnsb,0,1,1,1.0
wdbw,0,1,1,1.0
bdwvmudbtnsvbom,0,1,1,1.0
quii,0,1,1,1.0
eboeb,0,1,1,1.0
nxxttxu,0,1,1,1.0
reebok,0,1,1,1.0
expresspip,1,0,1,0.0
qgqrr,0,1,1,1.0
yndqdu,0,1,1,1.0
brantley,0,1,1,1.0
ledlugo,1,0,1,0.0
íáýôçàµíãìâþêµßøê,0,1,1,1.0
dindigul,0,1,1,1.0
pykn,0,1,1,1.0
uygi,0,1,1,1.0
boneyard,1,0,1,0.0
sywx,0,1,1,1.0
xdulbqqjk,0,1,1,1.0
affirminjun,0,1,1,1.0
morpholino,0,1,1,1.0
procrusteanbelt,0,1,1,1.0
dunxhdtyjxpassword,0,1,1,1.0
pµc,0,1,1,1.0
manualsurf,0,1,1,1.0
ordoer,0,1,1,1.0
segph,0,1,1,1.0
cpeterso,1,0,1,0.0
articulosdefondo,0,1,1,1.0
fdaer,0,1,1,1.0
einzelnen,0,1,1,1.0
ntepld,0,1,1,1.0
repi,0,1,1,1.0
grateful,1,0,1,0.0
cqtj,0,1,1,1.0
xiofqh,0,1,1,1.0
gravação,0,1,1,1.0
databeam,0,1,1,1.0
krask,1,0,1,0.0
settlment,1,0,1,0.0
rueck,0,1,1,1.0
wiild,0,1,1,1.0
tria,0,1,1,1.0
kqf,0,1,1,1.0
rjmdupqrgopfi,0,1,1,1.0
thoemdr,0,1,1,1.0
ywc,0,1,1,1.0
clibaa,0,1,1,1.0
vnwuxrzvd,0,1,1,1.0
phramacybymaail,0,1,1,1.0
volumn,0,1,1,1.0
habyqmo,0,1,1,1.0
netdd,1,0,1,0.0
pessimet,1,0,1,0.0
execdev,1,0,1,0.0
jgwhzqqhi,0,1,1,1.0
tamko,0,1,1,1.0
reblitz,1,0,1,0.0
epicblowjob,0,1,1,1.0
saprophyt,0,1,1,1.0
medievalist,0,1,1,1.0
inrten,0,1,1,1.0
escroto,0,1,1,1.0
xifbkiqff,0,1,1,1.0
lhacker,1,0,1,0.0
przeprowadz,1,0,1,0.0
openhto,0,1,1,1.0
schwager,0,1,1,1.0
robertosneez,0,1,1,1.0
blf,0,1,1,1.0
isblend,0,1,1,1.0
uvvqyz,0,1,1,1.0
wehaxln,0,1,1,1.0
cricial,1,0,1,0.0
qniirnieptazl,0,1,1,1.0
hillsborough,1,0,1,0.0
mediicatl,0,1,1,1.0
ofil,0,1,1,1.0
hbymwu,0,1,1,1.0
nonessenti,1,0,1,0.0
tpared,0,1,1,1.0
yazheng,0,1,1,1.0
deniro,0,1,1,1.0
wowza,0,1,1,1.0
certner,1,0,1,0.0
jimderivepo,0,1,1,1.0
ehiif,0,1,1,1.0
ptcontact,0,1,1,1.0
homeroom,0,1,1,1.0
heilbronn,1,0,1,0.0
nkl,0,1,1,1.0
ogiwara,1,0,1,0.0
schrader,1,0,1,0.0
thedpr,1,0,1,0.0
eejhkqsyq,0,1,1,1.0
traum,0,1,1,1.0
langmad,1,0,1,0.0
qzziuhth,0,1,1,1.0
vpkcczrrrtav,0,1,1,1.0
zolafidi,0,1,1,1.0
beendesign,0,1,1,1.0
ngvpfox,0,1,1,1.0
gyrotatwomb,0,1,1,1.0
dontstayli,0,1,1,1.0
vcgja,0,1,1,1.0
qaao,1,0,1,0.0
neneal,1,0,1,0.0
wuori,1,0,1,0.0
seafreight,1,0,1,0.0
eldrdwac,0,1,1,1.0
charlielblowfish,0,1,1,1.0
wcunuzpsb,0,1,1,1.0
chumley,1,0,1,0.0
joerg,1,0,1,0.0
studd,0,1,1,1.0
vuko,0,1,1,1.0
qxyopsmbr,0,1,1,1.0
multiread,0,1,1,1.0
agato,1,0,1,0.0
ymol,0,1,1,1.0
harinduphad,0,1,1,1.0
latn,0,1,1,1.0
ramess,0,1,1,1.0
diucggx,0,1,1,1.0
bcqec,0,1,1,1.0
ydx,0,1,1,1.0
adesign,0,1,1,1.0
whear,0,1,1,1.0
brajenovlc,0,1,1,1.0
jfxtpkide,0,1,1,1.0
chartertn,0,1,1,1.0
nmnmfiqwi,0,1,1,1.0
safgpsggt,0,1,1,1.0
hammertim,0,1,1,1.0
rebl,0,1,1,1.0
sjwhsb,0,1,1,1.0
riy,0,1,1,1.0
happpen,1,0,1,0.0
inicial,0,1,1,1.0
ebdndjdx,0,1,1,1.0
pamietam,1,0,1,0.0
dadsbroth,0,1,1,1.0
strappingmachin,0,1,1,1.0
btwkp,0,1,1,1.0
contabesc,0,1,1,1.0
companycdgt,0,1,1,1.0
oalessi,0,1,1,1.0
epgqlahhkqqltj,0,1,1,1.0
acheulian,0,1,1,1.0
palaemon,0,1,1,1.0
cpdveg,0,1,1,1.0
enviándono,0,1,1,1.0
ygszrn,0,1,1,1.0
goodguyz,0,1,1,1.0
qnjlp,0,1,1,1.0
pender,0,1,1,1.0
sxz,0,1,1,1.0
gkfa,0,1,1,1.0
dbsyywf,0,1,1,1.0
restrucur,1,0,1,0.0
fungaleclogu,0,1,1,1.0
begeht,0,1,1,1.0
gvb,0,1,1,1.0
atgxi,0,1,1,1.0
hawca,0,1,1,1.0
gtsusjyf,0,1,1,1.0
lleva,0,1,1,1.0
lifepoint,1,0,1,0.0
promptrepli,0,1,1,1.0
dalo,0,1,1,1.0
inzynierii,1,0,1,0.0
grenvil,0,1,1,1.0
roco,1,0,1,0.0
jacksof,1,0,1,0.0
ixzwuzlsiu,0,1,1,1.0
restorationa,0,1,1,1.0
tfbxnyhh,0,1,1,1.0
bguw,0,1,1,1.0
bankdaten,0,1,1,1.0
iqvkgwxg,0,1,1,1.0
aiovp,0,1,1,1.0
inaccessiblemuscular,0,1,1,1.0
simferopol,0,1,1,1.0
mailbagbv,0,1,1,1.0
mdevikrutpafvcv,0,1,1,1.0
argamaso,0,1,1,1.0
sinegl,0,1,1,1.0
rudimentchid,0,1,1,1.0
ybkeb,0,1,1,1.0
niob,0,1,1,1.0
assisi,0,1,1,1.0
troutbacterium,0,1,1,1.0
antrtica,0,1,1,1.0
usnr,1,0,1,0.0
sworsham,1,0,1,0.0
solicitamo,0,1,1,1.0
dorton,1,0,1,0.0
guran,0,1,1,1.0
encumbranc,0,1,1,1.0
bezx,0,1,1,1.0
urac,0,1,1,1.0
rzzza,0,1,1,1.0
birdlikenestl,0,1,1,1.0
fuycm,0,1,1,1.0
costdinah,0,1,1,1.0
andmarket,0,1,1,1.0
paleisstraat,0,1,1,1.0
animationgood,0,1,1,1.0
gpfszewlsibmlolx,0,1,1,1.0
nmvbym,0,1,1,1.0
gaurdi,1,0,1,0.0
ieddnqwc,0,1,1,1.0
covin,0,1,1,1.0
mayus,0,1,1,1.0
billingand,0,1,1,1.0
louth,0,1,1,1.0
soton,0,1,1,1.0
tumey,1,0,1,0.0
hylton,1,0,1,0.0
wvxge,0,1,1,1.0
omlabk,0,1,1,1.0
robertmugab,0,1,1,1.0
inmunoestimulant,0,1,1,1.0
epgwmbhev,0,1,1,1.0
bestel,0,1,1,1.0
hzygd,0,1,1,1.0
zemubi,0,1,1,1.0
coreycloy,0,1,1,1.0
gidge,0,1,1,1.0
daddyangel,0,1,1,1.0
unitedtexa,1,0,1,0.0
disharmoni,0,1,1,1.0
jvqvtgoahi,0,1,1,1.0
schwule,0,1,1,1.0
bumari,0,1,1,1.0
intvserest,0,1,1,1.0
fjitari,0,1,1,1.0
cprgc,0,1,1,1.0
nltauirhtu,0,1,1,1.0
handsof,0,1,1,1.0
professiown,0,1,1,1.0
modernización,0,1,1,1.0
gebraucht,0,1,1,1.0
omgd,0,1,1,1.0
ouih,0,1,1,1.0
trickin,0,1,1,1.0
comptant,0,1,1,1.0
atwjztyywl,0,1,1,1.0
jeanmard,1,0,1,0.0
qiroga,0,1,1,1.0
blightsey,1,0,1,0.0
jchamp,1,0,1,0.0
razhgkxva,0,1,1,1.0
disordersaffirm,0,1,1,1.0
eyesterm,1,0,1,0.0
woosley,1,0,1,0.0
burdenbm,1,0,1,0.0
suhh,0,1,1,1.0
pleasanc,0,1,1,1.0
kvzpbnccoqbgwu,0,1,1,1.0
rohan,1,0,1,0.0
shemeika,1,0,1,0.0
woolsack,0,1,1,1.0
zqvqojgi,0,1,1,1.0
qcstzybptbcnsd,0,1,1,1.0
leaug,1,0,1,0.0
perfekt,0,1,1,1.0
xevad,0,1,1,1.0
pament,0,1,1,1.0
dlemail,1,0,1,0.0
steadiest,0,1,1,1.0
simplesment,0,1,1,1.0
commtment,0,1,1,1.0
dilind,0,1,1,1.0
attaway,1,0,1,0.0
kiehn,1,0,1,0.0
bdsdn,0,1,1,1.0
gebilligt,0,1,1,1.0
pcmagsjel,0,1,1,1.0
rlrd,0,1,1,1.0
shareplan,1,0,1,0.0
carryleveri,0,1,1,1.0
zionismswag,0,1,1,1.0
fifwzl,0,1,1,1.0
gwi,0,1,1,1.0
grlkbkoy,0,1,1,1.0
barnesnobl,0,1,1,1.0
akeeuncl,0,1,1,1.0
medisi,1,0,1,0.0
nqvuezeo,0,1,1,1.0
collenett,1,0,1,0.0
ifkpn,0,1,1,1.0
ancffg,0,1,1,1.0
ailbjtzq,0,1,1,1.0
dqmlxrf,0,1,1,1.0
havean,0,1,1,1.0
protección,0,1,1,1.0
catchwordseason,0,1,1,1.0
wugn,0,1,1,1.0
jape,0,1,1,1.0
smelley,1,0,1,0.0
nuclearcap,0,1,1,1.0
vnu,0,1,1,1.0
lehmbruck,0,1,1,1.0
smtoke,0,1,1,1.0
ocyshbfh,0,1,1,1.0
shppng,0,1,1,1.0
pensivedous,0,1,1,1.0
taxa,0,1,1,1.0
ephyy,0,1,1,1.0
kriqlp,0,1,1,1.0
proriti,1,0,1,0.0
kondo,1,0,1,0.0
oawrr,0,1,1,1.0
tefel,1,0,1,0.0
isekrtt,0,1,1,1.0
mltipla,0,1,1,1.0
ausgezahlt,0,1,1,1.0
numskul,0,1,1,1.0
mehrmal,0,1,1,1.0
zrf,0,1,1,1.0
powiedziec,1,0,1,0.0
speedboat,0,1,1,1.0
kqnufnm,0,1,1,1.0
wcwknoanopkt,0,1,1,1.0
drivenext,0,1,1,1.0
yeb,0,1,1,1.0
devonian,0,1,1,1.0
suqper,0,1,1,1.0
mnipul,1,0,1,0.0
bobtail,1,0,1,0.0
wjob,0,1,1,1.0
dysfunt,0,1,1,1.0
zxgwvpiher,0,1,1,1.0
jeapord,1,0,1,0.0
dressman,0,1,1,1.0
jzlyvoixxgpfo,0,1,1,1.0
krystai,0,1,1,1.0
ejitauth,0,1,1,1.0
vlluu,0,1,1,1.0
kviq,0,1,1,1.0
blicyqrtj,0,1,1,1.0
thefirst,0,1,1,1.0
krxydfmzzthputbqu,0,1,1,1.0
slackbak,0,1,1,1.0
bergerd,1,0,1,0.0
pharmash,0,1,1,1.0
itwmmfax,0,1,1,1.0
unchristiansinc,0,1,1,1.0
hotfoot,0,1,1,1.0
paiement,0,1,1,1.0
vyiwyqlg,0,1,1,1.0
yuo,0,1,1,1.0
karlyn,0,1,1,1.0
piffl,1,0,1,0.0
onaw,0,1,1,1.0
atshfbjgg,0,1,1,1.0
strozewski,1,0,1,0.0
deroin,1,0,1,0.0
þtu,0,1,1,1.0
justina,0,1,1,1.0
ettest,0,1,1,1.0
continbut,1,0,1,0.0
qdfywp,0,1,1,1.0
jqrtbo,0,1,1,1.0
bellatlant,1,0,1,0.0
gkcyyg,0,1,1,1.0
scire,0,1,1,1.0
jqd,1,0,1,0.0
clienteanalisi,0,1,1,1.0
matchabl,0,1,1,1.0
chocho,0,1,1,1.0
sbaira,0,1,1,1.0
vgvbuvj,0,1,1,1.0
comemail,0,1,1,1.0
saugkraftregl,0,1,1,1.0
rapturestephen,0,1,1,1.0
shawkey,0,1,1,1.0
adamsbenson,0,1,1,1.0
texasepronet,1,0,1,0.0
geeft,0,1,1,1.0
litylsoftvvar,0,1,1,1.0
ixetg,0,1,1,1.0
xwvfvcaw,0,1,1,1.0
thomemmon,0,1,1,1.0
infomemb,0,1,1,1.0
cyberlr,0,1,1,1.0
hipotermia,0,1,1,1.0
serifhug,0,1,1,1.0
wzofhl,0,1,1,1.0
gaoland,0,1,1,1.0
jorian,1,0,1,0.0
liarqd,0,1,1,1.0
eumenid,0,1,1,1.0
screensav,0,1,1,1.0
distribtu,0,1,1,1.0
wuitqba,0,1,1,1.0
mylawy,0,1,1,1.0
akostadinova,0,1,1,1.0
shibp,0,1,1,1.0
oxgfsl,0,1,1,1.0
hoursborrow,0,1,1,1.0
nvwzb,0,1,1,1.0
wykresi,1,0,1,0.0
buglewelfar,0,1,1,1.0
schwer,0,1,1,1.0
cluyc,0,1,1,1.0
paracetamol,0,1,1,1.0
cowichan,0,1,1,1.0
galliamb,0,1,1,1.0
blearyimp,0,1,1,1.0
unhung,0,1,1,1.0
fwunrt,0,1,1,1.0
wea,0,1,1,1.0
vpybd,0,1,1,1.0
colorphotomix,0,1,1,1.0
jtg,0,1,1,1.0
kxu,0,1,1,1.0
wasserstrom,0,1,1,1.0
carletoncutback,0,1,1,1.0
lovelett,0,1,1,1.0
condicionarlo,0,1,1,1.0
programu,1,0,1,0.0
shanken,1,0,1,0.0
hkogtwzj,0,1,1,1.0
dmlcb,0,1,1,1.0
worththemoney,1,0,1,0.0
envious,1,0,1,0.0
isea,0,1,1,1.0
rvpxlebyppbjwa,0,1,1,1.0
antisicc,0,1,1,1.0
criao,0,1,1,1.0
galxdx,0,1,1,1.0
inducetum,0,1,1,1.0
dmeqsq,0,1,1,1.0
xbt,0,1,1,1.0
chupar,0,1,1,1.0
ademola,0,1,1,1.0
disponvel,0,1,1,1.0
middlefont,0,1,1,1.0
joset,0,1,1,1.0
acolu,0,1,1,1.0
deliiveri,0,1,1,1.0
broadi,1,0,1,0.0
mednsa,0,1,1,1.0
echenei,0,1,1,1.0
answeeeer,0,1,1,1.0
enxco,1,0,1,0.0
cockleburswishi,0,1,1,1.0
mplcyke,0,1,1,1.0
llboren,1,0,1,0.0
qzxuhkt,0,1,1,1.0
nowlik,0,1,1,1.0
hillsrid,0,1,1,1.0
ihyjw,0,1,1,1.0
impulsador,0,1,1,1.0
vitu,0,1,1,1.0
vaild,1,0,1,0.0
procurars,0,1,1,1.0
internacionalment,0,1,1,1.0
petgeoguru,1,0,1,0.0
hugchr,0,1,1,1.0
ndegehaf,0,1,1,1.0
avdpbmlz,0,1,1,1.0
peppercorn,0,1,1,1.0
euismq,0,1,1,1.0
clit,0,1,1,1.0
ocod,0,1,1,1.0
tpx,1,0,1,0.0
rrwkq,0,1,1,1.0
saluja,1,0,1,0.0
childthat,0,1,1,1.0
vgdvkao,0,1,1,1.0
egu,0,1,1,1.0
metghod,0,1,1,1.0
aerrwzu,0,1,1,1.0
unfund,1,0,1,0.0
pele,0,1,1,1.0
tonsai,0,1,1,1.0
reverenc,0,1,1,1.0
sburchett,1,0,1,0.0
aifb,0,1,1,1.0
guiser,0,1,1,1.0
gristnv,0,1,1,1.0
othersi,0,1,1,1.0
zpegtu,0,1,1,1.0
bbva,1,0,1,0.0
muebxfat,0,1,1,1.0
hbmosf,0,1,1,1.0
softwer,0,1,1,1.0
mildoz,0,1,1,1.0
fiday,1,0,1,0.0
parochetti,1,0,1,0.0
qwvxtbt,0,1,1,1.0
miniv,0,1,1,1.0
intressez,0,1,1,1.0
rotacin,0,1,1,1.0
jtbyto,0,1,1,1.0
coso,1,0,1,0.0
uiqkxhctm,0,1,1,1.0
ambientalizada,0,1,1,1.0
siedzibi,1,0,1,0.0
lookingg,0,1,1,1.0
ineurop,0,1,1,1.0
lustjunki,0,1,1,1.0
pirogueperturb,0,1,1,1.0
kbfonfxxj,0,1,1,1.0
cabotog,1,0,1,0.0
gnj,0,1,1,1.0
uyr,0,1,1,1.0
histria,0,1,1,1.0
flatbush,0,1,1,1.0
ipcqceaqu,0,1,1,1.0
bioticcornerston,0,1,1,1.0
pfvlj,0,1,1,1.0
flywheel,1,0,1,0.0
nldvkarhwr,0,1,1,1.0
dxidbi,0,1,1,1.0
vbiu,0,1,1,1.0
woficoquawi,0,1,1,1.0
assessorpandora,0,1,1,1.0
resinac,0,1,1,1.0
fabricar,0,1,1,1.0
cdhhpe,0,1,1,1.0
seabrona,1,0,1,0.0
onget,0,1,1,1.0
taspers,0,1,1,1.0
mlodi,0,1,1,1.0
suveren,0,1,1,1.0
unbeatably,0,1,1,1.0
fbtzwynej,0,1,1,1.0
vxbxyikfpucguywqvw,0,1,1,1.0
buydirect,0,1,1,1.0
faithi,0,1,1,1.0
xeqsmza,0,1,1,1.0
pyilewlmari,0,1,1,1.0
strenuous,1,0,1,0.0
mxixn,0,1,1,1.0
lowcostgener,0,1,1,1.0
millixcon,0,1,1,1.0
gybxyih,0,1,1,1.0
bnlblake,1,0,1,0.0
wgyxysxw,0,1,1,1.0
metalgesselschaft,1,0,1,0.0
kkempl,1,0,1,0.0
pinochoperiodista,0,1,1,1.0
fidelityswath,0,1,1,1.0
moooooore,0,1,1,1.0
opcin,0,1,1,1.0
foulard,0,1,1,1.0
pjp,0,1,1,1.0
mydomain,1,0,1,0.0
ekujnqxpt,0,1,1,1.0
roalstad,1,0,1,0.0
xuzb,0,1,1,1.0
architi,0,1,1,1.0
tjr,0,1,1,1.0
functor,0,1,1,1.0
prdhva,0,1,1,1.0
plook,0,1,1,1.0
idcidrwoen,0,1,1,1.0
enrontrain,1,0,1,0.0
überprüfen,0,1,1,1.0
ssqqozc,0,1,1,1.0
dthomp,1,0,1,0.0
abwcwphst,0,1,1,1.0
edwardoneil,1,0,1,0.0
vtwtnzha,0,1,1,1.0
aabvmmq,0,1,1,1.0
bsxbta,0,1,1,1.0
ctenophor,0,1,1,1.0
wtdlhgi,0,1,1,1.0
puqubb,0,1,1,1.0
beiamaz,0,1,1,1.0
bdsxu,0,1,1,1.0
boggard,0,1,1,1.0
gaetek,0,1,1,1.0
colesterol,0,1,1,1.0
kuyenhhi,0,1,1,1.0
boader,0,1,1,1.0
khordokovski,0,1,1,1.0
xebtytwpj,0,1,1,1.0
wetterstroem,1,0,1,0.0
fipbrst,0,1,1,1.0
fivescor,0,1,1,1.0
nmw,0,1,1,1.0
breakfastphiladelphia,0,1,1,1.0
jkdtszvg,0,1,1,1.0
peo,1,0,1,0.0
rool,1,0,1,0.0
él,0,1,1,1.0
brandacart,1,0,1,0.0
rpiebkwgu,0,1,1,1.0
darkw,1,0,1,0.0
firmbook,1,0,1,0.0
ayudarm,0,1,1,1.0
sophatr,0,1,1,1.0
lesiquoh,0,1,1,1.0
ftexpat,1,0,1,0.0
thehelp,0,1,1,1.0
mtx,0,1,1,1.0
tyner,1,0,1,0.0
estima,1,0,1,0.0
qbssrz,0,1,1,1.0
nbtkfzujglax,0,1,1,1.0
dau,0,1,1,1.0
milienium,0,1,1,1.0
ywbbz,0,1,1,1.0
mrobson,1,0,1,0.0
emob,0,1,1,1.0
disburden,0,1,1,1.0
denbi,1,0,1,0.0
wfryywxwdijhjaxd,0,1,1,1.0
btwjw,0,1,1,1.0
nzbsudpbpsjibwvfxskr,0,1,1,1.0
fineship,0,1,1,1.0
vihszpj,0,1,1,1.0
fxm,0,1,1,1.0
igldxwti,0,1,1,1.0
wcit,1,0,1,0.0
ryacubuop,0,1,1,1.0
bricht,0,1,1,1.0
harrisongalloway,0,1,1,1.0
rhg,0,1,1,1.0
wptf,1,0,1,0.0
dectteion,0,1,1,1.0
nyon,0,1,1,1.0
swithin,0,1,1,1.0
kwunsch,1,0,1,0.0
mohter,0,1,1,1.0
bca,0,1,1,1.0
metrogroup,1,0,1,0.0
rempey,1,0,1,0.0
fibromyaigia,0,1,1,1.0
lwide,0,1,1,1.0
tjqmmwffp,0,1,1,1.0
thrustof,1,0,1,0.0
ticz,1,0,1,0.0
nlkkzq,0,1,1,1.0
letpyroelectr,0,1,1,1.0
sparer,0,1,1,1.0
liittnyt,0,1,1,1.0
scadsa,0,1,1,1.0
itingen,0,1,1,1.0
bezglich,0,1,1,1.0
gbcd,0,1,1,1.0
aksvsnv,0,1,1,1.0
ablaufen,0,1,1,1.0
ekl,0,1,1,1.0
peichuan,0,1,1,1.0
fszloq,0,1,1,1.0
liquefaranno,0,1,1,1.0
viiiaaagra,0,1,1,1.0
rtbytx,0,1,1,1.0
uland,0,1,1,1.0
spotbygon,0,1,1,1.0
superus,0,1,1,1.0
youine,0,1,1,1.0
windhoek,0,1,1,1.0
spotscrapbook,0,1,1,1.0
ofapril,0,1,1,1.0
mperkin,1,0,1,0.0
irfxwdxuu,0,1,1,1.0
kirstenkloepf,1,0,1,0.0
molvolia,0,1,1,1.0
kprsoejbg,0,1,1,1.0
gerado,0,1,1,1.0
cfdkl,0,1,1,1.0
zvdhqtff,0,1,1,1.0
protima,0,1,1,1.0
fsk,0,1,1,1.0
reamin,1,0,1,0.0
hollisterdrast,0,1,1,1.0
socsmgg,0,1,1,1.0
eugvjlvg,0,1,1,1.0
xqccq,0,1,1,1.0
pascarella,1,0,1,0.0
gmxeml,0,1,1,1.0
rkjv,0,1,1,1.0
grhsdxdbdbi,0,1,1,1.0
pmccrori,1,0,1,0.0
terat,0,1,1,1.0
dicsuss,1,0,1,0.0
zxqldepmdjvxc,0,1,1,1.0
custur,0,1,1,1.0
aranda,1,0,1,0.0
hlecbnj,0,1,1,1.0
nwjsjynkwluaznhactmavq,0,1,1,1.0
asepsi,0,1,1,1.0
ckoehn,1,0,1,0.0
chockrhubarb,0,1,1,1.0
enterpr,0,1,1,1.0
meisten,0,1,1,1.0
bradshawsenior,0,1,1,1.0
mujhtdr,0,1,1,1.0
sizobonana,0,1,1,1.0
tcarlsb,1,0,1,0.0
hetnr,0,1,1,1.0
fali,1,0,1,0.0
lyovvypk,0,1,1,1.0
quvnxk,0,1,1,1.0
enola,0,1,1,1.0
elvia,0,1,1,1.0
dcccd,1,0,1,0.0
repub,1,0,1,0.0
mvzseb,0,1,1,1.0
uybev,0,1,1,1.0
kjr,0,1,1,1.0
ludmilla,1,0,1,0.0
dvqqesp,0,1,1,1.0
qlbhgw,0,1,1,1.0
fvjnghun,0,1,1,1.0
qcjfe,0,1,1,1.0
vonkarman,0,1,1,1.0
rost,1,0,1,0.0
alber,1,0,1,0.0
greatlyeveri,0,1,1,1.0
vdbekf,0,1,1,1.0
palaeograph,0,1,1,1.0
hardtyz,0,1,1,1.0
liverpooyoung,0,1,1,1.0
silkmil,0,1,1,1.0
vyuxvfuv,0,1,1,1.0
quadfifoil,0,1,1,1.0
dicelouv,0,1,1,1.0
transction,0,1,1,1.0
exi,0,1,1,1.0
carrillo,1,0,1,0.0
torba,0,1,1,1.0
banklog,1,0,1,0.0
mnrmqzwz,0,1,1,1.0
mikelew,1,0,1,0.0
ymldjnrt,0,1,1,1.0
chenvrontexaco,1,0,1,0.0
thouhg,0,1,1,1.0
thcket,1,0,1,0.0
ikc,0,1,1,1.0
wvr,0,1,1,1.0
neuropathi,0,1,1,1.0
pouoj,0,1,1,1.0
bullork,0,1,1,1.0
lmfcll,0,1,1,1.0
eruditelyworldwid,0,1,1,1.0
yranante,0,1,1,1.0
crnvxt,0,1,1,1.0
aseveru,1,0,1,0.0
prefectli,1,0,1,0.0
rotu,0,1,1,1.0
toothach,0,1,1,1.0
savedd,0,1,1,1.0
pharmaaaaaaaci,0,1,1,1.0
ivodlrr,0,1,1,1.0
adjohnso,1,0,1,0.0
mtzikcgxmjtldr,0,1,1,1.0
tdnl,0,1,1,1.0
amatol,0,1,1,1.0
merbromin,0,1,1,1.0
juneol,1,0,1,0.0
aftertast,0,1,1,1.0
sxjssh,0,1,1,1.0
ewjtxg,0,1,1,1.0
akkek,0,1,1,1.0
amfvkb,0,1,1,1.0
aiiegravinc,0,1,1,1.0
tisdalel,1,0,1,0.0
ogk,0,1,1,1.0
adela,0,1,1,1.0
leii,0,1,1,1.0
aburrel,1,0,1,0.0
bisutun,0,1,1,1.0
wxna,0,1,1,1.0
lgambrel,1,0,1,0.0
grrwht,0,1,1,1.0
openhand,0,1,1,1.0
shandi,0,1,1,1.0
copartneri,0,1,1,1.0
citizenrynineveh,0,1,1,1.0
prolzac,0,1,1,1.0
katina,0,1,1,1.0
aowinn,0,1,1,1.0
rcbomo,0,1,1,1.0
yoa,0,1,1,1.0
terry,0,1,1,1.0
fxqvfrlbbr,0,1,1,1.0
fthebest,0,1,1,1.0
abriram,0,1,1,1.0
asproject,0,1,1,1.0
bvgq,0,1,1,1.0
devotegluey,0,1,1,1.0
ratt,0,1,1,1.0
cedent,1,0,1,0.0
lakohl,1,0,1,0.0
slcxz,0,1,1,1.0
ceat,0,1,1,1.0
recebero,0,1,1,1.0
clioplawbreak,0,1,1,1.0
partaken,0,1,1,1.0
vreset,0,1,1,1.0
ggdqju,0,1,1,1.0
pschnorbach,1,0,1,0.0
wadel,1,0,1,0.0
tyyp,0,1,1,1.0
peerag,0,1,1,1.0
ontyour,0,1,1,1.0
archearl,0,1,1,1.0
brgwokey,0,1,1,1.0
hamic,1,0,1,0.0
fvwmzg,0,1,1,1.0
yhjkdeo,0,1,1,1.0
zvxj,0,1,1,1.0
scradford,1,0,1,0.0
vlmyeqp,0,1,1,1.0
robustli,1,0,1,0.0
ushg,0,1,1,1.0
tgslcz,0,1,1,1.0
errmsg,0,1,1,1.0
automatonrandal,0,1,1,1.0
bqugyq,0,1,1,1.0
comunitario,0,1,1,1.0
krink,1,0,1,0.0
êø,0,1,1,1.0
violinautocrat,0,1,1,1.0
rqo,0,1,1,1.0
idpulbgfm,0,1,1,1.0
eliminando,0,1,1,1.0
zmjym,0,1,1,1.0
payson,1,0,1,0.0
uiterlijk,0,1,1,1.0
interfacecontrol,0,1,1,1.0
súper,0,1,1,1.0
icb,0,1,1,1.0
nateb,1,0,1,0.0
finlandthoma,0,1,1,1.0
noial,0,1,1,1.0
wgyihllmswkv,0,1,1,1.0
qdljmmh,0,1,1,1.0
alikanida,0,1,1,1.0
nowratez,0,1,1,1.0
biofactor,0,1,1,1.0
evjdqhj,0,1,1,1.0
notwish,0,1,1,1.0
actualidad,0,1,1,1.0
wunderkind,1,0,1,0.0
cookievenu,0,1,1,1.0
xwof,0,1,1,1.0
webshield,0,1,1,1.0
canyonu,0,1,1,1.0
hotelissimo,0,1,1,1.0
roseat,0,1,1,1.0
monterreysed,0,1,1,1.0
uqc,0,1,1,1.0
fansfight,0,1,1,1.0
ozpq,0,1,1,1.0
wvaow,0,1,1,1.0
wieldlehigh,0,1,1,1.0
slgavjmoqq,0,1,1,1.0
wgh,0,1,1,1.0
kge,1,0,1,0.0
bidon,0,1,1,1.0
togethercaptain,0,1,1,1.0
kiwtgok,0,1,1,1.0
kuntz,1,0,1,0.0
thiiii,0,1,1,1.0
mathesono,0,1,1,1.0
detentmurphi,0,1,1,1.0
faston,1,0,1,0.0
rnxgxoxj,0,1,1,1.0
qmi,0,1,1,1.0
drásticament,0,1,1,1.0
wnrsjngpx,0,1,1,1.0
tuv,0,1,1,1.0
hplx,0,1,1,1.0
msxtwbdn,0,1,1,1.0
qbukatvc,0,1,1,1.0
trackedcwtd,0,1,1,1.0
nikpexmn,0,1,1,1.0
insolvenzen,0,1,1,1.0
gupiarantewu,0,1,1,1.0
yowu,0,1,1,1.0
graem,1,0,1,0.0
ovezrpasi,0,1,1,1.0
ytor,0,1,1,1.0
necesitar,0,1,1,1.0
puvx,0,1,1,1.0
kucirek,1,0,1,0.0
uujwmuc,0,1,1,1.0
zbxgqw,0,1,1,1.0
detpaoil,0,1,1,1.0
roul,1,0,1,0.0
ooooooo,0,1,1,1.0
tmarist,0,1,1,1.0
üben,0,1,1,1.0
lanham,0,1,1,1.0
ivaysmanbiosketch,1,0,1,0.0
utwpqmx,0,1,1,1.0
kentwood,0,1,1,1.0
chnetguidehttp,0,1,1,1.0
pvq,0,1,1,1.0
veryhappyto,0,1,1,1.0
uvkoga,0,1,1,1.0
pwv,0,1,1,1.0
imjvclxxm,0,1,1,1.0
biweur,0,1,1,1.0
qxsdlr,0,1,1,1.0
fvgc,0,1,1,1.0
escribirno,0,1,1,1.0
darmstadt,0,1,1,1.0
gianluca,1,0,1,0.0
xvqupw,0,1,1,1.0
preparativo,0,1,1,1.0
dorl,0,1,1,1.0
colman,0,1,1,1.0
stpehen,1,0,1,0.0
tveer,0,1,1,1.0
reigh,1,0,1,0.0
bonoteri,0,1,1,1.0
adjuntamo,0,1,1,1.0
htmlbodya,0,1,1,1.0
txsoet,0,1,1,1.0
withkour,0,1,1,1.0
takehisa,1,0,1,0.0
fehlman,1,0,1,0.0
orchidbinki,0,1,1,1.0
intracompani,1,0,1,0.0
airbrush,1,0,1,0.0
uignp,0,1,1,1.0
micrositethursday,0,1,1,1.0
xvrsfiqo,0,1,1,1.0
nmiuikitjyedrti,0,1,1,1.0
bkoke,0,1,1,1.0
prweb,0,1,1,1.0
sapscrimmag,0,1,1,1.0
awayoh,0,1,1,1.0
juze,0,1,1,1.0
rsyaf,0,1,1,1.0
magistratura,0,1,1,1.0
dobizqth,0,1,1,1.0
brc,0,1,1,1.0
betweencheckk,0,1,1,1.0
xqldk,0,1,1,1.0
ukawxxfbu,0,1,1,1.0
coordenador,0,1,1,1.0
srzejko,0,1,1,1.0
qxixcbk,0,1,1,1.0
pavilh,0,1,1,1.0
mummif,0,1,1,1.0
aqghvwaljv,0,1,1,1.0
immobili,0,1,1,1.0
powd,0,1,1,1.0
woundn,1,0,1,0.0
delugeoscillatori,0,1,1,1.0
zziplipf,0,1,1,1.0
unconscion,0,1,1,1.0
rboay,0,1,1,1.0
ubscrib,0,1,1,1.0
oxycoontin,0,1,1,1.0
smill,1,0,1,0.0
urat,0,1,1,1.0
ppview,1,0,1,0.0
jywoerr,0,1,1,1.0
internett,0,1,1,1.0
cicixqv,0,1,1,1.0
ikeja,0,1,1,1.0
haend,0,1,1,1.0
dusenburycong,0,1,1,1.0
beantragen,0,1,1,1.0
coejbssprqd,0,1,1,1.0
inview,0,1,1,1.0
anbr,0,1,1,1.0
unreadi,0,1,1,1.0
europeheavi,0,1,1,1.0
irvydtda,0,1,1,1.0
makingth,0,1,1,1.0
ointgsg,0,1,1,1.0
shpxkv,0,1,1,1.0
oilmerch,0,1,1,1.0
hkugc,0,1,1,1.0
alfabtico,0,1,1,1.0
hoduaccwufh,0,1,1,1.0
dold,1,0,1,0.0
doji,0,1,1,1.0
gaulhafmk,0,1,1,1.0
sucka,0,1,1,1.0
ujbwg,0,1,1,1.0
automationbi,0,1,1,1.0
arctangentnelli,0,1,1,1.0
jsdm,0,1,1,1.0
udri,1,0,1,0.0
lrnookinwhg,0,1,1,1.0
ailynwong,0,1,1,1.0
gerfalcon,0,1,1,1.0
toqgood,0,1,1,1.0
accesj,0,1,1,1.0
idib,0,1,1,1.0
usfwl,1,0,1,0.0
zapakorui,0,1,1,1.0
jjhczze,0,1,1,1.0
ilbyw,0,1,1,1.0
kep,0,1,1,1.0
zcjosmc,0,1,1,1.0
quoqhpilh,0,1,1,1.0
edmulet,0,1,1,1.0
lrpim,0,1,1,1.0
désir,0,1,1,1.0
ailnd,0,1,1,1.0
upbuild,0,1,1,1.0
bthompson,0,1,1,1.0
pjcgbi,0,1,1,1.0
motero,0,1,1,1.0
oshavv,0,1,1,1.0
cfdmbz,0,1,1,1.0
tnc,0,1,1,1.0
broibexw,0,1,1,1.0
jroc,1,0,1,0.0
jaramillo,0,1,1,1.0
okefenoke,0,1,1,1.0
eyywwj,0,1,1,1.0
cryptogamist,0,1,1,1.0
ozpk,0,1,1,1.0
alama,0,1,1,1.0
yqtyfwqi,0,1,1,1.0
thousanwid,0,1,1,1.0
inwrought,0,1,1,1.0
jrevel,1,0,1,0.0
egnilg,0,1,1,1.0
izbswecgc,0,1,1,1.0
iqjm,0,1,1,1.0
wanthedgehog,0,1,1,1.0
omla,0,1,1,1.0
wahlen,0,1,1,1.0
balaji,1,0,1,0.0
gallonwhe,0,1,1,1.0
gdicpewgu,0,1,1,1.0
greatoffr,0,1,1,1.0
uhanxvdt,0,1,1,1.0
vtvxcgc,0,1,1,1.0
wayman,1,0,1,0.0
eejedh,0,1,1,1.0
mpagni,0,1,1,1.0
yuv,0,1,1,1.0
qejhg,0,1,1,1.0
enerflow,1,0,1,0.0
cdlmud,0,1,1,1.0
adl,0,1,1,1.0
vcmgde,0,1,1,1.0
tinu,0,1,1,1.0
becaun,0,1,1,1.0
euq,0,1,1,1.0
boletn,0,1,1,1.0
weyerhaeus,1,0,1,0.0
xmflt,0,1,1,1.0
billfoldautonomi,0,1,1,1.0
bloodless,0,1,1,1.0
voleybal,1,0,1,0.0
italien,1,0,1,0.0
geheim,0,1,1,1.0
sektör,0,1,1,1.0
wgnradio,0,1,1,1.0
londrinens,0,1,1,1.0
lza,1,0,1,0.0
jdno,0,1,1,1.0
bucno,0,1,1,1.0
normand,0,1,1,1.0
onlinesolut,0,1,1,1.0
gmuka,0,1,1,1.0
enhaznc,0,1,1,1.0
pirpkmxrukc,0,1,1,1.0
unco,0,1,1,1.0
tyde,1,0,1,0.0
rsoft,0,1,1,1.0
atraer,0,1,1,1.0
iogxo,0,1,1,1.0
oyviuv,0,1,1,1.0
derlin,0,1,1,1.0
cefi,1,0,1,0.0
schottla,1,0,1,0.0
hfcc,0,1,1,1.0
okz,0,1,1,1.0
darivajuci,0,1,1,1.0
chiquitaandr,0,1,1,1.0
farmlandjud,0,1,1,1.0
theexpir,0,1,1,1.0
imbjhrz,0,1,1,1.0
reseerch,0,1,1,1.0
ett,0,1,1,1.0
marriot,1,0,1,0.0
lthen,0,1,1,1.0
ktfao,0,1,1,1.0
jcynt,0,1,1,1.0
gtpq,0,1,1,1.0
mortarpromis,0,1,1,1.0
xefxmn,0,1,1,1.0
grbrlwo,0,1,1,1.0
voiceless,0,1,1,1.0
uuadvfk,0,1,1,1.0
vanderburg,1,0,1,0.0
actionsmay,0,1,1,1.0
fsbaazh,0,1,1,1.0
linel,0,1,1,1.0
jnh,1,0,1,0.0
midbandcolossi,0,1,1,1.0
phsoto,0,1,1,1.0
instantanea,0,1,1,1.0
tcpettw,0,1,1,1.0
larissa,1,0,1,0.0
bitnum,0,1,1,1.0
animada,0,1,1,1.0
inteellig,0,1,1,1.0
aptn,0,1,1,1.0
syjoa,0,1,1,1.0
aeelecgk,0,1,1,1.0
dodgenabisco,0,1,1,1.0
decmber,1,0,1,0.0
dinkin,1,0,1,0.0
xtayk,0,1,1,1.0
wrohe,0,1,1,1.0
ngozi,0,1,1,1.0
incybymail,0,1,1,1.0
vue,1,0,1,0.0
doesuoklsqgc,0,1,1,1.0
ragin,1,0,1,0.0
wrestlemania,0,1,1,1.0
vtewkesburi,0,1,1,1.0
glyhwcn,0,1,1,1.0
unluckili,0,1,1,1.0
softwaremad,0,1,1,1.0
nvestor,0,1,1,1.0
abachac,0,1,1,1.0
inmunológico,0,1,1,1.0
funcionen,0,1,1,1.0
wvbyxtvff,0,1,1,1.0
wsaimgolimro,0,1,1,1.0
dienst,1,0,1,0.0
iyt,0,1,1,1.0
ihud,1,0,1,0.0
oxymomlore,1,0,1,0.0
shistath,0,1,1,1.0
cftp,0,1,1,1.0
malaysiahomosexu,0,1,1,1.0
evah,0,1,1,1.0
jrukfotf,0,1,1,1.0
qeva,0,1,1,1.0
ilppa,0,1,1,1.0
gme,0,1,1,1.0
apatrina,0,1,1,1.0
wvgjwk,0,1,1,1.0
dialectbeograd,0,1,1,1.0
vivahom,0,1,1,1.0
jloeskl,1,0,1,0.0
mqxsshaafbjhptpt,0,1,1,1.0
quinon,0,1,1,1.0
otpc,0,1,1,1.0
scenarion,1,0,1,0.0
prompter,0,1,1,1.0
jfdajmi,0,1,1,1.0
oblgat,0,1,1,1.0
ywv,0,1,1,1.0
ffirsvt,0,1,1,1.0
wtauukibr,0,1,1,1.0
wagman,1,0,1,0.0
dyanna,1,0,1,0.0
cparker,1,0,1,0.0
removefrom,0,1,1,1.0
atgsavv,0,1,1,1.0
amenaza,0,1,1,1.0
hauoo,0,1,1,1.0
brinjakaiato,0,1,1,1.0
gidudzevvh,0,1,1,1.0
qaaa,0,1,1,1.0
easycharg,0,1,1,1.0
mctmput,0,1,1,1.0
airdropgrown,0,1,1,1.0
mastership,0,1,1,1.0
fmree,0,1,1,1.0
teatro,0,1,1,1.0
mqrpi,0,1,1,1.0
dcdkfklt,0,1,1,1.0
naldecon,1,0,1,0.0
tvprm,0,1,1,1.0
calstr,1,0,1,0.0
stericycl,1,0,1,0.0
huish,1,0,1,0.0
uhxzufslt,0,1,1,1.0
lodger,0,1,1,1.0
lkxmgm,0,1,1,1.0
ecklund,1,0,1,0.0
vdtepxscw,0,1,1,1.0
aaxrzm,0,1,1,1.0
zoko,1,0,1,0.0
lpnygh,0,1,1,1.0
xit,1,0,1,0.0
attractor,1,0,1,0.0
ionmail,0,1,1,1.0
hideholden,0,1,1,1.0
lypyb,0,1,1,1.0
immd,0,1,1,1.0
paraphenalia,1,0,1,0.0
hypochlorousdifluorid,0,1,1,1.0
netcistern,0,1,1,1.0
ehhxgbruolauauqwj,0,1,1,1.0
ckimfbm,0,1,1,1.0
ameslanchron,0,1,1,1.0
nxpmf,0,1,1,1.0
fashiondesign,0,1,1,1.0
planecrash,0,1,1,1.0
nitao,0,1,1,1.0
jhdchkrpk,0,1,1,1.0
applichem,0,1,1,1.0
somth,1,0,1,0.0
afpuyfu,0,1,1,1.0
qxcl,0,1,1,1.0
frankdikken,0,1,1,1.0
tkim,1,0,1,0.0
launcheer,0,1,1,1.0
bqrlbaz,0,1,1,1.0
bban,0,1,1,1.0
bdmqkscfciq,0,1,1,1.0
hcycjgyrz,0,1,1,1.0
petrozavodsk,0,1,1,1.0
hiswalk,0,1,1,1.0
geraldo,1,0,1,0.0
xqvro,0,1,1,1.0
pwilliford,1,0,1,0.0
belabor,0,1,1,1.0
strattondeporte,0,1,1,1.0
vciagara,0,1,1,1.0
reep,0,1,1,1.0
tablebrbrcentera,0,1,1,1.0
rzpxuid,0,1,1,1.0
zcxxb,0,1,1,1.0
wacker,1,0,1,0.0
tananarivevendor,0,1,1,1.0
picart,0,1,1,1.0
forthi,0,1,1,1.0
sgay,1,0,1,0.0
logomedia,0,1,1,1.0
wdorlwidego,0,1,1,1.0
servindo,0,1,1,1.0
whoosh,0,1,1,1.0
swxbhgfv,0,1,1,1.0
atalho,0,1,1,1.0
aqv,0,1,1,1.0
etjhbyh,0,1,1,1.0
gwzoe,0,1,1,1.0
gonvarri,1,0,1,0.0
wfcqngj,0,1,1,1.0
danz,1,0,1,0.0
mpoe,0,1,1,1.0
emarengo,0,1,1,1.0
anfrag,0,1,1,1.0
miterwort,0,1,1,1.0
ekurujqudjvn,0,1,1,1.0
contratul,1,0,1,0.0
ambdien,0,1,1,1.0
automaticament,0,1,1,1.0
optca,0,1,1,1.0
donnolli,1,0,1,0.0
ftxzu,0,1,1,1.0
roomsno,0,1,1,1.0
matunda,0,1,1,1.0
newbuscrea,1,0,1,0.0
witten,0,1,1,1.0
saddlehors,0,1,1,1.0
cheezi,0,1,1,1.0
iyr,0,1,1,1.0
mawkishalga,0,1,1,1.0
brpdmwvgz,0,1,1,1.0
zhzvytw,0,1,1,1.0
lewin,1,0,1,0.0
muach,0,1,1,1.0
becausecongressmen,0,1,1,1.0
ajdlu,0,1,1,1.0
mepresa,0,1,1,1.0
rosalin,0,1,1,1.0
hooker,0,1,1,1.0
xajgdi,0,1,1,1.0
trevilyan,1,0,1,0.0
uitzendkracht,0,1,1,1.0
jwxulpgpgsj,0,1,1,1.0
daveadaml,1,0,1,0.0
afternoonfatti,0,1,1,1.0
noitc,0,1,1,1.0
wsvncbi,0,1,1,1.0
allsedvlagrmani,0,1,1,1.0
utlb,0,1,1,1.0
vendeguia,0,1,1,1.0
shjcxx,0,1,1,1.0
rva,0,1,1,1.0
règlement,0,1,1,1.0
bassw,1,0,1,0.0
sperryn,1,0,1,0.0
cercan,0,1,1,1.0
gyxqp,0,1,1,1.0
contraloria,0,1,1,1.0
esterilización,0,1,1,1.0
fbquantiz,0,1,1,1.0
nimesulid,0,1,1,1.0
sixel,1,0,1,0.0
dogmadont,0,1,1,1.0
geographerhttp,0,1,1,1.0
angelsguido,0,1,1,1.0
energylaura,0,1,1,1.0
goedkop,0,1,1,1.0
laserbak,1,0,1,0.0
nkcodu,0,1,1,1.0
herebysuit,0,1,1,1.0
editionl,0,1,1,1.0
fenning,1,0,1,0.0
assailimportun,0,1,1,1.0
intellimous,1,0,1,0.0
recceiv,1,0,1,0.0
solidif,0,1,1,1.0
kiser,0,1,1,1.0
broward,1,0,1,0.0
aeub,1,0,1,0.0
jedjlex,0,1,1,1.0
przedsiebiorstwa,1,0,1,0.0
ljgiwlq,0,1,1,1.0
yltkjbvlvdq,0,1,1,1.0
shaxind,0,1,1,1.0
semimalign,0,1,1,1.0
itvbxkp,0,1,1,1.0
opxzteb,0,1,1,1.0
iisav,0,1,1,1.0
eprakop,1,0,1,0.0
tiful,0,1,1,1.0
ymylc,0,1,1,1.0
pjmmfpecj,0,1,1,1.0
pqbox,0,1,1,1.0
interessenten,0,1,1,1.0
bhveshql,0,1,1,1.0
shebyt,0,1,1,1.0
expi,0,1,1,1.0
unscrupulousact,0,1,1,1.0
disposé,0,1,1,1.0
dextro,0,1,1,1.0
pyvh,0,1,1,1.0
chubbiest,0,1,1,1.0
leew,0,1,1,1.0
wenttoward,0,1,1,1.0
hlqogbq,0,1,1,1.0
annealbiharmon,0,1,1,1.0
cagyo,0,1,1,1.0
mbradl,1,0,1,0.0
ixdthln,0,1,1,1.0
derzeit,0,1,1,1.0
minimu,1,0,1,0.0
bap,0,1,1,1.0
inmediato,0,1,1,1.0
ubieg,1,0,1,0.0
mvz,0,1,1,1.0
plom,0,1,1,1.0
pertinentmixtur,0,1,1,1.0
fum,0,1,1,1.0
bmwpearl,0,1,1,1.0
siloam,1,0,1,0.0
silenciador,0,1,1,1.0
viagrha,0,1,1,1.0
apresentação,0,1,1,1.0
takemeout,0,1,1,1.0
poddac,1,0,1,0.0
columbiaenergi,1,0,1,0.0
españa,0,1,1,1.0
aformula,0,1,1,1.0
usenkp,0,1,1,1.0
rvutd,0,1,1,1.0
cuold,0,1,1,1.0
hvbcfvizi,0,1,1,1.0
veloma,0,1,1,1.0
setex,1,0,1,0.0
bjzmdzpxx,0,1,1,1.0
follo,0,1,1,1.0
ydf,0,1,1,1.0
ooata,0,1,1,1.0
odorless,1,0,1,0.0
scrlb,0,1,1,1.0
montecala,0,1,1,1.0
dissatisfactori,0,1,1,1.0
areaspir,0,1,1,1.0
alejada,0,1,1,1.0
thisinformationto,0,1,1,1.0
upva,0,1,1,1.0
impressionn,0,1,1,1.0
mynewslett,0,1,1,1.0
infprd,1,0,1,0.0
inam,0,1,1,1.0
adtrbl,0,1,1,1.0
actuacin,0,1,1,1.0
afaxchang,0,1,1,1.0
katyal,1,0,1,0.0
guidl,0,1,1,1.0
mnoey,0,1,1,1.0
ctkf,0,1,1,1.0
krenek,1,0,1,0.0
sayyou,0,1,1,1.0
omfvc,0,1,1,1.0
ijxdvamkr,0,1,1,1.0
zamer,1,0,1,0.0
mtrl,1,0,1,0.0
emeta,0,1,1,1.0
prident,0,1,1,1.0
mekgoysedcgqfzb,0,1,1,1.0
exprim,0,1,1,1.0
kdcornel,1,0,1,0.0
pqwalih,0,1,1,1.0
goodreplicaz,0,1,1,1.0
offerm,0,1,1,1.0
danrux,0,1,1,1.0
jhryrmelk,0,1,1,1.0
mjkni,0,1,1,1.0
llamada,0,1,1,1.0
promoyour,0,1,1,1.0
ufmg,0,1,1,1.0
lwuoclcgx,0,1,1,1.0
tnag,0,1,1,1.0
ymexspyxi,0,1,1,1.0
zayrgrubr,0,1,1,1.0
mkrdpd,0,1,1,1.0
niederlanden,0,1,1,1.0
lappetdescart,0,1,1,1.0
webconfer,1,0,1,0.0
lsitlourash,0,1,1,1.0
pftdsdjfbr,0,1,1,1.0
bankrekeningen,0,1,1,1.0
clínico,0,1,1,1.0
bleden,1,0,1,0.0
gezpmz,0,1,1,1.0
brierley,1,0,1,0.0
apala,0,1,1,1.0
concisa,0,1,1,1.0
richardsaid,0,1,1,1.0
llindber,1,0,1,0.0
jkuft,0,1,1,1.0
nceybo,0,1,1,1.0
gyxvm,0,1,1,1.0
ildqv,0,1,1,1.0
xlcqa,0,1,1,1.0
dger,0,1,1,1.0
colloton,1,0,1,0.0
osinubi,1,0,1,0.0
ktuqrh,0,1,1,1.0
nfidentiali,0,1,1,1.0
kvymq,0,1,1,1.0
eaukzio,0,1,1,1.0
pobrn,0,1,1,1.0
yflstjazq,0,1,1,1.0
tsteudtner,1,0,1,0.0
qvovlv,0,1,1,1.0
bootsthek,0,1,1,1.0
gruski,0,1,1,1.0
hnpere,0,1,1,1.0
óþçþ,0,1,1,1.0
nullari,0,1,1,1.0
tootsiemed,0,1,1,1.0
vnltrcj,0,1,1,1.0
edhaerior,0,1,1,1.0
ovrescu,0,1,1,1.0
fxbekdcaolk,0,1,1,1.0
urbain,1,0,1,0.0
apmprov,0,1,1,1.0
unksubgscrvib,0,1,1,1.0
brundrett,1,0,1,0.0
thde,0,1,1,1.0
sayrak,1,0,1,0.0
cordomr,1,0,1,0.0
awx,0,1,1,1.0
festen,0,1,1,1.0
vzapata,1,0,1,0.0
comteck,1,0,1,0.0
lungki,0,1,1,1.0
grotonwaterfront,0,1,1,1.0
ciafli,0,1,1,1.0
nfz,0,1,1,1.0
puebla,1,0,1,0.0
couldrealizeyour,0,1,1,1.0
vmagra,0,1,1,1.0
skzqkvtiwhdv,0,1,1,1.0
rabog,1,0,1,0.0
kirlin,1,0,1,0.0
rmcc,0,1,1,1.0
jplgyo,0,1,1,1.0
extentab,1,0,1,0.0
zlqlisjwn,0,1,1,1.0
reci,0,1,1,1.0
approvalofthefirst,0,1,1,1.0
pvcbzdn,0,1,1,1.0
augengneiss,0,1,1,1.0
lqhzng,0,1,1,1.0
oll,0,1,1,1.0
mixcaw,0,1,1,1.0
uaewww,0,1,1,1.0
jaka,1,0,1,0.0
geochronolog,0,1,1,1.0
trzecim,1,0,1,0.0
ryrdrwrygib,0,1,1,1.0
difficultli,0,1,1,1.0
quwdof,0,1,1,1.0
inhoud,0,1,1,1.0
maehara,1,0,1,0.0
verzichtet,0,1,1,1.0
shortabl,1,0,1,0.0
chawcrawlspac,0,1,1,1.0
oxycoontiin,0,1,1,1.0
chcia,1,0,1,0.0
dforetriangl,0,1,1,1.0
catfishh,0,1,1,1.0
barthemploy,0,1,1,1.0
databs,1,0,1,0.0
madhur,1,0,1,0.0
ecovest,1,0,1,0.0
vlbfwgr,0,1,1,1.0
desiri,0,1,1,1.0
raphaelcontagi,0,1,1,1.0
qynydvsh,0,1,1,1.0
nauuughti,0,1,1,1.0
voughtwaylaid,0,1,1,1.0
yvdi,0,1,1,1.0
booom,0,1,1,1.0
hzx,0,1,1,1.0
seeea,0,1,1,1.0
tlumaczyla,1,0,1,0.0
üblich,0,1,1,1.0
sanric,1,0,1,0.0
cffbsi,0,1,1,1.0
havingan,0,1,1,1.0
nvuzvamoyiygw,0,1,1,1.0
hyndman,1,0,1,0.0
bhgtvuhb,0,1,1,1.0
texndw,0,1,1,1.0
edicin,0,1,1,1.0
pkgsox,0,1,1,1.0
minibu,0,1,1,1.0
hwu,0,1,1,1.0
ojh,0,1,1,1.0
rfzdi,0,1,1,1.0
britic,0,1,1,1.0
positivemk,0,1,1,1.0
parceladolicena,0,1,1,1.0
foundlth,0,1,1,1.0
donctor,0,1,1,1.0
availab,1,0,1,0.0
explict,0,1,1,1.0
xrzlsexsiebpq,0,1,1,1.0
klz,0,1,1,1.0
rvnn,0,1,1,1.0
losoyo,1,0,1,0.0
prow,0,1,1,1.0
txpbtm,0,1,1,1.0
entlohnungstabel,0,1,1,1.0
bertbizw,0,1,1,1.0
twister,0,1,1,1.0
uppgrad,0,1,1,1.0
vakalevu,0,1,1,1.0
enbra,1,0,1,0.0
kritisch,0,1,1,1.0
unquot,1,0,1,0.0
mednsb,0,1,1,1.0
lemelman,0,1,1,1.0
vexuxupr,0,1,1,1.0
abissno,0,1,1,1.0
scohk,0,1,1,1.0
eucken,0,1,1,1.0
remudamiento,0,1,1,1.0
pawxil,0,1,1,1.0
accessto,0,1,1,1.0
qnj,0,1,1,1.0
sorensonveronica,0,1,1,1.0
ehvar,0,1,1,1.0
qmvrnbgtdbr,0,1,1,1.0
gutschlag,1,0,1,0.0
hisbroth,0,1,1,1.0
biet,0,1,1,1.0
lvtyf,0,1,1,1.0
bfx,0,1,1,1.0
soloescribo,0,1,1,1.0
yousnrself,0,1,1,1.0
bfc,0,1,1,1.0
pqfxcw,0,1,1,1.0
soldonia,1,0,1,0.0
sackdewey,0,1,1,1.0
prmrli,0,1,1,1.0
imromt,0,1,1,1.0
vvith,0,1,1,1.0
rockawayspancak,0,1,1,1.0
nuff,1,0,1,0.0
hhttp,0,1,1,1.0
vermögen,0,1,1,1.0
senador,0,1,1,1.0
jkramer,1,0,1,0.0
tzbortli,0,1,1,1.0
freelottolotteri,0,1,1,1.0
ptx,0,1,1,1.0
mebrg,0,1,1,1.0
faixermn,0,1,1,1.0
ipjvhi,0,1,1,1.0
viaaaaaagra,0,1,1,1.0
kolb,1,0,1,0.0
continet,0,1,1,1.0
chromogen,0,1,1,1.0
genomica,1,0,1,0.0
munaju,0,1,1,1.0
gbvnmsyyj,0,1,1,1.0
anforderungen,0,1,1,1.0
austsq,0,1,1,1.0
valiuhjm,0,1,1,1.0
rpfzlk,0,1,1,1.0
yfufzuv,0,1,1,1.0
chemisorbquarryman,0,1,1,1.0
wlc,0,1,1,1.0
thp,0,1,1,1.0
skymqj,0,1,1,1.0
tqvvmr,0,1,1,1.0
virtualoptionworld,1,0,1,0.0
mahajan,1,0,1,0.0
orcder,0,1,1,1.0
thersit,0,1,1,1.0
yaoixmyt,0,1,1,1.0
smalll,0,1,1,1.0
xjapn,0,1,1,1.0
hopwood,1,0,1,0.0
dmao,1,0,1,0.0
comprelo,0,1,1,1.0
fsnpcfol,0,1,1,1.0
rnsjg,0,1,1,1.0
lshqi,0,1,1,1.0
tctfz,0,1,1,1.0
kerni,1,0,1,0.0
astrazeneca,1,0,1,0.0
qoewf,0,1,1,1.0
meetingnot,1,0,1,0.0
peyman,0,1,1,1.0
inel,0,1,1,1.0
corkag,0,1,1,1.0
fortaecast,0,1,1,1.0
resynchron,0,1,1,1.0
tricot,0,1,1,1.0
verbinden,0,1,1,1.0
lubbp,0,1,1,1.0
leachateinattent,0,1,1,1.0
monteco,1,0,1,0.0
tvoh,0,1,1,1.0
softwaro,0,1,1,1.0
scountvac,0,1,1,1.0
brpyt,0,1,1,1.0
phiroz,1,0,1,0.0
funktion,0,1,1,1.0
humpbackbasilisk,0,1,1,1.0
loszsiii,0,1,1,1.0
ermdgp,0,1,1,1.0
fliplock,0,1,1,1.0
cgiczj,0,1,1,1.0
resolvido,0,1,1,1.0
hkeom,0,1,1,1.0
ccrw,0,1,1,1.0
oqlvnh,0,1,1,1.0
instytucji,1,0,1,0.0
limonium,0,1,1,1.0
sqerphb,0,1,1,1.0
bbeooa,0,1,1,1.0
zrmc,0,1,1,1.0
yqbkyo,0,1,1,1.0
admo,0,1,1,1.0
lmbrsab,0,1,1,1.0
bestwaytoshop,0,1,1,1.0
jitterdeck,0,1,1,1.0
nnjnmp,0,1,1,1.0
edkha,0,1,1,1.0
xattribut,0,1,1,1.0
hotitemscontrol,0,1,1,1.0
okayw,0,1,1,1.0
phyfe,0,1,1,1.0
oiliehood,0,1,1,1.0
kag,0,1,1,1.0
scammer,0,1,1,1.0
ëþî,0,1,1,1.0
psychisch,0,1,1,1.0
requestsmarket,0,1,1,1.0
deitrich,1,0,1,0.0
relationsand,0,1,1,1.0
bnjugz,0,1,1,1.0
hutcherson,1,0,1,0.0
presur,0,1,1,1.0
erhjd,0,1,1,1.0
dioun,1,0,1,0.0
ukgsl,0,1,1,1.0
blindsal,0,1,1,1.0
hentremin,0,1,1,1.0
docg,0,1,1,1.0
orsel,0,1,1,1.0
canioff,0,1,1,1.0
nhsyaw,0,1,1,1.0
foment,0,1,1,1.0
bmz,0,1,1,1.0
comliant,0,1,1,1.0
deemwc,0,1,1,1.0
interract,1,0,1,0.0
yourpartnership,0,1,1,1.0
lamen,0,1,1,1.0
indedend,0,1,1,1.0
gigliotti,1,0,1,0.0
perdur,0,1,1,1.0
beliegrew,0,1,1,1.0
pnbsmmqq,0,1,1,1.0
cchogsm,0,1,1,1.0
wve,0,1,1,1.0
caracteristica,0,1,1,1.0
ryppyxg,0,1,1,1.0
opilgrim,0,1,1,1.0
kimich,1,0,1,0.0
spheroidaldendrit,0,1,1,1.0
milkmaid,0,1,1,1.0
ydeeipaliourg,0,1,1,1.0
geno,0,1,1,1.0
lfkra,0,1,1,1.0
macreport,0,1,1,1.0
memc,1,0,1,0.0
buz,1,0,1,0.0
snakek,0,1,1,1.0
vka,0,1,1,1.0
mbaldera,1,0,1,0.0
receivz,0,1,1,1.0
alok,1,0,1,0.0
gedb,0,1,1,1.0
axkti,0,1,1,1.0
gtrpwat,0,1,1,1.0
xtblx,0,1,1,1.0
effg,0,1,1,1.0
ouqel,0,1,1,1.0
practimu,0,1,1,1.0
kauna,0,1,1,1.0
resicokapita,0,1,1,1.0
hrnapk,0,1,1,1.0
scxxl,0,1,1,1.0
bfore,0,1,1,1.0
vqsij,0,1,1,1.0
stiffnesscrossbil,0,1,1,1.0
kwyakmea,0,1,1,1.0
gcobccn,0,1,1,1.0
skoch,1,0,1,0.0
pgiulio,0,1,1,1.0
useoc,0,1,1,1.0
guaarante,0,1,1,1.0
plotter,1,0,1,0.0
alnashar,0,1,1,1.0
physicallyt,1,0,1,0.0
wxcsqvj,0,1,1,1.0
civilwar,0,1,1,1.0
kizlmj,0,1,1,1.0
jbnylgjon,0,1,1,1.0
gmason,1,0,1,0.0
delbaen,1,0,1,0.0
bullfeath,1,0,1,0.0
nzfmjl,0,1,1,1.0
sandison,0,1,1,1.0
biddyfold,0,1,1,1.0
cochilco,0,1,1,1.0
roundselen,0,1,1,1.0
custodiancal,0,1,1,1.0
subrog,0,1,1,1.0
lsrwwt,0,1,1,1.0
syoh,0,1,1,1.0
dellnet,1,0,1,0.0
wkvakjopw,0,1,1,1.0
soundmax,0,1,1,1.0
tnot,0,1,1,1.0
poock,1,0,1,0.0
xottg,0,1,1,1.0
pezspi,0,1,1,1.0
mcilhenni,1,0,1,0.0
fjpxvx,0,1,1,1.0
thmaceut,0,1,1,1.0
comiss,0,1,1,1.0
laroi,1,0,1,0.0
breezycontribut,0,1,1,1.0
wydarzeni,1,0,1,0.0
tmoroccan,0,1,1,1.0
foll,0,1,1,1.0
tpwkkher,0,1,1,1.0
flintlocktorpor,0,1,1,1.0
sggxjn,0,1,1,1.0
pgmm,0,1,1,1.0
aslj,0,1,1,1.0
timberwolv,1,0,1,0.0
kerb,0,1,1,1.0
azuix,1,0,1,0.0
yfcgqhbjrw,0,1,1,1.0
alekum,0,1,1,1.0
extraordinria,0,1,1,1.0
thurm,1,0,1,0.0
sufficien,1,0,1,0.0
boyett,1,0,1,0.0
imkse,0,1,1,1.0
abubakah,0,1,1,1.0
smed,0,1,1,1.0
taftaxon,0,1,1,1.0
anqlljo,0,1,1,1.0
clairenora,0,1,1,1.0
odontolgico,0,1,1,1.0
babu,1,0,1,0.0
ovolgt,0,1,1,1.0
nsorgw,0,1,1,1.0
arshad,0,1,1,1.0
adultswith,1,0,1,0.0
quedund,0,1,1,1.0
tritiumhalverson,0,1,1,1.0
aez,0,1,1,1.0
chiquitaasdfghjk,0,1,1,1.0
prescriptionki,0,1,1,1.0
rywq,0,1,1,1.0
uwvhfotm,0,1,1,1.0
dtddtd,1,0,1,0.0
hruh,0,1,1,1.0
lmpotenc,0,1,1,1.0
unquantifi,1,0,1,0.0
qrxosljmi,0,1,1,1.0
pacht,0,1,1,1.0
qagzumbr,0,1,1,1.0
gzwgkak,0,1,1,1.0
jlqjr,1,0,1,0.0
imlcphwixreqrqhl,0,1,1,1.0
gauld,0,1,1,1.0
subsalt,1,0,1,0.0
taokdl,0,1,1,1.0
insenti,0,1,1,1.0
classnu,0,1,1,1.0
dijon,1,0,1,0.0
amypj,0,1,1,1.0
pasksw,0,1,1,1.0
grayo,1,0,1,0.0
ervect,0,1,1,1.0
additional,1,0,1,0.0
fairlead,0,1,1,1.0
enorn,1,0,1,0.0
ßþíôþàµíãìàþ,0,1,1,1.0
ffb,0,1,1,1.0
bumpkin,1,0,1,0.0
anartismo,0,1,1,1.0
lygfak,0,1,1,1.0
hpjefso,0,1,1,1.0
yvdjjw,0,1,1,1.0
sholmeso,1,0,1,0.0
emailbroadcast,0,1,1,1.0
fourfiftynineseven,0,1,1,1.0
zwi,0,1,1,1.0
absolu,0,1,1,1.0
hteouth,0,1,1,1.0
sjcikagh,0,1,1,1.0
naam,0,1,1,1.0
smhere,0,1,1,1.0
rhaaia,1,0,1,0.0
plzff,0,1,1,1.0
dirkredrum,0,1,1,1.0
iyengar,1,0,1,0.0
oexuh,0,1,1,1.0
ofjapan,0,1,1,1.0
fffree,0,1,1,1.0
disir,0,1,1,1.0
raymert,0,1,1,1.0
bedeutet,0,1,1,1.0
becap,0,1,1,1.0
ybor,1,0,1,0.0
txhoss,1,0,1,0.0
shadesclutch,0,1,1,1.0
hablemo,0,1,1,1.0
dmqonjr,0,1,1,1.0
rgez,0,1,1,1.0
mbzozw,0,1,1,1.0
withodd,1,0,1,0.0
aaol,1,0,1,0.0
lfpiow,0,1,1,1.0
gjill,0,1,1,1.0
softner,0,1,1,1.0
arbitragethermofax,0,1,1,1.0
ydhtte,0,1,1,1.0
pharmacci,0,1,1,1.0
sprvdoh,0,1,1,1.0
siad,1,0,1,0.0
xzvoj,0,1,1,1.0
eshil,0,1,1,1.0
xjmgbd,0,1,1,1.0
cleoj,1,0,1,0.0
caproic,0,1,1,1.0
bestatigung,0,1,1,1.0
hrpwtr,0,1,1,1.0
hjb,0,1,1,1.0
judgemat,0,1,1,1.0
ulexpjwfdspsuax,0,1,1,1.0
dcenterbr,0,1,1,1.0
tompopplewel,1,0,1,0.0
windomit,0,1,1,1.0
jajasoup,1,0,1,0.0
floodwat,1,0,1,0.0
lcsv,0,1,1,1.0
analysisprevi,0,1,1,1.0
unsubemail,0,1,1,1.0
jspedmdqlvfq,0,1,1,1.0
powerballinfo,0,1,1,1.0
inernet,0,1,1,1.0
saladin,0,1,1,1.0
hedgehograc,1,0,1,0.0
stidman,1,0,1,0.0
hanto,0,1,1,1.0
surprisesto,1,0,1,0.0
mfhbbr,0,1,1,1.0
msfind,0,1,1,1.0
frcoequalrecondit,0,1,1,1.0
bmncfvur,0,1,1,1.0
oswit,0,1,1,1.0
nlun,0,1,1,1.0
ujuuygfud,0,1,1,1.0
seemeth,0,1,1,1.0
yuju,0,1,1,1.0
paria,1,0,1,0.0
andstreamlin,0,1,1,1.0
loww,0,1,1,1.0
heliopoli,0,1,1,1.0
porsh,0,1,1,1.0
zwlaszcza,1,0,1,0.0
glpo,0,1,1,1.0
eiflz,0,1,1,1.0
mqyaepr,0,1,1,1.0
axswmm,0,1,1,1.0
uwnav,0,1,1,1.0
pupillari,0,1,1,1.0
ndltanxseq,0,1,1,1.0
decola,1,0,1,0.0
iintx,0,1,1,1.0
exzdi,0,1,1,1.0
effdat,1,0,1,0.0
xred,1,0,1,0.0
wlaymdh,0,1,1,1.0
vaillancourt,1,0,1,0.0
transférerai,0,1,1,1.0
cottonwe,0,1,1,1.0
gexu,0,1,1,1.0
contextuel,0,1,1,1.0
sper,0,1,1,1.0
ewshnwmyf,0,1,1,1.0
freeonlin,0,1,1,1.0
monopli,1,0,1,0.0
isworldwid,0,1,1,1.0
bankructwa,1,0,1,0.0
prejudici,0,1,1,1.0
zgptgl,0,1,1,1.0
regardsmr,0,1,1,1.0
jameslett,1,0,1,0.0
kellerman,1,0,1,0.0
vabz,0,1,1,1.0
uninvolv,1,0,1,0.0
pompier,0,1,1,1.0
trinoo,1,0,1,0.0
dvmhmg,0,1,1,1.0
bikahflb,0,1,1,1.0
kju,0,1,1,1.0
legislacin,0,1,1,1.0
ybuclkgg,0,1,1,1.0
vfnzd,0,1,1,1.0
wqfj,0,1,1,1.0
cilcpooqj,0,1,1,1.0
aqmr,0,1,1,1.0
zxer,0,1,1,1.0
kehhgwtp,0,1,1,1.0
oqudr,0,1,1,1.0
risumi,0,1,1,1.0
ipkvoeuop,0,1,1,1.0
chancecadr,0,1,1,1.0
yhsux,0,1,1,1.0
lysak,1,0,1,0.0
evanparson,0,1,1,1.0
gretchenenergi,0,1,1,1.0
zznxb,0,1,1,1.0
microneden,0,1,1,1.0
hwcw,0,1,1,1.0
dkqmim,0,1,1,1.0
aebtxuidgluk,0,1,1,1.0
oilgram,1,0,1,0.0
merino,1,0,1,0.0
davil,1,0,1,0.0
schj,0,1,1,1.0
cconsta,1,0,1,0.0
oursecur,0,1,1,1.0
sshuk,0,1,1,1.0
zusätzlich,0,1,1,1.0
officiai,0,1,1,1.0
afytbt,0,1,1,1.0
angehörigen,0,1,1,1.0
ziegfeld,0,1,1,1.0
wbltu,0,1,1,1.0
firei,0,1,1,1.0
akxqiwf,0,1,1,1.0
keiderl,1,0,1,0.0
qcxcabbk,0,1,1,1.0
mailtj,0,1,1,1.0
hvf,0,1,1,1.0
dëprëssânt,0,1,1,1.0
wmjo,0,1,1,1.0
methanolcircul,0,1,1,1.0
towrit,0,1,1,1.0
fiand,0,1,1,1.0
ungehindert,0,1,1,1.0
retaial,0,1,1,1.0
hehjw,0,1,1,1.0
previament,0,1,1,1.0
austrailia,1,0,1,0.0
rql,0,1,1,1.0
worldmolecul,0,1,1,1.0
arjun,1,0,1,0.0
aquagenproduct,0,1,1,1.0
ramiro,1,0,1,0.0
meantimeonli,0,1,1,1.0
milzi,0,1,1,1.0
oderint,0,1,1,1.0
poderão,0,1,1,1.0
betweem,1,0,1,0.0
dgabyxntu,0,1,1,1.0
rmtvoncw,0,1,1,1.0
enim,1,0,1,0.0
okpmti,0,1,1,1.0
vkawxwpzq,0,1,1,1.0
dcxoy,0,1,1,1.0
irregularlarkspur,0,1,1,1.0
xkqm,0,1,1,1.0
raal,1,0,1,0.0
furomillon,0,1,1,1.0
kimbrough,1,0,1,0.0
onseon,0,1,1,1.0
exitpop,0,1,1,1.0
blatarchfool,0,1,1,1.0
hedonismcoven,0,1,1,1.0
absconsult,0,1,1,1.0
ijpl,0,1,1,1.0
shielddrak,0,1,1,1.0
xzxwesrx,0,1,1,1.0
pleatfortress,0,1,1,1.0
atenta,0,1,1,1.0
pencildiverg,0,1,1,1.0
presshereforremov,0,1,1,1.0
thar,0,1,1,1.0
tmncvz,0,1,1,1.0
perseid,0,1,1,1.0
egujtc,0,1,1,1.0
uwl,0,1,1,1.0
meatbal,1,0,1,0.0
connecticutriley,0,1,1,1.0
purser,0,1,1,1.0
ecuadorian,0,1,1,1.0
kwqlab,0,1,1,1.0
schatten,0,1,1,1.0
flrand,0,1,1,1.0
pdhtcue,0,1,1,1.0
fml,1,0,1,0.0
gjrhhlo,0,1,1,1.0
dnyuv,0,1,1,1.0
genieand,1,0,1,0.0
gadsden,0,1,1,1.0
mvcl,0,1,1,1.0
wicklin,1,0,1,0.0
oaff,0,1,1,1.0
marthon,1,0,1,0.0
iturean,0,1,1,1.0
onner,1,0,1,0.0
whiteurst,1,0,1,0.0
yojyrlk,0,1,1,1.0
ganancia,0,1,1,1.0
êõíèßã,0,1,1,1.0
fuci,0,1,1,1.0
simitar,0,1,1,1.0
harbottl,0,1,1,1.0
geckobeachforum,0,1,1,1.0
hajiamariam,0,1,1,1.0
bgqomi,0,1,1,1.0
deceivecontus,0,1,1,1.0
xstfet,0,1,1,1.0
hepr,0,1,1,1.0
akingump,1,0,1,0.0
olaur,0,1,1,1.0
nhidc,0,1,1,1.0
dipolepeccari,0,1,1,1.0
noruega,0,1,1,1.0
vbuguo,0,1,1,1.0
uxsvt,0,1,1,1.0
dytkpa,0,1,1,1.0
shambro,1,0,1,0.0
zev,0,1,1,1.0
consi,0,1,1,1.0
professeur,0,1,1,1.0
conhecida,0,1,1,1.0
oacut,0,1,1,1.0
complit,0,1,1,1.0
berichterstattung,0,1,1,1.0
jeremyanalog,0,1,1,1.0
minorista,0,1,1,1.0
mlwwzkpfi,0,1,1,1.0
softhom,0,1,1,1.0
anuj,1,0,1,0.0
tiyu,0,1,1,1.0
potwirerdzenia,1,0,1,0.0
wharfag,0,1,1,1.0
ecnz,1,0,1,0.0
muelller,1,0,1,0.0
ftgehuo,0,1,1,1.0
besar,0,1,1,1.0
einrichtung,0,1,1,1.0
xxtiv,0,1,1,1.0
josemardominguez,0,1,1,1.0
osyomln,0,1,1,1.0
jxnh,0,1,1,1.0
curtainpasteur,0,1,1,1.0
mecnica,0,1,1,1.0
mvmetk,0,1,1,1.0
derivada,0,1,1,1.0
proeficiência,0,1,1,1.0
benchmarkingestudio,0,1,1,1.0
orqder,0,1,1,1.0
taina,0,1,1,1.0
qualitta,0,1,1,1.0
mirick,1,0,1,0.0
xejvsldb,0,1,1,1.0
utgard,0,1,1,1.0
sonu,1,0,1,0.0
saxophonesummand,0,1,1,1.0
glinebaugh,1,0,1,0.0
ffuncoc,1,0,1,0.0
xmmst,0,1,1,1.0
podcza,1,0,1,0.0
spekel,1,0,1,0.0
móvil,0,1,1,1.0
remistura,0,1,1,1.0
caprylyl,0,1,1,1.0
rmichael,0,1,1,1.0
colpohyperplasia,0,1,1,1.0
hbf,0,1,1,1.0
conectamo,0,1,1,1.0
stockpick,0,1,1,1.0
jeffgro,1,0,1,0.0
ptcgni,0,1,1,1.0
mdggb,0,1,1,1.0
olongapo,1,0,1,0.0
apcfa,0,1,1,1.0
quickhandl,0,1,1,1.0
punta,0,1,1,1.0
wdzieczni,1,0,1,0.0
permiten,0,1,1,1.0
uwxcf,0,1,1,1.0
jcmzhpghk,0,1,1,1.0
lupa,0,1,1,1.0
ppontment,0,1,1,1.0
pbkxjcg,0,1,1,1.0
qnru,0,1,1,1.0
bjjetxgfp,0,1,1,1.0
ljsvvpyi,0,1,1,1.0
logiudic,0,1,1,1.0
bechtold,1,0,1,0.0
verständni,0,1,1,1.0
xqhn,0,1,1,1.0
zovo,0,1,1,1.0
otoastmast,0,1,1,1.0
bubai,0,1,1,1.0
frhkaato,0,1,1,1.0
tfmfq,0,1,1,1.0
zxgwvpimacromedia,0,1,1,1.0
hisgh,0,1,1,1.0
bbddd,0,1,1,1.0
pnmkei,0,1,1,1.0
thedissemin,0,1,1,1.0
ovanessian,1,0,1,0.0
levltrhi,0,1,1,1.0
qqeumvd,0,1,1,1.0
irvington,1,0,1,0.0
ownit,0,1,1,1.0
contrat,0,1,1,1.0
verdandi,0,1,1,1.0
cansativa,0,1,1,1.0
lhjiwzq,0,1,1,1.0
riseschool,1,0,1,0.0
fyre,1,0,1,0.0
crossoverpain,0,1,1,1.0
machinc,1,0,1,0.0
autosurf,0,1,1,1.0
envirosourc,0,1,1,1.0
tooo,1,0,1,0.0
misnumb,1,0,1,0.0
relevancia,0,1,1,1.0
cnoclus,0,1,1,1.0
amben,0,1,1,1.0
rydzqztb,0,1,1,1.0
klement,1,0,1,0.0
spkkkxncbr,0,1,1,1.0
apqjl,0,1,1,1.0
tqesss,0,1,1,1.0
clearquest,1,0,1,0.0
terranc,1,0,1,0.0
asker,0,1,1,1.0
oscomplet,0,1,1,1.0
joelsal,0,1,1,1.0
awib,0,1,1,1.0
omc,0,1,1,1.0
ttaqypi,0,1,1,1.0
atcha,1,0,1,0.0
manyicompani,0,1,1,1.0
faraziyan,0,1,1,1.0
highlyreli,0,1,1,1.0
onomua,0,1,1,1.0
skillsreli,0,1,1,1.0
invitan,0,1,1,1.0
gge,0,1,1,1.0
joycelewandowski,1,0,1,0.0
companionlaugh,0,1,1,1.0
lfnaylmi,0,1,1,1.0
burda,0,1,1,1.0
adaelsdon,0,1,1,1.0
atempor,0,1,1,1.0
przyznal,1,0,1,0.0
humboldtmuskox,0,1,1,1.0
vuelta,0,1,1,1.0
zydgvhul,0,1,1,1.0
stratpetroleum,0,1,1,1.0
cibcl,0,1,1,1.0
knktjljhjljpijgfgqkogqgn,0,1,1,1.0
gabelo,0,1,1,1.0
legra,0,1,1,1.0
noncredit,1,0,1,0.0
koyvtsclnwdf,0,1,1,1.0
yvxjftbmn,0,1,1,1.0
frontpagesignup,1,0,1,0.0
yhrbn,0,1,1,1.0
nashik,0,1,1,1.0
lbl,0,1,1,1.0
lbtjlgia,0,1,1,1.0
vicakgra,0,1,1,1.0
paxi,0,1,1,1.0
antonioadventura,0,1,1,1.0
illustratorbr,0,1,1,1.0
tmfpb,0,1,1,1.0
siupi,0,1,1,1.0
petzel,1,0,1,0.0
yvmoeqedaauaxa,0,1,1,1.0
qlrnqtr,0,1,1,1.0
qqaqmyhlz,0,1,1,1.0
ogbfp,0,1,1,1.0
relata,0,1,1,1.0
sume,1,0,1,0.0
qgvsf,0,1,1,1.0
inwsjk,0,1,1,1.0
pekklemail,0,1,1,1.0
teenagg,0,1,1,1.0
sufferend,1,0,1,0.0
ankwaf,0,1,1,1.0
titlegetum,0,1,1,1.0
kci,0,1,1,1.0
edqjp,0,1,1,1.0
involvediscuss,0,1,1,1.0
foodchain,1,0,1,0.0
vkdqkgxdjmtnnh,0,1,1,1.0
dofinansowac,1,0,1,0.0
jebm,0,1,1,1.0
yfhcywomhwn,0,1,1,1.0
nfxfhx,0,1,1,1.0
williananderson,0,1,1,1.0
cubo,0,1,1,1.0
saudijewel,0,1,1,1.0
puorisvehbash,0,1,1,1.0
bryolog,0,1,1,1.0
jpu,0,1,1,1.0
belästig,0,1,1,1.0
lwnamlj,0,1,1,1.0
languagerob,0,1,1,1.0
hcpxzumjzjyd,0,1,1,1.0
dayan,0,1,1,1.0
andexport,0,1,1,1.0
yemimusa,0,1,1,1.0
wolverhampton,0,1,1,1.0
configurar,0,1,1,1.0
liefern,0,1,1,1.0
fyme,0,1,1,1.0
banderton,1,0,1,0.0
obstetrícia,0,1,1,1.0
downto,0,1,1,1.0
youxdr,0,1,1,1.0
xterm,1,0,1,0.0
flaashmx,0,1,1,1.0
ppql,0,1,1,1.0
zxxjuui,0,1,1,1.0
combind,1,0,1,0.0
pula,1,0,1,0.0
vvgwa,0,1,1,1.0
ratzman,1,0,1,0.0
zorgt,0,1,1,1.0
hukinaphand,0,1,1,1.0
jdbwecvk,0,1,1,1.0
garmin,0,1,1,1.0
coalesceitem,0,1,1,1.0
dpitt,1,0,1,0.0
pibp,0,1,1,1.0
kita,0,1,1,1.0
conscient,0,1,1,1.0
sij,0,1,1,1.0
medycznej,1,0,1,0.0
quanti,0,1,1,1.0
qgez,0,1,1,1.0
knoce,0,1,1,1.0
kgonx,0,1,1,1.0
vertica,0,1,1,1.0
pia,1,0,1,0.0
mahngebühr,0,1,1,1.0
globalen,0,1,1,1.0
diseno,0,1,1,1.0
hnitgxaxbr,0,1,1,1.0
habeo,0,1,1,1.0
unallocat,1,0,1,0.0
cjvpz,0,1,1,1.0
trialth,0,1,1,1.0
portutek,0,1,1,1.0
theforefront,0,1,1,1.0
uxjdbtw,0,1,1,1.0
beachten,0,1,1,1.0
fountainofyouthl,0,1,1,1.0
ilcesi,0,1,1,1.0
verihb,0,1,1,1.0
jkingston,1,0,1,0.0
rnpacyclovir,0,1,1,1.0
qmr,1,0,1,0.0
majom,1,0,1,0.0
bobw,1,0,1,0.0
toltec,1,0,1,0.0
rahmaan,1,0,1,0.0
almog,1,0,1,0.0
gdl,0,1,1,1.0
thatw,0,1,1,1.0
authentif,0,1,1,1.0
jonam,0,1,1,1.0
vnaplb,0,1,1,1.0
ovonoyg,0,1,1,1.0
manejar,0,1,1,1.0
wwkko,0,1,1,1.0
daepp,0,1,1,1.0
possder,0,1,1,1.0
dricofiwvdj,0,1,1,1.0
reefer,1,0,1,0.0
laub,1,0,1,0.0
submerg,0,1,1,1.0
levitraa,0,1,1,1.0
yfhiggyx,0,1,1,1.0
dotrzec,1,0,1,0.0
ndast,0,1,1,1.0
upsel,0,1,1,1.0
thisemail,0,1,1,1.0
ngoldstein,1,0,1,0.0
substantiveplucki,0,1,1,1.0
zbuuqof,0,1,1,1.0
xqggszi,0,1,1,1.0
imitr,0,1,1,1.0
gardensandpark,0,1,1,1.0
edvv,0,1,1,1.0
jyntjt,0,1,1,1.0
plampzcpcmd,0,1,1,1.0
qjehc,0,1,1,1.0
glirida,0,1,1,1.0
wiliam,1,0,1,0.0
ovgqm,0,1,1,1.0
freeboot,0,1,1,1.0
ilvjesu,1,0,1,0.0
ansley,1,0,1,0.0
dbadura,1,0,1,0.0
conceptron,0,1,1,1.0
manejart,0,1,1,1.0
silagedaydream,0,1,1,1.0
brcopi,0,1,1,1.0
rocketdyn,0,1,1,1.0
dispuesto,0,1,1,1.0
jznwt,0,1,1,1.0
aproximado,0,1,1,1.0
beujau,0,1,1,1.0
xitol,0,1,1,1.0
iwwnterepssdt,0,1,1,1.0
soundful,0,1,1,1.0
qjltosd,0,1,1,1.0
harcrdo,0,1,1,1.0
mzllfwl,0,1,1,1.0
allthingsbik,0,1,1,1.0
propagowac,1,0,1,0.0
qmjou,0,1,1,1.0
leppez,1,0,1,0.0
mucron,0,1,1,1.0
teleweb,0,1,1,1.0
byysjzasnr,0,1,1,1.0
brancusi,0,1,1,1.0
vitagpra,0,1,1,1.0
arantele,0,1,1,1.0
kha,0,1,1,1.0
ukvdmr,0,1,1,1.0
grimstead,1,0,1,0.0
jdfarmerl,1,0,1,0.0
mdqw,1,0,1,0.0
bermudian,1,0,1,0.0
zbtpa,0,1,1,1.0
trigonalmackey,0,1,1,1.0
rëlìëf,0,1,1,1.0
rgob,1,0,1,0.0
oung,0,1,1,1.0
bessgamesman,0,1,1,1.0
varner,0,1,1,1.0
impenit,0,1,1,1.0
usachina,0,1,1,1.0
upbear,0,1,1,1.0
qgoogctf,0,1,1,1.0
omerinechristerdiann,0,1,1,1.0
aoewulgxf,0,1,1,1.0
jerastian,0,1,1,1.0
residenciai,0,1,1,1.0
yvdfkxjxb,0,1,1,1.0
lollar,1,0,1,0.0
discutez,0,1,1,1.0
luxurioes,0,1,1,1.0
wcer,0,1,1,1.0
rmgcsh,0,1,1,1.0
llkpwdzi,0,1,1,1.0
wwdjkddd,0,1,1,1.0
nokqwovw,0,1,1,1.0
wtgipvf,0,1,1,1.0
npjmal,0,1,1,1.0
anfi,0,1,1,1.0
dqah,0,1,1,1.0
wgnhxq,0,1,1,1.0
erilicia,0,1,1,1.0
projectoramid,0,1,1,1.0
fbvnmheyo,0,1,1,1.0
linctu,0,1,1,1.0
rbarker,1,0,1,0.0
rotisseri,1,0,1,0.0
moscowgaspipelin,0,1,1,1.0
disap,0,1,1,1.0
mintu,1,0,1,0.0
pandalab,0,1,1,1.0
icbfb,0,1,1,1.0
mikrwk,0,1,1,1.0
magnifica,0,1,1,1.0
lkojod,0,1,1,1.0
inabi,0,1,1,1.0
ocarinagaberon,0,1,1,1.0
avijit,0,1,1,1.0
einrichtungsprei,0,1,1,1.0
bfsbpjt,0,1,1,1.0
kennyevan,0,1,1,1.0
cztpuw,0,1,1,1.0
gurzinski,1,0,1,0.0
movwhwdf,0,1,1,1.0
segeorg,1,0,1,0.0
delphinecontemporari,0,1,1,1.0
ckusti,0,1,1,1.0
bewahrt,0,1,1,1.0
ygbxi,0,1,1,1.0
fiiuvgccdq,0,1,1,1.0
fzunar,0,1,1,1.0
karlott,0,1,1,1.0
asilberman,1,0,1,0.0
eghzk,0,1,1,1.0
fxvkxsl,0,1,1,1.0
ilt,0,1,1,1.0
laverel,1,0,1,0.0
ahithophel,0,1,1,1.0
jaiisa,0,1,1,1.0
qiih,0,1,1,1.0
sportmart,0,1,1,1.0
jessalynemmet,0,1,1,1.0
rldhf,0,1,1,1.0
glcarbo,1,0,1,0.0
smjplylf,0,1,1,1.0
sdriqnjgz,0,1,1,1.0
linnwood,0,1,1,1.0
servec,0,1,1,1.0
zyc,1,0,1,0.0
hhjskqq,0,1,1,1.0
pdihtbftbr,0,1,1,1.0
ygpwh,0,1,1,1.0
erobert,0,1,1,1.0
increadibiy,0,1,1,1.0
dospt,0,1,1,1.0
anzugeben,0,1,1,1.0
kbyrn,1,0,1,0.0
homoiousi,0,1,1,1.0
dykstra,0,1,1,1.0
cialiiiii,0,1,1,1.0
sahip,0,1,1,1.0
wayzata,1,0,1,0.0
cucdv,0,1,1,1.0
faju,0,1,1,1.0
matinez,0,1,1,1.0
abdominoplasti,0,1,1,1.0
cmetho,0,1,1,1.0
seupwer,0,1,1,1.0
johnru,1,0,1,0.0
jeito,0,1,1,1.0
ahwsil,0,1,1,1.0
retorno,0,1,1,1.0
mlmc,0,1,1,1.0
immunex,1,0,1,0.0
lemel,0,1,1,1.0
pingenot,1,0,1,0.0
alaikom,0,1,1,1.0
rbw,1,0,1,0.0
iaxarvdr,0,1,1,1.0
exclhzecdmus,0,1,1,1.0
gjfmxo,0,1,1,1.0
edfnizwj,0,1,1,1.0
tmlwdi,0,1,1,1.0
heeeeell,0,1,1,1.0
footact,0,1,1,1.0
staffreport,1,0,1,0.0
lockchamb,0,1,1,1.0
uchicago,1,0,1,0.0
npdgj,0,1,1,1.0
zbxxo,0,1,1,1.0
disreagard,1,0,1,0.0
magel,0,1,1,1.0
shinkarev,0,1,1,1.0
nlgfxkbhfoedbc,0,1,1,1.0
jidxenicalkcf,0,1,1,1.0
dawnclub,0,1,1,1.0
exliqdwejmsat,0,1,1,1.0
dfzuhhiz,0,1,1,1.0
breell,0,1,1,1.0
kerlaugir,0,1,1,1.0
pft,0,1,1,1.0
wddpgaycg,0,1,1,1.0
pawpdnrz,0,1,1,1.0
ojjxoxbpli,0,1,1,1.0
agaruka,0,1,1,1.0
laguardia,1,0,1,0.0
cambiando,0,1,1,1.0
idajijib,0,1,1,1.0
propor,0,1,1,1.0
nordrhein,0,1,1,1.0
qvbhlf,0,1,1,1.0
eollum,0,1,1,1.0
taladafil,0,1,1,1.0
lafollett,1,0,1,0.0
aetpruy,0,1,1,1.0
hpihlr,0,1,1,1.0
carnegiesun,0,1,1,1.0
readshaw,1,0,1,0.0
newtclient,0,1,1,1.0
ahkap,0,1,1,1.0
cognfiden,0,1,1,1.0
arentjan,1,0,1,0.0
webbuydirect,0,1,1,1.0
morev,0,1,1,1.0
uzqqdwlq,0,1,1,1.0
unwith,0,1,1,1.0
pxf,0,1,1,1.0
usatravelmart,0,1,1,1.0
piramidalnej,1,0,1,0.0
alwa,0,1,1,1.0
minjar,0,1,1,1.0
ngqxg,0,1,1,1.0
mtebdhjv,0,1,1,1.0
beatriceaccumul,0,1,1,1.0
taecgnwkenfeslm,0,1,1,1.0
dieeor,0,1,1,1.0
xfdjesnhcj,0,1,1,1.0
prelimnari,1,0,1,0.0
kudu,0,1,1,1.0
hpoe,0,1,1,1.0
vfyh,0,1,1,1.0
spradley,1,0,1,0.0
meganlarryl,0,1,1,1.0
simulacra,0,1,1,1.0
otcbbwhich,0,1,1,1.0
guessl,0,1,1,1.0
ferikson,1,0,1,0.0
percentagewis,0,1,1,1.0
gwillard,1,0,1,0.0
backgrou,0,1,1,1.0
revolutionis,1,0,1,0.0
yimu,0,1,1,1.0
dlugim,1,0,1,0.0
expenseswhil,0,1,1,1.0
klvkhhrqaddb,0,1,1,1.0
marabout,0,1,1,1.0
opim,1,0,1,0.0
trffic,1,0,1,0.0
zxgwvpinorton,0,1,1,1.0
misconcept,1,0,1,0.0
oahd,0,1,1,1.0
newcoonlin,1,0,1,0.0
ekllerc,0,1,1,1.0
rlko,1,0,1,0.0
yqgnjdj,0,1,1,1.0
tremendous,0,1,1,1.0
duessel,0,1,1,1.0
bonpostraat,0,1,1,1.0
stndkci,0,1,1,1.0
svanda,1,0,1,0.0
oht,0,1,1,1.0
pppwbbr,0,1,1,1.0
svexyedf,0,1,1,1.0
trabalha,0,1,1,1.0
graphicvalhalla,0,1,1,1.0
jpz,0,1,1,1.0
nznfdlisf,0,1,1,1.0
maycdgt,0,1,1,1.0
ksqvi,0,1,1,1.0
erpaoyinagg,0,1,1,1.0
btxbpt,0,1,1,1.0
dannyp,1,0,1,0.0
dinicola,1,0,1,0.0
sbair,1,0,1,0.0
hasogequuo,0,1,1,1.0
wwwmuzikdersi,0,1,1,1.0
figuir,1,0,1,0.0
valisum,0,1,1,1.0
cgfxbn,0,1,1,1.0
janicew,1,0,1,0.0
fisdat,0,1,1,1.0
lnqk,0,1,1,1.0
angiospermyok,0,1,1,1.0
nrkejt,0,1,1,1.0
inchh,0,1,1,1.0
tingsleaf,1,0,1,0.0
fwb,0,1,1,1.0
hereuest,0,1,1,1.0
cornerstonesneez,0,1,1,1.0
clitti,0,1,1,1.0
foreseecdgt,0,1,1,1.0
hkgood,0,1,1,1.0
ciaiii,0,1,1,1.0
epitaphian,0,1,1,1.0
betty,0,1,1,1.0
zofunqlwgz,0,1,1,1.0
neumatico,0,1,1,1.0
cassandara,1,0,1,0.0
giopsstaff,0,1,1,1.0
hvipgwqlbctsthvgqeqga,0,1,1,1.0
yoxur,0,1,1,1.0
congregatesanchez,0,1,1,1.0
brokercli,1,0,1,0.0
vorm,0,1,1,1.0
zydon,0,1,1,1.0
shrivelwynn,0,1,1,1.0
zostaxaza,0,1,1,1.0
vamdauw,0,1,1,1.0
qwi,0,1,1,1.0
bulirh,0,1,1,1.0
larrylalien,0,1,1,1.0
mgeolpcw,0,1,1,1.0
fori,0,1,1,1.0
pnhl,0,1,1,1.0
dbrlan,0,1,1,1.0
rockchevi,0,1,1,1.0
disappooint,0,1,1,1.0
prescriiptt,0,1,1,1.0
engaar,0,1,1,1.0
cxnclxg,0,1,1,1.0
fieldbook,0,1,1,1.0
mddhbio,0,1,1,1.0
lineno,0,1,1,1.0
programar,0,1,1,1.0
tmilam,1,0,1,0.0
vqdvj,0,1,1,1.0
marketp,0,1,1,1.0
oyqrf,0,1,1,1.0
uybdwl,0,1,1,1.0
telmerc,1,0,1,0.0
arrimador,0,1,1,1.0
jschneid,1,0,1,0.0
establecimiento,0,1,1,1.0
hdllkulx,0,1,1,1.0
alqq,0,1,1,1.0
mstewart,1,0,1,0.0
ynnfx,0,1,1,1.0
ootussl,0,1,1,1.0
bondier,0,1,1,1.0
uxl,0,1,1,1.0
nop,1,0,1,0.0
bweteen,0,1,1,1.0
brzxxjl,0,1,1,1.0
xutjk,0,1,1,1.0
bhlyy,0,1,1,1.0
fmq,0,1,1,1.0
cerdaz,0,1,1,1.0
sfivfvmzstl,0,1,1,1.0
bncoik,0,1,1,1.0
raszt,0,1,1,1.0
fgdiyxb,0,1,1,1.0
lolizzz,0,1,1,1.0
xdfaoger,0,1,1,1.0
gaek,0,1,1,1.0
minus,1,0,1,0.0
flickz,0,1,1,1.0
moooooooreee,0,1,1,1.0
zrejig,0,1,1,1.0
gosmano,1,0,1,0.0
canenerco,1,0,1,0.0
kyy,0,1,1,1.0
miibjvlm,0,1,1,1.0
oibq,0,1,1,1.0
imjzyadsh,0,1,1,1.0
kleiber,0,1,1,1.0
jprosenfield,1,0,1,0.0
bubaeyo,0,1,1,1.0
pazin,0,1,1,1.0
rijk,0,1,1,1.0
bootcamp,0,1,1,1.0
knokgw,0,1,1,1.0
widevin,1,0,1,0.0
ngogjbr,0,1,1,1.0
cactieveryon,0,1,1,1.0
suppeer,0,1,1,1.0
ujjuqzvbu,0,1,1,1.0
boppl,0,1,1,1.0
betaalt,0,1,1,1.0
zoqniqcj,0,1,1,1.0
esfez,0,1,1,1.0
studenc,1,0,1,0.0
northwind,1,0,1,0.0
jfbowen,1,0,1,0.0
choiceoptim,0,1,1,1.0
ajr,0,1,1,1.0
rpting,1,0,1,0.0
shjwsamm,0,1,1,1.0
cherbourg,0,1,1,1.0
frischholz,0,1,1,1.0
yexsr,0,1,1,1.0
enhkanc,0,1,1,1.0
awardjohannesburg,0,1,1,1.0
fopm,0,1,1,1.0
ilsn,0,1,1,1.0
aqpppdxfhovktnydhfwolnq,0,1,1,1.0
substanit,1,0,1,0.0
nomeksdn,0,1,1,1.0
nvru,0,1,1,1.0
wluk,0,1,1,1.0
thesead,0,1,1,1.0
fbr,0,1,1,1.0
congowashi,0,1,1,1.0
xliursb,0,1,1,1.0
emmon,0,1,1,1.0
safetyconfer,1,0,1,0.0
hrb,1,0,1,0.0
gabrielabernal,0,1,1,1.0
tvlvu,0,1,1,1.0
arehardli,0,1,1,1.0
fzvm,0,1,1,1.0
hellolgod,0,1,1,1.0
moneyofu,0,1,1,1.0
discvontinnu,0,1,1,1.0
vovxnx,0,1,1,1.0
margravin,0,1,1,1.0
historiographi,0,1,1,1.0
aimg,0,1,1,1.0
eenmi,0,1,1,1.0
gabryael,0,1,1,1.0
qmk,0,1,1,1.0
bijqquqn,0,1,1,1.0
arisenreject,0,1,1,1.0
sµb,0,1,1,1.0
dziggetai,0,1,1,1.0
lctn,1,0,1,0.0
nuuxhgzc,0,1,1,1.0
bspkj,0,1,1,1.0
riuspffup,0,1,1,1.0
hrform,1,0,1,0.0
jwpdl,0,1,1,1.0
kpkria,0,1,1,1.0
freeworld,1,0,1,0.0
dygrteumylfbz,0,1,1,1.0
sinta,0,1,1,1.0
ncynic,0,1,1,1.0
janamon,1,0,1,0.0
soxit,0,1,1,1.0
radqu,0,1,1,1.0
kaw,1,0,1,0.0
invesstor,0,1,1,1.0
oqlggw,0,1,1,1.0
acrescentar,0,1,1,1.0
meetin,1,0,1,0.0
aeschin,0,1,1,1.0
accordian,1,0,1,0.0
unidraw,0,1,1,1.0
roznych,1,0,1,0.0
kidron,0,1,1,1.0
waterlili,1,0,1,0.0
urooftop,0,1,1,1.0
pasion,0,1,1,1.0
dnjlxidoq,0,1,1,1.0
wplacila,1,0,1,0.0
escriptionmed,0,1,1,1.0
õèíâùè,0,1,1,1.0
bdzabd,0,1,1,1.0
wowtlu,0,1,1,1.0
njmyc,0,1,1,1.0
wloxcx,0,1,1,1.0
mbjirrfebr,0,1,1,1.0
qaxtn,0,1,1,1.0
cloudiest,0,1,1,1.0
clovh,0,1,1,1.0
reafirmando,0,1,1,1.0
zakari,0,1,1,1.0
mooooooreeeee,0,1,1,1.0
erneut,0,1,1,1.0
ejacui,0,1,1,1.0
medsspac,0,1,1,1.0
dgmcgvd,0,1,1,1.0
webbrows,0,1,1,1.0
raheti,0,1,1,1.0
pollato,1,0,1,0.0
hjosslhdd,0,1,1,1.0
organizasyon,0,1,1,1.0
jednej,1,0,1,0.0
psinetpa,0,1,1,1.0
mainelaw,1,0,1,0.0
thepotenti,0,1,1,1.0
fotvrsw,0,1,1,1.0
ooocigarett,0,1,1,1.0
bewitchangelina,0,1,1,1.0
ovoxlnbzdml,0,1,1,1.0
cerrada,0,1,1,1.0
ctsi,0,1,1,1.0
townson,0,1,1,1.0
lpcarden,1,0,1,0.0
inesiologist,0,1,1,1.0
manejado,0,1,1,1.0
churchilliancarey,0,1,1,1.0
prescríption,0,1,1,1.0
enunciado,0,1,1,1.0
perfectament,0,1,1,1.0
serifship,0,1,1,1.0
wjwib,0,1,1,1.0
pamlifii,0,1,1,1.0
liquidli,1,0,1,0.0
inspiron,0,1,1,1.0
mailfrom,0,1,1,1.0
blooddriv,1,0,1,0.0
cjae,0,1,1,1.0
digitalfotoclub,0,1,1,1.0
disequilibrium,0,1,1,1.0
flete,0,1,1,1.0
intelamd,0,1,1,1.0
mgigtg,0,1,1,1.0
ruxviu,0,1,1,1.0
hosti,1,0,1,0.0
namewher,0,1,1,1.0
lossenit,0,1,1,1.0
xrfzsp,0,1,1,1.0
dahir,1,0,1,0.0
cemfi,1,0,1,0.0
partnerid,0,1,1,1.0
zwftnqlp,0,1,1,1.0
rodizio,1,0,1,0.0
xfelayeqi,0,1,1,1.0
casrnegi,0,1,1,1.0
rechtzeitig,0,1,1,1.0
crimpconverg,0,1,1,1.0
basura,0,1,1,1.0
dprattl,1,0,1,0.0
tagger,0,1,1,1.0
mgfairfax,1,0,1,0.0
locfk,0,1,1,1.0
twxo,0,1,1,1.0
byr,0,1,1,1.0
ascompar,0,1,1,1.0
nebenarbeit,0,1,1,1.0
hgreer,1,0,1,0.0
gbangax,0,1,1,1.0
incorpr,1,0,1,0.0
xgyp,0,1,1,1.0
financiamo,0,1,1,1.0
blastomycet,0,1,1,1.0
pharmaxz,0,1,1,1.0
xsifo,0,1,1,1.0
remember,0,1,1,1.0
rappaport,1,0,1,0.0
entenderá,0,1,1,1.0
tlinedx,0,1,1,1.0
ijyrr,0,1,1,1.0
djmart,0,1,1,1.0
jgodb,0,1,1,1.0
residencia,0,1,1,1.0
tdwz,0,1,1,1.0
hhqaeu,0,1,1,1.0
vqfwc,0,1,1,1.0
muoz,0,1,1,1.0
itv,0,1,1,1.0
escheat,0,1,1,1.0
qyt,0,1,1,1.0
roadhong,0,1,1,1.0
liddel,1,0,1,0.0
bje,0,1,1,1.0
fmnnn,0,1,1,1.0
solana,1,0,1,0.0
hormona,0,1,1,1.0
ourextens,1,0,1,0.0
compctr,0,1,1,1.0
pconveni,0,1,1,1.0
transper,0,1,1,1.0
porndvddirect,0,1,1,1.0
bgdu,0,1,1,1.0
mcneilli,1,0,1,0.0
quvdmlykkbj,0,1,1,1.0
scrrew,0,1,1,1.0
gjdhb,0,1,1,1.0
htmlstop,0,1,1,1.0
childmind,0,1,1,1.0
zisric,0,1,1,1.0
kuwsbc,0,1,1,1.0
phytointl,0,1,1,1.0
tswanson,1,0,1,0.0
fatiguecapitul,0,1,1,1.0
rmox,0,1,1,1.0
pxademc,0,1,1,1.0
yontailey,0,1,1,1.0
tancooki,0,1,1,1.0
hrere,0,1,1,1.0
nongrid,1,0,1,0.0
alnjichaabira,0,1,1,1.0
dolliv,1,0,1,0.0
screet,0,1,1,1.0
infraero,0,1,1,1.0
carabin,0,1,1,1.0
podolsk,0,1,1,1.0
nct,0,1,1,1.0
zentek,0,1,1,1.0
nfwoo,0,1,1,1.0
esnoszok,0,1,1,1.0
draftpaymentoffic,0,1,1,1.0
qrankmqbkwnzcrld,0,1,1,1.0
manders,1,0,1,0.0
hatefuly,0,1,1,1.0
erhoehen,0,1,1,1.0
ghank,1,0,1,0.0
outmanuev,1,0,1,0.0
jcdtazcgof,0,1,1,1.0
xaatrak,0,1,1,1.0
flexpoint,0,1,1,1.0
glorioustrusto,0,1,1,1.0
qxv,0,1,1,1.0
hurstmonceux,0,1,1,1.0
bbucoefxv,0,1,1,1.0
oingwellha,0,1,1,1.0
wcxmwdwlwif,0,1,1,1.0
peepholeis,0,1,1,1.0
muffdiv,0,1,1,1.0
rowofbestitem,0,1,1,1.0
idmobn,0,1,1,1.0
connoisseurowl,0,1,1,1.0
provent,0,1,1,1.0
suspensediscuss,0,1,1,1.0
rewinout,0,1,1,1.0
encotech,1,0,1,0.0
familyfrom,0,1,1,1.0
mmwa,0,1,1,1.0
observação,0,1,1,1.0
ybuxhm,0,1,1,1.0
hqq,0,1,1,1.0
ckwwkz,0,1,1,1.0
rufousdeporte,0,1,1,1.0
idevnew,0,1,1,1.0
gallison,0,1,1,1.0
ewvibhxj,0,1,1,1.0
xuss,0,1,1,1.0
wapgi,0,1,1,1.0
manicha,0,1,1,1.0
prfrenc,0,1,1,1.0
cydmwpe,0,1,1,1.0
insitituion,1,0,1,0.0
uimrszpnn,0,1,1,1.0
disgorg,1,0,1,0.0
rothrock,1,0,1,0.0
hoursaft,0,1,1,1.0
murrain,0,1,1,1.0
gvt,0,1,1,1.0
surppris,0,1,1,1.0
hussin,0,1,1,1.0
anfangen,0,1,1,1.0
qpvotk,0,1,1,1.0
aprobacin,0,1,1,1.0
betraydixon,0,1,1,1.0
culpuekh,0,1,1,1.0
zaharko,1,0,1,0.0
discourt,0,1,1,1.0
exyjoc,0,1,1,1.0
fbntohl,0,1,1,1.0
securityprotocol,0,1,1,1.0
vtxbh,0,1,1,1.0
lnxwdjtkq,0,1,1,1.0
enzoot,0,1,1,1.0
contralora,0,1,1,1.0
thanksfor,1,0,1,0.0
internetus,0,1,1,1.0
dyd,0,1,1,1.0
unitair,0,1,1,1.0
jfarmerl,1,0,1,0.0
churchmanpickoff,0,1,1,1.0
gtrsid,0,1,1,1.0
parrothedonist,1,0,1,0.0
gbhzivjwl,0,1,1,1.0
aedificar,0,1,1,1.0
cph,0,1,1,1.0
zdunkiewicz,1,0,1,0.0
euromieh,0,1,1,1.0
dedica,0,1,1,1.0
zsiwgicepycxkf,0,1,1,1.0
timesther,0,1,1,1.0
kgyaaghz,0,1,1,1.0
determinatio,0,1,1,1.0
qjicwncp,0,1,1,1.0
yfqi,0,1,1,1.0
expext,1,0,1,0.0
nickola,0,1,1,1.0
siaedv,0,1,1,1.0
nymphomaniaminim,0,1,1,1.0
zqzohhakp,0,1,1,1.0
dayou,1,0,1,0.0
seaplan,1,0,1,0.0
loudmouth,1,0,1,0.0
sephardi,0,1,1,1.0
zmanbug,1,0,1,0.0
etdj,0,1,1,1.0
fatter,0,1,1,1.0
titgsndtl,0,1,1,1.0
pdlvfeni,0,1,1,1.0
hufig,0,1,1,1.0
cvshzncfgr,0,1,1,1.0
thatmigr,0,1,1,1.0
zquokka,0,1,1,1.0
zaczac,1,0,1,0.0
whacki,1,0,1,0.0
fnqvnv,0,1,1,1.0
pcltu,0,1,1,1.0
toother,0,1,1,1.0
leguntur,0,1,1,1.0
somehwer,1,0,1,0.0
enlargmennt,0,1,1,1.0
juxldwjavjg,0,1,1,1.0
svasaf,0,1,1,1.0
mediacast,1,0,1,0.0
tartan,0,1,1,1.0
wktqjl,0,1,1,1.0
asociada,0,1,1,1.0
garycl,1,0,1,0.0
rurpr,0,1,1,1.0
madurai,0,1,1,1.0
foregin,0,1,1,1.0
auxrantar,0,1,1,1.0
miscount,1,0,1,0.0
drossi,0,1,1,1.0
ergo,0,1,1,1.0
blairsl,1,0,1,0.0
lnnyzfclj,0,1,1,1.0
dibblelandhold,0,1,1,1.0
swcbox,1,0,1,0.0
beappreci,0,1,1,1.0
nakmi,0,1,1,1.0
lugwristband,0,1,1,1.0
swsxle,0,1,1,1.0
qkiquyxf,0,1,1,1.0
rktklap,0,1,1,1.0
waldemarem,1,0,1,0.0
sinceotc,0,1,1,1.0
notlong,0,1,1,1.0
kynwn,0,1,1,1.0
charlottplanet,0,1,1,1.0
misord,0,1,1,1.0
mjthed,1,0,1,0.0
elienai,0,1,1,1.0
pleaov,0,1,1,1.0
kttyo,0,1,1,1.0
flsnzmdjlvpo,0,1,1,1.0
drenth,0,1,1,1.0
riflegreen,0,1,1,1.0
genndqj,0,1,1,1.0
beeed,0,1,1,1.0
pecuni,0,1,1,1.0
econophys,1,0,1,0.0
zxb,0,1,1,1.0
analysist,1,0,1,0.0
ffffflhave,0,1,1,1.0
ourabus,0,1,1,1.0
matuc,0,1,1,1.0
hje,0,1,1,1.0
weynandken,1,0,1,0.0
wybrzeza,1,0,1,0.0
riusfpkdvywxj,0,1,1,1.0
thunderboltpallid,0,1,1,1.0
bathtim,1,0,1,0.0
ceexb,0,1,1,1.0
xaswu,0,1,1,1.0
fworth,0,1,1,1.0
lcmqbrxjlhfb,0,1,1,1.0
zvwbxpw,0,1,1,1.0
tqx,0,1,1,1.0
ypfh,0,1,1,1.0
honorowym,1,0,1,0.0
vfqiw,0,1,1,1.0
evdo,0,1,1,1.0
oxbow,0,1,1,1.0
enga,0,1,1,1.0
sladoj,1,0,1,0.0
fouar,0,1,1,1.0
szlwe,0,1,1,1.0
korchinski,1,0,1,0.0
epundq,0,1,1,1.0
clarinettist,0,1,1,1.0
burgomast,0,1,1,1.0
ebean,0,1,1,1.0
pìll,0,1,1,1.0
ydvh,0,1,1,1.0
gaspipelin,1,0,1,0.0
refinancv,0,1,1,1.0
cliggott,1,0,1,0.0
acord,0,1,1,1.0
giymohd,0,1,1,1.0
incorrecta,0,1,1,1.0
islkij,0,1,1,1.0
njogel,0,1,1,1.0
breathrespond,0,1,1,1.0
hissi,1,0,1,0.0
tona,0,1,1,1.0
ufyopwop,0,1,1,1.0
gfv,0,1,1,1.0
rowsand,0,1,1,1.0
wholelotofjoy,0,1,1,1.0
nxf,0,1,1,1.0
mittbelshazzar,0,1,1,1.0
ohgmpk,0,1,1,1.0
femiabangura,0,1,1,1.0
emendicatebutt,0,1,1,1.0
mrzarc,0,1,1,1.0
wiston,0,1,1,1.0
flv,0,1,1,1.0
ellm,0,1,1,1.0
lcvba,0,1,1,1.0
lzjda,0,1,1,1.0
suscribirm,0,1,1,1.0
nxti,0,1,1,1.0
dsrvmzbcg,0,1,1,1.0
pixaçõ,0,1,1,1.0
exerc,0,1,1,1.0
afeiyka,0,1,1,1.0
ttayyib,1,0,1,0.0
sheeeeeee,0,1,1,1.0
wlqxptom,0,1,1,1.0
snwswutnuc,0,1,1,1.0
snv,0,1,1,1.0
ijiklc,0,1,1,1.0
loopi,1,0,1,0.0
downthrow,0,1,1,1.0
produzcan,0,1,1,1.0
passsmmk,0,1,1,1.0
liston,1,0,1,0.0
kolorow,1,0,1,0.0
primarli,1,0,1,0.0
petitto,0,1,1,1.0
inyectado,0,1,1,1.0
manfinanci,1,0,1,0.0
emx,1,0,1,0.0
leucopoiesi,0,1,1,1.0
hmbucfa,0,1,1,1.0
gaunt,0,1,1,1.0
jkzwdkqv,0,1,1,1.0
jwgmiykv,0,1,1,1.0
huntin,0,1,1,1.0
softwher,0,1,1,1.0
ltxiesbechog,0,1,1,1.0
sderc,0,1,1,1.0
gmdycl,0,1,1,1.0
echang,0,1,1,1.0
residencial,0,1,1,1.0
padincauti,0,1,1,1.0
unreleaz,0,1,1,1.0
etccf,0,1,1,1.0
systemdesk,1,0,1,0.0
ciffo,1,0,1,0.0
detroitedison,1,0,1,0.0
resostuh,0,1,1,1.0
xonwtfprh,0,1,1,1.0
vwiid,0,1,1,1.0
regionai,0,1,1,1.0
verificc,0,1,1,1.0
temprana,0,1,1,1.0
surftoronto,0,1,1,1.0
fylxgqzh,0,1,1,1.0
ssdtl,0,1,1,1.0
anm,1,0,1,0.0
dimacali,1,0,1,0.0
euumigyk,0,1,1,1.0
ffafe,0,1,1,1.0
murator,1,0,1,0.0
tpxgdrpbr,0,1,1,1.0
burscheid,0,1,1,1.0
netwarn,0,1,1,1.0
webpromot,0,1,1,1.0
rapunzel,1,0,1,0.0
fireav,0,1,1,1.0
qbcjuwg,0,1,1,1.0
nanohoost,0,1,1,1.0
terapop,1,0,1,0.0
sgrxobqwmxv,0,1,1,1.0
loebimaginari,0,1,1,1.0
ulecisb,0,1,1,1.0
mecum,0,1,1,1.0
zigzagengel,0,1,1,1.0
uokbxfzlv,0,1,1,1.0
johnnumvett,0,1,1,1.0
vbc,0,1,1,1.0
neepool,1,0,1,0.0
ordvvydqn,0,1,1,1.0
wantpreempt,0,1,1,1.0
bvel,0,1,1,1.0
duqu,1,0,1,0.0
ethier,1,0,1,0.0
daypet,0,1,1,1.0
woh,0,1,1,1.0
theprocess,0,1,1,1.0
inventur,1,0,1,0.0
smolan,0,1,1,1.0
vyfdb,0,1,1,1.0
efu,0,1,1,1.0
vldrh,0,1,1,1.0
owncer,0,1,1,1.0
þô,0,1,1,1.0
bmqkq,0,1,1,1.0
jdp,0,1,1,1.0
kshelton,1,0,1,0.0
campanha,0,1,1,1.0
heidid,1,0,1,0.0
publix,0,1,1,1.0
beingutterli,0,1,1,1.0
merganseralway,0,1,1,1.0
ejecul,0,1,1,1.0
kawvqq,0,1,1,1.0
wtxwhx,0,1,1,1.0
thatinvestor,0,1,1,1.0
dfpj,0,1,1,1.0
isit,0,1,1,1.0
vapmzew,0,1,1,1.0
bprescriptiond,0,1,1,1.0
cripez,0,1,1,1.0
maneg,0,1,1,1.0
schroder,1,0,1,0.0
ndowunga,0,1,1,1.0
lijewski,1,0,1,0.0
ndydf,0,1,1,1.0
cephalon,1,0,1,0.0
overgaard,1,0,1,0.0
glbernst,1,0,1,0.0
headlamp,0,1,1,1.0
jinganishund,0,1,1,1.0
tbolhfpey,0,1,1,1.0
npswb,0,1,1,1.0
marketingassist,0,1,1,1.0
serrat,0,1,1,1.0
xnwayd,0,1,1,1.0
nonnumer,0,1,1,1.0
bevin,1,0,1,0.0
ketchersid,1,0,1,0.0
sbcif,0,1,1,1.0
dvwgqbv,0,1,1,1.0
yoifwsst,0,1,1,1.0
myrl,0,1,1,1.0
vpzxg,0,1,1,1.0
youpeng,0,1,1,1.0
komm,0,1,1,1.0
visitando,0,1,1,1.0
downthrownfaith,0,1,1,1.0
globeandmail,1,0,1,0.0
sophuxuvo,0,1,1,1.0
detalhado,0,1,1,1.0
festschrift,0,1,1,1.0
zambon,0,1,1,1.0
bgoddard,1,0,1,0.0
acztffbr,0,1,1,1.0
kcyolsq,0,1,1,1.0
hamp,0,1,1,1.0
lmvllo,0,1,1,1.0
impressionist,0,1,1,1.0
bellagio,0,1,1,1.0
acontract,0,1,1,1.0
eacqkzoav,0,1,1,1.0
xtd,0,1,1,1.0
holtman,1,0,1,0.0
ezpjp,0,1,1,1.0
eelkugxc,0,1,1,1.0
consortiumjoin,0,1,1,1.0
dringlichkeit,0,1,1,1.0
dichotomyconjoint,0,1,1,1.0
eclipsechevi,0,1,1,1.0
tordonto,0,1,1,1.0
markten,0,1,1,1.0
fyua,0,1,1,1.0
fleal,0,1,1,1.0
interag,0,1,1,1.0
weedon,1,0,1,0.0
taugher,1,0,1,0.0
magno,0,1,1,1.0
futurehubert,0,1,1,1.0
nkapsmczr,0,1,1,1.0
thyme,0,1,1,1.0
beghart,0,1,1,1.0
qgcxmebcngncbj,0,1,1,1.0
gsrgu,0,1,1,1.0
podcsf,0,1,1,1.0
kathyrnl,1,0,1,0.0
stength,1,0,1,0.0
bjozepl,0,1,1,1.0
felgk,0,1,1,1.0
wwsb,0,1,1,1.0
trengthen,0,1,1,1.0
yrngyqsqj,0,1,1,1.0
aisrxu,0,1,1,1.0
thatbiometr,0,1,1,1.0
qla,0,1,1,1.0
arclengthheaven,0,1,1,1.0
coonhound,0,1,1,1.0
fodnam,1,0,1,0.0
travez,0,1,1,1.0
carea,0,1,1,1.0
souri,0,1,1,1.0
riskm,1,0,1,0.0
txjftsb,0,1,1,1.0
bjwavqt,0,1,1,1.0
receivequot,0,1,1,1.0
yzjqkec,0,1,1,1.0
kgwa,0,1,1,1.0
ecuadorl,0,1,1,1.0
hbburnham,1,0,1,0.0
nqbikkg,0,1,1,1.0
schlugen,0,1,1,1.0
autorización,0,1,1,1.0
hundresd,0,1,1,1.0
lgrx,0,1,1,1.0
xxxguarante,0,1,1,1.0
vacationscabo,0,1,1,1.0
pbuupzbwa,0,1,1,1.0
bqpwzkei,0,1,1,1.0
ocupa,0,1,1,1.0
mkemcr,0,1,1,1.0
compositerevolt,0,1,1,1.0
pzkzi,0,1,1,1.0
selfabneg,0,1,1,1.0
pearlwort,0,1,1,1.0
wzagqxsq,0,1,1,1.0
qtsyfa,0,1,1,1.0
phratat,0,1,1,1.0
malignantdecca,0,1,1,1.0
pgeo,0,1,1,1.0
floricultur,0,1,1,1.0
differennc,0,1,1,1.0
birdsal,1,0,1,0.0
drugsno,0,1,1,1.0
qmzkad,0,1,1,1.0
mtgcf,0,1,1,1.0
wwyd,0,1,1,1.0
winnerswil,0,1,1,1.0
gbzusbpmz,0,1,1,1.0
gcvtgzi,0,1,1,1.0
proliantt,0,1,1,1.0
twelvemillion,0,1,1,1.0
sputum,0,1,1,1.0
tanzanit,1,0,1,0.0
bringact,0,1,1,1.0
zjuuvipa,0,1,1,1.0
caclickbutton,0,1,1,1.0
ltdarua,0,1,1,1.0
angiospasm,0,1,1,1.0
jqlq,0,1,1,1.0
resour,1,0,1,0.0
rnblcnl,0,1,1,1.0
transloasi,1,0,1,0.0
sasol,1,0,1,0.0
euxjnwo,0,1,1,1.0
hiroko,1,0,1,0.0
mwdxzm,0,1,1,1.0
casinoblast,0,1,1,1.0
veerdoubt,0,1,1,1.0
oiiprq,0,1,1,1.0
ecomtrad,1,0,1,0.0
nevq,0,1,1,1.0
dasgupta,1,0,1,0.0
candesc,0,1,1,1.0
pmbjxtkp,0,1,1,1.0
shrublet,0,1,1,1.0
tjvaxmh,0,1,1,1.0
apocarp,0,1,1,1.0
ozz,0,1,1,1.0
vkzyu,0,1,1,1.0
vaaa,0,1,1,1.0
vlsnivu,0,1,1,1.0
anaahvp,0,1,1,1.0
cnnwnxdtjo,0,1,1,1.0
mzcqqikd,0,1,1,1.0
capgemini,0,1,1,1.0
hxbere,0,1,1,1.0
kwouxdckkjdeyb,0,1,1,1.0
orri,1,0,1,0.0
ccsr,0,1,1,1.0
attivi,0,1,1,1.0
luexvd,0,1,1,1.0
blumtig,0,1,1,1.0
hpafyrobg,0,1,1,1.0
bbadbadbadgurl,0,1,1,1.0
dvwoodal,0,1,1,1.0
kbiq,0,1,1,1.0
norther,1,0,1,0.0
xtdcuqxx,0,1,1,1.0
erdhrfg,0,1,1,1.0
kcslgylfd,0,1,1,1.0
xij,0,1,1,1.0
cswwqqczi,0,1,1,1.0
seenc,0,1,1,1.0
gurnte,0,1,1,1.0
wattch,0,1,1,1.0
aedvi,0,1,1,1.0
washoutcameron,0,1,1,1.0
yandmvalium,0,1,1,1.0
xdtsgrvbdazbyod,0,1,1,1.0
gigcdb,0,1,1,1.0
zaplanowana,1,0,1,0.0
bambino,0,1,1,1.0
sablatura,1,0,1,0.0
xqyf,0,1,1,1.0
lassword,0,1,1,1.0
vglpese,0,1,1,1.0
celti,0,1,1,1.0
gwmhfq,0,1,1,1.0
buchsbaum,1,0,1,0.0
interjuri,1,0,1,0.0
panamsat,1,0,1,0.0
addrress,0,1,1,1.0
nkuaypcib,0,1,1,1.0
nsoe,0,1,1,1.0
unqsubmscreib,0,1,1,1.0
weegujuqxim,0,1,1,1.0
beginsubmit,0,1,1,1.0
hto,0,1,1,1.0
ztn,0,1,1,1.0
prescreipt,0,1,1,1.0
zawiera,1,0,1,0.0
macklin,0,1,1,1.0
distractor,1,0,1,0.0
kingair,1,0,1,0.0
dmpetritz,1,0,1,0.0
xixiang,0,1,1,1.0
ybitl,0,1,1,1.0
ewozn,0,1,1,1.0
jamierespondek,1,0,1,0.0
gztjcdebr,0,1,1,1.0
fkxovghzwbr,0,1,1,1.0
adicionarl,0,1,1,1.0
tinkleconcept,0,1,1,1.0
inteligent,0,1,1,1.0
vkl,0,1,1,1.0
authid,0,1,1,1.0
bhautik,1,0,1,0.0
ttittll,0,1,1,1.0
sagvl,0,1,1,1.0
bretta,1,0,1,0.0
mineshaft,0,1,1,1.0
disregaaaard,0,1,1,1.0
llndhnmipqstklldwyer,0,1,1,1.0
jdm,0,1,1,1.0
smahmkgkkqt,0,1,1,1.0
fpsgle,0,1,1,1.0
minutevideo,0,1,1,1.0
whiep,0,1,1,1.0
rma,0,1,1,1.0
sadhuski,0,1,1,1.0
diposit,0,1,1,1.0
goldsmithfin,0,1,1,1.0
roce,1,0,1,0.0
ktvk,0,1,1,1.0
agood,1,0,1,0.0
huchton,1,0,1,0.0
oavtt,0,1,1,1.0
legu,0,1,1,1.0
jbwxanax,0,1,1,1.0
riverview,0,1,1,1.0
ezpj,0,1,1,1.0
tmmkr,0,1,1,1.0
gardien,0,1,1,1.0
nerkow,1,0,1,0.0
alwayscut,0,1,1,1.0
qbtaltsl,0,1,1,1.0
geknerr,0,1,1,1.0
kristyn,0,1,1,1.0
galacticablaz,0,1,1,1.0
receivedithisiemail,0,1,1,1.0
otpmxb,0,1,1,1.0
gest,0,1,1,1.0
leonor,0,1,1,1.0
tellingli,1,0,1,0.0
eysugmvh,0,1,1,1.0
kincob,0,1,1,1.0
gfjdgtz,0,1,1,1.0
chtalb,0,1,1,1.0
gettim,0,1,1,1.0
lontteen,0,1,1,1.0
rigen,0,1,1,1.0
shuhoub,0,1,1,1.0
zmtbqhaul,0,1,1,1.0
scribal,0,1,1,1.0
pruc,0,1,1,1.0
ciiali,0,1,1,1.0
dulcesumm,0,1,1,1.0
ilob,0,1,1,1.0
incauto,0,1,1,1.0
stidham,1,0,1,0.0
praya,1,0,1,0.0
dyeingentendr,0,1,1,1.0
dpyur,0,1,1,1.0
gehalt,0,1,1,1.0
gsaarkc,0,1,1,1.0
dopsit,0,1,1,1.0
dragonett,0,1,1,1.0
sabadel,0,1,1,1.0
saharan,1,0,1,0.0
apldu,0,1,1,1.0
wickelt,0,1,1,1.0
mtqmsi,0,1,1,1.0
cyberbuild,1,0,1,0.0
xnchsuwjfbuyygweqq,0,1,1,1.0
mayne,0,1,1,1.0
fqa,0,1,1,1.0
oxt,0,1,1,1.0
salvadoran,0,1,1,1.0
auugghh,1,0,1,0.0
lykwf,0,1,1,1.0
cgw,0,1,1,1.0
cswebmail,0,1,1,1.0
heno,0,1,1,1.0
buddhamind,0,1,1,1.0
ylon,0,1,1,1.0
ldougla,1,0,1,0.0
execpc,1,0,1,0.0
jksxdxyg,0,1,1,1.0
edtamphibol,0,1,1,1.0
familyadventur,1,0,1,0.0
catriona,1,0,1,0.0
bqac,0,1,1,1.0
cytochrom,0,1,1,1.0
wayya,0,1,1,1.0
lkcechw,0,1,1,1.0
lqaoan,0,1,1,1.0
gkm,0,1,1,1.0
esparza,0,1,1,1.0
jojotempl,1,0,1,0.0
lzmb,0,1,1,1.0
paralys,0,1,1,1.0
valui,1,0,1,0.0
smnhlhni,0,1,1,1.0
perfer,1,0,1,0.0
jonesl,0,1,1,1.0
kleinen,0,1,1,1.0
arethey,0,1,1,1.0
lpezdepartamento,0,1,1,1.0
pushi,1,0,1,0.0
golowich,1,0,1,0.0
cztxj,0,1,1,1.0
polytechniqu,1,0,1,0.0
epseci,0,1,1,1.0
swlv,0,1,1,1.0
jjxkb,0,1,1,1.0
pathosunkempt,0,1,1,1.0
bdpgbfte,0,1,1,1.0
merindia,0,1,1,1.0
ebvitr,0,1,1,1.0
jilli,0,1,1,1.0
famlia,0,1,1,1.0
vnggl,0,1,1,1.0
longshoreman,0,1,1,1.0
ôùëí,0,1,1,1.0
rotiqu,0,1,1,1.0
wkge,0,1,1,1.0
eijaghkmxtnqybcdfzgvl,0,1,1,1.0
abcdzhongguo,0,1,1,1.0
rpzeay,0,1,1,1.0
wesnesk,1,0,1,0.0
sillier,1,0,1,0.0
sdvob,0,1,1,1.0
wrvvm,0,1,1,1.0
qqlxnfau,0,1,1,1.0
ewjffq,0,1,1,1.0
rlhxedn,0,1,1,1.0
wdpeycyd,0,1,1,1.0
hoscak,0,1,1,1.0
necesitá,0,1,1,1.0
gqnocgyy,0,1,1,1.0
rahmen,0,1,1,1.0
umb,1,0,1,0.0
rldz,0,1,1,1.0
hendrixfutur,0,1,1,1.0
anzeigen,0,1,1,1.0
galleyupsid,0,1,1,1.0
stoush,0,1,1,1.0
uhfqxcpcmfp,0,1,1,1.0
fkarbar,1,0,1,0.0
damnifi,0,1,1,1.0
particuliar,1,0,1,0.0
mitsuibussan,1,0,1,0.0
skkgmnsvocaon,0,1,1,1.0
löw,0,1,1,1.0
dewberri,0,1,1,1.0
µf,0,1,1,1.0
cconfid,0,1,1,1.0
bezzant,0,1,1,1.0
yviagra,0,1,1,1.0
ehgsk,0,1,1,1.0
petcar,0,1,1,1.0
jwntjri,0,1,1,1.0
sdba,1,0,1,0.0
cristoph,1,0,1,0.0
starbird,1,0,1,0.0
foliar,0,1,1,1.0
postiv,1,0,1,0.0
daimlercrossbow,0,1,1,1.0
dxv,0,1,1,1.0
npalmer,1,0,1,0.0
vµa,0,1,1,1.0
negril,0,1,1,1.0
bankaddress,0,1,1,1.0
melva,0,1,1,1.0
hbsvh,0,1,1,1.0
discurss,0,1,1,1.0
spacesplitcool,0,1,1,1.0
irogw,0,1,1,1.0
energetisch,0,1,1,1.0
delphia,0,1,1,1.0
lballi,0,1,1,1.0
jstong,1,0,1,0.0
dodder,0,1,1,1.0
söma,0,1,1,1.0
igsqvdyg,1,0,1,0.0
uto,0,1,1,1.0
freiburg,0,1,1,1.0
apoyará,0,1,1,1.0
clandestinebarrag,0,1,1,1.0
limtoa,0,1,1,1.0
conge,0,1,1,1.0
sddmwpuswcxdbxmez,0,1,1,1.0
frogsrugbi,0,1,1,1.0
skdjmkmh,0,1,1,1.0
obf,0,1,1,1.0
practicar,0,1,1,1.0
emailsy,0,1,1,1.0
funtimezgirl,0,1,1,1.0
hchste,0,1,1,1.0
kinshasa,0,1,1,1.0
ceobeg,0,1,1,1.0
milnlion,0,1,1,1.0
npg,0,1,1,1.0
knickbromin,0,1,1,1.0
nqq,0,1,1,1.0
competitv,1,0,1,0.0
overfulfil,0,1,1,1.0
dzx,0,1,1,1.0
clrk,1,0,1,0.0
expressó,0,1,1,1.0
hofaxjn,0,1,1,1.0
eclockwis,0,1,1,1.0
tartakow,0,1,1,1.0
aionettim,0,1,1,1.0
maskabl,0,1,1,1.0
qxciyrr,0,1,1,1.0
zscohqzyq,0,1,1,1.0
twgmhrn,0,1,1,1.0
xcb,0,1,1,1.0
klkrbypd,0,1,1,1.0
elseworldwid,0,1,1,1.0
schoenhard,0,1,1,1.0
urxd,0,1,1,1.0
fjcjr,0,1,1,1.0
magnanimoh,0,1,1,1.0
nkn,1,0,1,0.0
gohadpur,0,1,1,1.0
xtb,0,1,1,1.0
phosphorl,0,1,1,1.0
vliakrvnh,0,1,1,1.0
zzvffofbj,0,1,1,1.0
celerbrex,0,1,1,1.0
pleaasantli,0,1,1,1.0
azdlv,0,1,1,1.0
superstack,1,0,1,0.0
akio,1,0,1,0.0
oxkrq,0,1,1,1.0
guarqante,0,1,1,1.0
bokwhdok,0,1,1,1.0
mailbackup,0,1,1,1.0
pennyxfio,0,1,1,1.0
ntion,0,1,1,1.0
clickbherehtok,0,1,1,1.0
lokhflbsdmptvb,0,1,1,1.0
isaao,0,1,1,1.0
packetg,0,1,1,1.0
jeffretrofit,0,1,1,1.0
nerven,0,1,1,1.0
telefónico,0,1,1,1.0
forktraitor,0,1,1,1.0
hogam,0,1,1,1.0
greenplac,1,0,1,0.0
internetsurfen,0,1,1,1.0
lrswnfin,0,1,1,1.0
urzryid,0,1,1,1.0
fwnijwbti,0,1,1,1.0
sacvfym,0,1,1,1.0
platerack,0,1,1,1.0
risi,1,0,1,0.0
merir,0,1,1,1.0
agrobiolog,0,1,1,1.0
willutil,0,1,1,1.0
belén,0,1,1,1.0
tfjyjxu,0,1,1,1.0
macroencephali,0,1,1,1.0
leuten,0,1,1,1.0
barbuss,0,1,1,1.0
pksju,0,1,1,1.0
jogbnv,0,1,1,1.0
irpzrh,0,1,1,1.0
dategoodforfun,0,1,1,1.0
zlcd,0,1,1,1.0
geraci,1,0,1,0.0
pozytecznych,1,0,1,0.0
ntahtkf,0,1,1,1.0
xljc,0,1,1,1.0
jtqqt,0,1,1,1.0
claimsoffic,0,1,1,1.0
newcrest,0,1,1,1.0
pbkaw,0,1,1,1.0
jermey,1,0,1,0.0
mdm,0,1,1,1.0
spanner,0,1,1,1.0
unrsubxscrtib,0,1,1,1.0
lation,0,1,1,1.0
btteer,0,1,1,1.0
belostok,0,1,1,1.0
tucumán,0,1,1,1.0
divvi,1,0,1,0.0
biqieomgn,0,1,1,1.0
rnhshrixb,0,1,1,1.0
fkefck,0,1,1,1.0
hsbfj,0,1,1,1.0
cfqczyy,0,1,1,1.0
valoris,0,1,1,1.0
caver,1,0,1,0.0
apst,0,1,1,1.0
underemphasi,0,1,1,1.0
jqzkhhwlheeud,0,1,1,1.0
cqeulnbd,0,1,1,1.0
lesa,0,1,1,1.0
yckb,0,1,1,1.0
efthimiop,0,1,1,1.0
dennoch,0,1,1,1.0
skiuxkwuyqhvji,0,1,1,1.0
skallman,0,1,1,1.0
lcb,0,1,1,1.0
cyberstoreroom,0,1,1,1.0
mmzyip,0,1,1,1.0
willnev,0,1,1,1.0
jubilatetaboo,0,1,1,1.0
securitiescompani,0,1,1,1.0
eachvalet,0,1,1,1.0
begunbradburi,0,1,1,1.0
yogur,0,1,1,1.0
comfrey,0,1,1,1.0
mcfatridg,1,0,1,0.0
agwteqnw,0,1,1,1.0
sabai,0,1,1,1.0
brinyhereunto,0,1,1,1.0
vdjqie,0,1,1,1.0
brcom,0,1,1,1.0
xof,0,1,1,1.0
bmensur,0,1,1,1.0
anemail,0,1,1,1.0
bryanston,0,1,1,1.0
ytriwieqi,0,1,1,1.0
cya,1,0,1,0.0
rdrzmx,0,1,1,1.0
ltytpeun,0,1,1,1.0
youinvest,0,1,1,1.0
usualworldwid,0,1,1,1.0
divertido,0,1,1,1.0
arianamerritt,0,1,1,1.0
jeroboam,0,1,1,1.0
kassier,0,1,1,1.0
abschlagszahlung,0,1,1,1.0
hennemey,1,0,1,0.0
objattph,1,0,1,0.0
shopar,0,1,1,1.0
beachumbrellachair,0,1,1,1.0
rbhcgwyme,0,1,1,1.0
hisknapsack,0,1,1,1.0
korolev,0,1,1,1.0
lyzomio,0,1,1,1.0
aqe,0,1,1,1.0
etewakcf,0,1,1,1.0
fabio,0,1,1,1.0
leoni,0,1,1,1.0
dhoqj,0,1,1,1.0
kmeetar,0,1,1,1.0
inscripcinoficina,0,1,1,1.0
carryyeveri,0,1,1,1.0
ofevltra,0,1,1,1.0
timbal,0,1,1,1.0
rylemovm,0,1,1,1.0
jpiaskl,0,1,1,1.0
taeuar,0,1,1,1.0
allo,0,1,1,1.0
rdl,1,0,1,0.0
rectilin,0,1,1,1.0
kccoe,0,1,1,1.0
politicalscientist,0,1,1,1.0
knbsl,0,1,1,1.0
lpj,0,1,1,1.0
olmwro,0,1,1,1.0
fechadura,0,1,1,1.0
ubmmabmwfzqafd,0,1,1,1.0
correctamet,0,1,1,1.0
rshay,0,1,1,1.0
dinamizador,0,1,1,1.0
vetterl,1,0,1,0.0
bpunkchickl,0,1,1,1.0
sacker,0,1,1,1.0
entwed,0,1,1,1.0
cherihabi,1,0,1,0.0
trialihotlin,0,1,1,1.0
carath,1,0,1,0.0
reser,1,0,1,0.0
psotag,0,1,1,1.0
blech,1,0,1,0.0
bpqhj,0,1,1,1.0
bewerbungsformular,0,1,1,1.0
masterpiecechapman,0,1,1,1.0
hlquq,0,1,1,1.0
ctlzgq,0,1,1,1.0
rqabq,0,1,1,1.0
rebirtth,0,1,1,1.0
jeniff,0,1,1,1.0
khmer,0,1,1,1.0
lodss,0,1,1,1.0
upholst,0,1,1,1.0
cym,0,1,1,1.0
shovelwe,0,1,1,1.0
ejeculaton,0,1,1,1.0
shakespearean,0,1,1,1.0
nothingworldwid,0,1,1,1.0
qzv,0,1,1,1.0
pnvbehet,0,1,1,1.0
huxgyxhf,0,1,1,1.0
leserin,0,1,1,1.0
comafi,1,0,1,0.0
sqhu,0,1,1,1.0
xtqfwkz,0,1,1,1.0
inició,0,1,1,1.0
receiptof,0,1,1,1.0
fznun,0,1,1,1.0
rnkzzgfqig,0,1,1,1.0
proficiência,0,1,1,1.0
perkowski,1,0,1,0.0
eyf,0,1,1,1.0
lduppp,0,1,1,1.0
currentl,0,1,1,1.0
recientement,0,1,1,1.0
ltaiian,0,1,1,1.0
halfan,0,1,1,1.0
wylatuj,1,0,1,0.0
woon,0,1,1,1.0
nawaszliqjaco,0,1,1,1.0
proo,0,1,1,1.0
subtili,0,1,1,1.0
preencha,0,1,1,1.0
lobjxndf,0,1,1,1.0
qsfsweebsnwsab,0,1,1,1.0
frohe,0,1,1,1.0
fuohqjlsjcqp,0,1,1,1.0
copiar,0,1,1,1.0
incubusgr,0,1,1,1.0
aithgxnkplwidlbgz,0,1,1,1.0
cmfbkmrd,0,1,1,1.0
dauther,0,1,1,1.0
companywid,1,0,1,0.0
jaustin,1,0,1,0.0
martinsleg,0,1,1,1.0
familyabidjan,0,1,1,1.0
neuesten,0,1,1,1.0
ilbeutb,0,1,1,1.0
cvg,1,0,1,0.0
hxnvx,0,1,1,1.0
tuberia,0,1,1,1.0
archilochian,0,1,1,1.0
answ,1,0,1,0.0
wertheimersoftwar,0,1,1,1.0
caval,0,1,1,1.0
clarkeendow,0,1,1,1.0
mymp,0,1,1,1.0
achter,0,1,1,1.0
yimmk,0,1,1,1.0
marji,1,0,1,0.0
marivel,1,0,1,0.0
truett,1,0,1,0.0
organizacyjni,1,0,1,0.0
centerstrongfont,0,1,1,1.0
tilli,0,1,1,1.0
illnova,1,0,1,0.0
avictim,0,1,1,1.0
raxa,0,1,1,1.0
ktorym,1,0,1,0.0
thubxyvg,0,1,1,1.0
aaoeuro,0,1,1,1.0
knycmpmzow,0,1,1,1.0
loreen,0,1,1,1.0
experimenta,0,1,1,1.0
nfrv,0,1,1,1.0
liedtk,1,0,1,0.0
verkeersinformati,0,1,1,1.0
ictsxdq,0,1,1,1.0
styopa,0,1,1,1.0
bfctnvrvq,0,1,1,1.0
ililgyqqnfygmck,0,1,1,1.0
kucan,0,1,1,1.0
alimentari,0,1,1,1.0
epool,1,0,1,0.0
quinduno,1,0,1,0.0
vyyvtyb,0,1,1,1.0
brandedmedia,0,1,1,1.0
cwqsqisc,0,1,1,1.0
dez,0,1,1,1.0
nowor,0,1,1,1.0
rwopuwi,0,1,1,1.0
jhgru,0,1,1,1.0
nestt,0,1,1,1.0
headgear,0,1,1,1.0
kjw,0,1,1,1.0
hlfhj,0,1,1,1.0
sententia,0,1,1,1.0
kdumq,0,1,1,1.0
bracketlouisa,0,1,1,1.0
yobu,0,1,1,1.0
ograniczenia,1,0,1,0.0
myqbjyd,0,1,1,1.0
teosrest,0,1,1,1.0
guaramirim,1,0,1,0.0
abraço,0,1,1,1.0
qfhtd,0,1,1,1.0
phsiang,1,0,1,0.0
fgkhzrl,0,1,1,1.0
mynam,0,1,1,1.0
matso,0,1,1,1.0
contrtact,1,0,1,0.0
wooow,0,1,1,1.0
powerbrok,1,0,1,0.0
tlwhg,0,1,1,1.0
wcnbd,0,1,1,1.0
terrificshadbush,0,1,1,1.0
sontag,1,0,1,0.0
bottlequot,0,1,1,1.0
ezdk,1,0,1,0.0
ezlavherx,0,1,1,1.0
secction,0,1,1,1.0
parmigianino,0,1,1,1.0
djiy,0,1,1,1.0
desventaja,0,1,1,1.0
kimuratan,1,0,1,0.0
rerjpq,0,1,1,1.0
bledow,1,0,1,0.0
buongiorno,0,1,1,1.0
periodontolog,0,1,1,1.0
mkbizz,0,1,1,1.0
yemctsjant,0,1,1,1.0
transworld,0,1,1,1.0
duaoj,0,1,1,1.0
biologymidori,0,1,1,1.0
acorda,0,1,1,1.0
mrmng,0,1,1,1.0
persocriptt,0,1,1,1.0
alvi,1,0,1,0.0
randel,1,0,1,0.0
halli,0,1,1,1.0
slohip,0,1,1,1.0
tetkkip,0,1,1,1.0
taimyr,0,1,1,1.0
dangler,0,1,1,1.0
invoicelog,1,0,1,0.0
capes,1,0,1,0.0
rotnwmg,0,1,1,1.0
nfn,0,1,1,1.0
bpsd,0,1,1,1.0
ashygunderson,0,1,1,1.0
vtk,0,1,1,1.0
sawvgi,0,1,1,1.0
arabesqueshini,0,1,1,1.0
decírselo,0,1,1,1.0
atpr,0,1,1,1.0
scutt,1,0,1,0.0
eajis,0,1,1,1.0
finestvalu,0,1,1,1.0
kryf,0,1,1,1.0
hrwfbsqkl,0,1,1,1.0
fkla,0,1,1,1.0
vbnj,1,0,1,0.0
dhaki,0,1,1,1.0
zzol,0,1,1,1.0
fffffd,0,1,1,1.0
clangston,1,0,1,0.0
eqtnm,0,1,1,1.0
qjzjeinmt,0,1,1,1.0
kwfzc,0,1,1,1.0
travelworm,0,1,1,1.0
tilhkfji,0,1,1,1.0
arialwith,0,1,1,1.0
wallaroo,0,1,1,1.0
corso,0,1,1,1.0
szko,1,0,1,0.0
ycrcc,0,1,1,1.0
taffymortim,0,1,1,1.0
bobztz,0,1,1,1.0
iysvuwo,0,1,1,1.0
culpasidewind,0,1,1,1.0
thessalonian,1,0,1,0.0
diehlmi,0,1,1,1.0
slumholmdel,0,1,1,1.0
operatedisrupt,0,1,1,1.0
acudir,0,1,1,1.0
jahreszin,0,1,1,1.0
swapp,1,0,1,0.0
hinn,0,1,1,1.0
lfat,0,1,1,1.0
metacalc,1,0,1,0.0
pinnaclesi,0,1,1,1.0
cqhcp,0,1,1,1.0
elektroniklott,0,1,1,1.0
mactat,0,1,1,1.0
rtksjr,0,1,1,1.0
troupecarfar,0,1,1,1.0
behan,1,0,1,0.0
nalg,0,1,1,1.0
iimor,0,1,1,1.0
igen,0,1,1,1.0
buit,1,0,1,0.0
paydshl,0,1,1,1.0
vuybxuyi,0,1,1,1.0
individaul,0,1,1,1.0
hotroditem,0,1,1,1.0
redistrict,1,0,1,0.0
vke,0,1,1,1.0
beneficiando,0,1,1,1.0
wvqbwm,0,1,1,1.0
candidacylan,0,1,1,1.0
hermani,1,0,1,0.0
lncegidqq,0,1,1,1.0
waxler,1,0,1,0.0
plastisol,0,1,1,1.0
rcijsmlkbzcg,0,1,1,1.0
möglich,0,1,1,1.0
icjidjbr,0,1,1,1.0
lfr,0,1,1,1.0
seacraft,0,1,1,1.0
vgxab,0,1,1,1.0
blizzardi,0,1,1,1.0
zooantenna,0,1,1,1.0
lbucfvi,0,1,1,1.0
cenind,0,1,1,1.0
bezcaus,0,1,1,1.0
tdazzdbm,0,1,1,1.0
crestfallencomedian,0,1,1,1.0
dftph,0,1,1,1.0
qahcci,0,1,1,1.0
gbvve,0,1,1,1.0
protegida,0,1,1,1.0
bitar,1,0,1,0.0
jshaw,1,0,1,0.0
inletmaladjust,0,1,1,1.0
qcpkaqpl,0,1,1,1.0
ddoek,0,1,1,1.0
dusetail,0,1,1,1.0
trampa,0,1,1,1.0
standardupto,0,1,1,1.0
esun,0,1,1,1.0
priso,0,1,1,1.0
customerco,1,0,1,0.0
porticovirtu,0,1,1,1.0
bsmngwd,0,1,1,1.0
rjmfswksttjn,0,1,1,1.0
seccttionn,0,1,1,1.0
rogelio,0,1,1,1.0
chenchan,0,1,1,1.0
shoshanna,0,1,1,1.0
fontbrhl,0,1,1,1.0
mixteca,0,1,1,1.0
cower,0,1,1,1.0
kzsv,0,1,1,1.0
lkol,1,0,1,0.0
pilocyst,0,1,1,1.0
jalq,0,1,1,1.0
albernita,1,0,1,0.0
inequivalv,0,1,1,1.0
jboeeqrd,0,1,1,1.0
nxxjtcm,0,1,1,1.0
glycerinatecentum,0,1,1,1.0
petcarerx,0,1,1,1.0
videographi,1,0,1,0.0
carolinaact,0,1,1,1.0
nxc,0,1,1,1.0
accaunt,0,1,1,1.0
cialiu,0,1,1,1.0
ofkey,0,1,1,1.0
websmap,0,1,1,1.0
zahl,0,1,1,1.0
proofhost,0,1,1,1.0
aegjngkjgw,0,1,1,1.0
biltmoretung,0,1,1,1.0
onhyour,0,1,1,1.0
xfydjhxtf,0,1,1,1.0
þúíâí,0,1,1,1.0
helwig,1,0,1,0.0
nxi,0,1,1,1.0
mija,1,0,1,0.0
rkwbdw,1,0,1,0.0
acrodermat,0,1,1,1.0
ydvhdpxru,0,1,1,1.0
missilecit,0,1,1,1.0
moyo,0,1,1,1.0
netvantag,0,1,1,1.0
galaxyhit,0,1,1,1.0
gane,0,1,1,1.0
kgrohwsxdbr,0,1,1,1.0
includingbvicodin,0,1,1,1.0
meoffff,0,1,1,1.0
otv,0,1,1,1.0
quercitron,0,1,1,1.0
lmhndnqul,0,1,1,1.0
wailer,0,1,1,1.0
chiropractorlonesom,0,1,1,1.0
iajqiq,0,1,1,1.0
supportflex,0,1,1,1.0
yoshiyasu,1,0,1,0.0
akx,0,1,1,1.0
namelistbj,1,0,1,0.0
pharssavv,0,1,1,1.0
possuem,0,1,1,1.0
ednao,1,0,1,0.0
brushwood,0,1,1,1.0
affleck,0,1,1,1.0
vajathub,0,1,1,1.0
comunicándono,0,1,1,1.0
helpmessag,0,1,1,1.0
vvzagzr,0,1,1,1.0
abep,0,1,1,1.0
statecraft,0,1,1,1.0
wwuavrkxi,0,1,1,1.0
ergonomisch,0,1,1,1.0
internetrecolector,0,1,1,1.0
fruia,1,0,1,0.0
ukfhcqeix,0,1,1,1.0
ydfirq,0,1,1,1.0
lmsxfr,0,1,1,1.0
semasopht,0,1,1,1.0
savoyardcasu,0,1,1,1.0
tmrccdcjhnepn,0,1,1,1.0
xhubli,0,1,1,1.0
ananda,1,0,1,0.0
asshreveport,0,1,1,1.0
askerý,0,1,1,1.0
yttg,0,1,1,1.0
kaum,0,1,1,1.0
filledwrong,0,1,1,1.0
jwvezjoz,0,1,1,1.0
yucupj,0,1,1,1.0
gagequot,0,1,1,1.0
reenví,0,1,1,1.0
cylhhjreom,0,1,1,1.0
calabaza,0,1,1,1.0
iklwhdmv,0,1,1,1.0
moim,1,0,1,0.0
envelopfatten,0,1,1,1.0
xsjplcgm,0,1,1,1.0
hochstein,1,0,1,0.0
valuebl,0,1,1,1.0
hotshot,0,1,1,1.0
aqwcweem,0,1,1,1.0
dehydro,0,1,1,1.0
freund,0,1,1,1.0
magwbb,0,1,1,1.0
nwkhuz,0,1,1,1.0
tomarmo,0,1,1,1.0
nicotineus,0,1,1,1.0
povyscckz,0,1,1,1.0
ptmore,0,1,1,1.0
jfpgjf,0,1,1,1.0
ofcontract,0,1,1,1.0
deluk,1,0,1,0.0
ofek,0,1,1,1.0
btansey,1,0,1,0.0
generalnueva,0,1,1,1.0
valioom,0,1,1,1.0
pctioc,0,1,1,1.0
fujinaga,1,0,1,0.0
wpindar,1,0,1,0.0
gjejnktk,0,1,1,1.0
hwdhjcz,0,1,1,1.0
mendanha,1,0,1,0.0
bbygrlyo,0,1,1,1.0
politest,0,1,1,1.0
negu,0,1,1,1.0
pagenetmessag,1,0,1,0.0
captivateurinari,0,1,1,1.0
ucpo,0,1,1,1.0
xacptj,0,1,1,1.0
stringier,0,1,1,1.0
zustndig,0,1,1,1.0
khvd,0,1,1,1.0
slkqsgkli,0,1,1,1.0
relsief,0,1,1,1.0
wpmx,0,1,1,1.0
súbito,0,1,1,1.0
minimaxligatur,0,1,1,1.0
queira,0,1,1,1.0
bnficier,0,1,1,1.0
fuclcxlequtkbfuoeseysgfu,0,1,1,1.0
quaber,0,1,1,1.0
digbrief,0,1,1,1.0
grayadam,0,1,1,1.0
bancolombia,0,1,1,1.0
kckjppkoln,0,1,1,1.0
wadhwani,1,0,1,0.0
xdawjcq,0,1,1,1.0
volumet,1,0,1,0.0
fcircumscrib,0,1,1,1.0
imk,0,1,1,1.0
regardo,1,0,1,0.0
rosemeand,0,1,1,1.0
ubsengeri,1,0,1,0.0
yourvalueloan,0,1,1,1.0
aluminio,0,1,1,1.0
potseo,1,0,1,0.0
çô,0,1,1,1.0
rrplbukw,0,1,1,1.0
mxtgb,0,1,1,1.0
dzffgxj,0,1,1,1.0
naruc,1,0,1,0.0
lnpefo,0,1,1,1.0
zoudzgi,0,1,1,1.0
destitud,0,1,1,1.0
frxfrjv,0,1,1,1.0
grindal,1,0,1,0.0
jzbbiz,0,1,1,1.0
cerci,0,1,1,1.0
litera,0,1,1,1.0
umlbk,0,1,1,1.0
comverschicken,0,1,1,1.0
cyctzw,0,1,1,1.0
nqwjsb,0,1,1,1.0
horst,1,0,1,0.0
uagoyvr,0,1,1,1.0
niemey,1,0,1,0.0
dearand,0,1,1,1.0
yjnpura,0,1,1,1.0
cancelacion,0,1,1,1.0
sooter,1,0,1,0.0
thiaminvietnames,0,1,1,1.0
orozco,0,1,1,1.0
khamvzm,0,1,1,1.0
doyxcbfn,0,1,1,1.0
joselyn,0,1,1,1.0
fishero,1,0,1,0.0
konkan,1,0,1,0.0
extremewebd,0,1,1,1.0
afican,0,1,1,1.0
newdeal,0,1,1,1.0
fuz,0,1,1,1.0
dhmojl,0,1,1,1.0
sancristobalsa,0,1,1,1.0
losght,0,1,1,1.0
slimymusicolog,0,1,1,1.0
vnhfkwzud,0,1,1,1.0
monast,0,1,1,1.0
goddi,0,1,1,1.0
scuppernong,1,0,1,0.0
qyhsfvbc,0,1,1,1.0
gfywvdx,0,1,1,1.0
jablonskyalong,0,1,1,1.0
foredo,0,1,1,1.0
gfpqh,0,1,1,1.0
inor,0,1,1,1.0
opur,0,1,1,1.0
mksji,0,1,1,1.0
kopavawox,0,1,1,1.0
negociosplan,0,1,1,1.0
necessria,0,1,1,1.0
medicinehthen,0,1,1,1.0
tqexitef,0,1,1,1.0
bmm,0,1,1,1.0
bulabileceðiniz,0,1,1,1.0
wgjugtzt,0,1,1,1.0
cixat,0,1,1,1.0
banisterlutanist,0,1,1,1.0
potwierdzam,1,0,1,0.0
paparrazzi,0,1,1,1.0
ihuxfp,0,1,1,1.0
overwrit,0,1,1,1.0
husbanddeposit,0,1,1,1.0
pkkwdm,0,1,1,1.0
fyoyjrj,0,1,1,1.0
lowcost,0,1,1,1.0
spgtrike,0,1,1,1.0
alynch,1,0,1,0.0
ufnya,0,1,1,1.0
ajdnh,0,1,1,1.0
atribuido,0,1,1,1.0
vaction,0,1,1,1.0
zalmasani,1,0,1,0.0
ammocoet,0,1,1,1.0
wzbd,0,1,1,1.0
noxxcvw,0,1,1,1.0
insuflação,0,1,1,1.0
sxi,0,1,1,1.0
ciai,0,1,1,1.0
managercredit,0,1,1,1.0
vpufawx,0,1,1,1.0
zephyru,1,0,1,0.0
glyptic,0,1,1,1.0
hkbecr,0,1,1,1.0
pualhwud,0,1,1,1.0
petroi,0,1,1,1.0
shayn,0,1,1,1.0
zqmjcz,0,1,1,1.0
ibspkica,0,1,1,1.0
bsl,0,1,1,1.0
benfit,1,0,1,0.0
español,0,1,1,1.0
buvi,0,1,1,1.0
vlslt,0,1,1,1.0
melain,1,0,1,0.0
pnhijldmsnjm,0,1,1,1.0
sufficeth,0,1,1,1.0
fexistp,0,1,1,1.0
pym,0,1,1,1.0
onlien,0,1,1,1.0
ihkkcft,0,1,1,1.0
hdmi,0,1,1,1.0
paramahansa,0,1,1,1.0
universalin,0,1,1,1.0
sameway,0,1,1,1.0
oxfryqixq,0,1,1,1.0
terk,0,1,1,1.0
buyherb,0,1,1,1.0
windswept,1,0,1,0.0
cesyix,0,1,1,1.0
runboxgoodby,0,1,1,1.0
entomophthoral,0,1,1,1.0
heere,0,1,1,1.0
mosbasd,0,1,1,1.0
chapin,0,1,1,1.0
bcjsystem,1,0,1,0.0
dherron,1,0,1,0.0
eyk,0,1,1,1.0
biirt,0,1,1,1.0
xmao,1,0,1,0.0
jchapa,1,0,1,0.0
swordstick,0,1,1,1.0
fulla,0,1,1,1.0
hisotri,0,1,1,1.0
thoughtfullymor,0,1,1,1.0
beav,1,0,1,0.0
guatemalan,1,0,1,0.0
ballfieldlineman,0,1,1,1.0
servicesl,0,1,1,1.0
hyphenatechildlik,0,1,1,1.0
telecomunicacion,0,1,1,1.0
sztqinoh,0,1,1,1.0
warrantydrudgeri,0,1,1,1.0
tmooney,1,0,1,0.0
zephaniah,1,0,1,0.0
woollen,0,1,1,1.0
anticp,1,0,1,0.0
iovtnneri,0,1,1,1.0
qualcom,1,0,1,0.0
austinmedtech,0,1,1,1.0
ldotard,0,1,1,1.0
kti,0,1,1,1.0
zfguj,0,1,1,1.0
cendantmobl,1,0,1,0.0
peemirr,0,1,1,1.0
hulmevil,0,1,1,1.0
asegurar,0,1,1,1.0
jgjrzbgrwohe,0,1,1,1.0
lxrhypclr,0,1,1,1.0
crumplebackhand,0,1,1,1.0
siatar,1,0,1,0.0
qwumlngumhyo,0,1,1,1.0
fhiuczui,0,1,1,1.0
tvujey,0,1,1,1.0
lastplay,0,1,1,1.0
shisp,0,1,1,1.0
xnkzi,0,1,1,1.0
nlfdnbyl,0,1,1,1.0
mdwibksyc,0,1,1,1.0
wsw,0,1,1,1.0
agght,0,1,1,1.0
trademarkarum,0,1,1,1.0
zixktku,0,1,1,1.0
jphnxxl,0,1,1,1.0
móre,0,1,1,1.0
varicos,0,1,1,1.0
freetoday,0,1,1,1.0
chokai,0,1,1,1.0
ladybugbenoit,0,1,1,1.0
bosomgrosbeak,0,1,1,1.0
zgdsyz,0,1,1,1.0
wfimhw,0,1,1,1.0
outlookindia,1,0,1,0.0
encap,1,0,1,0.0
sqrela,0,1,1,1.0
avdp,0,1,1,1.0
xhgzsgym,0,1,1,1.0
suruler,0,1,1,1.0
raud,0,1,1,1.0
momentforu,0,1,1,1.0
zzhvuu,0,1,1,1.0
sprocketblurri,0,1,1,1.0
ymthbjxnai,0,1,1,1.0
arxit,0,1,1,1.0
nlooadztf,0,1,1,1.0
biannual,1,0,1,0.0
uncontest,1,0,1,0.0
siez,0,1,1,1.0
qfegqhvkvgdootbspcz,0,1,1,1.0
sdpsm,0,1,1,1.0
shcool,0,1,1,1.0
incentivarem,0,1,1,1.0
intwin,0,1,1,1.0
bgl,0,1,1,1.0
lovelandfinitari,0,1,1,1.0
jardinier,0,1,1,1.0
ohetr,0,1,1,1.0
cedayhel,0,1,1,1.0
discur,0,1,1,1.0
vgd,0,1,1,1.0
contrapuntist,0,1,1,1.0
stabiliem,0,1,1,1.0
wbcvlkrn,0,1,1,1.0
cqyfmp,0,1,1,1.0
arveland,1,0,1,0.0
perrvet,0,1,1,1.0
tranquilli,0,1,1,1.0
ewfmf,0,1,1,1.0
bwestrich,1,0,1,0.0
rpjiw,0,1,1,1.0
fpwzie,0,1,1,1.0
tthd,0,1,1,1.0
caland,1,0,1,0.0
zgw,0,1,1,1.0
skoog,1,0,1,0.0
especailli,0,1,1,1.0
arqeut,0,1,1,1.0
ravenswaay,1,0,1,0.0
czjj,0,1,1,1.0
pecv,0,1,1,1.0
carbanilid,0,1,1,1.0
aurelia,0,1,1,1.0
netapp,1,0,1,0.0
szyitv,0,1,1,1.0
aekz,0,1,1,1.0
gledhil,1,0,1,0.0
epidemia,0,1,1,1.0
supposili,1,0,1,0.0
biggio,1,0,1,0.0
asahi,1,0,1,0.0
depron,0,1,1,1.0
efqiraxnp,0,1,1,1.0
ellodoyo,0,1,1,1.0
garycharliel,0,1,1,1.0
vnchhtger,0,1,1,1.0
armsand,0,1,1,1.0
ydszbqc,0,1,1,1.0
freenix,1,0,1,0.0
mcgoldrick,1,0,1,0.0
crofotn,1,0,1,0.0
warszawski,1,0,1,0.0
laeng,0,1,1,1.0
ejacvul,0,1,1,1.0
kostenguenstig,0,1,1,1.0
overc,0,1,1,1.0
ttheiir,0,1,1,1.0
failth,1,0,1,0.0
absolutionelis,0,1,1,1.0
rmfkkapfwbbbdasa,0,1,1,1.0
theyicannot,0,1,1,1.0
qgcoa,0,1,1,1.0
richardraymond,0,1,1,1.0
glutton,0,1,1,1.0
lorderedsetsfeatur,1,0,1,0.0
semichem,1,0,1,0.0
serinecoxcomb,0,1,1,1.0
neslon,1,0,1,0.0
issa,1,0,1,0.0
tabasco,0,1,1,1.0
snipper,0,1,1,1.0
soliloqu,0,1,1,1.0
unspoken,1,0,1,0.0
superginstig,0,1,1,1.0
dyssodia,0,1,1,1.0
zensur,0,1,1,1.0
weij,1,0,1,0.0
rtlcj,0,1,1,1.0
vqjikbf,0,1,1,1.0
nowal,0,1,1,1.0
lffxsn,0,1,1,1.0
dietret,1,0,1,0.0
teldatasolut,1,0,1,0.0
qluef,0,1,1,1.0
kbg,0,1,1,1.0
nonrenew,1,0,1,0.0
eglaedt,0,1,1,1.0
harnest,1,0,1,0.0
cecyt,0,1,1,1.0
vigilantedec,0,1,1,1.0
steri,0,1,1,1.0
dudack,1,0,1,0.0
gosometim,0,1,1,1.0
dotnauesn,0,1,1,1.0
hvtl,0,1,1,1.0
veneti,0,1,1,1.0
onlinemarket,0,1,1,1.0
mnpgan,0,1,1,1.0
desconhecido,0,1,1,1.0
viagen,0,1,1,1.0
cxiialiss,0,1,1,1.0
jsmitherman,1,0,1,0.0
beeinflussen,0,1,1,1.0
accountin,0,1,1,1.0
kunmail,0,1,1,1.0
bohnet,1,0,1,0.0
tgtgpkmpo,0,1,1,1.0
andcat,0,1,1,1.0
auyzdyt,0,1,1,1.0
stilt,0,1,1,1.0
faxl,1,0,1,0.0
tpyglt,0,1,1,1.0
balakrishnan,1,0,1,0.0
baraniuk,1,0,1,0.0
wegacompet,0,1,1,1.0
vzurdnptkoauc,0,1,1,1.0
tsu,0,1,1,1.0
hdter,0,1,1,1.0
pxqdwppzh,0,1,1,1.0
juicio,0,1,1,1.0
ndqwqz,0,1,1,1.0
tysabri,0,1,1,1.0
sarampión,0,1,1,1.0
zfa,0,1,1,1.0
strongelimin,0,1,1,1.0
acidulouss,0,1,1,1.0
tartarean,0,1,1,1.0
stenfon,1,0,1,0.0
mepg,1,0,1,0.0
maestrini,1,0,1,0.0
goldcoastforens,0,1,1,1.0
èñíï,0,1,1,1.0
avdn,0,1,1,1.0
mhlped,0,1,1,1.0
zyyqywp,0,1,1,1.0
compaqã,0,1,1,1.0
leevlitra,0,1,1,1.0
cpcg,1,0,1,0.0
eqgslv,0,1,1,1.0
voq,0,1,1,1.0
nrshep,0,1,1,1.0
hrgvocic,1,0,1,0.0
fifaworldcup,0,1,1,1.0
wodzf,0,1,1,1.0
blanck,1,0,1,0.0
strake,1,0,1,0.0
amstel,0,1,1,1.0
migan,0,1,1,1.0
pvcmic,0,1,1,1.0
prescriptionnetm,0,1,1,1.0
clickinghereand,0,1,1,1.0
topdest,0,1,1,1.0
zdrrdlynd,0,1,1,1.0
overpois,0,1,1,1.0
reicher,1,0,1,0.0
bmroth,1,0,1,0.0
nlght,0,1,1,1.0
troygradi,0,1,1,1.0
rgbztyb,0,1,1,1.0
uhfyw,0,1,1,1.0
comdel,0,1,1,1.0
ecsu,1,0,1,0.0
aherrera,1,0,1,0.0
vzak,0,1,1,1.0
qxyjxk,0,1,1,1.0
kaxelsonchianfong,0,1,1,1.0
asleeprob,0,1,1,1.0
nprvcvszf,0,1,1,1.0
yfqpdr,0,1,1,1.0
retur,0,1,1,1.0
sojogakac,0,1,1,1.0
kjkschzuruclt,0,1,1,1.0
liie,1,0,1,0.0
tabletspac,0,1,1,1.0
jurnut,0,1,1,1.0
lyrkqvq,0,1,1,1.0
elegir,0,1,1,1.0
gelmi,1,0,1,0.0
tulawaka,0,1,1,1.0
aqvdsoy,0,1,1,1.0
ffrank,0,1,1,1.0
toloshoka,0,1,1,1.0
hypnotist,1,0,1,0.0
vub,1,0,1,0.0
maxey,1,0,1,0.0
ksdiseas,0,1,1,1.0
suministrar,1,0,1,0.0
embroillob,0,1,1,1.0
subscrição,0,1,1,1.0
keedl,0,1,1,1.0
secondinsta,0,1,1,1.0
bnfqpf,0,1,1,1.0
schlauch,0,1,1,1.0
sbbzgralm,0,1,1,1.0
serect,0,1,1,1.0
thatrxstor,0,1,1,1.0
uxyctswon,0,1,1,1.0
amyc,1,0,1,0.0
mixmail,0,1,1,1.0
resuscitateferri,0,1,1,1.0
wieb,1,0,1,0.0
hzbc,0,1,1,1.0
rover,0,1,1,1.0
makin,0,1,1,1.0
rnnate,0,1,1,1.0
slkk,0,1,1,1.0
jumud,0,1,1,1.0
xaftwrct,0,1,1,1.0
glin,1,0,1,0.0
mccurdi,1,0,1,0.0
ddrdhop,0,1,1,1.0
jploaglgi,0,1,1,1.0
fprh,0,1,1,1.0
hodt,0,1,1,1.0
przypadku,1,0,1,0.0
dmmwej,0,1,1,1.0
udcmxa,1,0,1,0.0
ghzi,0,1,1,1.0
rolandmabota,0,1,1,1.0
minmor,0,1,1,1.0
cokxwej,0,1,1,1.0
xxxcumfacesxxx,0,1,1,1.0
mitzi,0,1,1,1.0
diplomatura,0,1,1,1.0
andiin,0,1,1,1.0
planti,0,1,1,1.0
racehedonist,0,1,1,1.0
hugedickporno,0,1,1,1.0
oficio,0,1,1,1.0
rgaxrvkf,0,1,1,1.0
removemenow,0,1,1,1.0
xsdpvl,0,1,1,1.0
seqmscilu,0,1,1,1.0
izchsesptsqlum,0,1,1,1.0
vmjijywst,0,1,1,1.0
tylwyuui,0,1,1,1.0
moreexplain,0,1,1,1.0
jjx,0,1,1,1.0
corelventuragam,0,1,1,1.0
koontz,1,0,1,0.0
jmwae,0,1,1,1.0
antr,0,1,1,1.0
yearnam,1,0,1,0.0
internetwork,0,1,1,1.0
watertown,0,1,1,1.0
holdsthestatu,0,1,1,1.0
somnif,0,1,1,1.0
kumalo,0,1,1,1.0
differen,1,0,1,0.0
lsodtx,0,1,1,1.0
yad,0,1,1,1.0
nfiyybr,0,1,1,1.0
survi,0,1,1,1.0
descubrimiento,0,1,1,1.0
wbwfw,0,1,1,1.0
pkol,0,1,1,1.0
yamaguchi,1,0,1,0.0
zzlm,0,1,1,1.0
onw,0,1,1,1.0
stonewho,0,1,1,1.0
xqz,0,1,1,1.0
dtjtd,0,1,1,1.0
ninu,0,1,1,1.0
directorsapphir,0,1,1,1.0
igdcycv,0,1,1,1.0
bjmlptsl,0,1,1,1.0
jrwriter,0,1,1,1.0
presin,0,1,1,1.0
schlumbergersema,1,0,1,0.0
conqueral,0,1,1,1.0
oureuropean,0,1,1,1.0
amountaft,0,1,1,1.0
bhorton,1,0,1,0.0
cehczyox,0,1,1,1.0
samsonit,0,1,1,1.0
zmbjmlaytgboz,0,1,1,1.0
hjsr,0,1,1,1.0
weightwheezi,0,1,1,1.0
flpa,0,1,1,1.0
orli,1,0,1,0.0
allr,0,1,1,1.0
bgf,0,1,1,1.0
oooop,1,0,1,0.0
heseesahug,0,1,1,1.0
looower,0,1,1,1.0
fylfot,0,1,1,1.0
rwpwfmaew,0,1,1,1.0
offhandedli,1,0,1,0.0
amenbriwcakun,0,1,1,1.0
rupcxaxlcx,0,1,1,1.0
gatiganti,1,0,1,0.0
kumbia,1,0,1,0.0
turnstil,0,1,1,1.0
elrad,0,1,1,1.0
flagfish,0,1,1,1.0
cbyvb,0,1,1,1.0
magnumnick,0,1,1,1.0
wmsabe,0,1,1,1.0
carefuili,0,1,1,1.0
propaecia,0,1,1,1.0
rodxeohub,0,1,1,1.0
tocompani,0,1,1,1.0
yuot,0,1,1,1.0
flpp,0,1,1,1.0
delver,0,1,1,1.0
qijtkyuwbr,0,1,1,1.0
wvxeuxu,0,1,1,1.0
dqmxq,0,1,1,1.0
bebisim,0,1,1,1.0
ordovician,0,1,1,1.0
pharmb,0,1,1,1.0
puerilecafeteria,0,1,1,1.0
approp,1,0,1,0.0
oicmt,0,1,1,1.0
optimicen,0,1,1,1.0
gratyz,0,1,1,1.0
hzkuzrmi,0,1,1,1.0
individualsor,0,1,1,1.0
aproveitamento,0,1,1,1.0
zlozyli,1,0,1,0.0
exciuslv,0,1,1,1.0
,0,1,1,1.0
sjtcrhrdxya,0,1,1,1.0
heritagefinanceltd,0,1,1,1.0
semidumb,1,0,1,0.0
jazzmailman,0,1,1,1.0
ferryman,0,1,1,1.0
qxtnqdm,0,1,1,1.0
heqr,0,1,1,1.0
arbeitsversionen,0,1,1,1.0
zuqrsqpi,0,1,1,1.0
bcjv,0,1,1,1.0
profesora,0,1,1,1.0
jnu,0,1,1,1.0
mckinnon,0,1,1,1.0
perhapsa,1,0,1,0.0
gmoew,0,1,1,1.0
rbvzzgzhz,0,1,1,1.0
colcgi,0,1,1,1.0
mapijuorub,0,1,1,1.0
prosepct,0,1,1,1.0
interwoven,0,1,1,1.0
zylsuf,0,1,1,1.0
hilbrand,1,0,1,0.0
neuroblast,0,1,1,1.0
hofgeest,0,1,1,1.0
comunitária,0,1,1,1.0
yelppamela,0,1,1,1.0
mwtwomin,1,0,1,0.0
yhich,0,1,1,1.0
ktvysaioa,0,1,1,1.0
manarin,1,0,1,0.0
shalt,0,1,1,1.0
hornyregulargirl,0,1,1,1.0
zbxyqw,0,1,1,1.0
quilogra,0,1,1,1.0
frangipan,0,1,1,1.0
sagittatum,0,1,1,1.0
amqhd,0,1,1,1.0
absoluta,0,1,1,1.0
dygresji,1,0,1,0.0
kernkabinet,0,1,1,1.0
clinchhereinbelow,0,1,1,1.0
brabant,0,1,1,1.0
abolishal,0,1,1,1.0
vkyropq,0,1,1,1.0
kanpur,1,0,1,0.0
nta,0,1,1,1.0
yzqvx,0,1,1,1.0
gjnb,0,1,1,1.0
rockfinltdl,0,1,1,1.0
rangepol,0,1,1,1.0
ygvafzf,0,1,1,1.0
mlbray,1,0,1,0.0
shrimper,0,1,1,1.0
cruiseview,0,1,1,1.0
plhzwj,0,1,1,1.0
defunt,0,1,1,1.0
tayyab,1,0,1,0.0
rugvwd,0,1,1,1.0
rolax,0,1,1,1.0
thnouusran,0,1,1,1.0
ossian,0,1,1,1.0
papillot,0,1,1,1.0
jvdsbilbr,0,1,1,1.0
kingcraft,0,1,1,1.0
gleiwitz,0,1,1,1.0
mzbqp,0,1,1,1.0
summerpajama,0,1,1,1.0
alvast,0,1,1,1.0
pentagonalvivac,0,1,1,1.0
amitai,1,0,1,0.0
gebwamukc,0,1,1,1.0
twolf,1,0,1,0.0
juicer,0,1,1,1.0
okbrkq,0,1,1,1.0
boggingcrowberri,0,1,1,1.0
condabt,0,1,1,1.0
trafico,0,1,1,1.0
rizemi,0,1,1,1.0
aspectgranvil,0,1,1,1.0
citgroup,1,0,1,0.0
parrotri,0,1,1,1.0
scriptiontor,0,1,1,1.0
lqdddq,0,1,1,1.0
excklus,0,1,1,1.0
vuquoc,0,1,1,1.0
llybkin,0,1,1,1.0
spanglersj,0,1,1,1.0
uwpwjzth,0,1,1,1.0
incluida,0,1,1,1.0
mvcoxbz,0,1,1,1.0
pageabl,1,0,1,0.0
yqggxpz,0,1,1,1.0
lncredib,0,1,1,1.0
yxuumrxm,0,1,1,1.0
darement,0,1,1,1.0
hawkeyecorp,0,1,1,1.0
promisljen,0,1,1,1.0
socdeo,0,1,1,1.0
mailhead,0,1,1,1.0
plack,1,0,1,0.0
demerg,1,0,1,0.0
becausesurpris,0,1,1,1.0
nonpeak,1,0,1,0.0
nunkgsdsi,0,1,1,1.0
gtqfgafm,0,1,1,1.0
kwmmdr,0,1,1,1.0
premaid,0,1,1,1.0
estão,0,1,1,1.0
phphere,0,1,1,1.0
parshley,1,0,1,0.0
rsalladay,1,0,1,0.0
ampatingo,0,1,1,1.0
krz,0,1,1,1.0
galli,1,0,1,0.0
coalescentcolli,0,1,1,1.0
berbera,0,1,1,1.0
krwaka,0,1,1,1.0
torontokingdom,0,1,1,1.0
sjhtbm,0,1,1,1.0
axfcrxsdw,0,1,1,1.0
actdku,0,1,1,1.0
kfpkcb,0,1,1,1.0
peticion,0,1,1,1.0
aaer,0,1,1,1.0
feibrw,0,1,1,1.0
includingfvicodin,0,1,1,1.0
kdvjho,0,1,1,1.0
porterfield,1,0,1,0.0
todi,0,1,1,1.0
pedrobul,0,1,1,1.0
umgesetzt,0,1,1,1.0
bjeider,1,0,1,0.0
uyt,0,1,1,1.0
izlwkml,0,1,1,1.0
yelid,0,1,1,1.0
kvcui,0,1,1,1.0
vxb,0,1,1,1.0
mousekey,0,1,1,1.0
shcedul,1,0,1,0.0
takea,0,1,1,1.0
uizprlddh,0,1,1,1.0
industrialrisk,1,0,1,0.0
jtsjx,0,1,1,1.0
pactperipatet,0,1,1,1.0
ddwmog,0,1,1,1.0
krlmb,0,1,1,1.0
bxysc,0,1,1,1.0
herteit,0,1,1,1.0
nkymi,0,1,1,1.0
problemsbr,0,1,1,1.0
poniewaz,1,0,1,0.0
kleintop,1,0,1,0.0
hayboonet,1,0,1,0.0
eneri,1,0,1,0.0
fdzushwn,0,1,1,1.0
gretchenmin,0,1,1,1.0
ïîñëàíî,0,1,1,1.0
yvlao,0,1,1,1.0
freecardsearch,0,1,1,1.0
gepc,0,1,1,1.0
dujpxms,0,1,1,1.0
haaav,0,1,1,1.0
ordinationg,1,0,1,0.0
hanssen,0,1,1,1.0
backped,1,0,1,0.0
lremettr,0,1,1,1.0
describechump,0,1,1,1.0
catecholamin,0,1,1,1.0
mileg,1,0,1,0.0
importanct,1,0,1,0.0
orkv,0,1,1,1.0
xkf,0,1,1,1.0
extn,1,0,1,0.0
ivbni,0,1,1,1.0
mzfshsqp,0,1,1,1.0
ypk,0,1,1,1.0
poulenc,0,1,1,1.0
environm,1,0,1,0.0
elana,1,0,1,0.0
redireccion,0,1,1,1.0
jneeffvz,0,1,1,1.0
forwardthi,0,1,1,1.0
xagazengik,0,1,1,1.0
internetso,0,1,1,1.0
oaohkv,0,1,1,1.0
brookem,1,0,1,0.0
genuiti,1,0,1,0.0
körper,0,1,1,1.0
branonmarsh,1,0,1,0.0
degeneratepow,0,1,1,1.0
optionscontrol,0,1,1,1.0
qsrsmqte,0,1,1,1.0
gupmann,0,1,1,1.0
rtyggmm,0,1,1,1.0
egeminsa,1,0,1,0.0
prehensil,0,1,1,1.0
calvino,1,0,1,0.0
jjhqli,0,1,1,1.0
cwojta,1,0,1,0.0
bjzsbl,0,1,1,1.0
arimax,1,0,1,0.0
emsalazar,1,0,1,0.0
andautumn,0,1,1,1.0
feusi,1,0,1,0.0
gdciw,0,1,1,1.0
awkwardli,1,0,1,0.0
overtrain,0,1,1,1.0
terwillig,1,0,1,0.0
ctbauwcp,0,1,1,1.0
stamfordanatom,0,1,1,1.0
rbubav,0,1,1,1.0
ihdf,0,1,1,1.0
qnyokdk,0,1,1,1.0
itzdzeezb,0,1,1,1.0
jvdcoebgvtpwlh,0,1,1,1.0
sdfcqq,0,1,1,1.0
huynh,1,0,1,0.0
eleth,1,0,1,0.0
djo,0,1,1,1.0
meeeeeeed,0,1,1,1.0
nutcrackfab,0,1,1,1.0
quicktrad,1,0,1,0.0
beauregardextinct,0,1,1,1.0
doormat,0,1,1,1.0
vuuriu,0,1,1,1.0
uoxlqmwt,0,1,1,1.0
dgb,0,1,1,1.0
gkonovalova,0,1,1,1.0
rabintumultu,0,1,1,1.0
numberstrictli,0,1,1,1.0
norment,1,0,1,0.0
foxr,0,1,1,1.0
domainand,0,1,1,1.0
privac,0,1,1,1.0
radcliffedelph,0,1,1,1.0
mjzpcq,0,1,1,1.0
evergreendorca,0,1,1,1.0
moreo,0,1,1,1.0
entwgvii,0,1,1,1.0
cookiesspac,0,1,1,1.0
vjornrkv,0,1,1,1.0
duraswitch,1,0,1,0.0
tocouldn,0,1,1,1.0
rmyq,0,1,1,1.0
ndemil,0,1,1,1.0
compaqnet,0,1,1,1.0
swisskey,1,0,1,0.0
jgnaacfg,0,1,1,1.0
joiyn,0,1,1,1.0
xpq,0,1,1,1.0
cruzar,0,1,1,1.0
eudiomet,0,1,1,1.0
uyuez,0,1,1,1.0
drtaykjv,0,1,1,1.0
newsstat,0,1,1,1.0
extolleddispar,0,1,1,1.0
opu,0,1,1,1.0
mammi,0,1,1,1.0
ejjr,0,1,1,1.0
olkr,0,1,1,1.0
nebulousconfut,0,1,1,1.0
oibr,0,1,1,1.0
areahotel,1,0,1,0.0
smokeless,0,1,1,1.0
moneywhen,0,1,1,1.0
kgahejbglkp,0,1,1,1.0
sampr,0,1,1,1.0
fxisfvpho,0,1,1,1.0
qsvwgnqxla,0,1,1,1.0
imprtant,0,1,1,1.0
cau,0,1,1,1.0
malam,0,1,1,1.0
chorda,0,1,1,1.0
wocrk,0,1,1,1.0
phinjoneso,0,1,1,1.0
freetravel,0,1,1,1.0
vcfyum,0,1,1,1.0
fontspan,0,1,1,1.0
niniejszym,1,0,1,0.0
ruvk,0,1,1,1.0
handjob,0,1,1,1.0
camiknick,0,1,1,1.0
jxnl,0,1,1,1.0
bmbazxjvvazrq,0,1,1,1.0
prkywo,0,1,1,1.0
pbbbeywud,0,1,1,1.0
jlovel,0,1,1,1.0
deputatio,0,1,1,1.0
harmonist,0,1,1,1.0
fmla,1,0,1,0.0
gaac,0,1,1,1.0
vtdin,0,1,1,1.0
zeznucihg,0,1,1,1.0
comeforward,0,1,1,1.0
ela,0,1,1,1.0
centroga,1,0,1,0.0
yfsphz,0,1,1,1.0
vesseel,0,1,1,1.0
fvlpwpdch,0,1,1,1.0
tkaslow,1,0,1,0.0
alsmedherb,0,1,1,1.0
vao,0,1,1,1.0
wtz,0,1,1,1.0
jbmhr,0,1,1,1.0
dile,0,1,1,1.0
andpresum,0,1,1,1.0
sandmaier,1,0,1,0.0
prive,0,1,1,1.0
tanyafif,0,1,1,1.0
gensichen,1,0,1,0.0
oophorectomi,0,1,1,1.0
tonrhf,0,1,1,1.0
zckvza,0,1,1,1.0
zjgpw,0,1,1,1.0
hvac,1,0,1,0.0
zkmohk,0,1,1,1.0
underinsur,0,1,1,1.0
vkitb,0,1,1,1.0
formlend,0,1,1,1.0
dtvit,0,1,1,1.0
ibendr,0,1,1,1.0
everybodywhoop,0,1,1,1.0
oaptnubelyaduaooxui,0,1,1,1.0
tomr,0,1,1,1.0
enterhi,0,1,1,1.0
achokshi,1,0,1,0.0
daiuu,0,1,1,1.0
portfo,1,0,1,0.0
mjuxc,0,1,1,1.0
dngh,0,1,1,1.0
dasyuan,1,0,1,0.0
lawrenceburg,1,0,1,0.0
indemand,0,1,1,1.0
qmdvju,0,1,1,1.0
fleeceoppos,0,1,1,1.0
presstim,1,0,1,0.0
maitraye,0,1,1,1.0
weitergeleitet,0,1,1,1.0
xnqhd,0,1,1,1.0
septembr,1,0,1,0.0
compprog,0,1,1,1.0
requst,1,0,1,0.0
tehok,0,1,1,1.0
alargamiento,0,1,1,1.0
triptychdactyl,0,1,1,1.0
ihw,0,1,1,1.0
mayenc,0,1,1,1.0
bhiukvg,0,1,1,1.0
hkbftvzt,0,1,1,1.0
yteziwoii,0,1,1,1.0
impalaladdi,0,1,1,1.0
wian,1,0,1,0.0
cystiti,0,1,1,1.0
htmlpictur,0,1,1,1.0
dutra,1,0,1,0.0
chicli,0,1,1,1.0
qurjfoprza,0,1,1,1.0
madethat,0,1,1,1.0
studdard,0,1,1,1.0
retmail,0,1,1,1.0
pocketth,0,1,1,1.0
cxaflju,0,1,1,1.0
tyw,0,1,1,1.0
eandersen,1,0,1,0.0
facilitiesclark,1,0,1,0.0
mujch,0,1,1,1.0
vhisfxdpfogkg,0,1,1,1.0
bobbyblackmail,0,1,1,1.0
jmimxey,0,1,1,1.0
mhotoohey,0,1,1,1.0
pagarl,0,1,1,1.0
bouchercelebr,0,1,1,1.0
bhjqypt,0,1,1,1.0
pinnnamaneni,1,0,1,0.0
documentacion,0,1,1,1.0
jdfpmqw,0,1,1,1.0
wlkil,0,1,1,1.0
bodweek,1,0,1,0.0
santana,1,0,1,0.0
smuzgf,0,1,1,1.0
uotwhatn,0,1,1,1.0
ggvp,0,1,1,1.0
orteshar,0,1,1,1.0
fkk,0,1,1,1.0
okyajkgu,0,1,1,1.0
verdanc,0,1,1,1.0
rejigg,1,0,1,0.0
probiogen,0,1,1,1.0
rhurt,1,0,1,0.0
btue,1,0,1,0.0
oihdpxk,0,1,1,1.0
teacl,1,0,1,0.0
wobf,0,1,1,1.0
mkohkm,0,1,1,1.0
meh,1,0,1,0.0
eggleton,1,0,1,0.0
stte,0,1,1,1.0
pxnv,0,1,1,1.0
bhutyaõ,0,1,1,1.0
craddock,1,0,1,0.0
ztmow,0,1,1,1.0
naj,0,1,1,1.0
reqan,0,1,1,1.0
noxprklncbrjm,0,1,1,1.0
xndsnt,0,1,1,1.0
vorhaeng,0,1,1,1.0
azdnb,0,1,1,1.0
pdozboc,0,1,1,1.0
odwewnetrznego,1,0,1,0.0
qorhrjxr,0,1,1,1.0
qatgm,0,1,1,1.0
sappd,0,1,1,1.0
nxfugjxlxb,0,1,1,1.0
dýnleyebýlm,0,1,1,1.0
xsnhvanr,0,1,1,1.0
jgzek,0,1,1,1.0
ahkcmfhxuzi,0,1,1,1.0
reig,0,1,1,1.0
idyr,0,1,1,1.0
requri,1,0,1,0.0
thitherto,0,1,1,1.0
uejtu,0,1,1,1.0
sledgewrith,0,1,1,1.0
dinheiro,0,1,1,1.0
bldo,0,1,1,1.0
yqsh,0,1,1,1.0
pathfindermail,0,1,1,1.0
bertelsmann,0,1,1,1.0
wkmeg,0,1,1,1.0
clynemartin,1,0,1,0.0
amoralop,0,1,1,1.0
ktlea,0,1,1,1.0
beevn,0,1,1,1.0
belmontclan,0,1,1,1.0
tiurtj,0,1,1,1.0
hyjvdgv,0,1,1,1.0
bwxlnaj,0,1,1,1.0
cathfedr,0,1,1,1.0
hiqdyp,0,1,1,1.0
qppqagxkbr,0,1,1,1.0
hlok,0,1,1,1.0
esptl,0,1,1,1.0
kbqzt,0,1,1,1.0
superdollar,1,0,1,0.0
creditd,0,1,1,1.0
msfgj,0,1,1,1.0
frztxhkmbr,0,1,1,1.0
vtpim,0,1,1,1.0
lpitai,0,1,1,1.0
rigyht,0,1,1,1.0
obuu,0,1,1,1.0
mebb,0,1,1,1.0
bekki,0,1,1,1.0
begreifen,0,1,1,1.0
garantida,0,1,1,1.0
sherriel,1,0,1,0.0
vdyrybvnl,0,1,1,1.0
jedyna,1,0,1,0.0
exept,1,0,1,0.0
vcon,1,0,1,0.0
nicholai,1,0,1,0.0
globeveldt,0,1,1,1.0
emenda,0,1,1,1.0
ahmedadam,0,1,1,1.0
gmartinezo,0,1,1,1.0
bodywho,0,1,1,1.0
rbydkru,0,1,1,1.0
demiranda,1,0,1,0.0
qehwol,0,1,1,1.0
envifi,1,0,1,0.0
monophysit,0,1,1,1.0
soliden,0,1,1,1.0
yvrckvt,0,1,1,1.0
gsbl,0,1,1,1.0
ijwmzzuvknar,0,1,1,1.0
rappel,0,1,1,1.0
rih,0,1,1,1.0
romneya,0,1,1,1.0
entretanto,0,1,1,1.0
ozxck,0,1,1,1.0
opporun,1,0,1,0.0
jerrybal,1,0,1,0.0
cassim,1,0,1,0.0
drushel,1,0,1,0.0
kmccoy,1,0,1,0.0
orgeat,0,1,1,1.0
arfxii,0,1,1,1.0
swiftenergi,1,0,1,0.0
incorreta,0,1,1,1.0
oxigênio,0,1,1,1.0
clkzeixr,0,1,1,1.0
zcytt,0,1,1,1.0
xotnf,0,1,1,1.0
swapco,1,0,1,0.0
questionvei,0,1,1,1.0
fxftcpvxb,0,1,1,1.0
ckslfq,0,1,1,1.0
kjdop,0,1,1,1.0
brybok,0,1,1,1.0
cfrfo,1,0,1,0.0
uccess,0,1,1,1.0
bfxclw,0,1,1,1.0
kmartello,0,1,1,1.0
waynewhig,0,1,1,1.0
bljgkpiygdqgmdnz,0,1,1,1.0
xpvrr,0,1,1,1.0
roxburi,0,1,1,1.0
strapontin,0,1,1,1.0
cskubcf,0,1,1,1.0
mylpmwaldkrmg,0,1,1,1.0
collumbuswalt,0,1,1,1.0
ggnj,0,1,1,1.0
otvhj,0,1,1,1.0
uchiyama,1,0,1,0.0
chenier,0,1,1,1.0
yfrcbh,0,1,1,1.0
wshj,0,1,1,1.0
volwatil,0,1,1,1.0
jdcorp,1,0,1,0.0
prestontimb,0,1,1,1.0
kjnow,0,1,1,1.0
semibas,0,1,1,1.0
quieten,0,1,1,1.0
officiël,0,1,1,1.0
uasiucsw,0,1,1,1.0
vgm,1,0,1,0.0
itsb,0,1,1,1.0
ukdatacd,0,1,1,1.0
bsurfgrl,0,1,1,1.0
kdkbvlmj,0,1,1,1.0
angelito,0,1,1,1.0
lmogen,0,1,1,1.0
thimi,0,1,1,1.0
deloisesheppard,0,1,1,1.0
ghiluauxo,0,1,1,1.0
uvjmrbbzw,0,1,1,1.0
prizewinn,1,0,1,0.0
crout,0,1,1,1.0
tadworth,1,0,1,0.0
tradep,0,1,1,1.0
julyterrifi,0,1,1,1.0
turista,0,1,1,1.0
stubomomaqu,0,1,1,1.0
mclendon,1,0,1,0.0
reasor,1,0,1,0.0
fllng,0,1,1,1.0
cataclasi,0,1,1,1.0
improperjag,0,1,1,1.0
sgbzvm,0,1,1,1.0
sszqxdrok,0,1,1,1.0
cubjpa,1,0,1,0.0
irrofc,0,1,1,1.0
reeplicaa,0,1,1,1.0
oprebelledb,0,1,1,1.0
rountre,1,0,1,0.0
eycvcbwdczbcvra,0,1,1,1.0
remainedunclam,0,1,1,1.0
seria,0,1,1,1.0
draug,0,1,1,1.0
theorvet,0,1,1,1.0
lgazvpxc,0,1,1,1.0
lows,0,1,1,1.0
zynsdirnh,0,1,1,1.0
peddleri,0,1,1,1.0
gyy,0,1,1,1.0
ekmtxh,0,1,1,1.0
andmark,0,1,1,1.0
ballroomatroph,0,1,1,1.0
sprengt,0,1,1,1.0
unaesthet,0,1,1,1.0
londrino,0,1,1,1.0
alpinecultur,0,1,1,1.0
ciailli,0,1,1,1.0
orqxdnek,0,1,1,1.0
tjw,0,1,1,1.0
gnpu,0,1,1,1.0
deliverycurveshift,1,0,1,0.0
wordygag,0,1,1,1.0
meddalert,0,1,1,1.0
zpdlfxc,0,1,1,1.0
defensor,0,1,1,1.0
jezdzic,1,0,1,0.0
vuahi,0,1,1,1.0
bisher,0,1,1,1.0
bankruptcydata,1,0,1,0.0
mncbfseku,0,1,1,1.0
antitrismu,0,1,1,1.0
cavernousjuan,0,1,1,1.0
teuer,0,1,1,1.0
cadechiasson,1,0,1,0.0
nllhcfdh,0,1,1,1.0
ecocbjj,0,1,1,1.0
schilit,1,0,1,0.0
palestra,0,1,1,1.0
hmbow,0,1,1,1.0
dipsomania,0,1,1,1.0
vlihz,0,1,1,1.0
xnqcnb,0,1,1,1.0
xxrquu,0,1,1,1.0
outlawryboletu,0,1,1,1.0
scampo,1,0,1,0.0
canbrasnet,0,1,1,1.0
loaytn,0,1,1,1.0
mucinoid,0,1,1,1.0
alwai,0,1,1,1.0
gysoiqrk,0,1,1,1.0
uvhemoiodlqfovkpz,0,1,1,1.0
biwhp,0,1,1,1.0
lookinzlg,0,1,1,1.0
ybngkteb,0,1,1,1.0
basildalton,0,1,1,1.0
dgyl,0,1,1,1.0
jmcewan,1,0,1,0.0
jczxrvgsmhubxjscf,0,1,1,1.0
marketmarket,0,1,1,1.0
cjyvw,0,1,1,1.0
calgeri,0,1,1,1.0
diprotodont,0,1,1,1.0
tjafborx,0,1,1,1.0
jstaddon,0,1,1,1.0
unionlotteriesuk,0,1,1,1.0
kczpc,0,1,1,1.0
hairston,0,1,1,1.0
bleedaur,0,1,1,1.0
udgyehgg,0,1,1,1.0
uqv,0,1,1,1.0
zamperini,1,0,1,0.0
tjt,0,1,1,1.0
lusk,0,1,1,1.0
theassist,0,1,1,1.0
bfdrvxvi,0,1,1,1.0
bassani,1,0,1,0.0
littlest,0,1,1,1.0
otecgkqj,0,1,1,1.0
ecazpdwgw,0,1,1,1.0
atim,0,1,1,1.0
tphmpo,0,1,1,1.0
toddmel,1,0,1,0.0
aqtcuzhdr,0,1,1,1.0
jinne,0,1,1,1.0
xcp,0,1,1,1.0
orthantashland,0,1,1,1.0
musadirect,0,1,1,1.0
closertothefocu,0,1,1,1.0
gwyabxkk,0,1,1,1.0
pbraga,0,1,1,1.0
ofaquj,0,1,1,1.0
tdauphin,0,1,1,1.0
coleen,1,0,1,0.0
ercigm,0,1,1,1.0
nukdb,0,1,1,1.0
dgxjgk,0,1,1,1.0
svdpvg,0,1,1,1.0
llzbkw,0,1,1,1.0
doodat,0,1,1,1.0
lqrc,0,1,1,1.0
erlang,0,1,1,1.0
ekfvz,0,1,1,1.0
mcyntir,1,0,1,0.0
moorzucchini,0,1,1,1.0
fdbciboz,0,1,1,1.0
szej,1,0,1,0.0
jxvlo,0,1,1,1.0
htf,0,1,1,1.0
havin,0,1,1,1.0
svenson,1,0,1,0.0
vicogdin,0,1,1,1.0
beforeth,0,1,1,1.0
differentpurpos,0,1,1,1.0
czasi,1,0,1,0.0
kvrdvanv,0,1,1,1.0
intaglio,0,1,1,1.0
caulknewsstand,0,1,1,1.0
oplstudio,1,0,1,0.0
iqf,0,1,1,1.0
wec,0,1,1,1.0
forst,1,0,1,0.0
ilziuai,0,1,1,1.0
repliy,0,1,1,1.0
dispersivevuwk,0,1,1,1.0
vrjpaeemr,0,1,1,1.0
frequencyoper,0,1,1,1.0
magasin,0,1,1,1.0
tomahawk,1,0,1,0.0
salisburygraven,0,1,1,1.0
conductancecautionari,0,1,1,1.0
aspijk,1,0,1,0.0
zpfsbecdz,0,1,1,1.0
rydjgmrpfwhnmxqi,0,1,1,1.0
anden,0,1,1,1.0
palombara,0,1,1,1.0
jlivc,0,1,1,1.0
garlicki,0,1,1,1.0
microb,0,1,1,1.0
provoca,0,1,1,1.0
propless,0,1,1,1.0
weggpuowhvsrscjg,0,1,1,1.0
rket,0,1,1,1.0
czibn,0,1,1,1.0
vária,0,1,1,1.0
descubierta,0,1,1,1.0
niddl,0,1,1,1.0
biospectra,0,1,1,1.0
chemat,1,0,1,0.0
acefinanceltd,0,1,1,1.0
trbibwoc,0,1,1,1.0
eybal,0,1,1,1.0
jazzfugazi,0,1,1,1.0
xuni,1,0,1,0.0
dixielandjamestown,0,1,1,1.0
dwgrvf,0,1,1,1.0
mnsgvorjx,0,1,1,1.0
popprod,1,0,1,0.0
jlampshad,0,1,1,1.0
vaecgen,0,1,1,1.0
thumper,0,1,1,1.0
incalcu,1,0,1,0.0
uddfmf,0,1,1,1.0
honcho,1,0,1,0.0
looki,0,1,1,1.0
zjhjqyptx,0,1,1,1.0
lkz,0,1,1,1.0
fprij,0,1,1,1.0
wodg,0,1,1,1.0
stevejam,1,0,1,0.0
vickytootsi,0,1,1,1.0
yqcbodfwhahr,0,1,1,1.0
igj,0,1,1,1.0
webfund,0,1,1,1.0
nhmj,0,1,1,1.0
wlongmir,1,0,1,0.0
exalijcf,0,1,1,1.0
rdj,0,1,1,1.0
congatul,0,1,1,1.0
ronardtoni,0,1,1,1.0
paillard,0,1,1,1.0
gardel,1,0,1,0.0
disithi,0,1,1,1.0
homeloanon,0,1,1,1.0
ynrr,0,1,1,1.0
whyfight,0,1,1,1.0
loooong,0,1,1,1.0
gulfmark,1,0,1,0.0
mkaplan,1,0,1,0.0
greatservic,0,1,1,1.0
pustul,0,1,1,1.0
wsg,0,1,1,1.0
nnno,0,1,1,1.0
beyon,0,1,1,1.0
aezdp,0,1,1,1.0
stimelord,0,1,1,1.0
flfo,1,0,1,0.0
xbqflg,0,1,1,1.0
yxwrg,0,1,1,1.0
shwk,0,1,1,1.0
scl,1,0,1,0.0
sclark,1,0,1,0.0
payloan,0,1,1,1.0
araucaria,1,0,1,0.0
contstraint,1,0,1,0.0
fxifiha,0,1,1,1.0
wëìght,0,1,1,1.0
dduffi,1,0,1,0.0
bizna,0,1,1,1.0
ogw,0,1,1,1.0
rygt,0,1,1,1.0
knightley,0,1,1,1.0
psujfuukg,0,1,1,1.0
bogycluck,0,1,1,1.0
ngol,1,0,1,0.0
incomepaid,0,1,1,1.0
lovettmccleanarlinminn,0,1,1,1.0
ekaterina,0,1,1,1.0
forpropag,0,1,1,1.0
applicsy,0,1,1,1.0
sudamerica,0,1,1,1.0
ffuncop,1,0,1,0.0
csdcgbvuokejisroaqtckf,0,1,1,1.0
khiamah,0,1,1,1.0
uyqmscd,0,1,1,1.0
lesbiancrav,0,1,1,1.0
cmv,0,1,1,1.0
quetion,1,0,1,0.0
wyw,0,1,1,1.0
actualizado,0,1,1,1.0
fhiglek,0,1,1,1.0
xyacu,0,1,1,1.0
iniqu,0,1,1,1.0
aihm,0,1,1,1.0
quesnel,1,0,1,0.0
elrk,0,1,1,1.0
aexaz,0,1,1,1.0
cortometraj,0,1,1,1.0
teleohnp,0,1,1,1.0
otwarci,1,0,1,0.0
ytdloexru,0,1,1,1.0
vwjxbk,0,1,1,1.0
aoy,0,1,1,1.0
myfriendlyshop,0,1,1,1.0
itscentr,1,0,1,0.0
emaa,1,0,1,0.0
jicfpxij,0,1,1,1.0
moroso,0,1,1,1.0
oah,0,1,1,1.0
dktgcvdtydk,0,1,1,1.0
entrepot,0,1,1,1.0
weisbach,1,0,1,0.0
wiper,0,1,1,1.0
excalib,0,1,1,1.0
partem,0,1,1,1.0
healthsouth,1,0,1,0.0
olsvik,1,0,1,0.0
wmjjou,0,1,1,1.0
lesliel,1,0,1,0.0
xxo,0,1,1,1.0
reselect,0,1,1,1.0
tagtoud,0,1,1,1.0
jamcorp,0,1,1,1.0
discountsdop,0,1,1,1.0
ckcut,0,1,1,1.0
dtvv,0,1,1,1.0
stoopedov,0,1,1,1.0
offanyord,0,1,1,1.0
plusbr,0,1,1,1.0
ktfav,0,1,1,1.0
doneckaplomb,0,1,1,1.0
geniessen,0,1,1,1.0
bigitemsboom,0,1,1,1.0
bqmviq,0,1,1,1.0
iejpqjvzt,0,1,1,1.0
symmetr,0,1,1,1.0
cyclopropan,0,1,1,1.0
sekeep,0,1,1,1.0
santaella,0,1,1,1.0
erectionsth,0,1,1,1.0
tconklin,1,0,1,0.0
vulva,0,1,1,1.0
pniuna,0,1,1,1.0
undercollet,1,0,1,0.0
verklaard,0,1,1,1.0
rtohsw,0,1,1,1.0
apro,1,0,1,0.0
petracco,1,0,1,0.0
snowman,0,1,1,1.0
ufjaagui,0,1,1,1.0
bwmksjzmbr,0,1,1,1.0
spotkam,1,0,1,0.0
kingli,0,1,1,1.0
hearer,0,1,1,1.0
viwargra,0,1,1,1.0
xyg,0,1,1,1.0
lxnqyu,0,1,1,1.0
escribanm,0,1,1,1.0
rahj,0,1,1,1.0
mmi,0,1,1,1.0
yronffl,0,1,1,1.0
basilmishka,0,1,1,1.0
rjazlilmm,0,1,1,1.0
giknybqhtk,0,1,1,1.0
ftping,1,0,1,0.0
shedundu,0,1,1,1.0
rhlk,0,1,1,1.0
xjlbxv,0,1,1,1.0
fsdxvbyb,0,1,1,1.0
rilli,0,1,1,1.0
hexagonbaptist,0,1,1,1.0
kriegt,0,1,1,1.0
onslaughtcachalot,0,1,1,1.0
niah,0,1,1,1.0
lssvgma,0,1,1,1.0
apcg,0,1,1,1.0
massingil,1,0,1,0.0
umrfsl,0,1,1,1.0
popsit,0,1,1,1.0
azbj,0,1,1,1.0
punkti,1,0,1,0.0
qee,0,1,1,1.0
jaarlijk,0,1,1,1.0
swnbou,0,1,1,1.0
softel,1,0,1,0.0
cczxkqoivywkmdgtilbk,0,1,1,1.0
belliardstraat,0,1,1,1.0
veco,1,0,1,0.0
lqrti,0,1,1,1.0
ezcrd,0,1,1,1.0
lugerpres,0,1,1,1.0
lncu,0,1,1,1.0
theremitt,0,1,1,1.0
waiamltb,0,1,1,1.0
sbv,0,1,1,1.0
employersand,0,1,1,1.0
pjszc,0,1,1,1.0
pnceret,0,1,1,1.0
mwkvwpddtyisyc,0,1,1,1.0
vpdixmrlethz,0,1,1,1.0
wantcavern,0,1,1,1.0
aljil,0,1,1,1.0
lih,0,1,1,1.0
dcszc,0,1,1,1.0
pum,0,1,1,1.0
remedyy,0,1,1,1.0
jquwoyiqhznftz,0,1,1,1.0
bpcpv,0,1,1,1.0
zyuximgwchwphqlzpc,0,1,1,1.0
busparwp,0,1,1,1.0
btkkzpf,0,1,1,1.0
oxazm,0,1,1,1.0
verypopular,0,1,1,1.0
wrinction,0,1,1,1.0
vsti,0,1,1,1.0
darabond,0,1,1,1.0
vnn,0,1,1,1.0
eastwardawash,0,1,1,1.0
enydrdd,0,1,1,1.0
stellenwert,0,1,1,1.0
atlântica,0,1,1,1.0
genoten,0,1,1,1.0
nzfa,0,1,1,1.0
fqwetk,0,1,1,1.0
relpi,0,1,1,1.0
acadrep,1,0,1,0.0
abuzi,0,1,1,1.0
megnlx,0,1,1,1.0
dificil,0,1,1,1.0
cleer,1,0,1,0.0
whateverit,0,1,1,1.0
svcnf,0,1,1,1.0
namesforeveryon,0,1,1,1.0
vuvecuxsyqcg,0,1,1,1.0
ubbbgfj,0,1,1,1.0
klczk,0,1,1,1.0
customersupport,0,1,1,1.0
ambrosediscret,0,1,1,1.0
ablrmmjc,0,1,1,1.0
xanaufx,0,1,1,1.0
gmmjh,0,1,1,1.0
houteid,0,1,1,1.0
zrghnp,0,1,1,1.0
sjbjjz,0,1,1,1.0
yruvgmm,0,1,1,1.0
eit,1,0,1,0.0
wokab,0,1,1,1.0
borch,0,1,1,1.0
decubitu,0,1,1,1.0
zyrbxfblt,0,1,1,1.0
wqbdhtjl,0,1,1,1.0
zpzl,0,1,1,1.0
lenaght,0,1,1,1.0
xigri,1,0,1,0.0
bidomdm,0,1,1,1.0
febl,1,0,1,0.0
officersay,0,1,1,1.0
visant,1,0,1,0.0
linepad,0,1,1,1.0
lrhbxdic,0,1,1,1.0
yabxtdhm,0,1,1,1.0
tfepx,0,1,1,1.0
dsbw,0,1,1,1.0
ilka,0,1,1,1.0
titt,0,1,1,1.0
iltra,0,1,1,1.0
yrobcz,0,1,1,1.0
rbxdji,0,1,1,1.0
twltro,1,0,1,0.0
maeldvi,0,1,1,1.0
wctopic,1,0,1,0.0
kso,0,1,1,1.0
kmxiwzduir,0,1,1,1.0
promogram,0,1,1,1.0
jeudi,0,1,1,1.0
zicqu,0,1,1,1.0
bekamen,0,1,1,1.0
madegmak,0,1,1,1.0
lesss,0,1,1,1.0
fdsitl,0,1,1,1.0
mshvidobit,0,1,1,1.0
ú,0,1,1,1.0
pantcylindr,0,1,1,1.0
sffhk,0,1,1,1.0
jemchet,0,1,1,1.0
sendtoord,0,1,1,1.0
esw,0,1,1,1.0
ffrvbsww,0,1,1,1.0
iumtjhydfqshpmv,0,1,1,1.0
toher,0,1,1,1.0
fqfxti,0,1,1,1.0
nyqkgbphb,0,1,1,1.0
htmlsee,0,1,1,1.0
ggf,0,1,1,1.0
ttn,0,1,1,1.0
jhe,0,1,1,1.0
arvada,0,1,1,1.0
pragnant,0,1,1,1.0
msu,0,1,1,1.0
trotz,0,1,1,1.0
determinant,0,1,1,1.0
tavist,1,0,1,0.0
oourwflslrmhtmjtgo,0,1,1,1.0
maezxf,0,1,1,1.0
rouch,1,0,1,0.0
hegreatest,0,1,1,1.0
xpsv,0,1,1,1.0
yrunnv,0,1,1,1.0
schimmelbusch,1,0,1,0.0
comradesth,0,1,1,1.0
pcydci,0,1,1,1.0
manilow,0,1,1,1.0
loriann,0,1,1,1.0
qdnpgif,0,1,1,1.0
mealformul,0,1,1,1.0
stefania,0,1,1,1.0
dfur,0,1,1,1.0
gmsa,0,1,1,1.0
ssion,0,1,1,1.0
cyrillatempl,0,1,1,1.0
tfacmzg,0,1,1,1.0
orygin,0,1,1,1.0
gxzysyboa,0,1,1,1.0
csjosey,1,0,1,0.0
texdkv,0,1,1,1.0
vlpvbryif,0,1,1,1.0
ulltram,0,1,1,1.0
majornew,0,1,1,1.0
affiliatedrug,0,1,1,1.0
knhbkt,0,1,1,1.0
dewayn,0,1,1,1.0
vdiwjh,0,1,1,1.0
verreschi,1,0,1,0.0
igghsent,0,1,1,1.0
ppurxc,0,1,1,1.0
pxmb,0,1,1,1.0
ktjmnbmrg,0,1,1,1.0
xbuupzbxa,0,1,1,1.0
cettwtvt,0,1,1,1.0
xuvhidd,0,1,1,1.0
golfemail,0,1,1,1.0
olwhmqp,0,1,1,1.0
dgpggr,0,1,1,1.0
viviani,1,0,1,0.0
cevpr,0,1,1,1.0
oprinc,0,1,1,1.0
wgizlc,0,1,1,1.0
gonderelim,0,1,1,1.0
finainci,0,1,1,1.0
zybian,0,1,1,1.0
cholm,1,0,1,0.0
wkv,0,1,1,1.0
tlmfftabjkpdzhv,0,1,1,1.0
xgca,0,1,1,1.0
fpalgdnmp,0,1,1,1.0
frrretvb,0,1,1,1.0
usyeqi,0,1,1,1.0
schuldenberg,0,1,1,1.0
lvjg,0,1,1,1.0
mquocfk,0,1,1,1.0
desultoryeucharist,0,1,1,1.0
acyclist,0,1,1,1.0
boeren,0,1,1,1.0
kunst,0,1,1,1.0
freepornsecr,0,1,1,1.0
multilicens,1,0,1,0.0
cpower,1,0,1,0.0
adeogun,0,1,1,1.0
peubzuuv,0,1,1,1.0
quinngillespi,1,0,1,0.0
tlieisoqu,0,1,1,1.0
emanywher,0,1,1,1.0
yupnm,0,1,1,1.0
attion,0,1,1,1.0
hjkg,0,1,1,1.0
ssbw,0,1,1,1.0
mdjfd,0,1,1,1.0
qymqxpp,0,1,1,1.0
innovia,0,1,1,1.0
fbc,0,1,1,1.0
osti,1,0,1,0.0
perugia,0,1,1,1.0
bsntqni,0,1,1,1.0
trowel,0,1,1,1.0
xdoeavh,0,1,1,1.0
awlyzv,0,1,1,1.0
zcf,0,1,1,1.0
condion,0,1,1,1.0
kracht,0,1,1,1.0
vittra,0,1,1,1.0
ofhi,0,1,1,1.0
vdba,0,1,1,1.0
indirizzo,0,1,1,1.0
ybjlkvjj,0,1,1,1.0
modificando,0,1,1,1.0
yibcdr,0,1,1,1.0
kathykarp,0,1,1,1.0
exportado,0,1,1,1.0
criança,0,1,1,1.0
overwelm,0,1,1,1.0
lluoj,0,1,1,1.0
pussl,0,1,1,1.0
cmpnlbcg,0,1,1,1.0
iyfrfzdv,0,1,1,1.0
jlawler,1,0,1,0.0
spinthick,0,1,1,1.0
dutyfreesoft,0,1,1,1.0
yxax,0,1,1,1.0
uuencod,1,0,1,0.0
mzex,0,1,1,1.0
htma,0,1,1,1.0
prizer,0,1,1,1.0
gcapstraw,0,1,1,1.0
imrfifik,0,1,1,1.0
spink,1,0,1,0.0
shinglecarol,0,1,1,1.0
hfz,0,1,1,1.0
memeb,0,1,1,1.0
jkezagwi,0,1,1,1.0
sportsinteract,0,1,1,1.0
voerw,0,1,1,1.0
validar,0,1,1,1.0
cudgeri,0,1,1,1.0
ligado,0,1,1,1.0
itnger,0,1,1,1.0
reportw,0,1,1,1.0
pridediffer,0,1,1,1.0
understandsor,0,1,1,1.0
exclusiveiy,0,1,1,1.0
asparticinhibitori,0,1,1,1.0
imocdon,0,1,1,1.0
usnhk,0,1,1,1.0
suitabi,0,1,1,1.0
iarkueavb,0,1,1,1.0
patiena,1,0,1,0.0
medtech,0,1,1,1.0
steuerprofit,0,1,1,1.0
gtbmbbsoitsvn,0,1,1,1.0
bqjmjyhnlfiazhhw,0,1,1,1.0
quotidian,0,1,1,1.0
kentelec,1,0,1,0.0
qeuthyo,0,1,1,1.0
tiftbecloud,0,1,1,1.0
ntytd,0,1,1,1.0
preocupars,0,1,1,1.0
eqbg,0,1,1,1.0
yfcaoor,0,1,1,1.0
etqilbr,0,1,1,1.0
otxoau,0,1,1,1.0
stanislavski,0,1,1,1.0
ingenetix,0,1,1,1.0
ftrgtklr,0,1,1,1.0
hpinebbsp,0,1,1,1.0
pestlemarri,0,1,1,1.0
swrdwnw,0,1,1,1.0
weariedboyd,0,1,1,1.0
dnde,0,1,1,1.0
walrus,0,1,1,1.0
lucey,0,1,1,1.0
zoekertj,0,1,1,1.0
atse,0,1,1,1.0
zpfrenckv,0,1,1,1.0
fideicommissari,0,1,1,1.0
annettalyl,0,1,1,1.0
portacci,1,0,1,0.0
ssd,0,1,1,1.0
mfpamnofw,0,1,1,1.0
xniinw,0,1,1,1.0
ultkyq,0,1,1,1.0
mycertainli,0,1,1,1.0
oriol,0,1,1,1.0
bearr,1,0,1,0.0
hkppput,0,1,1,1.0
kjqhkwrbo,0,1,1,1.0
shoyw,0,1,1,1.0
hereif,0,1,1,1.0
jycqnpigkq,0,1,1,1.0
ujg,0,1,1,1.0
cherubimbrawl,0,1,1,1.0
delftru,0,1,1,1.0
ziehung,0,1,1,1.0
paxxil,0,1,1,1.0
hegukpzq,0,1,1,1.0
jenmizar,1,0,1,0.0
johnnorman,0,1,1,1.0
socratean,0,1,1,1.0
origintaion,1,0,1,0.0
ljjgyrffet,0,1,1,1.0
cfgduybiocan,0,1,1,1.0
guarantess,1,0,1,0.0
willrevert,0,1,1,1.0
nebulaecircumflex,0,1,1,1.0
controlará,0,1,1,1.0
esmero,0,1,1,1.0
doneckpapoos,0,1,1,1.0
osemoturi,0,1,1,1.0
livenwhish,0,1,1,1.0
mdi,0,1,1,1.0
telefônica,0,1,1,1.0
timeless,1,0,1,0.0
cvql,0,1,1,1.0
xpvkv,0,1,1,1.0
projtrak,1,0,1,0.0
nobson,0,1,1,1.0
bjdo,0,1,1,1.0
nune,0,1,1,1.0
ruhftf,0,1,1,1.0
bisignano,1,0,1,0.0
lrr,0,1,1,1.0
snowdon,0,1,1,1.0
gejexei,0,1,1,1.0
marketingforma,0,1,1,1.0
mikeh,1,0,1,0.0
ovmq,0,1,1,1.0
pwb,0,1,1,1.0
tecgtf,0,1,1,1.0
mcgillsixth,0,1,1,1.0
withglob,0,1,1,1.0
dhix,0,1,1,1.0
wdl,0,1,1,1.0
purchasto,0,1,1,1.0
pkqgtamoppassword,0,1,1,1.0
includegener,0,1,1,1.0
deseamo,0,1,1,1.0
burmeseo,0,1,1,1.0
nogap,1,0,1,0.0
olces,1,0,1,0.0
bipiel,1,0,1,0.0
cxnkkw,0,1,1,1.0
µô,0,1,1,1.0
maribel,0,1,1,1.0
visin,0,1,1,1.0
rvicen,1,0,1,0.0
zmin,1,0,1,0.0
unsvbscxib,0,1,1,1.0
pharmacokinet,0,1,1,1.0
yoursolicit,0,1,1,1.0
ravinenitrogen,0,1,1,1.0
ediltg,0,1,1,1.0
argentinanuevisima,0,1,1,1.0
botanictempl,0,1,1,1.0
cfumosjxw,0,1,1,1.0
lwbpat,0,1,1,1.0
cejaudkg,0,1,1,1.0
agjwxor,0,1,1,1.0
jewlirien,0,1,1,1.0
tambourin,0,1,1,1.0
lgzhfi,0,1,1,1.0
hrxour,0,1,1,1.0
rmzonlin,0,1,1,1.0
alquilar,0,1,1,1.0
lenti,1,0,1,0.0
dwzmqjrq,0,1,1,1.0
yest,0,1,1,1.0
terif,0,1,1,1.0
peopletrack,1,0,1,0.0
ycvla,0,1,1,1.0
cmera,0,1,1,1.0
audiometri,0,1,1,1.0
shansel,0,1,1,1.0
débil,0,1,1,1.0
ajusta,0,1,1,1.0
sdcaeot,0,1,1,1.0
nrsc,1,0,1,0.0
wilcrest,1,0,1,0.0
deslaurentidesblvd,0,1,1,1.0
squeri,1,0,1,0.0
idgyniv,0,1,1,1.0
rxfnxkwp,0,1,1,1.0
aggietx,1,0,1,0.0
seiworldwid,1,0,1,0.0
hatley,0,1,1,1.0
wheresan,0,1,1,1.0
perrrrcceentt,0,1,1,1.0
povo,0,1,1,1.0
prato,0,1,1,1.0
oox,0,1,1,1.0
interesar,0,1,1,1.0
tireeee,0,1,1,1.0
efax,0,1,1,1.0
liecenc,0,1,1,1.0
cager,0,1,1,1.0
storeclick,0,1,1,1.0
sadton,0,1,1,1.0
avrnv,0,1,1,1.0
kittel,1,0,1,0.0
certificat,0,1,1,1.0
tabbachino,1,0,1,0.0
goodz,0,1,1,1.0
wnyxbk,0,1,1,1.0
samneday,0,1,1,1.0
oehnd,0,1,1,1.0
xdrhnn,0,1,1,1.0
jbsdq,0,1,1,1.0
jaarrekeningen,0,1,1,1.0
lgtpixt,0,1,1,1.0
belieevd,0,1,1,1.0
silkleafi,0,1,1,1.0
elektrosmog,0,1,1,1.0
tjwecmda,0,1,1,1.0
whiteley,1,0,1,0.0
zretwt,0,1,1,1.0
sangei,0,1,1,1.0
ofhas,0,1,1,1.0
ehxjuscnmccjbcm,0,1,1,1.0
palmar,0,1,1,1.0
tode,0,1,1,1.0
alnxluhyg,0,1,1,1.0
mpxkjjc,0,1,1,1.0
beschermd,0,1,1,1.0
downloadc,0,1,1,1.0
freeconsult,0,1,1,1.0
kaska,1,0,1,0.0
gelockt,0,1,1,1.0
fernbedienung,0,1,1,1.0
hzzsti,0,1,1,1.0
dlu,0,1,1,1.0
urhlriac,0,1,1,1.0
bestselect,0,1,1,1.0
hxyjut,0,1,1,1.0
jurisev,0,1,1,1.0
consideravelment,0,1,1,1.0
degustacion,0,1,1,1.0
lifeworksc,1,0,1,0.0
vchhzpop,0,1,1,1.0
zarni,0,1,1,1.0
supernat,0,1,1,1.0
sleepysnip,0,1,1,1.0
exclua,0,1,1,1.0
ruthledg,0,1,1,1.0
modrt,0,1,1,1.0
goulet,0,1,1,1.0
vineland,0,1,1,1.0
cullhailstorm,0,1,1,1.0
ukuyz,0,1,1,1.0
alst,1,0,1,0.0
ciento,0,1,1,1.0
vlox,0,1,1,1.0
vmof,0,1,1,1.0
gfsae,0,1,1,1.0
jetblu,0,1,1,1.0
aqzq,0,1,1,1.0
wiseman,0,1,1,1.0
mccaff,1,0,1,0.0
epctotk,0,1,1,1.0
qxozzr,0,1,1,1.0
cartoonsl,0,1,1,1.0
ybdjdekynhgeebo,0,1,1,1.0
gtjalr,0,1,1,1.0
efkyg,0,1,1,1.0
whaym,0,1,1,1.0
cocktailcaptain,0,1,1,1.0
panicleexig,0,1,1,1.0
llmaxmgpt,0,1,1,1.0
integralment,0,1,1,1.0
babbar,1,0,1,0.0
rlrwyu,0,1,1,1.0
bvmqyleit,0,1,1,1.0
meimmedi,0,1,1,1.0
outdanc,0,1,1,1.0
streptococci,0,1,1,1.0
fmckbuyk,0,1,1,1.0
officiel,0,1,1,1.0
ernf,0,1,1,1.0
cata,0,1,1,1.0
theknowledg,0,1,1,1.0
mairead,0,1,1,1.0
bfinkelstein,1,0,1,0.0
dolwnoad,0,1,1,1.0
crackdown,0,1,1,1.0
ncn,0,1,1,1.0
staker,0,1,1,1.0
luckyamateurw,0,1,1,1.0
panacet,0,1,1,1.0
fastband,1,0,1,0.0
scriptsand,0,1,1,1.0
ancho,0,1,1,1.0
welllllllll,1,0,1,0.0
qmgnlxwq,0,1,1,1.0
alleen,0,1,1,1.0
jycyapuj,0,1,1,1.0
vdo,0,1,1,1.0
mcinerney,0,1,1,1.0
pkfegd,0,1,1,1.0
kaddish,0,1,1,1.0
citado,0,1,1,1.0
relet,1,0,1,0.0
egastraat,0,1,1,1.0
oejv,0,1,1,1.0
administrado,0,1,1,1.0
podsumowani,1,0,1,0.0
iuo,0,1,1,1.0
ooq,0,1,1,1.0
booknot,0,1,1,1.0
denryoku,1,0,1,0.0
upebg,0,1,1,1.0
viiiaaaagraaaaaaa,0,1,1,1.0
mjvwje,0,1,1,1.0
ntbqefbv,0,1,1,1.0
agbplbn,1,0,1,0.0
corker,0,1,1,1.0
enuqpzk,0,1,1,1.0
naomiscarlett,0,1,1,1.0
maje,0,1,1,1.0
goverm,1,0,1,0.0
ziuleo,0,1,1,1.0
aixaalfza,0,1,1,1.0
wvw,0,1,1,1.0
giralia,0,1,1,1.0
spoiler,1,0,1,0.0
wetswijzigingen,0,1,1,1.0
callend,0,1,1,1.0
dleln,0,1,1,1.0
natibon,0,1,1,1.0
oepri,0,1,1,1.0
gablepropel,0,1,1,1.0
ourgiiuxiqff,0,1,1,1.0
sittlichkeit,0,1,1,1.0
kkuzo,0,1,1,1.0
youbrbr,0,1,1,1.0
iaxmlhfi,0,1,1,1.0
cuit,0,1,1,1.0
riklauryn,0,1,1,1.0
cominig,0,1,1,1.0
shiqzp,0,1,1,1.0
gelesen,0,1,1,1.0
ftmlru,0,1,1,1.0
iliinoi,0,1,1,1.0
recomendación,0,1,1,1.0
nicolea,0,1,1,1.0
chronogramm,0,1,1,1.0
interessant,0,1,1,1.0
nebulousonondaga,0,1,1,1.0
skping,1,0,1,0.0
onenot,0,1,1,1.0
nasceu,0,1,1,1.0
fukuda,0,1,1,1.0
bhmp,0,1,1,1.0
dxh,0,1,1,1.0
czekiem,1,0,1,0.0
tgd,1,0,1,0.0
micael,1,0,1,0.0
ïàµ,0,1,1,1.0
inenc,0,1,1,1.0
kpkxo,0,1,1,1.0
wholey,0,1,1,1.0
estateag,0,1,1,1.0
aleon,1,0,1,0.0
arismendez,0,1,1,1.0
daybut,0,1,1,1.0
derivit,1,0,1,0.0
varié,0,1,1,1.0
mglobat,0,1,1,1.0
amler,0,1,1,1.0
jeqjna,0,1,1,1.0
tglovel,1,0,1,0.0
fini,0,1,1,1.0
popescu,0,1,1,1.0
palaeo,0,1,1,1.0
quiconqu,0,1,1,1.0
qpvsrnpz,0,1,1,1.0
fcgrtgzkae,0,1,1,1.0
matthewadult,0,1,1,1.0
carburador,0,1,1,1.0
sznmu,0,1,1,1.0
lxofyrnw,0,1,1,1.0
qywdu,0,1,1,1.0
dukeadmir,0,1,1,1.0
nqryh,0,1,1,1.0
grandest,0,1,1,1.0
efor,0,1,1,1.0
yewpbr,0,1,1,1.0
lkfpxv,0,1,1,1.0
cgvqe,0,1,1,1.0
ktowv,0,1,1,1.0
qmpbwvjbwr,0,1,1,1.0
nymphhet,0,1,1,1.0
diagnosescoop,0,1,1,1.0
organizacj,1,0,1,0.0
rtyswk,0,1,1,1.0
uyvbrjzkf,0,1,1,1.0
ilfx,0,1,1,1.0
tvoa,0,1,1,1.0
qze,0,1,1,1.0
mvmwtd,0,1,1,1.0
görüþmelerýnd,0,1,1,1.0
offp,0,1,1,1.0
pgmbcvknf,0,1,1,1.0
uihixf,0,1,1,1.0
presbyt,0,1,1,1.0
kntokoqhq,0,1,1,1.0
gwnstm,0,1,1,1.0
npena,0,1,1,1.0
unxpyer,0,1,1,1.0
ahcq,0,1,1,1.0
checksumnod,0,1,1,1.0
fcxoahtqqo,0,1,1,1.0
atvwvmm,0,1,1,1.0
gefilt,0,1,1,1.0
alivia,0,1,1,1.0
qsalxm,0,1,1,1.0
aldano,1,0,1,0.0
obasunjo,0,1,1,1.0
kuickr,0,1,1,1.0
hillft,1,0,1,0.0
haskett,1,0,1,0.0
mlwni,0,1,1,1.0
fejbcmba,0,1,1,1.0
cnld,0,1,1,1.0
wrobel,1,0,1,0.0
unterstutzt,0,1,1,1.0
meclcher,1,0,1,0.0
uzqmwk,0,1,1,1.0
jjxj,0,1,1,1.0
jsmiley,1,0,1,0.0
backbench,1,0,1,0.0
âìd,0,1,1,1.0
bascom,0,1,1,1.0
productuserfantasi,0,1,1,1.0
fjrqpk,0,1,1,1.0
brnnhg,0,1,1,1.0
tnrhz,0,1,1,1.0
bodg,0,1,1,1.0
està,0,1,1,1.0
qpvqfv,0,1,1,1.0
byssac,0,1,1,1.0
jwnwi,0,1,1,1.0
aexfgurgi,0,1,1,1.0
hundredu,0,1,1,1.0
miswsc,0,1,1,1.0
jiorf,0,1,1,1.0
addresss,0,1,1,1.0
effigi,0,1,1,1.0
plotrowica,1,0,1,0.0
sitel,0,1,1,1.0
alzzp,0,1,1,1.0
olr,0,1,1,1.0
offerspag,0,1,1,1.0
lppi,0,1,1,1.0
anticipará,0,1,1,1.0
savour,0,1,1,1.0
laak,0,1,1,1.0
jta,0,1,1,1.0
sinhales,0,1,1,1.0
lsmycavm,0,1,1,1.0
zzhuvp,0,1,1,1.0
jaf,1,0,1,0.0
unfad,0,1,1,1.0
decaturpyroxenit,0,1,1,1.0
faithmail,0,1,1,1.0
skwqnn,0,1,1,1.0
jejknttuvr,0,1,1,1.0
eastolympian,0,1,1,1.0
fmsi,0,1,1,1.0
blattner,0,1,1,1.0
jaafar,1,0,1,0.0
amei,0,1,1,1.0
nouhmabg,0,1,1,1.0
analsyst,1,0,1,0.0
crosson,1,0,1,0.0
vicn,1,0,1,0.0
budzetu,1,0,1,0.0
crabapplenielsen,0,1,1,1.0
azwybxnaw,0,1,1,1.0
acotada,0,1,1,1.0
komend,0,1,1,1.0
ajmgdmeoyzgtnnivq,0,1,1,1.0
starwoodlodg,1,0,1,0.0
odx,0,1,1,1.0
applict,1,0,1,0.0
rangefind,0,1,1,1.0
xqgf,0,1,1,1.0
dvbvqnc,0,1,1,1.0
leadin,0,1,1,1.0
qtwrhqnyy,0,1,1,1.0
aiev,0,1,1,1.0
xjsmkr,0,1,1,1.0
willparticip,0,1,1,1.0
improvente,0,1,1,1.0
pharmafb,0,1,1,1.0
brwoker,0,1,1,1.0
proyectará,0,1,1,1.0
hawqnxj,0,1,1,1.0
approvefvd,0,1,1,1.0
esupercomput,0,1,1,1.0
timo,0,1,1,1.0
lida,0,1,1,1.0
aplovsi,0,1,1,1.0
nfyve,0,1,1,1.0
wattless,0,1,1,1.0
ginncommon,0,1,1,1.0
visioncastconferenc,1,0,1,0.0
cobo,1,0,1,0.0
sufj,0,1,1,1.0
inoi,0,1,1,1.0
tanimak,0,1,1,1.0
fumel,0,1,1,1.0
qjflaj,0,1,1,1.0
dailyintak,0,1,1,1.0
slidesl,0,1,1,1.0
unfortunatelli,1,0,1,0.0
deawgkpp,0,1,1,1.0
farinac,0,1,1,1.0
sonesson,1,0,1,0.0
carinet,0,1,1,1.0
stilli,0,1,1,1.0
modificacion,0,1,1,1.0
lynchburgcarfar,0,1,1,1.0
overinvoic,0,1,1,1.0
rywvott,0,1,1,1.0
epizoon,0,1,1,1.0
opng,0,1,1,1.0
proxduct,0,1,1,1.0
fcroe,0,1,1,1.0
wienercharm,0,1,1,1.0
mminternet,0,1,1,1.0
yroefld,0,1,1,1.0
centrepiec,0,1,1,1.0
tno,0,1,1,1.0
objectgroup,1,0,1,0.0
kirklanddml,0,1,1,1.0
mondello,1,0,1,0.0
lodv,0,1,1,1.0
multicum,0,1,1,1.0
liss,1,0,1,0.0
txerzsdutxabz,0,1,1,1.0
kbrn,1,0,1,0.0
nadi,0,1,1,1.0
exportacion,0,1,1,1.0
catid,1,0,1,0.0
iljbm,0,1,1,1.0
solarcidid,1,0,1,0.0
inertancebotswana,0,1,1,1.0
intermédiair,0,1,1,1.0
cumpleaño,0,1,1,1.0
paya,0,1,1,1.0
anub,0,1,1,1.0
vendorsand,0,1,1,1.0
netprofit,0,1,1,1.0
goracemail,0,1,1,1.0
sandbar,1,0,1,0.0
wplyne,1,0,1,0.0
faithful,0,1,1,1.0
comerc,1,0,1,0.0
zww,0,1,1,1.0
ayn,0,1,1,1.0
contrbut,1,0,1,0.0
statuscapt,0,1,1,1.0
qxufedprq,0,1,1,1.0
openwin,1,0,1,0.0
bever,0,1,1,1.0
aço,0,1,1,1.0
caaan,0,1,1,1.0
leministr,0,1,1,1.0
staubach,1,0,1,0.0
estilista,0,1,1,1.0
gulzan,0,1,1,1.0
vsejpsp,0,1,1,1.0
uczxlvpi,0,1,1,1.0
regelmaessig,0,1,1,1.0
sysop,0,1,1,1.0
agresivament,0,1,1,1.0
nvobodi,0,1,1,1.0
reemerg,0,1,1,1.0
discove,0,1,1,1.0
hccnet,0,1,1,1.0
cashchang,0,1,1,1.0
sequela,1,0,1,0.0
lkptt,0,1,1,1.0
unallow,0,1,1,1.0
forcalendar,0,1,1,1.0
âøüø,0,1,1,1.0
jchoc,1,0,1,0.0
rolexplac,0,1,1,1.0
electransco,1,0,1,0.0
ecológico,0,1,1,1.0
dreamboatrepositori,0,1,1,1.0
slavedriv,0,1,1,1.0
usarlo,0,1,1,1.0
pigafetta,0,1,1,1.0
userldickhead,0,1,1,1.0
xanaex,0,1,1,1.0
silberman,1,0,1,0.0
manorleav,0,1,1,1.0
teotihuacan,0,1,1,1.0
ghm,0,1,1,1.0
seseseko,0,1,1,1.0
pmf,0,1,1,1.0
ljzdeavsjzyl,0,1,1,1.0
brason,1,0,1,0.0
janakpuri,0,1,1,1.0
rhlrmmcob,0,1,1,1.0
vxoog,0,1,1,1.0
spotkania,1,0,1,0.0
dvafv,0,1,1,1.0
gida,0,1,1,1.0
trailtoluen,0,1,1,1.0
lenguaj,0,1,1,1.0
lva,0,1,1,1.0
paulemeka,0,1,1,1.0
estm,0,1,1,1.0
handbel,0,1,1,1.0
aleec,0,1,1,1.0
tgag,0,1,1,1.0
qeak,0,1,1,1.0
fukarenowl,0,1,1,1.0
mysef,0,1,1,1.0
xshtnpqewoztoqd,0,1,1,1.0
abrasionantiqu,0,1,1,1.0
admiinistr,0,1,1,1.0
premlinari,1,0,1,0.0
xdinjz,0,1,1,1.0
bnngb,0,1,1,1.0
gelcap,1,0,1,0.0
pricelin,1,0,1,0.0
deplenish,0,1,1,1.0
canwxng,0,1,1,1.0
xpwwotzh,0,1,1,1.0
greatservu,0,1,1,1.0
clientserv,1,0,1,0.0
summersweet,0,1,1,1.0
abnegateal,0,1,1,1.0
entitit,1,0,1,0.0
shllyhlscjnydi,0,1,1,1.0
otherqrmedimdscl,0,1,1,1.0
euksvxr,0,1,1,1.0
swimminglaura,0,1,1,1.0
stimulateacropoli,0,1,1,1.0
grenzüberschreitend,0,1,1,1.0
snbnhie,0,1,1,1.0
buigni,0,1,1,1.0
heeeereeeee,0,1,1,1.0
mnsdhhj,0,1,1,1.0
chcieli,1,0,1,0.0
mbxhwu,0,1,1,1.0
topciti,0,1,1,1.0
pnbjdzji,0,1,1,1.0
daysapprov,0,1,1,1.0
mesafesý,0,1,1,1.0
pussiess,0,1,1,1.0
undertow,0,1,1,1.0
minivan,0,1,1,1.0
poyfbqrv,0,1,1,1.0
grguidsuc,0,1,1,1.0
upsal,1,0,1,0.0
nywnl,0,1,1,1.0
kashora,0,1,1,1.0
theplac,0,1,1,1.0
otsourc,1,0,1,0.0
kerk,0,1,1,1.0
walford,0,1,1,1.0
xezjlyygouiqza,0,1,1,1.0
quemum,0,1,1,1.0
merolli,1,0,1,0.0
kvxjh,0,1,1,1.0
qeghhk,0,1,1,1.0
cowart,1,0,1,0.0
zvzr,0,1,1,1.0
meddicatallum,0,1,1,1.0
ykbihvfyu,0,1,1,1.0
sturzen,1,0,1,0.0
aqfrg,0,1,1,1.0
iflprozac,0,1,1,1.0
qzpwbxam,0,1,1,1.0
fohsz,1,0,1,0.0
xtsun,0,1,1,1.0
wldohyjf,0,1,1,1.0
gujranwala,0,1,1,1.0
galiza,0,1,1,1.0
rmhq,0,1,1,1.0
medai,0,1,1,1.0
lrqvqk,0,1,1,1.0
bauild,0,1,1,1.0
fwk,0,1,1,1.0
uwgyn,0,1,1,1.0
gjzvxrrlrygyd,0,1,1,1.0
patchcliicck,0,1,1,1.0
mistook,1,0,1,0.0
datebear,0,1,1,1.0
searchbedazzletop,0,1,1,1.0
aggierob,1,0,1,0.0
vaquilla,1,0,1,0.0
rcg,0,1,1,1.0
tfonofrio,1,0,1,0.0
nemes,1,0,1,0.0
hlclcoxkwpbb,0,1,1,1.0
metiss,0,1,1,1.0
fugazireznor,0,1,1,1.0
brakevan,0,1,1,1.0
genital,0,1,1,1.0
contraposit,0,1,1,1.0
õèµô,0,1,1,1.0
rlmszg,0,1,1,1.0
revisada,0,1,1,1.0
njx,0,1,1,1.0
foreignydrug,0,1,1,1.0
hotrodbylaw,0,1,1,1.0
finner,0,1,1,1.0
netcommand,1,0,1,0.0
jqnwsba,0,1,1,1.0
msb,0,1,1,1.0
vzsxpoew,0,1,1,1.0
frsmusksk,0,1,1,1.0
rzyxsjwtgbr,0,1,1,1.0
vgdkttjt,0,1,1,1.0
ayrca,0,1,1,1.0
professionalnbsp,0,1,1,1.0
investitur,0,1,1,1.0
étude,0,1,1,1.0
kzorb,0,1,1,1.0
arapaho,0,1,1,1.0
sealant,0,1,1,1.0
odfw,1,0,1,0.0
consel,0,1,1,1.0
telepon,0,1,1,1.0
gofpx,0,1,1,1.0
tgho,0,1,1,1.0
swhite,1,0,1,0.0
uroptxx,0,1,1,1.0
primaamus,0,1,1,1.0
dollarsto,0,1,1,1.0
bombardtrichrom,0,1,1,1.0
wiee,0,1,1,1.0
verwandeln,0,1,1,1.0
vgv,0,1,1,1.0
hashimoto,0,1,1,1.0
mayresum,1,0,1,0.0
damari,0,1,1,1.0
sonara,1,0,1,0.0
hvvhb,0,1,1,1.0
barbet,0,1,1,1.0
berrison,0,1,1,1.0
uhebq,0,1,1,1.0
foutz,1,0,1,0.0
ioyowynxplhudz,0,1,1,1.0
thiiiii,0,1,1,1.0
maglieri,1,0,1,0.0
jewqsbu,0,1,1,1.0
ylxod,0,1,1,1.0
dzmwdqa,0,1,1,1.0
soundblast,1,0,1,0.0
muoojznd,0,1,1,1.0
pnuqcsjib,0,1,1,1.0
artesanai,0,1,1,1.0
goef,1,0,1,0.0
ofp,0,1,1,1.0
kxvdjmqm,0,1,1,1.0
efurman,0,1,1,1.0
fqaauu,0,1,1,1.0
harvardreit,1,0,1,0.0
jyymemrx,0,1,1,1.0
iker,1,0,1,0.0
crueselt,0,1,1,1.0
enjoyableth,0,1,1,1.0
mbrown,1,0,1,0.0
mediawednesday,0,1,1,1.0
offthelistslp,0,1,1,1.0
svf,0,1,1,1.0
giinkpothf,0,1,1,1.0
ggute,0,1,1,1.0
schertzer,0,1,1,1.0
caoadn,0,1,1,1.0
interzon,0,1,1,1.0
shjl,0,1,1,1.0
backword,0,1,1,1.0
yulqk,0,1,1,1.0
ciborium,0,1,1,1.0
onlyn,0,1,1,1.0
dnmkaya,0,1,1,1.0
dorella,0,1,1,1.0
sehna,0,1,1,1.0
thelen,1,0,1,0.0
lcblyru,0,1,1,1.0
packedwith,0,1,1,1.0
polygonum,0,1,1,1.0
erihkfysd,0,1,1,1.0
mileagesl,0,1,1,1.0
snidil,0,1,1,1.0
bidaya,0,1,1,1.0
bacck,0,1,1,1.0
yeswarehous,0,1,1,1.0
qzvelijrcfwpwag,0,1,1,1.0
flprw,0,1,1,1.0
lpearl,1,0,1,0.0
subduer,0,1,1,1.0
sbekqv,0,1,1,1.0
srdoe,0,1,1,1.0
razem,1,0,1,0.0
arrazola,0,1,1,1.0
radarweg,0,1,1,1.0
bbrnbsp,0,1,1,1.0
simialr,0,1,1,1.0
vorher,1,0,1,0.0
pearland,1,0,1,0.0
dqoxbsk,0,1,1,1.0
greis,1,0,1,0.0
experimentai,0,1,1,1.0
xbj,0,1,1,1.0
aziza,0,1,1,1.0
zcoarlkom,0,1,1,1.0
ourselvesor,0,1,1,1.0
evpukym,0,1,1,1.0
danetami,1,0,1,0.0
tbfwv,0,1,1,1.0
deuvr,1,0,1,0.0
athletica,0,1,1,1.0
mbtpr,0,1,1,1.0
kabelaufwicklung,0,1,1,1.0
bulid,1,0,1,0.0
emocion,0,1,1,1.0
wolfmanthek,0,1,1,1.0
strecis,0,1,1,1.0
skunt,0,1,1,1.0
eqtprod,1,0,1,0.0
qualifica,0,1,1,1.0
wixitp,0,1,1,1.0
compuerto,0,1,1,1.0
bwvii,0,1,1,1.0
karyn,0,1,1,1.0
kinin,0,1,1,1.0
youyou,0,1,1,1.0
rafter,0,1,1,1.0
hysaoufrl,0,1,1,1.0
serdar,0,1,1,1.0
porzl,0,1,1,1.0
sif,0,1,1,1.0
gushdynast,0,1,1,1.0
nameless,0,1,1,1.0
agian,0,1,1,1.0
dodvctor,0,1,1,1.0
nqpuv,0,1,1,1.0
lorenzoni,0,1,1,1.0
alll,1,0,1,0.0
rubberband,1,0,1,0.0
rsueal,0,1,1,1.0
yazzi,0,1,1,1.0
hebdomad,0,1,1,1.0
beziehen,0,1,1,1.0
mytob,0,1,1,1.0
berst,0,1,1,1.0
oyqcb,0,1,1,1.0
léon,0,1,1,1.0
leva,0,1,1,1.0
gbpbh,0,1,1,1.0
pykq,0,1,1,1.0
theshor,0,1,1,1.0
kure,1,0,1,0.0
oxychlorid,0,1,1,1.0
peterlambert,0,1,1,1.0
anathematrigon,0,1,1,1.0
cooperación,0,1,1,1.0
yasunobu,1,0,1,0.0
niedenfuehr,1,0,1,0.0
grndsnla,1,0,1,0.0
gililand,1,0,1,0.0
curlier,1,0,1,0.0
rlud,0,1,1,1.0
yourpqlldi,0,1,1,1.0
thdswkvsb,0,1,1,1.0
intwernet,0,1,1,1.0
laudant,0,1,1,1.0
mquleiro,0,1,1,1.0
heirloom,0,1,1,1.0
hisid,0,1,1,1.0
gjwmkdbr,0,1,1,1.0
xskixtlsc,0,1,1,1.0
boohub,0,1,1,1.0
hampstead,1,0,1,0.0
thickleaf,0,1,1,1.0
entreprenuership,1,0,1,0.0
vão,0,1,1,1.0
dshw,1,0,1,0.0
rthe,1,0,1,0.0
nontox,0,1,1,1.0
frop,0,1,1,1.0
beaut,0,1,1,1.0
picken,0,1,1,1.0
vkqjgnbq,0,1,1,1.0
pxpntm,0,1,1,1.0
constructora,0,1,1,1.0
bhopal,0,1,1,1.0
rfdzz,0,1,1,1.0
zifrurm,0,1,1,1.0
dmicrostructur,0,1,1,1.0
gebrauchten,0,1,1,1.0
cpierc,1,0,1,0.0
bpoqwbmx,0,1,1,1.0
hnnmvyc,0,1,1,1.0
agueda,0,1,1,1.0
ilhnz,0,1,1,1.0
nundjxto,0,1,1,1.0
lovei,0,1,1,1.0
anzeig,0,1,1,1.0
megaspin,0,1,1,1.0
chane,1,0,1,0.0
schmidlkoff,1,0,1,0.0
asundercompli,0,1,1,1.0
kgpurn,0,1,1,1.0
uniroyalchem,1,0,1,0.0
tjxpp,0,1,1,1.0
unsatisfiemd,0,1,1,1.0
mlwyj,0,1,1,1.0
monterreycolombia,0,1,1,1.0
engenharia,0,1,1,1.0
jhhqzm,0,1,1,1.0
dfaijbehkl,0,1,1,1.0
dealth,0,1,1,1.0
jyoung,1,0,1,0.0
tmewklhhxsv,0,1,1,1.0
crjcl,0,1,1,1.0
ownqh,0,1,1,1.0
persuasionguia,0,1,1,1.0
lclrmu,0,1,1,1.0
éxito,0,1,1,1.0
acabará,0,1,1,1.0
futurecheckk,0,1,1,1.0
hzssmeocwiuhrfomnlhp,0,1,1,1.0
obiquadr,0,1,1,1.0
rluwzjlh,0,1,1,1.0
sandwichsqueaki,0,1,1,1.0
sdkdafdmcl,0,1,1,1.0
cidald,0,1,1,1.0
superm,0,1,1,1.0
zvpsglt,0,1,1,1.0
custodiandot,0,1,1,1.0
sveerd,0,1,1,1.0
midoloxyb,0,1,1,1.0
svjucgxo,0,1,1,1.0
rjflorio,1,0,1,0.0
filename,0,1,1,1.0
appointmentsno,0,1,1,1.0
ocupar,0,1,1,1.0
ymxx,0,1,1,1.0
yqtqpadqaamnzc,0,1,1,1.0
bartlet,1,0,1,0.0
jcooper,1,0,1,0.0
llro,0,1,1,1.0
gbxfnkbxsk,0,1,1,1.0
wfnl,0,1,1,1.0
poqxylkr,0,1,1,1.0
lotss,0,1,1,1.0
odw,0,1,1,1.0
bernardinoupsid,0,1,1,1.0
weilit,0,1,1,1.0
kendi,0,1,1,1.0
technologiesknead,0,1,1,1.0
helder,0,1,1,1.0
listsoft,0,1,1,1.0
bara,1,0,1,0.0
nedr,1,0,1,0.0
xoq,0,1,1,1.0
immortel,0,1,1,1.0
thekk,0,1,1,1.0
documentnew,0,1,1,1.0
alwin,0,1,1,1.0
xjlwl,0,1,1,1.0
pharmeceut,0,1,1,1.0
guoml,0,1,1,1.0
vfizf,0,1,1,1.0
milyon,0,1,1,1.0
shak,1,0,1,0.0
vacua,0,1,1,1.0
prontomail,0,1,1,1.0
oyzej,0,1,1,1.0
entrando,0,1,1,1.0
hkl,1,0,1,0.0
juraci,1,0,1,0.0
jalkarnc,0,1,1,1.0
clame,1,0,1,0.0
kowanyi,0,1,1,1.0
unisubiscrib,0,1,1,1.0
qpdhnatyc,0,1,1,1.0
intertrust,1,0,1,0.0
balthasar,0,1,1,1.0
llabound,0,1,1,1.0
matters,0,1,1,1.0
mednsl,0,1,1,1.0
geq,0,1,1,1.0
gretchenaeh,0,1,1,1.0
actres,0,1,1,1.0
wishwash,0,1,1,1.0
flqacwauh,0,1,1,1.0
valarx,0,1,1,1.0
itgjkl,0,1,1,1.0
nar,1,0,1,0.0
tecnología,0,1,1,1.0
indochinalinen,0,1,1,1.0
pursued,0,1,1,1.0
patella,0,1,1,1.0
medizinisch,0,1,1,1.0
erkrq,0,1,1,1.0
yyutu,0,1,1,1.0
movem,0,1,1,1.0
lancet,0,1,1,1.0
nawanda,1,0,1,0.0
ytqg,0,1,1,1.0
fuquo,0,1,1,1.0
metallurgicciph,0,1,1,1.0
neribhc,0,1,1,1.0
neet,0,1,1,1.0
bruschi,0,1,1,1.0
euromania,0,1,1,1.0
centralia,0,1,1,1.0
samym,1,0,1,0.0
penneprxv,0,1,1,1.0
fwhpex,0,1,1,1.0
qziro,0,1,1,1.0
vanchu,1,0,1,0.0
sakon,0,1,1,1.0
classrom,1,0,1,0.0
frdjvdbesk,0,1,1,1.0
bmisystem,1,0,1,0.0
beechen,0,1,1,1.0
bleakli,0,1,1,1.0
mullan,1,0,1,0.0
fikx,0,1,1,1.0
nolli,1,0,1,0.0
yzsoi,0,1,1,1.0
vermillion,1,0,1,0.0
moooooooree,0,1,1,1.0
fettuccin,1,0,1,0.0
ahmadhi,1,0,1,0.0
rdiebolt,0,1,1,1.0
arzigva,0,1,1,1.0
elsgvmxm,0,1,1,1.0
almac,1,0,1,0.0
partrner,1,0,1,0.0
myonlinegnbank,0,1,1,1.0
excersic,0,1,1,1.0
kldhibcegj,0,1,1,1.0
negron,0,1,1,1.0
javautillocal,0,1,1,1.0
karlsruh,0,1,1,1.0
consuelito,0,1,1,1.0
raant,0,1,1,1.0
carshalton,0,1,1,1.0
comrent,0,1,1,1.0
blyadi,0,1,1,1.0
wsestthc,0,1,1,1.0
pjgk,0,1,1,1.0
bushwhackmonst,0,1,1,1.0
preschedu,1,0,1,0.0
regimento,0,1,1,1.0
dolphinsmiki,0,1,1,1.0
kfift,0,1,1,1.0
liquat,0,1,1,1.0
narak,0,1,1,1.0
moonta,0,1,1,1.0
barriga,0,1,1,1.0
mdaiouczzb,0,1,1,1.0
ztgrcu,0,1,1,1.0
jxywt,0,1,1,1.0
qrbojk,0,1,1,1.0
pueqh,0,1,1,1.0
ogdzxvxwemi,0,1,1,1.0
aekdju,0,1,1,1.0
npukl,0,1,1,1.0
vorfal,0,1,1,1.0
ryfrz,0,1,1,1.0
gleichzeitig,0,1,1,1.0
mofjn,0,1,1,1.0
yhear,0,1,1,1.0
worrri,1,0,1,0.0
bplyznpm,0,1,1,1.0
mniebruegg,1,0,1,0.0
carbar,0,1,1,1.0
mnowari,0,1,1,1.0
lweek,1,0,1,0.0
ubolp,0,1,1,1.0
pndjicvyfif,0,1,1,1.0
semperday,0,1,1,1.0
urajgi,0,1,1,1.0
tkytfh,0,1,1,1.0
amzhuwon,0,1,1,1.0
irsecaminando,0,1,1,1.0
hmurray,1,0,1,0.0
stauch,1,0,1,0.0
gmuzxwpyodmhioxmv,0,1,1,1.0
ujshffzeg,0,1,1,1.0
mdkva,0,1,1,1.0
webev,1,0,1,0.0
mheffner,1,0,1,0.0
toconnor,1,0,1,0.0
sotilasyksiknpilkattujen,0,1,1,1.0
suppressnt,0,1,1,1.0
jwebb,1,0,1,0.0
axuwkjpbr,0,1,1,1.0
xmto,0,1,1,1.0
xkgbabdbryh,0,1,1,1.0
jimbobq,1,0,1,0.0
defendeu,0,1,1,1.0
azhlokr,0,1,1,1.0
jiqun,0,1,1,1.0
ostgbbi,0,1,1,1.0
eepuij,0,1,1,1.0
fxrszk,0,1,1,1.0
dictumfreedom,0,1,1,1.0
cancerand,1,0,1,0.0
trabalhar,0,1,1,1.0
natureand,0,1,1,1.0
maliyetlerl,0,1,1,1.0
pratfal,1,0,1,0.0
carrizal,1,0,1,0.0
icedayh,0,1,1,1.0
olxtfi,0,1,1,1.0
disodimorph,0,1,1,1.0
wqmrjl,0,1,1,1.0
chicanohesit,0,1,1,1.0
bolik,0,1,1,1.0
hosh,0,1,1,1.0
ucoq,0,1,1,1.0
qogjbl,0,1,1,1.0
riyac,0,1,1,1.0
hpdi,1,0,1,0.0
msger,0,1,1,1.0
ñol,0,1,1,1.0
vicdoin,0,1,1,1.0
oaklandinfantri,0,1,1,1.0
dmdfqe,0,1,1,1.0
ziaukxfyu,0,1,1,1.0
qddavuvmvprbyvotzj,0,1,1,1.0
sfastest,0,1,1,1.0
jjqozi,0,1,1,1.0
mollylcanela,0,1,1,1.0
recentdecoct,0,1,1,1.0
nolansoft,0,1,1,1.0
lgougsuao,0,1,1,1.0
payement,0,1,1,1.0
chicekn,0,1,1,1.0
ordur,0,1,1,1.0
sjulian,0,1,1,1.0
djilt,0,1,1,1.0
learnrxa,0,1,1,1.0
zmbebgag,0,1,1,1.0
leopardi,0,1,1,1.0
pendenc,1,0,1,0.0
whtech,0,1,1,1.0
bospar,0,1,1,1.0
parat,0,1,1,1.0
piatkowi,1,0,1,0.0
pdmwb,0,1,1,1.0
hezalthi,0,1,1,1.0
theukzon,0,1,1,1.0
ersway,0,1,1,1.0
yieqeye,0,1,1,1.0
ouffa,0,1,1,1.0
imporat,1,0,1,0.0
ymznfw,0,1,1,1.0
udyx,0,1,1,1.0
yelykkj,0,1,1,1.0
palmcivet,0,1,1,1.0
reinventar,0,1,1,1.0
whatsov,0,1,1,1.0
hgving,0,1,1,1.0
dfexx,0,1,1,1.0
cabp,1,0,1,0.0
rienc,0,1,1,1.0
jwdb,0,1,1,1.0
increed,0,1,1,1.0
cndavi,1,0,1,0.0
adiu,0,1,1,1.0
gxmcpm,0,1,1,1.0
brandbmedicationsf,0,1,1,1.0
rituparna,0,1,1,1.0
adjectivaltith,0,1,1,1.0
horusnumin,0,1,1,1.0
christal,1,0,1,0.0
playersclipp,0,1,1,1.0
seguirán,0,1,1,1.0
midi,0,1,1,1.0
rtmdbb,0,1,1,1.0
soileth,0,1,1,1.0
zbzryz,0,1,1,1.0
brakeax,0,1,1,1.0
uua,0,1,1,1.0
ienc,0,1,1,1.0
stama,1,0,1,0.0
uavail,0,1,1,1.0
jswgyudv,0,1,1,1.0
terima,0,1,1,1.0
ofour,0,1,1,1.0
kwew,0,1,1,1.0
selllacqu,0,1,1,1.0
yqllzclfa,0,1,1,1.0
lco,0,1,1,1.0
cgdcrphxk,0,1,1,1.0
rzorrc,0,1,1,1.0
dtedrdq,0,1,1,1.0
jjddfjmc,0,1,1,1.0
nonn,0,1,1,1.0
lyear,1,0,1,0.0
lesbo,0,1,1,1.0
tackchrysl,0,1,1,1.0
chiba,0,1,1,1.0
rxsuscept,0,1,1,1.0
ijp,0,1,1,1.0
blija,0,1,1,1.0
palmsgeys,0,1,1,1.0
ffbfd,0,1,1,1.0
gulmenden,1,0,1,0.0
vqveh,0,1,1,1.0
àßíãìâ,0,1,1,1.0
nolen,0,1,1,1.0
eyewitnessleisur,0,1,1,1.0
lannrd,0,1,1,1.0
concessi,1,0,1,0.0
nku,0,1,1,1.0
burghermast,0,1,1,1.0
blanketdrol,0,1,1,1.0
improment,0,1,1,1.0
dnisew,0,1,1,1.0
nightff,0,1,1,1.0
archaiz,0,1,1,1.0
hgjrqibng,0,1,1,1.0
eyouar,0,1,1,1.0
densford,0,1,1,1.0
hyakmfuph,0,1,1,1.0
encamp,0,1,1,1.0
dtletkd,0,1,1,1.0
formp,1,0,1,0.0
cumpliendo,0,1,1,1.0
hannel,0,1,1,1.0
acero,0,1,1,1.0
eplica,0,1,1,1.0
bfdueljz,0,1,1,1.0
noooth,0,1,1,1.0
qane,0,1,1,1.0
furil,0,1,1,1.0
zkswk,0,1,1,1.0
hekr,0,1,1,1.0
ottobr,0,1,1,1.0
chaitblink,0,1,1,1.0
tomen,1,0,1,0.0
cometen,0,1,1,1.0
kakapo,0,1,1,1.0
changeyourpassword,1,0,1,0.0
welyfz,0,1,1,1.0
emthunzini,0,1,1,1.0
pepehmz,0,1,1,1.0
cql,0,1,1,1.0
worldnetdaili,1,0,1,0.0
misnam,1,0,1,0.0
minimizando,0,1,1,1.0
ngplok,1,0,1,0.0
fxfo,0,1,1,1.0
riqqdqdtoamquwthoijjvx,0,1,1,1.0
provison,1,0,1,0.0
ruc,0,1,1,1.0
wmic,1,0,1,0.0
grunion,0,1,1,1.0
signalis,0,1,1,1.0
detallar,0,1,1,1.0
transprov,1,0,1,0.0
gwent,0,1,1,1.0
pharmazmai,0,1,1,1.0
hyperterm,0,1,1,1.0
profesión,0,1,1,1.0
zdfze,0,1,1,1.0
nshoa,0,1,1,1.0
zaimejlowac,1,0,1,0.0
jamá,0,1,1,1.0
dayzersdraw,0,1,1,1.0
tww,0,1,1,1.0
niechetni,1,0,1,0.0
intermediahost,1,0,1,0.0
zugänglichen,0,1,1,1.0
cenpok,0,1,1,1.0
qmpatr,0,1,1,1.0
packwood,0,1,1,1.0
candidatur,0,1,1,1.0
katheleen,0,1,1,1.0
brl,0,1,1,1.0
securj,0,1,1,1.0
inceonnt,0,1,1,1.0
ebe,0,1,1,1.0
zdeanf,0,1,1,1.0
competitionsabin,0,1,1,1.0
uhayltymn,0,1,1,1.0
smathern,1,0,1,0.0
abrninc,0,1,1,1.0
lkzeptolr,0,1,1,1.0
dmyer,1,0,1,0.0
babysitteralo,0,1,1,1.0
revda,0,1,1,1.0
linegcard,0,1,1,1.0
operacional,0,1,1,1.0
andybradshaw,1,0,1,0.0
schlagfest,0,1,1,1.0
daddyrhonda,0,1,1,1.0
mbish,1,0,1,0.0
edsresearch,0,1,1,1.0
starjen,0,1,1,1.0
pelv,0,1,1,1.0
wrkjh,0,1,1,1.0
wsghxvtfx,0,1,1,1.0
yhmvtxku,0,1,1,1.0
generan,0,1,1,1.0
ueqjbv,0,1,1,1.0
mineabl,0,1,1,1.0
adresinden,0,1,1,1.0
nightdoin,0,1,1,1.0
crispi,0,1,1,1.0
undivid,1,0,1,0.0
nutti,0,1,1,1.0
maber,0,1,1,1.0
maudanto,0,1,1,1.0
ajv,0,1,1,1.0
parkerson,0,1,1,1.0
yippe,1,0,1,0.0
mequimolecular,0,1,1,1.0
ctf,0,1,1,1.0
halter,0,1,1,1.0
jyihdph,0,1,1,1.0
afhlbegkxtnqycdimzgvj,0,1,1,1.0
quvozz,0,1,1,1.0
hgczcfwhiwtmvf,0,1,1,1.0
jxkwkblgahzgfx,0,1,1,1.0
neqjxtz,0,1,1,1.0
réplica,0,1,1,1.0
pfetdgpw,0,1,1,1.0
cdeangulo,1,0,1,0.0
tmlm,0,1,1,1.0
lavanderia,0,1,1,1.0
gracocorp,1,0,1,0.0
genmlgsqiazwm,0,1,1,1.0
pxl,0,1,1,1.0
iizmg,0,1,1,1.0
purpleeam,0,1,1,1.0
vnzwkfdoa,0,1,1,1.0
anandt,1,0,1,0.0
defint,1,0,1,0.0
abp,0,1,1,1.0
öêáþßííâþûí,0,1,1,1.0
ordirector,0,1,1,1.0
lala,0,1,1,1.0
kobierowski,1,0,1,0.0
fwq,0,1,1,1.0
ephcdh,0,1,1,1.0
dukeresum,1,0,1,0.0
billy,0,1,1,1.0
smellleg,0,1,1,1.0
zoksxc,0,1,1,1.0
ibrahimkojo,0,1,1,1.0
eai,0,1,1,1.0
sehe,0,1,1,1.0
shiup,0,1,1,1.0
nwssfa,0,1,1,1.0
pnrwtwase,0,1,1,1.0
bivflzi,0,1,1,1.0
scrammbl,1,0,1,0.0
acsysinc,1,0,1,0.0
onosolequim,0,1,1,1.0
flavorent,0,1,1,1.0
clubroomcascara,0,1,1,1.0
todon,0,1,1,1.0
permitirá,0,1,1,1.0
erna,0,1,1,1.0
enynht,0,1,1,1.0
vrzwee,0,1,1,1.0
raenbsp,0,1,1,1.0
diplomapap,0,1,1,1.0
mamrfitxhidjpfxo,0,1,1,1.0
mukerji,1,0,1,0.0
rgvxdu,0,1,1,1.0
fetipar,0,1,1,1.0
qrxvdiww,0,1,1,1.0
centrer,0,1,1,1.0
ntuyp,0,1,1,1.0
minchinton,1,0,1,0.0
eastsi,0,1,1,1.0
plaît,0,1,1,1.0
refractometerupbraid,0,1,1,1.0
zvfkgajzgnwvqigjcx,0,1,1,1.0
wrqluzcvznuxzb,0,1,1,1.0
abklaeren,1,0,1,0.0
codel,0,1,1,1.0
qkhlilgyd,0,1,1,1.0
vorzubereitenp,0,1,1,1.0
distraughtbarrymor,0,1,1,1.0
comertom,0,1,1,1.0
parvhf,0,1,1,1.0
selfassumpt,0,1,1,1.0
oeya,0,1,1,1.0
autentica,0,1,1,1.0
sjmercuri,1,0,1,0.0
brunchsal,0,1,1,1.0
dumbfounder,0,1,1,1.0
usdo,0,1,1,1.0
budewig,1,0,1,0.0
ssvo,0,1,1,1.0
qptjaaxtx,0,1,1,1.0
scmyfmdh,0,1,1,1.0
xurex,1,0,1,0.0
rjqsib,0,1,1,1.0
roraima,1,0,1,0.0
ndutz,0,1,1,1.0
udngoci,0,1,1,1.0
akpan,0,1,1,1.0
swindlebesti,0,1,1,1.0
qhskx,0,1,1,1.0
redfin,0,1,1,1.0
hermano,0,1,1,1.0
garant,0,1,1,1.0
denominado,0,1,1,1.0
corrosión,0,1,1,1.0
hfyeuoakpest,0,1,1,1.0
fromt,1,0,1,0.0
hileman,1,0,1,0.0
mikeewald,0,1,1,1.0
uckykn,0,1,1,1.0
oxfyvckap,0,1,1,1.0
thoreaubridgewat,0,1,1,1.0
abzzsr,0,1,1,1.0
potentialupward,0,1,1,1.0
nvum,0,1,1,1.0
gyxn,0,1,1,1.0
hdrinc,1,0,1,0.0
loweredr,0,1,1,1.0
meliss,0,1,1,1.0
kortfilmpj,0,1,1,1.0
kenyan,0,1,1,1.0
antidepres,0,1,1,1.0
goed,0,1,1,1.0
carbi,0,1,1,1.0
omarket,0,1,1,1.0
viargggaa,0,1,1,1.0
documentsthat,0,1,1,1.0
ttaylor,1,0,1,0.0
mqrfbl,0,1,1,1.0
bellevil,0,1,1,1.0
sprior,1,0,1,0.0
fachada,0,1,1,1.0
omuta,1,0,1,0.0
zztc,0,1,1,1.0
ozjrwiet,0,1,1,1.0
aorangi,0,1,1,1.0
mccleod,1,0,1,0.0
dolomitegirdl,0,1,1,1.0
cennnnt,0,1,1,1.0
rfner,0,1,1,1.0
brefo,0,1,1,1.0
dfpnboaar,0,1,1,1.0
biziml,0,1,1,1.0
qbmjnhm,0,1,1,1.0
loovk,0,1,1,1.0
watcch,0,1,1,1.0
rwqwzchjf,0,1,1,1.0
rochford,0,1,1,1.0
pefn,0,1,1,1.0
bulkersx,0,1,1,1.0
contingu,1,0,1,0.0
omupisxi,0,1,1,1.0
phosphatebooki,0,1,1,1.0
oxpmht,0,1,1,1.0
boerger,1,0,1,0.0
withextrem,0,1,1,1.0
marvinsonni,0,1,1,1.0
sdgxuyx,0,1,1,1.0
mesakuhn,0,1,1,1.0
acmqt,0,1,1,1.0
elaphu,0,1,1,1.0
vincenza,0,1,1,1.0
kgiwm,0,1,1,1.0
badcholesterin,0,1,1,1.0
atevf,0,1,1,1.0
contraza,0,1,1,1.0
tozoycwl,0,1,1,1.0
custa,0,1,1,1.0
mktv,0,1,1,1.0
jkalh,0,1,1,1.0
jdhkydx,0,1,1,1.0
excitelumpish,0,1,1,1.0
wffur,0,1,1,1.0
jfjvwvqgn,0,1,1,1.0
swµ,0,1,1,1.0
httpd,1,0,1,0.0
icwz,0,1,1,1.0
ubo,0,1,1,1.0
blahitka,1,0,1,0.0
rige,0,1,1,1.0
vmkvx,0,1,1,1.0
borderless,1,0,1,0.0
avenad,1,0,1,0.0
lavillalon,1,0,1,0.0
ngcdg,0,1,1,1.0
kfyip,1,0,1,0.0
hdz,0,1,1,1.0
fgauwzvlu,0,1,1,1.0
kgbni,0,1,1,1.0
inshoreanarchi,0,1,1,1.0
nommenson,1,0,1,0.0
ozambia,0,1,1,1.0
zacoura,1,0,1,0.0
wrl,0,1,1,1.0
surendranagar,0,1,1,1.0
stellular,0,1,1,1.0
vjmrgq,0,1,1,1.0
dqvea,0,1,1,1.0
belson,1,0,1,0.0
xnvobzx,0,1,1,1.0
wyjibwb,0,1,1,1.0
aofbrbw,0,1,1,1.0
smartgirl,0,1,1,1.0
itel,0,1,1,1.0
wsneqt,0,1,1,1.0
jpnx,0,1,1,1.0
scorbut,0,1,1,1.0
reserverd,0,1,1,1.0
quackenbush,1,0,1,0.0
brittaneymason,0,1,1,1.0
geeeeeneri,0,1,1,1.0
chwfe,0,1,1,1.0
inserir,0,1,1,1.0
yovuvx,0,1,1,1.0
dmd,0,1,1,1.0
wwill,0,1,1,1.0
authumla,0,1,1,1.0
tkoqilcro,0,1,1,1.0
beidelman,1,0,1,0.0
factuala,0,1,1,1.0
lwcc,1,0,1,0.0
bottomfeed,1,0,1,0.0
raffiq,1,0,1,0.0
fýrsatýndan,0,1,1,1.0
vehichl,0,1,1,1.0
pszsa,0,1,1,1.0
hititap,0,1,1,1.0
quze,0,1,1,1.0
lnv,0,1,1,1.0
vakldw,0,1,1,1.0
vezri,0,1,1,1.0
embowerripley,0,1,1,1.0
prescip,0,1,1,1.0
sorrir,0,1,1,1.0
brubak,1,0,1,0.0
aleksand,1,0,1,0.0
kamainski,1,0,1,0.0
heeeeereeeeee,0,1,1,1.0
sityou,0,1,1,1.0
deciev,0,1,1,1.0
kostenlos,0,1,1,1.0
hiq,0,1,1,1.0
pporn,0,1,1,1.0
ydgssh,0,1,1,1.0
fortalecido,0,1,1,1.0
arialbmorn,0,1,1,1.0
vxtufuqdbiqmhmb,0,1,1,1.0
nxxlkotg,0,1,1,1.0
mediasoft,0,1,1,1.0
todayffff,0,1,1,1.0
baol,0,1,1,1.0
yaj,0,1,1,1.0
onrq,0,1,1,1.0
provn,0,1,1,1.0
actuação,0,1,1,1.0
pfsoutsourc,1,0,1,0.0
tvmrstubr,0,1,1,1.0
wsupdo,0,1,1,1.0
indicio,0,1,1,1.0
latwo,1,0,1,0.0
doremtr,0,1,1,1.0
containbegrudg,0,1,1,1.0
lrrraowcdcvgcxz,0,1,1,1.0
ybbnc,0,1,1,1.0
wlyskxdx,0,1,1,1.0
robitussin,1,0,1,0.0
wadewitz,0,1,1,1.0
chage,1,0,1,0.0
kih,0,1,1,1.0
iceb,0,1,1,1.0
depressaenea,0,1,1,1.0
buylow,1,0,1,0.0
cretvditf,0,1,1,1.0
extrabuck,0,1,1,1.0
moeallegi,0,1,1,1.0
wvuscazkgyxonvx,0,1,1,1.0
snqbll,0,1,1,1.0
phelloderm,0,1,1,1.0
swoja,1,0,1,0.0
tenri,0,1,1,1.0
logwest,0,1,1,1.0
vivaproposit,0,1,1,1.0
vvvtip,0,1,1,1.0
eevr,0,1,1,1.0
ultrasaf,1,0,1,0.0
ivjlyat,0,1,1,1.0
kisa,0,1,1,1.0
destri,1,0,1,0.0
yuki,0,1,1,1.0
swojej,1,0,1,0.0
savielli,0,1,1,1.0
oleophob,0,1,1,1.0
standerdtrustl,0,1,1,1.0
storli,1,0,1,0.0
castroism,0,1,1,1.0
badck,0,1,1,1.0
byasse,1,0,1,0.0
prescrllpt,0,1,1,1.0
binkyalien,0,1,1,1.0
npojo,0,1,1,1.0
inspeccin,0,1,1,1.0
stenophon,1,0,1,0.0
zgbfawfyd,0,1,1,1.0
jharrington,1,0,1,0.0
yyoour,0,1,1,1.0
piveph,0,1,1,1.0
uxnjfqn,0,1,1,1.0
travelm,0,1,1,1.0
elizabethmorrel,1,0,1,0.0
lgaopbpjtqiuhmxahg,0,1,1,1.0
uicl,0,1,1,1.0
xhxxkdkq,0,1,1,1.0
dfpprozi,0,1,1,1.0
consumerand,0,1,1,1.0
wgypsi,0,1,1,1.0
xkgmq,0,1,1,1.0
jnobx,0,1,1,1.0
moywvhikihfbw,0,1,1,1.0
gwarzoâ,0,1,1,1.0
highwood,0,1,1,1.0
electrophon,0,1,1,1.0
explicamo,0,1,1,1.0
mfim,0,1,1,1.0
clungcopernican,0,1,1,1.0
estacin,0,1,1,1.0
rpovid,1,0,1,0.0
nvcfjlh,0,1,1,1.0
llzif,0,1,1,1.0
brodeur,1,0,1,0.0
dupauow,0,1,1,1.0
pnvfcthi,0,1,1,1.0
italicis,1,0,1,0.0
neitherit,0,1,1,1.0
zue,0,1,1,1.0
nattur,0,1,1,1.0
foellmer,1,0,1,0.0
alloct,1,0,1,0.0
settlemen,0,1,1,1.0
schallmein,0,1,1,1.0
bombproofemili,0,1,1,1.0
rnwdgzsi,0,1,1,1.0
bigza,0,1,1,1.0
duodenum,0,1,1,1.0
bellflowerinfeas,0,1,1,1.0
notiffiyv,0,1,1,1.0
vacuofi,0,1,1,1.0
benc,0,1,1,1.0
killarney,0,1,1,1.0
steuer,0,1,1,1.0
müzýk,0,1,1,1.0
placea,0,1,1,1.0
iwsogco,0,1,1,1.0
bumalik,0,1,1,1.0
zabjkb,0,1,1,1.0
pbreakfast,0,1,1,1.0
shantaewinston,0,1,1,1.0
cgjcb,0,1,1,1.0
cbf,0,1,1,1.0
sadr,1,0,1,0.0
nweinber,1,0,1,0.0
normanracerx,0,1,1,1.0
prenatal,0,1,1,1.0
ksc,1,0,1,0.0
aqwcwpl,0,1,1,1.0
jonathanwyli,1,0,1,0.0
bailiwick,1,0,1,0.0
regularcoupl,0,1,1,1.0
granddaddi,1,0,1,0.0
eshug,0,1,1,1.0
samawi,1,0,1,0.0
reccrib,0,1,1,1.0
udhi,0,1,1,1.0
ppemail,0,1,1,1.0
charcoalburn,0,1,1,1.0
konta,0,1,1,1.0
basketspitfir,0,1,1,1.0
µäý,0,1,1,1.0
piecr,0,1,1,1.0
cqjxuck,0,1,1,1.0
billot,1,0,1,0.0
hwairsdhr,0,1,1,1.0
perfectoerror,0,1,1,1.0
mcubek,0,1,1,1.0
hwneqyoj,0,1,1,1.0
ubiquitousbreathi,0,1,1,1.0
beto,0,1,1,1.0
forpain,0,1,1,1.0
soledad,0,1,1,1.0
njzscv,0,1,1,1.0
nwhtk,0,1,1,1.0
lundgren,1,0,1,0.0
vvel,0,1,1,1.0
upabppxh,0,1,1,1.0
bhatia,1,0,1,0.0
aamterdam,0,1,1,1.0
replyonli,0,1,1,1.0
louisina,1,0,1,0.0
javelinpray,0,1,1,1.0
stamfordceramium,0,1,1,1.0
dnevnik,1,0,1,0.0
misprint,0,1,1,1.0
xoj,0,1,1,1.0
vaniamarquez,0,1,1,1.0
fnri,0,1,1,1.0
espnl,1,0,1,0.0
cgsvwi,0,1,1,1.0
sipgroup,0,1,1,1.0
myyc,0,1,1,1.0
soweth,0,1,1,1.0
blakekimhodg,1,0,1,0.0
mndtw,0,1,1,1.0
ayrntl,0,1,1,1.0
tuyo,0,1,1,1.0
discretechipmunk,0,1,1,1.0
exisitng,1,0,1,0.0
mbyte,0,1,1,1.0
dgxq,0,1,1,1.0
shoreascetic,0,1,1,1.0
zihfi,0,1,1,1.0
balldress,0,1,1,1.0
gilbergd,1,0,1,0.0
petrochko,1,0,1,0.0
gorri,1,0,1,0.0
fomc,1,0,1,0.0
clawson,1,0,1,0.0
gvtijhg,0,1,1,1.0
solutionhr,1,0,1,0.0
whitton,1,0,1,0.0
hlvw,0,1,1,1.0
hurriyet,0,1,1,1.0
kordich,0,1,1,1.0
lafourch,1,0,1,0.0
icam,0,1,1,1.0
penron,1,0,1,0.0
otherdiscomfort,0,1,1,1.0
trjbascq,0,1,1,1.0
tiu,0,1,1,1.0
donl,1,0,1,0.0
benedetti,1,0,1,0.0
cyberramp,1,0,1,0.0
vkvvm,0,1,1,1.0
hhvhxderv,0,1,1,1.0
toyajfkyh,0,1,1,1.0
worldtran,1,0,1,0.0
perli,0,1,1,1.0
sii,0,1,1,1.0
reestruturao,0,1,1,1.0
mexicocontest,0,1,1,1.0
southparkmail,0,1,1,1.0
cpahd,0,1,1,1.0
nviwouztjcx,0,1,1,1.0
nutrio,0,1,1,1.0
delineatejuli,0,1,1,1.0
rjfhwjd,0,1,1,1.0
diarrhea,0,1,1,1.0
ovoernioght,0,1,1,1.0
ztykaa,0,1,1,1.0
djezytnvlb,0,1,1,1.0
realmaxhelpitem,0,1,1,1.0
slong,1,0,1,0.0
barbacu,0,1,1,1.0
aehcu,0,1,1,1.0
kuwo,0,1,1,1.0
monoclon,0,1,1,1.0
grundgesetz,0,1,1,1.0
icg,1,0,1,0.0
tradecaptur,1,0,1,0.0
wrinkli,0,1,1,1.0
khomb,0,1,1,1.0
uncur,1,0,1,0.0
ceosho,0,1,1,1.0
agenesi,0,1,1,1.0
commail,0,1,1,1.0
uppiti,0,1,1,1.0
psone,0,1,1,1.0
jybc,0,1,1,1.0
easybreech,0,1,1,1.0
oziril,0,1,1,1.0
ojciec,1,0,1,0.0
ufont,0,1,1,1.0
bvrumchtvcsz,0,1,1,1.0
gxri,0,1,1,1.0
tmjonka,0,1,1,1.0
jgxufgic,0,1,1,1.0
australiadeputi,0,1,1,1.0
gjalp,0,1,1,1.0
shannel,1,0,1,0.0
wantedpa,0,1,1,1.0
phx,1,0,1,0.0
rptemov,0,1,1,1.0
reliablenw,0,1,1,1.0
msfnh,0,1,1,1.0
energystorehous,1,0,1,0.0
riacham,0,1,1,1.0
berzeugen,0,1,1,1.0
ohbabi,0,1,1,1.0
kzjsyfqhi,0,1,1,1.0
reedpip,0,1,1,1.0
margarit,1,0,1,0.0
sumption,0,1,1,1.0
telemetri,1,0,1,0.0
auftrag,0,1,1,1.0
xudaafiz,0,1,1,1.0
oshop,0,1,1,1.0
smanhem,0,1,1,1.0
crwgwtriuv,0,1,1,1.0
nkow,0,1,1,1.0
graphicblowfish,0,1,1,1.0
epn,1,0,1,0.0
zdriveusb,0,1,1,1.0
shepherdsuffragett,0,1,1,1.0
saatcioglu,1,0,1,0.0
dspelley,1,0,1,0.0
adiosdearvvua,0,1,1,1.0
iestat,0,1,1,1.0
contando,0,1,1,1.0
pzyvktpipwcmjc,0,1,1,1.0
zajzeniu,1,0,1,0.0
leei,1,0,1,0.0
jacobelli,1,0,1,0.0
mttesu,0,1,1,1.0
blindsspr,0,1,1,1.0
jgluutqdso,0,1,1,1.0
jfsssz,0,1,1,1.0
smvau,0,1,1,1.0
descontrol,0,1,1,1.0
menti,0,1,1,1.0
kuruluþlarý,0,1,1,1.0
workedoutveri,0,1,1,1.0
successfullli,1,0,1,0.0
ioomg,0,1,1,1.0
stronganyon,0,1,1,1.0
technicolor,0,1,1,1.0
xzdvd,0,1,1,1.0
vcagra,0,1,1,1.0
skontaktowac,1,0,1,0.0
bvgv,0,1,1,1.0
convenu,0,1,1,1.0
ntvnj,0,1,1,1.0
swee,1,0,1,0.0
unobtrus,1,0,1,0.0
qonvji,0,1,1,1.0
jykefjxlj,0,1,1,1.0
albsesi,0,1,1,1.0
revolutlon,0,1,1,1.0
lsm,1,0,1,0.0
nudap,0,1,1,1.0
rawkinsal,0,1,1,1.0
wgurgit,0,1,1,1.0
bant,0,1,1,1.0
inkk,0,1,1,1.0
notifc,1,0,1,0.0
ujfuwv,0,1,1,1.0
lensx,0,1,1,1.0
kxmae,0,1,1,1.0
udosankho,0,1,1,1.0
discerndearth,0,1,1,1.0
pryingli,0,1,1,1.0
noc,1,0,1,0.0
condyl,0,1,1,1.0
objyy,0,1,1,1.0
jafjqn,0,1,1,1.0
coxagipendo,0,1,1,1.0
soyyo,0,1,1,1.0
abdulsalam,0,1,1,1.0
putiyour,0,1,1,1.0
nau,0,1,1,1.0
ãëáèá,0,1,1,1.0
azlduqfp,0,1,1,1.0
mrntkceduiza,0,1,1,1.0
prestissimo,0,1,1,1.0
xaawa,0,1,1,1.0
dcspencer,1,0,1,0.0
russsia,0,1,1,1.0
omegaintak,0,1,1,1.0
bannerscap,0,1,1,1.0
mjdw,0,1,1,1.0
mdzcupqvytltoon,0,1,1,1.0
enqxw,0,1,1,1.0
otff,0,1,1,1.0
blackgold,1,0,1,0.0
jbkgd,0,1,1,1.0
upmtrmc,0,1,1,1.0
raticid,0,1,1,1.0
gimbel,0,1,1,1.0
perfov,0,1,1,1.0
aymgsdnht,0,1,1,1.0
peeeeeopl,0,1,1,1.0
djtxkf,0,1,1,1.0
labeuf,1,0,1,0.0
bumbum,0,1,1,1.0
nesbittwank,0,1,1,1.0
compund,1,0,1,0.0
settimeout,0,1,1,1.0
husk,0,1,1,1.0
hembpb,0,1,1,1.0
exciv,0,1,1,1.0
longr,0,1,1,1.0
sassatani,1,0,1,0.0
barlowchron,1,0,1,0.0
tributario,0,1,1,1.0
comhttp,0,1,1,1.0
productbiltmor,0,1,1,1.0
pwtlqloh,0,1,1,1.0
twdev,1,0,1,0.0
nenykbbax,0,1,1,1.0
ddepress,0,1,1,1.0
wilfuck,0,1,1,1.0
dical,0,1,1,1.0
dbillot,1,0,1,0.0
glfyjvuj,0,1,1,1.0
drviv,1,0,1,0.0
onqljom,0,1,1,1.0
lndq,0,1,1,1.0
dpj,1,0,1,0.0
didático,0,1,1,1.0
supermini,0,1,1,1.0
homegain,1,0,1,0.0
reasomn,1,0,1,0.0
purcther,0,1,1,1.0
wsubstitut,0,1,1,1.0
westr,1,0,1,0.0
bejttroci,0,1,1,1.0
nlsxvm,0,1,1,1.0
enhaxu,0,1,1,1.0
tqiv,0,1,1,1.0
cmcfarland,1,0,1,0.0
zibet,0,1,1,1.0
kwdnce,0,1,1,1.0
uphxfl,0,1,1,1.0
ofrecimiento,0,1,1,1.0
uxw,0,1,1,1.0
shallemploy,0,1,1,1.0
untsubwscruib,0,1,1,1.0
hevanet,1,0,1,0.0
jurez,0,1,1,1.0
daddauth,0,1,1,1.0
tchistori,1,0,1,0.0
dayjob,1,0,1,0.0
ldupp,0,1,1,1.0
bixcayn,0,1,1,1.0
benwilliam,0,1,1,1.0
ngwczzoir,0,1,1,1.0
balconyrepublican,0,1,1,1.0
freetrad,0,1,1,1.0
luciuk,1,0,1,0.0
algor,1,0,1,0.0
vjzaf,0,1,1,1.0
pepi,1,0,1,0.0
feriol,0,1,1,1.0
mejorando,0,1,1,1.0
shouldnt,0,1,1,1.0
ramu,1,0,1,0.0
programi,1,0,1,0.0
ojdlf,0,1,1,1.0
adk,0,1,1,1.0
whse,1,0,1,0.0
jbr,0,1,1,1.0
massong,1,0,1,0.0
ywx,0,1,1,1.0
persccript,0,1,1,1.0
vernita,0,1,1,1.0
espaço,0,1,1,1.0
xclu,0,1,1,1.0
arubba,0,1,1,1.0
xniri,0,1,1,1.0
brynhildsbakken,1,0,1,0.0
euforia,0,1,1,1.0
edirki,0,1,1,1.0
knopp,1,0,1,0.0
mattox,1,0,1,0.0
mustardapposit,0,1,1,1.0
passar,0,1,1,1.0
amplia,0,1,1,1.0
sitg,0,1,1,1.0
makefil,1,0,1,0.0
musicgrl,1,0,1,0.0
shellpetroleum,0,1,1,1.0
schek,0,1,1,1.0
chf,0,1,1,1.0
ndsswzkl,0,1,1,1.0
musicaux,0,1,1,1.0
swxqi,0,1,1,1.0
smoth,1,0,1,0.0
autorizada,0,1,1,1.0
asigna,0,1,1,1.0
allar,0,1,1,1.0
pulpandpapergroup,1,0,1,0.0
piwfpzxg,0,1,1,1.0
izjot,0,1,1,1.0
fudan,1,0,1,0.0
jacarilla,0,1,1,1.0
snakeroot,0,1,1,1.0
planilha,0,1,1,1.0
pacel,1,0,1,0.0
uncostli,0,1,1,1.0
raevn,0,1,1,1.0
acropolei,0,1,1,1.0
feigningli,0,1,1,1.0
ugkmakkt,0,1,1,1.0
subus,1,0,1,0.0
institutionalis,1,0,1,0.0
ajspb,0,1,1,1.0
herbalfactori,0,1,1,1.0
emplye,1,0,1,0.0
jsq,0,1,1,1.0
vlightbulb,1,0,1,0.0
bizard,0,1,1,1.0
meghana,1,0,1,0.0
geraeuscharm,0,1,1,1.0
mdalia,1,0,1,0.0
fiscalizadoraso,0,1,1,1.0
oipgrvjxf,0,1,1,1.0
xccolaii,0,1,1,1.0
sqh,0,1,1,1.0
securitequir,0,1,1,1.0
qsawrkqkd,0,1,1,1.0
ramoh,0,1,1,1.0
officeisloc,0,1,1,1.0
attament,1,0,1,0.0
resourcestaf,1,0,1,0.0
akxdwpst,0,1,1,1.0
xtk,0,1,1,1.0
akfgbtfz,0,1,1,1.0
bkqu,0,1,1,1.0
catamit,0,1,1,1.0
ziihvhx,0,1,1,1.0
gunnar,0,1,1,1.0
fgnmz,0,1,1,1.0
pbznrxrk,0,1,1,1.0
canadia,0,1,1,1.0
lcskdfipcmgccowjd,0,1,1,1.0
sktiondenoy,0,1,1,1.0
qeelvg,0,1,1,1.0
suhaol,0,1,1,1.0
wfskill,0,1,1,1.0
bjgnebxkb,0,1,1,1.0
ghdnqayvod,0,1,1,1.0
intraprocess,0,1,1,1.0
popelnilismi,1,0,1,0.0
udismiss,0,1,1,1.0
topack,1,0,1,0.0
autopista,0,1,1,1.0
gitbmqrcr,0,1,1,1.0
mtiwvk,0,1,1,1.0
cptci,0,1,1,1.0
bcorrel,1,0,1,0.0
intoetern,0,1,1,1.0
oxxxyyconnntin,0,1,1,1.0
oevtf,0,1,1,1.0
wordquadrenni,0,1,1,1.0
gral,0,1,1,1.0
sankoy,0,1,1,1.0
merkel,1,0,1,0.0
iqvdng,0,1,1,1.0
crowsley,1,0,1,0.0
oadtpa,0,1,1,1.0
odfxdwz,0,1,1,1.0
claimsmanag,0,1,1,1.0
ukraini,1,0,1,0.0
ltock,0,1,1,1.0
ravenduck,0,1,1,1.0
unsbscrb,0,1,1,1.0
blakef,1,0,1,0.0
ceyyy,0,1,1,1.0
siegfriedcartilag,0,1,1,1.0
jgetsl,0,1,1,1.0
prehear,1,0,1,0.0
ucgam,0,1,1,1.0
purchasesatur,0,1,1,1.0
braat,0,1,1,1.0
miniscul,0,1,1,1.0
coryphaeu,0,1,1,1.0
llahost,1,0,1,0.0
shakey,1,0,1,0.0
hyrn,0,1,1,1.0
harikian,0,1,1,1.0
clp,1,0,1,0.0
corbelgingham,0,1,1,1.0
dtmusselman,1,0,1,0.0
hulumtg,0,1,1,1.0
dniioxt,0,1,1,1.0
arlennettlesom,0,1,1,1.0
dporter,1,0,1,0.0
yebejvr,0,1,1,1.0
confidentclair,0,1,1,1.0
lavon,0,1,1,1.0
disfruta,0,1,1,1.0
mthval,0,1,1,1.0
bywxrkipk,0,1,1,1.0
numberna,0,1,1,1.0
francia,0,1,1,1.0
enfum,0,1,1,1.0
anderlecht,0,1,1,1.0
ponfa,0,1,1,1.0
insiderecogn,0,1,1,1.0
lenglen,0,1,1,1.0
halbert,1,0,1,0.0
saltsman,1,0,1,0.0
velha,0,1,1,1.0
itecd,0,1,1,1.0
xbzt,0,1,1,1.0
placatedon,0,1,1,1.0
koppendray,1,0,1,0.0
vllm,0,1,1,1.0
michaelramseyl,0,1,1,1.0
camphor,0,1,1,1.0
enhwanc,0,1,1,1.0
antineutrino,0,1,1,1.0
beupdat,0,1,1,1.0
femai,0,1,1,1.0
bmn,0,1,1,1.0
anythingwith,0,1,1,1.0
versenden,0,1,1,1.0
viagkpra,0,1,1,1.0
phdarmaci,0,1,1,1.0
galard,1,0,1,0.0
hardcorep,0,1,1,1.0
inclblud,0,1,1,1.0
kndndfq,0,1,1,1.0
quackquack,0,1,1,1.0
fosterbc,1,0,1,0.0
carpediem,1,0,1,0.0
truckrac,0,1,1,1.0
vrµayu,0,1,1,1.0
missu,0,1,1,1.0
edição,0,1,1,1.0
thwj,0,1,1,1.0
whereto,0,1,1,1.0
crohellocro,0,1,1,1.0
wardsgiftshop,0,1,1,1.0
etwork,1,0,1,0.0
thiscompani,0,1,1,1.0
seepop,0,1,1,1.0
maughmen,1,0,1,0.0
earlyr,1,0,1,0.0
wxgaxbrit,0,1,1,1.0
arteriolar,0,1,1,1.0
hhruj,0,1,1,1.0
yjxsu,0,1,1,1.0
bpxzvamwi,0,1,1,1.0
michaelcreek,0,1,1,1.0
combbaldp,0,1,1,1.0
sthoma,1,0,1,0.0
glxkj,0,1,1,1.0
deterioratelockup,0,1,1,1.0
suffocateworldwid,0,1,1,1.0
fornel,1,0,1,0.0
mddessel,1,0,1,0.0
dfitzgerald,1,0,1,0.0
amltzycrzrf,0,1,1,1.0
nhdv,0,1,1,1.0
viagrå,0,1,1,1.0
editabi,0,1,1,1.0
bergamotperfus,0,1,1,1.0
feldheim,1,0,1,0.0
fugqjrfi,0,1,1,1.0
merkicpa,1,0,1,0.0
dynem,1,0,1,0.0
strongstrongfont,0,1,1,1.0
okadigbo,0,1,1,1.0
overvupaxvyhin,0,1,1,1.0
guitarist,0,1,1,1.0
chhose,0,1,1,1.0
mgro,0,1,1,1.0
indophil,0,1,1,1.0
fvwdvrjxt,0,1,1,1.0
halvor,0,1,1,1.0
chisti,1,0,1,0.0
zsru,0,1,1,1.0
andz,0,1,1,1.0
thexboxmafia,0,1,1,1.0
aqbxngh,0,1,1,1.0
marbleskd,0,1,1,1.0
ealign,0,1,1,1.0
trecivemor,0,1,1,1.0
domicilliari,0,1,1,1.0
bkmnnepjz,0,1,1,1.0
twnlwuhv,0,1,1,1.0
jtlork,0,1,1,1.0
anibl,0,1,1,1.0
datehous,0,1,1,1.0
xcq,0,1,1,1.0
followedworldwid,0,1,1,1.0
clearancesal,0,1,1,1.0
kwlgw,0,1,1,1.0
tyfamfukh,0,1,1,1.0
rawbcd,0,1,1,1.0
aopjp,0,1,1,1.0
xpctv,0,1,1,1.0
saxifrag,0,1,1,1.0
estragon,0,1,1,1.0
cipumu,0,1,1,1.0
epfjmzyn,0,1,1,1.0
rvbf,0,1,1,1.0
sscore,0,1,1,1.0
dfxqyygallow,0,1,1,1.0
nutra,0,1,1,1.0
distribt,1,0,1,0.0
rmemdgrv,0,1,1,1.0
filosófico,0,1,1,1.0
tocar,0,1,1,1.0
levanth,1,0,1,0.0
ukyda,0,1,1,1.0
raiseforc,0,1,1,1.0
badesc,0,1,1,1.0
flustrat,1,0,1,0.0
msessa,1,0,1,0.0
poord,0,1,1,1.0
urr,0,1,1,1.0
confindenti,0,1,1,1.0
haiv,0,1,1,1.0
mitmachen,0,1,1,1.0
fgpc,0,1,1,1.0
kprc,1,0,1,0.0
pmmllthkj,0,1,1,1.0
qqltuadpl,0,1,1,1.0
lengthman,0,1,1,1.0
fshr,1,0,1,0.0
ysevw,0,1,1,1.0
moonshin,0,1,1,1.0
ganrdo,0,1,1,1.0
cattaneo,1,0,1,0.0
xuzuzxxa,0,1,1,1.0
zeeman,0,1,1,1.0
perpend,0,1,1,1.0
personal,0,1,1,1.0
usgc,1,0,1,0.0
yvonnebigmac,0,1,1,1.0
biocollect,0,1,1,1.0
leeasplenium,0,1,1,1.0
compulsorysteel,0,1,1,1.0
mcgariti,1,0,1,0.0
fiducialagentol,0,1,1,1.0
chlorosi,0,1,1,1.0
erhead,0,1,1,1.0
neverdepsid,0,1,1,1.0
stice,1,0,1,0.0
trespasssinh,0,1,1,1.0
rbinal,0,1,1,1.0
mmdgabg,0,1,1,1.0
weathercock,0,1,1,1.0
blahblahcuti,0,1,1,1.0
ubca,1,0,1,0.0
fobon,0,1,1,1.0
octoberl,1,0,1,0.0
tqe,0,1,1,1.0
revoir,1,0,1,0.0
sqgni,0,1,1,1.0
mendonsa,1,0,1,0.0
mzdgdgxq,0,1,1,1.0
nunbird,0,1,1,1.0
gastroesophag,0,1,1,1.0
milic,0,1,1,1.0
ginevra,0,1,1,1.0
podermo,0,1,1,1.0
wasaccustom,0,1,1,1.0
azgcwwb,0,1,1,1.0
nouz,0,1,1,1.0
muebleria,0,1,1,1.0
teman,1,0,1,0.0
btlppc,0,1,1,1.0
courseof,0,1,1,1.0
peplosin,0,1,1,1.0
olzaih,0,1,1,1.0
vsbmkzp,0,1,1,1.0
hae,1,0,1,0.0
iteam,0,1,1,1.0
razati,0,1,1,1.0
htmlbodyt,0,1,1,1.0
nxopw,0,1,1,1.0
ffhsn,0,1,1,1.0
mèd,0,1,1,1.0
dothan,0,1,1,1.0
okresi,1,0,1,0.0
znd,0,1,1,1.0
sss,0,1,1,1.0
crispn,0,1,1,1.0
evaur,0,1,1,1.0
bertth,0,1,1,1.0
gescand,0,1,1,1.0
neeson,0,1,1,1.0
devida,0,1,1,1.0
aziethan,0,1,1,1.0
australiajanitor,0,1,1,1.0
sharl,0,1,1,1.0
jeu,0,1,1,1.0
rvn,0,1,1,1.0
ngwellh,0,1,1,1.0
squeakiest,1,0,1,0.0
hzombi,0,1,1,1.0
thurdsay,0,1,1,1.0
likr,0,1,1,1.0
sizabi,0,1,1,1.0
frefa,0,1,1,1.0
nameþ,0,1,1,1.0
deserai,0,1,1,1.0
zqh,0,1,1,1.0
mwbrwjst,0,1,1,1.0
supeeeeer,0,1,1,1.0
daughriti,1,0,1,0.0
bocconia,0,1,1,1.0
iavni,0,1,1,1.0
koomi,1,0,1,0.0
civalwi,0,1,1,1.0
wizardmoiseyev,0,1,1,1.0
eyeforfuelcel,1,0,1,0.0
nomiat,1,0,1,0.0
doctorless,0,1,1,1.0
gfjxx,0,1,1,1.0
zdravih,0,1,1,1.0
llow,0,1,1,1.0
huevo,0,1,1,1.0
japz,0,1,1,1.0
shekel,0,1,1,1.0
rpxojfpcwvu,0,1,1,1.0
canciond,0,1,1,1.0
digresso,0,1,1,1.0
txzotkjfm,0,1,1,1.0
rlyprx,0,1,1,1.0
cvaughn,1,0,1,0.0
jddmhit,0,1,1,1.0
competent,0,1,1,1.0
romjr,0,1,1,1.0
olevia,0,1,1,1.0
uspenski,1,0,1,0.0
stroock,1,0,1,0.0
flnding,0,1,1,1.0
apollon,0,1,1,1.0
tearfulallot,0,1,1,1.0
fhfja,0,1,1,1.0
begon,0,1,1,1.0
kjwdg,0,1,1,1.0
hrrztlazzjhhorjnqc,0,1,1,1.0
globalcloud,1,0,1,0.0
ibatam,0,1,1,1.0
tldoqu,0,1,1,1.0
okdqvnfhn,0,1,1,1.0
substr,0,1,1,1.0
ndhlm,0,1,1,1.0
tryiit,0,1,1,1.0
vbtkp,0,1,1,1.0
beautiful,0,1,1,1.0
rechazada,0,1,1,1.0
mwtpxi,0,1,1,1.0
ninja,0,1,1,1.0
kdluglw,0,1,1,1.0
podagr,0,1,1,1.0
augustabestsel,0,1,1,1.0
dnolwoad,0,1,1,1.0
selfdetermin,0,1,1,1.0
yiomrblf,0,1,1,1.0
kbncipv,0,1,1,1.0
velvetkiss,0,1,1,1.0
goag,0,1,1,1.0
skkt,0,1,1,1.0
mvwawul,0,1,1,1.0
utcwdhom,0,1,1,1.0
jnalfjledi,0,1,1,1.0
svytc,0,1,1,1.0
warpspe,1,0,1,0.0
schwerer,0,1,1,1.0
origiin,0,1,1,1.0
azin,0,1,1,1.0
belgslottob,0,1,1,1.0
erotogen,0,1,1,1.0
dudungapho,0,1,1,1.0
conferencenbsp,0,1,1,1.0
jqx,0,1,1,1.0
rdqf,0,1,1,1.0
julol,1,0,1,0.0
thesesit,0,1,1,1.0
xcwz,0,1,1,1.0
organiza,0,1,1,1.0
goldlion,0,1,1,1.0
unpars,0,1,1,1.0
stinservic,0,1,1,1.0
cantilena,0,1,1,1.0
nsslrcn,0,1,1,1.0
zgrcsabaogf,0,1,1,1.0
rfnre,0,1,1,1.0
tamaño,0,1,1,1.0
sobreesquizofrenia,0,1,1,1.0
kili,0,1,1,1.0
blindsavail,0,1,1,1.0
orekexycd,0,1,1,1.0
biocel,0,1,1,1.0
frilliusrn,0,1,1,1.0
rtdm,1,0,1,0.0
hrfc,0,1,1,1.0
youd,0,1,1,1.0
dalrympl,0,1,1,1.0
ceopleas,0,1,1,1.0
ratadaka,0,1,1,1.0
oprisk,1,0,1,0.0
ffptfkqye,0,1,1,1.0
krell,1,0,1,0.0
vsh,1,0,1,0.0
stomash,1,0,1,0.0
adelochorda,0,1,1,1.0
mrfredkamah,0,1,1,1.0
pbem,0,1,1,1.0
bph,0,1,1,1.0
hrnpyyp,0,1,1,1.0
uubtbsb,0,1,1,1.0
dvorski,0,1,1,1.0
itsveryeasi,0,1,1,1.0
unmortgag,1,0,1,0.0
ppthi,0,1,1,1.0
jklouda,1,0,1,0.0
pillorypreliminari,0,1,1,1.0
globalum,0,1,1,1.0
gramen,0,1,1,1.0
iwtxp,0,1,1,1.0
mikehut,1,0,1,0.0
frosco,1,0,1,0.0
iswskciu,0,1,1,1.0
zxw,0,1,1,1.0
elitcat,0,1,1,1.0
kfrgkrn,0,1,1,1.0
wce,0,1,1,1.0
ihh,0,1,1,1.0
qieqnti,0,1,1,1.0
pkpep,0,1,1,1.0
gfloodlit,0,1,1,1.0
nnmc,0,1,1,1.0
compilao,0,1,1,1.0
queré,0,1,1,1.0
djxotui,0,1,1,1.0
lqhypfag,0,1,1,1.0
hersey,0,1,1,1.0
vxth,0,1,1,1.0
flieth,0,1,1,1.0
tazvyvouw,0,1,1,1.0
qhlkd,1,0,1,0.0
xtlmxgc,0,1,1,1.0
whitter,1,0,1,0.0
rcnmnu,0,1,1,1.0
verypow,0,1,1,1.0
iqzkyko,0,1,1,1.0
areaclick,0,1,1,1.0
qvignrlv,0,1,1,1.0
wecan,0,1,1,1.0
althought,1,0,1,0.0
jisao,1,0,1,0.0
irect,0,1,1,1.0
pinkfloyalien,0,1,1,1.0
viinavahinkoihin,0,1,1,1.0
xjjb,0,1,1,1.0
thbjukdrfpgd,0,1,1,1.0
dpafinanci,0,1,1,1.0
xmnnilp,0,1,1,1.0
resultantli,0,1,1,1.0
znjriemc,0,1,1,1.0
lfqkuqi,0,1,1,1.0
ajrul,0,1,1,1.0
enkwoueub,0,1,1,1.0
coud,1,0,1,0.0
whitelight,0,1,1,1.0
openit,0,1,1,1.0
leija,1,0,1,0.0
betten,1,0,1,0.0
friendswho,0,1,1,1.0
inffo,0,1,1,1.0
cmzugzbdhd,0,1,1,1.0
jawcircumscript,0,1,1,1.0
llke,0,1,1,1.0
childhod,0,1,1,1.0
orpuvyhk,0,1,1,1.0
mpllme,0,1,1,1.0
easydn,0,1,1,1.0
uznuy,1,0,1,0.0
rotar,0,1,1,1.0
qhworzeei,0,1,1,1.0
mooor,0,1,1,1.0
cynacon,0,1,1,1.0
chantal,1,0,1,0.0
schopenhau,0,1,1,1.0
shvo,0,1,1,1.0
unweariedli,0,1,1,1.0
difserv,1,0,1,0.0
inowdcfh,0,1,1,1.0
rwfbvvq,0,1,1,1.0
pholoshop,0,1,1,1.0
blatzcleat,0,1,1,1.0
tmpghkiofyq,0,1,1,1.0
dhherwrt,0,1,1,1.0
bajarang,1,0,1,0.0
overpaygr,0,1,1,1.0
limnet,0,1,1,1.0
isebwp,0,1,1,1.0
aclarado,0,1,1,1.0
hbackscratch,0,1,1,1.0
jamaicazenith,0,1,1,1.0
hasgdhjgasdgasdkasdasjdg,0,1,1,1.0
identyczn,1,0,1,0.0
asz,0,1,1,1.0
lmage,0,1,1,1.0
begley,1,0,1,0.0
thebank,0,1,1,1.0
ownload,0,1,1,1.0
prereview,1,0,1,0.0
gvjdj,0,1,1,1.0
soloenergi,1,0,1,0.0
schuh,1,0,1,0.0
gpihni,0,1,1,1.0
deseretgt,1,0,1,0.0
afb,0,1,1,1.0
ekj,0,1,1,1.0
gnot,0,1,1,1.0
thomasina,0,1,1,1.0
guygmyhv,0,1,1,1.0
bowden,1,0,1,0.0
buddington,0,1,1,1.0
keratin,0,1,1,1.0
cruisemail,1,0,1,0.0
falkowski,0,1,1,1.0
primposta,0,1,1,1.0
listbuild,1,0,1,0.0
yttngm,0,1,1,1.0
vicodiin,0,1,1,1.0
customerdepart,0,1,1,1.0
ygsdw,0,1,1,1.0
aolo,0,1,1,1.0
vyqhggg,0,1,1,1.0
vlj,0,1,1,1.0
unhind,1,0,1,0.0
lpsnessaz,0,1,1,1.0
frsh,0,1,1,1.0
murri,1,0,1,0.0
tpllwd,0,1,1,1.0
romesh,1,0,1,0.0
qzmdkj,0,1,1,1.0
ofthesecur,0,1,1,1.0
charitycooki,0,1,1,1.0
amphigama,0,1,1,1.0
wliixgrw,0,1,1,1.0
nevacaxonow,0,1,1,1.0
qkwzkaofzj,0,1,1,1.0
yoself,1,0,1,0.0
zcbiw,0,1,1,1.0
kudoo,1,0,1,0.0
catskillmemphi,0,1,1,1.0
zxg,0,1,1,1.0
rfnknrolojqqooofsforlg,0,1,1,1.0
quickmail,1,0,1,0.0
osgoodbigelow,0,1,1,1.0
propesia,0,1,1,1.0
rkfqebbc,0,1,1,1.0
lcc,0,1,1,1.0
levltrsom,0,1,1,1.0
bingedylan,0,1,1,1.0
koogler,1,0,1,0.0
goghsash,0,1,1,1.0
minutesgo,0,1,1,1.0
degress,0,1,1,1.0
rlxmuagr,0,1,1,1.0
mqbm,0,1,1,1.0
ciallsand,0,1,1,1.0
wopva,0,1,1,1.0
jytw,0,1,1,1.0
muqbnyua,0,1,1,1.0
fnoonun,0,1,1,1.0
refrigeratorcar,0,1,1,1.0
ermittelt,0,1,1,1.0
milwauki,1,0,1,0.0
armacybymail,0,1,1,1.0
mybi,0,1,1,1.0
pnrecet,0,1,1,1.0
taylorja,1,0,1,0.0
ftvk,0,1,1,1.0
zapytania,1,0,1,0.0
virgi,0,1,1,1.0
cfdf,0,1,1,1.0
mancera,0,1,1,1.0
bschull,1,0,1,0.0
bnzefa,0,1,1,1.0
romanfirst,0,1,1,1.0
nuth,0,1,1,1.0
hcvqj,0,1,1,1.0
garaev,0,1,1,1.0
spotkaniem,1,0,1,0.0
amicablebarbitur,0,1,1,1.0
froman,1,0,1,0.0
heotjeccldxcv,0,1,1,1.0
qtukwydl,0,1,1,1.0
suspensori,0,1,1,1.0
yasdlc,0,1,1,1.0
birthiii,0,1,1,1.0
vmj,0,1,1,1.0
barit,0,1,1,1.0
xgi,0,1,1,1.0
itr,0,1,1,1.0
cbmc,0,1,1,1.0
btqu,0,1,1,1.0
thesef,0,1,1,1.0
ipcr,1,0,1,0.0
mkwall,1,0,1,0.0
shopaff,0,1,1,1.0
gjmse,0,1,1,1.0
krq,0,1,1,1.0
apxl,1,0,1,0.0
uvd,0,1,1,1.0
compañera,0,1,1,1.0
fnb,0,1,1,1.0
tday,0,1,1,1.0
avkuw,0,1,1,1.0
nadinel,0,1,1,1.0
lahmey,1,0,1,0.0
trdill,1,0,1,0.0
gloriahl,0,1,1,1.0
yearsof,0,1,1,1.0
neked,0,1,1,1.0
elctric,1,0,1,0.0
blida,0,1,1,1.0
xmw,0,1,1,1.0
writabl,0,1,1,1.0
calorimeterbobolink,0,1,1,1.0
ofz,0,1,1,1.0
wyywirbr,0,1,1,1.0
ikovlt,0,1,1,1.0
grusen,1,0,1,0.0
piteou,0,1,1,1.0
campbellsport,0,1,1,1.0
sevven,0,1,1,1.0
acotr,0,1,1,1.0
svakodnevno,0,1,1,1.0
cpid,1,0,1,0.0
offerz,0,1,1,1.0
pagkakaibigan,0,1,1,1.0
oqju,0,1,1,1.0
sljzoho,0,1,1,1.0
abscenc,1,0,1,0.0
ccmekvq,0,1,1,1.0
ctbelden,1,0,1,0.0
ruinationbarnacl,0,1,1,1.0
henheart,0,1,1,1.0
moeejeciwresua,0,1,1,1.0
winehead,0,1,1,1.0
exrgzc,0,1,1,1.0
westindianivi,0,1,1,1.0
reqt,1,0,1,0.0
reemedi,0,1,1,1.0
asesoriasonlin,0,1,1,1.0
yzknklkmf,0,1,1,1.0
auracom,0,1,1,1.0
naglfari,0,1,1,1.0
vgp,0,1,1,1.0
dbyyjaief,0,1,1,1.0
pleinlaan,1,0,1,0.0
rsg,0,1,1,1.0
softwaru,0,1,1,1.0
onlian,0,1,1,1.0
egmfundi,1,0,1,0.0
cropcast,1,0,1,0.0
ranglerchief,0,1,1,1.0
unlyjabg,0,1,1,1.0
cortando,0,1,1,1.0
emailowa,1,0,1,0.0
publicis,1,0,1,0.0
ovblciyri,0,1,1,1.0
ischemia,0,1,1,1.0
wferiu,0,1,1,1.0
microbicid,0,1,1,1.0
ciulxbveq,0,1,1,1.0
porgfn,0,1,1,1.0
ggptueatk,0,1,1,1.0
calderon,0,1,1,1.0
savvyprivaci,0,1,1,1.0
modusoperand,0,1,1,1.0
lgofsng,0,1,1,1.0
cacerìa,0,1,1,1.0
cbb,0,1,1,1.0
gdfqqw,0,1,1,1.0
blicksilv,1,0,1,0.0
fonder,0,1,1,1.0
ngel,0,1,1,1.0
marchfirst,1,0,1,0.0
manifestó,0,1,1,1.0
gwmullin,1,0,1,0.0
shallin,0,1,1,1.0
gazprom,0,1,1,1.0
brinson,1,0,1,0.0
evibt,0,1,1,1.0
selfconceit,0,1,1,1.0
muytridv,0,1,1,1.0
gerdman,1,0,1,0.0
msbwrfmw,0,1,1,1.0
ewplckc,0,1,1,1.0
pcdo,0,1,1,1.0
þpor,0,1,1,1.0
cgopinat,1,0,1,0.0
cmvxvo,0,1,1,1.0
liafadw,0,1,1,1.0
huax,0,1,1,1.0
jointur,0,1,1,1.0
atistaxoni,0,1,1,1.0
resours,0,1,1,1.0
aign,0,1,1,1.0
alindewel,0,1,1,1.0
yadhfb,0,1,1,1.0
neuigkeiten,0,1,1,1.0
headle,1,0,1,0.0
ssyou,0,1,1,1.0
ynna,0,1,1,1.0
ovi,0,1,1,1.0
intempor,0,1,1,1.0
seccurrriiittiess,0,1,1,1.0
ozdemir,0,1,1,1.0
andoth,0,1,1,1.0
byparticip,0,1,1,1.0
sebwdjp,0,1,1,1.0
trant,0,1,1,1.0
cnequebu,0,1,1,1.0
fydtd,0,1,1,1.0
khubsjtpu,0,1,1,1.0
ofoil,1,0,1,0.0
deperson,1,0,1,0.0
wqqiee,0,1,1,1.0
ridergblaz,0,1,1,1.0
whoohoo,1,0,1,0.0
zelanda,0,1,1,1.0
erzegvr,0,1,1,1.0
almacen,0,1,1,1.0
bénissent,0,1,1,1.0
youn,0,1,1,1.0
nving,0,1,1,1.0
kdrrplaneload,0,1,1,1.0
professionalov,0,1,1,1.0
hlampkin,1,0,1,0.0
studl,0,1,1,1.0
aufzwängen,0,1,1,1.0
wynpublish,0,1,1,1.0
ewaxl,1,0,1,0.0
amu,0,1,1,1.0
tatyana,0,1,1,1.0
regardlesk,0,1,1,1.0
jjl,1,0,1,0.0
sionistart,1,0,1,0.0
yogananda,0,1,1,1.0
skofi,0,1,1,1.0
zurichcrept,0,1,1,1.0
meiani,0,1,1,1.0
vogt,0,1,1,1.0
rasiu,0,1,1,1.0
sexotot,0,1,1,1.0
vatdnpj,0,1,1,1.0
sonnyladi,0,1,1,1.0
qnsvpopakhysv,0,1,1,1.0
wmbd,0,1,1,1.0
brhihrdeq,0,1,1,1.0
enrzhn,0,1,1,1.0
puiem,0,1,1,1.0
farkasto,0,1,1,1.0
sbscription,1,0,1,0.0
unquiet,0,1,1,1.0
yleqra,0,1,1,1.0
kath,0,1,1,1.0
ykokwfxm,0,1,1,1.0
cliverm,1,0,1,0.0
uiti,0,1,1,1.0
tysdal,0,1,1,1.0
laurin,0,1,1,1.0
hlghest,0,1,1,1.0
tyle,1,0,1,0.0
expexp,1,0,1,0.0
kttihkefi,0,1,1,1.0
finlandia,0,1,1,1.0
benavid,1,0,1,0.0
dwatkiss,1,0,1,0.0
ucqpvqmr,0,1,1,1.0
bluer,0,1,1,1.0
agntherman,0,1,1,1.0
phytoplankton,0,1,1,1.0
reportship,1,0,1,0.0
glinska,1,0,1,0.0
ialuftot,0,1,1,1.0
jott,1,0,1,0.0
ensinamento,0,1,1,1.0
theski,0,1,1,1.0
wishesraquel,0,1,1,1.0
newscom,1,0,1,0.0
parenthttp,0,1,1,1.0
acwjk,0,1,1,1.0
lmzwh,0,1,1,1.0
bijectiveconcept,0,1,1,1.0
lcuck,0,1,1,1.0
kuru,0,1,1,1.0
qdblamghl,0,1,1,1.0
zditrmzxi,0,1,1,1.0
shrewmous,0,1,1,1.0
zetexuquino,0,1,1,1.0
chipk,1,0,1,0.0
vcmg,0,1,1,1.0
soexmt,0,1,1,1.0
cherrypick,1,0,1,0.0
smalensl,0,1,1,1.0
jnm,0,1,1,1.0
yboarish,0,1,1,1.0
lesb,0,1,1,1.0
viaaagra,0,1,1,1.0
gambog,0,1,1,1.0
dauntless,0,1,1,1.0
ecaud,0,1,1,1.0
committeehoward,0,1,1,1.0
winfri,1,0,1,0.0
passowrd,1,0,1,0.0
steuern,0,1,1,1.0
csal,1,0,1,0.0
tindallfost,1,0,1,0.0
tirar,0,1,1,1.0
chellejanow,1,0,1,0.0
vzjlehx,0,1,1,1.0
indidu,1,0,1,0.0
questiojn,1,0,1,0.0
podubp,0,1,1,1.0
synergen,0,1,1,1.0
toxinfosterit,0,1,1,1.0
gewohnlichen,0,1,1,1.0
werebr,0,1,1,1.0
dlan,0,1,1,1.0
fizzjnz,0,1,1,1.0
pottyground,0,1,1,1.0
unclassifi,0,1,1,1.0
hox,0,1,1,1.0
oumhkdh,0,1,1,1.0
zwangerschapsverlof,0,1,1,1.0
suckfest,1,0,1,0.0
xsswb,0,1,1,1.0
eiectro,0,1,1,1.0
brhi,0,1,1,1.0
blueyond,0,1,1,1.0
bgdo,0,1,1,1.0
berweisungen,0,1,1,1.0
dehbi,0,1,1,1.0
lasker,0,1,1,1.0
watermanship,0,1,1,1.0
paulhast,1,0,1,0.0
aifhh,0,1,1,1.0
lsgijcqd,0,1,1,1.0
nckqwif,0,1,1,1.0
racerxcherri,0,1,1,1.0
sorna,0,1,1,1.0
searchsculptur,0,1,1,1.0
pharmaceuticdelph,0,1,1,1.0
diarian,0,1,1,1.0
muo,0,1,1,1.0
ncifi,0,1,1,1.0
sooooom,0,1,1,1.0
seguiram,0,1,1,1.0
flameout,1,0,1,0.0
qzgcp,0,1,1,1.0
zfz,0,1,1,1.0
vaso,0,1,1,1.0
fajardo,1,0,1,0.0
subjudw,0,1,1,1.0
wieczni,1,0,1,0.0
andreach,0,1,1,1.0
cgealk,0,1,1,1.0
umbilici,0,1,1,1.0
tiiiiiiighten,0,1,1,1.0
curtainwal,1,0,1,0.0
pboil,0,1,1,1.0
danceplanet,0,1,1,1.0
qiruyg,0,1,1,1.0
exxcel,0,1,1,1.0
factli,1,0,1,0.0
tremas,0,1,1,1.0
fruge,1,0,1,0.0
aawqw,0,1,1,1.0
siegmundcorpul,0,1,1,1.0
oizcyclobenzaprin,0,1,1,1.0
jwf,0,1,1,1.0
divstrongthes,0,1,1,1.0
coralenehol,1,0,1,0.0
xqirzd,0,1,1,1.0
ntimo,0,1,1,1.0
juarro,1,0,1,0.0
psnezu,0,1,1,1.0
owibtcw,0,1,1,1.0
fishnet,0,1,1,1.0
farrier,0,1,1,1.0
apbr,0,1,1,1.0
sicc,0,1,1,1.0
ohv,0,1,1,1.0
fonoteca,0,1,1,1.0
encadernao,0,1,1,1.0
icilzfqj,0,1,1,1.0
ctxmort,1,0,1,0.0
wolverinchevi,0,1,1,1.0
belgiorno,1,0,1,0.0
yourtabl,0,1,1,1.0
heskfolh,0,1,1,1.0
zawierac,1,0,1,0.0
whoopair,0,1,1,1.0
akvczbwaq,0,1,1,1.0
xwnoocpc,0,1,1,1.0
thekey,0,1,1,1.0
vrxge,0,1,1,1.0
profkleenex,0,1,1,1.0
labhart,1,0,1,0.0
barbudorailway,0,1,1,1.0
roud,0,1,1,1.0
ykgid,0,1,1,1.0
mgmetal,1,0,1,0.0
kokoduo,0,1,1,1.0
nurja,0,1,1,1.0
toro,1,0,1,0.0
juventud,0,1,1,1.0
redactorvivac,0,1,1,1.0
dfvi,0,1,1,1.0
sayfay,0,1,1,1.0
riesig,0,1,1,1.0
fobebwfd,0,1,1,1.0
payingmor,0,1,1,1.0
insensitivedonkey,0,1,1,1.0
ruglcrxo,0,1,1,1.0
globalproduct,1,0,1,0.0
sgcdgnz,0,1,1,1.0
oftldfdwj,0,1,1,1.0
fountainswim,0,1,1,1.0
immedit,0,1,1,1.0
xpmgfanea,0,1,1,1.0
teamsuccessrequest,0,1,1,1.0
preumatur,0,1,1,1.0
invasiveequilibr,0,1,1,1.0
eclassifiedshq,0,1,1,1.0
balogun,0,1,1,1.0
xtnmotioncallback,0,1,1,1.0
erklärung,0,1,1,1.0
gxenoh,0,1,1,1.0
qypyl,0,1,1,1.0
maili,0,1,1,1.0
boen,1,0,1,0.0
recieiv,1,0,1,0.0
wallah,0,1,1,1.0
sneakiest,0,1,1,1.0
llplaywithmyself,0,1,1,1.0
zmfqcp,0,1,1,1.0
beamman,0,1,1,1.0
beobachten,0,1,1,1.0
vxednxtm,0,1,1,1.0
wandsworth,1,0,1,0.0
kokmeowdm,0,1,1,1.0
categoria,0,1,1,1.0
repsond,1,0,1,0.0
rwiiovc,0,1,1,1.0
afkjmdabc,0,1,1,1.0
qjdhlaqjawc,0,1,1,1.0
twj,0,1,1,1.0
iacoponelli,1,0,1,0.0
patolia,1,0,1,0.0
panamilit,0,1,1,1.0
videari,0,1,1,1.0
lfntsqcltq,0,1,1,1.0
mpell,1,0,1,0.0
uxbridg,0,1,1,1.0
rochmanm,1,0,1,0.0
vlvgcb,0,1,1,1.0
cobaltnetwork,1,0,1,0.0
wickfield,0,1,1,1.0
huvdreqh,0,1,1,1.0
issyou,0,1,1,1.0
zlotych,1,0,1,0.0
midlif,0,1,1,1.0
donought,0,1,1,1.0
eqi,0,1,1,1.0
butwear,0,1,1,1.0
drow,0,1,1,1.0
bewen,0,1,1,1.0
erzdhlen,0,1,1,1.0
thatcameroun,0,1,1,1.0
funmachin,1,0,1,0.0
rfor,0,1,1,1.0
eentoer,0,1,1,1.0
xdde,0,1,1,1.0
rediscovere,0,1,1,1.0
faradayweg,0,1,1,1.0
lflcw,0,1,1,1.0
analysisan,0,1,1,1.0
yoffjui,0,1,1,1.0
toafibxz,0,1,1,1.0
producen,0,1,1,1.0
njkqjyj,0,1,1,1.0
basictb,0,1,1,1.0
advolt,0,1,1,1.0
yvdcfm,0,1,1,1.0
sylviepaula,0,1,1,1.0
afsoc,0,1,1,1.0
ongratul,0,1,1,1.0
capitoltempl,0,1,1,1.0
tgagyl,0,1,1,1.0
unpick,1,0,1,0.0
kpnqwbr,0,1,1,1.0
cqle,0,1,1,1.0
czkkrxht,0,1,1,1.0
mzi,0,1,1,1.0
ampersandgal,0,1,1,1.0
ownshar,0,1,1,1.0
nohybyswlgqeemztxr,0,1,1,1.0
simray,1,0,1,0.0
caabcdb,1,0,1,0.0
aaaaci,0,1,1,1.0
adsheart,0,1,1,1.0
marbler,0,1,1,1.0
pock,0,1,1,1.0
hesston,1,0,1,0.0
recompil,0,1,1,1.0
eqiupgbbaxz,0,1,1,1.0
gramin,0,1,1,1.0
yjoou,0,1,1,1.0
fmtinv,1,0,1,0.0
offstreet,0,1,1,1.0
sukru,0,1,1,1.0
fpckzsasp,0,1,1,1.0
aimstigma,0,1,1,1.0
stefkatz,1,0,1,0.0
yestersday,1,0,1,0.0
eason,0,1,1,1.0
jbrozovi,1,0,1,0.0
cuyinyc,0,1,1,1.0
qocw,0,1,1,1.0
jlshc,0,1,1,1.0
archiboldn,1,0,1,0.0
downshift,1,0,1,0.0
bellicoseaugustan,0,1,1,1.0
hycurri,0,1,1,1.0
mvhgjrcd,0,1,1,1.0
tamaya,0,1,1,1.0
gvlrkhg,0,1,1,1.0
nodoz,1,0,1,0.0
superviaagra,0,1,1,1.0
qvm,0,1,1,1.0
tdcanadatrust,0,1,1,1.0
kbu,0,1,1,1.0
dfwwcp,0,1,1,1.0
mgqfdh,0,1,1,1.0
fdcbok,0,1,1,1.0
zlofzd,0,1,1,1.0
lastm,0,1,1,1.0
jkthfqbcmhf,0,1,1,1.0
amstrong,0,1,1,1.0
becausec,0,1,1,1.0
insolvenzgesetz,0,1,1,1.0
urogea,0,1,1,1.0
labe,0,1,1,1.0
nrqymq,0,1,1,1.0
necessri,0,1,1,1.0
ffowzrsq,0,1,1,1.0
rufuswilliaml,0,1,1,1.0
hyperpgina,0,1,1,1.0
zkoss,0,1,1,1.0
carlisleband,0,1,1,1.0
soilder,0,1,1,1.0
prprize,0,1,1,1.0
immaturedirti,0,1,1,1.0
fbree,0,1,1,1.0
creci,0,1,1,1.0
reilley,1,0,1,0.0
rumtst,0,1,1,1.0
inscr,0,1,1,1.0
johnwalley,1,0,1,0.0
pewlitit,0,1,1,1.0
codaretrofit,0,1,1,1.0
tadali,0,1,1,1.0
iremo,0,1,1,1.0
bcodcnricp,0,1,1,1.0
sectori,1,0,1,0.0
oleflex,1,0,1,0.0
businessperson,0,1,1,1.0
footsuddenli,0,1,1,1.0
naked,0,1,1,1.0
roadsrol,0,1,1,1.0
hnbgd,0,1,1,1.0
jdv,0,1,1,1.0
waterwayhandhold,0,1,1,1.0
ipap,1,0,1,0.0
ckfaxr,0,1,1,1.0
reva,0,1,1,1.0
nonk,0,1,1,1.0
pharxmaci,0,1,1,1.0
thecircul,0,1,1,1.0
filson,0,1,1,1.0
gabriychuk,1,0,1,0.0
krm,0,1,1,1.0
amster,0,1,1,1.0
yadil,1,0,1,0.0
addangi,0,1,1,1.0
gine,0,1,1,1.0
dolmen,0,1,1,1.0
chessman,0,1,1,1.0
punctat,0,1,1,1.0
prcfvd,0,1,1,1.0
evuqzd,0,1,1,1.0
quaiittrad,0,1,1,1.0
fuzesi,1,0,1,0.0
shhqgnko,0,1,1,1.0
veilacross,0,1,1,1.0
lfrarlx,0,1,1,1.0
unsbscrib,0,1,1,1.0
myinputar,0,1,1,1.0
cikim,0,1,1,1.0
sanibel,1,0,1,0.0
clalpha,0,1,1,1.0
redher,1,0,1,0.0
estafa,0,1,1,1.0
nvald,1,0,1,0.0
wybiera,1,0,1,0.0
flracer,0,1,1,1.0
ngwfa,0,1,1,1.0
nwht,0,1,1,1.0
otheriws,1,0,1,0.0
emmyl,1,0,1,0.0
ferrifer,0,1,1,1.0
gjq,0,1,1,1.0
owqh,0,1,1,1.0
ktenbxdqfg,0,1,1,1.0
abcdlov,0,1,1,1.0
topful,0,1,1,1.0
lebenti,0,1,1,1.0
vesbti,0,1,1,1.0
qkbi,0,1,1,1.0
pharrmacybyservic,0,1,1,1.0
bristli,0,1,1,1.0
ffffd,0,1,1,1.0
torrefi,0,1,1,1.0
oywtovn,0,1,1,1.0
blindsreal,0,1,1,1.0
futuramail,0,1,1,1.0
gnnnlxorp,0,1,1,1.0
fhulej,0,1,1,1.0
eaicdpfcrdj,0,1,1,1.0
ibrahimtel,0,1,1,1.0
tehunt,1,0,1,0.0
cattigan,1,0,1,0.0
yicheng,1,0,1,0.0
medsplanet,0,1,1,1.0
dfjt,0,1,1,1.0
wawasan,0,1,1,1.0
chibat,0,1,1,1.0
mfgortga,0,1,1,1.0
jhaak,1,0,1,0.0
vsr,0,1,1,1.0
afu,0,1,1,1.0
kpiuqiapvqvikwtpgi,0,1,1,1.0
graphicyvonn,0,1,1,1.0
verrucos,0,1,1,1.0
rxatzpi,0,1,1,1.0
rxsn,0,1,1,1.0
dosor,0,1,1,1.0
eapvf,0,1,1,1.0
cycxrqx,0,1,1,1.0
hollon,0,1,1,1.0
dyhndmvmtgpzsf,0,1,1,1.0
gtm,0,1,1,1.0
newpowercompani,1,0,1,0.0
pawkssxgword,0,1,1,1.0
ottili,1,0,1,0.0
nycsoqpdr,0,1,1,1.0
uyaa,0,1,1,1.0
nrm,1,0,1,0.0
mqzbyaxhl,0,1,1,1.0
comrio,0,1,1,1.0
vaougx,0,1,1,1.0
lendingfor,0,1,1,1.0
exhibisionist,0,1,1,1.0
tuelectr,1,0,1,0.0
phuse,0,1,1,1.0
totzzil,0,1,1,1.0
mni,0,1,1,1.0
sumral,1,0,1,0.0
simplect,0,1,1,1.0
ftsl,1,0,1,0.0
slcxjsoi,0,1,1,1.0
pharmleft,0,1,1,1.0
attitudeatn,0,1,1,1.0
neurologist,1,0,1,0.0
gqnlfiv,0,1,1,1.0
spdif,0,1,1,1.0
dlaet,0,1,1,1.0
rzukc,0,1,1,1.0
employess,1,0,1,0.0
abuelo,0,1,1,1.0
roomyhous,0,1,1,1.0
testosterona,0,1,1,1.0
millipedeaugustu,0,1,1,1.0
zga,0,1,1,1.0
batimento,0,1,1,1.0
dzzlg,0,1,1,1.0
elizabeh,1,0,1,0.0
avaialbl,0,1,1,1.0
wwwkbhbbbzn,0,1,1,1.0
guyanagao,0,1,1,1.0
jpecher,1,0,1,0.0
hoglund,1,0,1,0.0
willido,0,1,1,1.0
jermain,0,1,1,1.0
montauban,0,1,1,1.0
tdeleuw,0,1,1,1.0
zhg,0,1,1,1.0
rashida,0,1,1,1.0
qxcgaq,0,1,1,1.0
dothaty,0,1,1,1.0
annatto,0,1,1,1.0
ihb,1,0,1,0.0
mzsyqn,0,1,1,1.0
cxpzrf,0,1,1,1.0
overstaf,1,0,1,0.0
rmgci,1,0,1,0.0
sosanna,0,1,1,1.0
cqonm,0,1,1,1.0
supeeeeeer,0,1,1,1.0
perienc,0,1,1,1.0
ovemrpafi,0,1,1,1.0
pbog,1,0,1,0.0
bscwiac,0,1,1,1.0
nachlassgläubig,0,1,1,1.0
danhau,1,0,1,0.0
dpsworld,0,1,1,1.0
woumsaur,0,1,1,1.0
ploy,0,1,1,1.0
boiseart,0,1,1,1.0
pandean,0,1,1,1.0
badedamola,1,0,1,0.0
hesperian,0,1,1,1.0
frseh,0,1,1,1.0
mcnee,0,1,1,1.0
schnake,1,0,1,0.0
tehdp,0,1,1,1.0
cooleyformat,0,1,1,1.0
tkowalk,1,0,1,0.0
enakervil,1,0,1,0.0
quoteskey,1,0,1,0.0
lllustr,0,1,1,1.0
seirra,0,1,1,1.0
yopfsmbroj,0,1,1,1.0
duopolycosmo,0,1,1,1.0
rpjvphkqfx,0,1,1,1.0
twjticwi,0,1,1,1.0
anohqvg,0,1,1,1.0
nikhil,1,0,1,0.0
gdzmol,0,1,1,1.0
fortoolbar,0,1,1,1.0
zxqtpbiuu,0,1,1,1.0
prosector,0,1,1,1.0
ixfoygmth,0,1,1,1.0
roama,0,1,1,1.0
dede,1,0,1,0.0
ncctuwybr,0,1,1,1.0
sigin,1,0,1,0.0
plantsran,0,1,1,1.0
treuli,0,1,1,1.0
numberflo,0,1,1,1.0
clintondiffus,0,1,1,1.0
benewm,1,0,1,0.0
ratesofcancerand,0,1,1,1.0
percybutch,0,1,1,1.0
businessobject,1,0,1,0.0
laska,0,1,1,1.0
dperlin,1,0,1,0.0
discalbum,0,1,1,1.0
gcriswrgvdkstgvtm,0,1,1,1.0
grundig,0,1,1,1.0
vsdui,0,1,1,1.0
heremani,0,1,1,1.0
kxbghuzfteuo,0,1,1,1.0
amatq,0,1,1,1.0
afmz,0,1,1,1.0
chillfortin,0,1,1,1.0
xpk,0,1,1,1.0
redbridg,0,1,1,1.0
cxnpzh,0,1,1,1.0
aldarabam,0,1,1,1.0
mru,0,1,1,1.0
haarlerbergweg,0,1,1,1.0
centenarian,0,1,1,1.0
rotchford,1,0,1,0.0
djt,0,1,1,1.0
millionpeopl,0,1,1,1.0
pepton,0,1,1,1.0
peklaox,0,1,1,1.0
ganderson,0,1,1,1.0
ujgpk,0,1,1,1.0
dxhjwe,0,1,1,1.0
twiz,1,0,1,0.0
wgjezsmt,0,1,1,1.0
rvkjobl,0,1,1,1.0
mgn,0,1,1,1.0
zqew,0,1,1,1.0
tdpecchf,0,1,1,1.0
infolotag,0,1,1,1.0
gendron,1,0,1,0.0
litot,0,1,1,1.0
lrl,0,1,1,1.0
kiiiiii,0,1,1,1.0
falsif,0,1,1,1.0
eurocrat,0,1,1,1.0
tildar,0,1,1,1.0
titlehormon,0,1,1,1.0
pcclinic,0,1,1,1.0
yaroslavl,0,1,1,1.0
solvabl,1,0,1,0.0
sspyq,0,1,1,1.0
lajst,0,1,1,1.0
twtyszsv,0,1,1,1.0
jfyutsmhh,0,1,1,1.0
detallado,0,1,1,1.0
expliqué,0,1,1,1.0
riverl,1,0,1,0.0
unappropri,0,1,1,1.0
anyalz,1,0,1,0.0
holidrijk,0,1,1,1.0
bossio,1,0,1,0.0
dzfdrrbsw,0,1,1,1.0
safebord,0,1,1,1.0
flinder,0,1,1,1.0
nfesdvcstciu,0,1,1,1.0
yokw,0,1,1,1.0
mehd,0,1,1,1.0
crumpsali,0,1,1,1.0
ilpl,0,1,1,1.0
kmdl,0,1,1,1.0
hrkg,0,1,1,1.0
morela,1,0,1,0.0
loplan,0,1,1,1.0
advertist,0,1,1,1.0
sttudio,0,1,1,1.0
spotlaight,0,1,1,1.0
gunsh,0,1,1,1.0
matriculatesextan,0,1,1,1.0
ruqgplxxd,0,1,1,1.0
shameka,0,1,1,1.0
mcintir,0,1,1,1.0
eugeni,0,1,1,1.0
wiuhcsih,0,1,1,1.0
ohf,0,1,1,1.0
humblest,0,1,1,1.0
qiwbkjbbtz,0,1,1,1.0
aagraw,1,0,1,0.0
tditata,0,1,1,1.0
jolynn,0,1,1,1.0
msgtennirbweenotebook,0,1,1,1.0
prawami,1,0,1,0.0
pxqgak,0,1,1,1.0
snece,0,1,1,1.0
qbadjcsk,0,1,1,1.0
baklmlfhq,0,1,1,1.0
pridemor,0,1,1,1.0
starsuppli,1,0,1,0.0
lyda,0,1,1,1.0
polr,1,0,1,0.0
drfen,0,1,1,1.0
cltq,0,1,1,1.0
gotita,0,1,1,1.0
ipukn,0,1,1,1.0
ssecond,1,0,1,0.0
sportron,0,1,1,1.0
recopilada,0,1,1,1.0
olvcefz,0,1,1,1.0
ensenada,1,0,1,0.0
rgitrjf,0,1,1,1.0
xjdzpjkr,0,1,1,1.0
unwork,1,0,1,0.0
omqblizgatio,0,1,1,1.0
bodrrow,0,1,1,1.0
lagra,0,1,1,1.0
bxff,0,1,1,1.0
thème,0,1,1,1.0
conditon,1,0,1,0.0
anabl,0,1,1,1.0
hhjgrak,0,1,1,1.0
belglottcom,0,1,1,1.0
helvet,0,1,1,1.0
lujan,0,1,1,1.0
backcloth,1,0,1,0.0
turkiyehastanesi,0,1,1,1.0
janson,0,1,1,1.0
checkcyb,0,1,1,1.0
ugn,0,1,1,1.0
dishabitu,0,1,1,1.0
alwaysbobbl,0,1,1,1.0
unasham,0,1,1,1.0
attaboy,0,1,1,1.0
rachunku,1,0,1,0.0
richardcolel,0,1,1,1.0
fascilit,0,1,1,1.0
dotyczacych,1,0,1,0.0
keyspanenergi,1,0,1,0.0
xldiuad,0,1,1,1.0
betweeen,1,0,1,0.0
mullenix,1,0,1,0.0
sznegva,0,1,1,1.0
kmq,0,1,1,1.0
ysg,0,1,1,1.0
paymet,1,0,1,0.0
mkarn,1,0,1,0.0
bjare,0,1,1,1.0
qwl,0,1,1,1.0
byfi,0,1,1,1.0
nnre,0,1,1,1.0
wqmff,0,1,1,1.0
feetch,0,1,1,1.0
lepo,0,1,1,1.0
decreaseclothesbrush,0,1,1,1.0
disapppoint,0,1,1,1.0
kjroeker,1,0,1,0.0
awinyvqoc,0,1,1,1.0
lpfp,0,1,1,1.0
rweb,0,1,1,1.0
ioijxfl,0,1,1,1.0
iibnvi,0,1,1,1.0
gewant,1,0,1,0.0
elcqlx,0,1,1,1.0
jtlmu,0,1,1,1.0
lfrgvdkjf,0,1,1,1.0
barcap,1,0,1,0.0
pritend,0,1,1,1.0
epkzzu,0,1,1,1.0
inscrição,0,1,1,1.0
uxqlsh,0,1,1,1.0
lifebook,0,1,1,1.0
sujokasaqu,0,1,1,1.0
undin,0,1,1,1.0
sebra,0,1,1,1.0
prontitud,0,1,1,1.0
armar,0,1,1,1.0
kajaracronym,0,1,1,1.0
homoeopath,0,1,1,1.0
pszco,0,1,1,1.0
usapayboy,0,1,1,1.0
segui,0,1,1,1.0
bcn,0,1,1,1.0
carretera,0,1,1,1.0
gasarahl,0,1,1,1.0
discust,1,0,1,0.0
mtpower,1,0,1,0.0
asiannaturalhealth,0,1,1,1.0
interion,0,1,1,1.0
secondbest,0,1,1,1.0
mccleari,0,1,1,1.0
zmdya,0,1,1,1.0
longford,0,1,1,1.0
roero,0,1,1,1.0
lpztam,0,1,1,1.0
clzrvb,0,1,1,1.0
zamenhof,0,1,1,1.0
subsidiarei,1,0,1,0.0
misalign,1,0,1,0.0
blowwwjob,0,1,1,1.0
tdb,1,0,1,0.0
cellulosepolio,0,1,1,1.0
ebeth,1,0,1,0.0
actionabi,0,1,1,1.0
vkxnigng,0,1,1,1.0
trv,1,0,1,0.0
inelabor,0,1,1,1.0
zakupa,0,1,1,1.0
vacation,1,0,1,0.0
ddlar,0,1,1,1.0
eyea,0,1,1,1.0
sedena,0,1,1,1.0
jumalok,0,1,1,1.0
fkuuj,0,1,1,1.0
codif,0,1,1,1.0
lovp,0,1,1,1.0
pahlavi,0,1,1,1.0
hositil,1,0,1,0.0
canneldisgruntl,0,1,1,1.0
lethoathang,0,1,1,1.0
mkcml,0,1,1,1.0
uniteionospher,0,1,1,1.0
deptqa,0,1,1,1.0
pxlpstx,0,1,1,1.0
versagen,0,1,1,1.0
assessorcatnip,0,1,1,1.0
datelineenvelop,0,1,1,1.0
virgpwr,1,0,1,0.0
yacin,1,0,1,0.0
hisamitsu,1,0,1,0.0
pilgrimag,0,1,1,1.0
elmendorf,1,0,1,0.0
hangin,0,1,1,1.0
hyphendefinerscoach,0,1,1,1.0
egsprod,1,0,1,0.0
zsantand,0,1,1,1.0
bno,0,1,1,1.0
vll,0,1,1,1.0
yhoo,1,0,1,0.0
smlvuvoyw,0,1,1,1.0
voxx,0,1,1,1.0
headsquar,0,1,1,1.0
medicatijcon,0,1,1,1.0
urdur,0,1,1,1.0
iryil,0,1,1,1.0
masonpress,0,1,1,1.0
qlgyagiwtwwg,0,1,1,1.0
jlriggin,1,0,1,0.0
jyfgm,0,1,1,1.0
supposititi,0,1,1,1.0
dhqwll,0,1,1,1.0
haalf,0,1,1,1.0
twar,0,1,1,1.0
instaant,0,1,1,1.0
fguff,0,1,1,1.0
zsdqtdeg,0,1,1,1.0
mtedf,0,1,1,1.0
zxfumc,0,1,1,1.0
ydptjztu,0,1,1,1.0
gesponsort,0,1,1,1.0
oelat,0,1,1,1.0
youallum,0,1,1,1.0
lalelhrxk,0,1,1,1.0
innocuouss,1,0,1,0.0
rbzate,0,1,1,1.0
marginl,1,0,1,0.0
prnoo,0,1,1,1.0
hpsalesget,0,1,1,1.0
entiy,1,0,1,0.0
jmurphi,1,0,1,0.0
vllium,0,1,1,1.0
transtexa,1,0,1,0.0
hpjxwcb,0,1,1,1.0
msidqi,0,1,1,1.0
fopunx,0,1,1,1.0
promotebi,0,1,1,1.0
cheeapest,0,1,1,1.0
meeeeessaaage,0,1,1,1.0
rjqajf,0,1,1,1.0
hilbourn,0,1,1,1.0
ovyy,0,1,1,1.0
hannaman,0,1,1,1.0
weasterl,1,0,1,0.0
isclaim,0,1,1,1.0
rigney,1,0,1,0.0
addsyhx,0,1,1,1.0
darialimg,0,1,1,1.0
stowaway,0,1,1,1.0
àäêéú,0,1,1,1.0
scrimpi,0,1,1,1.0
nnrvyarvc,0,1,1,1.0
gdeto,0,1,1,1.0
fargocontrariwis,0,1,1,1.0
norrebak,0,1,1,1.0
mechikung,0,1,1,1.0
inheritt,0,1,1,1.0
beantworten,0,1,1,1.0
bringibg,1,0,1,0.0
kuwabara,1,0,1,0.0
mppi,0,1,1,1.0
scehem,0,1,1,1.0
rentabl,0,1,1,1.0
legumeo,0,1,1,1.0
itcoworld,1,0,1,0.0
wqyyysa,0,1,1,1.0
noxr,0,1,1,1.0
ovo,0,1,1,1.0
jyelh,0,1,1,1.0
tuboneotumagu,0,1,1,1.0
besg,0,1,1,1.0
detaip,0,1,1,1.0
ccgqyqxp,0,1,1,1.0
concretar,0,1,1,1.0
ouxymhmu,0,1,1,1.0
minnieextensor,0,1,1,1.0
ommcf,1,0,1,0.0
lxlhe,0,1,1,1.0
erhaltenen,0,1,1,1.0
erxemt,0,1,1,1.0
bazrllyj,0,1,1,1.0
ycktlgpbn,0,1,1,1.0
enhancemetoday,0,1,1,1.0
carboxybookend,0,1,1,1.0
stemcaoiwz,0,1,1,1.0
mbu,0,1,1,1.0
xju,0,1,1,1.0
ymckaicn,0,1,1,1.0
abdeckt,0,1,1,1.0
jnerwich,1,0,1,0.0
zugriff,0,1,1,1.0
ranolazin,1,0,1,0.0
wwfptr,0,1,1,1.0
ovyabl,0,1,1,1.0
xyjdqw,0,1,1,1.0
heom,0,1,1,1.0
lucym,1,0,1,0.0
iek,0,1,1,1.0
vedaaton,0,1,1,1.0
organisatorisch,0,1,1,1.0
eficac,0,1,1,1.0
jflesher,1,0,1,0.0
twyh,0,1,1,1.0
qcph,0,1,1,1.0
morz,0,1,1,1.0
eepoj,0,1,1,1.0
ratabl,1,0,1,0.0
jlej,1,0,1,0.0
buston,1,0,1,0.0
relk,0,1,1,1.0
yvnxabvw,0,1,1,1.0
nbxmc,0,1,1,1.0
ejzchrd,0,1,1,1.0
bbx,0,1,1,1.0
fccepsilon,0,1,1,1.0
ratenzahlung,0,1,1,1.0
lhmjh,0,1,1,1.0
halmaminuend,0,1,1,1.0
ihp,0,1,1,1.0
dilettanti,0,1,1,1.0
rheadquart,1,0,1,0.0
mangin,1,0,1,0.0
ynvk,0,1,1,1.0
antonietta,0,1,1,1.0
titleget,0,1,1,1.0
yxwfi,0,1,1,1.0
rwcvooc,0,1,1,1.0
thiscategori,0,1,1,1.0
mgnw,0,1,1,1.0
kpmkuh,0,1,1,1.0
steencog,0,1,1,1.0
qapfgkt,0,1,1,1.0
annuit,1,0,1,0.0
enrigueta,0,1,1,1.0
syr,0,1,1,1.0
flunkey,0,1,1,1.0
asal,0,1,1,1.0
klandr,0,1,1,1.0
dvh,0,1,1,1.0
speicher,0,1,1,1.0
lazili,0,1,1,1.0
clipperhanson,0,1,1,1.0
yaw,0,1,1,1.0
pxji,0,1,1,1.0
efff,0,1,1,1.0
mixteco,0,1,1,1.0
cothurnu,0,1,1,1.0
lídere,0,1,1,1.0
chaseconcentr,0,1,1,1.0
ymhpnqw,0,1,1,1.0
mcmahan,1,0,1,0.0
aivhhg,0,1,1,1.0
pexik,0,1,1,1.0
cumu,0,1,1,1.0
eunev,0,1,1,1.0
xphrhr,0,1,1,1.0
siteprotect,0,1,1,1.0
lutqa,0,1,1,1.0
gaffneya,1,0,1,0.0
rbgw,0,1,1,1.0
pwmpwoc,0,1,1,1.0
bunnygngvlumkvp,0,1,1,1.0
chevronecol,0,1,1,1.0
uberlassen,0,1,1,1.0
rosarito,1,0,1,0.0
kunynyi,0,1,1,1.0
ysdolmlkt,0,1,1,1.0
impaort,0,1,1,1.0
conomi,0,1,1,1.0
pezentacja,1,0,1,0.0
sectorr,0,1,1,1.0
nvdzl,0,1,1,1.0
trailor,0,1,1,1.0
xtffb,0,1,1,1.0
hyperacid,0,1,1,1.0
monstrousanatom,0,1,1,1.0
complyacclaim,0,1,1,1.0
kyte,0,1,1,1.0
ruxblb,0,1,1,1.0
princedal,1,0,1,0.0
ztljrg,0,1,1,1.0
zpyirig,0,1,1,1.0
worldsrob,0,1,1,1.0
rvbmr,0,1,1,1.0
loveless,1,0,1,0.0
kqet,0,1,1,1.0
joustdid,0,1,1,1.0
nßl,0,1,1,1.0
celestebrindl,0,1,1,1.0
bolyurcln,0,1,1,1.0
jayn,0,1,1,1.0
yrzuafprlp,0,1,1,1.0
kxwfxt,0,1,1,1.0
viaigrga,0,1,1,1.0
unleverag,1,0,1,0.0
ngoni,0,1,1,1.0
rfwt,0,1,1,1.0
jumpabout,0,1,1,1.0
marketingontarget,0,1,1,1.0
hyhc,0,1,1,1.0
kuldel,1,0,1,0.0
entreati,1,0,1,0.0
gszsii,0,1,1,1.0
caprock,1,0,1,0.0
riw,0,1,1,1.0
windlass,0,1,1,1.0
brightmor,1,0,1,0.0
fupvqt,0,1,1,1.0
vbbmigb,0,1,1,1.0
luqman,0,1,1,1.0
ordenamento,0,1,1,1.0
triciabeaudreau,1,0,1,0.0
midtermbenchmark,0,1,1,1.0
sivdz,0,1,1,1.0
vwuv,0,1,1,1.0
axwgv,0,1,1,1.0
xaqnabx,0,1,1,1.0
yqzoi,0,1,1,1.0
genger,0,1,1,1.0
znl,1,0,1,0.0
pharleapt,0,1,1,1.0
azcdbtxch,0,1,1,1.0
sillili,0,1,1,1.0
convidada,0,1,1,1.0
quvt,0,1,1,1.0
ubsenergysecur,1,0,1,0.0
bitterest,0,1,1,1.0
mostrarl,0,1,1,1.0
stouter,0,1,1,1.0
tpkewlbsbpb,0,1,1,1.0
arad,0,1,1,1.0
fzshkwh,0,1,1,1.0
brauyjnnanch,0,1,1,1.0
jjykb,0,1,1,1.0
preir,0,1,1,1.0
automatik,0,1,1,1.0
gawler,0,1,1,1.0
prefabdunkirk,0,1,1,1.0
yepb,0,1,1,1.0
folgenden,0,1,1,1.0
pev,0,1,1,1.0
shupxer,0,1,1,1.0
rjr,1,0,1,0.0
thepetroleum,0,1,1,1.0
vojtgt,0,1,1,1.0
indrel,0,1,1,1.0
usebenefitsitem,0,1,1,1.0
skinnerg,0,1,1,1.0
sipko,1,0,1,0.0
chronomet,0,1,1,1.0
fyjlxqcbp,0,1,1,1.0
raaaaatesdr,0,1,1,1.0
lmv,0,1,1,1.0
shavonn,0,1,1,1.0
demetria,0,1,1,1.0
multiservicio,0,1,1,1.0
regrow,0,1,1,1.0
manspeak,1,0,1,0.0
aameec,1,0,1,0.0
apyali,0,1,1,1.0
switchboardoper,0,1,1,1.0
asso,0,1,1,1.0
ntacusg,0,1,1,1.0
aqb,0,1,1,1.0
nonissu,1,0,1,0.0
noonlight,0,1,1,1.0
serverunlimit,0,1,1,1.0
jurídica,0,1,1,1.0
trillian,0,1,1,1.0
treeless,0,1,1,1.0
xphvrg,0,1,1,1.0
tricycl,0,1,1,1.0
wvbbfr,0,1,1,1.0
eaznkxg,0,1,1,1.0
felmont,1,0,1,0.0
xdwcttj,0,1,1,1.0
prevenir,0,1,1,1.0
schroer,1,0,1,0.0
cymru,1,0,1,0.0
íâø,0,1,1,1.0
guzzlin,1,0,1,0.0
valiutwm,0,1,1,1.0
sdercd,0,1,1,1.0
shc,1,0,1,0.0
zfesh,0,1,1,1.0
phpu,0,1,1,1.0
rateyh,0,1,1,1.0
dhandong,0,1,1,1.0
bvaeyvat,0,1,1,1.0
ssavve,0,1,1,1.0
uniniti,1,0,1,0.0
phlyc,0,1,1,1.0
glorietta,0,1,1,1.0
sportsstand,1,0,1,0.0
kayclout,0,1,1,1.0
stagflat,1,0,1,0.0
cgocabl,0,1,1,1.0
nachweisen,0,1,1,1.0
czarinasymbiosi,0,1,1,1.0
yuixrqhoilx,0,1,1,1.0
õçôµííþäåþìêäµåì,0,1,1,1.0
ezfto,0,1,1,1.0
debbiew,1,0,1,0.0
czhq,0,1,1,1.0
malamu,0,1,1,1.0
genotek,0,1,1,1.0
orgod,0,1,1,1.0
yijqbc,0,1,1,1.0
technologyati,0,1,1,1.0
gordondal,1,0,1,0.0
windr,0,1,1,1.0
modera,0,1,1,1.0
implimet,1,0,1,0.0
efficiantli,0,1,1,1.0
pollardeasygo,0,1,1,1.0
breadbox,0,1,1,1.0
jeffersonianosborn,0,1,1,1.0
refcard,1,0,1,0.0
annet,0,1,1,1.0
korma,0,1,1,1.0
lkkmkmtibr,0,1,1,1.0
odezwij,1,0,1,0.0
apsobpam,0,1,1,1.0
thingi,0,1,1,1.0
barni,0,1,1,1.0
cnbp,0,1,1,1.0
blagostanja,0,1,1,1.0
saegerr,1,0,1,0.0
nlt,0,1,1,1.0
fjo,0,1,1,1.0
ratezz,0,1,1,1.0
anaphor,0,1,1,1.0
joverdi,1,0,1,0.0
zillionair,1,0,1,0.0
inheritanceannul,0,1,1,1.0
wednesdayd,1,0,1,0.0
uawu,0,1,1,1.0
ddolo,0,1,1,1.0
allgemein,0,1,1,1.0
proxob,0,1,1,1.0
rnvfqqynucc,0,1,1,1.0
diclofenac,0,1,1,1.0
ausbildungsstätten,0,1,1,1.0
fpuixf,0,1,1,1.0
bmarkenergi,1,0,1,0.0
topyqu,0,1,1,1.0
stewartdo,0,1,1,1.0
aguefeatherweight,0,1,1,1.0
pharmzo,0,1,1,1.0
sacerdot,1,0,1,0.0
hugechubbi,0,1,1,1.0
wzhanrvr,0,1,1,1.0
tabsour,0,1,1,1.0
bobina,0,1,1,1.0
tapir,0,1,1,1.0
rzunuul,0,1,1,1.0
dlugosch,1,0,1,0.0
chryslerdecontrol,0,1,1,1.0
reez,0,1,1,1.0
qwrmrwkk,0,1,1,1.0
karnuth,1,0,1,0.0
bianculli,1,0,1,0.0
ccefyt,0,1,1,1.0
gambar,1,0,1,0.0
paver,1,0,1,0.0
ofmus,0,1,1,1.0
seeder,0,1,1,1.0
anywheredilut,0,1,1,1.0
cenário,0,1,1,1.0
gnw,0,1,1,1.0
vapp,0,1,1,1.0
zrvcbw,0,1,1,1.0
cracksoftcastl,0,1,1,1.0
efkhebali,0,1,1,1.0
rosiep,1,0,1,0.0
qrvpaf,0,1,1,1.0
graeca,0,1,1,1.0
uuluapat,0,1,1,1.0
hardback,1,0,1,0.0
auxiliar,0,1,1,1.0
télex,0,1,1,1.0
kiy,0,1,1,1.0
organz,1,0,1,0.0
gngherr,1,0,1,0.0
comand,1,0,1,0.0
manufacturerr,0,1,1,1.0
vxummvh,0,1,1,1.0
moronsl,1,0,1,0.0
oemt,1,0,1,0.0
gdar,1,0,1,0.0
yekaterinodar,0,1,1,1.0
motorista,0,1,1,1.0
qqympoot,0,1,1,1.0
adedamola,1,0,1,0.0
echoism,0,1,1,1.0
coneflowerdic,0,1,1,1.0
conceptvanilla,0,1,1,1.0
stadtwerk,1,0,1,0.0
chrysali,1,0,1,0.0
gazask,0,1,1,1.0
wesb,0,1,1,1.0
taut,0,1,1,1.0
dmorea,0,1,1,1.0
vanderk,0,1,1,1.0
uner,0,1,1,1.0
sqxlgpvlpqzsyufh,0,1,1,1.0
btqtol,0,1,1,1.0
beworldwid,0,1,1,1.0
guaranteeord,0,1,1,1.0
maaw,0,1,1,1.0
gramajo,0,1,1,1.0
johnblakeo,0,1,1,1.0
phochmut,1,0,1,0.0
pvntc,0,1,1,1.0
qaumnzbh,0,1,1,1.0
wuzecm,0,1,1,1.0
auncca,0,1,1,1.0
cwalo,0,1,1,1.0
lanzhou,0,1,1,1.0
mmwl,0,1,1,1.0
ioep,0,1,1,1.0
reoccurr,1,0,1,0.0
worcestershir,0,1,1,1.0
anticdism,0,1,1,1.0
ztptik,0,1,1,1.0
rvqllp,0,1,1,1.0
politiken,0,1,1,1.0
librariantan,0,1,1,1.0
arragonret,0,1,1,1.0
budweisersoy,0,1,1,1.0
qexw,0,1,1,1.0
lenndersstraat,0,1,1,1.0
balanceof,0,1,1,1.0
isprocess,0,1,1,1.0
qxitn,0,1,1,1.0
serviettemunific,0,1,1,1.0
fabia,0,1,1,1.0
fvzor,0,1,1,1.0
bpif,0,1,1,1.0
coper,0,1,1,1.0
figu,1,0,1,0.0
cycnk,0,1,1,1.0
btgzp,0,1,1,1.0
terrypromo,0,1,1,1.0
gamingmarket,0,1,1,1.0
ydulztgya,0,1,1,1.0
txffunj,0,1,1,1.0
humanli,0,1,1,1.0
edgefriend,0,1,1,1.0
aslpp,0,1,1,1.0
drivi,1,0,1,0.0
threader,0,1,1,1.0
ktrqr,0,1,1,1.0
knewelch,0,1,1,1.0
overdrlv,0,1,1,1.0
guhljh,0,1,1,1.0
aelurophobia,0,1,1,1.0
schwiegereltern,1,0,1,0.0
chom,0,1,1,1.0
sarjf,0,1,1,1.0
nderb,0,1,1,1.0
rttpi,0,1,1,1.0
esgo,0,1,1,1.0
fepidiascop,0,1,1,1.0
ephmbwn,0,1,1,1.0
wmjvmquq,0,1,1,1.0
sindi,0,1,1,1.0
euyjtq,0,1,1,1.0
iikdbkwvlfp,0,1,1,1.0
wher,0,1,1,1.0
shadesflat,0,1,1,1.0
igo,0,1,1,1.0
aufgewendet,0,1,1,1.0
rkadybr,0,1,1,1.0
doorpost,1,0,1,0.0
javeriana,0,1,1,1.0
disminuyendo,0,1,1,1.0
givin,1,0,1,0.0
akhara,0,1,1,1.0
cvuipb,0,1,1,1.0
xfwfsqfwozjjcivrav,0,1,1,1.0
naigpegh,0,1,1,1.0
davispaul,0,1,1,1.0
nhijk,0,1,1,1.0
responsiblil,1,0,1,0.0
irybu,0,1,1,1.0
usbioteccorp,0,1,1,1.0
xrvgsbr,0,1,1,1.0
smweno,0,1,1,1.0
yhwcqwxx,0,1,1,1.0
temperament,0,1,1,1.0
deathin,0,1,1,1.0
satrurday,1,0,1,0.0
discreezet,0,1,1,1.0
oqmjbwrz,0,1,1,1.0
jyeyedc,0,1,1,1.0
fillout,0,1,1,1.0
charsel,0,1,1,1.0
segmentpastor,0,1,1,1.0
crummyhoard,0,1,1,1.0
jqclwqku,0,1,1,1.0
laqmj,0,1,1,1.0
usjakj,0,1,1,1.0
kinsman,0,1,1,1.0
ymzkx,0,1,1,1.0
hamelb,1,0,1,0.0
cansav,0,1,1,1.0
alarmjanic,0,1,1,1.0
dolorita,0,1,1,1.0
wvjsxseo,0,1,1,1.0
grhvikebnwoqix,0,1,1,1.0
pppeni,0,1,1,1.0
vnkvi,0,1,1,1.0
rxgood,0,1,1,1.0
ehyf,0,1,1,1.0
ehpiv,0,1,1,1.0
ykjzezert,0,1,1,1.0
badagri,0,1,1,1.0
hgraq,0,1,1,1.0
sozijewogu,0,1,1,1.0
inimicalamid,0,1,1,1.0
managementupd,1,0,1,0.0
septemeb,1,0,1,0.0
testarossa,1,0,1,0.0
jordanfre,0,1,1,1.0
universitario,0,1,1,1.0
collectingcel,0,1,1,1.0
valiumim,0,1,1,1.0
odesawtimb,0,1,1,1.0
vxynlti,0,1,1,1.0
uzyx,0,1,1,1.0
ydkfqjz,0,1,1,1.0
diseada,0,1,1,1.0
agrment,1,0,1,0.0
charlesvessel,0,1,1,1.0
fjizuh,0,1,1,1.0
prática,0,1,1,1.0
ourshop,0,1,1,1.0
mrgraham,0,1,1,1.0
hometobuild,0,1,1,1.0
tortuga,0,1,1,1.0
atavisminfantrymen,0,1,1,1.0
dugdaeav,0,1,1,1.0
ucnqnn,0,1,1,1.0
biteth,0,1,1,1.0
lhqlzb,0,1,1,1.0
rainbowsfli,0,1,1,1.0
aqaqkbwlzzceas,0,1,1,1.0
willinot,0,1,1,1.0
xst,0,1,1,1.0
odedxoycynqyn,0,1,1,1.0
vmzeh,0,1,1,1.0
zainteresowana,1,0,1,0.0
anguiano,1,0,1,0.0
jdvyiu,0,1,1,1.0
ukg,0,1,1,1.0
vanna,0,1,1,1.0
vutqwmphl,0,1,1,1.0
bouchard,0,1,1,1.0
cubzin,0,1,1,1.0
lxokwiu,0,1,1,1.0
ppjjzfeb,0,1,1,1.0
aveerag,0,1,1,1.0
frinancq,0,1,1,1.0
adfa,0,1,1,1.0
nvr,0,1,1,1.0
dungan,1,0,1,0.0
alledg,1,0,1,0.0
chloroplastbradburi,0,1,1,1.0
rbqnznsl,0,1,1,1.0
christianarena,0,1,1,1.0
indecentedinburgh,0,1,1,1.0
vmhc,0,1,1,1.0
fibnanc,0,1,1,1.0
ipsv,0,1,1,1.0
lesly,1,0,1,0.0
zknjfdwx,0,1,1,1.0
cetd,0,1,1,1.0
lamellicorn,0,1,1,1.0
brnnpb,0,1,1,1.0
dele,0,1,1,1.0
gbvj,0,1,1,1.0
graghteav,0,1,1,1.0
poissaolovastau,0,1,1,1.0
neighborli,0,1,1,1.0
kdqjvgjpr,0,1,1,1.0
jagger,1,0,1,0.0
jiyjr,0,1,1,1.0
hearin,0,1,1,1.0
fruto,0,1,1,1.0
villela,0,1,1,1.0
euisctm,0,1,1,1.0
gccyamrl,0,1,1,1.0
prescriptionsbr,0,1,1,1.0
ourwatchword,0,1,1,1.0
janugixc,0,1,1,1.0
broughtcustodian,0,1,1,1.0
kdnsvnj,0,1,1,1.0
wgzhd,0,1,1,1.0
humdrum,0,1,1,1.0
wpuplzw,0,1,1,1.0
piperazin,0,1,1,1.0
liewer,1,0,1,0.0
hgcmmvxpoxudad,0,1,1,1.0
bayportinc,0,1,1,1.0
kmomwnofi,0,1,1,1.0
eoltest,1,0,1,0.0
bzhnitg,0,1,1,1.0
walkthru,1,0,1,0.0
kmhqba,0,1,1,1.0
natpow,1,0,1,0.0
obrigado,0,1,1,1.0
drey,1,0,1,0.0
arz,0,1,1,1.0
xnyrbdtwi,0,1,1,1.0
willventur,0,1,1,1.0
wepukwfhua,0,1,1,1.0
magyq,0,1,1,1.0
xcubgb,0,1,1,1.0
grableski,1,0,1,0.0
abramdudley,0,1,1,1.0
jwmbr,0,1,1,1.0
groupcdgt,0,1,1,1.0
przyjmujemi,1,0,1,0.0
obpcbpwb,0,1,1,1.0
venesuelan,1,0,1,0.0
feswlu,0,1,1,1.0
jazi,0,1,1,1.0
rediseño,0,1,1,1.0
qit,0,1,1,1.0
vloeng,0,1,1,1.0
millio,0,1,1,1.0
danza,0,1,1,1.0
smuggler,1,0,1,0.0
fdsd,0,1,1,1.0
kodlnp,0,1,1,1.0
zaftawni,1,0,1,0.0
choengchum,0,1,1,1.0
lnegor,0,1,1,1.0
jabubert,1,0,1,0.0
drexeliu,1,0,1,0.0
njuhdpa,0,1,1,1.0
allcheapoem,0,1,1,1.0
floss,0,1,1,1.0
possibilita,0,1,1,1.0
dlrfzd,0,1,1,1.0
xhosa,0,1,1,1.0
onlifn,0,1,1,1.0
titleword,0,1,1,1.0
sektörün,0,1,1,1.0
inocencia,0,1,1,1.0
consorcio,0,1,1,1.0
iqsfozt,0,1,1,1.0
castlereagh,1,0,1,0.0
ulgajj,0,1,1,1.0
evenpoint,1,0,1,0.0
eymleifcpci,0,1,1,1.0
grabber,0,1,1,1.0
hultsman,1,0,1,0.0
begeleid,0,1,1,1.0
hegr,0,1,1,1.0
dreamingofgood,0,1,1,1.0
bergama,0,1,1,1.0
agradeceremo,0,1,1,1.0
antennaextend,0,1,1,1.0
anbmdtzjqu,0,1,1,1.0
duquiovezev,0,1,1,1.0
minduc,0,1,1,1.0
qyivb,0,1,1,1.0
gdfarleyl,1,0,1,0.0
lockheedmartin,1,0,1,0.0
tfwg,0,1,1,1.0
leanlo,0,1,1,1.0
lovepersonifi,0,1,1,1.0
archyon,0,1,1,1.0
uwq,0,1,1,1.0
yourattent,0,1,1,1.0
limitedbr,0,1,1,1.0
lckrwtrq,0,1,1,1.0
xolexjbwdygrv,0,1,1,1.0
vixenpistachioyaw,0,1,1,1.0
jpbatmal,1,0,1,0.0
mysov,0,1,1,1.0
mailssecur,0,1,1,1.0
swvkrrobr,0,1,1,1.0
uvidimsja,0,1,1,1.0
ywymb,0,1,1,1.0
cpfront,0,1,1,1.0
moroccopagoda,0,1,1,1.0
dolqxlfar,0,1,1,1.0
contam,0,1,1,1.0
eyiaa,0,1,1,1.0
wifixp,0,1,1,1.0
pipeston,0,1,1,1.0
longbeach,0,1,1,1.0
qohrphqhkn,0,1,1,1.0
ihqasyb,0,1,1,1.0
phpsofortkredit,0,1,1,1.0
gupn,0,1,1,1.0
thë,0,1,1,1.0
ygh,0,1,1,1.0
kasha,0,1,1,1.0
iff,0,1,1,1.0
entercon,1,0,1,0.0
milar,1,0,1,0.0
creyat,0,1,1,1.0
ulwwqa,0,1,1,1.0
jcash,1,0,1,0.0
vorjahr,0,1,1,1.0
einzusetzen,0,1,1,1.0
offday,0,1,1,1.0
zucnz,0,1,1,1.0
biofontw,0,1,1,1.0
sneezi,1,0,1,0.0
ploughshar,0,1,1,1.0
elizabetho,0,1,1,1.0
andoverbank,1,0,1,0.0
sheli,1,0,1,0.0
mdeardurff,1,0,1,0.0
curvado,0,1,1,1.0
xiyuxri,0,1,1,1.0
iilion,0,1,1,1.0
fuzzier,0,1,1,1.0
tbbcl,0,1,1,1.0
rocketmail,1,0,1,0.0
xcd,0,1,1,1.0
ukiu,0,1,1,1.0
urteil,0,1,1,1.0
blushyou,0,1,1,1.0
uvmznuzyc,0,1,1,1.0
deliciar,0,1,1,1.0
cornwel,1,0,1,0.0
abelardo,0,1,1,1.0
eyhiwb,0,1,1,1.0
fishin,1,0,1,0.0
resultas,0,1,1,1.0
lvsdfbefd,0,1,1,1.0
zywh,0,1,1,1.0
totalgross,0,1,1,1.0
teil,0,1,1,1.0
bcdflaghkm,0,1,1,1.0
snjzuzn,0,1,1,1.0
gejcu,0,1,1,1.0
rfari,0,1,1,1.0
mlnjzsubr,0,1,1,1.0
parleyvoo,0,1,1,1.0
matopo,0,1,1,1.0
christinacoexist,0,1,1,1.0
oaohwj,0,1,1,1.0
nvdkd,0,1,1,1.0
frdcdi,0,1,1,1.0
ingal,1,0,1,0.0
xbzptkxgznigmhwsxx,0,1,1,1.0
yjppppdz,0,1,1,1.0
fqozhz,0,1,1,1.0
jiyeon,1,0,1,0.0
bvuqbrljj,0,1,1,1.0
stilff,0,1,1,1.0
laqo,0,1,1,1.0
rhgwe,0,1,1,1.0
fryda,0,1,1,1.0
tenderli,0,1,1,1.0
fhcxw,0,1,1,1.0
vokzph,0,1,1,1.0
rvrttqbkontl,0,1,1,1.0
ichi,1,0,1,0.0
circuitc,0,1,1,1.0
saludandot,0,1,1,1.0
wanet,0,1,1,1.0
storespac,0,1,1,1.0
nyte,0,1,1,1.0
hoffnungslo,0,1,1,1.0
soneon,1,0,1,0.0
beroep,0,1,1,1.0
diskspac,1,0,1,0.0
redd,1,0,1,0.0
desayuno,0,1,1,1.0
dietrichplagiar,0,1,1,1.0
kcbot,1,0,1,0.0
pleassantli,0,1,1,1.0
hipdewar,0,1,1,1.0
tradersrun,0,1,1,1.0
lycb,0,1,1,1.0
klvvg,0,1,1,1.0
dahol,1,0,1,0.0
schweck,1,0,1,0.0
nhdna,0,1,1,1.0
securemedsit,0,1,1,1.0
budvuzd,0,1,1,1.0
sharrick,1,0,1,0.0
bzjdl,0,1,1,1.0
mtpttrv,0,1,1,1.0
confluenc,1,0,1,0.0
szeb,0,1,1,1.0
pataki,1,0,1,0.0
verzeihen,0,1,1,1.0
tvxujx,0,1,1,1.0
aykmhn,0,1,1,1.0
thecontact,0,1,1,1.0
oxxyyconntin,0,1,1,1.0
plebian,0,1,1,1.0
jecuuoui,0,1,1,1.0
benardo,0,1,1,1.0
repio,0,1,1,1.0
lveg,0,1,1,1.0
hirsh,1,0,1,0.0
lencuhyy,0,1,1,1.0
savee,0,1,1,1.0
gesihr,0,1,1,1.0
lollytog,0,1,1,1.0
diageo,1,0,1,0.0
doubter,1,0,1,0.0
jrickman,1,0,1,0.0
edaliss,0,1,1,1.0
sooft,0,1,1,1.0
condus,0,1,1,1.0
awsxzz,0,1,1,1.0
opheli,0,1,1,1.0
stodorov,0,1,1,1.0
pgvodjck,0,1,1,1.0
negrillo,0,1,1,1.0
roald,0,1,1,1.0
ccyberzon,0,1,1,1.0
bxb,0,1,1,1.0
tynrwgfz,0,1,1,1.0
ghuxb,0,1,1,1.0
zovirax,0,1,1,1.0
globos,0,1,1,1.0
strikebound,0,1,1,1.0
mted,0,1,1,1.0
qjw,0,1,1,1.0
thfere,0,1,1,1.0
cdeaso,0,1,1,1.0
crypteinstein,0,1,1,1.0
ivinpinrl,0,1,1,1.0
brindlenarr,0,1,1,1.0
privpaci,0,1,1,1.0
vigilncia,0,1,1,1.0
adghlxtnqyfijkmzctbc,0,1,1,1.0
ipki,0,1,1,1.0
hgreen,1,0,1,0.0
debdar,0,1,1,1.0
vqgxva,0,1,1,1.0
doctorgto,0,1,1,1.0
oult,0,1,1,1.0
padronizado,0,1,1,1.0
nrgpill,0,1,1,1.0
openpag,0,1,1,1.0
rjsmith,1,0,1,0.0
stpat,1,0,1,0.0
aboutaqgi,0,1,1,1.0
fremd,0,1,1,1.0
eckerd,1,0,1,0.0
timberwolf,1,0,1,0.0
eichenwald,1,0,1,0.0
lktz,0,1,1,1.0
lecast,0,1,1,1.0
ßþíôþàµíãìàþçµ,0,1,1,1.0
sumisei,1,0,1,0.0
troj,1,0,1,0.0
tgk,0,1,1,1.0
vrpik,0,1,1,1.0
fbbwt,0,1,1,1.0
doublecount,1,0,1,0.0
oviposit,0,1,1,1.0
lamina,0,1,1,1.0
arpago,0,1,1,1.0
tracedestroy,0,1,1,1.0
kommunik,0,1,1,1.0
cbe,1,0,1,0.0
weatherrisk,1,0,1,0.0
atuliii,0,1,1,1.0
eipkgpeh,0,1,1,1.0
costal,1,0,1,0.0
probduct,0,1,1,1.0
reproduir,0,1,1,1.0
dvwkdrhcq,0,1,1,1.0
ttrr,1,0,1,0.0
vutx,0,1,1,1.0
iluminação,0,1,1,1.0
febrari,1,0,1,0.0
ccrmt,0,1,1,1.0
myivaqg,0,1,1,1.0
xlqhw,0,1,1,1.0
cervu,0,1,1,1.0
bellwood,1,0,1,0.0
kturley,1,0,1,0.0
attah,1,0,1,0.0
disappointedd,0,1,1,1.0
gabarito,0,1,1,1.0
adsweb,0,1,1,1.0
hyccmocjp,0,1,1,1.0
compromi,0,1,1,1.0
kungyi,0,1,1,1.0
portalsno,0,1,1,1.0
présentat,0,1,1,1.0
senhora,0,1,1,1.0
baqhr,0,1,1,1.0
baguirmi,0,1,1,1.0
weightcontro,0,1,1,1.0
unglu,1,0,1,0.0
aktphoto,0,1,1,1.0
recto,0,1,1,1.0
ugajrmvt,0,1,1,1.0
torgersn,1,0,1,0.0
yyxrkrzk,0,1,1,1.0
grodek,1,0,1,0.0
qlo,0,1,1,1.0
valumm,0,1,1,1.0
snip,0,1,1,1.0
whirli,1,0,1,0.0
tnrh,0,1,1,1.0
qlkufbdmmv,0,1,1,1.0
ueggr,0,1,1,1.0
orderi,0,1,1,1.0
mfgojygwt,0,1,1,1.0
kxj,0,1,1,1.0
buttonssund,0,1,1,1.0
newsvhxcwev,0,1,1,1.0
jurgenson,1,0,1,0.0
warz,0,1,1,1.0
jpafok,0,1,1,1.0
clavicep,0,1,1,1.0
packung,0,1,1,1.0
thle,0,1,1,1.0
poppa,1,0,1,0.0
durchfhrung,0,1,1,1.0
rwig,0,1,1,1.0
motkun,0,1,1,1.0
reinhart,1,0,1,0.0
incomeunlimit,0,1,1,1.0
cannevil,0,1,1,1.0
koriskensh,0,1,1,1.0
advanced,0,1,1,1.0
arianismwhat,0,1,1,1.0
celbriti,0,1,1,1.0
organic,0,1,1,1.0
fexepom,0,1,1,1.0
eqfvmp,0,1,1,1.0
locsk,0,1,1,1.0
mcgillivray,1,0,1,0.0
moonman,0,1,1,1.0
grome,0,1,1,1.0
omai,0,1,1,1.0
xlrcgqlg,0,1,1,1.0
keasr,0,1,1,1.0
takan,0,1,1,1.0
wsdnfpftdcsek,0,1,1,1.0
nzanyocc,0,1,1,1.0
wanabe,1,0,1,0.0
clm,0,1,1,1.0
gsx,0,1,1,1.0
memembershiip,0,1,1,1.0
incremen,0,1,1,1.0
triplo,0,1,1,1.0
discountwinchest,0,1,1,1.0
semanai,0,1,1,1.0
rpicot,0,1,1,1.0
ajadua,0,1,1,1.0
junin,0,1,1,1.0
chicama,0,1,1,1.0
ojhcabr,0,1,1,1.0
wellf,0,1,1,1.0
tlktkxcvrgoda,0,1,1,1.0
bvoidhnw,0,1,1,1.0
bpsk,0,1,1,1.0
jseyi,0,1,1,1.0
ricoh,1,0,1,0.0
jpfmq,0,1,1,1.0
creditcoverag,1,0,1,0.0
zswcj,0,1,1,1.0
multibanco,0,1,1,1.0
azj,0,1,1,1.0
najbardziej,1,0,1,0.0
ndglhffn,0,1,1,1.0
brsand,0,1,1,1.0
dact,0,1,1,1.0
uuzqc,0,1,1,1.0
ryna,1,0,1,0.0
bobb,1,0,1,0.0
everyl,0,1,1,1.0
travesso,1,0,1,0.0
whol,0,1,1,1.0
maryfati,0,1,1,1.0
royoatm,0,1,1,1.0
sorsenson,1,0,1,0.0
ancha,0,1,1,1.0
pbv,0,1,1,1.0
currier,0,1,1,1.0
seavson,0,1,1,1.0
xebusa,0,1,1,1.0
riskbook,1,0,1,0.0
unreleas,1,0,1,0.0
vdaerpa,0,1,1,1.0
nelwyn,1,0,1,0.0
wjipi,0,1,1,1.0
segundog,0,1,1,1.0
esemeralda,1,0,1,0.0
branchesal,0,1,1,1.0
finanziert,0,1,1,1.0
vrljv,0,1,1,1.0
mickel,1,0,1,0.0
asegúr,0,1,1,1.0
discreetnessand,0,1,1,1.0
uwut,0,1,1,1.0
yocayona,0,1,1,1.0
qqttufu,0,1,1,1.0
semioffici,0,1,1,1.0
numerosa,0,1,1,1.0
registrari,0,1,1,1.0
eozoic,0,1,1,1.0
tpithck,0,1,1,1.0
persa,0,1,1,1.0
ssyouih,0,1,1,1.0
amilia,0,1,1,1.0
cinemascop,0,1,1,1.0
gwmd,0,1,1,1.0
cvn,0,1,1,1.0
uknuilrj,0,1,1,1.0
ydrjlw,0,1,1,1.0
thestoryjustasi,0,1,1,1.0
backi,0,1,1,1.0
egyklxyka,0,1,1,1.0
theyit,0,1,1,1.0
delusion,1,0,1,0.0
inteview,1,0,1,0.0
coulda,1,0,1,0.0
alstrom,1,0,1,0.0
kleptomania,1,0,1,0.0
oftel,1,0,1,0.0
kparkhil,1,0,1,0.0
lookintg,0,1,1,1.0
drrxyvj,0,1,1,1.0
rlrrfasr,0,1,1,1.0
cwilliam,1,0,1,0.0
titvdfuu,0,1,1,1.0
heatedli,0,1,1,1.0
datehousew,0,1,1,1.0
nshop,0,1,1,1.0
shinbiro,0,1,1,1.0
elor,0,1,1,1.0
gunrack,1,0,1,0.0
educador,0,1,1,1.0
illc,0,1,1,1.0
nvever,0,1,1,1.0
louwan,0,1,1,1.0
togeeth,0,1,1,1.0
wmxbixip,0,1,1,1.0
arrington,0,1,1,1.0
ulterior,0,1,1,1.0
variousindividu,0,1,1,1.0
tnbvotjxudwz,0,1,1,1.0
legislativo,0,1,1,1.0
megabanco,0,1,1,1.0
rsoelut,0,1,1,1.0
qkmni,0,1,1,1.0
brightgreencolor,0,1,1,1.0
fguinn,1,0,1,0.0
tqjtuij,0,1,1,1.0
olegaard,1,0,1,0.0
ginsu,0,1,1,1.0
beiermeist,1,0,1,0.0
niceti,0,1,1,1.0
scgiebay,0,1,1,1.0
istocrat,0,1,1,1.0
uillyrh,0,1,1,1.0
lichti,1,0,1,0.0
youcontinu,0,1,1,1.0
zrdggv,0,1,1,1.0
moneybackguarante,0,1,1,1.0
eyfur,0,1,1,1.0
tuffco,1,0,1,0.0
cuddletamarack,0,1,1,1.0
kalidzcmct,0,1,1,1.0
moutihp,0,1,1,1.0
ksynaps,0,1,1,1.0
macneic,0,1,1,1.0
prosedur,0,1,1,1.0
hah,0,1,1,1.0
ilydiatt,1,0,1,0.0
cgulf,1,0,1,0.0
cerncaviar,0,1,1,1.0
rlc,1,0,1,0.0
tiqfiwo,0,1,1,1.0
notan,0,1,1,1.0
tetraiodid,0,1,1,1.0
vchristensen,0,1,1,1.0
dduaran,1,0,1,0.0
loguan,0,1,1,1.0
produt,1,0,1,0.0
tomass,0,1,1,1.0
woodham,1,0,1,0.0
lavoisiereag,0,1,1,1.0
qsuyintyw,0,1,1,1.0
qkazfg,0,1,1,1.0
ninorh,0,1,1,1.0
nduofl,0,1,1,1.0
acmpmgbaqovzhd,0,1,1,1.0
misshap,0,1,1,1.0
rattler,0,1,1,1.0
iex,1,0,1,0.0
jax,1,0,1,0.0
htmllinux,0,1,1,1.0
matthw,1,0,1,0.0
mokrdrav,0,1,1,1.0
bemkipleas,0,1,1,1.0
cxkjiet,0,1,1,1.0
chavann,0,1,1,1.0
rastafarian,0,1,1,1.0
ostark,0,1,1,1.0
algough,1,0,1,0.0
wzsubfjzi,0,1,1,1.0
beckl,1,0,1,0.0
enhaonc,0,1,1,1.0
hoferc,1,0,1,0.0
yorqjm,0,1,1,1.0
ktrifiletti,1,0,1,0.0
aafco,0,1,1,1.0
horária,0,1,1,1.0
coir,0,1,1,1.0
speicherplatz,0,1,1,1.0
caterinaburgess,0,1,1,1.0
cartucho,0,1,1,1.0
krlnwmnkw,0,1,1,1.0
hjsdso,0,1,1,1.0
xocju,0,1,1,1.0
esn,0,1,1,1.0
myejih,0,1,1,1.0
litr,0,1,1,1.0
miaullj,0,1,1,1.0
zqkurymthff,0,1,1,1.0
muh,0,1,1,1.0
lirtzman,1,0,1,0.0
tlel,1,0,1,0.0
cyhd,0,1,1,1.0
kwfse,0,1,1,1.0
avonmouth,1,0,1,0.0
weilerstein,1,0,1,0.0
fryeujbqbr,0,1,1,1.0
pygmaean,0,1,1,1.0
manycompani,0,1,1,1.0
liskovet,1,0,1,0.0
cwgari,1,0,1,0.0
uxg,0,1,1,1.0
borneofourfold,0,1,1,1.0
bankâ,0,1,1,1.0
atanaka,0,1,1,1.0
fwcmljcoq,0,1,1,1.0
listserolog,0,1,1,1.0
tujhsm,0,1,1,1.0
leic,0,1,1,1.0
telefonicznej,1,0,1,0.0
lefebvr,1,0,1,0.0
registrieren,0,1,1,1.0
shaggysleepi,0,1,1,1.0
dkgdtxmzx,0,1,1,1.0
pxtavilxdf,0,1,1,1.0
arrumação,0,1,1,1.0
gkrdnr,0,1,1,1.0
phpbb,0,1,1,1.0
dfohutua,0,1,1,1.0
wczjhlgwbr,0,1,1,1.0
kslkbkcrbavoc,0,1,1,1.0
pbcuw,0,1,1,1.0
studebakercriteria,0,1,1,1.0
sturc,1,0,1,0.0
hso,0,1,1,1.0
ztclgxpbpj,0,1,1,1.0
wjxej,0,1,1,1.0
learselectr,0,1,1,1.0
peeeopl,0,1,1,1.0
canalbeefsteak,0,1,1,1.0
amcav,0,1,1,1.0
kessel,1,0,1,0.0
hpq,0,1,1,1.0
vnwuxszvd,0,1,1,1.0
intralin,0,1,1,1.0
pvvwv,0,1,1,1.0
unguard,0,1,1,1.0
jiuezmb,0,1,1,1.0
bestpric,0,1,1,1.0
nuncup,0,1,1,1.0
aprovecharemo,1,0,1,0.0
zmpem,0,1,1,1.0
plol,1,0,1,0.0
mnx,0,1,1,1.0
mikiredw,0,1,1,1.0
metástasi,0,1,1,1.0
savon,0,1,1,1.0
lightsourceonlin,1,0,1,0.0
nwtzzdd,0,1,1,1.0
lojig,0,1,1,1.0
froh,0,1,1,1.0
asignacin,0,1,1,1.0
hanneh,0,1,1,1.0
xtvrlc,0,1,1,1.0
großen,0,1,1,1.0
ofxth,0,1,1,1.0
ooe,0,1,1,1.0
guisaranete,0,1,1,1.0
afc,1,0,1,0.0
medicsaturday,0,1,1,1.0
xwr,0,1,1,1.0
voyisymbvtl,0,1,1,1.0
gmuyvtnlkcob,0,1,1,1.0
zshop,0,1,1,1.0
brosur,0,1,1,1.0
nator,0,1,1,1.0
ordner,0,1,1,1.0
nckbz,0,1,1,1.0
xvrhlhcc,0,1,1,1.0
mckeon,0,1,1,1.0
ylaroacs,0,1,1,1.0
informado,0,1,1,1.0
eichler,1,0,1,0.0
udaquiola,0,1,1,1.0
viiagyra,0,1,1,1.0
méndez,0,1,1,1.0
fmefdq,0,1,1,1.0
tacticiantippythrowback,0,1,1,1.0
justinianarch,0,1,1,1.0
ketoxim,0,1,1,1.0
cyaniccraft,0,1,1,1.0
wfitwi,0,1,1,1.0
prestigiada,0,1,1,1.0
cmgbrwi,0,1,1,1.0
pecuario,0,1,1,1.0
hheu,0,1,1,1.0
glitsch,1,0,1,0.0
matia,1,0,1,0.0
iygfogcbh,0,1,1,1.0
distinctconflagr,0,1,1,1.0
oymf,0,1,1,1.0
raiegnt,0,1,1,1.0
vierfach,0,1,1,1.0
zsv,0,1,1,1.0
wlxhhm,0,1,1,1.0
piyiqpgarcbxxr,0,1,1,1.0
rydbergdeflect,0,1,1,1.0
jeanblanc,1,0,1,0.0
nblljd,0,1,1,1.0
chanceoccur,0,1,1,1.0
dislov,0,1,1,1.0
jvvoyc,0,1,1,1.0
tmevehls,0,1,1,1.0
gidk,0,1,1,1.0
neuvser,0,1,1,1.0
propaedeut,0,1,1,1.0
casekeep,0,1,1,1.0
giriama,0,1,1,1.0
superbsav,0,1,1,1.0
dnmtcnrpassword,0,1,1,1.0
paili,0,1,1,1.0
emailacc,0,1,1,1.0
según,0,1,1,1.0
kmmern,0,1,1,1.0
pewn,1,0,1,0.0
yktxesdsftyb,0,1,1,1.0
rodrifuez,0,1,1,1.0
kendel,1,0,1,0.0
pliabil,0,1,1,1.0
pkyy,0,1,1,1.0
ejphz,0,1,1,1.0
paydex,1,0,1,0.0
tumoil,0,1,1,1.0
dluaeh,0,1,1,1.0
wdozwsjljuak,0,1,1,1.0
customhousewhup,0,1,1,1.0
mqzvjabvxi,0,1,1,1.0
qqjdc,0,1,1,1.0
asdoc,1,0,1,0.0
dmjdw,0,1,1,1.0
dtwex,0,1,1,1.0
nwjspoilnluvybh,0,1,1,1.0
liebl,0,1,1,1.0
unionlotteri,0,1,1,1.0
acur,0,1,1,1.0
nabiscocotta,0,1,1,1.0
crecer,0,1,1,1.0
sbvzeuu,0,1,1,1.0
qeelnsuqlbr,0,1,1,1.0
jyizpno,0,1,1,1.0
mstzchtt,0,1,1,1.0
grafica,0,1,1,1.0
devtownst,0,1,1,1.0
ngbuygcmeaql,0,1,1,1.0
genevacasey,0,1,1,1.0
arrendamiento,0,1,1,1.0
broadwayassess,0,1,1,1.0
facillit,0,1,1,1.0
sfigda,0,1,1,1.0
redisplay,0,1,1,1.0
fez,0,1,1,1.0
caseload,0,1,1,1.0
vzdikci,0,1,1,1.0
jcd,1,0,1,0.0
pracujesz,1,0,1,0.0
oppertun,0,1,1,1.0
srupprecht,1,0,1,0.0
dethron,0,1,1,1.0
qgxala,0,1,1,1.0
rinki,1,0,1,0.0
zogern,0,1,1,1.0
corta,0,1,1,1.0
saupper,0,1,1,1.0
freesia,0,1,1,1.0
rpixuf,0,1,1,1.0
matematycznych,1,0,1,0.0
hrh,0,1,1,1.0
etejb,0,1,1,1.0
chinghai,0,1,1,1.0
correlationless,1,0,1,0.0
nux,0,1,1,1.0
jpqgpcwbt,0,1,1,1.0
kapavik,1,0,1,0.0
jpatoski,1,0,1,0.0
isement,0,1,1,1.0
marketingguia,0,1,1,1.0
envasado,0,1,1,1.0
thewood,0,1,1,1.0
morningwith,1,0,1,0.0
joll,1,0,1,0.0
sueper,0,1,1,1.0
cledo,0,1,1,1.0
tblet,0,1,1,1.0
gremlinicc,0,1,1,1.0
whicuh,0,1,1,1.0
msoffic,1,0,1,0.0
backgroundartist,0,1,1,1.0
phonoscop,0,1,1,1.0
kmzddo,0,1,1,1.0
sabepco,0,1,1,1.0
petch,1,0,1,0.0
jiknemv,0,1,1,1.0
gllsyx,0,1,1,1.0
hyzmi,0,1,1,1.0
xdxupbic,0,1,1,1.0
xbqbf,0,1,1,1.0
ayfiihmhq,0,1,1,1.0
marketexpress,0,1,1,1.0
malfeito,0,1,1,1.0
hnqog,0,1,1,1.0
kalian,0,1,1,1.0
prescriptionedrug,0,1,1,1.0
honzig,0,1,1,1.0
iulzx,0,1,1,1.0
mplc,1,0,1,0.0
yamaichi,1,0,1,0.0
laurelhurst,1,0,1,0.0
nudsxhkxa,0,1,1,1.0
yaser,1,0,1,0.0
ggke,0,1,1,1.0
cfj,0,1,1,1.0
oasuvri,0,1,1,1.0
cbuynak,1,0,1,0.0
erenburg,0,1,1,1.0
hannachang,0,1,1,1.0
adflow,1,0,1,0.0
beaniedead,0,1,1,1.0
sere,0,1,1,1.0
shartsi,1,0,1,0.0
tkpjdquh,0,1,1,1.0
zhwlj,0,1,1,1.0
gxbw,0,1,1,1.0
blyfm,0,1,1,1.0
hoohut,0,1,1,1.0
christinerichard,1,0,1,0.0
cdpizacqjkufx,0,1,1,1.0
plastikman,0,1,1,1.0
irlanda,0,1,1,1.0
yqnzhri,0,1,1,1.0
physiacl,1,0,1,0.0
respeitando,0,1,1,1.0
ttzxrovo,0,1,1,1.0
dinamarca,0,1,1,1.0
cultura,0,1,1,1.0
pyvqu,0,1,1,1.0
facialmembran,0,1,1,1.0
pwyruxu,0,1,1,1.0
avowallaplac,0,1,1,1.0
corpsemoan,0,1,1,1.0
khdyvhyfv,0,1,1,1.0
hayvaltrex,0,1,1,1.0
cambay,1,0,1,0.0
coonscalp,0,1,1,1.0
yqljf,0,1,1,1.0
nethttp,0,1,1,1.0
edif,0,1,1,1.0
qawlzzoz,0,1,1,1.0
zsnfe,0,1,1,1.0
remoself,0,1,1,1.0
plose,0,1,1,1.0
headbodycenterfont,0,1,1,1.0
abki,0,1,1,1.0
besplatan,0,1,1,1.0
bkend,0,1,1,1.0
snottyconjectur,0,1,1,1.0
reo,1,0,1,0.0
lprylvqxg,0,1,1,1.0
cvbxdeuax,0,1,1,1.0
accessionm,0,1,1,1.0
àåôèä,0,1,1,1.0
mmtpa,1,0,1,0.0
condicionado,0,1,1,1.0
hagioscop,0,1,1,1.0
gkhitrin,0,1,1,1.0
joirn,0,1,1,1.0
cjafi,0,1,1,1.0
edycqg,0,1,1,1.0
statementworldwid,0,1,1,1.0
nkmonaccnr,0,1,1,1.0
midteen,1,0,1,0.0
thunberg,1,0,1,0.0
announcementsforev,0,1,1,1.0
freebr,0,1,1,1.0
virusdecod,0,1,1,1.0
assyaozan,0,1,1,1.0
wildmail,0,1,1,1.0
bvtwafg,0,1,1,1.0
postalprovincia,0,1,1,1.0
xiumciali,0,1,1,1.0
crglkpx,0,1,1,1.0
tsoto,1,0,1,0.0
oovkzcbr,0,1,1,1.0
proprit,0,1,1,1.0
vtxbuwsrin,0,1,1,1.0
onfal,0,1,1,1.0
psr,1,0,1,0.0
sharpstown,1,0,1,0.0
rhxyhbeytc,0,1,1,1.0
abgeben,0,1,1,1.0
labio,0,1,1,1.0
vvdonr,0,1,1,1.0
lucchetti,1,0,1,0.0
noi,0,1,1,1.0
hjgew,0,1,1,1.0
fourpenni,0,1,1,1.0
qdunhh,0,1,1,1.0
mgbabyfac,1,0,1,0.0
professionalism,0,1,1,1.0
jholstea,1,0,1,0.0
seaskyscmyr,0,1,1,1.0
tomham,0,1,1,1.0
djdobb,1,0,1,0.0
bqtx,0,1,1,1.0
nouakchottteat,0,1,1,1.0
zybhan,0,1,1,1.0
lna,0,1,1,1.0
pearlriv,0,1,1,1.0
logingcramp,0,1,1,1.0
yualnjz,0,1,1,1.0
udvlswcwl,0,1,1,1.0
startlen,0,1,1,1.0
rjxfpo,0,1,1,1.0
zyt,0,1,1,1.0
ozvijlmmjr,0,1,1,1.0
luisaestrada,0,1,1,1.0
mimickingclatteri,0,1,1,1.0
hourdesk,1,0,1,0.0
sqwrtmivu,0,1,1,1.0
andor,0,1,1,1.0
tbrandish,1,0,1,0.0
bgypu,0,1,1,1.0
kuevz,0,1,1,1.0
funit,0,1,1,1.0
universalscak,0,1,1,1.0
nyjmb,0,1,1,1.0
outvot,0,1,1,1.0
rphlweqdu,0,1,1,1.0
alang,1,0,1,0.0
holmburi,1,0,1,0.0
duhon,1,0,1,0.0
zkyoyt,0,1,1,1.0
qbjpgykyvwmnbojofl,0,1,1,1.0
waj,0,1,1,1.0
sesto,0,1,1,1.0
nowl,1,0,1,0.0
eguvi,0,1,1,1.0
nuber,1,0,1,0.0
estadounidens,0,1,1,1.0
diif,0,1,1,1.0
ebenso,0,1,1,1.0
conferer,1,0,1,0.0
eyxxnv,0,1,1,1.0
omnypa,0,1,1,1.0
wxf,0,1,1,1.0
forgon,1,0,1,0.0
fceyck,0,1,1,1.0
aquecedor,0,1,1,1.0
wkdgwlft,0,1,1,1.0
knyusbr,0,1,1,1.0
evitando,0,1,1,1.0
promessa,0,1,1,1.0
ecj,0,1,1,1.0
èçþ,0,1,1,1.0
proem,0,1,1,1.0
bajar,0,1,1,1.0
miva,0,1,1,1.0
wildcatterjacobsen,0,1,1,1.0
kraju,1,0,1,0.0
sdbidhalu,0,1,1,1.0
zeyqtmzr,0,1,1,1.0
lawwerk,0,1,1,1.0
nrd,0,1,1,1.0
melia,1,0,1,0.0
sknfjimfkja,0,1,1,1.0
homgxqgg,0,1,1,1.0
srike,1,0,1,0.0
szxvsti,0,1,1,1.0
promotiion,0,1,1,1.0
emmamedium,0,1,1,1.0
zeshejong,0,1,1,1.0
forpc,1,0,1,0.0
buxa,1,0,1,0.0
ingrel,0,1,1,1.0
odwexcjnul,0,1,1,1.0
kasozataewa,0,1,1,1.0
thatbut,0,1,1,1.0
viagrar,0,1,1,1.0
yottj,0,1,1,1.0
ayudar,0,1,1,1.0
basenji,0,1,1,1.0
vkydix,0,1,1,1.0
nreduuv,0,1,1,1.0
balsamexpertis,0,1,1,1.0
vnb,0,1,1,1.0
dreck,1,0,1,0.0
onlsin,0,1,1,1.0
fmglia,0,1,1,1.0
vvthc,0,1,1,1.0
gxcxaovc,0,1,1,1.0
obmtc,0,1,1,1.0
chemielwski,1,0,1,0.0
konobo,0,1,1,1.0
nachez,1,0,1,0.0
sturdier,1,0,1,0.0
kredytowa,1,0,1,0.0
ezhb,0,1,1,1.0
mossbunk,0,1,1,1.0
dkamkfk,0,1,1,1.0
yzhjmep,0,1,1,1.0
umarantge,0,1,1,1.0
serna,1,0,1,0.0
hpo,0,1,1,1.0
acouchett,0,1,1,1.0
artemych,0,1,1,1.0
actuou,0,1,1,1.0
zsogp,0,1,1,1.0
ipogtcpk,0,1,1,1.0
onload,0,1,1,1.0
yjbcd,0,1,1,1.0
perrigo,1,0,1,0.0
comercializacion,0,1,1,1.0
vahni,0,1,1,1.0
epighula,0,1,1,1.0
cerebrum,0,1,1,1.0
olivar,1,0,1,0.0
ster,0,1,1,1.0
jfp,0,1,1,1.0
bweakfk,0,1,1,1.0
ninadavid,0,1,1,1.0
advilcatfish,0,1,1,1.0
sheld,0,1,1,1.0
bjjh,0,1,1,1.0
inviteo,1,0,1,0.0
legaucivn,0,1,1,1.0
tbazdc,0,1,1,1.0
fagclj,0,1,1,1.0
vyzohncwriuefd,0,1,1,1.0
ovejr,0,1,1,1.0
zblfi,0,1,1,1.0
miljoen,0,1,1,1.0
broxson,1,0,1,0.0
clee,0,1,1,1.0
vmqkyoo,0,1,1,1.0
owxseicq,0,1,1,1.0
whiol,1,0,1,0.0
rsuuj,0,1,1,1.0
fsc,0,1,1,1.0
glancey,1,0,1,0.0
ydjiv,0,1,1,1.0
gbztxbnsg,0,1,1,1.0
medicatiloon,0,1,1,1.0
ovxxppw,0,1,1,1.0
prioritz,1,0,1,0.0
ccppmrkx,0,1,1,1.0
aewpwybdndx,0,1,1,1.0
ocorreu,0,1,1,1.0
tivioli,1,0,1,0.0
cnvhwwh,0,1,1,1.0
jiwrk,0,1,1,1.0
securel,0,1,1,1.0
kbbzm,0,1,1,1.0
lêarn,0,1,1,1.0
drong,0,1,1,1.0
vojzx,0,1,1,1.0
noncommerci,1,0,1,0.0
toteplacehold,0,1,1,1.0
rebeccan,1,0,1,0.0
dpimtpnar,0,1,1,1.0
enm,0,1,1,1.0
jvpfpfutawer,0,1,1,1.0
thrya,1,0,1,0.0
optionbrzo,0,1,1,1.0
repurcuss,1,0,1,0.0
compleja,0,1,1,1.0
pooper,0,1,1,1.0
ewcrc,0,1,1,1.0
coibpm,0,1,1,1.0
xluyxht,0,1,1,1.0
workperson,0,1,1,1.0
enthrallalmond,0,1,1,1.0
alcanzarlo,0,1,1,1.0
sjqatyf,0,1,1,1.0
habilidad,0,1,1,1.0
entryway,0,1,1,1.0
buffhunt,0,1,1,1.0
palpu,0,1,1,1.0
eufd,0,1,1,1.0
hardriv,1,0,1,0.0
uzhjx,0,1,1,1.0
dwzkxnc,0,1,1,1.0
winstar,0,1,1,1.0
sade,0,1,1,1.0
absulut,0,1,1,1.0
theqgrefor,0,1,1,1.0
mxqda,0,1,1,1.0
dsk,1,0,1,0.0
maling,0,1,1,1.0
degf,1,0,1,0.0
crenshawwrot,1,0,1,0.0
hulp,0,1,1,1.0
jzinzuusetkhdc,0,1,1,1.0
demonstra,0,1,1,1.0
uixydafd,0,1,1,1.0
sanlucarweb,0,1,1,1.0
koajdf,0,1,1,1.0
nxgprkhhspmzxsjsyg,0,1,1,1.0
landward,0,1,1,1.0
intelt,0,1,1,1.0
overdrawn,1,0,1,0.0
titánico,0,1,1,1.0
sqjuyj,0,1,1,1.0
bcassilynn,0,1,1,1.0
hney,0,1,1,1.0
tiredtof,0,1,1,1.0
opkytx,0,1,1,1.0
pzgrbncpjubncb,0,1,1,1.0
wrzesnia,1,0,1,0.0
ndzilnkwq,0,1,1,1.0
cirb,0,1,1,1.0
fulghieri,1,0,1,0.0
qbyfqg,0,1,1,1.0
recruittimeshar,0,1,1,1.0
jtfev,0,1,1,1.0
ootf,0,1,1,1.0
chaltom,1,0,1,0.0
ludzi,1,0,1,0.0
uazsix,0,1,1,1.0
dfrdd,0,1,1,1.0
opoznienia,1,0,1,0.0
qqgvhd,0,1,1,1.0
rohd,1,0,1,0.0
reado,0,1,1,1.0
octopustravel,0,1,1,1.0
lottealexandr,0,1,1,1.0
servicecosta,0,1,1,1.0
plicat,0,1,1,1.0
çþìâëå,0,1,1,1.0
scaninv,0,1,1,1.0
scobox,0,1,1,1.0
jenabug,1,0,1,0.0
fwgdnce,0,1,1,1.0
multitudin,0,1,1,1.0
qyqkl,0,1,1,1.0
thisyahoo,0,1,1,1.0
mitglied,0,1,1,1.0
centertrtda,0,1,1,1.0
qqltglc,0,1,1,1.0
fxjkbr,0,1,1,1.0
omr,0,1,1,1.0
idsq,0,1,1,1.0
insuror,1,0,1,0.0
rdrug,0,1,1,1.0
bretl,0,1,1,1.0
ýððëè,0,1,1,1.0
lawdrgementwkmjxm,0,1,1,1.0
waylon,1,0,1,0.0
bearden,1,0,1,0.0
cusum,0,1,1,1.0
myrick,0,1,1,1.0
stower,1,0,1,0.0
kazzi,0,1,1,1.0
plmleoxfx,0,1,1,1.0
meridien,1,0,1,0.0
stoolabandon,0,1,1,1.0
regform,1,0,1,0.0
jlix,0,1,1,1.0
embassyher,0,1,1,1.0
zeoyhjnk,0,1,1,1.0
pufkncwmvtj,0,1,1,1.0
hulzer,0,1,1,1.0
delotto,0,1,1,1.0
rox,0,1,1,1.0
lonq,0,1,1,1.0
jyuxpjhk,0,1,1,1.0
chjhw,0,1,1,1.0
unbedingt,0,1,1,1.0
hild,0,1,1,1.0
clb,0,1,1,1.0
aaumd,0,1,1,1.0
cinto,0,1,1,1.0
searchsarcast,0,1,1,1.0
indrustrial,1,0,1,0.0
isg,0,1,1,1.0
pbvbbi,0,1,1,1.0
fqpwvlzg,0,1,1,1.0
kroon,0,1,1,1.0
tvyqxmv,0,1,1,1.0
deltemepl,0,1,1,1.0
jdesagti,0,1,1,1.0
wwolp,1,0,1,0.0
mongoos,0,1,1,1.0
zrzxnv,0,1,1,1.0
wfkvcyz,0,1,1,1.0
maki,0,1,1,1.0
gheber,0,1,1,1.0
imprensa,0,1,1,1.0
tryptophan,0,1,1,1.0
pasteurpois,0,1,1,1.0
zunächst,0,1,1,1.0
hlwgvuvoiy,0,1,1,1.0
brearn,0,1,1,1.0
hoqhxg,0,1,1,1.0
tluaf,0,1,1,1.0
nawmmxf,0,1,1,1.0
frgfnfp,0,1,1,1.0
hkilexnlwyucpq,0,1,1,1.0
shinko,1,0,1,0.0
consultoria,0,1,1,1.0
verbreitung,0,1,1,1.0
alazarev,0,1,1,1.0
feliciano,0,1,1,1.0
somrai,0,1,1,1.0
taz,0,1,1,1.0
sofua,0,1,1,1.0
ppedison,1,0,1,0.0
zumai,0,1,1,1.0
ajijicguesthous,0,1,1,1.0
ndagg,1,0,1,0.0
valueless,1,0,1,0.0
vebackup,0,1,1,1.0
pertenecient,0,1,1,1.0
manlik,0,1,1,1.0
uct,0,1,1,1.0
ivl,0,1,1,1.0
jzoetjfm,0,1,1,1.0
lklflillljlggmisijmjini,0,1,1,1.0
vollversorgung,0,1,1,1.0
pdqmsw,0,1,1,1.0
qaspgwsoyf,0,1,1,1.0
rainey,1,0,1,0.0
ffffffvisit,0,1,1,1.0
enlaarg,0,1,1,1.0
imstprens,0,1,1,1.0
mqkffzhn,0,1,1,1.0
eercvqpqp,0,1,1,1.0
upthsh,0,1,1,1.0
mesoqu,0,1,1,1.0
aylesbgri,0,1,1,1.0
fusstast,0,1,1,1.0
affecteus,1,0,1,0.0
rqsyihaw,0,1,1,1.0
superregion,1,0,1,0.0
empathyintact,0,1,1,1.0
doublecontain,0,1,1,1.0
preproduct,0,1,1,1.0
dodump,0,1,1,1.0
catagori,1,0,1,0.0
protego,1,0,1,0.0
girliedora,0,1,1,1.0
nkggxq,0,1,1,1.0
olwv,0,1,1,1.0
knlp,0,1,1,1.0
sequestrum,0,1,1,1.0
maggotbettor,0,1,1,1.0
aetiolog,0,1,1,1.0
beeswax,0,1,1,1.0
ffzyhtr,0,1,1,1.0
marshia,1,0,1,0.0
rioter,0,1,1,1.0
kfbhrlvtp,0,1,1,1.0
vion,0,1,1,1.0
redial,1,0,1,0.0
mronyemaugochukwu,0,1,1,1.0
eqlayfa,0,1,1,1.0
placez,0,1,1,1.0
jmdo,0,1,1,1.0
secuir,0,1,1,1.0
kkwjizqotyyj,0,1,1,1.0
sporangia,0,1,1,1.0
tannin,0,1,1,1.0
marq,0,1,1,1.0
ppjp,1,0,1,0.0
wisst,0,1,1,1.0
gurdhksl,0,1,1,1.0
supplment,0,1,1,1.0
fdsdak,0,1,1,1.0
sarva,0,1,1,1.0
ufig,0,1,1,1.0
crahs,0,1,1,1.0
couponsshar,1,0,1,0.0
finacn,1,0,1,0.0
megaproductsquar,0,1,1,1.0
pharmaccybymal,0,1,1,1.0
haugv,0,1,1,1.0
xchxa,0,1,1,1.0
wdniow,0,1,1,1.0
yjbmbo,0,1,1,1.0
fozziepetunia,0,1,1,1.0
dustinb,1,0,1,0.0
leist,1,0,1,0.0
eka,0,1,1,1.0
añosbas,0,1,1,1.0
cronk,1,0,1,0.0
cpjtrsbqgogmjnyi,0,1,1,1.0
orrlrmwyl,0,1,1,1.0
sayyaf,0,1,1,1.0
phosphorit,0,1,1,1.0
yxsh,0,1,1,1.0
ctrwj,0,1,1,1.0
rnewsmen,0,1,1,1.0
jmditrapani,1,0,1,0.0
svv,0,1,1,1.0
quicklikesal,0,1,1,1.0
interfirst,1,0,1,0.0
brexperi,0,1,1,1.0
tyovo,0,1,1,1.0
ecdkjxdl,0,1,1,1.0
divors,0,1,1,1.0
qhkgl,0,1,1,1.0
charliesequitur,0,1,1,1.0
fdikrlc,0,1,1,1.0
profarma,0,1,1,1.0
qtxfvaywh,0,1,1,1.0
trpoint,0,1,1,1.0
tmq,0,1,1,1.0
coerent,0,1,1,1.0
rfcqnn,0,1,1,1.0
dxcno,0,1,1,1.0
physcl,0,1,1,1.0
ciaaaali,0,1,1,1.0
mismark,1,0,1,0.0
tpbvzb,0,1,1,1.0
gfgylq,0,1,1,1.0
documentationwil,0,1,1,1.0
vhdniyptud,0,1,1,1.0
uepambien,0,1,1,1.0
orgtrad,0,1,1,1.0
receivethes,0,1,1,1.0
carynlynn,1,0,1,0.0
maiinopvlal,0,1,1,1.0
legaitim,0,1,1,1.0
ftqgo,0,1,1,1.0
qsnbcqlkvp,0,1,1,1.0
jibboom,0,1,1,1.0
vsfoart,0,1,1,1.0
gschocklin,1,0,1,0.0
xydpzu,0,1,1,1.0
vell,0,1,1,1.0
itsparlia,0,1,1,1.0
rclark,1,0,1,0.0
cnbsz,0,1,1,1.0
beaccaus,0,1,1,1.0
grete,0,1,1,1.0
jeffmil,1,0,1,0.0
enng,1,0,1,0.0
gelmyk,0,1,1,1.0
cuss,1,0,1,0.0
wardha,1,0,1,0.0
judiciair,0,1,1,1.0
flvvu,0,1,1,1.0
msue,0,1,1,1.0
toubro,1,0,1,0.0
ywkkdz,0,1,1,1.0
qku,0,1,1,1.0
cbulganin,0,1,1,1.0
jcoac,0,1,1,1.0
duga,1,0,1,0.0
vcelotbbcpmci,0,1,1,1.0
onxfkanen,0,1,1,1.0
inauguratenerv,0,1,1,1.0
doctorsto,0,1,1,1.0
ttulsi,1,0,1,0.0
meersb,1,0,1,0.0
fece,1,0,1,0.0
kideesh,0,1,1,1.0
tomowa,0,1,1,1.0
tostand,0,1,1,1.0
texmf,1,0,1,0.0
eletrica,1,0,1,0.0
gnao,0,1,1,1.0
qkbfdu,0,1,1,1.0
cantorcarefre,0,1,1,1.0
conveneint,0,1,1,1.0
knapco,0,1,1,1.0
ctlockwood,1,0,1,0.0
qexqotwm,0,1,1,1.0
marybel,0,1,1,1.0
difinit,1,0,1,0.0
dfzcsuvj,0,1,1,1.0
bpshab,0,1,1,1.0
corvuschemis,0,1,1,1.0
aportación,0,1,1,1.0
puppyism,0,1,1,1.0
dontidelay,0,1,1,1.0
sharpsplat,0,1,1,1.0
gnxcxlnx,0,1,1,1.0
kulczyk,1,0,1,0.0
gesner,0,1,1,1.0
musvers,0,1,1,1.0
xnrobdenpt,0,1,1,1.0
cutl,1,0,1,0.0
sherbetenrico,0,1,1,1.0
maldrid,0,1,1,1.0
marketbrows,0,1,1,1.0
xatnax,0,1,1,1.0
kangaroo,0,1,1,1.0
bnfrbjmbu,0,1,1,1.0
zrobilem,1,0,1,0.0
atldaw,0,1,1,1.0
agradeceria,0,1,1,1.0
machiavellian,1,0,1,0.0
zkdtto,0,1,1,1.0
superpr,0,1,1,1.0
ocreat,0,1,1,1.0
racionalment,0,1,1,1.0
powraca,1,0,1,0.0
grh,0,1,1,1.0
odbl,0,1,1,1.0
ner,0,1,1,1.0
washwoman,0,1,1,1.0
breathabl,0,1,1,1.0
uxdt,0,1,1,1.0
phgwogf,0,1,1,1.0
smduntsm,0,1,1,1.0
shanh,1,0,1,0.0
ituhgrb,0,1,1,1.0
quickiiy,0,1,1,1.0
lloydjamaica,0,1,1,1.0
jxsbruggsryezvwamm,0,1,1,1.0
jthorhzkp,0,1,1,1.0
adductor,0,1,1,1.0
unapprovingli,0,1,1,1.0
eward,0,1,1,1.0
generjc,0,1,1,1.0
surfbird,0,1,1,1.0
embrangl,0,1,1,1.0
wbmyzsbz,0,1,1,1.0
delimma,0,1,1,1.0
teachfriend,0,1,1,1.0
mdbubju,0,1,1,1.0
chattier,1,0,1,0.0
ellisonlaw,1,0,1,0.0
knwbp,0,1,1,1.0
kcuieehm,0,1,1,1.0
pkhnh,0,1,1,1.0
aambiqu,0,1,1,1.0
barkchi,1,0,1,0.0
liten,0,1,1,1.0
gerer,0,1,1,1.0
expletivewinemak,0,1,1,1.0
sholton,1,0,1,0.0
whetston,0,1,1,1.0
rphism,0,1,1,1.0
tamao,0,1,1,1.0
forieng,0,1,1,1.0
novcxig,0,1,1,1.0
viagrea,0,1,1,1.0
qpsk,0,1,1,1.0
cdslano,0,1,1,1.0
xiuth,0,1,1,1.0
jikfbwesv,0,1,1,1.0
acontecendo,0,1,1,1.0
ilhow,0,1,1,1.0
ozqexybc,0,1,1,1.0
juliapir,0,1,1,1.0
bromfieldcasbah,0,1,1,1.0
hjcj,0,1,1,1.0
seubert,1,0,1,0.0
adventuresom,1,0,1,0.0
fugr,0,1,1,1.0
wpnnzdjae,0,1,1,1.0
kiriak,1,0,1,0.0
magnif,0,1,1,1.0
osanto,0,1,1,1.0
packz,0,1,1,1.0
wisk,0,1,1,1.0
febbraio,0,1,1,1.0
aintre,0,1,1,1.0
moneri,0,1,1,1.0
junjqvsxv,0,1,1,1.0
yjdenkwc,0,1,1,1.0
pharmapharmcci,0,1,1,1.0
então,0,1,1,1.0
xkxspmpbpassword,0,1,1,1.0
dswt,1,0,1,0.0
dqiown,0,1,1,1.0
burkundaz,0,1,1,1.0
woramahawihan,0,1,1,1.0
darer,0,1,1,1.0
herkodvh,0,1,1,1.0
bgsm,0,1,1,1.0
abarch,1,0,1,0.0
yalk,1,0,1,0.0
zcvaa,0,1,1,1.0
lorrian,1,0,1,0.0
felefli,1,0,1,0.0
fhjv,0,1,1,1.0
personen,0,1,1,1.0
moonlik,0,1,1,1.0
bachcuddl,0,1,1,1.0
rotan,1,0,1,0.0
purinacoher,0,1,1,1.0
rmhfrz,0,1,1,1.0
valoran,0,1,1,1.0
esgbiszh,0,1,1,1.0
kurtzman,1,0,1,0.0
fhn,0,1,1,1.0
bingolinelotteria,0,1,1,1.0
rvq,0,1,1,1.0
watchh,0,1,1,1.0
gylqd,0,1,1,1.0
microsoftinternet,0,1,1,1.0
eyfjkp,0,1,1,1.0
urlopi,1,0,1,0.0
mzmzceiy,0,1,1,1.0
fffbi,0,1,1,1.0
jcjacp,0,1,1,1.0
updraftburk,0,1,1,1.0
usgct,0,1,1,1.0
sitemap,0,1,1,1.0
hetxg,0,1,1,1.0
toca,0,1,1,1.0
systemdrawn,0,1,1,1.0
sightand,0,1,1,1.0
nodeid,1,0,1,0.0
rpet,0,1,1,1.0
chonowe,1,0,1,0.0
fanelli,0,1,1,1.0
mulatto,0,1,1,1.0
updi,0,1,1,1.0
affordableluxuri,0,1,1,1.0
jacamar,0,1,1,1.0
kluge,0,1,1,1.0
roynteri,1,0,1,0.0
nxfahxdbreak,0,1,1,1.0
lbbtqibkgxwvwh,0,1,1,1.0
aghfa,0,1,1,1.0
abzock,0,1,1,1.0
lqdq,0,1,1,1.0
findand,0,1,1,1.0
lppc,1,0,1,0.0
exqjp,0,1,1,1.0
drwaller,1,0,1,0.0
suff,0,1,1,1.0
applicaton,0,1,1,1.0
tensioncouncil,0,1,1,1.0
iliadpack,0,1,1,1.0
olap,1,0,1,0.0
oriobligationito,0,1,1,1.0
digq,0,1,1,1.0
ojahp,0,1,1,1.0
limbic,0,1,1,1.0
dischargeof,0,1,1,1.0
workof,0,1,1,1.0
recommende,1,0,1,0.0
bazck,0,1,1,1.0
beattyvil,0,1,1,1.0
mioshxwwf,0,1,1,1.0
situa,0,1,1,1.0
folavsni,0,1,1,1.0
klpjure,0,1,1,1.0
samuva,1,0,1,0.0
uidwxk,0,1,1,1.0
jgrehl,1,0,1,0.0
mazar,1,0,1,0.0
kyysbnyew,0,1,1,1.0
ycl,0,1,1,1.0
wsobxvb,0,1,1,1.0
ejra,0,1,1,1.0
eimhc,1,0,1,0.0
dqo,0,1,1,1.0
vfk,0,1,1,1.0
rqzonyustperik,0,1,1,1.0
improvementbr,0,1,1,1.0
soapmak,1,0,1,0.0
uxqe,0,1,1,1.0
turtel,1,0,1,0.0
dbksxktfcmbzba,0,1,1,1.0
fruhman,1,0,1,0.0
apfmzpq,0,1,1,1.0
vnnssbtp,0,1,1,1.0
irinfo,0,1,1,1.0
tirara,0,1,1,1.0
ymzr,0,1,1,1.0
effectué,0,1,1,1.0
príce,0,1,1,1.0
uzrrow,0,1,1,1.0
nyr,0,1,1,1.0
permitiu,0,1,1,1.0
ajuinbol,0,1,1,1.0
innermostkinglet,0,1,1,1.0
underdos,0,1,1,1.0
uglu,0,1,1,1.0
xwmvllqc,0,1,1,1.0
zworxrfyzwwtz,0,1,1,1.0
yryngeukc,0,1,1,1.0
zgoner,1,0,1,0.0
disziplin,0,1,1,1.0
toylik,0,1,1,1.0
doaor,0,1,1,1.0
nakeshaashley,0,1,1,1.0
ainfra,0,1,1,1.0
yqpirvsj,0,1,1,1.0
nolu,0,1,1,1.0
nobiliari,0,1,1,1.0
kicheng,0,1,1,1.0
salespric,0,1,1,1.0
chetan,1,0,1,0.0
newphoenixl,0,1,1,1.0
gzl,0,1,1,1.0
nuwalam,0,1,1,1.0
trustwhorthi,0,1,1,1.0
ndooton,0,1,1,1.0
breastoh,0,1,1,1.0
codicilsclerosi,0,1,1,1.0
amram,1,0,1,0.0
rffzypt,0,1,1,1.0
qejpj,0,1,1,1.0
fimkifabfyf,0,1,1,1.0
vertretern,0,1,1,1.0
yasmina,1,0,1,0.0
stami,0,1,1,1.0
rajasthan,1,0,1,0.0
tradion,0,1,1,1.0
watsono,1,0,1,0.0
mulsvdtpv,0,1,1,1.0
gfl,0,1,1,1.0
navegando,0,1,1,1.0
yjuexk,0,1,1,1.0
glaspi,0,1,1,1.0
wvynqo,0,1,1,1.0
telepathiceffi,0,1,1,1.0
eqnvltcg,0,1,1,1.0
jfwp,0,1,1,1.0
mucsl,0,1,1,1.0
rmcetdf,0,1,1,1.0
abordado,0,1,1,1.0
brainhaysl,0,1,1,1.0
melhora,0,1,1,1.0
pxwb,0,1,1,1.0
vagabond,0,1,1,1.0
trumpington,1,0,1,0.0
joya,1,0,1,0.0
tenderfootbondsmen,0,1,1,1.0
wrightson,1,0,1,0.0
povoa,0,1,1,1.0
addresscannot,0,1,1,1.0
fronduql,0,1,1,1.0
sonlsnaik,0,1,1,1.0
bebut,0,1,1,1.0
uon,0,1,1,1.0
qrhrhbzd,0,1,1,1.0
csahflc,0,1,1,1.0
pacoosuna,0,1,1,1.0
jwzixh,0,1,1,1.0
bestpil,0,1,1,1.0
copycat,1,0,1,0.0
bspecto,1,0,1,0.0
wszelki,1,0,1,0.0
inau,0,1,1,1.0
awodni,1,0,1,0.0
lerich,1,0,1,0.0
digizith,0,1,1,1.0
polsew,0,1,1,1.0
pimr,0,1,1,1.0
lotterysa,0,1,1,1.0
atrabili,0,1,1,1.0
xre,0,1,1,1.0
tamc,1,0,1,0.0
aftercrop,0,1,1,1.0
uqxqhuy,0,1,1,1.0
mondri,0,1,1,1.0
gdz,0,1,1,1.0
karimi,1,0,1,0.0
yardsdavi,0,1,1,1.0
emailen,0,1,1,1.0
mncaho,0,1,1,1.0
appellatori,0,1,1,1.0
powerworldwid,0,1,1,1.0
beneficiar,0,1,1,1.0
wpsc,1,0,1,0.0
lkii,0,1,1,1.0
andquickli,0,1,1,1.0
meettheagre,0,1,1,1.0
buisi,0,1,1,1.0
zzohk,0,1,1,1.0
cnjbhmoctgr,0,1,1,1.0
lincolnlincolnl,0,1,1,1.0
rabbet,0,1,1,1.0
capacityauct,1,0,1,0.0
qmyzmvdrvnwz,0,1,1,1.0
twiligth,0,1,1,1.0
tdmreeq,0,1,1,1.0
definitey,0,1,1,1.0
quadrophon,0,1,1,1.0
ylogm,0,1,1,1.0
imbri,1,0,1,0.0
andrad,0,1,1,1.0
evereadyhorror,0,1,1,1.0
upj,0,1,1,1.0
geeeneriiiiii,0,1,1,1.0
forcibledainti,0,1,1,1.0
oftroubl,0,1,1,1.0
letzter,0,1,1,1.0
vywkoiybr,0,1,1,1.0
keqhmb,0,1,1,1.0
debbt,0,1,1,1.0
skog,0,1,1,1.0
ophnkkcodn,0,1,1,1.0
munster,1,0,1,0.0
fkskz,0,1,1,1.0
pcimyyyy,0,1,1,1.0
cataloqu,0,1,1,1.0
walbefth,0,1,1,1.0
armanda,0,1,1,1.0
tzvtwhqeldl,0,1,1,1.0
cicrucl,1,0,1,0.0
jerrymusa,0,1,1,1.0
dfkujr,0,1,1,1.0
designt,0,1,1,1.0
topoc,1,0,1,0.0
beiderbeck,0,1,1,1.0
rgugklqbi,0,1,1,1.0
vehiculo,0,1,1,1.0
numner,1,0,1,0.0
silagra,0,1,1,1.0
prizont,1,0,1,0.0
pascalarbitrari,0,1,1,1.0
vob,0,1,1,1.0
stunningli,0,1,1,1.0
mcelhaney,0,1,1,1.0
xclgpsl,0,1,1,1.0
xksrw,0,1,1,1.0
poinformowac,1,0,1,0.0
itpeqt,0,1,1,1.0
jneziolj,0,1,1,1.0
seguida,0,1,1,1.0
freidahorton,0,1,1,1.0
vkxi,0,1,1,1.0
pdcwevirl,0,1,1,1.0
diabaseangst,0,1,1,1.0
suvn,0,1,1,1.0
rwdx,0,1,1,1.0
verdorben,0,1,1,1.0
romanelectr,0,1,1,1.0
tcwpt,0,1,1,1.0
hostmarriott,1,0,1,0.0
aobut,1,0,1,0.0
itfloorfil,0,1,1,1.0
rqibngpxd,0,1,1,1.0
walgreenfrighten,0,1,1,1.0
coh,0,1,1,1.0
breather,1,0,1,0.0
aufgenommen,0,1,1,1.0
jacu,0,1,1,1.0
denegar,0,1,1,1.0
gtpbhd,0,1,1,1.0
bagdad,0,1,1,1.0
cholesterolaccus,0,1,1,1.0
chelinni,0,1,1,1.0
wlhkzwj,0,1,1,1.0
nyzemnw,0,1,1,1.0
lfswigzg,0,1,1,1.0
rzg,0,1,1,1.0
przghqrn,0,1,1,1.0
tncrx,0,1,1,1.0
ruhe,0,1,1,1.0
nqldvlixk,0,1,1,1.0
lacal,1,0,1,0.0
wqve,0,1,1,1.0
eedzu,0,1,1,1.0
eurocash,1,0,1,0.0
backless,0,1,1,1.0
convirtindola,0,1,1,1.0
fruoee,0,1,1,1.0
desahucio,0,1,1,1.0
postbok,1,0,1,0.0
cpiqludz,0,1,1,1.0
ecson,0,1,1,1.0
ectrt,1,0,1,0.0
makoto,1,0,1,0.0
mytpkdw,0,1,1,1.0
sailorcarolingian,0,1,1,1.0
nijfejccv,0,1,1,1.0
thisweek,0,1,1,1.0
gtjdmr,0,1,1,1.0
warningli,0,1,1,1.0
cbywdvdthl,0,1,1,1.0
revelk,0,1,1,1.0
prosodi,0,1,1,1.0
physicschair,1,0,1,0.0
jcgac,0,1,1,1.0
vallall,0,1,1,1.0
rzzr,0,1,1,1.0
dnabusi,0,1,1,1.0
iobth,0,1,1,1.0
malka,0,1,1,1.0
douthwait,1,0,1,0.0
yhshzap,0,1,1,1.0
entfernt,0,1,1,1.0
poloponybreakaway,0,1,1,1.0
elmsley,0,1,1,1.0
wordvalu,0,1,1,1.0
istfantasticivalu,0,1,1,1.0
pricemost,0,1,1,1.0
pronstico,0,1,1,1.0
holerear,0,1,1,1.0
mailaccount,0,1,1,1.0
utilizarlo,0,1,1,1.0
gretzki,0,1,1,1.0
distribuyendo,0,1,1,1.0
colapso,0,1,1,1.0
lkcbsl,1,0,1,0.0
toxifi,0,1,1,1.0
inferir,0,1,1,1.0
drunka,0,1,1,1.0
mrsabacha,0,1,1,1.0
ztj,0,1,1,1.0
monitorizado,0,1,1,1.0
ighadqo,0,1,1,1.0
vero,0,1,1,1.0
voluntario,0,1,1,1.0
ehjgpysr,0,1,1,1.0
seeli,1,0,1,0.0
gnapi,1,0,1,0.0
blythevil,1,0,1,0.0
nonsumm,1,0,1,0.0
iisc,0,1,1,1.0
risksecur,0,1,1,1.0
syufx,0,1,1,1.0
prodguct,0,1,1,1.0
ratin,0,1,1,1.0
thebaird,1,0,1,0.0
seio,0,1,1,1.0
xghtmtggc,0,1,1,1.0
ariala,0,1,1,1.0
iyey,0,1,1,1.0
howker,0,1,1,1.0
eurmoneyplc,1,0,1,0.0
liggk,0,1,1,1.0
retador,0,1,1,1.0
oxbi,0,1,1,1.0
intérêt,0,1,1,1.0
ternet,0,1,1,1.0
liiik,0,1,1,1.0
counterpartt,1,0,1,0.0
mossel,0,1,1,1.0
stressrelief,1,0,1,0.0
strivectin,0,1,1,1.0
wuytem,0,1,1,1.0
vacationstogo,1,0,1,0.0
asmati,0,1,1,1.0
wvsbaj,0,1,1,1.0
vender,0,1,1,1.0
confidantesb,0,1,1,1.0
denegacion,0,1,1,1.0
falsiti,0,1,1,1.0
dttu,1,0,1,0.0
interneto,1,0,1,0.0
uspharmahop,0,1,1,1.0
personaldetail,0,1,1,1.0
bmjm,0,1,1,1.0
downlod,0,1,1,1.0
petrocanada,1,0,1,0.0
errandboy,0,1,1,1.0
uypamn,0,1,1,1.0
levbintel,0,1,1,1.0
shultsjw,1,0,1,0.0
einci,0,1,1,1.0
ydg,0,1,1,1.0
lustriou,0,1,1,1.0
epjjai,0,1,1,1.0
scheumack,1,0,1,0.0
datejust,0,1,1,1.0
epmcl,0,1,1,1.0
dzialan,1,0,1,0.0
veryimport,0,1,1,1.0
fxkcqj,0,1,1,1.0
mrroper,1,0,1,0.0
smzxusw,0,1,1,1.0
indosuez,1,0,1,0.0
forumhaven,0,1,1,1.0
siboil,0,1,1,1.0
aihoev,0,1,1,1.0
iuankkqurqxd,0,1,1,1.0
scarbeko,1,0,1,0.0
ozpnwo,0,1,1,1.0
erzeksh,0,1,1,1.0
cialwdi,0,1,1,1.0
ouaga,0,1,1,1.0
deltaview,1,0,1,0.0
comunicar,0,1,1,1.0
fpctghsinraytp,0,1,1,1.0
thermograph,0,1,1,1.0
brasiliapolymorph,0,1,1,1.0
dawokuv,0,1,1,1.0
hidenori,1,0,1,0.0
zunhgdfyzcdxc,0,1,1,1.0
xpvzajk,0,1,1,1.0
xhimespnpfyo,0,1,1,1.0
gotothi,0,1,1,1.0
afforestationscan,0,1,1,1.0
tzwx,0,1,1,1.0
hdoyg,0,1,1,1.0
zfhcaco,0,1,1,1.0
dunbarton,0,1,1,1.0
virtuositycag,0,1,1,1.0
epztvk,0,1,1,1.0
aaihmqv,0,1,1,1.0
meawuvlsa,0,1,1,1.0
timor,0,1,1,1.0
bimg,0,1,1,1.0
cancelamento,0,1,1,1.0
hcuevt,0,1,1,1.0
phtml,1,0,1,0.0
srlption,0,1,1,1.0
fitoterapia,0,1,1,1.0
updt,0,1,1,1.0
wlqpj,0,1,1,1.0
agentharrherman,0,1,1,1.0
nvoo,0,1,1,1.0
wivev,0,1,1,1.0
phikushiso,0,1,1,1.0
heiht,0,1,1,1.0
opean,0,1,1,1.0
rrh,0,1,1,1.0
uimgv,0,1,1,1.0
mashonaland,0,1,1,1.0
mainmast,0,1,1,1.0
ppprrrice,0,1,1,1.0
yictpi,0,1,1,1.0
rlessmann,1,0,1,0.0
quaphaga,0,1,1,1.0
dieldrinmariann,0,1,1,1.0
vagllum,0,1,1,1.0
lipa,1,0,1,0.0
harocdr,0,1,1,1.0
builtinyorktown,0,1,1,1.0
xrixqmak,0,1,1,1.0
bejn,0,1,1,1.0
pnom,0,1,1,1.0
sciencewebitemspro,0,1,1,1.0
nmvgczqayirld,0,1,1,1.0
burchta,1,0,1,0.0
tcainternet,1,0,1,0.0
zanqogzkr,0,1,1,1.0
ugwwlrlujryqgveswijfmhb,0,1,1,1.0
irnpei,0,1,1,1.0
zqymz,0,1,1,1.0
btewssofoj,0,1,1,1.0
billspharmasit,0,1,1,1.0
znnzhyjj,0,1,1,1.0
qoj,0,1,1,1.0
intelelig,0,1,1,1.0
antl,0,1,1,1.0
consequentchlordan,0,1,1,1.0
incorporan,0,1,1,1.0
xqyzroltg,0,1,1,1.0
villeroy,0,1,1,1.0
compform,0,1,1,1.0
tusskr,0,1,1,1.0
syscom,1,0,1,0.0
veaq,0,1,1,1.0
tqhk,0,1,1,1.0
basvuru,0,1,1,1.0
cachect,0,1,1,1.0
invertirlo,0,1,1,1.0
fillbust,0,1,1,1.0
mdwf,0,1,1,1.0
hateth,0,1,1,1.0
ennsylvania,0,1,1,1.0
villanovan,0,1,1,1.0
glenwood,0,1,1,1.0
savar,1,0,1,0.0
postnatal,0,1,1,1.0
iula,0,1,1,1.0
calltoregist,1,0,1,0.0
zrm,0,1,1,1.0
xpiqqkvon,0,1,1,1.0
hpfjkge,0,1,1,1.0
xxxfmc,0,1,1,1.0
weetl,0,1,1,1.0
vugyw,0,1,1,1.0
hundert,0,1,1,1.0
spiegelmcd,1,0,1,0.0
wagontrain,0,1,1,1.0
cerebratemutini,0,1,1,1.0
lynndomingo,0,1,1,1.0
remun,0,1,1,1.0
gixwbx,0,1,1,1.0
havesuff,0,1,1,1.0
graphico,0,1,1,1.0
jefjmcll,0,1,1,1.0
druaclthb,0,1,1,1.0
wbjdk,0,1,1,1.0
ssg,0,1,1,1.0
sastisfi,0,1,1,1.0
oari,0,1,1,1.0
godigitalstudio,0,1,1,1.0
wpipharmbyjmail,0,1,1,1.0
aelli,0,1,1,1.0
ggejkmi,0,1,1,1.0
deific,0,1,1,1.0
hwlvvudkf,0,1,1,1.0
soonnathaniel,0,1,1,1.0
iogj,0,1,1,1.0
composto,0,1,1,1.0
bonajn,0,1,1,1.0
iaztici,0,1,1,1.0
svj,0,1,1,1.0
dejixv,0,1,1,1.0
oximet,0,1,1,1.0
skillfifteenth,0,1,1,1.0
confrm,0,1,1,1.0
lting,0,1,1,1.0
augustofineart,0,1,1,1.0
provocando,0,1,1,1.0
wveswo,0,1,1,1.0
whistler,0,1,1,1.0
astorcessna,0,1,1,1.0
hifcithdbxilvz,0,1,1,1.0
maxxim,0,1,1,1.0
converst,1,0,1,0.0
aerophon,0,1,1,1.0
coost,0,1,1,1.0
thenn,0,1,1,1.0
smnbsp,0,1,1,1.0
nyku,0,1,1,1.0
losvement,0,1,1,1.0
xtremespectrum,0,1,1,1.0
wwtg,0,1,1,1.0
majavetin,0,1,1,1.0
oaufklarung,0,1,1,1.0
butternutcultiv,0,1,1,1.0
kwhwm,0,1,1,1.0
hilarion,0,1,1,1.0
zjjtjgodk,0,1,1,1.0
quotesin,0,1,1,1.0
flighttechnician,0,1,1,1.0
ccfl,0,1,1,1.0
lokken,1,0,1,0.0
rvu,0,1,1,1.0
cupsilon,0,1,1,1.0
saskiageniu,0,1,1,1.0
dokdo,0,1,1,1.0
apwo,1,0,1,0.0
konsultingowej,1,0,1,0.0
ltesi,0,1,1,1.0
inadvertantli,1,0,1,0.0
etsvarhjd,0,1,1,1.0
qbcop,0,1,1,1.0
hcere,0,1,1,1.0
scurrytraumat,0,1,1,1.0
bufdliz,0,1,1,1.0
gebiet,0,1,1,1.0
yawchin,0,1,1,1.0
standfinbv,0,1,1,1.0
bflaz,0,1,1,1.0
bbxrcnlqpbr,0,1,1,1.0
mtqcdz,0,1,1,1.0
szeto,1,0,1,0.0
equistarena,1,0,1,0.0
qrget,0,1,1,1.0
rulng,0,1,1,1.0
drawnfrom,0,1,1,1.0
xwpycbr,0,1,1,1.0
supplementthat,0,1,1,1.0
leatha,0,1,1,1.0
sxcplu,0,1,1,1.0
phonemicrevel,0,1,1,1.0
rmeeal,0,1,1,1.0
worldaxx,0,1,1,1.0
windowsent,0,1,1,1.0
dnsiu,0,1,1,1.0
finanzinstitut,0,1,1,1.0
sdm,0,1,1,1.0
xxi,0,1,1,1.0
zdo,0,1,1,1.0
prope,0,1,1,1.0
disappointyour,0,1,1,1.0
fqtkj,0,1,1,1.0
viricid,0,1,1,1.0
delmarhopkin,0,1,1,1.0
texypmtcnr,0,1,1,1.0
diazo,0,1,1,1.0
naslouchat,0,1,1,1.0
soiré,0,1,1,1.0
demà,0,1,1,1.0
patrimnio,0,1,1,1.0
transnat,0,1,1,1.0
expediasumm,0,1,1,1.0
wdjw,0,1,1,1.0
tubl,0,1,1,1.0
biggi,1,0,1,0.0
surprls,0,1,1,1.0
planow,1,0,1,0.0
lottrey,0,1,1,1.0
mgaounczb,0,1,1,1.0
lodoyo,0,1,1,1.0
bework,0,1,1,1.0
devenez,0,1,1,1.0
cgppsyuc,0,1,1,1.0
veroni,0,1,1,1.0
commoditii,1,0,1,0.0
icqf,0,1,1,1.0
fontana,0,1,1,1.0
ruìz,0,1,1,1.0
mjaulh,0,1,1,1.0
togexth,0,1,1,1.0
bigamerican,1,0,1,0.0
grti,0,1,1,1.0
fattest,1,0,1,0.0
vukv,0,1,1,1.0
ydo,1,0,1,0.0
jqw,0,1,1,1.0
enhxanc,0,1,1,1.0
xda,0,1,1,1.0
belgica,0,1,1,1.0
rfroidaki,0,1,1,1.0
saef,0,1,1,1.0
selten,1,0,1,0.0
debriefcel,0,1,1,1.0
ugkm,0,1,1,1.0
yjwl,0,1,1,1.0
glycerinatedebtor,0,1,1,1.0
adamantnobelium,0,1,1,1.0
zcghrm,0,1,1,1.0
successkeyword,0,1,1,1.0
fpso,1,0,1,0.0
babbi,1,0,1,0.0
yqshqplgz,0,1,1,1.0
mwcsv,0,1,1,1.0
thestatesman,1,0,1,0.0
trabajando,0,1,1,1.0
hbsxgyb,0,1,1,1.0
kqvlvmi,0,1,1,1.0
stupundoqu,0,1,1,1.0
spri,1,0,1,0.0
unwjuv,0,1,1,1.0
interstellar,0,1,1,1.0
omvtxcp,0,1,1,1.0
lommer,0,1,1,1.0
grat,1,0,1,0.0
curnersindo,0,1,1,1.0
oqzdntb,0,1,1,1.0
mdac,1,0,1,0.0
kjhtz,0,1,1,1.0
scupper,0,1,1,1.0
aeuro,0,1,1,1.0
intenet,0,1,1,1.0
cpeum,0,1,1,1.0
vgsvgge,0,1,1,1.0
uhmrq,0,1,1,1.0
ddtxcn,0,1,1,1.0
guinn,1,0,1,0.0
vkeefcr,0,1,1,1.0
calgarian,1,0,1,0.0
bohszhc,0,1,1,1.0
ntime,0,1,1,1.0
sincealberta,0,1,1,1.0
fvawskwaz,0,1,1,1.0
youiwil,0,1,1,1.0
assad,1,0,1,0.0
linfocito,0,1,1,1.0
creceliu,0,1,1,1.0
xxtwfotfcmpwb,0,1,1,1.0
peptic,0,1,1,1.0
tfsf,0,1,1,1.0
vriendelijk,0,1,1,1.0
visualis,1,0,1,0.0
fromaustralia,0,1,1,1.0
nasonex,0,1,1,1.0
jµa,0,1,1,1.0
topmaximproduct,0,1,1,1.0
misbegotten,1,0,1,0.0
crculo,0,1,1,1.0
nickcharliel,0,1,1,1.0
ndanmnav,0,1,1,1.0
cagladan,1,0,1,0.0
cookin,1,0,1,0.0
establishth,0,1,1,1.0
elend,0,1,1,1.0
jairam,1,0,1,0.0
inadhes,0,1,1,1.0
whzeh,0,1,1,1.0
wydal,1,0,1,0.0
xbvhbdmak,0,1,1,1.0
adess,0,1,1,1.0
hina,1,0,1,0.0
tllfrw,0,1,1,1.0
msnjoxw,0,1,1,1.0
ochardguei,0,1,1,1.0
dttav,0,1,1,1.0
staggeringli,0,1,1,1.0
wqj,0,1,1,1.0
redwingbasket,0,1,1,1.0
captura,0,1,1,1.0
jpgkzoent,0,1,1,1.0
azecwbzmi,0,1,1,1.0
sdxmg,0,1,1,1.0
rfke,0,1,1,1.0
zfr,0,1,1,1.0
hiattf,1,0,1,0.0
immerg,0,1,1,1.0
deianira,0,1,1,1.0
comunsubscrib,0,1,1,1.0
nynex,0,1,1,1.0
minoueast,0,1,1,1.0
softntasti,0,1,1,1.0
slotl,1,0,1,0.0
htegi,0,1,1,1.0
exhaustiva,0,1,1,1.0
shelm,1,0,1,0.0
ratesmay,0,1,1,1.0
itn,0,1,1,1.0
gosul,0,1,1,1.0
vin,1,0,1,0.0
jha,0,1,1,1.0
backboneof,0,1,1,1.0
unprun,0,1,1,1.0
rskxir,0,1,1,1.0
llandaff,0,1,1,1.0
bradawl,0,1,1,1.0
diffenti,1,0,1,0.0
lotera,0,1,1,1.0
encontrava,0,1,1,1.0
robofan,0,1,1,1.0
stving,0,1,1,1.0
genug,0,1,1,1.0
hunchdodg,0,1,1,1.0
reini,1,0,1,0.0
wohld,0,1,1,1.0
carmelit,0,1,1,1.0
striderit,1,0,1,0.0
consortia,1,0,1,0.0
divisororific,0,1,1,1.0
aradýðýnýz,0,1,1,1.0
netbank,0,1,1,1.0
heliosgroup,1,0,1,0.0
kelseybrett,0,1,1,1.0
worldwidemanag,0,1,1,1.0
efusivo,0,1,1,1.0
wozsvdkmxemxhhph,0,1,1,1.0
pfi,0,1,1,1.0
jeanettefountain,0,1,1,1.0
hunterswhosaid,0,1,1,1.0
minutemaid,1,0,1,0.0
redol,0,1,1,1.0
anyidatabasetand,0,1,1,1.0
uhr,0,1,1,1.0
leaver,1,0,1,0.0
improwth,0,1,1,1.0
bekanntermaßen,0,1,1,1.0
abertura,0,1,1,1.0
scnyvbhet,0,1,1,1.0
zemdvohrx,0,1,1,1.0
ferlic,1,0,1,0.0
thenew,0,1,1,1.0
meriweth,1,0,1,0.0
rosendo,0,1,1,1.0
zubehoerfach,0,1,1,1.0
ertagacha,0,1,1,1.0
bayn,1,0,1,0.0
cmln,0,1,1,1.0
gerador,0,1,1,1.0
ephemeri,0,1,1,1.0
rojdhu,0,1,1,1.0
fkpdtw,0,1,1,1.0
mwid,0,1,1,1.0
qhqmqtqlqpqorptttgpitstt,0,1,1,1.0
gxqzfu,0,1,1,1.0
madina,0,1,1,1.0
derrek,1,0,1,0.0
oojawlzeyyfochpxc,0,1,1,1.0
linag,0,1,1,1.0
fjjyug,0,1,1,1.0
caloriedusk,0,1,1,1.0
auftreten,0,1,1,1.0
csf,0,1,1,1.0
rnskkxq,0,1,1,1.0
dioptric,0,1,1,1.0
outself,1,0,1,0.0
chor,1,0,1,0.0
nixzp,0,1,1,1.0
jetpilot,1,0,1,0.0
quickpro,0,1,1,1.0
idvrl,0,1,1,1.0
mwjefaasg,0,1,1,1.0
landrieu,1,0,1,0.0
jpoa,0,1,1,1.0
cgsaqdeih,0,1,1,1.0
infotain,0,1,1,1.0
leanr,1,0,1,0.0
aprendizaj,0,1,1,1.0
mrse,0,1,1,1.0
refraind,1,0,1,0.0
hartsford,1,0,1,0.0
barbequ,1,0,1,0.0
moneylhonda,0,1,1,1.0
schedual,0,1,1,1.0
wss,1,0,1,0.0
ggvuf,0,1,1,1.0
norn,1,0,1,0.0
jkiani,1,0,1,0.0
jyzbbyslbu,0,1,1,1.0
aubre,1,0,1,0.0
werhlksdhb,0,1,1,1.0
stockwork,0,1,1,1.0
amazeyourspous,0,1,1,1.0
webegan,0,1,1,1.0
watzrn,0,1,1,1.0
alsthom,1,0,1,0.0
countercampaign,0,1,1,1.0
zauitqvmvu,0,1,1,1.0
influencia,0,1,1,1.0
ruql,0,1,1,1.0
quaboard,0,1,1,1.0
yawo,0,1,1,1.0
nhorxahg,0,1,1,1.0
saveni,0,1,1,1.0
myland,0,1,1,1.0
poul,1,0,1,0.0
subjet,0,1,1,1.0
trafficmultipli,0,1,1,1.0
melanesia,0,1,1,1.0
zycyngp,0,1,1,1.0
enedina,0,1,1,1.0
gretel,1,0,1,0.0
acronymbronch,0,1,1,1.0
bmcmillan,1,0,1,0.0
besharah,0,1,1,1.0
siberiadont,0,1,1,1.0
obru,0,1,1,1.0
psophia,0,1,1,1.0
taa,0,1,1,1.0
zrejpb,0,1,1,1.0
radeb,0,1,1,1.0
ladybugjan,0,1,1,1.0
neyed,0,1,1,1.0
jacguelin,0,1,1,1.0
iakn,0,1,1,1.0
cutieorang,0,1,1,1.0
pricewaterhousecoop,1,0,1,0.0
lookink,0,1,1,1.0
cbogp,0,1,1,1.0
gymnasium,1,0,1,0.0
okayokay,0,1,1,1.0
noncontroversi,1,0,1,0.0
iletiim,0,1,1,1.0
omnnikp,0,1,1,1.0
couth,1,0,1,0.0
amestela,0,1,1,1.0
topc,0,1,1,1.0
cvstceuyxxkxgnxskjnc,0,1,1,1.0
ithat,0,1,1,1.0
lhdgewm,0,1,1,1.0
jgodk,0,1,1,1.0
freeland,1,0,1,0.0
amazingown,0,1,1,1.0
jtokkuhhv,0,1,1,1.0
graphicangu,0,1,1,1.0
isleyc,0,1,1,1.0
faustella,0,1,1,1.0
hurdlethreaten,0,1,1,1.0
mnwmsabr,0,1,1,1.0
kefijaxosho,0,1,1,1.0
grapz,0,1,1,1.0
fullytrusteditem,0,1,1,1.0
seremakiem,1,0,1,0.0
fkxyvi,0,1,1,1.0
schooool,0,1,1,1.0
htropsqg,0,1,1,1.0
opmgq,0,1,1,1.0
bankcard,0,1,1,1.0
wjcocl,0,1,1,1.0
prdil,0,1,1,1.0
dvfyf,0,1,1,1.0
brutto,0,1,1,1.0
qlu,0,1,1,1.0
citibankonlin,0,1,1,1.0
enitr,1,0,1,0.0
owowu,0,1,1,1.0
rwcdllv,0,1,1,1.0
hopey,0,1,1,1.0
advantageo,0,1,1,1.0
hqe,0,1,1,1.0
xsrjzl,0,1,1,1.0
uncas,0,1,1,1.0
fundador,0,1,1,1.0
uceqholo,0,1,1,1.0
comgratualt,1,0,1,0.0
freixa,0,1,1,1.0
mergercentr,1,0,1,0.0
elhswgg,0,1,1,1.0
ahernand,1,0,1,0.0
jtoxt,0,1,1,1.0
rlitvik,1,0,1,0.0
vpwtveikx,0,1,1,1.0
gwkmmq,0,1,1,1.0
lanna,1,0,1,0.0
sikqn,0,1,1,1.0
beautifulp,0,1,1,1.0
chcielibi,1,0,1,0.0
degelog,0,1,1,1.0
gunstock,0,1,1,1.0
kbantxb,0,1,1,1.0
vignettesminut,0,1,1,1.0
rehearsalat,0,1,1,1.0
dortwe,0,1,1,1.0
yrkgaxea,0,1,1,1.0
otefn,0,1,1,1.0
sarsenet,0,1,1,1.0
nowreadi,0,1,1,1.0
davyhurst,0,1,1,1.0
kilian,0,1,1,1.0
alleva,0,1,1,1.0
jmthbbg,0,1,1,1.0
symbolist,0,1,1,1.0
claritel,0,1,1,1.0
computacion,0,1,1,1.0
verificationunit,0,1,1,1.0
btg,0,1,1,1.0
mutabl,0,1,1,1.0
twoj,1,0,1,0.0
einvest,1,0,1,0.0
amfqc,0,1,1,1.0
iiqna,0,1,1,1.0
vbbsysr,0,1,1,1.0
ennhancemennnt,0,1,1,1.0
fll,0,1,1,1.0
mww,0,1,1,1.0
rwfwpzbgg,0,1,1,1.0
comeo,0,1,1,1.0
garycanc,0,1,1,1.0
dilapidateeh,0,1,1,1.0
hvbmgt,0,1,1,1.0
dfpl,1,0,1,0.0
tmlpunbr,0,1,1,1.0
openi,0,1,1,1.0
goodlett,1,0,1,0.0
denney,1,0,1,0.0
seha,1,0,1,0.0
popplewel,1,0,1,0.0
rocakm,0,1,1,1.0
aqtv,0,1,1,1.0
shinya,0,1,1,1.0
xbvvyqc,0,1,1,1.0
prscrbr,0,1,1,1.0
penrosetul,0,1,1,1.0
guxvac,0,1,1,1.0
lsnow,1,0,1,0.0
oprocz,1,0,1,0.0
eboeimqq,0,1,1,1.0
framer,1,0,1,0.0
nvpllw,0,1,1,1.0
pricingsend,0,1,1,1.0
sugimoto,1,0,1,0.0
lassit,0,1,1,1.0
europeu,0,1,1,1.0
misffgddd,0,1,1,1.0
gpp,0,1,1,1.0
pxgpri,0,1,1,1.0
nfrsf,0,1,1,1.0
xmmrl,0,1,1,1.0
sorprend,0,1,1,1.0
ebrguntkp,0,1,1,1.0
treatmen,0,1,1,1.0
cheesesteak,1,0,1,0.0
crucifybrimston,0,1,1,1.0
erbeprofit,0,1,1,1.0
ruckt,1,0,1,0.0
naturgeil,0,1,1,1.0
struction,1,0,1,0.0
eesmith,1,0,1,0.0
solenoidmath,0,1,1,1.0
groovyfirebal,0,1,1,1.0
tbl,1,0,1,0.0
oov,0,1,1,1.0
lilo,0,1,1,1.0
pecaaz,0,1,1,1.0
nuq,0,1,1,1.0
ajkkmnt,0,1,1,1.0
yager,1,0,1,0.0
fortunov,1,0,1,0.0
synagogu,0,1,1,1.0
besagt,0,1,1,1.0
tarpey,1,0,1,0.0
joudxg,0,1,1,1.0
disponibilizado,0,1,1,1.0
kreasi,0,1,1,1.0
muio,0,1,1,1.0
lasley,0,1,1,1.0
todpprov,0,1,1,1.0
perpect,1,0,1,0.0
woop,1,0,1,0.0
hszwrlz,0,1,1,1.0
posez,0,1,1,1.0
calendricaleman,0,1,1,1.0
zenitmus,0,1,1,1.0
geanticlin,0,1,1,1.0
aggressivefargo,0,1,1,1.0
sucesu,0,1,1,1.0
ewncfwnmi,0,1,1,1.0
fviagr,0,1,1,1.0
blepharochalasi,0,1,1,1.0
tailgait,1,0,1,0.0
firedril,1,0,1,0.0
xhzbtacwc,0,1,1,1.0
licenciado,0,1,1,1.0
bookcaseann,0,1,1,1.0
transfercont,0,1,1,1.0
happreejj,0,1,1,1.0
hll,0,1,1,1.0
sgoldma,1,0,1,0.0
lduppi,0,1,1,1.0
lijevak,0,1,1,1.0
miishaw,0,1,1,1.0
cleverest,1,0,1,0.0
bilion,1,0,1,0.0
sfdbaz,0,1,1,1.0
shitsu,0,1,1,1.0
manhandl,1,0,1,0.0
fopr,0,1,1,1.0
jrenni,0,1,1,1.0
carrabba,1,0,1,0.0
olf,1,0,1,0.0
complementadola,0,1,1,1.0
spinoza,0,1,1,1.0
acervant,1,0,1,0.0
sxbhegvf,0,1,1,1.0
zsoxlxkher,0,1,1,1.0
hivgtql,0,1,1,1.0
bxaj,0,1,1,1.0
randyhobert,1,0,1,0.0
dink,1,0,1,0.0
nowbrav,0,1,1,1.0
ciealci,0,1,1,1.0
zjni,0,1,1,1.0
rerec,1,0,1,0.0
maracaybo,0,1,1,1.0
jaqiuutxwr,0,1,1,1.0
cyywap,0,1,1,1.0
veterinaria,0,1,1,1.0
winbftp,0,1,1,1.0
gmafek,0,1,1,1.0
costom,0,1,1,1.0
ayzk,0,1,1,1.0
konieczka,1,0,1,0.0
galindo,0,1,1,1.0
gloomyalphons,0,1,1,1.0
capitaillusori,0,1,1,1.0
dolg,0,1,1,1.0
cslkqthk,0,1,1,1.0
homelandfuri,0,1,1,1.0
dutchmanslim,0,1,1,1.0
tila,0,1,1,1.0
chappel,1,0,1,0.0
pjmq,0,1,1,1.0
suppler,0,1,1,1.0
fezuhiruza,0,1,1,1.0
congenerdepend,0,1,1,1.0
xbontril,0,1,1,1.0
itohsti,0,1,1,1.0
bbfinanci,1,0,1,0.0
waw,1,0,1,0.0
wfaslz,0,1,1,1.0
infromacion,0,1,1,1.0
pceernt,0,1,1,1.0
apur,0,1,1,1.0
apaliourg,0,1,1,1.0
jzw,0,1,1,1.0
heritor,0,1,1,1.0
vkfbpfwk,0,1,1,1.0
mariolatri,0,1,1,1.0
woggl,0,1,1,1.0
nek,0,1,1,1.0
srquwxf,0,1,1,1.0
pgfhhxxrl,0,1,1,1.0
onlibn,0,1,1,1.0
khaalugzmq,0,1,1,1.0
qejnmygm,0,1,1,1.0
tammani,0,1,1,1.0
grandli,0,1,1,1.0
oirznx,0,1,1,1.0
antongeesink,0,1,1,1.0
wdz,0,1,1,1.0
denariu,0,1,1,1.0
onrid,0,1,1,1.0
giampa,1,0,1,0.0
zfgcfx,0,1,1,1.0
ihsfsjtk,0,1,1,1.0
sjfzaa,0,1,1,1.0
yjskrkpvrlctftgo,0,1,1,1.0
pebdani,1,0,1,0.0
mikrofilt,0,1,1,1.0
catálogo,0,1,1,1.0
aforesaidcruz,0,1,1,1.0
grapnel,0,1,1,1.0
eidrzgcvh,0,1,1,1.0
reµa,0,1,1,1.0
lpxl,0,1,1,1.0
acsfovea,0,1,1,1.0
karta,1,0,1,0.0
tqie,0,1,1,1.0
uwuv,0,1,1,1.0
edterri,1,0,1,0.0
perfeita,0,1,1,1.0
roviri,1,0,1,0.0
nhou,0,1,1,1.0
sporkin,1,0,1,0.0
paink,0,1,1,1.0
ronck,0,1,1,1.0
beastial,0,1,1,1.0
vhdyh,0,1,1,1.0
cfpmmcpso,0,1,1,1.0
assumepedigre,0,1,1,1.0
idiosyncraticband,0,1,1,1.0
cpcsgr,0,1,1,1.0
knightwigmak,0,1,1,1.0
haleburr,1,0,1,0.0
inzynieri,1,0,1,0.0
fnofk,0,1,1,1.0
eincomplet,0,1,1,1.0
qbye,0,1,1,1.0
qhwcuse,0,1,1,1.0
xrbvn,0,1,1,1.0
guguerr,0,1,1,1.0
cmluca,1,0,1,0.0
meonk,0,1,1,1.0
hijikata,1,0,1,0.0
managerceylinco,0,1,1,1.0
rosenbohm,1,0,1,0.0
weglein,1,0,1,0.0
darowizn,1,0,1,0.0
warym,0,1,1,1.0
irxpkqv,0,1,1,1.0
irbmaji,0,1,1,1.0
verschuldet,0,1,1,1.0
shanwear,0,1,1,1.0
getout,0,1,1,1.0
mtorvwc,0,1,1,1.0
literaturenev,0,1,1,1.0
azgj,0,1,1,1.0
bankstel,0,1,1,1.0
giftman,0,1,1,1.0
fgopwbong,0,1,1,1.0
silvern,0,1,1,1.0
junoesqu,0,1,1,1.0
undisappear,0,1,1,1.0
sybtaha,0,1,1,1.0
sscn,0,1,1,1.0
sorryfor,0,1,1,1.0
pzmlwyj,0,1,1,1.0
kwscjubxahrcsm,0,1,1,1.0
goremd,0,1,1,1.0
fickness,0,1,1,1.0
hoawut,0,1,1,1.0
andat,0,1,1,1.0
xzntqddsingf,0,1,1,1.0
afghanagglutinin,0,1,1,1.0
qualita,0,1,1,1.0
findourmaxim,0,1,1,1.0
rbuu,0,1,1,1.0
performancev,1,0,1,0.0
aui,0,1,1,1.0
dfdsskkxyi,0,1,1,1.0
xqtizyz,0,1,1,1.0
capor,0,1,1,1.0
sweeni,1,0,1,0.0
becacnus,0,1,1,1.0
usulli,0,1,1,1.0
countdless,0,1,1,1.0
aldydwr,0,1,1,1.0
levvitra,0,1,1,1.0
kasem,0,1,1,1.0
yrlmgxebr,0,1,1,1.0
agriculturalist,0,1,1,1.0
vio,0,1,1,1.0
mcom,1,0,1,0.0
jablonia,1,0,1,0.0
jpwzubxzfeqf,0,1,1,1.0
winemak,0,1,1,1.0
montor,0,1,1,1.0
useit,0,1,1,1.0
ashraf,0,1,1,1.0
poderoso,0,1,1,1.0
vof,0,1,1,1.0
kezdi,0,1,1,1.0
esser,1,0,1,0.0
twtczzyy,0,1,1,1.0
zmendaci,0,1,1,1.0
severestress,0,1,1,1.0
bunmen,0,1,1,1.0
yav,0,1,1,1.0
duperreault,1,0,1,0.0
blandbulletin,0,1,1,1.0
smitten,0,1,1,1.0
terial,0,1,1,1.0
guarranti,0,1,1,1.0
eyesworldwid,0,1,1,1.0
gnqpohb,0,1,1,1.0
pantyhos,0,1,1,1.0
dqjpvd,0,1,1,1.0
tglich,0,1,1,1.0
hensley,1,0,1,0.0
odil,0,1,1,1.0
nervousten,0,1,1,1.0
wowvtfh,0,1,1,1.0
rjcphdi,0,1,1,1.0
heardtaza,0,1,1,1.0
cbzhn,0,1,1,1.0
marcusevansch,1,0,1,0.0
siumc,0,1,1,1.0
subtletyinfami,0,1,1,1.0
faklvf,0,1,1,1.0
nwgrumpta,0,1,1,1.0
sclbe,0,1,1,1.0
gzrhtkj,0,1,1,1.0
millionmarket,0,1,1,1.0
jbandctaylor,1,0,1,0.0
iayngheyp,0,1,1,1.0
sorest,0,1,1,1.0
unescap,0,1,1,1.0
borowczyk,0,1,1,1.0
targetedemail,0,1,1,1.0
skoro,1,0,1,0.0
cbph,0,1,1,1.0
morac,0,1,1,1.0
produzir,0,1,1,1.0
ungainli,0,1,1,1.0
yur,0,1,1,1.0
consistantli,1,0,1,0.0
unviol,0,1,1,1.0
latchtitmous,0,1,1,1.0
nhanc,0,1,1,1.0
fordcliqu,0,1,1,1.0
liro,1,0,1,0.0
resemin,0,1,1,1.0
yvcf,0,1,1,1.0
mcclankg,1,0,1,0.0
atmosfera,0,1,1,1.0
daila,0,1,1,1.0
ajwdzd,0,1,1,1.0
antwerpen,0,1,1,1.0
photosensit,0,1,1,1.0
jbt,1,0,1,0.0
bowwort,0,1,1,1.0
nnstfme,0,1,1,1.0
qxsqu,0,1,1,1.0
quedaran,0,1,1,1.0
þpara,0,1,1,1.0
cwfapsmin,0,1,1,1.0
erjc,0,1,1,1.0
fmcwjyjx,0,1,1,1.0
aiovn,0,1,1,1.0
cummer,0,1,1,1.0
adoregristmil,0,1,1,1.0
okm,0,1,1,1.0
dakoit,0,1,1,1.0
regionswag,0,1,1,1.0
sbaim,0,1,1,1.0
meterl,1,0,1,0.0
helloknott,0,1,1,1.0
zunchst,0,1,1,1.0
linespharmaci,0,1,1,1.0
vgmcwjsfe,0,1,1,1.0
oujkr,0,1,1,1.0
stf,0,1,1,1.0
vuelva,0,1,1,1.0
eggerrst,0,1,1,1.0
sunfir,0,1,1,1.0
entiredetail,0,1,1,1.0
janphoenixl,0,1,1,1.0
wmassif,0,1,1,1.0
vkw,0,1,1,1.0
nkgtxkhx,0,1,1,1.0
fleisher,1,0,1,0.0
deducibilidad,0,1,1,1.0
tomtarpaulinfunni,0,1,1,1.0
zobyuv,0,1,1,1.0
averiguar,0,1,1,1.0
glinn,0,1,1,1.0
veranear,0,1,1,1.0
servertoyour,0,1,1,1.0
blastproof,1,0,1,0.0
akffxld,0,1,1,1.0
netexecut,0,1,1,1.0
ponzi,1,0,1,0.0
freaney,0,1,1,1.0
carom,0,1,1,1.0
cvjnreqfp,0,1,1,1.0
legit,0,1,1,1.0
janen,1,0,1,0.0
lawanna,0,1,1,1.0
jblaydo,1,0,1,0.0
iko,0,1,1,1.0
escargot,0,1,1,1.0
npa,0,1,1,1.0
maclurin,1,0,1,0.0
forecourt,0,1,1,1.0
mailciti,1,0,1,0.0
ufsiec,0,1,1,1.0
temin,0,1,1,1.0
coweta,1,0,1,0.0
mss,1,0,1,0.0
ypsxt,0,1,1,1.0
ykjpv,0,1,1,1.0
ifjddgrnrr,0,1,1,1.0
aoortgag,0,1,1,1.0
ibbletwfl,0,1,1,1.0
wczesniej,1,0,1,0.0
datosnueva,0,1,1,1.0
bvlmhht,0,1,1,1.0
phesntermmin,0,1,1,1.0
thtijr,0,1,1,1.0
iadcbf,0,1,1,1.0
theloan,0,1,1,1.0
voz,0,1,1,1.0
rightangl,1,0,1,0.0
unverzglich,0,1,1,1.0
schooler,1,0,1,0.0
psri,1,0,1,0.0
thirsk,1,0,1,0.0
ofyour,0,1,1,1.0
wihil,0,1,1,1.0
awaypopular,0,1,1,1.0
casco,1,0,1,0.0
dbol,0,1,1,1.0
tomxliq,0,1,1,1.0
entire,0,1,1,1.0
kiddieush,0,1,1,1.0
obedecendo,0,1,1,1.0
itcollect,0,1,1,1.0
kjyxax,0,1,1,1.0
gsjpvg,0,1,1,1.0
infogatewinc,0,1,1,1.0
egfgrjmff,0,1,1,1.0
espanhi,0,1,1,1.0
wsyrll,0,1,1,1.0
coliss,0,1,1,1.0
extensil,0,1,1,1.0
fulfillmentl,0,1,1,1.0
cnzoll,0,1,1,1.0
cxiejqz,0,1,1,1.0
gatespriest,0,1,1,1.0
foiwr,0,1,1,1.0
lngaphtha,1,0,1,0.0
szlcrw,0,1,1,1.0
lemonsqueez,0,1,1,1.0
kxnsrc,0,1,1,1.0
amidstsemit,0,1,1,1.0
brgrow,0,1,1,1.0
negócio,0,1,1,1.0
intuitiontoluen,0,1,1,1.0
dilght,0,1,1,1.0
baroscop,0,1,1,1.0
liudm,0,1,1,1.0
cyriel,0,1,1,1.0
habitant,0,1,1,1.0
kwbtpast,0,1,1,1.0
qtvm,0,1,1,1.0
bwekh,0,1,1,1.0
sanv,0,1,1,1.0
pallis,1,0,1,0.0
orper,0,1,1,1.0
differencey,0,1,1,1.0
mención,0,1,1,1.0
zxuxq,0,1,1,1.0
prisonti,0,1,1,1.0
subsizar,0,1,1,1.0
lefjaogab,0,1,1,1.0
dezor,0,1,1,1.0
gekunerisc,0,1,1,1.0
hotoem,0,1,1,1.0
torin,0,1,1,1.0
muncey,1,0,1,0.0
spermatogeni,0,1,1,1.0
qqcenn,0,1,1,1.0
hcgzuzuwt,0,1,1,1.0
vituper,0,1,1,1.0
hwmcebbco,0,1,1,1.0
innovagen,0,1,1,1.0
ypfpb,0,1,1,1.0
nikitaliverpoo,0,1,1,1.0
ymlffsovlgo,0,1,1,1.0
ohxsbdyc,0,1,1,1.0
rqyezcnso,0,1,1,1.0
myeliti,0,1,1,1.0
jippii,0,1,1,1.0
vjjnwwoz,0,1,1,1.0
vandrevala,1,0,1,0.0
infobr,0,1,1,1.0
xafira,1,0,1,0.0
unquench,1,0,1,0.0
testwork,0,1,1,1.0
adsu,0,1,1,1.0
dpalumbo,1,0,1,0.0
qobdmrw,0,1,1,1.0
contradicti,0,1,1,1.0
extremesexchannel,0,1,1,1.0
borneosch,0,1,1,1.0
onlivn,0,1,1,1.0
qphelloderm,0,1,1,1.0
npco,0,1,1,1.0
ubbq,0,1,1,1.0
aridli,0,1,1,1.0
coremil,0,1,1,1.0
hypothermia,1,0,1,0.0
saeger,1,0,1,0.0
wolrdwideyour,0,1,1,1.0
bedress,0,1,1,1.0
priceelton,0,1,1,1.0
brji,0,1,1,1.0
middleiniti,1,0,1,0.0
izuxztbl,0,1,1,1.0
cientifico,0,1,1,1.0
slikker,1,0,1,0.0
wupu,0,1,1,1.0
yohanp,1,0,1,0.0
hereward,0,1,1,1.0
dkyzqnx,0,1,1,1.0
symbolis,1,0,1,0.0
caesalpiniac,0,1,1,1.0
xrfiouf,0,1,1,1.0
qfdqfqfzv,0,1,1,1.0
milkshak,0,1,1,1.0
awano,1,0,1,0.0
addendumswel,0,1,1,1.0
memoryless,0,1,1,1.0
myopiagoggl,0,1,1,1.0
druuuuuug,0,1,1,1.0
lail,1,0,1,0.0
grudgingli,1,0,1,0.0
bhji,0,1,1,1.0
kxmykbazf,0,1,1,1.0
trapper,1,0,1,0.0
hobo,0,1,1,1.0
maynow,1,0,1,0.0
friendssimilar,0,1,1,1.0
avançada,0,1,1,1.0
werona,1,0,1,0.0
stftj,0,1,1,1.0
txw,0,1,1,1.0
qsqpnf,0,1,1,1.0
pssibl,1,0,1,0.0
usvqvkd,0,1,1,1.0
dauerhaft,0,1,1,1.0
outdoorgrlo,0,1,1,1.0
ciearanc,0,1,1,1.0
formatado,0,1,1,1.0
maliwauki,0,1,1,1.0
inszchumm,0,1,1,1.0
hksinc,1,0,1,0.0
othershop,0,1,1,1.0
sincerl,0,1,1,1.0
withdrawalhttp,0,1,1,1.0
roundest,0,1,1,1.0
ibuyitpay,1,0,1,0.0
lkazddnb,0,1,1,1.0
evolutionist,0,1,1,1.0
shawstakerslotteri,0,1,1,1.0
autotransportel,0,1,1,1.0
paccbaibgkqoroojvc,0,1,1,1.0
syntheth,1,0,1,0.0
verfügung,0,1,1,1.0
boardermail,0,1,1,1.0
offerspleas,0,1,1,1.0
qofxv,0,1,1,1.0
easelbuttock,0,1,1,1.0
uncekpurc,0,1,1,1.0
couejsof,0,1,1,1.0
pleaz,0,1,1,1.0
inhumanelamplight,0,1,1,1.0
laeozdxdn,0,1,1,1.0
slavish,0,1,1,1.0
beima,0,1,1,1.0
snext,0,1,1,1.0
dlcamnmpi,0,1,1,1.0
altogth,1,0,1,0.0
sparingli,0,1,1,1.0
bookabl,1,0,1,0.0
elizabrth,1,0,1,0.0
ksthi,0,1,1,1.0
fiendishli,1,0,1,0.0
bvc,0,1,1,1.0
aaldano,1,0,1,0.0
frklbjqd,0,1,1,1.0
integrant,0,1,1,1.0
fasttrack,1,0,1,0.0
unif,1,0,1,0.0
celetbrex,0,1,1,1.0
llniob,0,1,1,1.0
etwf,0,1,1,1.0
csihmtd,0,1,1,1.0
wochentlichen,0,1,1,1.0
coreyswift,1,0,1,0.0
crepdkitl,0,1,1,1.0
unipta,0,1,1,1.0
valentín,0,1,1,1.0
umvi,0,1,1,1.0
htmltake,0,1,1,1.0
begriff,0,1,1,1.0
vabqhkxwb,0,1,1,1.0
nqcd,0,1,1,1.0
rjzu,0,1,1,1.0
reproachgauguin,0,1,1,1.0
yonn,0,1,1,1.0
cagl,1,0,1,0.0
guggi,1,0,1,0.0
wlizeu,0,1,1,1.0
schatzman,1,0,1,0.0
seclus,0,1,1,1.0
herford,0,1,1,1.0
nmx,0,1,1,1.0
xobopd,0,1,1,1.0
nonblind,0,1,1,1.0
xalapa,0,1,1,1.0
shaubldoy,0,1,1,1.0
rabatelectra,0,1,1,1.0
fdr,0,1,1,1.0
addoni,0,1,1,1.0
hungarotri,0,1,1,1.0
comar,1,0,1,0.0
teucrian,0,1,1,1.0
sfbzv,0,1,1,1.0
brookfield,0,1,1,1.0
reportin,0,1,1,1.0
fgjwlwzv,0,1,1,1.0
nanometerpermiss,0,1,1,1.0
insidefinanci,0,1,1,1.0
conteniendo,0,1,1,1.0
dtvvcr,0,1,1,1.0
njdsofhlz,0,1,1,1.0
netiquett,1,0,1,0.0
distlarach,0,1,1,1.0
bldow,0,1,1,1.0
sebastopol,0,1,1,1.0
fisiafdculzgpdlnczbha,0,1,1,1.0
uftkcuj,0,1,1,1.0
mecz,1,0,1,0.0
vimin,0,1,1,1.0
fga,0,1,1,1.0
ceetx,0,1,1,1.0
triaccroak,0,1,1,1.0
oxn,0,1,1,1.0
amgcyrkst,0,1,1,1.0
technogen,0,1,1,1.0
trtrt,0,1,1,1.0
cess,0,1,1,1.0
rhhf,0,1,1,1.0
raddress,1,0,1,0.0
movida,0,1,1,1.0
augustmail,1,0,1,0.0
fackelmann,0,1,1,1.0
bedcov,0,1,1,1.0
contbk,0,1,1,1.0
degado,1,0,1,0.0
xbmdpk,0,1,1,1.0
mnt,0,1,1,1.0
prubnquv,0,1,1,1.0
hrvtlekc,0,1,1,1.0
yqsnt,0,1,1,1.0
varnado,1,0,1,0.0
gtjx,0,1,1,1.0
dminaldi,1,0,1,0.0
cdmonthli,0,1,1,1.0
elimn,1,0,1,0.0
marcusdaf,0,1,1,1.0
qjbtqvddeyfx,0,1,1,1.0
shelleyguin,0,1,1,1.0
pifer,1,0,1,0.0
konserten,0,1,1,1.0
ppxr,0,1,1,1.0
ysubsumedipaliourg,0,1,1,1.0
ckmcc,0,1,1,1.0
nwjsjynkwluaznhzzhqckp,0,1,1,1.0
bemegbnnh,0,1,1,1.0
jhartzel,1,0,1,0.0
personor,0,1,1,1.0
gewv,0,1,1,1.0
uww,0,1,1,1.0
canti,0,1,1,1.0
attaindercraven,0,1,1,1.0
rhulen,1,0,1,0.0
darno,0,1,1,1.0
delf,1,0,1,0.0
mepe,1,0,1,0.0
ferreteria,0,1,1,1.0
countenancevirgen,0,1,1,1.0
prenmatur,0,1,1,1.0
ivwwsg,0,1,1,1.0
pharrmabymail,0,1,1,1.0
lopger,0,1,1,1.0
relabel,0,1,1,1.0
subcategori,1,0,1,0.0
akfrx,0,1,1,1.0
swtiep,0,1,1,1.0
safc,1,0,1,0.0
odlcw,0,1,1,1.0
estud,0,1,1,1.0
charityeugen,0,1,1,1.0
gaetanoparisio,0,1,1,1.0
kolegami,1,0,1,0.0
zgo,0,1,1,1.0
saje,0,1,1,1.0
lvieditora,0,1,1,1.0
electricalgfir,0,1,1,1.0
edenval,0,1,1,1.0
bridgeboard,0,1,1,1.0
rofheart,0,1,1,1.0
lpwsvyj,0,1,1,1.0
wafwt,0,1,1,1.0
resolvida,0,1,1,1.0
khobar,1,0,1,0.0
trrskbywyw,0,1,1,1.0
lqw,0,1,1,1.0
disertacion,0,1,1,1.0
naral,0,1,1,1.0
pfeiffer,0,1,1,1.0
diffrent,0,1,1,1.0
nlcomp,0,1,1,1.0
feathermouth,0,1,1,1.0
searsroomforkid,1,0,1,0.0
alldata,1,0,1,0.0
emailremovel,0,1,1,1.0
lysenko,0,1,1,1.0
jwkb,0,1,1,1.0
mvsgopher,0,1,1,1.0
pwrmzsrf,0,1,1,1.0
fpjyj,0,1,1,1.0
qufczhd,0,1,1,1.0
scripttt,0,1,1,1.0
vclsa,0,1,1,1.0
nnamdi,0,1,1,1.0
xmv,0,1,1,1.0
umstnd,0,1,1,1.0
acsu,0,1,1,1.0
hairmagictsel,0,1,1,1.0
ebyouxdwltisi,0,1,1,1.0
requjir,0,1,1,1.0
holu,0,1,1,1.0
jueopstr,0,1,1,1.0
gonow,0,1,1,1.0
lxrtvhuh,0,1,1,1.0
snoopblock,0,1,1,1.0
aglif,1,0,1,0.0
burlingam,1,0,1,0.0
merrick,0,1,1,1.0
sopzo,0,1,1,1.0
unfel,0,1,1,1.0
cthomso,1,0,1,0.0
rtgiya,0,1,1,1.0
interceptorschil,0,1,1,1.0
injusta,0,1,1,1.0
richten,0,1,1,1.0
emberm,0,1,1,1.0
glybynql,0,1,1,1.0
isapp,0,1,1,1.0
msbuyz,0,1,1,1.0
lipf,0,1,1,1.0
custodiansquawk,0,1,1,1.0
jamaar,1,0,1,0.0
becorel,0,1,1,1.0
kataisan,0,1,1,1.0
fxdasvc,0,1,1,1.0
nynkughv,0,1,1,1.0
derram,0,1,1,1.0
presença,0,1,1,1.0
roarer,0,1,1,1.0
qialb,0,1,1,1.0
mjwvyl,0,1,1,1.0
stoooop,0,1,1,1.0
uuossrfj,0,1,1,1.0
gxd,0,1,1,1.0
tomom,0,1,1,1.0
scrubbingbrush,0,1,1,1.0
egarden,1,0,1,0.0
ofrezca,0,1,1,1.0
rhpfxb,0,1,1,1.0
shinzyug,0,1,1,1.0
blhmucsg,0,1,1,1.0
wqfemntk,0,1,1,1.0
xxidkvg,0,1,1,1.0
lychgat,0,1,1,1.0
czwsxm,0,1,1,1.0
spirent,1,0,1,0.0
thekil,0,1,1,1.0
bloodthirsti,0,1,1,1.0
thqasqi,0,1,1,1.0
rkugm,0,1,1,1.0
inart,1,0,1,0.0
blueprintinfinit,0,1,1,1.0
drumcod,0,1,1,1.0
delightedli,0,1,1,1.0
rastusedwin,0,1,1,1.0
arienzo,1,0,1,0.0
satoshi,0,1,1,1.0
cqndgt,0,1,1,1.0
espay,0,1,1,1.0
texastextbook,1,0,1,0.0
jvmvw,0,1,1,1.0
robinhooguin,0,1,1,1.0
bringstogeth,1,0,1,0.0
párking,0,1,1,1.0
sandymergen,1,0,1,0.0
hermitianapprentic,0,1,1,1.0
dpqydokb,0,1,1,1.0
linnu,0,1,1,1.0
cvmuk,0,1,1,1.0
batterylocomot,0,1,1,1.0
avaliablë,0,1,1,1.0
wyslalem,1,0,1,0.0
spreacoreatern,0,1,1,1.0
rjdqem,0,1,1,1.0
recptiv,1,0,1,0.0
manzoor,1,0,1,0.0
wordd,0,1,1,1.0
plateaux,0,1,1,1.0
jjcantwel,1,0,1,0.0
bjeffri,1,0,1,0.0
morrtgag,0,1,1,1.0
manx,1,0,1,0.0
withinh,0,1,1,1.0
discre,0,1,1,1.0
kenilworth,0,1,1,1.0
mmnncxj,0,1,1,1.0
mdwyemd,0,1,1,1.0
onoda,1,0,1,0.0
iee,0,1,1,1.0
sniear,0,1,1,1.0
lvv,0,1,1,1.0
pfizercheap,0,1,1,1.0
ylbesiwlb,0,1,1,1.0
unebliev,0,1,1,1.0
gzcvonm,0,1,1,1.0
deducemodish,0,1,1,1.0
inteligentement,0,1,1,1.0
wzstsqakci,0,1,1,1.0
wxtqwpumbr,0,1,1,1.0
ruwhqalz,0,1,1,1.0
wango,0,1,1,1.0
vtybgomm,0,1,1,1.0
iqrlrzv,0,1,1,1.0
trackerr,0,1,1,1.0
jabverbiag,0,1,1,1.0
intermixtur,0,1,1,1.0
crn,0,1,1,1.0
drofv,0,1,1,1.0
sbw,0,1,1,1.0
antonioanastacio,0,1,1,1.0
mibttnl,0,1,1,1.0
kneed,0,1,1,1.0
ygtddvdj,0,1,1,1.0
nohkipc,0,1,1,1.0
notará,0,1,1,1.0
encout,0,1,1,1.0
loment,0,1,1,1.0
dihydroco,0,1,1,1.0
nbmet,0,1,1,1.0
rpak,0,1,1,1.0
hansonjulia,0,1,1,1.0
isefoquur,0,1,1,1.0
sxake,0,1,1,1.0
lifyetelim,0,1,1,1.0
multibi,0,1,1,1.0
piont,1,0,1,0.0
bergi,1,0,1,0.0
imagelink,0,1,1,1.0
akurvi,0,1,1,1.0
mefenamicacid,0,1,1,1.0
requist,1,0,1,0.0
jpolson,1,0,1,0.0
chate,0,1,1,1.0
eklinkn,1,0,1,0.0
zsrlvo,0,1,1,1.0
vkxyj,0,1,1,1.0
wepxlvrdb,0,1,1,1.0
enlajrg,0,1,1,1.0
lettielett,0,1,1,1.0
daniz,0,1,1,1.0
rephartox,0,1,1,1.0
freelottoinc,0,1,1,1.0
voorburgw,0,1,1,1.0
llzbdrj,0,1,1,1.0
voothoov,0,1,1,1.0
perotsystem,1,0,1,0.0
tholman,1,0,1,0.0
qjspoqa,0,1,1,1.0
tlejivmi,0,1,1,1.0
emfor,0,1,1,1.0
njmwwj,0,1,1,1.0
resolvedto,0,1,1,1.0
recognizedm,0,1,1,1.0
orld,0,1,1,1.0
sarrppk,0,1,1,1.0
lisalynn,1,0,1,0.0
idec,1,0,1,0.0
premarket,1,0,1,0.0
neatthu,0,1,1,1.0
orgyasm,0,1,1,1.0
ooqjq,0,1,1,1.0
boyworldwid,0,1,1,1.0
colom,0,1,1,1.0
ecali,0,1,1,1.0
ejpkpmbdhqu,0,1,1,1.0
ncarwer,0,1,1,1.0
loanjocki,0,1,1,1.0
muoch,0,1,1,1.0
orthodonticcarib,0,1,1,1.0
lmaseityp,0,1,1,1.0
prober,1,0,1,0.0
amynurs,1,0,1,0.0
cbupropion,0,1,1,1.0
kzoip,0,1,1,1.0
meadowlark,1,0,1,0.0
etmfntgw,0,1,1,1.0
río,0,1,1,1.0
ypdnevxst,0,1,1,1.0
tatrzanskiej,1,0,1,0.0
yourinam,0,1,1,1.0
crowdbut,0,1,1,1.0
stockmogul,0,1,1,1.0
ofcomfort,0,1,1,1.0
conceptcoincid,0,1,1,1.0
jasvatf,0,1,1,1.0
mjhbgo,0,1,1,1.0
bestirringbaubl,0,1,1,1.0
comper,0,1,1,1.0
gradienthickey,0,1,1,1.0
ecoglasnost,0,1,1,1.0
oqzlodngo,0,1,1,1.0
curfewappli,0,1,1,1.0
stateof,0,1,1,1.0
lepli,0,1,1,1.0
megabitauk,0,1,1,1.0
batterien,0,1,1,1.0
mfzypldhtp,0,1,1,1.0
fxaro,1,0,1,0.0
jvgtnua,0,1,1,1.0
cheaaatt,0,1,1,1.0
lzi,0,1,1,1.0
cziwytdo,0,1,1,1.0
fffesx,0,1,1,1.0
sqbqsqu,0,1,1,1.0
edgxurr,0,1,1,1.0
wqopmv,0,1,1,1.0
entdeckung,0,1,1,1.0
xpypxvflu,0,1,1,1.0
wilth,0,1,1,1.0
llindb,1,0,1,0.0
briner,1,0,1,0.0
thaqt,1,0,1,0.0
gdvahwi,0,1,1,1.0
loyc,0,1,1,1.0
wytal,0,1,1,1.0
ardour,0,1,1,1.0
nightwear,0,1,1,1.0
rhgdcwlsf,0,1,1,1.0
hnicaopv,0,1,1,1.0
akoid,0,1,1,1.0
ewoskiodw,0,1,1,1.0
nibbler,0,1,1,1.0
xxpfw,0,1,1,1.0
ykpudr,0,1,1,1.0
mousepad,1,0,1,0.0
nowcoach,0,1,1,1.0
seid,0,1,1,1.0
giacinta,0,1,1,1.0
shaddox,1,0,1,0.0
dfkycrrpt,0,1,1,1.0
bling,0,1,1,1.0
todaycommonwealth,0,1,1,1.0
sâfëli,0,1,1,1.0
esthet,0,1,1,1.0
handphon,1,0,1,0.0
dabl,0,1,1,1.0
tite,0,1,1,1.0
gestionar,0,1,1,1.0
negtvgdkhk,0,1,1,1.0
evllitra,0,1,1,1.0
knzeyw,0,1,1,1.0
pmn,0,1,1,1.0
zydl,0,1,1,1.0
fierro,1,0,1,0.0
inequitynewsman,0,1,1,1.0
resilientsedi,0,1,1,1.0
excelon,1,0,1,0.0
cotroneo,1,0,1,0.0
rangesincer,0,1,1,1.0
yng,0,1,1,1.0
racont,0,1,1,1.0
twicedon,0,1,1,1.0
emkfmnjn,0,1,1,1.0
qdu,0,1,1,1.0
unx,0,1,1,1.0
mcidsbvto,0,1,1,1.0
mandarinandersen,0,1,1,1.0
saleswoman,0,1,1,1.0
quotepoolmortgag,0,1,1,1.0
lswtupbox,0,1,1,1.0
rowel,0,1,1,1.0
szw,0,1,1,1.0
ijchnmma,0,1,1,1.0
fifoalleg,0,1,1,1.0
ohci,0,1,1,1.0
thespublich,0,1,1,1.0
wzztiwpm,0,1,1,1.0
dalgleish,1,0,1,0.0
theloom,0,1,1,1.0
elandsfontein,0,1,1,1.0
yhoyah,0,1,1,1.0
qbarricad,0,1,1,1.0
doumenc,0,1,1,1.0
aventineextend,0,1,1,1.0
sggo,0,1,1,1.0
uvg,0,1,1,1.0
gxfkhgni,0,1,1,1.0
edch,0,1,1,1.0
pilrl,0,1,1,1.0
resultsthi,0,1,1,1.0
oaxon,0,1,1,1.0
cwld,1,0,1,0.0
ejqjeor,0,1,1,1.0
adfb,0,1,1,1.0
ksvnuujntrbr,0,1,1,1.0
shor,0,1,1,1.0
anglinglowboy,0,1,1,1.0
brodiemelba,0,1,1,1.0
hithk,0,1,1,1.0
zwfohbuf,0,1,1,1.0
catllmm,0,1,1,1.0
onfid,0,1,1,1.0
hjhfyir,0,1,1,1.0
eahikmof,0,1,1,1.0
nphijo,0,1,1,1.0
magnitutud,0,1,1,1.0
peccni,0,1,1,1.0
jdhguu,0,1,1,1.0
dimethylaphas,0,1,1,1.0
gjacd,0,1,1,1.0
zewvlbeux,0,1,1,1.0
izi,0,1,1,1.0
cleariti,0,1,1,1.0
xvblzvlq,0,1,1,1.0
anaspid,0,1,1,1.0
dpuhq,0,1,1,1.0
disg,1,0,1,0.0
enroncvlt,1,0,1,0.0
afetr,0,1,1,1.0
grgqegnu,0,1,1,1.0
assg,0,1,1,1.0
gzefzqlyhi,0,1,1,1.0
dlzbu,0,1,1,1.0
ìíñé,0,1,1,1.0
whyhx,0,1,1,1.0
aaaplusdirect,0,1,1,1.0
vbfd,0,1,1,1.0
posição,0,1,1,1.0
delavan,0,1,1,1.0
xevodxv,0,1,1,1.0
yasuda,1,0,1,0.0
tamm,1,0,1,0.0
iqnug,0,1,1,1.0
aparna,1,0,1,0.0
averybestir,0,1,1,1.0
wendsyssel,0,1,1,1.0
cpti,1,0,1,0.0
wkykxd,0,1,1,1.0
rhhu,0,1,1,1.0
eröffneten,0,1,1,1.0
anguilliform,0,1,1,1.0
dressilyfatti,0,1,1,1.0
etx,0,1,1,1.0
offa,0,1,1,1.0
aprilett,0,1,1,1.0
compytonia,0,1,1,1.0
holzman,0,1,1,1.0
djyyfijgm,0,1,1,1.0
lifemus,0,1,1,1.0
gelangen,0,1,1,1.0
kipp,0,1,1,1.0
qpkuvcswp,0,1,1,1.0
ihztcksiswr,0,1,1,1.0
kadakia,1,0,1,0.0
rodzicami,1,0,1,0.0
skisheri,1,0,1,0.0
awoufj,0,1,1,1.0
npnsxibhxpf,0,1,1,1.0
vskcw,0,1,1,1.0
whatt,0,1,1,1.0
eliminacion,0,1,1,1.0
afirst,0,1,1,1.0
forcearm,0,1,1,1.0
lbxqprpl,0,1,1,1.0
irolto,0,1,1,1.0
fidrset,0,1,1,1.0
youmr,0,1,1,1.0
cardth,0,1,1,1.0
rzehco,0,1,1,1.0
infothat,0,1,1,1.0
politic,1,0,1,0.0
nqxnuj,0,1,1,1.0
savoycarrot,0,1,1,1.0
bwybgd,0,1,1,1.0
uensactisfi,0,1,1,1.0
zoya,1,0,1,0.0
gund,0,1,1,1.0
kfbtyra,0,1,1,1.0
masterclass,1,0,1,0.0
ergen,1,0,1,0.0
fcerbo,0,1,1,1.0
stripquot,0,1,1,1.0
gbfprzk,0,1,1,1.0
beleggingen,1,0,1,0.0
xxxpornositexxx,0,1,1,1.0
ocubbyhol,0,1,1,1.0
debugflag,0,1,1,1.0
fok,0,1,1,1.0
quinquerem,0,1,1,1.0
gtktdqbr,0,1,1,1.0
eureffect,1,0,1,0.0
centimosonli,0,1,1,1.0
interon,1,0,1,0.0
woemen,0,1,1,1.0
hajiya,0,1,1,1.0
byeif,0,1,1,1.0
yvxokuziy,0,1,1,1.0
milliondollardatabas,1,0,1,0.0
clcikpap,1,0,1,0.0
brduluth,0,1,1,1.0
uceki,0,1,1,1.0
dessiatina,0,1,1,1.0
extremelli,1,0,1,0.0
kkgve,0,1,1,1.0
rgznqu,0,1,1,1.0
vgnpyffv,0,1,1,1.0
ggtqgvmmpykgbwgf,0,1,1,1.0
revolucionando,0,1,1,1.0
indisch,0,1,1,1.0
poolroom,0,1,1,1.0
aeciospor,0,1,1,1.0
encuentr,0,1,1,1.0
quitammonia,0,1,1,1.0
krpialu,0,1,1,1.0
ationbr,0,1,1,1.0
xkqedvfbr,0,1,1,1.0
bhomologu,0,1,1,1.0
iexmizbnt,0,1,1,1.0
bwzroonzdxq,0,1,1,1.0
omspdyi,0,1,1,1.0
anad,1,0,1,0.0
vout,0,1,1,1.0
distantli,0,1,1,1.0
afterbirth,1,0,1,0.0
constrictdogma,0,1,1,1.0
dfdi,0,1,1,1.0
zahav,0,1,1,1.0
zien,0,1,1,1.0
ljtqbeyrp,0,1,1,1.0
freecharlott,0,1,1,1.0
smalltown,0,1,1,1.0
ajfzz,0,1,1,1.0
maybeit,0,1,1,1.0
fbqzg,0,1,1,1.0
asnu,0,1,1,1.0
onb,0,1,1,1.0
portokosten,0,1,1,1.0
carburet,0,1,1,1.0
xqr,0,1,1,1.0
jvbe,0,1,1,1.0
voxl,0,1,1,1.0
fruchten,0,1,1,1.0
bwimgupcj,0,1,1,1.0
bprpaotfyvdtzogw,0,1,1,1.0
pvngnp,0,1,1,1.0
daytimeniob,0,1,1,1.0
mjoghk,0,1,1,1.0
jhokkanen,1,0,1,0.0
clearenc,0,1,1,1.0
ltcp,1,0,1,0.0
teo,0,1,1,1.0
wakato,0,1,1,1.0
cdllvmpqd,0,1,1,1.0
eclampsia,0,1,1,1.0
kurosawa,0,1,1,1.0
ourcostum,0,1,1,1.0
jcgtpnew,0,1,1,1.0
jqwjt,0,1,1,1.0
spinoutbett,0,1,1,1.0
kseumyv,0,1,1,1.0
ibb,0,1,1,1.0
gssnuzp,0,1,1,1.0
klhhu,0,1,1,1.0
neewest,0,1,1,1.0
zhwfa,0,1,1,1.0
governeur,0,1,1,1.0
severedichlorid,0,1,1,1.0
vpdzfet,0,1,1,1.0
goldenrodeleanor,0,1,1,1.0
fnmk,0,1,1,1.0
zzezrjok,0,1,1,1.0
mcdata,1,0,1,0.0
wibth,0,1,1,1.0
essentiaili,0,1,1,1.0
hfwioykn,0,1,1,1.0
rbot,1,0,1,0.0
sdostrow,0,1,1,1.0
discografica,0,1,1,1.0
corect,0,1,1,1.0
sctv,0,1,1,1.0
hlkere,0,1,1,1.0
qsioaw,0,1,1,1.0
cdm,1,0,1,0.0
kxztkml,0,1,1,1.0
discomposedli,0,1,1,1.0
erienc,0,1,1,1.0
delpino,1,0,1,0.0
favorand,0,1,1,1.0
whipmail,0,1,1,1.0
brigadista,0,1,1,1.0
rptc,0,1,1,1.0
contenait,0,1,1,1.0
eyqowvxfz,0,1,1,1.0
frreee,0,1,1,1.0
stimulat,0,1,1,1.0
janeta,0,1,1,1.0
legah,0,1,1,1.0
impalasymbol,0,1,1,1.0
ciumrfshyw,0,1,1,1.0
wfgebovbr,0,1,1,1.0
cvrtgfd,0,1,1,1.0
higheffect,0,1,1,1.0
chansoncraggi,0,1,1,1.0
hhcg,0,1,1,1.0
ragingbul,0,1,1,1.0
peakersl,1,0,1,0.0
ruzcvasjj,0,1,1,1.0
brno,0,1,1,1.0
llege,0,1,1,1.0
curvetrad,0,1,1,1.0
bqg,0,1,1,1.0
uuqf,0,1,1,1.0
retornado,0,1,1,1.0
xucveusqbr,0,1,1,1.0
windstar,0,1,1,1.0
tenerla,0,1,1,1.0
preform,1,0,1,0.0
wftrlc,0,1,1,1.0
jungsuk,1,0,1,0.0
marbleslab,1,0,1,0.0
extraeuropean,0,1,1,1.0
writen,0,1,1,1.0
daetz,1,0,1,0.0
dconfer,0,1,1,1.0
conaep,0,1,1,1.0
qbillion,0,1,1,1.0
pbkibhv,0,1,1,1.0
pfitzpatrick,0,1,1,1.0
koptprtuosxm,0,1,1,1.0
heartiest,0,1,1,1.0
ysaci,0,1,1,1.0
tbbizguaf,0,1,1,1.0
mastalgia,0,1,1,1.0
driveport,0,1,1,1.0
obphifjo,0,1,1,1.0
chickasaw,0,1,1,1.0
apprgm,0,1,1,1.0
cindycagesw,0,1,1,1.0
utygnquta,0,1,1,1.0
bressenden,1,0,1,0.0
stn,1,0,1,0.0
yourprescr,0,1,1,1.0
cngshr,0,1,1,1.0
inot,1,0,1,0.0
czlqwtk,0,1,1,1.0
withoutwast,0,1,1,1.0
amarg,1,0,1,0.0
vars,1,0,1,0.0
multiplay,0,1,1,1.0
mulberrytransmitt,0,1,1,1.0
ecstaci,0,1,1,1.0
toxv,0,1,1,1.0
eisnet,1,0,1,0.0
überschuldet,0,1,1,1.0
wkfr,0,1,1,1.0
cohutu,0,1,1,1.0
armenta,1,0,1,0.0
gimmic,0,1,1,1.0
quezada,1,0,1,0.0
hackbut,0,1,1,1.0
crusi,0,1,1,1.0
accler,0,1,1,1.0
phrec,1,0,1,0.0
srodkow,1,0,1,0.0
ofndamhdi,0,1,1,1.0
sazo,0,1,1,1.0
mderekpvt,0,1,1,1.0
ledoujk,1,0,1,0.0
kayebeatti,1,0,1,0.0
fiftheen,0,1,1,1.0
censual,0,1,1,1.0
dannhau,1,0,1,0.0
bross,0,1,1,1.0
capel,1,0,1,0.0
guoarante,0,1,1,1.0
bzdeko,0,1,1,1.0
rjqhcz,0,1,1,1.0
repol,1,0,1,0.0
cland,1,0,1,0.0
xwcpoci,0,1,1,1.0
comregard,0,1,1,1.0
bspzrz,0,1,1,1.0
wtqtxh,0,1,1,1.0
sama,1,0,1,0.0
ymgou,0,1,1,1.0
asnnbrg,0,1,1,1.0
laiciz,0,1,1,1.0
shli,0,1,1,1.0
gmlfib,0,1,1,1.0
slvc,0,1,1,1.0
owmr,0,1,1,1.0
rdoeo,0,1,1,1.0
octomb,0,1,1,1.0
ipromisei,0,1,1,1.0
ndj,0,1,1,1.0
thinnish,0,1,1,1.0
houur,0,1,1,1.0
tbeytjbu,0,1,1,1.0
wword,0,1,1,1.0
ipigk,0,1,1,1.0
êó,0,1,1,1.0
mwmwtoe,0,1,1,1.0
fkhpyr,0,1,1,1.0
uqjkxzlhm,0,1,1,1.0
caanaheim,0,1,1,1.0
joxmq,0,1,1,1.0
auftritt,0,1,1,1.0
nemmco,1,0,1,0.0
oxjv,0,1,1,1.0
htmlmedia,1,0,1,0.0
cvnlit,0,1,1,1.0
requír,0,1,1,1.0
remisturar,0,1,1,1.0
uecz,0,1,1,1.0
maja,1,0,1,0.0
capur,1,0,1,0.0
aumevzcppzek,0,1,1,1.0
aqtdaibnuf,0,1,1,1.0
bangkorlarm,0,1,1,1.0
zoctnz,0,1,1,1.0
mio,0,1,1,1.0
zpzvyy,0,1,1,1.0
dagir,0,1,1,1.0
electrophoruschilean,0,1,1,1.0
elizbeth,0,1,1,1.0
gyebrgrwh,0,1,1,1.0
zsvp,0,1,1,1.0
misbehaviour,1,0,1,0.0
ratingswatch,1,0,1,0.0
verschaev,0,1,1,1.0
connectorsupport,0,1,1,1.0
bestemd,0,1,1,1.0
blwe,0,1,1,1.0
hzo,0,1,1,1.0
ofjanuari,0,1,1,1.0
sheppeard,1,0,1,0.0
moooooooreeeeee,0,1,1,1.0
invitd,0,1,1,1.0
dyjliuli,0,1,1,1.0
mikoyan,0,1,1,1.0
uwrt,0,1,1,1.0
unnötig,0,1,1,1.0
leonel,0,1,1,1.0
bkaufma,1,0,1,0.0
hemenway,1,0,1,0.0
asphodel,0,1,1,1.0
burkard,1,0,1,0.0
xnmnurvno,0,1,1,1.0
interprogramnl,0,1,1,1.0
amoeojf,0,1,1,1.0
qyjzpmhgg,0,1,1,1.0
oakmoon,0,1,1,1.0
nytho,0,1,1,1.0
ccokino,1,0,1,0.0
otvg,0,1,1,1.0
lghubb,0,1,1,1.0
fudg,0,1,1,1.0
regsolo,0,1,1,1.0
oqpiy,0,1,1,1.0
fawik,0,1,1,1.0
ajrmlobjet,0,1,1,1.0
herei,0,1,1,1.0
plaguensf,0,1,1,1.0
mediget,0,1,1,1.0
horizonkleenex,0,1,1,1.0
fbefh,0,1,1,1.0
htloti,0,1,1,1.0
crackernikita,0,1,1,1.0
terraco,0,1,1,1.0
dustmandatori,0,1,1,1.0
confienc,1,0,1,0.0
swyah,0,1,1,1.0
yangzhou,0,1,1,1.0
makkelijk,0,1,1,1.0
pimenov,1,0,1,0.0
eolllum,0,1,1,1.0
elegido,0,1,1,1.0
suspensor,0,1,1,1.0
acura,1,0,1,0.0
forhjecast,0,1,1,1.0
yecofm,0,1,1,1.0
depositada,0,1,1,1.0
idealssear,0,1,1,1.0
couri,1,0,1,0.0
rere,0,1,1,1.0
movin,0,1,1,1.0
gjha,0,1,1,1.0
tkzn,0,1,1,1.0
uniqueopportun,0,1,1,1.0
xqqgn,0,1,1,1.0
glison,1,0,1,0.0
mrvdcvtx,0,1,1,1.0
fleevouch,0,1,1,1.0
moretri,0,1,1,1.0
elaterium,0,1,1,1.0
wedneesday,0,1,1,1.0
uuhux,0,1,1,1.0
nigeriacontract,0,1,1,1.0
sanc,0,1,1,1.0
jherblin,1,0,1,0.0
gynnvip,0,1,1,1.0
dienen,0,1,1,1.0
aeov,0,1,1,1.0
inusm,0,1,1,1.0
schriftlich,0,1,1,1.0
xifaropef,0,1,1,1.0
mfgwad,0,1,1,1.0
baysj,0,1,1,1.0
orow,0,1,1,1.0
umbrulla,1,0,1,0.0
psychotrop,0,1,1,1.0
gij,0,1,1,1.0
marketlab,0,1,1,1.0
lto,0,1,1,1.0
customër,0,1,1,1.0
gaziantep,0,1,1,1.0
diableri,0,1,1,1.0
cmpqfgq,0,1,1,1.0
anglophobiaolaf,0,1,1,1.0
rbv,0,1,1,1.0
zclrkwb,0,1,1,1.0
earha,0,1,1,1.0
ausgesprochen,0,1,1,1.0
dlcxd,0,1,1,1.0
wfyfseuzjkzmd,0,1,1,1.0
auerdem,0,1,1,1.0
representaçõ,0,1,1,1.0
waretim,0,1,1,1.0
velodrom,0,1,1,1.0
diodedurham,0,1,1,1.0
tppikyc,0,1,1,1.0
actiol,0,1,1,1.0
ntpen,0,1,1,1.0
lodestonecompulsori,0,1,1,1.0
zkucloil,0,1,1,1.0
downfallsaguaro,0,1,1,1.0
mzvgabwn,0,1,1,1.0
ifqoonm,0,1,1,1.0
delottobv,0,1,1,1.0
gqoa,0,1,1,1.0
woocher,1,0,1,0.0
kosub,1,0,1,0.0
brigth,0,1,1,1.0
pmqwdbkkz,0,1,1,1.0
xoyfyp,0,1,1,1.0
ftshcatz,0,1,1,1.0
conat,0,1,1,1.0
slipnslid,0,1,1,1.0
olun,0,1,1,1.0
effetiveeight,0,1,1,1.0
tqgqazxw,0,1,1,1.0
mltmharcvkjwm,0,1,1,1.0
eajjdr,0,1,1,1.0
dlsappollnt,0,1,1,1.0
dtaylor,1,0,1,0.0
cenoch,1,0,1,0.0
domen,0,1,1,1.0
misuderstand,1,0,1,0.0
caraza,1,0,1,0.0
olavarria,0,1,1,1.0
intga,1,0,1,0.0
iklo,0,1,1,1.0
wosvlgjhwnsyridx,0,1,1,1.0
deathleav,0,1,1,1.0
qff,0,1,1,1.0
jmxdzjdyjskm,0,1,1,1.0
velourscellar,0,1,1,1.0
apwprov,0,1,1,1.0
collectlon,0,1,1,1.0
omassoci,1,0,1,0.0
geofff,0,1,1,1.0
nudd,0,1,1,1.0
raveen,1,0,1,0.0
ulzoey,0,1,1,1.0
convidar,0,1,1,1.0
bicho,0,1,1,1.0
monroy,1,0,1,0.0
mandal,0,1,1,1.0
paulukiewicz,1,0,1,0.0
thirrd,0,1,1,1.0
kqqcqcqcgsaad,0,1,1,1.0
bodyhtml,0,1,1,1.0
borl,0,1,1,1.0
brnd,0,1,1,1.0
dubos,1,0,1,0.0
rherefore,0,1,1,1.0
importless,0,1,1,1.0
landreneau,1,0,1,0.0
kumara,1,0,1,0.0
ustronga,0,1,1,1.0
durar,0,1,1,1.0
xcfdln,0,1,1,1.0
ocywv,0,1,1,1.0
kaminsik,1,0,1,0.0
latasha,0,1,1,1.0
pcu,0,1,1,1.0
dkkdgxzqmuxl,0,1,1,1.0
methodsar,0,1,1,1.0
mailhub,0,1,1,1.0
wyzwrxcabbag,0,1,1,1.0
yfajnh,0,1,1,1.0
ncepow,1,0,1,0.0
ptuohi,1,0,1,0.0
norqrrpkqinhplpotqpkpl,0,1,1,1.0
universitt,0,1,1,1.0
wgugsyoidv,0,1,1,1.0
bestraft,0,1,1,1.0
dzfuk,0,1,1,1.0
amititava,1,0,1,0.0
gecmistir,0,1,1,1.0
dmebisbwj,0,1,1,1.0
sinalyomm,0,1,1,1.0
zxpita,0,1,1,1.0
tailstock,0,1,1,1.0
uvbmrbbbr,0,1,1,1.0
brav,1,0,1,0.0
lynna,1,0,1,0.0
cenotaph,0,1,1,1.0
ldzvvyqcz,0,1,1,1.0
santini,0,1,1,1.0
enterostomi,0,1,1,1.0
xxxxxxxxxxxx,1,0,1,0.0
pplet,0,1,1,1.0
captivatebrighten,0,1,1,1.0
llobrbr,0,1,1,1.0
nii,0,1,1,1.0
repili,0,1,1,1.0
vybranm,0,1,1,1.0
xluhwll,0,1,1,1.0
pdrrp,0,1,1,1.0
dlcln,0,1,1,1.0
sdkaoquli,0,1,1,1.0
phksav,0,1,1,1.0
myalgia,0,1,1,1.0
cyanatepet,0,1,1,1.0
wrongeth,0,1,1,1.0
wqxtxqft,0,1,1,1.0
bgi,0,1,1,1.0
lilith,0,1,1,1.0
abscondedli,0,1,1,1.0
bavaroy,0,1,1,1.0
kknotogb,0,1,1,1.0
foxur,0,1,1,1.0
cjrgxwyd,0,1,1,1.0
hih,1,0,1,0.0
gentiva,1,0,1,0.0
ahk,0,1,1,1.0
theseareyucki,0,1,1,1.0
designpolo,0,1,1,1.0
shoppinag,0,1,1,1.0
viagrga,0,1,1,1.0
czek,1,0,1,0.0
xfnrlg,0,1,1,1.0
sbrfq,0,1,1,1.0
slqym,0,1,1,1.0
pormot,1,0,1,0.0
glider,1,0,1,0.0
tcmm,0,1,1,1.0
mqtmdm,0,1,1,1.0
upcomeboyc,0,1,1,1.0
rtro,1,0,1,0.0
lorretta,1,0,1,0.0
pude,1,0,1,0.0
csfaq,1,0,1,0.0
topiari,0,1,1,1.0
contactmegatrust,0,1,1,1.0
zhexod,0,1,1,1.0
fbac,0,1,1,1.0
disaffect,0,1,1,1.0
btbv,0,1,1,1.0
satwhen,0,1,1,1.0
bereid,0,1,1,1.0
vvc,0,1,1,1.0
kinship,0,1,1,1.0
qneyjo,0,1,1,1.0
lindsaysmith,0,1,1,1.0
dishevelbookbind,0,1,1,1.0
diversiform,0,1,1,1.0
wct,0,1,1,1.0
troubadour,0,1,1,1.0
guestthen,0,1,1,1.0
dswkswmdo,0,1,1,1.0
dbffndin,0,1,1,1.0
knw,0,1,1,1.0
koffern,0,1,1,1.0
softwareengin,0,1,1,1.0
prpour,0,1,1,1.0
manyfactor,0,1,1,1.0
palareg,0,1,1,1.0
ltdham,0,1,1,1.0
vzqkjbi,0,1,1,1.0
scephzxx,0,1,1,1.0
huvykcvi,0,1,1,1.0
fswraqw,0,1,1,1.0
dpdmgmp,0,1,1,1.0
heiro,0,1,1,1.0
qvtwv,0,1,1,1.0
xucn,0,1,1,1.0
ecyftz,0,1,1,1.0
livecamera,0,1,1,1.0
inoncclus,0,1,1,1.0
globalknowledg,1,0,1,0.0
ogler,0,1,1,1.0
leworthi,1,0,1,0.0
redcoatalumina,0,1,1,1.0
tdm,0,1,1,1.0
everyoneworldwid,0,1,1,1.0
pote,1,0,1,0.0
hypochondria,0,1,1,1.0
magnesia,0,1,1,1.0
besond,0,1,1,1.0
thigpen,0,1,1,1.0
ejiro,0,1,1,1.0
xoxdqga,0,1,1,1.0
alikealong,0,1,1,1.0
lexu,1,0,1,0.0
chn,0,1,1,1.0
omel,1,0,1,0.0
formalni,1,0,1,0.0
inglesid,1,0,1,0.0
balancemyrtl,0,1,1,1.0
ndiovu,0,1,1,1.0
ijr,0,1,1,1.0
cpko,0,1,1,1.0
springhead,0,1,1,1.0
efh,0,1,1,1.0
agricultureaccus,0,1,1,1.0
traden,1,0,1,0.0
castlevania,0,1,1,1.0
zoshawipheng,0,1,1,1.0
offyear,0,1,1,1.0
thirdworldtravel,0,1,1,1.0
wedc,0,1,1,1.0
podrozi,1,0,1,0.0
ltt,0,1,1,1.0
kurdish,0,1,1,1.0
frighteningli,1,0,1,0.0
zoqilatmjw,0,1,1,1.0
brinni,0,1,1,1.0
delanco,1,0,1,0.0
smk,0,1,1,1.0
ncqvp,0,1,1,1.0
bumptious,0,1,1,1.0
tbzxlsdn,0,1,1,1.0
wasytccnt,0,1,1,1.0
akzluw,0,1,1,1.0
brandbright,0,1,1,1.0
regulari,0,1,1,1.0
avengep,0,1,1,1.0
zadzonil,1,0,1,0.0
crmltd,0,1,1,1.0
justquot,0,1,1,1.0
prespentt,1,0,1,0.0
nonenvironment,1,0,1,0.0
mflorio,1,0,1,0.0
mbconnect,0,1,1,1.0
farwaniyyah,0,1,1,1.0
seagirt,0,1,1,1.0
deoctop,0,1,1,1.0
whyw,0,1,1,1.0
appol,1,0,1,0.0
kswaukxxu,0,1,1,1.0
cpzamatbignod,0,1,1,1.0
brtqj,0,1,1,1.0
engagez,0,1,1,1.0
erradicador,0,1,1,1.0
imprri,0,1,1,1.0
ssri,0,1,1,1.0
breakroom,1,0,1,0.0
accomid,1,0,1,0.0
fatherslovelett,1,0,1,0.0
proovedor,0,1,1,1.0
talentoso,0,1,1,1.0
ffjgyowizu,0,1,1,1.0
cftdzumc,0,1,1,1.0
qugomr,0,1,1,1.0
wartosc,1,0,1,0.0
weiterverkauf,0,1,1,1.0
reitor,0,1,1,1.0
overdrunk,0,1,1,1.0
eulo,0,1,1,1.0
avzifc,0,1,1,1.0
sheepshear,0,1,1,1.0
xtpl,0,1,1,1.0
vigilância,0,1,1,1.0
pillsforcheap,0,1,1,1.0
krla,0,1,1,1.0
segrbrv,0,1,1,1.0
praktyczni,1,0,1,0.0
crushhat,0,1,1,1.0
eigenheim,0,1,1,1.0
biydhi,0,1,1,1.0
demokrit,0,1,1,1.0
cqeq,0,1,1,1.0
mcfi,0,1,1,1.0
ultrix,0,1,1,1.0
moq,0,1,1,1.0
christmasl,0,1,1,1.0
allengheni,1,0,1,0.0
vwbinc,0,1,1,1.0
glvj,0,1,1,1.0
ilda,0,1,1,1.0
imaginatedooley,0,1,1,1.0
sherrif,1,0,1,0.0
pagzgg,0,1,1,1.0
luloneba,0,1,1,1.0
performjan,0,1,1,1.0
phharmacybymail,0,1,1,1.0
kmaynfxrgdoiz,0,1,1,1.0
unhamp,0,1,1,1.0
topproductreflect,0,1,1,1.0
bpwu,0,1,1,1.0
eouwendijk,0,1,1,1.0
frett,0,1,1,1.0
enlar,0,1,1,1.0
homin,0,1,1,1.0
ucewn,0,1,1,1.0
watchzon,0,1,1,1.0
nauseam,1,0,1,0.0
techhal,0,1,1,1.0
setch,1,0,1,0.0
mutuo,0,1,1,1.0
glid,0,1,1,1.0
yopu,1,0,1,0.0
graytwig,0,1,1,1.0
mqmwrdi,0,1,1,1.0
oxu,0,1,1,1.0
valuedbarclay,0,1,1,1.0
ttteucht,0,1,1,1.0
lanasa,1,0,1,0.0
extendido,0,1,1,1.0
crissum,0,1,1,1.0
egyhxp,0,1,1,1.0
lgyfqif,0,1,1,1.0
fromov,0,1,1,1.0
productshapel,0,1,1,1.0
tbwji,0,1,1,1.0
commplaza,0,1,1,1.0
samek,1,0,1,0.0
dul,0,1,1,1.0
ajimenez,1,0,1,0.0
jhpqktsayjftnedkaj,0,1,1,1.0
islamiliad,0,1,1,1.0
jessicaspigot,0,1,1,1.0
devoteedixon,0,1,1,1.0
straigh,0,1,1,1.0
nbyxltplxzbndarhh,0,1,1,1.0
ccaxnf,0,1,1,1.0
meimiss,0,1,1,1.0
esszcqzsflwsh,0,1,1,1.0
estricta,0,1,1,1.0
vuaggryp,0,1,1,1.0
convenir,0,1,1,1.0
ttitl,1,0,1,0.0
ootwyykeu,0,1,1,1.0
iholgrq,0,1,1,1.0
edmondsdemocraci,0,1,1,1.0
jmfkix,0,1,1,1.0
axodhwcdj,0,1,1,1.0
pldphb,0,1,1,1.0
proession,0,1,1,1.0
gvarm,0,1,1,1.0
kyubaek,1,0,1,0.0
spurrier,0,1,1,1.0
cnbr,0,1,1,1.0
bslf,0,1,1,1.0
jfhg,0,1,1,1.0
incubusmeadowland,0,1,1,1.0
vwdzg,0,1,1,1.0
quaterli,0,1,1,1.0
mishsi,0,1,1,1.0
dhibceglxyamzfjk,0,1,1,1.0
artwywpf,0,1,1,1.0
xnwmke,0,1,1,1.0
ercial,1,0,1,0.0
perwitski,0,1,1,1.0
prolongar,0,1,1,1.0
qlbsezxvl,0,1,1,1.0
bagjofulr,0,1,1,1.0
viaegra,0,1,1,1.0
mycorrhiza,0,1,1,1.0
teradex,0,1,1,1.0
epsvpaiv,0,1,1,1.0
fwkq,0,1,1,1.0
mjodvitnir,0,1,1,1.0
gardentruck,0,1,1,1.0
zhichunlu,0,1,1,1.0
pinochochetazo,0,1,1,1.0
plastisolorganometal,0,1,1,1.0
vgdwjc,0,1,1,1.0
screew,0,1,1,1.0
wxkdi,0,1,1,1.0
sonantfootnot,0,1,1,1.0
usitc,1,0,1,0.0
slafqz,0,1,1,1.0
respoins,1,0,1,0.0
bachand,1,0,1,0.0
yfkkqhzlm,0,1,1,1.0
ziantllvwsmqxm,0,1,1,1.0
submersão,0,1,1,1.0
hsoezfbq,0,1,1,1.0
announ,1,0,1,0.0
pirt,1,0,1,0.0
uqcsu,0,1,1,1.0
arcview,0,1,1,1.0
cvcnrp,0,1,1,1.0
pithier,0,1,1,1.0
trod,0,1,1,1.0
wantmak,0,1,1,1.0
biot,0,1,1,1.0
urfnyvu,0,1,1,1.0
kfxmz,0,1,1,1.0
zunehmend,0,1,1,1.0
amandam,1,0,1,0.0
mport,0,1,1,1.0
bangkokamherst,0,1,1,1.0
ltewvsoih,0,1,1,1.0
mgei,0,1,1,1.0
oqa,0,1,1,1.0
vibratori,0,1,1,1.0
bereich,0,1,1,1.0
relaes,0,1,1,1.0
urjif,0,1,1,1.0
bering,0,1,1,1.0
corporatemetr,1,0,1,0.0
xiomara,0,1,1,1.0
concent,0,1,1,1.0
leoa,0,1,1,1.0
ezvtyusk,0,1,1,1.0
khyatt,1,0,1,0.0
vyeythd,0,1,1,1.0
dectap,0,1,1,1.0
cohecido,0,1,1,1.0
walleralli,0,1,1,1.0
jwfv,0,1,1,1.0
skyrun,0,1,1,1.0
jpontif,1,0,1,0.0
longman,1,0,1,0.0
babka,0,1,1,1.0
mbysoi,0,1,1,1.0
saoqua,0,1,1,1.0
zawart,1,0,1,0.0
groct,0,1,1,1.0
vinetka,0,1,1,1.0
odefmx,0,1,1,1.0
ixax,0,1,1,1.0
softwarehost,0,1,1,1.0
rubulucopec,0,1,1,1.0
jlwnw,0,1,1,1.0
vbvm,0,1,1,1.0
uoeg,0,1,1,1.0
twurp,0,1,1,1.0
psngujm,0,1,1,1.0
matx,0,1,1,1.0
ddqhhsm,0,1,1,1.0
euroesex,0,1,1,1.0
hlomyjipg,0,1,1,1.0
vik,0,1,1,1.0
maartj,0,1,1,1.0
whlapo,0,1,1,1.0
jspell,1,0,1,0.0
scgontinyu,0,1,1,1.0
hugefatfuck,0,1,1,1.0
gopinath,1,0,1,0.0
sorrylast,0,1,1,1.0
lcnhfko,0,1,1,1.0
refit,1,0,1,0.0
lesf,0,1,1,1.0
hubdietrich,0,1,1,1.0
aommrlsq,0,1,1,1.0
ddol,0,1,1,1.0
eaqvc,0,1,1,1.0
kuhwz,0,1,1,1.0
µb,0,1,1,1.0
jnzwleg,0,1,1,1.0
ãö,0,1,1,1.0
ffffffrespond,0,1,1,1.0
morebr,0,1,1,1.0
maggotadv,0,1,1,1.0
topeh,0,1,1,1.0
grub,0,1,1,1.0
iqfiph,0,1,1,1.0
robertdeform,0,1,1,1.0
ulafplixvzvl,0,1,1,1.0
anitaspectacl,0,1,1,1.0
ksm,0,1,1,1.0
afrhkub,0,1,1,1.0
truitt,1,0,1,0.0
overh,1,0,1,0.0
fmanpuf,0,1,1,1.0
lisci,1,0,1,0.0
worlk,1,0,1,0.0
tpdbi,0,1,1,1.0
teorest,0,1,1,1.0
cvo,0,1,1,1.0
hwocozx,0,1,1,1.0
siamcz,0,1,1,1.0
xmux,0,1,1,1.0
lhh,0,1,1,1.0
américain,0,1,1,1.0
softvvar,0,1,1,1.0
yim,0,1,1,1.0
webport,0,1,1,1.0
acoop,1,0,1,0.0
sxbfgri,0,1,1,1.0
pszcw,0,1,1,1.0
hbx,0,1,1,1.0
kathnkirk,1,0,1,0.0
sfgq,0,1,1,1.0
robthen,0,1,1,1.0
cardiovascuiar,0,1,1,1.0
njgb,0,1,1,1.0
izyh,0,1,1,1.0
nrhvl,0,1,1,1.0
hurrini,0,1,1,1.0
cyanidedragoon,0,1,1,1.0
sih,0,1,1,1.0
madridespana,0,1,1,1.0
nanabudnik,1,0,1,0.0
whoich,0,1,1,1.0
processingrecurr,0,1,1,1.0
rqvl,0,1,1,1.0
ulwzeudag,0,1,1,1.0
ttmhdsyy,0,1,1,1.0
jcltyha,0,1,1,1.0
stodgili,1,0,1,0.0
lnjoq,0,1,1,1.0
rerast,0,1,1,1.0
fuzat,1,0,1,0.0
obviament,0,1,1,1.0
zibelman,1,0,1,0.0
stockp,0,1,1,1.0
cobraimbal,0,1,1,1.0
farsi,0,1,1,1.0
awgo,0,1,1,1.0
cdkbrobwvthhrd,0,1,1,1.0
ewiluesavfcb,0,1,1,1.0
lrazepam,0,1,1,1.0
bda,0,1,1,1.0
cunuvjnf,0,1,1,1.0
unfathom,1,0,1,0.0
kqmbrkje,0,1,1,1.0
presennt,0,1,1,1.0
qreat,0,1,1,1.0
retub,1,0,1,0.0
throngmauv,0,1,1,1.0
vne,0,1,1,1.0
uhbnu,0,1,1,1.0
incountri,1,0,1,0.0
broilsuez,0,1,1,1.0
ovgernibght,0,1,1,1.0
anthophor,0,1,1,1.0
hjzu,0,1,1,1.0
jenilyn,1,0,1,0.0
curtilag,0,1,1,1.0
comparisonverb,0,1,1,1.0
hisforward,0,1,1,1.0
undercapit,0,1,1,1.0
srwbk,0,1,1,1.0
descriptiongalton,0,1,1,1.0
htsp,1,0,1,0.0
ekzr,0,1,1,1.0
mhwwr,0,1,1,1.0
imiss,0,1,1,1.0
rhtm,0,1,1,1.0
qwegxvdkk,0,1,1,1.0
macedonian,0,1,1,1.0
linexpharmaci,0,1,1,1.0
dphz,0,1,1,1.0
aokqbotdjxoh,0,1,1,1.0
jabir,0,1,1,1.0
writchi,1,0,1,0.0
ovrnmh,0,1,1,1.0
koiqa,0,1,1,1.0
bgeorgiev,0,1,1,1.0
investigación,0,1,1,1.0
hesltat,0,1,1,1.0
kholder,0,1,1,1.0
zihxj,0,1,1,1.0
acokmplbk,0,1,1,1.0
zwj,0,1,1,1.0
adolf,1,0,1,0.0
handeln,0,1,1,1.0
pianissimoceramium,0,1,1,1.0
bursham,1,0,1,0.0
cphd,1,0,1,0.0
sihlugmk,0,1,1,1.0
ggof,0,1,1,1.0
tsehe,0,1,1,1.0
upgblgx,0,1,1,1.0
crenatur,0,1,1,1.0
wplikobczspjo,0,1,1,1.0
chiaggi,1,0,1,0.0
alternative,0,1,1,1.0
inappreciabledemur,0,1,1,1.0
laryngolog,0,1,1,1.0
backpay,0,1,1,1.0
macintoshbitt,0,1,1,1.0
iukbpl,0,1,1,1.0
zaghj,0,1,1,1.0
confirmada,0,1,1,1.0
courtleet,0,1,1,1.0
individualemail,0,1,1,1.0
ctpnu,0,1,1,1.0
aptcprov,0,1,1,1.0
forewarn,0,1,1,1.0
fluorsparquarri,0,1,1,1.0
axlepin,0,1,1,1.0
fxmwaq,0,1,1,1.0
yourrself,0,1,1,1.0
hidalgoget,0,1,1,1.0
ipxhepassword,0,1,1,1.0
dziewczyn,1,0,1,0.0
skk,0,1,1,1.0
rglement,0,1,1,1.0
vhfavuncular,0,1,1,1.0
jkmdan,0,1,1,1.0
casper,1,0,1,0.0
vfer,0,1,1,1.0
vuhr,0,1,1,1.0
icontact,0,1,1,1.0
motivan,0,1,1,1.0
sfnfafj,0,1,1,1.0
srdq,0,1,1,1.0
braucht,0,1,1,1.0
emaii,0,1,1,1.0
vielhem,0,1,1,1.0
proudstomach,0,1,1,1.0
merrili,0,1,1,1.0
shinterays,0,1,1,1.0
bsbrgp,0,1,1,1.0
stanislav,1,0,1,0.0
mealtimeschaf,0,1,1,1.0
uninsul,0,1,1,1.0
multifuncionia,0,1,1,1.0
adufod,0,1,1,1.0
hmonygw,0,1,1,1.0
bondlik,1,0,1,0.0
bfg,0,1,1,1.0
decolor,0,1,1,1.0
ninnetta,0,1,1,1.0
ternopol,0,1,1,1.0
moldi,0,1,1,1.0
mcveighesqu,1,0,1,0.0
hotbab,0,1,1,1.0
ojefferi,0,1,1,1.0
vvbeie,0,1,1,1.0
multinacional,0,1,1,1.0
vxsxlueyz,0,1,1,1.0
lazst,0,1,1,1.0
kgctdk,0,1,1,1.0
powinni,1,0,1,0.0
fdmwzexyc,0,1,1,1.0
stoo,1,0,1,0.0
shimeal,1,0,1,0.0
rapidmist,0,1,1,1.0
dedey,0,1,1,1.0
msmvx,0,1,1,1.0
tammym,1,0,1,0.0
parnet,0,1,1,1.0
uzdpm,0,1,1,1.0
ocromwel,0,1,1,1.0
marrakech,1,0,1,0.0
penmenbefog,0,1,1,1.0
ocwt,0,1,1,1.0
eworkplac,1,0,1,0.0
attitudedamon,0,1,1,1.0
dfort,0,1,1,1.0
zhecct,0,1,1,1.0
shultz,1,0,1,0.0
programvel,0,1,1,1.0
tuqail,0,1,1,1.0
bylabi,1,0,1,0.0
qobdizj,0,1,1,1.0
gqyvgwalgt,0,1,1,1.0
lovebigman,0,1,1,1.0
runnethaztecan,0,1,1,1.0
consomm,0,1,1,1.0
johnnichol,0,1,1,1.0
ßøãõ,0,1,1,1.0
websurf,1,0,1,0.0
swlh,0,1,1,1.0
abbfxpuwd,0,1,1,1.0
frightrob,0,1,1,1.0
epophlzmi,0,1,1,1.0
blitzer,1,0,1,0.0
fhayden,1,0,1,0.0
rll,1,0,1,0.0
felicitousneat,0,1,1,1.0
skudtek,0,1,1,1.0
ych,0,1,1,1.0
dwgxb,0,1,1,1.0
uxot,0,1,1,1.0
ligou,0,1,1,1.0
surfant,0,1,1,1.0
mehlor,0,1,1,1.0
chervenak,0,1,1,1.0
wysatta,1,0,1,0.0
resguardo,0,1,1,1.0
viaagraaaaa,0,1,1,1.0
oknow,0,1,1,1.0
awestruck,1,0,1,0.0
chrysti,1,0,1,0.0
spae,0,1,1,1.0
factswith,0,1,1,1.0
deportiva,0,1,1,1.0
forgivenheathenish,0,1,1,1.0
varlium,0,1,1,1.0
ecog,1,0,1,0.0
sixtjzzveuygz,0,1,1,1.0
tcpypnov,0,1,1,1.0
oydd,0,1,1,1.0
confort,0,1,1,1.0
exxpress,0,1,1,1.0
crlgfzent,0,1,1,1.0
vyx,0,1,1,1.0
wvuoiy,0,1,1,1.0
udztpd,0,1,1,1.0
pitf,0,1,1,1.0
hefr,0,1,1,1.0
viiagwra,0,1,1,1.0
estimularlo,0,1,1,1.0
slummocki,0,1,1,1.0
ecarmst,0,1,1,1.0
rfcpnlfh,0,1,1,1.0
namci,0,1,1,1.0
holofern,0,1,1,1.0
xxw,0,1,1,1.0
último,0,1,1,1.0
einzugsgebiet,0,1,1,1.0
gmercaptan,0,1,1,1.0
gsae,0,1,1,1.0
ikzzqivj,0,1,1,1.0
atrcwtk,0,1,1,1.0
loporchio,1,0,1,0.0
powrotnej,1,0,1,0.0
sycnk,0,1,1,1.0
direktorien,0,1,1,1.0
bztu,0,1,1,1.0
okboei,0,1,1,1.0
epbsxwc,0,1,1,1.0
mobiliada,0,1,1,1.0
lordug,0,1,1,1.0
unfklc,0,1,1,1.0
powodu,1,0,1,0.0
opportunityn,0,1,1,1.0
saindon,1,0,1,0.0
soiedadcran,0,1,1,1.0
catchweight,0,1,1,1.0
someparticip,0,1,1,1.0
lcf,0,1,1,1.0
uuzci,0,1,1,1.0
nmj,0,1,1,1.0
komatsu,0,1,1,1.0
mjoelnirsseit,0,1,1,1.0
anthropologist,0,1,1,1.0
siouxsi,0,1,1,1.0
criteriosa,0,1,1,1.0
urgh,1,0,1,0.0
iwxiplfi,0,1,1,1.0
kyzvyr,0,1,1,1.0
dybowski,1,0,1,0.0
onetuet,0,1,1,1.0
vore,0,1,1,1.0
xqdll,0,1,1,1.0
postac,1,0,1,0.0
tojlmjuob,0,1,1,1.0
fgrcwpn,0,1,1,1.0
trjdhuihl,0,1,1,1.0
zgz,0,1,1,1.0
demoralizingmurki,0,1,1,1.0
wotr,0,1,1,1.0
aujourd,0,1,1,1.0
ghallam,1,0,1,0.0
bidistil,0,1,1,1.0
bakcj,0,1,1,1.0
showmen,0,1,1,1.0
domk,1,0,1,0.0
tmr,0,1,1,1.0
ifob,0,1,1,1.0
gogra,0,1,1,1.0
deconstruct,1,0,1,0.0
nantwich,0,1,1,1.0
odoyo,0,1,1,1.0
riunvhbh,0,1,1,1.0
eljv,0,1,1,1.0
enc,0,1,1,1.0
trebejueloo,0,1,1,1.0
anabaptistgarbag,0,1,1,1.0
matrisez,0,1,1,1.0
sgg,0,1,1,1.0
wessel,1,0,1,0.0
classmemb,1,0,1,0.0
vaaiiium,0,1,1,1.0
zcuyusl,0,1,1,1.0
delroy,0,1,1,1.0
scle,0,1,1,1.0
cothem,0,1,1,1.0
anywis,0,1,1,1.0
thisweb,0,1,1,1.0
refier,0,1,1,1.0
giwrth,0,1,1,1.0
ucor,0,1,1,1.0
eohkt,0,1,1,1.0
vergnigen,0,1,1,1.0
sepsi,1,0,1,0.0
downingn,0,1,1,1.0
xkiewitlconsideratekyuki,0,1,1,1.0
nnefzqnh,0,1,1,1.0
diwfib,0,1,1,1.0
satuday,1,0,1,0.0
pqymcyct,0,1,1,1.0
ertifi,0,1,1,1.0
nle,0,1,1,1.0
rhmifemu,0,1,1,1.0
lilgzu,0,1,1,1.0
broilrespect,0,1,1,1.0
voycomp,0,1,1,1.0
nnkk,0,1,1,1.0
iln,0,1,1,1.0
frogsamand,0,1,1,1.0
jarnagin,1,0,1,0.0
remopvsw,0,1,1,1.0
postgrad,1,0,1,0.0
fsapdjbm,0,1,1,1.0
amweiodotm,0,1,1,1.0
kuremquo,0,1,1,1.0
conectada,0,1,1,1.0
broadbroad,1,0,1,0.0
tthat,0,1,1,1.0
frjcdptb,0,1,1,1.0
vyuotwo,0,1,1,1.0
epxkuyxqi,0,1,1,1.0
fomkuar,0,1,1,1.0
eyhswg,0,1,1,1.0
yakumo,0,1,1,1.0
ogxzajcbya,0,1,1,1.0
nmr,0,1,1,1.0
wwlearunt,0,1,1,1.0
xktfewp,0,1,1,1.0
vohrdop,0,1,1,1.0
thad,0,1,1,1.0
sawbellycountri,0,1,1,1.0
terephthal,0,1,1,1.0
groningen,0,1,1,1.0
mwj,0,1,1,1.0
cppxesyg,0,1,1,1.0
tailpip,0,1,1,1.0
hicabaw,0,1,1,1.0
marmont,0,1,1,1.0
chua,1,0,1,0.0
wshrqf,0,1,1,1.0
lgvxbxbrl,0,1,1,1.0
xmaslowr,0,1,1,1.0
zyzlv,0,1,1,1.0
governn,0,1,1,1.0
geschäftspartn,0,1,1,1.0
nnwehz,0,1,1,1.0
economizar,0,1,1,1.0
newzealand,0,1,1,1.0
eilw,0,1,1,1.0
applz,0,1,1,1.0
cabala,0,1,1,1.0
aone,1,0,1,0.0
ofrga,0,1,1,1.0
kaspereit,1,0,1,0.0
lanyx,1,0,1,0.0
dammit,1,0,1,0.0
dutchmark,0,1,1,1.0
chillglobalserv,0,1,1,1.0
lineasol,0,1,1,1.0
npower,1,0,1,0.0
neot,0,1,1,1.0
sudhir,1,0,1,0.0
andnam,0,1,1,1.0
slefish,0,1,1,1.0
reedmac,0,1,1,1.0
fomrmula,0,1,1,1.0
sygnalizow,1,0,1,0.0
emda,0,1,1,1.0
geomat,0,1,1,1.0
brainarddownstream,0,1,1,1.0
trendin,1,0,1,0.0
cjzgiobtx,0,1,1,1.0
atherosperma,0,1,1,1.0
cdimjbegk,0,1,1,1.0
centrifugeov,0,1,1,1.0
successon,0,1,1,1.0
cheerri,0,1,1,1.0
cleax,0,1,1,1.0
npow,0,1,1,1.0
comat,0,1,1,1.0
rywrbdqxfb,0,1,1,1.0
ibsenian,0,1,1,1.0
atuarmo,0,1,1,1.0
weco,0,1,1,1.0
mccrori,1,0,1,0.0
pinevil,0,1,1,1.0
moppq,0,1,1,1.0
fckhyt,0,1,1,1.0
vlbtzez,0,1,1,1.0
straighter,0,1,1,1.0
wfkficfbr,0,1,1,1.0
tellaml,1,0,1,0.0
thajih,0,1,1,1.0
shortpaid,1,0,1,0.0
weekrobert,1,0,1,0.0
wentfroma,0,1,1,1.0
possiblerespons,0,1,1,1.0
popcornday,0,1,1,1.0
myget,0,1,1,1.0
gguwf,0,1,1,1.0
kellan,1,0,1,0.0
purpler,0,1,1,1.0
leporid,0,1,1,1.0
enteremo,0,1,1,1.0
postarami,1,0,1,0.0
gunsiing,0,1,1,1.0
joinder,1,0,1,0.0
dokona,1,0,1,0.0
dynamsi,1,0,1,0.0
gthjqgz,0,1,1,1.0
brooklynnavyyard,1,0,1,0.0
wbtwz,0,1,1,1.0
cummingsfortiori,0,1,1,1.0
houitan,0,1,1,1.0
mcgagh,0,1,1,1.0
effecti,1,0,1,0.0
cennnt,0,1,1,1.0
weitz,1,0,1,0.0
edwl,0,1,1,1.0
enchr,0,1,1,1.0
erapp,1,0,1,0.0
replicaoutlet,0,1,1,1.0
espehaug,1,0,1,0.0
mybranch,0,1,1,1.0
quess,1,0,1,0.0
hejr,0,1,1,1.0
pyf,0,1,1,1.0
pez,0,1,1,1.0
wau,0,1,1,1.0
uyoacw,0,1,1,1.0
jwest,1,0,1,0.0
hmong,0,1,1,1.0
clrabh,0,1,1,1.0
realizzato,0,1,1,1.0
docucorp,1,0,1,0.0
dddtruitt,1,0,1,0.0
ihimkvvd,0,1,1,1.0
wcsb,1,0,1,0.0
akuqglo,0,1,1,1.0
obloc,0,1,1,1.0
slpqp,0,1,1,1.0
toclcuytmuceuro,0,1,1,1.0
qgyxx,0,1,1,1.0
yplkghg,0,1,1,1.0
fatnrb,0,1,1,1.0
pierden,0,1,1,1.0
rvc,0,1,1,1.0
cbi,0,1,1,1.0
kitchenalbacor,0,1,1,1.0
alea,1,0,1,0.0
metaboleb,0,1,1,1.0
compiimentari,0,1,1,1.0
kerm,0,1,1,1.0
lylaujq,0,1,1,1.0
adaiz,0,1,1,1.0
posix,0,1,1,1.0
qfozzrp,0,1,1,1.0
rastplatzsex,0,1,1,1.0
mtbte,0,1,1,1.0
hypoxemia,0,1,1,1.0
emax,0,1,1,1.0
bbeprwvq,0,1,1,1.0
globu,1,0,1,0.0
ltdawexzf,0,1,1,1.0
raezer,1,0,1,0.0
beumont,1,0,1,0.0
khana,1,0,1,0.0
definatli,1,0,1,0.0
clockworkcapo,0,1,1,1.0
adapotor,0,1,1,1.0
mugamb,0,1,1,1.0
werbungen,0,1,1,1.0
tremen,0,1,1,1.0
virtuai,0,1,1,1.0
nzsqcrjue,0,1,1,1.0
incd,1,0,1,0.0
wsguzorersmec,0,1,1,1.0
viaqgra,0,1,1,1.0
dietingbr,0,1,1,1.0
latelinenew,0,1,1,1.0
farbauti,0,1,1,1.0
kore,0,1,1,1.0
compi,0,1,1,1.0
joshualeon,0,1,1,1.0
demonmi,0,1,1,1.0
bghqvn,0,1,1,1.0
dicksoncraftsman,0,1,1,1.0
viagrxea,0,1,1,1.0
qccbjd,0,1,1,1.0
bhvor,0,1,1,1.0
medicafont,0,1,1,1.0
autowork,1,0,1,0.0
pfysvxopk,0,1,1,1.0
rrkani,0,1,1,1.0
shifomesteh,0,1,1,1.0
whirlintellectu,0,1,1,1.0
ecig,0,1,1,1.0
uckeili,0,1,1,1.0
tthoma,1,0,1,0.0
carddomain,1,0,1,0.0
njqkbm,0,1,1,1.0
olmm,1,0,1,0.0
cxrgub,0,1,1,1.0
daedal,0,1,1,1.0
uca,0,1,1,1.0
ueh,0,1,1,1.0
dhfztca,0,1,1,1.0
nhfweezsljuiqa,0,1,1,1.0
stnckvg,0,1,1,1.0
bacton,1,0,1,0.0
nzyle,0,1,1,1.0
cerdit,0,1,1,1.0
urtogi,0,1,1,1.0
delibertli,0,1,1,1.0
dwv,1,0,1,0.0
ntti,0,1,1,1.0
cracknel,1,0,1,0.0
supv,1,0,1,0.0
cheàp,0,1,1,1.0
umwzbam,0,1,1,1.0
hbgp,0,1,1,1.0
grosvenoraustin,0,1,1,1.0
deepestbless,0,1,1,1.0
flyleaf,0,1,1,1.0
itgd,0,1,1,1.0
aghfvihzgh,0,1,1,1.0
coño,0,1,1,1.0
zavattieri,1,0,1,0.0
hamdi,0,1,1,1.0
kfbb,0,1,1,1.0
cancun,0,1,1,1.0
bblrmboiyiiwexxwio,0,1,1,1.0
pinochocientifico,0,1,1,1.0
lamercesar,0,1,1,1.0
coledispel,0,1,1,1.0
bonnyka,0,1,1,1.0
cjrdu,0,1,1,1.0
ccdobuhow,0,1,1,1.0
diggin,0,1,1,1.0
simulati,0,1,1,1.0
quinquennium,0,1,1,1.0
deviltri,0,1,1,1.0
emmers,0,1,1,1.0
juncacea,0,1,1,1.0
utacm,0,1,1,1.0
hangchen,0,1,1,1.0
rgopc,0,1,1,1.0
ooyscd,0,1,1,1.0
heartburnpimpl,0,1,1,1.0
exitosa,0,1,1,1.0
animo,0,1,1,1.0
northrup,0,1,1,1.0
arewel,0,1,1,1.0
wzxti,0,1,1,1.0
genett,0,1,1,1.0
tihista,1,0,1,0.0
cuddlesexcalibu,0,1,1,1.0
ldeardurff,1,0,1,0.0
shozmana,0,1,1,1.0
ynuycv,0,1,1,1.0
consiit,0,1,1,1.0
simlar,1,0,1,0.0
wkrk,0,1,1,1.0
arbeitstelefon,0,1,1,1.0
genomix,0,1,1,1.0
mitgli,0,1,1,1.0
moaj,0,1,1,1.0
technologytm,0,1,1,1.0
intiaaneil,0,1,1,1.0
wmfr,0,1,1,1.0
ezyvb,0,1,1,1.0
parlamentario,0,1,1,1.0
bluesolut,0,1,1,1.0
oknh,0,1,1,1.0
egc,0,1,1,1.0
ehrain,0,1,1,1.0
pcdghc,0,1,1,1.0
asvkh,0,1,1,1.0
cellpaddi,0,1,1,1.0
cojero,0,1,1,1.0
bpaletot,0,1,1,1.0
dlhger,0,1,1,1.0
okceofypm,0,1,1,1.0
lcjpeaomm,0,1,1,1.0
barnd,1,0,1,0.0
endogamousregion,0,1,1,1.0
youromedicin,0,1,1,1.0
premad,0,1,1,1.0
victorino,1,0,1,0.0
feladó,0,1,1,1.0
ngj,0,1,1,1.0
targetth,0,1,1,1.0
oapah,0,1,1,1.0
nomiant,1,0,1,0.0
hwofpuz,0,1,1,1.0
xjwwvnk,0,1,1,1.0
wasmak,0,1,1,1.0
mledm,0,1,1,1.0
daywhat,0,1,1,1.0
dtallam,1,0,1,0.0
citoyen,0,1,1,1.0
cientifica,0,1,1,1.0
xbrcm,0,1,1,1.0
aiatn,0,1,1,1.0
japic,0,1,1,1.0
rgeou,0,1,1,1.0
ffdbr,0,1,1,1.0
fyhqdl,0,1,1,1.0
belowworldwid,0,1,1,1.0
hamiltonian,0,1,1,1.0
wilberforc,0,1,1,1.0
trslu,0,1,1,1.0
wdbn,0,1,1,1.0
bvdteppkcw,0,1,1,1.0
mifovuh,0,1,1,1.0
apnl,0,1,1,1.0
wobo,0,1,1,1.0
nndkbfim,0,1,1,1.0
wondetut,0,1,1,1.0
mager,1,0,1,0.0
immaculaci,0,1,1,1.0
astern,0,1,1,1.0
dztaweok,0,1,1,1.0
krill,1,0,1,0.0
yankmakabo,0,1,1,1.0
gkkge,0,1,1,1.0
uniovers,0,1,1,1.0
rakyv,0,1,1,1.0
qbmjqur,0,1,1,1.0
definirla,0,1,1,1.0
insrnc,0,1,1,1.0
sunbirdmaria,0,1,1,1.0
hzuz,0,1,1,1.0
iqqfvoysr,0,1,1,1.0
microsof,0,1,1,1.0
rese,0,1,1,1.0
nvchhnf,0,1,1,1.0
vjxbufmu,0,1,1,1.0
mascarena,0,1,1,1.0
dasgip,0,1,1,1.0
dhawk,1,0,1,0.0
securf,0,1,1,1.0
vdopjn,0,1,1,1.0
unshelt,0,1,1,1.0
hiscontract,0,1,1,1.0
pvtzzb,0,1,1,1.0
assosi,0,1,1,1.0
ofnferr,0,1,1,1.0
ywrdv,0,1,1,1.0
iibopypr,0,1,1,1.0
siwcmp,0,1,1,1.0
recr,0,1,1,1.0
mwaklbvykobnu,0,1,1,1.0
tingj,0,1,1,1.0
besen,0,1,1,1.0
bitmw,0,1,1,1.0
xiw,0,1,1,1.0
bawek,0,1,1,1.0
pomylilam,1,0,1,0.0
bswoki,0,1,1,1.0
dicid,0,1,1,1.0
mutualiteit,0,1,1,1.0
aregoiut,0,1,1,1.0
ihgex,0,1,1,1.0
zewnetrznego,1,0,1,0.0
ocbbk,0,1,1,1.0
toand,0,1,1,1.0
nspvee,0,1,1,1.0
nabi,0,1,1,1.0
againn,0,1,1,1.0
arnonv,1,0,1,0.0
mramsey,1,0,1,0.0
opso,1,0,1,0.0
beyonddunbar,0,1,1,1.0
izqw,0,1,1,1.0
khqjtjsbq,0,1,1,1.0
opgtm,0,1,1,1.0
wrecker,0,1,1,1.0
rsu,0,1,1,1.0
aldercandid,0,1,1,1.0
rushf,0,1,1,1.0
fritzi,1,0,1,0.0
ipa,0,1,1,1.0
lankow,0,1,1,1.0
improvementpurchas,0,1,1,1.0
jmersiovski,1,0,1,0.0
noooooo,0,1,1,1.0
transier,1,0,1,0.0
direccional,0,1,1,1.0
dyydtrh,0,1,1,1.0
zjlujsku,0,1,1,1.0
uijteqr,0,1,1,1.0
biox,0,1,1,1.0
wettest,0,1,1,1.0
amaa,0,1,1,1.0
bnyoqxb,0,1,1,1.0
sakauy,1,0,1,0.0
jwkgi,0,1,1,1.0
presctipt,0,1,1,1.0
aslyum,0,1,1,1.0
emembermei,0,1,1,1.0
hussar,0,1,1,1.0
swidner,1,0,1,0.0
ezap,0,1,1,1.0
iczykgpj,0,1,1,1.0
foraeign,0,1,1,1.0
interdinelk,0,1,1,1.0
expensjv,0,1,1,1.0
pkgu,0,1,1,1.0
xosipo,0,1,1,1.0
gyt,0,1,1,1.0
chiantiprosod,0,1,1,1.0
clicik,0,1,1,1.0
ahdnt,0,1,1,1.0
axvhwd,0,1,1,1.0
alhajiaminodanba,0,1,1,1.0
biaz,0,1,1,1.0
pke,0,1,1,1.0
ultrapostman,0,1,1,1.0
tcgp,0,1,1,1.0
ellingwood,1,0,1,0.0
tarjeta,0,1,1,1.0
bhg,0,1,1,1.0
xjznjekik,0,1,1,1.0
battleship,0,1,1,1.0
babiestravellit,0,1,1,1.0
acxiom,1,0,1,0.0
marguerita,1,0,1,0.0
allattempt,0,1,1,1.0
fenglo,0,1,1,1.0
jeez,1,0,1,0.0
czmmx,0,1,1,1.0
asparaguscordag,0,1,1,1.0
quiroz,0,1,1,1.0
zwoegen,0,1,1,1.0
qretp,0,1,1,1.0
amstelscv,0,1,1,1.0
phjw,1,0,1,0.0
xzwaym,0,1,1,1.0
toit,0,1,1,1.0
natlion,0,1,1,1.0
mgspain,1,0,1,0.0
lvmghixo,0,1,1,1.0
holocaustplayboy,0,1,1,1.0
residir,0,1,1,1.0
turtlecreeklodg,1,0,1,0.0
xrwnvazgk,0,1,1,1.0
adisret,0,1,1,1.0
footnoterul,0,1,1,1.0
ppatccch,0,1,1,1.0
thjuouusandmi,0,1,1,1.0
unforese,1,0,1,0.0
oest,0,1,1,1.0
vsyvleyko,0,1,1,1.0
panzer,0,1,1,1.0
ncedwanow,0,1,1,1.0
lpd,0,1,1,1.0
debitcard,0,1,1,1.0
oliverl,1,0,1,0.0
prikinut,0,1,1,1.0
nonsequenti,0,1,1,1.0
tompson,1,0,1,0.0
unot,0,1,1,1.0
lessner,1,0,1,0.0
xqvsvbsv,0,1,1,1.0
rytepd,0,1,1,1.0
vneshtopprom,1,0,1,0.0
meridethtrafford,0,1,1,1.0
cervixmut,0,1,1,1.0
bantuagenda,0,1,1,1.0
sextar,0,1,1,1.0
summand,0,1,1,1.0
dluna,1,0,1,0.0
pphentermin,0,1,1,1.0
brrl,1,0,1,0.0
rvhaljon,0,1,1,1.0
mohsin,1,0,1,0.0
delib,1,0,1,0.0
hqoudai,0,1,1,1.0
enp,0,1,1,1.0
caue,0,1,1,1.0
furutanj,1,0,1,0.0
wibaustraat,0,1,1,1.0
ntermlin,0,1,1,1.0
scehdul,1,0,1,0.0
versehen,0,1,1,1.0
ceska,1,0,1,0.0
substtut,0,1,1,1.0
soutach,0,1,1,1.0
abdurbu,0,1,1,1.0
misión,0,1,1,1.0
josefhuntley,0,1,1,1.0
mksxdagza,0,1,1,1.0
spangenberg,0,1,1,1.0
rderedon,0,1,1,1.0
hypoman,0,1,1,1.0
gwb,1,0,1,0.0
odontología,0,1,1,1.0
sqq,0,1,1,1.0
dxku,0,1,1,1.0
qwpfww,0,1,1,1.0
stuffthatwork,0,1,1,1.0
wapicod,0,1,1,1.0
lengthli,1,0,1,0.0
liga,0,1,1,1.0
eokniz,0,1,1,1.0
rtumbl,1,0,1,0.0
kavi,1,0,1,0.0
jkpjinut,0,1,1,1.0
pgpcg,1,0,1,0.0
xzxwt,0,1,1,1.0
skfjo,0,1,1,1.0
fmooetr,0,1,1,1.0
dbb,1,0,1,0.0
periodo,0,1,1,1.0
sugper,0,1,1,1.0
orderdreamlik,0,1,1,1.0
nzfagu,0,1,1,1.0
neustar,0,1,1,1.0
abbottoh,0,1,1,1.0
chelatecrashcrept,0,1,1,1.0
luthhma,0,1,1,1.0
thousaind,0,1,1,1.0
brturbo,0,1,1,1.0
eoxieo,0,1,1,1.0
valiuigm,0,1,1,1.0
aboutyour,0,1,1,1.0
ljtjfjyjyuq,0,1,1,1.0
lnbhsmk,0,1,1,1.0
levitr,0,1,1,1.0
dsmo,1,0,1,0.0
agxaqtzk,0,1,1,1.0
ailleur,0,1,1,1.0
punishm,0,1,1,1.0
lacrossedrown,0,1,1,1.0
liyou,0,1,1,1.0
zadujinud,0,1,1,1.0
wymxcqu,0,1,1,1.0
dreadtrailhead,0,1,1,1.0
wllansltc,0,1,1,1.0
acsqqylxwu,0,1,1,1.0
exilt,0,1,1,1.0
neela,1,0,1,0.0
sxsoetqv,0,1,1,1.0
ogur,0,1,1,1.0
eitdlt,0,1,1,1.0
conciou,1,0,1,0.0
zfesp,0,1,1,1.0
tfydw,0,1,1,1.0
blindfast,0,1,1,1.0
lotniczej,1,0,1,0.0
internetrevolut,0,1,1,1.0
cyanosi,0,1,1,1.0
yxq,0,1,1,1.0
cscfinanci,1,0,1,0.0
bachperci,0,1,1,1.0
vqcuwi,0,1,1,1.0
zeueepi,0,1,1,1.0
merj,0,1,1,1.0
ensino,0,1,1,1.0
tlbuph,0,1,1,1.0
cnoqt,0,1,1,1.0
timeb,1,0,1,0.0
alrdgcm,0,1,1,1.0
magzx,0,1,1,1.0
leees,0,1,1,1.0
krone,1,0,1,0.0
tapestowaway,0,1,1,1.0
hereforyounow,0,1,1,1.0
creditoguia,0,1,1,1.0
gacia,1,0,1,0.0
phafrmaci,0,1,1,1.0
geqrw,0,1,1,1.0
nyvn,0,1,1,1.0
ourpillsvalu,0,1,1,1.0
vocx,0,1,1,1.0
smalltimedecad,0,1,1,1.0
shanel,0,1,1,1.0
monthlyor,0,1,1,1.0
trochesset,1,0,1,0.0
qcsyhmq,0,1,1,1.0
medzmai,0,1,1,1.0
dispocision,0,1,1,1.0
purchs,0,1,1,1.0
countryof,0,1,1,1.0
hardingdoorstep,0,1,1,1.0
lnbcer,0,1,1,1.0
tophubehi,0,1,1,1.0
cqyux,0,1,1,1.0
ionbr,0,1,1,1.0
dxkuq,0,1,1,1.0
parallelmongolia,0,1,1,1.0
vnfn,0,1,1,1.0
rpondr,0,1,1,1.0
ywbicr,0,1,1,1.0
ispatlanmýþ,0,1,1,1.0
tracl,0,1,1,1.0
nxl,0,1,1,1.0
uyfxycqd,0,1,1,1.0
shintech,1,0,1,0.0
miydm,0,1,1,1.0
steret,0,1,1,1.0
ydcmo,0,1,1,1.0
jcfol,0,1,1,1.0
offsid,0,1,1,1.0
eytesi,0,1,1,1.0
rgtmk,0,1,1,1.0
rtx,0,1,1,1.0
wincent,1,0,1,0.0
uytv,0,1,1,1.0
npatel,1,0,1,0.0
eegenstraat,0,1,1,1.0
recrudesc,0,1,1,1.0
qeov,0,1,1,1.0
iuokg,0,1,1,1.0
availabel,1,0,1,0.0
nbrrabpd,0,1,1,1.0
nunnemak,1,0,1,0.0
towncouncillor,0,1,1,1.0
hkydqgmnhtcq,0,1,1,1.0
covenantelectra,0,1,1,1.0
vsannkaraok,0,1,1,1.0
jadzi,1,0,1,0.0
claimofficerl,0,1,1,1.0
vergil,0,1,1,1.0
chalantli,0,1,1,1.0
lanlordd,0,1,1,1.0
constituyent,0,1,1,1.0
wmdwic,0,1,1,1.0
estandarizar,0,1,1,1.0
cxfagsh,0,1,1,1.0
httyt,0,1,1,1.0
bests,0,1,1,1.0
iuw,0,1,1,1.0
graydragonfl,0,1,1,1.0
stort,0,1,1,1.0
bogdanovich,0,1,1,1.0
patientcar,0,1,1,1.0
wqynv,0,1,1,1.0
newstart,0,1,1,1.0
rubetta,0,1,1,1.0
eunuch,0,1,1,1.0
aswirl,0,1,1,1.0
isbecaus,0,1,1,1.0
bhgawf,0,1,1,1.0
rybejshbr,0,1,1,1.0
domant,0,1,1,1.0
rambler,0,1,1,1.0
famaal,0,1,1,1.0
qvmfke,0,1,1,1.0
syacmorenet,1,0,1,0.0
wnbel,0,1,1,1.0
appa,1,0,1,0.0
encouragingli,0,1,1,1.0
zrx,0,1,1,1.0
oor,0,1,1,1.0
qox,0,1,1,1.0
monophas,0,1,1,1.0
listedar,0,1,1,1.0
vzjm,0,1,1,1.0
dietrichit,0,1,1,1.0
cuckold,0,1,1,1.0
einflüss,0,1,1,1.0
shelterwood,0,1,1,1.0
szvx,0,1,1,1.0
afranji,1,0,1,0.0
buechel,1,0,1,0.0
clallh,0,1,1,1.0
agah,0,1,1,1.0
mdcton,0,1,1,1.0
tomm,0,1,1,1.0
eyeshadow,0,1,1,1.0
cnvnh,0,1,1,1.0
ofeach,0,1,1,1.0
ncu,0,1,1,1.0
percymollyl,0,1,1,1.0
rtxiex,0,1,1,1.0
womaetud,0,1,1,1.0
dkjitutvwg,0,1,1,1.0
decied,0,1,1,1.0
hannataffi,0,1,1,1.0
lhxa,0,1,1,1.0
hwymr,0,1,1,1.0
kgkhnkbtoepi,0,1,1,1.0
pgcwj,0,1,1,1.0
screenx,0,1,1,1.0
aginst,0,1,1,1.0
beforelv,0,1,1,1.0
screenwrit,0,1,1,1.0
emyh,1,0,1,0.0
marsupi,0,1,1,1.0
pqspmr,0,1,1,1.0
uncoupl,1,0,1,0.0
bilbrey,1,0,1,0.0
xyyamyun,0,1,1,1.0
colorif,0,1,1,1.0
sndttwzk,0,1,1,1.0
yck,0,1,1,1.0
hepalthi,0,1,1,1.0
newspep,0,1,1,1.0
nyfo,0,1,1,1.0
dematerialis,1,0,1,0.0
uncal,0,1,1,1.0
qcsbi,0,1,1,1.0
ddv,0,1,1,1.0
tahnk,0,1,1,1.0
expwerienorc,0,1,1,1.0
njikcqsbk,0,1,1,1.0
eupepsia,0,1,1,1.0
ukxpvwmi,0,1,1,1.0
ovalh,0,1,1,1.0
knac,1,0,1,0.0
meader,1,0,1,0.0
runn,0,1,1,1.0
contara,0,1,1,1.0
dudderi,0,1,1,1.0
bgvzxnioc,0,1,1,1.0
rneamerica,1,0,1,0.0
tingin,0,1,1,1.0
proconsul,0,1,1,1.0
menopausegum,0,1,1,1.0
anonu,0,1,1,1.0
mistakn,0,1,1,1.0
sbqm,0,1,1,1.0
costiv,0,1,1,1.0
fugaci,0,1,1,1.0
getfieldvalu,1,0,1,0.0
yyo,0,1,1,1.0
aluguei,0,1,1,1.0
projlist,1,0,1,0.0
wham,0,1,1,1.0
portulacashouldn,0,1,1,1.0
lindamoney,0,1,1,1.0
tenaciousdowri,0,1,1,1.0
hhlaw,1,0,1,0.0
theyr,0,1,1,1.0
ridecompel,0,1,1,1.0
mooooree,0,1,1,1.0
fvtnowpskjoftl,0,1,1,1.0
gjtwcoh,0,1,1,1.0
lozv,0,1,1,1.0
ywtu,0,1,1,1.0
colorimeterpet,0,1,1,1.0
trabajamo,0,1,1,1.0
niman,1,0,1,0.0
feybfomofol,0,1,1,1.0
piscatori,0,1,1,1.0
easyzip,0,1,1,1.0
bedon,0,1,1,1.0
tansi,0,1,1,1.0
yrpkcl,0,1,1,1.0
bnewcomb,0,1,1,1.0
stemmon,0,1,1,1.0
verschiedenst,0,1,1,1.0
nastepna,1,0,1,0.0
vbmuwq,0,1,1,1.0
wfcr,1,0,1,0.0
wiegard,1,0,1,0.0
kvie,0,1,1,1.0
xsjiun,0,1,1,1.0
pammi,1,0,1,0.0
txrb,0,1,1,1.0
arisa,1,0,1,0.0
vhcuv,0,1,1,1.0
vegal,1,0,1,0.0
stoneol,1,0,1,0.0
vjhhkel,0,1,1,1.0
andiagain,0,1,1,1.0
dollarax,0,1,1,1.0
zjqdpnpd,0,1,1,1.0
zaako,0,1,1,1.0
zaleti,1,0,1,0.0
leftth,0,1,1,1.0
huie,1,0,1,0.0
duyoypbk,0,1,1,1.0
intkerest,0,1,1,1.0
hxwvzcbqz,0,1,1,1.0
speakekr,1,0,1,0.0
cqlykraa,0,1,1,1.0
frit,1,0,1,0.0
drastisch,0,1,1,1.0
whoah,1,0,1,0.0
apabprov,0,1,1,1.0
siberiahalstead,0,1,1,1.0
shpo,1,0,1,0.0
yorkist,0,1,1,1.0
candilien,0,1,1,1.0
turística,0,1,1,1.0
venison,0,1,1,1.0
subclavian,0,1,1,1.0
rateh,0,1,1,1.0
aprendern,0,1,1,1.0
kmurgkhl,0,1,1,1.0
cynqruh,0,1,1,1.0
knewlazi,0,1,1,1.0
otq,0,1,1,1.0
prokofieff,0,1,1,1.0
csmcfadden,1,0,1,0.0
pjvnjfbvkhw,0,1,1,1.0
discretionaryaccru,1,0,1,0.0
eberkeley,1,0,1,0.0
kjqaxp,0,1,1,1.0
indifrncfee,0,1,1,1.0
complimentar,0,1,1,1.0
cvfg,0,1,1,1.0
ahgcn,0,1,1,1.0
shuwaph,0,1,1,1.0
propso,1,0,1,0.0
ýøã,0,1,1,1.0
goben,1,0,1,0.0
anicedayhel,0,1,1,1.0
thanksbr,0,1,1,1.0
aanalysi,1,0,1,0.0
collega,0,1,1,1.0
maj,1,0,1,0.0
particularist,0,1,1,1.0
atkinhopewel,0,1,1,1.0
arclight,1,0,1,0.0
colagem,0,1,1,1.0
stayin,0,1,1,1.0
inflatbl,0,1,1,1.0
gaiu,0,1,1,1.0
cgwop,0,1,1,1.0
azwml,0,1,1,1.0
foodservic,0,1,1,1.0
cmenergi,1,0,1,0.0
awyz,0,1,1,1.0
adamd,0,1,1,1.0
cbasylum,0,1,1,1.0
cpthoff,1,0,1,0.0
zaragoza,0,1,1,1.0
peplosdrap,0,1,1,1.0
sarveen,1,0,1,0.0
caerphilli,0,1,1,1.0
gohn,1,0,1,0.0
maanden,0,1,1,1.0
tschuss,0,1,1,1.0
wappidad,0,1,1,1.0
gicc,0,1,1,1.0
fqoynu,0,1,1,1.0
apefciauhjuvocth,0,1,1,1.0
thrusday,1,0,1,0.0
erikpruyt,1,0,1,0.0
mojrm,0,1,1,1.0
passstep,0,1,1,1.0
ixfkdu,0,1,1,1.0
iimposs,0,1,1,1.0
anasedkina,0,1,1,1.0
xmmo,0,1,1,1.0
zdyz,0,1,1,1.0
canadatrust,0,1,1,1.0
areinvit,0,1,1,1.0
gotthewind,0,1,1,1.0
yesit,0,1,1,1.0
cribbl,0,1,1,1.0
portalsmonday,0,1,1,1.0
lipda,0,1,1,1.0
hyf,0,1,1,1.0
vcorkag,0,1,1,1.0
onpsbi,0,1,1,1.0
ongreatdrug,0,1,1,1.0
lgbrennan,1,0,1,0.0
nickelodeon,0,1,1,1.0
grossmargin,1,0,1,0.0
anisecrofton,0,1,1,1.0
ifretrm,0,1,1,1.0
andand,0,1,1,1.0
carrieth,0,1,1,1.0
bzw,0,1,1,1.0
floweret,0,1,1,1.0
boch,0,1,1,1.0
pxivltmax,0,1,1,1.0
rsnghqlz,0,1,1,1.0
isidora,0,1,1,1.0
intruduc,0,1,1,1.0
traddittoin,0,1,1,1.0
egisteous,0,1,1,1.0
armengol,0,1,1,1.0
ambiiiiien,0,1,1,1.0
realgar,0,1,1,1.0
georgian,1,0,1,0.0
rfranci,1,0,1,0.0
mvipp,0,1,1,1.0
triplecalcium,0,1,1,1.0
dnucn,0,1,1,1.0
osvkakk,0,1,1,1.0
puxung,0,1,1,1.0
dkpprix,0,1,1,1.0
myshew,0,1,1,1.0
dishan,0,1,1,1.0
roxfkjrfv,0,1,1,1.0
rogercdavi,1,0,1,0.0
nvolvng,0,1,1,1.0
inwinslow,0,1,1,1.0
outang,0,1,1,1.0
burqi,0,1,1,1.0
ptlmqxbzrfcdnc,0,1,1,1.0
recourc,1,0,1,0.0
katheryn,1,0,1,0.0
fiqhhr,0,1,1,1.0
fuwhkzm,0,1,1,1.0
scmm,1,0,1,0.0
aranteur,0,1,1,1.0
ihg,0,1,1,1.0
solex,0,1,1,1.0
qdgylnr,0,1,1,1.0
nybjilgaz,0,1,1,1.0
boatonli,0,1,1,1.0
baddest,1,0,1,0.0
poagrjcep,0,1,1,1.0
pdnhjhlch,0,1,1,1.0
yesuf,0,1,1,1.0
gxol,0,1,1,1.0
abere,0,1,1,1.0
öðâ,0,1,1,1.0
atchdog,0,1,1,1.0
indicatingcertain,0,1,1,1.0
preciousj,0,1,1,1.0
nationhood,0,1,1,1.0
effz,0,1,1,1.0
wingat,1,0,1,0.0
rrzzuqsd,0,1,1,1.0
livellink,1,0,1,0.0
cerdazlotteri,0,1,1,1.0
closli,1,0,1,0.0
arccostenor,0,1,1,1.0
qxokql,0,1,1,1.0
efletch,1,0,1,0.0
stuntscholar,0,1,1,1.0
rln,1,0,1,0.0
revelado,0,1,1,1.0
evjlaen,0,1,1,1.0
wvicw,1,0,1,0.0
wtmym,0,1,1,1.0
oinsulin,0,1,1,1.0
lieth,0,1,1,1.0
kqx,0,1,1,1.0
iyzx,0,1,1,1.0
sqeirzyn,0,1,1,1.0
reclutar,0,1,1,1.0
himbut,0,1,1,1.0
eoiozh,0,1,1,1.0
fihncahbi,0,1,1,1.0
gabor,1,0,1,0.0
ertiz,0,1,1,1.0
dropoff,1,0,1,0.0
vxwqqhc,0,1,1,1.0
falsedad,0,1,1,1.0
zastosowaniem,1,0,1,0.0
kwasniewski,1,0,1,0.0
gogqkkdpbdo,0,1,1,1.0
hlf,0,1,1,1.0
molt,0,1,1,1.0
iynuz,0,1,1,1.0
digisa,0,1,1,1.0
spldtxjvbhcnv,0,1,1,1.0
mctamaney,1,0,1,0.0
xeqoq,0,1,1,1.0
rlqioq,0,1,1,1.0
nahm,0,1,1,1.0
acesodyn,0,1,1,1.0
usfalsjmk,0,1,1,1.0
huzmdk,0,1,1,1.0
nonethless,1,0,1,0.0
lownd,1,0,1,0.0
floruit,0,1,1,1.0
wellwat,0,1,1,1.0
tfltxpf,0,1,1,1.0
cguggi,1,0,1,0.0
rdmiami,0,1,1,1.0
tubular,0,1,1,1.0
witdh,0,1,1,1.0
vwakkxjt,0,1,1,1.0
onllln,0,1,1,1.0
limita,0,1,1,1.0
iayi,0,1,1,1.0
hpcxqndhmwfwgd,0,1,1,1.0
sqth,0,1,1,1.0
prese,0,1,1,1.0
silthxqst,0,1,1,1.0
thrue,0,1,1,1.0
aqilxepf,0,1,1,1.0
scandalmong,0,1,1,1.0
confundir,0,1,1,1.0
ngem,0,1,1,1.0
rxovf,0,1,1,1.0
wholesaleworld,0,1,1,1.0
trl,0,1,1,1.0
inthiscategori,0,1,1,1.0
canpromot,0,1,1,1.0
rlw,0,1,1,1.0
offthevietnam,0,1,1,1.0
rriehm,1,0,1,0.0
hohl,1,0,1,0.0
theunit,0,1,1,1.0
wheelhous,0,1,1,1.0
obsidiana,0,1,1,1.0
hdrjigc,0,1,1,1.0
fqpt,0,1,1,1.0
mckerrel,0,1,1,1.0
phcxxoau,0,1,1,1.0
tgravett,1,0,1,0.0
semiempir,0,1,1,1.0
outnow,0,1,1,1.0
shearson,1,0,1,0.0
vhmfviz,0,1,1,1.0
contestar,0,1,1,1.0
nankeen,0,1,1,1.0
fjngqed,0,1,1,1.0
draftsinboxs,0,1,1,1.0
halgod,1,0,1,0.0
fabliau,0,1,1,1.0
mujtc,0,1,1,1.0
mql,0,1,1,1.0
viaaaaagra,0,1,1,1.0
yckevt,0,1,1,1.0
homedepotl,1,0,1,0.0
chromatograh,1,0,1,0.0
evaluationth,0,1,1,1.0
varangian,0,1,1,1.0
hoejyuwuj,0,1,1,1.0
intgold,0,1,1,1.0
xhqtvo,0,1,1,1.0
rqyel,0,1,1,1.0
obrcppp,0,1,1,1.0
candidli,1,0,1,0.0
ovylm,0,1,1,1.0
barclayscapit,1,0,1,0.0
winrar,0,1,1,1.0
kirkman,0,1,1,1.0
spacedata,1,0,1,0.0
oranjesttad,0,1,1,1.0
pjx,0,1,1,1.0
kvqmb,0,1,1,1.0
oiwqeddqh,0,1,1,1.0
amleoci,0,1,1,1.0
priiiiid,0,1,1,1.0
comexport,0,1,1,1.0
warcaba,0,1,1,1.0
jxpyz,0,1,1,1.0
chretien,1,0,1,0.0
jmnpd,0,1,1,1.0
uqzklbnfycxsui,0,1,1,1.0
hemmm,1,0,1,0.0
abbau,0,1,1,1.0
djyytqx,0,1,1,1.0
frankiel,0,1,1,1.0
teodoro,0,1,1,1.0
fisbd,0,1,1,1.0
ubhu,0,1,1,1.0
mxgv,0,1,1,1.0
parbhu,1,0,1,0.0
wxc,0,1,1,1.0
gallasc,1,0,1,0.0
tomamo,0,1,1,1.0
wfiggylq,0,1,1,1.0
swtu,0,1,1,1.0
onlbu,0,1,1,1.0
michaelangelospoil,0,1,1,1.0
czxug,0,1,1,1.0
hdzb,0,1,1,1.0
orens,0,1,1,1.0
aexl,0,1,1,1.0
zbdjvgn,0,1,1,1.0
saddleridg,1,0,1,0.0
gonsoulin,1,0,1,0.0
oeuavj,0,1,1,1.0
ihnkcu,0,1,1,1.0
pklcxpnvf,0,1,1,1.0
qhumc,0,1,1,1.0
nlv,0,1,1,1.0
drfredazu,0,1,1,1.0
evhrcrcrud,0,1,1,1.0
gurner,1,0,1,0.0
fixefad,0,1,1,1.0
mrbumzeo,0,1,1,1.0
wgdbqhoxi,0,1,1,1.0
hqnwp,0,1,1,1.0
importeur,0,1,1,1.0
pzfq,0,1,1,1.0
margeret,0,1,1,1.0
coreen,0,1,1,1.0
tahe,0,1,1,1.0
winker,0,1,1,1.0
isthmu,0,1,1,1.0
carpino,1,0,1,0.0
macromedla,0,1,1,1.0
bbcn,0,1,1,1.0
allprog,0,1,1,1.0
stocast,1,0,1,0.0
madridspaino,0,1,1,1.0
micahio,0,1,1,1.0
fordi,0,1,1,1.0
jard,1,0,1,0.0
anhng,0,1,1,1.0
gtltn,0,1,1,1.0
bankfirst,0,1,1,1.0
mhuang,1,0,1,0.0
wbsite,0,1,1,1.0
perla,1,0,1,0.0
qemssobr,0,1,1,1.0
soldiear,0,1,1,1.0
attesta,0,1,1,1.0
allaycrech,0,1,1,1.0
pissingpass,0,1,1,1.0
mylovablefriend,0,1,1,1.0
supanet,0,1,1,1.0
diretori,0,1,1,1.0
itemconfigur,0,1,1,1.0
dlpuqtyq,0,1,1,1.0
uouhx,0,1,1,1.0
gborrego,1,0,1,0.0
caenml,0,1,1,1.0
donerb,1,0,1,0.0
salisbo,1,0,1,0.0
rutilealg,0,1,1,1.0
axybrpjq,0,1,1,1.0
cavemendiagon,0,1,1,1.0
rtgag,0,1,1,1.0
apathybarberri,0,1,1,1.0
safebet,0,1,1,1.0
medicatirown,0,1,1,1.0
hotjac,0,1,1,1.0
hlivclzsfp,0,1,1,1.0
loyment,0,1,1,1.0
zambal,1,0,1,0.0
abyaewmia,0,1,1,1.0
pjcir,0,1,1,1.0
erest,0,1,1,1.0
enti,0,1,1,1.0
jomccoy,0,1,1,1.0
creeper,0,1,1,1.0
relevantdocu,0,1,1,1.0
fxd,0,1,1,1.0
yourrefer,0,1,1,1.0
restschuldbefreiung,0,1,1,1.0
fnsrvlxl,0,1,1,1.0
crewmennomine,0,1,1,1.0
frasr,0,1,1,1.0
yekdtlsgiiciv,0,1,1,1.0
weaman,1,0,1,0.0
kob,0,1,1,1.0
pollyanna,1,0,1,0.0
dailypion,1,0,1,0.0
jethmalani,1,0,1,0.0
liszt,0,1,1,1.0
lihbnldzkw,0,1,1,1.0
oqcusxeor,0,1,1,1.0
crowther,1,0,1,0.0
chawil,0,1,1,1.0
zudc,0,1,1,1.0
odlx,0,1,1,1.0
avenueshim,0,1,1,1.0
dftqkfn,0,1,1,1.0
gambithelicopt,0,1,1,1.0
brazpow,1,0,1,0.0
coffeeberri,0,1,1,1.0
jbundogua,0,1,1,1.0
vumnay,0,1,1,1.0
wkccp,0,1,1,1.0
zvi,0,1,1,1.0
jcxc,0,1,1,1.0
linhay,0,1,1,1.0
jaffna,0,1,1,1.0
nokalko,0,1,1,1.0
xwixl,0,1,1,1.0
cobnut,0,1,1,1.0
helvetian,0,1,1,1.0
arksuffix,0,1,1,1.0
hadjukovitch,0,1,1,1.0
ehqlroxa,0,1,1,1.0
ljpdpfbocwqnjb,0,1,1,1.0
wfduksqtdfjz,0,1,1,1.0
undignifi,0,1,1,1.0
mazowiecka,1,0,1,0.0
postprocessorpubl,0,1,1,1.0
amethystmccluskey,0,1,1,1.0
pzwqnxbkl,0,1,1,1.0
tyeihfbvmmdogm,0,1,1,1.0
babeuf,0,1,1,1.0
vedzrtvciuaj,0,1,1,1.0
purityandthi,0,1,1,1.0
holz,1,0,1,0.0
padronizando,0,1,1,1.0
dmudanszrjbdkzmlp,0,1,1,1.0
udbmmvcfb,0,1,1,1.0
ochromosomeand,0,1,1,1.0
rhmxsut,0,1,1,1.0
aisfgser,0,1,1,1.0
ktla,0,1,1,1.0
fdjsuyotb,0,1,1,1.0
mzmiscwa,0,1,1,1.0
armillariazig,0,1,1,1.0
mariziafm,0,1,1,1.0
portuguê,0,1,1,1.0
bedstead,0,1,1,1.0
qunuu,0,1,1,1.0
adttr,0,1,1,1.0
niczym,1,0,1,0.0
ingatherpalindrom,0,1,1,1.0
rolenx,0,1,1,1.0
pyzulssz,0,1,1,1.0
bvtr,0,1,1,1.0
vagon,1,0,1,0.0
uabjo,0,1,1,1.0
pjkld,0,1,1,1.0
erfordern,0,1,1,1.0
wucrufedv,0,1,1,1.0
subdivid,0,1,1,1.0
daffyquickbo,0,1,1,1.0
cutaneousanim,0,1,1,1.0
consultantbr,0,1,1,1.0
probablist,1,0,1,0.0
inexactindian,0,1,1,1.0
cnybf,0,1,1,1.0
krokhmal,1,0,1,0.0
smtx,1,0,1,0.0
circainch,0,1,1,1.0
clarinda,0,1,1,1.0
ipren,0,1,1,1.0
ojkjm,0,1,1,1.0
piynzdec,0,1,1,1.0
uzlq,0,1,1,1.0
zymosi,0,1,1,1.0
fbkhdoze,0,1,1,1.0
preciso,0,1,1,1.0
bayouhuckleberri,0,1,1,1.0
cupp,1,0,1,0.0
fuditiari,0,1,1,1.0
kkik,0,1,1,1.0
loik,1,0,1,0.0
forno,1,0,1,0.0
malvivient,0,1,1,1.0
rugemov,0,1,1,1.0
czwtcbr,0,1,1,1.0
umwu,0,1,1,1.0
kub,1,0,1,0.0
htmlheadtitler,0,1,1,1.0
hookupnow,0,1,1,1.0
aphraimnhl,0,1,1,1.0
nonga,1,0,1,0.0
propoli,0,1,1,1.0
kaztn,0,1,1,1.0
behamm,0,1,1,1.0
qiqggxcn,0,1,1,1.0
mushett,0,1,1,1.0
suppil,0,1,1,1.0
ngsa,1,0,1,0.0
assuringli,0,1,1,1.0
utbq,0,1,1,1.0
steelstruck,0,1,1,1.0
picaheurist,0,1,1,1.0
uateiceloil,0,1,1,1.0
replicasoft,0,1,1,1.0
eamonn,1,0,1,0.0
whuiw,0,1,1,1.0
lovea,0,1,1,1.0
rmxjx,0,1,1,1.0
dbarr,1,0,1,0.0
petrocosm,1,0,1,0.0
richardnault,0,1,1,1.0
petruska,1,0,1,0.0
ppniemfwkhkmeduh,0,1,1,1.0
brhave,0,1,1,1.0
lltd,0,1,1,1.0
biiigger,0,1,1,1.0
portentwhatev,0,1,1,1.0
olkjo,0,1,1,1.0
bgrhc,0,1,1,1.0
opg,1,0,1,0.0
pvaovu,0,1,1,1.0
svx,0,1,1,1.0
captainrespect,0,1,1,1.0
ikvja,0,1,1,1.0
gfrvawuk,0,1,1,1.0
baftzrw,0,1,1,1.0
clementtac,0,1,1,1.0
qlnxpw,0,1,1,1.0
hozx,0,1,1,1.0
nexom,0,1,1,1.0
pastilha,0,1,1,1.0
jrdalrympl,1,0,1,0.0
latt,0,1,1,1.0
binkysafeti,0,1,1,1.0
idiosyncrasyrespons,0,1,1,1.0
multifariousdesir,0,1,1,1.0
dagi,0,1,1,1.0
melodia,0,1,1,1.0
comision,0,1,1,1.0
arborealcrop,0,1,1,1.0
jrnggtpq,0,1,1,1.0
gleefulli,0,1,1,1.0
ghostoh,0,1,1,1.0
ntfdnqdgj,0,1,1,1.0
bjpeidat,0,1,1,1.0
pfv,0,1,1,1.0
ieau,0,1,1,1.0
wfoe,0,1,1,1.0
savvyservic,0,1,1,1.0
olim,1,0,1,0.0
acostello,1,0,1,0.0
brandrright,0,1,1,1.0
mqfhcnmw,0,1,1,1.0
properu,0,1,1,1.0
ocounterpropos,0,1,1,1.0
agemqzt,0,1,1,1.0
xdajymu,0,1,1,1.0
rakkausepiikka,0,1,1,1.0
knowest,0,1,1,1.0
seuss,0,1,1,1.0
psysex,0,1,1,1.0
edzfuwrf,0,1,1,1.0
cdyfqf,0,1,1,1.0
harora,1,0,1,0.0
abop,0,1,1,1.0
karok,0,1,1,1.0
xsihif,0,1,1,1.0
xuo,0,1,1,1.0
donialilli,0,1,1,1.0
excert,0,1,1,1.0
figment,0,1,1,1.0
duart,1,0,1,0.0
hlx,0,1,1,1.0
feelingworldwid,0,1,1,1.0
rlxorfwx,0,1,1,1.0
anythign,1,0,1,0.0
vasalo,0,1,1,1.0
consumerreport,0,1,1,1.0
ssurpris,0,1,1,1.0
fofrmula,0,1,1,1.0
anesthetist,0,1,1,1.0
suofkoitnq,0,1,1,1.0
uqrhr,0,1,1,1.0
rbueksk,0,1,1,1.0
gqrvsn,0,1,1,1.0
zwzhjvi,0,1,1,1.0
hdjemil,1,0,1,0.0
gccypytl,0,1,1,1.0
vmpgog,0,1,1,1.0
qihak,0,1,1,1.0
verohallituksessa,0,1,1,1.0
dschmidt,1,0,1,0.0
zavisch,1,0,1,0.0
saia,1,0,1,0.0
applicantsadi,0,1,1,1.0
semidomino,0,1,1,1.0
piceanc,1,0,1,0.0
aishatgidado,0,1,1,1.0
cray,1,0,1,0.0
lizswbm,0,1,1,1.0
revilw,0,1,1,1.0
feetat,0,1,1,1.0
kener,0,1,1,1.0
âãâþ,0,1,1,1.0
bpi,0,1,1,1.0
cshodgson,1,0,1,0.0
niiprtqd,0,1,1,1.0
vvyborg,0,1,1,1.0
aramci,0,1,1,1.0
nhxklijj,0,1,1,1.0
broadbil,0,1,1,1.0
ultztgsr,0,1,1,1.0
eudxf,0,1,1,1.0
petah,0,1,1,1.0
xtthzxx,0,1,1,1.0
jhsg,0,1,1,1.0
fixtureannot,0,1,1,1.0
windspe,1,0,1,0.0
aldrichleverag,0,1,1,1.0
xazi,0,1,1,1.0
windows,1,0,1,0.0
gurrola,1,0,1,0.0
petesumm,0,1,1,1.0
dealwith,0,1,1,1.0
spelunk,0,1,1,1.0
meedicatiioon,0,1,1,1.0
starlotteri,0,1,1,1.0
nftve,0,1,1,1.0
zancl,0,1,1,1.0
huishoudelijk,0,1,1,1.0
ðàññûëêè,0,1,1,1.0
osnaburg,0,1,1,1.0
seismolog,0,1,1,1.0
zazrbr,0,1,1,1.0
shanbogh,1,0,1,0.0
osmielam,1,0,1,0.0
hxmltxg,0,1,1,1.0
photoshjop,0,1,1,1.0
warsawturtleneck,0,1,1,1.0
smtpscan,0,1,1,1.0
getth,0,1,1,1.0
banishmadam,0,1,1,1.0
valli,1,0,1,0.0
abutl,1,0,1,0.0
gxr,0,1,1,1.0
eexixg,0,1,1,1.0
fluffier,0,1,1,1.0
stompcannel,0,1,1,1.0
pursein,0,1,1,1.0
comentar,0,1,1,1.0
lowsz,0,1,1,1.0
officeexcelent,0,1,1,1.0
hanksbrokerag,1,0,1,0.0
tkqxxv,0,1,1,1.0
flatscreen,1,0,1,0.0
kcp,0,1,1,1.0
pentos,0,1,1,1.0
championpanopli,0,1,1,1.0
qdptd,0,1,1,1.0
gjrvyofaa,0,1,1,1.0
congrad,1,0,1,0.0
iecqguo,0,1,1,1.0
coubkpz,0,1,1,1.0
qfnogiw,0,1,1,1.0
aerpac,1,0,1,0.0
xdmeogc,0,1,1,1.0
plasticdragon,0,1,1,1.0
tecnomar,1,0,1,0.0
accountdepart,0,1,1,1.0
madejurgen,0,1,1,1.0
mhaxmnm,0,1,1,1.0
ryanmcgeachi,1,0,1,0.0
edmontonelu,0,1,1,1.0
numbern,1,0,1,0.0
ezckl,0,1,1,1.0
wtnqr,0,1,1,1.0
qrpoqcsql,0,1,1,1.0
preguntar,0,1,1,1.0
ccbrwzp,0,1,1,1.0
kod,0,1,1,1.0
fqn,0,1,1,1.0
bdold,1,0,1,0.0
pokalski,1,0,1,0.0
espritawaken,0,1,1,1.0
verzg,0,1,1,1.0
musscl,0,1,1,1.0
uqhga,0,1,1,1.0
tcj,0,1,1,1.0
qnmlpesf,0,1,1,1.0
tuuurn,0,1,1,1.0
aforismo,0,1,1,1.0
ndyi,0,1,1,1.0
miren,0,1,1,1.0
nolr,0,1,1,1.0
sommet,0,1,1,1.0
parkhous,0,1,1,1.0
etwzd,0,1,1,1.0
sosyal,0,1,1,1.0
toxhmzcdtzpjm,0,1,1,1.0
rejector,0,1,1,1.0
foldoutdepos,0,1,1,1.0
dmyre,0,1,1,1.0
jfj,0,1,1,1.0
crjgr,0,1,1,1.0
bscrlb,0,1,1,1.0
dbrosey,1,0,1,0.0
vsrpuzw,0,1,1,1.0
castlel,0,1,1,1.0
iuju,0,1,1,1.0
subsol,0,1,1,1.0
apzw,0,1,1,1.0
mortgat,0,1,1,1.0
bmccainl,1,0,1,0.0
markket,0,1,1,1.0
arnaez,1,0,1,0.0
octavio,1,0,1,0.0
termal,1,0,1,0.0
hbdjoy,0,1,1,1.0
bodyfrankfurt,0,1,1,1.0
ssrn,1,0,1,0.0
hpke,0,1,1,1.0
vzosyi,0,1,1,1.0
lagtlbi,0,1,1,1.0
volumm,0,1,1,1.0
iyc,0,1,1,1.0
jnteb,0,1,1,1.0
fqirfv,0,1,1,1.0
dkolhwjn,0,1,1,1.0
rqamra,0,1,1,1.0
tenkwizzard,1,0,1,0.0
dijk,0,1,1,1.0
yuafyybtf,0,1,1,1.0
prather,0,1,1,1.0
crai,1,0,1,0.0
timson,1,0,1,0.0
btzi,0,1,1,1.0
ultrapassa,0,1,1,1.0
uwro,0,1,1,1.0
sdvz,0,1,1,1.0
pzdrawiam,1,0,1,0.0
furtherenh,0,1,1,1.0
cecillunch,0,1,1,1.0
marylandfadeout,0,1,1,1.0
wtqngnoyyi,0,1,1,1.0
qhw,0,1,1,1.0
dhiohphsbbr,0,1,1,1.0
pbegr,0,1,1,1.0
keywordcount,0,1,1,1.0
vpoil,0,1,1,1.0
beskrowni,1,0,1,0.0
ãñóá,0,1,1,1.0
poesybefel,0,1,1,1.0
nessa,0,1,1,1.0
atuaavqb,0,1,1,1.0
sewa,0,1,1,1.0
eismllbiajz,0,1,1,1.0
madonnalili,0,1,1,1.0
moziyu,0,1,1,1.0
likk,0,1,1,1.0
nipfir,0,1,1,1.0
bungler,0,1,1,1.0
hsewgong,0,1,1,1.0
qil,0,1,1,1.0
tew,0,1,1,1.0
jqh,0,1,1,1.0
veronda,1,0,1,0.0
dtevmoelenp,0,1,1,1.0
protestant,0,1,1,1.0
ozmao,0,1,1,1.0
vkwamuslt,0,1,1,1.0
chidambaram,1,0,1,0.0
bxyuwz,0,1,1,1.0
highwat,0,1,1,1.0
acourtesi,0,1,1,1.0
medicationpoor,0,1,1,1.0
morret,0,1,1,1.0
westdeusch,1,0,1,0.0
withvourbon,0,1,1,1.0
zywicki,1,0,1,0.0
bderm,0,1,1,1.0
hempen,0,1,1,1.0
hlep,0,1,1,1.0
gynaecolog,0,1,1,1.0
ético,0,1,1,1.0
saveup,0,1,1,1.0
bwsekgghf,0,1,1,1.0
fpyq,0,1,1,1.0
pharmacybymmail,0,1,1,1.0
eachcollater,0,1,1,1.0
dmg,1,0,1,0.0
willprovid,0,1,1,1.0
arsonvocabulari,0,1,1,1.0
doarwv,0,1,1,1.0
embl,0,1,1,1.0
heytherecuti,0,1,1,1.0
lceg,0,1,1,1.0
ythow,0,1,1,1.0
fljwa,0,1,1,1.0
msclusterol,0,1,1,1.0
rxcmo,0,1,1,1.0
acrimonydugout,0,1,1,1.0
mortiz,1,0,1,0.0
igin,0,1,1,1.0
eugolip,0,1,1,1.0
ùnbeatabl,0,1,1,1.0
sabrerattl,0,1,1,1.0
fordern,0,1,1,1.0
fluido,0,1,1,1.0
wellahost,0,1,1,1.0
jxkvgdko,0,1,1,1.0
paaiixnnninxxn,0,1,1,1.0
poprzez,1,0,1,0.0
queda,0,1,1,1.0
wbpjyq,0,1,1,1.0
jigvrr,0,1,1,1.0
pmvqvgaxqnwelt,0,1,1,1.0
kimmila,0,1,1,1.0
uswb,0,1,1,1.0
owpeft,0,1,1,1.0
oighw,0,1,1,1.0
synergyog,1,0,1,0.0
befreiungen,0,1,1,1.0
dirigent,0,1,1,1.0
joellyn,0,1,1,1.0
particulir,0,1,1,1.0
blastokinesi,0,1,1,1.0
herringangu,1,0,1,0.0
bauno,0,1,1,1.0
ongev,0,1,1,1.0
slj,1,0,1,0.0
wordpassion,0,1,1,1.0
efn,0,1,1,1.0
desafiant,0,1,1,1.0
elearn,1,0,1,0.0
montando,0,1,1,1.0
ciyxultaxmvbpiy,0,1,1,1.0
pqi,0,1,1,1.0
jsnomhyu,0,1,1,1.0
efsiihgia,0,1,1,1.0
gbaxley,1,0,1,0.0
aqwcfu,0,1,1,1.0
mikelgoblu,0,1,1,1.0
welkin,0,1,1,1.0
tjdw,0,1,1,1.0
ghzht,0,1,1,1.0
empyxhqykbkylkrcedi,0,1,1,1.0
puihang,0,1,1,1.0
esforo,0,1,1,1.0
winddrudgegood,0,1,1,1.0
wskaznikiwej,1,0,1,0.0
naxkavt,0,1,1,1.0
jriggin,1,0,1,0.0
thefact,0,1,1,1.0
poleo,0,1,1,1.0
davidsonlitterbug,0,1,1,1.0
theout,0,1,1,1.0
csansada,0,1,1,1.0
sensualmalay,0,1,1,1.0
viiiiiiagra,0,1,1,1.0
dehena,0,1,1,1.0
collarbon,0,1,1,1.0
fexryo,0,1,1,1.0
appreacit,1,0,1,0.0
qddevphut,0,1,1,1.0
zrjd,0,1,1,1.0
alcoholcontrol,0,1,1,1.0
refinerycontr,0,1,1,1.0
tach,0,1,1,1.0
durextm,0,1,1,1.0
iyehb,0,1,1,1.0
svhip,0,1,1,1.0
lockman,0,1,1,1.0
mktbptssl,0,1,1,1.0
productultim,0,1,1,1.0
qxalryhz,0,1,1,1.0
gunnarsdottir,0,1,1,1.0
solow,1,0,1,0.0
wealthp,0,1,1,1.0
derivado,0,1,1,1.0
lobfmtsz,0,1,1,1.0
gneliwr,0,1,1,1.0
nbh,0,1,1,1.0
enthousiast,1,0,1,0.0
deposecrypt,0,1,1,1.0
elemjd,0,1,1,1.0
hjkt,0,1,1,1.0
filmõ,0,1,1,1.0
ýùø,0,1,1,1.0
digitalpilot,1,0,1,0.0
stevef,1,0,1,0.0
dymhzgo,0,1,1,1.0
eqtwzi,0,1,1,1.0
gvfrrlx,0,1,1,1.0
acaus,0,1,1,1.0
dilmah,0,1,1,1.0
kqbol,0,1,1,1.0
ebiztoronto,0,1,1,1.0
ozesee,0,1,1,1.0
charterhous,1,0,1,0.0
dumbass,0,1,1,1.0
vmr,0,1,1,1.0
ndequocek,0,1,1,1.0
braodband,1,0,1,0.0
coverart,0,1,1,1.0
ingress,0,1,1,1.0
obipacif,0,1,1,1.0
ihcqjqbgv,0,1,1,1.0
bpcmicd,0,1,1,1.0
zmnd,0,1,1,1.0
coffeyvil,0,1,1,1.0
milksoppish,0,1,1,1.0
hendujutash,0,1,1,1.0
overblow,0,1,1,1.0
nyy,0,1,1,1.0
biifusgza,0,1,1,1.0
ambatoarinit,0,1,1,1.0
introo,1,0,1,0.0
papyribess,0,1,1,1.0
yorku,1,0,1,0.0
observa,0,1,1,1.0
phamraci,0,1,1,1.0
zhcvw,0,1,1,1.0
outgun,0,1,1,1.0
ijmwp,0,1,1,1.0
dryvfhso,0,1,1,1.0
gellhorn,1,0,1,0.0
dama,0,1,1,1.0
burington,0,1,1,1.0
sxvw,0,1,1,1.0
youbrought,0,1,1,1.0
zxei,0,1,1,1.0
lle,0,1,1,1.0
skatecosponsor,0,1,1,1.0
gamedev,0,1,1,1.0
chinman,1,0,1,0.0
uzztyizoo,0,1,1,1.0
izzk,0,1,1,1.0
xzvshsjli,0,1,1,1.0
thougth,0,1,1,1.0
gharnki,0,1,1,1.0
spotl,0,1,1,1.0
intrcours,0,1,1,1.0
ereplicasonlin,0,1,1,1.0
jgjfam,0,1,1,1.0
orinvest,0,1,1,1.0
noelani,0,1,1,1.0
groganov,0,1,1,1.0
urent,0,1,1,1.0
svallen,1,0,1,0.0
obligatio,0,1,1,1.0
cookgener,0,1,1,1.0
rkysmet,0,1,1,1.0
ruud,0,1,1,1.0
internation,0,1,1,1.0
dfq,0,1,1,1.0
displ,0,1,1,1.0
loubet,0,1,1,1.0
swiphold,0,1,1,1.0
superfood,0,1,1,1.0
annu,0,1,1,1.0
qwn,0,1,1,1.0
kablosuz,0,1,1,1.0
sinap,0,1,1,1.0
ispfv,0,1,1,1.0
baza,1,0,1,0.0
meagerli,0,1,1,1.0
xeudlnbhq,0,1,1,1.0
exarch,0,1,1,1.0
disposablebadinag,0,1,1,1.0
uxff,0,1,1,1.0
frst,0,1,1,1.0
rufef,0,1,1,1.0
rifkin,1,0,1,0.0
nanj,0,1,1,1.0
helgrq,0,1,1,1.0
jge,0,1,1,1.0
constitucionai,0,1,1,1.0
countryparti,0,1,1,1.0
countercharg,1,0,1,0.0
queryfoy,0,1,1,1.0
jcyxolbk,0,1,1,1.0
tarquinnorwood,0,1,1,1.0
pepperidg,0,1,1,1.0
oxox,0,1,1,1.0
reakwlitmi,0,1,1,1.0
beaker,0,1,1,1.0
stayfre,0,1,1,1.0
hesperid,0,1,1,1.0
maxtor,0,1,1,1.0
progmram,0,1,1,1.0
usedon,0,1,1,1.0
ammunationsin,0,1,1,1.0
shruti,1,0,1,0.0
hyxziccx,0,1,1,1.0
prqdi,0,1,1,1.0
nkvmsh,0,1,1,1.0
wess,1,0,1,0.0
prsotitut,0,1,1,1.0
allu,0,1,1,1.0
fcolvin,1,0,1,0.0
ytylbrcvhn,0,1,1,1.0
unfairen,0,1,1,1.0
heinedistributor,0,1,1,1.0
wirel,0,1,1,1.0
xgloyslkni,0,1,1,1.0
htmlhealthli,0,1,1,1.0
unitesfinnish,0,1,1,1.0
gatti,0,1,1,1.0
zmpgmw,0,1,1,1.0
gratebearberri,0,1,1,1.0
fousch,1,0,1,0.0
ocassion,1,0,1,0.0
iubglujp,0,1,1,1.0
uibrncfwtei,0,1,1,1.0
itnjn,0,1,1,1.0
bellard,1,0,1,0.0
papirlx,0,1,1,1.0
cysdg,0,1,1,1.0
fjbyjlf,0,1,1,1.0
restowth,0,1,1,1.0
pilothous,0,1,1,1.0
magnfico,0,1,1,1.0
tbf,0,1,1,1.0
multifacet,1,0,1,0.0
comission,1,0,1,0.0
hclrzb,0,1,1,1.0
thie,0,1,1,1.0
visitedbruc,0,1,1,1.0
ikelx,0,1,1,1.0
fmhxtxo,0,1,1,1.0
amout,1,0,1,0.0
zewingafawi,0,1,1,1.0
nortwheast,0,1,1,1.0
winningsweepstak,0,1,1,1.0
soundproof,0,1,1,1.0
communiqup,0,1,1,1.0
investaig,0,1,1,1.0
tcvwzao,0,1,1,1.0
ryn,1,0,1,0.0
ouihopeyo,0,1,1,1.0
surebut,1,0,1,0.0
dzqqweislzqhydui,0,1,1,1.0
fritt,1,0,1,0.0
vindicatio,0,1,1,1.0
tczdt,0,1,1,1.0
sangramento,0,1,1,1.0
ooooooff,0,1,1,1.0
rojkgrehk,0,1,1,1.0
internetlo,0,1,1,1.0
eventrecord,1,0,1,0.0
kschoenhal,1,0,1,0.0
intercreditor,1,0,1,0.0
installierend,0,1,1,1.0
pozno,1,0,1,0.0
frefinowy,0,1,1,1.0
myrxexpress,0,1,1,1.0
vpg,0,1,1,1.0
nsot,0,1,1,1.0
dismast,0,1,1,1.0
papist,0,1,1,1.0
evitatil,0,1,1,1.0
labtj,0,1,1,1.0
alles,0,1,1,1.0
janjawe,0,1,1,1.0
gmf,0,1,1,1.0
scrapbookincumb,0,1,1,1.0
bluegrassdemon,0,1,1,1.0
chippewa,0,1,1,1.0
furjvdvxpdmi,0,1,1,1.0
wmaker,0,1,1,1.0
ponta,0,1,1,1.0
cannylinguist,0,1,1,1.0
akakura,0,1,1,1.0
iller,0,1,1,1.0
boethiu,0,1,1,1.0
caballito,0,1,1,1.0
discussionon,0,1,1,1.0
xuiiec,0,1,1,1.0
wabara,0,1,1,1.0
jzvnqocm,0,1,1,1.0
usoncolog,1,0,1,0.0
peuvent,0,1,1,1.0
comedycontract,0,1,1,1.0
eimfpdkt,0,1,1,1.0
ywe,0,1,1,1.0
mndeno,0,1,1,1.0
qra,0,1,1,1.0
choreographcommut,0,1,1,1.0
cdphfl,0,1,1,1.0
guyyork,1,0,1,0.0
crfez,0,1,1,1.0
kczwcwbc,0,1,1,1.0
zolxoft,0,1,1,1.0
theologiancycad,0,1,1,1.0
iphbyspzvjf,0,1,1,1.0
zdyfjsu,0,1,1,1.0
lollta,0,1,1,1.0
aprilfoolday,0,1,1,1.0
jzlkberpp,0,1,1,1.0
ltationbr,0,1,1,1.0
qhxxol,0,1,1,1.0
lerda,0,1,1,1.0
sct,1,0,1,0.0
masinin,0,1,1,1.0
jlieskov,1,0,1,0.0
denett,1,0,1,0.0
baath,0,1,1,1.0
misspent,0,1,1,1.0
palludan,0,1,1,1.0
levaquin,0,1,1,1.0
zvtp,0,1,1,1.0
allumfassenden,0,1,1,1.0
researchbr,0,1,1,1.0
cahxdk,0,1,1,1.0
undernourish,0,1,1,1.0
thomsponvil,1,0,1,0.0
powerh,0,1,1,1.0
beguin,0,1,1,1.0
llarkansan,0,1,1,1.0
haren,0,1,1,1.0
dqbiok,0,1,1,1.0
odon,0,1,1,1.0
customerfirst,1,0,1,0.0
lscze,0,1,1,1.0
conver,0,1,1,1.0
lavaderia,0,1,1,1.0
lqnl,0,1,1,1.0
mvaughan,1,0,1,0.0
inncenot,0,1,1,1.0
pjevack,0,1,1,1.0
hnhvc,0,1,1,1.0
qffss,0,1,1,1.0
sitetour,0,1,1,1.0
aswrinkl,0,1,1,1.0
objectcris,0,1,1,1.0
topak,1,0,1,0.0
earlylarena,0,1,1,1.0
exclusivenbsp,0,1,1,1.0
proceedur,0,1,1,1.0
rozhdestvensko,0,1,1,1.0
laasteriahn,0,1,1,1.0
biiig,0,1,1,1.0
zxhskxfh,0,1,1,1.0
featuresthat,0,1,1,1.0
blokken,0,1,1,1.0
johnj,1,0,1,0.0
indignet,0,1,1,1.0
bushmasterentourag,0,1,1,1.0
connfisc,0,1,1,1.0
avl,0,1,1,1.0
saev,0,1,1,1.0
comptonia,0,1,1,1.0
bordercolordark,0,1,1,1.0
timedieteticsmoon,0,1,1,1.0
frostbiteinf,0,1,1,1.0
prosperemo,0,1,1,1.0
beekeep,0,1,1,1.0
obknvu,0,1,1,1.0
childless,0,1,1,1.0
cyberworld,0,1,1,1.0
berhan,1,0,1,0.0
gordonphoenixl,0,1,1,1.0
npovgl,0,1,1,1.0
winnnipeg,0,1,1,1.0
evedfzjvuj,0,1,1,1.0
folha,0,1,1,1.0
recondit,0,1,1,1.0
interconnected,0,1,1,1.0
arialbfeel,0,1,1,1.0
eigenschaft,0,1,1,1.0
kacal,1,0,1,0.0
comguia,0,1,1,1.0
chemisesav,0,1,1,1.0
vvmcaap,0,1,1,1.0
lothario,0,1,1,1.0
raeocydt,0,1,1,1.0
uwdhtzrrf,0,1,1,1.0
outback,0,1,1,1.0
binderless,0,1,1,1.0
jaimeiceland,0,1,1,1.0
manglemim,0,1,1,1.0
chailli,0,1,1,1.0
kzpzjhvg,0,1,1,1.0
lserna,1,0,1,0.0
resultsi,0,1,1,1.0
yic,0,1,1,1.0
tvvqu,0,1,1,1.0
,0,1,1,1.0
zni,0,1,1,1.0
dgjhpqkf,0,1,1,1.0
ktgpmvkx,0,1,1,1.0
dkt,0,1,1,1.0
zxl,0,1,1,1.0
marketlng,0,1,1,1.0
gjnykgfg,0,1,1,1.0
morozko,0,1,1,1.0
joyof,0,1,1,1.0
tybazomertj,0,1,1,1.0
sathupadit,0,1,1,1.0
xorac,0,1,1,1.0
mtliysq,0,1,1,1.0
parsonresult,0,1,1,1.0
beisel,0,1,1,1.0
jdvgbpytgmnxwj,0,1,1,1.0
hyp,0,1,1,1.0
capitulateapport,0,1,1,1.0
oftbutan,0,1,1,1.0
manent,0,1,1,1.0
oznl,0,1,1,1.0
ldgkcpf,0,1,1,1.0
firemanpraecox,0,1,1,1.0
xtvsobr,0,1,1,1.0
ihpru,0,1,1,1.0
drawallattent,0,1,1,1.0
anythin,0,1,1,1.0
agincourt,0,1,1,1.0
ndgmrnahhgtbrgcozr,0,1,1,1.0
mahalo,0,1,1,1.0
eachoth,0,1,1,1.0
learnmorezzl,0,1,1,1.0
completey,0,1,1,1.0
uksqohcjcun,0,1,1,1.0
fryte,0,1,1,1.0
svuofnw,0,1,1,1.0
qtrgz,0,1,1,1.0
ffeaj,0,1,1,1.0
alifi,0,1,1,1.0
reformolar,0,1,1,1.0
xtbwu,0,1,1,1.0
jsqwo,0,1,1,1.0
nuetral,0,1,1,1.0
trotter,0,1,1,1.0
naturalist,0,1,1,1.0
commandsculptur,0,1,1,1.0
ech,1,0,1,0.0
systemicrosoft,0,1,1,1.0
corney,1,0,1,0.0
shootgun,0,1,1,1.0
sidin,1,0,1,0.0
criptografada,0,1,1,1.0
universita,0,1,1,1.0
rqnfk,0,1,1,1.0
theoretici,1,0,1,0.0
nagoci,0,1,1,1.0
vqoom,0,1,1,1.0
orten,0,1,1,1.0
kramertango,0,1,1,1.0
ggiga,0,1,1,1.0
ecshnmia,0,1,1,1.0
eintract,1,0,1,0.0
blisterwe,0,1,1,1.0
heidigigem,1,0,1,0.0
tcyyzjbxf,0,1,1,1.0
spokespersonoccurr,0,1,1,1.0
gnuci,0,1,1,1.0
xltzo,0,1,1,1.0
fefo,0,1,1,1.0
eglib,0,1,1,1.0
yamcvzqxn,0,1,1,1.0
jyx,0,1,1,1.0
ewchozfbr,0,1,1,1.0
inteno,0,1,1,1.0
dietbulk,0,1,1,1.0
xdwp,0,1,1,1.0
aatkswzvvqbu,0,1,1,1.0
darald,1,0,1,0.0
ydlp,0,1,1,1.0
cntfpybrlkt,0,1,1,1.0
haqyyyegspvxmfc,0,1,1,1.0
gretchenamand,0,1,1,1.0
dfo,0,1,1,1.0
pinkerton,1,0,1,0.0
caspar,0,1,1,1.0
stepheng,1,0,1,0.0
waaaant,0,1,1,1.0
syscodalla,1,0,1,0.0
laxu,0,1,1,1.0
deistic,1,0,1,0.0
pobunjenici,0,1,1,1.0
vestibular,0,1,1,1.0
herzlich,0,1,1,1.0
fmal,0,1,1,1.0
laugher,1,0,1,0.0
xhp,0,1,1,1.0
softzwar,0,1,1,1.0
brengen,0,1,1,1.0
icph,0,1,1,1.0
iokyjddnk,0,1,1,1.0
rkrtdau,0,1,1,1.0
xixluu,0,1,1,1.0
siebo,0,1,1,1.0
pesteshelf,0,1,1,1.0
unequiv,1,0,1,0.0
hizmetlerimiz,0,1,1,1.0
dmabi,0,1,1,1.0
gayemail,0,1,1,1.0
rdggvu,0,1,1,1.0
rigsht,0,1,1,1.0
wclown,0,1,1,1.0
likrtt,0,1,1,1.0
superdom,1,0,1,0.0
wqohygr,0,1,1,1.0
unclutt,1,0,1,0.0
hmq,0,1,1,1.0
mumfgdm,0,1,1,1.0
igtlpx,0,1,1,1.0
kvyswbsqo,0,1,1,1.0
cwwonfidoienti,0,1,1,1.0
benoitjasonp,1,0,1,0.0
estupendo,0,1,1,1.0
gvngvjumi,0,1,1,1.0
datam,1,0,1,0.0
baneberryrhetor,0,1,1,1.0
delorenz,0,1,1,1.0
uciekami,1,0,1,0.0
teur,0,1,1,1.0
hbbbbzhlamsmvzowwp,0,1,1,1.0
integritypharm,0,1,1,1.0
anchoralign,0,1,1,1.0
probem,1,0,1,0.0
czego,1,0,1,0.0
menta,0,1,1,1.0
inteemu,0,1,1,1.0
benutzerhandbuch,0,1,1,1.0
booman,0,1,1,1.0
outrightli,0,1,1,1.0
cyzja,0,1,1,1.0
dpmuh,0,1,1,1.0
zpgbk,0,1,1,1.0
karathano,1,0,1,0.0
jjc,0,1,1,1.0
uqnhj,0,1,1,1.0
sedco,1,0,1,0.0
msxvxle,0,1,1,1.0
oqo,0,1,1,1.0
contracta,0,1,1,1.0
duman,1,0,1,0.0
gentlemanlik,0,1,1,1.0
asiapac,0,1,1,1.0
standford,1,0,1,0.0
comparado,0,1,1,1.0
vjagra,0,1,1,1.0
tsmrfzgcr,0,1,1,1.0
smg,0,1,1,1.0
durchmess,0,1,1,1.0
ceczkp,0,1,1,1.0
yourprofil,0,1,1,1.0
tbffzibu,0,1,1,1.0
viasgra,0,1,1,1.0
florez,1,0,1,0.0
kokura,0,1,1,1.0
diaconu,1,0,1,0.0
fhqbk,0,1,1,1.0
talsylq,0,1,1,1.0
qcyxvynlk,0,1,1,1.0
eicvjzeeyj,0,1,1,1.0
vrgctiy,0,1,1,1.0
drhetp,0,1,1,1.0
cletempoli,0,1,1,1.0
wickk,0,1,1,1.0
imywuca,0,1,1,1.0
arpt,0,1,1,1.0
macbrid,1,0,1,0.0
kog,0,1,1,1.0
puajdqh,0,1,1,1.0
landand,0,1,1,1.0
competir,0,1,1,1.0
proces,0,1,1,1.0
qgdmvlrrp,0,1,1,1.0
brockenhuu,0,1,1,1.0
yoikgubbo,0,1,1,1.0
fffffffont,0,1,1,1.0
pvjhyubgpq,0,1,1,1.0
moeara,1,0,1,0.0
esposo,0,1,1,1.0
convertibleputnam,0,1,1,1.0
spdyeb,0,1,1,1.0
lifelinehomehealth,1,0,1,0.0
thrombosi,0,1,1,1.0
poorhous,1,0,1,0.0
moneyprint,0,1,1,1.0
kdc,0,1,1,1.0
superprior,1,0,1,0.0
direto,0,1,1,1.0
rnclybg,0,1,1,1.0
phenatermtin,0,1,1,1.0
frogspac,0,1,1,1.0
zafmusvi,0,1,1,1.0
twvxuezu,0,1,1,1.0
redcedargath,1,0,1,0.0
gigio,1,0,1,0.0
diedunfortun,0,1,1,1.0
onlinebsn,0,1,1,1.0
jura,0,1,1,1.0
glqmmc,0,1,1,1.0
qxzfsk,0,1,1,1.0
manyihit,0,1,1,1.0
femgqk,0,1,1,1.0
quinsi,0,1,1,1.0
healti,0,1,1,1.0
emkqlz,0,1,1,1.0
decorlac,0,1,1,1.0
xxca,0,1,1,1.0
instrumento,0,1,1,1.0
malapropo,0,1,1,1.0
hwang,1,0,1,0.0
demobil,0,1,1,1.0
dqtkqalmj,0,1,1,1.0
rkhv,0,1,1,1.0
xqdlafjzn,0,1,1,1.0
familienbusi,0,1,1,1.0
efr,0,1,1,1.0
hzhzdk,0,1,1,1.0
yaqtsm,0,1,1,1.0
fgdv,0,1,1,1.0
qzfhntnlthf,0,1,1,1.0
alcvfp,0,1,1,1.0
rnbuxi,0,1,1,1.0
minuciosa,0,1,1,1.0
expressanabel,0,1,1,1.0
ruaqkk,0,1,1,1.0
grassberg,0,1,1,1.0
trherefori,0,1,1,1.0
insouciantneglect,0,1,1,1.0
lpurpos,0,1,1,1.0
itnv,0,1,1,1.0
critieria,1,0,1,0.0
medienprodukt,0,1,1,1.0
wfwpt,0,1,1,1.0
ezeta,0,1,1,1.0
earch,0,1,1,1.0
hirgp,0,1,1,1.0
marech,1,0,1,0.0
zbtnu,0,1,1,1.0
readarticl,1,0,1,0.0
xpg,0,1,1,1.0
wabipk,0,1,1,1.0
krijgt,0,1,1,1.0
ngmnefvaf,0,1,1,1.0
operativesfl,0,1,1,1.0
shui,1,0,1,0.0
vwjdwurl,0,1,1,1.0
famiiy,0,1,1,1.0
picard,0,1,1,1.0
ecpnor,0,1,1,1.0
furthder,0,1,1,1.0
wozglerapr,0,1,1,1.0
testdevelop,0,1,1,1.0
frmula,0,1,1,1.0
roseden,1,0,1,0.0
mutandisbeg,0,1,1,1.0
forgetheartach,0,1,1,1.0
evntqer,0,1,1,1.0
asaieqi,0,1,1,1.0
ayxztj,0,1,1,1.0
porker,0,1,1,1.0
tenanc,0,1,1,1.0
cualitativo,0,1,1,1.0
springvil,1,0,1,0.0
jinghi,0,1,1,1.0
zltl,0,1,1,1.0
perdido,0,1,1,1.0
drvug,0,1,1,1.0
maqifa,0,1,1,1.0
slayer,0,1,1,1.0
behrent,0,1,1,1.0
clgi,0,1,1,1.0
captar,0,1,1,1.0
weeight,0,1,1,1.0
exportar,0,1,1,1.0
fpam,1,0,1,0.0
bjork,0,1,1,1.0
sours,0,1,1,1.0
möglichkeiten,0,1,1,1.0
ascriptiongeophys,0,1,1,1.0
jex,0,1,1,1.0
weeki,0,1,1,1.0
byynchtq,0,1,1,1.0
dne,0,1,1,1.0
idsccrlp,0,1,1,1.0
firuqo,0,1,1,1.0
btkfnf,0,1,1,1.0
assyrian,0,1,1,1.0
wettelijk,0,1,1,1.0
dyuwdgkb,0,1,1,1.0
pasolini,0,1,1,1.0
nonperish,0,1,1,1.0
ngkuhiki,0,1,1,1.0
lyfwnyw,0,1,1,1.0
imiodmk,0,1,1,1.0
santosa,1,0,1,0.0
esiaw,1,0,1,0.0
embeddingrebut,0,1,1,1.0
abductbath,0,1,1,1.0
collidebiometri,0,1,1,1.0
vorgesehen,0,1,1,1.0
weater,1,0,1,0.0
parwt,0,1,1,1.0
paja,0,1,1,1.0
uwzurq,0,1,1,1.0
dextrosesabbat,0,1,1,1.0
alaron,1,0,1,0.0
handheldcorp,0,1,1,1.0
ogzq,0,1,1,1.0
saffel,1,0,1,0.0
soldierr,0,1,1,1.0
kvrz,0,1,1,1.0
prolongada,0,1,1,1.0
continuamo,0,1,1,1.0
xsp,0,1,1,1.0
cooladultsit,0,1,1,1.0
uksdth,0,1,1,1.0
rwf,0,1,1,1.0
valleynosebag,0,1,1,1.0
maugham,0,1,1,1.0
ringhisen,1,0,1,0.0
werbeschaltungen,0,1,1,1.0
kathywhir,0,1,1,1.0
octoberm,1,0,1,0.0
synem,1,0,1,0.0
atún,0,1,1,1.0
carcul,0,1,1,1.0
drgzzcm,0,1,1,1.0
dolbi,0,1,1,1.0
kqlyaaspl,0,1,1,1.0
ohykuj,0,1,1,1.0
zprmuqyam,0,1,1,1.0
ibedi,0,1,1,1.0
katlyn,0,1,1,1.0
ndchsten,0,1,1,1.0
cctrader,0,1,1,1.0
globafinancia,0,1,1,1.0
markm,0,1,1,1.0
fpmapo,0,1,1,1.0
drapeau,1,0,1,0.0
meltingli,0,1,1,1.0
elanyi,0,1,1,1.0
absolutegiftsetc,0,1,1,1.0
disappointe,0,1,1,1.0
jfwnpidwtda,0,1,1,1.0
hamm,0,1,1,1.0
repro,1,0,1,0.0
wdisd,0,1,1,1.0
conjugalbequest,0,1,1,1.0
unruqawo,0,1,1,1.0
basgal,1,0,1,0.0
gravoso,0,1,1,1.0
yourpmedicin,0,1,1,1.0
strangest,0,1,1,1.0
ybhvrkk,0,1,1,1.0
weat,1,0,1,0.0
seminariach,1,0,1,0.0
tdcnufiwb,0,1,1,1.0
profligatechosen,0,1,1,1.0
nnpd,0,1,1,1.0
statelouisiana,0,1,1,1.0
orcomplet,0,1,1,1.0
acworth,0,1,1,1.0
udma,0,1,1,1.0
inefficieci,0,1,1,1.0
iziloov,0,1,1,1.0
arvindh,1,0,1,0.0
giftaffiliatesclub,0,1,1,1.0
evewn,0,1,1,1.0
plansnow,1,0,1,0.0
ankaf,0,1,1,1.0
coroa,0,1,1,1.0
quufajugeng,0,1,1,1.0
sombreturneri,0,1,1,1.0
jadjp,0,1,1,1.0
svehla,1,0,1,0.0
mbso,1,0,1,0.0
thorpejw,0,1,1,1.0
arieen,0,1,1,1.0
ramabil,1,0,1,0.0
ckli,0,1,1,1.0
rdgarr,1,0,1,0.0
rumsal,0,1,1,1.0
linktocash,0,1,1,1.0
hpsale,0,1,1,1.0
apdduo,0,1,1,1.0
gpnjmb,0,1,1,1.0
umljlkmx,0,1,1,1.0
brbp,0,1,1,1.0
acelerada,0,1,1,1.0
yerton,1,0,1,0.0
grincombust,0,1,1,1.0
bgfsh,0,1,1,1.0
ilpri,0,1,1,1.0
sobrepasando,0,1,1,1.0
borer,0,1,1,1.0
spainelcano,0,1,1,1.0
fashandi,0,1,1,1.0
rklng,0,1,1,1.0
economiay,0,1,1,1.0
priorc,1,0,1,0.0
destacamo,0,1,1,1.0
legateeprefac,0,1,1,1.0
rerlp,0,1,1,1.0
zacrek,0,1,1,1.0
hfebqxi,0,1,1,1.0
corbacho,1,0,1,0.0
talana,1,0,1,0.0
acwcwso,0,1,1,1.0
strapon,0,1,1,1.0
rollmanuscript,0,1,1,1.0
corrodedeliri,0,1,1,1.0
hazeljeff,0,1,1,1.0
owf,0,1,1,1.0
gxaxxo,0,1,1,1.0
directoti,0,1,1,1.0
captrad,1,0,1,0.0
previdenciria,0,1,1,1.0
bgyph,0,1,1,1.0
znowu,1,0,1,0.0
qlpinhbo,0,1,1,1.0
agritransl,0,1,1,1.0
blindschoos,0,1,1,1.0
xanak,0,1,1,1.0
kontoihabern,0,1,1,1.0
jolin,0,1,1,1.0
wampu,0,1,1,1.0
silkstock,0,1,1,1.0
warenrealisierung,0,1,1,1.0
crijea,0,1,1,1.0
gallerui,0,1,1,1.0
fulkfamili,1,0,1,0.0
partnerangefordert,0,1,1,1.0
seeger,1,0,1,0.0
htmmap,0,1,1,1.0
diseñar,0,1,1,1.0
arereluct,0,1,1,1.0
linerx,0,1,1,1.0
ucqxjerb,0,1,1,1.0
upsn,1,0,1,0.0
capatici,0,1,1,1.0
favo,0,1,1,1.0
pruner,0,1,1,1.0
vlzkaa,0,1,1,1.0
knownth,0,1,1,1.0
oex,0,1,1,1.0
akira,0,1,1,1.0
tschetter,1,0,1,0.0
revelam,0,1,1,1.0
kapsamlý,0,1,1,1.0
odff,0,1,1,1.0
dlaro,0,1,1,1.0
downloadl,0,1,1,1.0
tanzaniahippi,0,1,1,1.0
wpweuzzusasi,0,1,1,1.0
pcwbta,0,1,1,1.0
geburn,0,1,1,1.0
ovjbocjod,0,1,1,1.0
sewal,1,0,1,0.0
miytlkjlc,0,1,1,1.0
egre,0,1,1,1.0
thegreat,0,1,1,1.0
yhfzat,0,1,1,1.0
vicarafghanistan,0,1,1,1.0
dcprqa,0,1,1,1.0
jnatiq,0,1,1,1.0
tecnico,0,1,1,1.0
colese,0,1,1,1.0
bluemoon,0,1,1,1.0
aqlfjclkr,0,1,1,1.0
vcmh,0,1,1,1.0
gyokqg,0,1,1,1.0
ucqgn,0,1,1,1.0
photoshkop,0,1,1,1.0
fairw,0,1,1,1.0
eligbl,0,1,1,1.0
mortcorp,0,1,1,1.0
dkvseguro,0,1,1,1.0
iprestig,0,1,1,1.0
hnvtsv,0,1,1,1.0
arroyobrook,0,1,1,1.0
natürlich,0,1,1,1.0
yeasp,0,1,1,1.0
bigtimesport,1,0,1,0.0
nyqzlz,0,1,1,1.0
sculler,0,1,1,1.0
villarickshaw,0,1,1,1.0
phaarmacybymal,0,1,1,1.0
newdelhi,1,0,1,0.0
bybdl,0,1,1,1.0
atzcso,0,1,1,1.0
calanth,0,1,1,1.0
dihysjapnpoi,0,1,1,1.0
cicihg,0,1,1,1.0
goldsmithfinagl,0,1,1,1.0
agresorom,0,1,1,1.0
acrb,0,1,1,1.0
firstam,1,0,1,0.0
containedwhat,0,1,1,1.0
vijaglra,0,1,1,1.0
metroo,0,1,1,1.0
chack,1,0,1,0.0
uzvfyb,0,1,1,1.0
woulk,0,1,1,1.0
despairingli,0,1,1,1.0
dtqnyriqf,0,1,1,1.0
inchristian,0,1,1,1.0
intrusivefril,0,1,1,1.0
hquo,0,1,1,1.0
doppelt,0,1,1,1.0
fbelizrg,0,1,1,1.0
owrnif,0,1,1,1.0
kigali,0,1,1,1.0
ssoftwar,0,1,1,1.0
massart,1,0,1,0.0
merchandisethat,0,1,1,1.0
fastemail,0,1,1,1.0
pisin,0,1,1,1.0
thisperceiv,0,1,1,1.0
thupequup,0,1,1,1.0
madudko,1,0,1,0.0
irqustvh,0,1,1,1.0
uyurochkin,0,1,1,1.0
windsombergreat,0,1,1,1.0
seshadhri,1,0,1,0.0
gnasingma,0,1,1,1.0
clsefeh,0,1,1,1.0
cdzynarodowych,1,0,1,0.0
pinkfloywarrior,0,1,1,1.0
rlxkr,0,1,1,1.0
foxborough,1,0,1,0.0
storeown,1,0,1,0.0
cwkqlhix,0,1,1,1.0
likeli,1,0,1,0.0
bgmlmezin,0,1,1,1.0
mrsjoslyn,0,1,1,1.0
timimg,1,0,1,0.0
savlng,0,1,1,1.0
hjplp,0,1,1,1.0
faultfind,0,1,1,1.0
clrra,0,1,1,1.0
contratando,0,1,1,1.0
abaconet,0,1,1,1.0
zfrvye,0,1,1,1.0
aqxptfrr,0,1,1,1.0
sostuvo,0,1,1,1.0
isohp,0,1,1,1.0
ufobi,0,1,1,1.0
htmr,0,1,1,1.0
verger,0,1,1,1.0
rvi,0,1,1,1.0
mvgggshu,0,1,1,1.0
wimmll,0,1,1,1.0
vvlrtucbj,0,1,1,1.0
annunziata,1,0,1,0.0
boatrac,0,1,1,1.0
bedienung,0,1,1,1.0
qdzf,0,1,1,1.0
subtil,0,1,1,1.0
superchapultram,0,1,1,1.0
tvcqaxo,0,1,1,1.0
coupleinfecti,0,1,1,1.0
jram,0,1,1,1.0
cancion,0,1,1,1.0
prickycfg,0,1,1,1.0
zosta,1,0,1,0.0
brinksmanship,1,0,1,0.0
prescriiiiiipt,0,1,1,1.0
rqevn,0,1,1,1.0
joytimereleas,0,1,1,1.0
yankowski,1,0,1,0.0
traf,0,1,1,1.0
unnecesari,1,0,1,0.0
xxxxsupersit,0,1,1,1.0
guarantte,0,1,1,1.0
rfrr,1,0,1,0.0
penha,0,1,1,1.0
indicatingthatit,0,1,1,1.0
dynqo,0,1,1,1.0
voltin,1,0,1,0.0
bhmkx,0,1,1,1.0
beargarden,0,1,1,1.0
bonnier,1,0,1,0.0
adjn,0,1,1,1.0
noshrink,0,1,1,1.0
wostedat,0,1,1,1.0
esperar,0,1,1,1.0
telefônico,0,1,1,1.0
brigss,0,1,1,1.0
wkr,0,1,1,1.0
aquiroz,0,1,1,1.0
asddcr,0,1,1,1.0
honeywellscorch,0,1,1,1.0
dalobica,0,1,1,1.0
sullenwhitlock,0,1,1,1.0
afnwdsh,0,1,1,1.0
resubscrib,1,0,1,0.0
lyuqfr,0,1,1,1.0
crural,0,1,1,1.0
ysou,0,1,1,1.0
hôpital,0,1,1,1.0
efectuars,0,1,1,1.0
wptgv,0,1,1,1.0
izouaft,0,1,1,1.0
kurti,0,1,1,1.0
permitiram,0,1,1,1.0
dqaon,0,1,1,1.0
qab,0,1,1,1.0
iikjr,0,1,1,1.0
qrtgwhkxh,0,1,1,1.0
xox,0,1,1,1.0
volv,0,1,1,1.0
barrchriso,0,1,1,1.0
rdgqg,0,1,1,1.0
tweyxwyc,0,1,1,1.0
cwelch,0,1,1,1.0
tiffanytrox,1,0,1,0.0
ogfosl,0,1,1,1.0
scana,1,0,1,0.0
polymeta,0,1,1,1.0
dlm,0,1,1,1.0
britishdiaphan,0,1,1,1.0
minenfeld,0,1,1,1.0
arrangecanaver,0,1,1,1.0
fbbvwk,0,1,1,1.0
rrent,0,1,1,1.0
synhrgi,1,0,1,0.0
aam,0,1,1,1.0
mewpg,0,1,1,1.0
montagekalamazoo,0,1,1,1.0
thhhhisss,0,1,1,1.0
fercmidwest,1,0,1,0.0
stadim,0,1,1,1.0
saladcheckbook,0,1,1,1.0
yavgw,0,1,1,1.0
btblfqzmaa,0,1,1,1.0
outsp,0,1,1,1.0
proteolyt,0,1,1,1.0
wibg,0,1,1,1.0
jnelson,1,0,1,0.0
cartoonist,0,1,1,1.0
nipj,0,1,1,1.0
ivd,0,1,1,1.0
endgustavu,0,1,1,1.0
zofi,0,1,1,1.0
melamina,0,1,1,1.0
qheouk,0,1,1,1.0
apurada,0,1,1,1.0
expediac,1,0,1,0.0
sentthemeasur,0,1,1,1.0
begrant,1,0,1,0.0
cpum,0,1,1,1.0
ockeghem,0,1,1,1.0
shedoesitallnight,0,1,1,1.0
kulvind,1,0,1,0.0
dirtyblondel,0,1,1,1.0
excllus,0,1,1,1.0
lpour,0,1,1,1.0
tsawyer,1,0,1,0.0
darran,1,0,1,0.0
okbliing,0,1,1,1.0
nguqu,0,1,1,1.0
substainti,1,0,1,0.0
deikbxsj,0,1,1,1.0
savthought,0,1,1,1.0
imwpnpbr,0,1,1,1.0
ephdnxdmob,0,1,1,1.0
gaao,1,0,1,0.0
secretaría,0,1,1,1.0
cjorduaif,0,1,1,1.0
nonperform,1,0,1,0.0
ylbafsepgjv,0,1,1,1.0
mheraclid,0,1,1,1.0
jugginghildebrand,0,1,1,1.0
toplumesajci,0,1,1,1.0
drbu,0,1,1,1.0
rochman,1,0,1,0.0
sherryl,1,0,1,0.0
lmyrkuvo,0,1,1,1.0
staft,1,0,1,0.0
equitytrustag,0,1,1,1.0
vilgr,0,1,1,1.0
qnvioul,0,1,1,1.0
aqyok,0,1,1,1.0
redfish,1,0,1,0.0
djnqdl,0,1,1,1.0
welaxr,0,1,1,1.0
qujtgs,0,1,1,1.0
notificaci,0,1,1,1.0
erl,1,0,1,0.0
diubewbr,0,1,1,1.0
weddingstationeri,0,1,1,1.0
venden,0,1,1,1.0
klegu,0,1,1,1.0
cultuar,0,1,1,1.0
cokc,0,1,1,1.0
hiigh,0,1,1,1.0
freebe,0,1,1,1.0
dicocco,1,0,1,0.0
pyracantha,0,1,1,1.0
hlgajr,0,1,1,1.0
includesecomog,0,1,1,1.0
kief,0,1,1,1.0
gqdndd,0,1,1,1.0
aggravateboylston,0,1,1,1.0
skerik,1,0,1,0.0
msaurnej,0,1,1,1.0
manumiss,0,1,1,1.0
resolutionmulti,0,1,1,1.0
johng,1,0,1,0.0
coomfort,0,1,1,1.0
vassili,0,1,1,1.0
vonolmosatkirekpup,0,1,1,1.0
xzfbaxb,0,1,1,1.0
argentinia,1,0,1,0.0
qgfxqe,0,1,1,1.0
uwrerh,0,1,1,1.0
complient,0,1,1,1.0
readywindow,0,1,1,1.0
genuegt,0,1,1,1.0
dlsappoint,0,1,1,1.0
kqosdxafa,0,1,1,1.0
xrv,0,1,1,1.0
askthat,0,1,1,1.0
lxqat,0,1,1,1.0
prelimari,1,0,1,0.0
zbbpfwbfg,0,1,1,1.0
diffenc,1,0,1,0.0
afeslb,0,1,1,1.0
vapf,0,1,1,1.0
passl,0,1,1,1.0
société,0,1,1,1.0
iful,0,1,1,1.0
letzten,0,1,1,1.0
eyedirec,0,1,1,1.0
onmt,0,1,1,1.0
iofbwg,0,1,1,1.0
ffisn,0,1,1,1.0
zlqul,0,1,1,1.0
fertilis,1,0,1,0.0
oariti,0,1,1,1.0
unbeatabla,0,1,1,1.0
malena,0,1,1,1.0
pjfzea,0,1,1,1.0
gqjv,0,1,1,1.0
mgimbl,1,0,1,0.0
ucjnln,0,1,1,1.0
apduprov,0,1,1,1.0
bqil,0,1,1,1.0
stopimpot,0,1,1,1.0
yomamacaesar,0,1,1,1.0
jmagrud,1,0,1,0.0
axlgb,0,1,1,1.0
maharashstra,1,0,1,0.0
forwardnfidentiai,0,1,1,1.0
pjisi,0,1,1,1.0
hooxtso,0,1,1,1.0
cmofvon,0,1,1,1.0
amh,1,0,1,0.0
dyy,0,1,1,1.0
zub,1,0,1,0.0
vtznedvi,0,1,1,1.0
whjoinfre,0,1,1,1.0
noagl,0,1,1,1.0
everynight,0,1,1,1.0
zlsoaylo,0,1,1,1.0
detlef,1,0,1,0.0
vrsvcsn,0,1,1,1.0
moribundpuddli,0,1,1,1.0
kixyz,0,1,1,1.0
itit,0,1,1,1.0
screener,0,1,1,1.0
xaniax,0,1,1,1.0
conductd,0,1,1,1.0
triedto,0,1,1,1.0
shibuy,0,1,1,1.0
winpoeo,0,1,1,1.0
hormoh,0,1,1,1.0
tallam,1,0,1,0.0
tbfbtuca,0,1,1,1.0
mmbyhk,0,1,1,1.0
greatresult,0,1,1,1.0
etrm,1,0,1,0.0
msptbx,0,1,1,1.0
bonilla,0,1,1,1.0
phoneless,0,1,1,1.0
rktf,1,0,1,0.0
wath,0,1,1,1.0
wyhi,0,1,1,1.0
yoooou,0,1,1,1.0
jixoph,0,1,1,1.0
wyyxk,0,1,1,1.0
briababhdpr,0,1,1,1.0
xjd,0,1,1,1.0
eliza,0,1,1,1.0
laddiesurf,0,1,1,1.0
lyalszbmqvmxk,0,1,1,1.0
qjhpmxqxbvm,0,1,1,1.0
kontak,0,1,1,1.0
gyn,0,1,1,1.0
rasterteleskoprohr,0,1,1,1.0
welborn,1,0,1,0.0
wfq,0,1,1,1.0
uza,0,1,1,1.0
lxkuph,0,1,1,1.0
ufmo,0,1,1,1.0
pamelia,0,1,1,1.0
dentonfm,0,1,1,1.0
novato,0,1,1,1.0
øþúéìãûâü,0,1,1,1.0
greiss,1,0,1,0.0
mofongo,1,0,1,0.0
qxmv,0,1,1,1.0
onlvin,0,1,1,1.0
yqlpkotduy,0,1,1,1.0
umatilla,1,0,1,0.0
anymorqg,0,1,1,1.0
dendp,0,1,1,1.0
trdprod,1,0,1,0.0
rmvmex,0,1,1,1.0
wskaznikow,1,0,1,0.0
roemer,1,0,1,0.0
profll,0,1,1,1.0
unpopulardetract,0,1,1,1.0
nbvdwq,0,1,1,1.0
supterviyagra,0,1,1,1.0
nephewmar,0,1,1,1.0
rvb,0,1,1,1.0
pik,0,1,1,1.0
informt,0,1,1,1.0
aflvcoqrn,0,1,1,1.0
hookupvicki,0,1,1,1.0
beträg,0,1,1,1.0
betwixtl,0,1,1,1.0
mkiqmtbsk,0,1,1,1.0
youraccount,0,1,1,1.0
fijar,0,1,1,1.0
hjl,0,1,1,1.0
aimhom,1,0,1,0.0
millipor,1,0,1,0.0
banzer,1,0,1,0.0
dzb,0,1,1,1.0
codehot,0,1,1,1.0
pkftexa,1,0,1,0.0
sixfoot,0,1,1,1.0
xaanx,0,1,1,1.0
lydoq,0,1,1,1.0
oixbwi,0,1,1,1.0
delegado,0,1,1,1.0
vnwivd,0,1,1,1.0
permissionpass,0,1,1,1.0
lowercost,0,1,1,1.0
vifu,0,1,1,1.0
ditmi,0,1,1,1.0
reprent,1,0,1,0.0
rzarvy,0,1,1,1.0
diqb,0,1,1,1.0
peweshoth,0,1,1,1.0
discrpet,0,1,1,1.0
fpcm,0,1,1,1.0
chemitek,0,1,1,1.0
umddc,0,1,1,1.0
rendición,0,1,1,1.0
changcarrara,0,1,1,1.0
tenpin,0,1,1,1.0
vaolatil,0,1,1,1.0
askedno,0,1,1,1.0
gerah,0,1,1,1.0
summitbank,1,0,1,0.0
fgwmk,0,1,1,1.0
kingi,0,1,1,1.0
hjaaey,0,1,1,1.0
nakm,0,1,1,1.0
beingpromis,0,1,1,1.0
wzlbuiebayaew,0,1,1,1.0
evgxqakgt,0,1,1,1.0
aohxa,0,1,1,1.0
nevertherless,0,1,1,1.0
mfyfqqpq,0,1,1,1.0
brandedwatch,0,1,1,1.0
dzdqkiwk,0,1,1,1.0
cranic,0,1,1,1.0
ayqhyaxjdsnxmq,0,1,1,1.0
icitat,0,1,1,1.0
siueck,1,0,1,0.0
kycki,0,1,1,1.0
svanebacken,0,1,1,1.0
duzan,0,1,1,1.0
ncegpbldg,0,1,1,1.0
experimentar,0,1,1,1.0
datingwebsiteemail,0,1,1,1.0
mtvg,0,1,1,1.0
reqp,0,1,1,1.0
serializ,0,1,1,1.0
malicetuxedo,0,1,1,1.0
qhl,0,1,1,1.0
apf,0,1,1,1.0
tscmiwli,0,1,1,1.0
fdwogbu,0,1,1,1.0
sarahlmidori,0,1,1,1.0
atter,0,1,1,1.0
dyfhnu,0,1,1,1.0
heik,0,1,1,1.0
afreedomit,0,1,1,1.0
vermin,0,1,1,1.0
nathani,0,1,1,1.0
umtwyss,0,1,1,1.0
asxnvbq,0,1,1,1.0
amywhereof,0,1,1,1.0
percentmama,0,1,1,1.0
felicita,0,1,1,1.0
cywozw,0,1,1,1.0
haelth,0,1,1,1.0
brrand,0,1,1,1.0
lupita,1,0,1,0.0
veryconfidenti,0,1,1,1.0
mdd,0,1,1,1.0
uwbk,0,1,1,1.0
doughtili,0,1,1,1.0
pozzi,0,1,1,1.0
soot,0,1,1,1.0
theopen,0,1,1,1.0
pewuh,0,1,1,1.0
begay,0,1,1,1.0
tneedc,0,1,1,1.0
racism,1,0,1,0.0
algu,0,1,1,1.0
hazlewood,1,0,1,0.0
casandra,0,1,1,1.0
eeshelp,1,0,1,0.0
kungfu,1,0,1,0.0
rwk,0,1,1,1.0
allianceexpressl,1,0,1,0.0
riverbank,0,1,1,1.0
vermischt,0,1,1,1.0
appelbaum,1,0,1,0.0
nekkid,0,1,1,1.0
uyulzr,0,1,1,1.0
cejvgu,0,1,1,1.0
gasoducto,1,0,1,0.0
benificiari,0,1,1,1.0
qaeawlbq,0,1,1,1.0
tequilacarlo,0,1,1,1.0
lwwuzf,0,1,1,1.0
clockmak,0,1,1,1.0
kymograph,0,1,1,1.0
odpowiadalem,1,0,1,0.0
iquca,0,1,1,1.0
lqfolclb,0,1,1,1.0
audreylittl,0,1,1,1.0
hunr,0,1,1,1.0
sbojk,0,1,1,1.0
ntijliz,0,1,1,1.0
bahfouri,0,1,1,1.0
oqpbvehrolrut,0,1,1,1.0
zceqh,0,1,1,1.0
hubaertstraat,0,1,1,1.0
hamond,1,0,1,0.0
cocksuck,0,1,1,1.0
llgckj,0,1,1,1.0
zzjsn,0,1,1,1.0
vsmsm,0,1,1,1.0
mixmag,0,1,1,1.0
coauthordreari,0,1,1,1.0
tourenron,1,0,1,0.0
lntens,0,1,1,1.0
xhw,0,1,1,1.0
bangklo,0,1,1,1.0
ourpag,0,1,1,1.0
excesivo,0,1,1,1.0
kia,0,1,1,1.0
viiiiiagraa,0,1,1,1.0
circumbendibu,0,1,1,1.0
zdzlphff,0,1,1,1.0
northerh,0,1,1,1.0
fercl,1,0,1,0.0
uauiwj,0,1,1,1.0
tozosh,0,1,1,1.0
brookston,0,1,1,1.0
instrqument,0,1,1,1.0
wne,0,1,1,1.0
uboweoxvh,0,1,1,1.0
unadvertis,0,1,1,1.0
fufcg,0,1,1,1.0
hazelcrack,0,1,1,1.0
brafman,1,0,1,0.0
lslpll,0,1,1,1.0
asnti,0,1,1,1.0
satw,0,1,1,1.0
lmxq,0,1,1,1.0
nonansw,1,0,1,0.0
untlll,0,1,1,1.0
qqqay,0,1,1,1.0
darlagarth,0,1,1,1.0
addb,0,1,1,1.0
tramel,1,0,1,0.0
ipsdatabas,0,1,1,1.0
jellyfish,0,1,1,1.0
twko,0,1,1,1.0
unhors,0,1,1,1.0
trfeyh,0,1,1,1.0
colm,1,0,1,0.0
bienvenueau,0,1,1,1.0
gwenett,0,1,1,1.0
mxtjcd,0,1,1,1.0
orgszam,0,1,1,1.0
coffeepotdel,0,1,1,1.0
telecomunicazioni,0,1,1,1.0
mudgett,1,0,1,0.0
pxwpvyinxyr,0,1,1,1.0
rbqzgz,0,1,1,1.0
izbb,0,1,1,1.0
efphbun,0,1,1,1.0
stroudsburg,0,1,1,1.0
netslavmor,0,1,1,1.0
bergstromgrassland,0,1,1,1.0
leuthwait,1,0,1,0.0
chyang,0,1,1,1.0
nnjbgcebmbr,0,1,1,1.0
kpisanti,1,0,1,0.0
mondi,1,0,1,0.0
ldyk,0,1,1,1.0
qkaxin,0,1,1,1.0
thebowsprit,0,1,1,1.0
unbiddenboycott,0,1,1,1.0
equatorialglorifi,0,1,1,1.0
abra,0,1,1,1.0
crystalacropoli,0,1,1,1.0
rxssnrga,0,1,1,1.0
egibson,1,0,1,0.0
methodologycumul,0,1,1,1.0
torri,1,0,1,0.0
gpz,0,1,1,1.0
pqhop,0,1,1,1.0
nxmo,0,1,1,1.0
undsubcscrsib,0,1,1,1.0
tesc,0,1,1,1.0
drouthi,0,1,1,1.0
cdhsbjao,0,1,1,1.0
fatsrhombu,0,1,1,1.0
denominationalist,0,1,1,1.0
haryana,1,0,1,0.0
cqcnlnm,0,1,1,1.0
stepenovich,1,0,1,0.0
indistinct,0,1,1,1.0
euromillon,0,1,1,1.0
nzwepj,0,1,1,1.0
fortincheck,0,1,1,1.0
canright,1,0,1,0.0
borderlineequinox,0,1,1,1.0
uniquetrusto,0,1,1,1.0
nerissa,0,1,1,1.0
overl,0,1,1,1.0
wwatch,0,1,1,1.0
btire,0,1,1,1.0
fiorello,0,1,1,1.0
epcmg,0,1,1,1.0
ssave,0,1,1,1.0
macpaint,0,1,1,1.0
obonn,0,1,1,1.0
zhvsi,0,1,1,1.0
internationalpay,0,1,1,1.0
trusti,0,1,1,1.0
eckhart,0,1,1,1.0
dlkbrp,0,1,1,1.0
liovlnq,0,1,1,1.0
fantstico,0,1,1,1.0
shoay,0,1,1,1.0
kxslspekh,0,1,1,1.0
mmtaoxcu,0,1,1,1.0
crsfhtnervpoukcyub,0,1,1,1.0
yqf,0,1,1,1.0
saturnaliafeatur,0,1,1,1.0
yiekygm,0,1,1,1.0
vizinha,0,1,1,1.0
mjgtkjt,0,1,1,1.0
ormanc,0,1,1,1.0
phonemesseg,0,1,1,1.0
aunr,0,1,1,1.0
opthalm,0,1,1,1.0
infrarot,0,1,1,1.0
greeleyga,1,0,1,0.0
nielsonc,1,0,1,0.0
episcopalian,0,1,1,1.0
jbxdlnvtwszthg,0,1,1,1.0
beautifulpl,0,1,1,1.0
uhj,0,1,1,1.0
aalway,0,1,1,1.0
nowego,1,0,1,0.0
morddtgag,0,1,1,1.0
xrgmd,0,1,1,1.0
fiomiwcab,0,1,1,1.0
turma,0,1,1,1.0
editionyour,0,1,1,1.0
beursinformati,0,1,1,1.0
ciaretta,0,1,1,1.0
burndg,0,1,1,1.0
dishnow,0,1,1,1.0
drawbackblow,0,1,1,1.0
hsanusi,1,0,1,0.0
poltroon,0,1,1,1.0
minutesof,0,1,1,1.0
yalebidirect,0,1,1,1.0
bymank,1,0,1,0.0
bigga,0,1,1,1.0
zjdsl,0,1,1,1.0
vvideo,0,1,1,1.0
stokkpic,0,1,1,1.0
cardinali,1,0,1,0.0
embryologist,0,1,1,1.0
mwimgv,0,1,1,1.0
qvpwtx,0,1,1,1.0
jgsyh,0,1,1,1.0
jlugo,1,0,1,0.0
sudi,0,1,1,1.0
fongistehif,0,1,1,1.0
metodi,1,0,1,0.0
exxonmobl,1,0,1,0.0
ndatuzathand,0,1,1,1.0
snselffb,0,1,1,1.0
gasfundi,1,0,1,0.0
fonthil,1,0,1,0.0
wtlfkvmay,0,1,1,1.0
levyballoonist,0,1,1,1.0
walkaway,1,0,1,0.0
longd,0,1,1,1.0
yhnnwjqqtk,0,1,1,1.0
forpromot,0,1,1,1.0
ajudá,0,1,1,1.0
bvconlin,0,1,1,1.0
vxn,1,0,1,0.0
trustifi,0,1,1,1.0
tok,0,1,1,1.0
useem,1,0,1,0.0
spikenard,0,1,1,1.0
hepzibah,0,1,1,1.0
hoorni,0,1,1,1.0
queenstown,0,1,1,1.0
nkwuaq,0,1,1,1.0
locmp,0,1,1,1.0
blindsemboss,0,1,1,1.0
lpskxzinq,0,1,1,1.0
olj,0,1,1,1.0
dsmart,1,0,1,0.0
osterholt,1,0,1,0.0
czxvkvyhop,0,1,1,1.0
sgwfj,0,1,1,1.0
picardl,1,0,1,0.0
wyjaojfk,0,1,1,1.0
softcraft,1,0,1,0.0
usashow,0,1,1,1.0
jfc,0,1,1,1.0
valri,0,1,1,1.0
perdu,0,1,1,1.0
dxbfznq,0,1,1,1.0
axcdplbr,0,1,1,1.0
waon,0,1,1,1.0
shipping,0,1,1,1.0
mgjdq,0,1,1,1.0
arcadian,0,1,1,1.0
writhingfacil,0,1,1,1.0
teenz,0,1,1,1.0
faawmk,0,1,1,1.0
uraniarichard,0,1,1,1.0
ieal,0,1,1,1.0
strongimg,0,1,1,1.0
klasyfikacj,1,0,1,0.0
rerecord,0,1,1,1.0
dwnload,0,1,1,1.0
abdvyyhtxnv,0,1,1,1.0
madelain,0,1,1,1.0
tati,1,0,1,0.0
jyjpettaf,0,1,1,1.0
hochst,0,1,1,1.0
rlj,1,0,1,0.0
hdsl,0,1,1,1.0
ãèñý,0,1,1,1.0
mhwv,0,1,1,1.0
requistion,1,0,1,0.0
haorndorff,1,0,1,0.0
iywwvpnr,0,1,1,1.0
montefior,0,1,1,1.0
formu,0,1,1,1.0
econfomi,0,1,1,1.0
dmude,0,1,1,1.0
megatonirrit,0,1,1,1.0
cfomagazineaprol,1,0,1,0.0
qcwmlma,0,1,1,1.0
ypwvo,0,1,1,1.0
adauct,1,0,1,0.0
mtkfjr,0,1,1,1.0
dianecaust,0,1,1,1.0
encompas,1,0,1,0.0
quarterlti,1,0,1,0.0
kznv,0,1,1,1.0
zcvjm,0,1,1,1.0
wuxdraccuehdn,0,1,1,1.0
qan,0,1,1,1.0
pucoqucam,0,1,1,1.0
cbyrum,1,0,1,0.0
bdloli,0,1,1,1.0
anvpai,0,1,1,1.0
hag,0,1,1,1.0
equait,0,1,1,1.0
reacceler,1,0,1,0.0
abrahm,1,0,1,0.0
jsole,1,0,1,0.0
misposit,0,1,1,1.0
franckbenson,0,1,1,1.0
aiegain,0,1,1,1.0
musclë,0,1,1,1.0
hisavail,0,1,1,1.0
notoris,0,1,1,1.0
xjbdwxw,0,1,1,1.0
fdm,0,1,1,1.0
bgkwxkuy,0,1,1,1.0
concretament,0,1,1,1.0
mynetmarket,0,1,1,1.0
subconsci,0,1,1,1.0
postpetit,1,0,1,0.0
disconnectedl,1,0,1,0.0
dialpool,0,1,1,1.0
nhkyexpwylwm,0,1,1,1.0
ohvmpqwyj,0,1,1,1.0
offlimit,0,1,1,1.0
kainbojwt,0,1,1,1.0
kctwl,1,0,1,0.0
bloow,0,1,1,1.0
xsjsletkrhniha,0,1,1,1.0
qaqwwlu,0,1,1,1.0
beenprocess,0,1,1,1.0
potland,1,0,1,0.0
dewa,0,1,1,1.0
aachecar,1,0,1,0.0
jsandiford,1,0,1,0.0
iqrf,0,1,1,1.0
pghosh,1,0,1,0.0
apv,1,0,1,0.0
ncxxn,0,1,1,1.0
epecol,1,0,1,0.0
mvcc,0,1,1,1.0
gernf,0,1,1,1.0
ddenbina,1,0,1,0.0
seskc,0,1,1,1.0
wadewang,0,1,1,1.0
gereinigt,0,1,1,1.0
feucht,0,1,1,1.0
ywk,0,1,1,1.0
lupton,1,0,1,0.0
habrá,0,1,1,1.0
vwdfasiyo,0,1,1,1.0
racyhiracyo,0,1,1,1.0
beccaccini,1,0,1,0.0
apartmett,0,1,1,1.0
hargeisa,0,1,1,1.0
bjmen,0,1,1,1.0
thinkthat,0,1,1,1.0
wedesday,1,0,1,0.0
mbank,1,0,1,0.0
xsn,0,1,1,1.0
pva,0,1,1,1.0
uawdob,0,1,1,1.0
gvput,0,1,1,1.0
ckquy,0,1,1,1.0
disfavor,0,1,1,1.0
wftybk,0,1,1,1.0
usedworldwid,0,1,1,1.0
fioriicet,0,1,1,1.0
ohlemey,1,0,1,0.0
imoni,0,1,1,1.0
millionswatchsold,0,1,1,1.0
bugtraq,1,0,1,0.0
tombeau,0,1,1,1.0
äußern,0,1,1,1.0
juest,0,1,1,1.0
fromip,0,1,1,1.0
lucania,0,1,1,1.0
hfbdhcini,0,1,1,1.0
snjkj,0,1,1,1.0
thjtnfn,0,1,1,1.0
ggisnqrx,0,1,1,1.0
ljradydnn,0,1,1,1.0
ikurz,0,1,1,1.0
embsi,0,1,1,1.0
kurum,0,1,1,1.0
opex,1,0,1,0.0
corporationfalomo,0,1,1,1.0
lancholi,0,1,1,1.0
xanamrx,0,1,1,1.0
geum,0,1,1,1.0
phisharetuw,0,1,1,1.0
widthwis,0,1,1,1.0
ssalt,0,1,1,1.0
winona,0,1,1,1.0
vgbkkszda,0,1,1,1.0
qgtj,0,1,1,1.0
bokgscqj,0,1,1,1.0
wouild,0,1,1,1.0
µµµµit,0,1,1,1.0
vzbyld,0,1,1,1.0
convit,0,1,1,1.0
standardtech,0,1,1,1.0
ielcsx,0,1,1,1.0
ibero,0,1,1,1.0
designpath,1,0,1,0.0
utyulwv,0,1,1,1.0
gsoch,0,1,1,1.0
dwvovstx,0,1,1,1.0
antonioc,0,1,1,1.0
resons,1,0,1,0.0
undesign,0,1,1,1.0
abawlpil,0,1,1,1.0
gttsl,0,1,1,1.0
turboreynold,0,1,1,1.0
prrivatt,0,1,1,1.0
mwalsh,1,0,1,0.0
meungaro,0,1,1,1.0
iitwpik,0,1,1,1.0
anesthesiologist,0,1,1,1.0
publ,0,1,1,1.0
financemanag,0,1,1,1.0
thesecret,0,1,1,1.0
titleoh,0,1,1,1.0
casement,0,1,1,1.0
akayzvb,0,1,1,1.0
monden,1,0,1,0.0
regc,0,1,1,1.0
gvnwte,0,1,1,1.0
jxgqwstwt,0,1,1,1.0
houstonsymphoni,1,0,1,0.0
ntserver,1,0,1,0.0
authenticatemorpholog,0,1,1,1.0
petrocom,1,0,1,0.0
djwb,1,0,1,0.0
ikxohmxj,0,1,1,1.0
phaaarmaci,0,1,1,1.0
gwz,0,1,1,1.0
xlj,0,1,1,1.0
martinsl,0,1,1,1.0
mmxaxh,0,1,1,1.0
nadzieja,1,0,1,0.0
awemu,0,1,1,1.0
purrchaz,0,1,1,1.0
stressful,1,0,1,0.0
rlevasseur,0,1,1,1.0
qocaeyng,0,1,1,1.0
sdge,1,0,1,0.0
mldr,0,1,1,1.0
erigonn,0,1,1,1.0
michealjohn,0,1,1,1.0
admitir,0,1,1,1.0
gczbywgstljj,0,1,1,1.0
xckdawz,0,1,1,1.0
unvoid,1,0,1,0.0
jdavi,1,0,1,0.0
chancefirebal,0,1,1,1.0
gradwel,0,1,1,1.0
penalis,0,1,1,1.0
qfq,0,1,1,1.0
fmesophyl,0,1,1,1.0
andextract,0,1,1,1.0
afterdeath,0,1,1,1.0
griboedov,0,1,1,1.0
ahava,0,1,1,1.0
sterlin,0,1,1,1.0
downtownstreet,1,0,1,0.0
yeshivarubicund,0,1,1,1.0
dojbctor,0,1,1,1.0
immedaitley,0,1,1,1.0
lte,0,1,1,1.0
medicalstingl,0,1,1,1.0
palitza,1,0,1,0.0
lcek,0,1,1,1.0
jandrel,1,0,1,0.0
xwaywcruz,0,1,1,1.0
atisfact,0,1,1,1.0
customm,0,1,1,1.0
mordctgag,0,1,1,1.0
etlxo,0,1,1,1.0
bqpe,0,1,1,1.0
skoordynowac,1,0,1,0.0
hmad,1,0,1,0.0
mustnsfmadh,0,1,1,1.0
cought,0,1,1,1.0
bgdhxr,0,1,1,1.0
qvvod,0,1,1,1.0
theyne,0,1,1,1.0
mqwtevq,0,1,1,1.0
agm,0,1,1,1.0
sucros,0,1,1,1.0
smssmtp,0,1,1,1.0
busot,1,0,1,0.0
weght,0,1,1,1.0
disembark,0,1,1,1.0
hrfont,0,1,1,1.0
oygobf,0,1,1,1.0
weprovid,0,1,1,1.0
genomen,0,1,1,1.0
tqdvxcj,0,1,1,1.0
oow,0,1,1,1.0
esandridg,1,0,1,0.0
arayabilm,0,1,1,1.0
ltp,0,1,1,1.0
jegadeesh,1,0,1,0.0
vanm,0,1,1,1.0
adidi,0,1,1,1.0
oomavja,0,1,1,1.0
sachitanand,1,0,1,0.0
poziomi,1,0,1,0.0
dotwo,0,1,1,1.0
sintow,0,1,1,1.0
anyar,0,1,1,1.0
rentr,0,1,1,1.0
vreadi,0,1,1,1.0
avdxh,0,1,1,1.0
wmcobb,1,0,1,0.0
aqvd,0,1,1,1.0
deros,1,0,1,0.0
busbar,1,0,1,0.0
sbyww,0,1,1,1.0
jimroseo,1,0,1,0.0
desmeul,1,0,1,0.0
puang,0,1,1,1.0
placard,0,1,1,1.0
potednti,0,1,1,1.0
khbc,0,1,1,1.0
reardon,1,0,1,0.0
jada,1,0,1,0.0
xweotanj,0,1,1,1.0
itter,0,1,1,1.0
brutu,0,1,1,1.0
borlan,1,0,1,0.0
wzbqvl,0,1,1,1.0
sfpuz,0,1,1,1.0
oigqzh,0,1,1,1.0
raauq,0,1,1,1.0
whocar,1,0,1,0.0
lgk,0,1,1,1.0
lro,0,1,1,1.0
consentirai,0,1,1,1.0
nothk,0,1,1,1.0
upo,0,1,1,1.0
maur,0,1,1,1.0
dzu,0,1,1,1.0
finwd,0,1,1,1.0
comepl,1,0,1,0.0
nataliebidding,1,0,1,0.0
lolxwgdwmld,0,1,1,1.0
thisdecis,0,1,1,1.0
udubt,0,1,1,1.0
sbvq,0,1,1,1.0
zastosowaniu,1,0,1,0.0
twiner,0,1,1,1.0
gastransco,1,0,1,0.0
wzemo,0,1,1,1.0
jennifersmith,1,0,1,0.0
amidoazo,0,1,1,1.0
guardada,0,1,1,1.0
sethgraham,1,0,1,0.0
regulamento,0,1,1,1.0
dnjcd,0,1,1,1.0
fpzviwr,0,1,1,1.0
bournbefog,0,1,1,1.0
hlleo,0,1,1,1.0
kwusffkx,0,1,1,1.0
école,0,1,1,1.0
slkhta,0,1,1,1.0
hdc,0,1,1,1.0
probiert,0,1,1,1.0
qnfudwg,0,1,1,1.0
motherfuck,0,1,1,1.0
wyrazici,1,0,1,0.0
qvonoq,0,1,1,1.0
yiecsgp,0,1,1,1.0
kikumi,1,0,1,0.0
agradeceré,0,1,1,1.0
stronghector,0,1,1,1.0
exager,0,1,1,1.0
cjgwbov,0,1,1,1.0
muskegon,0,1,1,1.0
missl,0,1,1,1.0
bigfatblobinla,0,1,1,1.0
jyfflkiwd,0,1,1,1.0
nnen,0,1,1,1.0
reanalys,1,0,1,0.0
qld,0,1,1,1.0
trustbank,0,1,1,1.0
vraiment,0,1,1,1.0
crevier,1,0,1,0.0
keizersgr,0,1,1,1.0
cldlx,0,1,1,1.0
lastienda,1,0,1,0.0
stevemoor,0,1,1,1.0
zusatlichen,0,1,1,1.0
hrol,1,0,1,0.0
werst,1,0,1,0.0
chpest,0,1,1,1.0
tbnfwzf,0,1,1,1.0
noprescriptionrequir,0,1,1,1.0
colio,1,0,1,0.0
chaosmarvin,0,1,1,1.0
uypz,0,1,1,1.0
drafter,1,0,1,0.0
elasmosaur,0,1,1,1.0
iyopb,0,1,1,1.0
dchdpo,0,1,1,1.0
deweesw,1,0,1,0.0
unal,0,1,1,1.0
eepmattfrigaard,0,1,1,1.0
actvion,0,1,1,1.0
disponga,0,1,1,1.0
pinkster,0,1,1,1.0
boeingsomeday,0,1,1,1.0
aspinal,0,1,1,1.0
forgetther,0,1,1,1.0
preexist,1,0,1,0.0
eerectil,0,1,1,1.0
hmeo,0,1,1,1.0
drugssbymail,0,1,1,1.0
algernon,0,1,1,1.0
aristatech,0,1,1,1.0
muggin,0,1,1,1.0
ormat,0,1,1,1.0
memoryhorizon,0,1,1,1.0
ouor,0,1,1,1.0
boern,1,0,1,0.0
arianna,0,1,1,1.0
tausenden,0,1,1,1.0
somuj,0,1,1,1.0
rvw,0,1,1,1.0
iemsfra,0,1,1,1.0
matercraftsperson,0,1,1,1.0
nebum,0,1,1,1.0
japhonia,0,1,1,1.0
replicaworld,0,1,1,1.0
scorpionraptor,0,1,1,1.0
eywzs,0,1,1,1.0
fxtt,0,1,1,1.0
wczesni,1,0,1,0.0
rpxwxaz,0,1,1,1.0
iqphxdft,0,1,1,1.0
arbqgin,0,1,1,1.0
pohqrya,0,1,1,1.0
erkrath,0,1,1,1.0
masood,1,0,1,0.0
inecan,0,1,1,1.0
persqcripts,0,1,1,1.0
psmtp,0,1,1,1.0
kdagga,0,1,1,1.0
amilsdcx,0,1,1,1.0
cehfbqhm,0,1,1,1.0
lytdd,0,1,1,1.0
ecomon,1,0,1,0.0
dtszxb,0,1,1,1.0
netal,0,1,1,1.0
sedgwick,0,1,1,1.0
mywpvtyh,0,1,1,1.0
aboideau,0,1,1,1.0
qpvoa,0,1,1,1.0
evrzpnbr,0,1,1,1.0
rescop,1,0,1,0.0
mkierlanczyk,1,0,1,0.0
lamerangoon,0,1,1,1.0
ipyxqbxrugoi,0,1,1,1.0
cosleup,0,1,1,1.0
awsmpg,0,1,1,1.0
passino,0,1,1,1.0
miedo,0,1,1,1.0
ivoriewest,0,1,1,1.0
fogct,0,1,1,1.0
acvo,0,1,1,1.0
mlmam,1,0,1,0.0
vssd,0,1,1,1.0
mllle,0,1,1,1.0
aurxu,0,1,1,1.0
phtoo,0,1,1,1.0
ð,0,1,1,1.0
sueynl,0,1,1,1.0
maheswaran,1,0,1,0.0
bxvicuf,0,1,1,1.0
flatin,0,1,1,1.0
yay,0,1,1,1.0
morpheu,0,1,1,1.0
marketingtechnik,0,1,1,1.0
rgebnng,0,1,1,1.0
plimit,0,1,1,1.0
hereundertownsend,0,1,1,1.0
ecu,0,1,1,1.0
timetoshin,0,1,1,1.0
treuhänder,0,1,1,1.0
zasypiam,1,0,1,0.0
lapsu,0,1,1,1.0
jand,1,0,1,0.0
qlm,0,1,1,1.0
camberley,1,0,1,0.0
enajob,1,0,1,0.0
falkenstein,1,0,1,0.0
bnxhct,0,1,1,1.0
blinov,1,0,1,0.0
viagta,0,1,1,1.0
gofishelectr,0,1,1,1.0
whe,0,1,1,1.0
belwu,0,1,1,1.0
stanger,0,1,1,1.0
kemallor,1,0,1,0.0
dhgsxw,0,1,1,1.0
vitup,0,1,1,1.0
hinterlassen,0,1,1,1.0
iiid,0,1,1,1.0
iqo,0,1,1,1.0
kipyumjxb,0,1,1,1.0
engorroso,0,1,1,1.0
xnqr,0,1,1,1.0
autónoma,0,1,1,1.0
bastian,1,0,1,0.0
fvjepa,0,1,1,1.0
geotecton,0,1,1,1.0
msx,1,0,1,0.0
oal,0,1,1,1.0
mwuownzi,0,1,1,1.0
rmnmqv,0,1,1,1.0
readwrt,1,0,1,0.0
sxldi,0,1,1,1.0
projecct,1,0,1,0.0
ylsdkgbtbyksoc,0,1,1,1.0
hmxfyoisv,0,1,1,1.0
bama,1,0,1,0.0
hyunchul,0,1,1,1.0
strategyth,0,1,1,1.0
adquisicion,0,1,1,1.0
olypharmbymaiil,0,1,1,1.0
etrad,0,1,1,1.0
comprensiva,0,1,1,1.0
prouzac,0,1,1,1.0
mdfqom,0,1,1,1.0
multinet,0,1,1,1.0
fzxpcdc,0,1,1,1.0
odpadna,1,0,1,0.0
spycontrol,0,1,1,1.0
vyisfxj,0,1,1,1.0
unalan,0,1,1,1.0
gwellha,0,1,1,1.0
lodoyoustil,0,1,1,1.0
pzwonho,0,1,1,1.0
avalancheinexor,0,1,1,1.0
privatt,0,1,1,1.0
uwflo,0,1,1,1.0
lembrança,0,1,1,1.0
dueddzgr,0,1,1,1.0
jskrok,1,0,1,0.0
lenartowicz,1,0,1,0.0
valoi,0,1,1,1.0
prematureombudsperson,0,1,1,1.0
beauftragung,0,1,1,1.0
mpebapsv,0,1,1,1.0
arabesquelobo,0,1,1,1.0
bhbfntm,0,1,1,1.0
lteti,0,1,1,1.0
isymcr,0,1,1,1.0
lixiao,1,0,1,0.0
afuh,0,1,1,1.0
jojowpc,1,0,1,0.0
ajug,0,1,1,1.0
lyl,0,1,1,1.0
nhtyjnakutustani,0,1,1,1.0
nucleant,0,1,1,1.0
anonymis,0,1,1,1.0
bxyh,0,1,1,1.0
awheel,0,1,1,1.0
cricoarytenoid,0,1,1,1.0
edgworth,1,0,1,0.0
kerio,0,1,1,1.0
ormoan,0,1,1,1.0
bychequ,0,1,1,1.0
mmjohc,0,1,1,1.0
ztu,0,1,1,1.0
kanada,0,1,1,1.0
geileinternet,0,1,1,1.0
viadgra,0,1,1,1.0
wic,0,1,1,1.0
mbere,0,1,1,1.0
efdpdxcbmqf,0,1,1,1.0
ssisno,0,1,1,1.0
phantasycuba,0,1,1,1.0
nationsbank,1,0,1,0.0
flirtish,0,1,1,1.0
furrin,1,0,1,0.0
preencher,0,1,1,1.0
besmirchantebellum,0,1,1,1.0
qowami,0,1,1,1.0
drjqfmygz,0,1,1,1.0
reaganwel,1,0,1,0.0
niech,0,1,1,1.0
epyxdv,0,1,1,1.0
hxceohuixa,0,1,1,1.0
wookie,1,0,1,0.0
ubuha,0,1,1,1.0
haythornthwait,1,0,1,0.0
wiiiiill,0,1,1,1.0
reithing,0,1,1,1.0
crsaaqep,0,1,1,1.0
pmiol,0,1,1,1.0
gallantstatl,0,1,1,1.0
extraldap,0,1,1,1.0
ontf,0,1,1,1.0
vintagefuck,0,1,1,1.0
monsterbustincock,0,1,1,1.0
xanuch,0,1,1,1.0
tpwhcm,0,1,1,1.0
plf,1,0,1,0.0
dxcu,0,1,1,1.0
standethabout,0,1,1,1.0
inurnn,0,1,1,1.0
vbrekd,0,1,1,1.0
eriþim,0,1,1,1.0
iwqzkeoloq,0,1,1,1.0
fpzglacv,0,1,1,1.0
disbcreet,0,1,1,1.0
eriksen,1,0,1,0.0
jbwadh,0,1,1,1.0
politicschao,0,1,1,1.0
vsbk,0,1,1,1.0
glanshavilland,0,1,1,1.0
chca,1,0,1,0.0
exportn,0,1,1,1.0
hofgz,0,1,1,1.0
readdress,1,0,1,0.0
xwh,0,1,1,1.0
akrobat,0,1,1,1.0
htmlherebr,0,1,1,1.0
earthwatch,1,0,1,0.0
hxgrrpnj,0,1,1,1.0
wncl,0,1,1,1.0
bozombo,0,1,1,1.0
qjjvmkf,0,1,1,1.0
qfn,0,1,1,1.0
payload,1,0,1,0.0
likeliest,0,1,1,1.0
hagfxpeda,0,1,1,1.0
substitutegabbl,0,1,1,1.0
txdj,0,1,1,1.0
supletorioa,0,1,1,1.0
kooymxew,0,1,1,1.0
lonppwk,0,1,1,1.0
cwebbbland,1,0,1,0.0
odneal,1,0,1,0.0
lazktc,0,1,1,1.0
pjpowerlaw,1,0,1,0.0
pida,0,1,1,1.0
romberg,1,0,1,0.0
dfenseur,0,1,1,1.0
agendade,0,1,1,1.0
monom,0,1,1,1.0
biceralenov,0,1,1,1.0
barrant,1,0,1,0.0
passedtonto,0,1,1,1.0
ygxi,0,1,1,1.0
sechedul,1,0,1,0.0
ferromagnetlyric,0,1,1,1.0
klofvrq,0,1,1,1.0
capiet,0,1,1,1.0
innerv,0,1,1,1.0
smpiltkapivzvoifh,0,1,1,1.0
andrev,0,1,1,1.0
jvutln,0,1,1,1.0
eskey,0,1,1,1.0
areadvis,0,1,1,1.0
hqc,0,1,1,1.0
wyslemi,1,0,1,0.0
wkqucm,0,1,1,1.0
qmanc,0,1,1,1.0
xkjjp,0,1,1,1.0
wqv,0,1,1,1.0
indestri,0,1,1,1.0
nauticacaesar,0,1,1,1.0
overreach,1,0,1,0.0
jna,0,1,1,1.0
gfylni,0,1,1,1.0
bezdomni,0,1,1,1.0
blil,0,1,1,1.0
wegner,1,0,1,0.0
skqphk,0,1,1,1.0
chekc,0,1,1,1.0
evjwco,0,1,1,1.0
parapleg,0,1,1,1.0
rnxkkliii,0,1,1,1.0
xhb,0,1,1,1.0
atrophicchunk,0,1,1,1.0
uepk,0,1,1,1.0
tiffanyhyp,0,1,1,1.0
emerton,1,0,1,0.0
abvcm,0,1,1,1.0
vsyfsxxowowfemkyz,0,1,1,1.0
waffen,0,1,1,1.0
kwebqx,0,1,1,1.0
redwingfountain,0,1,1,1.0
bounday,1,0,1,0.0
txzqrxsv,0,1,1,1.0
yqeo,0,1,1,1.0
gotel,0,1,1,1.0
xtlisvper,0,1,1,1.0
senoraeaten,0,1,1,1.0
xylographi,0,1,1,1.0
eistla,0,1,1,1.0
porfabor,0,1,1,1.0
steunpunt,0,1,1,1.0
mccreari,1,0,1,0.0
geplant,1,0,1,0.0
kxcux,0,1,1,1.0
xnpb,0,1,1,1.0
jbourn,1,0,1,0.0
marybeth,1,0,1,0.0
seinem,0,1,1,1.0
azgcwmyh,0,1,1,1.0
csycp,0,1,1,1.0
marjoryserg,0,1,1,1.0
deena,0,1,1,1.0
whomwa,0,1,1,1.0
doorn,0,1,1,1.0
kuotlddh,0,1,1,1.0
badri,1,0,1,0.0
quinton,0,1,1,1.0
mdjoseph,1,0,1,0.0
smartcard,1,0,1,0.0
cshxm,0,1,1,1.0
sgtc,1,0,1,0.0
aezzxa,0,1,1,1.0
tbcej,0,1,1,1.0
ibdleswzw,0,1,1,1.0
anarchist,0,1,1,1.0
moreupto,0,1,1,1.0
unbroken,1,0,1,0.0
syndey,1,0,1,0.0
rwerner,0,1,1,1.0
dotnet,0,1,1,1.0
wjftramadol,0,1,1,1.0
rztxwnn,0,1,1,1.0
housewiferi,0,1,1,1.0
knnten,0,1,1,1.0
stoixoia,0,1,1,1.0
drofzf,0,1,1,1.0
voreill,1,0,1,0.0
cheshirebudgetari,0,1,1,1.0
grnpmopti,0,1,1,1.0
thingswevalu,0,1,1,1.0
garlington,1,0,1,0.0
pharmma,0,1,1,1.0
rwium,0,1,1,1.0
gayhgxkd,0,1,1,1.0
aunn,0,1,1,1.0
openwork,0,1,1,1.0
schichtern,0,1,1,1.0
vfcbi,0,1,1,1.0
tpo,0,1,1,1.0
repitit,0,1,1,1.0
fujimori,0,1,1,1.0
modelingproject,1,0,1,0.0
ylz,0,1,1,1.0
fetterlock,0,1,1,1.0
kmojp,0,1,1,1.0
qjqih,0,1,1,1.0
tencat,1,0,1,0.0
agarwallah,1,0,1,0.0
parc,0,1,1,1.0
chachoengsao,0,1,1,1.0
jvke,0,1,1,1.0
lebenswandel,0,1,1,1.0
irelc,0,1,1,1.0
asthmametcalf,0,1,1,1.0
entrapraneurship,1,0,1,0.0
fxfoamxobopuipg,0,1,1,1.0
theismboth,0,1,1,1.0
stli,0,1,1,1.0
africaphyto,0,1,1,1.0
andreessen,1,0,1,0.0
januaryi,0,1,1,1.0
yqdwlw,0,1,1,1.0
dankt,0,1,1,1.0
handelt,0,1,1,1.0
pkemper,1,0,1,0.0
lovegretchen,0,1,1,1.0
anticipars,0,1,1,1.0
htmple,0,1,1,1.0
appraisingli,0,1,1,1.0
whatwa,0,1,1,1.0
updvqor,0,1,1,1.0
sabscrib,0,1,1,1.0
vistaar,1,0,1,0.0
polityczn,1,0,1,0.0
zybgan,0,1,1,1.0
spontanitdt,0,1,1,1.0
protectorship,0,1,1,1.0
salespeopl,0,1,1,1.0
hdvasexabllr,0,1,1,1.0
sitiuat,1,0,1,0.0
jgdzpu,0,1,1,1.0
ático,0,1,1,1.0
bmrjqc,0,1,1,1.0
xjvg,0,1,1,1.0
gunroom,0,1,1,1.0
auntbeliev,0,1,1,1.0
oooopppss,1,0,1,0.0
virilityy,0,1,1,1.0
ujm,0,1,1,1.0
cjoytfg,0,1,1,1.0
nsatisfyxiib,0,1,1,1.0
damepostpon,0,1,1,1.0
mrasco,1,0,1,0.0
tooeri,0,1,1,1.0
lasset,1,0,1,0.0
birkero,0,1,1,1.0
ghartmann,0,1,1,1.0
hfdmp,0,1,1,1.0
mclain,1,0,1,0.0
ony,0,1,1,1.0
echnolog,0,1,1,1.0
handemso,0,1,1,1.0
apkomri,0,1,1,1.0
ungratifi,0,1,1,1.0
whitmor,0,1,1,1.0
thehousewhileh,0,1,1,1.0
colliw,1,0,1,0.0
sebl,0,1,1,1.0
compressão,0,1,1,1.0
tbstebbin,1,0,1,0.0
xjtttosuv,0,1,1,1.0
racecours,0,1,1,1.0
nihon,1,0,1,0.0
fcvlpe,0,1,1,1.0
inarc,0,1,1,1.0
poa,0,1,1,1.0
praskovya,0,1,1,1.0
marycochran,1,0,1,0.0
xjumdl,0,1,1,1.0
periodístico,0,1,1,1.0
chaanc,0,1,1,1.0
framboesia,0,1,1,1.0
pclipwf,0,1,1,1.0
hoagburg,1,0,1,0.0
riphush,0,1,1,1.0
braumley,1,0,1,0.0
powerdat,1,0,1,0.0
btgp,0,1,1,1.0
evtimij,0,1,1,1.0
jiccjc,0,1,1,1.0
yetkilileri,0,1,1,1.0
eupru,0,1,1,1.0
jvgigo,0,1,1,1.0
guuarantt,0,1,1,1.0
ksewan,0,1,1,1.0
hyurri,0,1,1,1.0
realbrechtcomplex,0,1,1,1.0
ffjpcdchwc,0,1,1,1.0
amereada,1,0,1,0.0
piefac,0,1,1,1.0
tadolafil,0,1,1,1.0
westboundchalic,0,1,1,1.0
jordon,1,0,1,0.0
yawoourwayr,0,1,1,1.0
lelt,1,0,1,0.0
bpfst,0,1,1,1.0
tseeli,1,0,1,0.0
oiti,0,1,1,1.0
learnth,0,1,1,1.0
investeor,0,1,1,1.0
retroprojetor,0,1,1,1.0
khjaj,0,1,1,1.0
jrmrkglaxvr,0,1,1,1.0
brtoronto,0,1,1,1.0
surfgrl,0,1,1,1.0
lkvqj,0,1,1,1.0
revspktemp,1,0,1,0.0
mounter,0,1,1,1.0
tailwat,1,0,1,0.0
consultat,1,0,1,0.0
drayton,1,0,1,0.0
przyspieszi,1,0,1,0.0
izm,0,1,1,1.0
swbralizarin,0,1,1,1.0
mfzzllviplz,0,1,1,1.0
plaftorm,1,0,1,0.0
theywent,0,1,1,1.0
entstehen,0,1,1,1.0
belnosk,1,0,1,0.0
tpfiyxnj,0,1,1,1.0
ricmbali,0,1,1,1.0
cupsm,0,1,1,1.0
finda,1,0,1,0.0
eroietnc,0,1,1,1.0
toptabl,0,1,1,1.0
clfyhtmso,0,1,1,1.0
ngwkjzqfuswj,0,1,1,1.0
ovmzcocypqbq,0,1,1,1.0
kcfdzdbrfujeri,0,1,1,1.0
åý,0,1,1,1.0
pnyionyli,0,1,1,1.0
gvmp,0,1,1,1.0
differeth,0,1,1,1.0
ésta,0,1,1,1.0
cidkni,0,1,1,1.0
hvdab,0,1,1,1.0
homeffff,0,1,1,1.0
tilburg,0,1,1,1.0
bernstorff,0,1,1,1.0
managementshar,0,1,1,1.0
vjke,0,1,1,1.0
hhbl,0,1,1,1.0
leuthold,1,0,1,0.0
cwwumdsqfjl,0,1,1,1.0
nnkaro,0,1,1,1.0
qcvifrbpkd,0,1,1,1.0
cbwhitta,1,0,1,0.0
ojvaogf,0,1,1,1.0
nonpubl,1,0,1,0.0
wuwwib,0,1,1,1.0
vicoodiin,0,1,1,1.0
nohq,0,1,1,1.0
socgerbun,0,1,1,1.0
aurorum,0,1,1,1.0
ñ,0,1,1,1.0
interancional,0,1,1,1.0
possamo,0,1,1,1.0
junipercircu,0,1,1,1.0
peploswil,0,1,1,1.0
prithe,0,1,1,1.0
perday,0,1,1,1.0
corpsmenheav,0,1,1,1.0
penix,0,1,1,1.0
fantasiosa,0,1,1,1.0
hgq,0,1,1,1.0
jgiiqvp,0,1,1,1.0
fsqow,0,1,1,1.0
chercher,0,1,1,1.0
kysrtfqrt,0,1,1,1.0
kpshfh,0,1,1,1.0
wmcr,0,1,1,1.0
gossk,0,1,1,1.0
lancasterclass,0,1,1,1.0
yzhlcth,0,1,1,1.0
moneyweek,0,1,1,1.0
drsjc,0,1,1,1.0
beltmak,0,1,1,1.0
kafk,0,1,1,1.0
jimenezcrespo,1,0,1,0.0
uru,0,1,1,1.0
lindacooko,0,1,1,1.0
platnosc,1,0,1,0.0
dissimiliar,1,0,1,0.0
ledenservic,0,1,1,1.0
kelrbki,0,1,1,1.0
continualiy,0,1,1,1.0
labelpro,0,1,1,1.0
ceenyr,0,1,1,1.0
sinlg,0,1,1,1.0
vourlt,0,1,1,1.0
blagoveshchensk,0,1,1,1.0
hhwffhb,0,1,1,1.0
percywarrior,0,1,1,1.0
dmhtbocjg,0,1,1,1.0
chambersjoin,0,1,1,1.0
nautoclav,0,1,1,1.0
gerrirandali,0,1,1,1.0
toasti,0,1,1,1.0
ewp,1,0,1,0.0
shintaro,1,0,1,0.0
mortgagor,0,1,1,1.0
tomó,0,1,1,1.0
montgomeryco,0,1,1,1.0
tusgar,1,0,1,0.0
resubmiss,0,1,1,1.0
husson,1,0,1,0.0
siya,0,1,1,1.0
tfx,1,0,1,0.0
nontax,1,0,1,0.0
cinctur,0,1,1,1.0
satisifi,0,1,1,1.0
iduya,0,1,1,1.0
tolbert,1,0,1,0.0
vmu,0,1,1,1.0
mailboy,1,0,1,0.0
ãîê,0,1,1,1.0
tmpwucfh,0,1,1,1.0
rkhtbthsimg,0,1,1,1.0
exprob,0,1,1,1.0
babb,1,0,1,0.0
jckgcd,0,1,1,1.0
sisna,1,0,1,0.0
caisop,1,0,1,0.0
atomicdot,0,1,1,1.0
mxmka,0,1,1,1.0
dìët,0,1,1,1.0
enviadopor,0,1,1,1.0
jbbvppbr,0,1,1,1.0
sjjv,0,1,1,1.0
llgn,0,1,1,1.0
cassilynn,0,1,1,1.0
ovebrpani,0,1,1,1.0
cfrnwopom,0,1,1,1.0
vvcxfn,0,1,1,1.0
uctgr,0,1,1,1.0
mvpwq,0,1,1,1.0
fokpcb,0,1,1,1.0
ajglhhjvd,0,1,1,1.0
intercontinen,1,0,1,0.0
wmxxm,0,1,1,1.0
agredado,0,1,1,1.0
xrhfp,0,1,1,1.0
jefferey,0,1,1,1.0
asphericguilti,0,1,1,1.0
shealreadi,0,1,1,1.0
cabriolet,0,1,1,1.0
vjtcqnle,0,1,1,1.0
axyo,0,1,1,1.0
gantt,1,0,1,0.0
dmpcquu,0,1,1,1.0
eidrh,0,1,1,1.0
fjk,0,1,1,1.0
surajeet,1,0,1,0.0
tyro,1,0,1,0.0
thebeneficiari,0,1,1,1.0
uiaoj,0,1,1,1.0
abtyw,0,1,1,1.0
utsupporta,0,1,1,1.0
alehc,0,1,1,1.0
kamikaz,0,1,1,1.0
scaphiopu,0,1,1,1.0
piae,0,1,1,1.0
gbiwtg,0,1,1,1.0
gedwbba,0,1,1,1.0
yew,1,0,1,0.0
yiyh,0,1,1,1.0
czuzbo,0,1,1,1.0
einschalten,0,1,1,1.0
qjwmnpuil,0,1,1,1.0
lufthansasoliton,0,1,1,1.0
alycewiley,0,1,1,1.0
kindi,1,0,1,0.0
hoffsveien,1,0,1,0.0
abraun,1,0,1,0.0
dornier,1,0,1,0.0
emisji,1,0,1,0.0
theyjsx,0,1,1,1.0
fct,0,1,1,1.0
nokvqzd,0,1,1,1.0
wvyhkuich,0,1,1,1.0
alhg,0,1,1,1.0
nivvwn,0,1,1,1.0
deadroxi,0,1,1,1.0
totrad,0,1,1,1.0
viagraaugustin,0,1,1,1.0
zollikofen,0,1,1,1.0
duchain,0,1,1,1.0
novosad,1,0,1,0.0
paler,0,1,1,1.0
shnabhogu,1,0,1,0.0
yhz,0,1,1,1.0
bqx,0,1,1,1.0
eleat,0,1,1,1.0
dyronr,0,1,1,1.0
manièr,0,1,1,1.0
ecosym,1,0,1,0.0
veröffentlicht,0,1,1,1.0
wethepeoplegroup,0,1,1,1.0
leen,0,1,1,1.0
icfs,0,1,1,1.0
credpit,0,1,1,1.0
nongovernment,1,0,1,0.0
samgeday,0,1,1,1.0
cutso,0,1,1,1.0
bubastit,0,1,1,1.0
mfcisapicommand,0,1,1,1.0
cravatllum,0,1,1,1.0
avaiml,0,1,1,1.0
mccannargu,0,1,1,1.0
ouxur,0,1,1,1.0
haywir,1,0,1,0.0
jbond,1,0,1,0.0
viagnrla,0,1,1,1.0
estrategi,1,0,1,0.0
supervifagra,0,1,1,1.0
scrupulousmarksman,0,1,1,1.0
electrodo,0,1,1,1.0
enstrust,0,1,1,1.0
verspreid,0,1,1,1.0
availbl,1,0,1,0.0
hispe,0,1,1,1.0
fisicamercadeo,0,1,1,1.0
swilson,1,0,1,0.0
prioritaria,0,1,1,1.0
adsinfo,0,1,1,1.0
nqdpvvdpf,0,1,1,1.0
unsich,0,1,1,1.0
nkdjji,0,1,1,1.0
andin,0,1,1,1.0
spqbyq,0,1,1,1.0
cumohst,0,1,1,1.0
overemphas,0,1,1,1.0
frzee,0,1,1,1.0
fistolera,1,0,1,0.0
yaahoo,0,1,1,1.0
someo,0,1,1,1.0
caceett,1,0,1,0.0
yttfjq,0,1,1,1.0
wouldnâ,0,1,1,1.0
samteday,0,1,1,1.0
zsoxlasv,0,1,1,1.0
haaaaaarder,0,1,1,1.0
racerxnimrod,0,1,1,1.0
tgmiq,0,1,1,1.0
blakej,1,0,1,0.0
comitatu,0,1,1,1.0
há,0,1,1,1.0
hoour,0,1,1,1.0
hairlless,0,1,1,1.0
telesystem,0,1,1,1.0
dmobr,0,1,1,1.0
yxjpih,0,1,1,1.0
princeyengeni,0,1,1,1.0
avis,0,1,1,1.0
distcount,0,1,1,1.0
eanubi,0,1,1,1.0
enoughof,0,1,1,1.0
enugu,0,1,1,1.0
princengrach,0,1,1,1.0
sdclwk,0,1,1,1.0
lifeless,0,1,1,1.0
lpktcwcmvgtg,0,1,1,1.0
sicher,0,1,1,1.0
maillinglist,0,1,1,1.0
zantr,0,1,1,1.0
stimat,0,1,1,1.0
jxebjpi,0,1,1,1.0
xet,0,1,1,1.0
fnuktni,0,1,1,1.0
zjhcczc,0,1,1,1.0
corst,0,1,1,1.0
lffoan,0,1,1,1.0
bartcalypso,0,1,1,1.0
graciela,1,0,1,0.0
typu,1,0,1,0.0
bokarkdjjbc,0,1,1,1.0
nsvfqn,0,1,1,1.0
signifig,0,1,1,1.0
cabecera,0,1,1,1.0
pankara,0,1,1,1.0
terrilyn,0,1,1,1.0
gutsyiconoclast,0,1,1,1.0
intelling,1,0,1,0.0
llist,1,0,1,0.0
expensesw,0,1,1,1.0
qdaakglj,0,1,1,1.0
morden,0,1,1,1.0
amerikhcan,0,1,1,1.0
guiltfre,0,1,1,1.0
atrcwhgz,0,1,1,1.0
einwänd,0,1,1,1.0
uldad,0,1,1,1.0
wonderfulexist,0,1,1,1.0
seborrea,0,1,1,1.0
westlawpc,1,0,1,0.0
comunicação,0,1,1,1.0
throughlegisl,1,0,1,0.0
wbyvex,0,1,1,1.0
overbal,0,1,1,1.0
defaultl,0,1,1,1.0
marquag,0,1,1,1.0
tuaqgw,0,1,1,1.0
vdsbmurp,0,1,1,1.0
peniiss,0,1,1,1.0
imroz,0,1,1,1.0
valorem,1,0,1,0.0
harmamail,0,1,1,1.0
inrush,0,1,1,1.0
hania,0,1,1,1.0
shuould,0,1,1,1.0
jbatik,0,1,1,1.0
bylineambival,0,1,1,1.0
tabloidlithium,0,1,1,1.0
juist,0,1,1,1.0
rfj,0,1,1,1.0
dreed,1,0,1,0.0
ganach,1,0,1,0.0
baxfd,0,1,1,1.0
cableradionetwork,0,1,1,1.0
malll,0,1,1,1.0
oldclothesshop,0,1,1,1.0
chaang,0,1,1,1.0
zcash,1,0,1,0.0
interregion,1,0,1,0.0
xycbbbmcq,0,1,1,1.0
mzidvvjb,0,1,1,1.0
yincant,0,1,1,1.0
xkem,0,1,1,1.0
ination,0,1,1,1.0
mdjamena,0,1,1,1.0
petrosa,0,1,1,1.0
wisew,1,0,1,0.0
ghraib,0,1,1,1.0
ceday,0,1,1,1.0
eintreten,0,1,1,1.0
qqo,0,1,1,1.0
newswatchngr,0,1,1,1.0
mentionedcheckk,0,1,1,1.0
stairwaymontrachet,0,1,1,1.0
bootlick,0,1,1,1.0
mucwoor,0,1,1,1.0
presterol,0,1,1,1.0
befo,0,1,1,1.0
overn,0,1,1,1.0
majida,0,1,1,1.0
busesch,0,1,1,1.0
xfdnd,0,1,1,1.0
genax,0,1,1,1.0
standpointcosmet,0,1,1,1.0
tropsoft,1,0,1,0.0
boughtaffect,0,1,1,1.0
realizador,0,1,1,1.0
meckler,1,0,1,0.0
aaorwg,0,1,1,1.0
hortens,1,0,1,0.0
sbpktbm,0,1,1,1.0
isthyqlr,0,1,1,1.0
vidhmibr,0,1,1,1.0
thecustom,0,1,1,1.0
redaktorem,1,0,1,0.0
knig,1,0,1,0.0
uzlst,0,1,1,1.0
abbamont,1,0,1,0.0
flkbowkw,0,1,1,1.0
wangqin,0,1,1,1.0
ddomin,1,0,1,0.0
badoeztk,0,1,1,1.0
cesarb,0,1,1,1.0
holladay,0,1,1,1.0
sailesh,1,0,1,0.0
offerbrr,0,1,1,1.0
xjhoeclvlhacrl,0,1,1,1.0
onderzoeken,0,1,1,1.0
qeabkjmm,0,1,1,1.0
outstat,0,1,1,1.0
braek,1,0,1,0.0
termunivers,0,1,1,1.0
blaylock,1,0,1,0.0
rofof,0,1,1,1.0
bhv,0,1,1,1.0
itsfrom,0,1,1,1.0
gfgi,0,1,1,1.0
paillett,0,1,1,1.0
jfijbmcqmgrt,0,1,1,1.0
epqpdehfwbh,0,1,1,1.0
superposableadel,0,1,1,1.0
jimnlav,0,1,1,1.0
buuuuurne,0,1,1,1.0
nzvt,0,1,1,1.0
tptej,0,1,1,1.0
lappi,0,1,1,1.0
plosiv,0,1,1,1.0
paviour,0,1,1,1.0
clubincompat,0,1,1,1.0
kyo,0,1,1,1.0
josnu,0,1,1,1.0
electricfool,0,1,1,1.0
uberweisung,0,1,1,1.0
sano,0,1,1,1.0
selfpollin,0,1,1,1.0
pressli,0,1,1,1.0
heapelyst,0,1,1,1.0
suctionmaudlin,0,1,1,1.0
hizumopasiph,0,1,1,1.0
pamhj,0,1,1,1.0
integrada,0,1,1,1.0
maarten,0,1,1,1.0
abwatt,0,1,1,1.0
dsign,0,1,1,1.0
vcvdq,0,1,1,1.0
storylin,1,0,1,0.0
dptspd,0,1,1,1.0
wichtigst,0,1,1,1.0
aggiebob,1,0,1,0.0
broschur,1,0,1,0.0
lelli,1,0,1,0.0
daydreamautomot,0,1,1,1.0
credenci,0,1,1,1.0
expertfiefdom,0,1,1,1.0
sqrtuj,0,1,1,1.0
integriert,0,1,1,1.0
homozygousdelaney,0,1,1,1.0
miii,0,1,1,1.0
maud,0,1,1,1.0
rhbrook,1,0,1,0.0
wepco,1,0,1,0.0
personaliy,0,1,1,1.0
tijdig,0,1,1,1.0
iwccgrbq,0,1,1,1.0
warnock,0,1,1,1.0
worldnew,0,1,1,1.0
zohygc,0,1,1,1.0
zlkznrib,0,1,1,1.0
pziwursg,0,1,1,1.0
rvzcn,0,1,1,1.0
historiograph,0,1,1,1.0
cxfkoii,0,1,1,1.0
flasher,0,1,1,1.0
sttcl,0,1,1,1.0
lookimmodesti,0,1,1,1.0
nqyobp,0,1,1,1.0
tennil,0,1,1,1.0
rhapsodicunit,0,1,1,1.0
bioconsult,0,1,1,1.0
ultraviolet,0,1,1,1.0
becbaus,0,1,1,1.0
holton,1,0,1,0.0
circumstanc,0,1,1,1.0
ivo,0,1,1,1.0
popnproooithrlronqrkrl,0,1,1,1.0
hmb,0,1,1,1.0
jynndcw,0,1,1,1.0
okexactli,0,1,1,1.0
ozonolysi,0,1,1,1.0
gennif,1,0,1,0.0
binghamtarpap,0,1,1,1.0
ulfewf,0,1,1,1.0
fundamet,1,0,1,0.0
llbfkvtwa,0,1,1,1.0
yoouur,0,1,1,1.0
speller,0,1,1,1.0
efectivaqu,0,1,1,1.0
greatesn,0,1,1,1.0
weetxw,0,1,1,1.0
piiar,0,1,1,1.0
ekykujt,0,1,1,1.0
qaqtthdm,0,1,1,1.0
leneros,1,0,1,0.0
kzbfsdb,0,1,1,1.0
utvrevp,0,1,1,1.0
kdhlzqugb,0,1,1,1.0
sulfatebal,0,1,1,1.0
electrnicament,0,1,1,1.0
flitsinformati,0,1,1,1.0
wxezpth,0,1,1,1.0
negativo,0,1,1,1.0
mpat,0,1,1,1.0
rtywlslmnvbq,0,1,1,1.0
droughter,0,1,1,1.0
acredit,0,1,1,1.0
ncnsmrj,0,1,1,1.0
corpir,0,1,1,1.0
vbalakov,0,1,1,1.0
rrinker,1,0,1,0.0
annualq,0,1,1,1.0
iewmeh,0,1,1,1.0
tfsyxiy,0,1,1,1.0
mmtroq,0,1,1,1.0
onlor,0,1,1,1.0
fxe,0,1,1,1.0
opprtun,1,0,1,0.0
tucuman,0,1,1,1.0
wonnder,0,1,1,1.0
uzyskac,1,0,1,0.0
uhgeloy,0,1,1,1.0
blackhawk,1,0,1,0.0
ownoer,0,1,1,1.0
mamich,1,0,1,0.0
vgbxjdhzdf,0,1,1,1.0
upxg,0,1,1,1.0
betwork,1,0,1,0.0
xnaax,0,1,1,1.0
finegrain,0,1,1,1.0
urop,0,1,1,1.0
eastanaheim,0,1,1,1.0
bslind,0,1,1,1.0
aqunp,0,1,1,1.0
hhcw,0,1,1,1.0
tdreed,1,0,1,0.0
ksrubg,0,1,1,1.0
jimenezengel,0,1,1,1.0
ouusv,0,1,1,1.0
jbglt,0,1,1,1.0
kaggwa,1,0,1,0.0
pricj,0,1,1,1.0
lntzdu,0,1,1,1.0
poscod,0,1,1,1.0
iitti,0,1,1,1.0
yomamalarryl,0,1,1,1.0
blankdownload,0,1,1,1.0
cutti,0,1,1,1.0
reaccion,0,1,1,1.0
hvveo,0,1,1,1.0
rolkn,0,1,1,1.0
bakm,0,1,1,1.0
bestmedicationss,0,1,1,1.0
uxbcxfd,0,1,1,1.0
chouseabl,0,1,1,1.0
zyotbp,0,1,1,1.0
noblemen,0,1,1,1.0
dvl,0,1,1,1.0
sagbamo,0,1,1,1.0
kluivert,0,1,1,1.0
circumflexsati,0,1,1,1.0
implementacion,0,1,1,1.0
jsteck,1,0,1,0.0
facelift,0,1,1,1.0
chkan,0,1,1,1.0
deceo,0,1,1,1.0
obedeceao,0,1,1,1.0
multilateral,0,1,1,1.0
struttin,1,0,1,0.0
mnxsw,0,1,1,1.0
zaubl,0,1,1,1.0
daho,0,1,1,1.0
tbarring,1,0,1,0.0
chickfist,0,1,1,1.0
berdoyof,0,1,1,1.0
darenfarm,1,0,1,0.0
includesham,0,1,1,1.0
rmvcbd,0,1,1,1.0
wlordwideyour,0,1,1,1.0
codjzen,0,1,1,1.0
ynou,0,1,1,1.0
hfsppbtgd,0,1,1,1.0
walkingrath,0,1,1,1.0
peasa,0,1,1,1.0
zamowiona,1,0,1,0.0
ubhygg,0,1,1,1.0
anschliessen,0,1,1,1.0
txf,0,1,1,1.0
iwltiuxwyluyupn,0,1,1,1.0
voyl,1,0,1,0.0
shenley,1,0,1,0.0
yvrnnsu,0,1,1,1.0
wdr,0,1,1,1.0
kodloxlfvbr,0,1,1,1.0
ocasionaron,0,1,1,1.0
rrqsqvrx,0,1,1,1.0
inoencnt,0,1,1,1.0
mxim,0,1,1,1.0
famishbug,0,1,1,1.0
venkata,1,0,1,0.0
marocain,0,1,1,1.0
theglob,1,0,1,0.0
andzyrbn,0,1,1,1.0
fcoiks,0,1,1,1.0
erfolgen,0,1,1,1.0
gruraxx,0,1,1,1.0
lsgoodrich,1,0,1,0.0
todeal,0,1,1,1.0
dkspxttz,0,1,1,1.0
barbere,1,0,1,0.0
onour,0,1,1,1.0
delhc,0,1,1,1.0
ighymi,0,1,1,1.0
egyou,0,1,1,1.0
dativ,0,1,1,1.0
decisiontool,0,1,1,1.0
abso,0,1,1,1.0
offernov,0,1,1,1.0
keisha,0,1,1,1.0
arlrvqa,0,1,1,1.0
applewhit,1,0,1,0.0
tkhvw,0,1,1,1.0
ydpgylotk,0,1,1,1.0
oamkqlzg,0,1,1,1.0
yumigada,1,0,1,0.0
tkmhzflsz,0,1,1,1.0
pierian,0,1,1,1.0
galladan,0,1,1,1.0
iwkti,0,1,1,1.0
cooostli,0,1,1,1.0
esahc,0,1,1,1.0
wexford,0,1,1,1.0
bankingattorney,0,1,1,1.0
zoometri,0,1,1,1.0
reductionwonder,0,1,1,1.0
rtnkcsb,0,1,1,1.0
ceh,0,1,1,1.0
holley,0,1,1,1.0
tropnaleviriagallibi,0,1,1,1.0
inflation,0,1,1,1.0
nbcdiw,0,1,1,1.0
lynrh,0,1,1,1.0
metihod,0,1,1,1.0
jwczab,0,1,1,1.0
chipmanm,1,0,1,0.0
shujaat,0,1,1,1.0
ragu,1,0,1,0.0
abm,0,1,1,1.0
gptzptm,0,1,1,1.0
adewilliamsuk,0,1,1,1.0
medicatt,0,1,1,1.0
cdec,0,1,1,1.0
baigbiggnh,0,1,1,1.0
xazcupi,0,1,1,1.0
opton,1,0,1,0.0
thefirstipageof,0,1,1,1.0
intamail,0,1,1,1.0
lgqlnb,0,1,1,1.0
carokmand,0,1,1,1.0
selfright,0,1,1,1.0
tonira,0,1,1,1.0
rumuecjqfja,0,1,1,1.0
milkincest,0,1,1,1.0
gtaylor,1,0,1,0.0
overgentleman,0,1,1,1.0
zhkhth,0,1,1,1.0
rdactylolog,0,1,1,1.0
hwuafndnbnurvwi,0,1,1,1.0
piekieniak,1,0,1,0.0
einwahl,0,1,1,1.0
websitewith,0,1,1,1.0
gdg,0,1,1,1.0
propog,1,0,1,0.0
derisori,1,0,1,0.0
supportingli,0,1,1,1.0
gvbpptcc,0,1,1,1.0
ffz,0,1,1,1.0
couldtobtain,0,1,1,1.0
slavicwhitman,0,1,1,1.0
asymmetrydist,0,1,1,1.0
eletr,1,0,1,0.0
recelv,0,1,1,1.0
clgfzllow,0,1,1,1.0
merw,0,1,1,1.0
roneal,1,0,1,0.0
infrstructur,1,0,1,0.0
lonshsbm,0,1,1,1.0
vysqhr,0,1,1,1.0
mesmerist,0,1,1,1.0
loeng,0,1,1,1.0
rubigin,0,1,1,1.0
racael,0,1,1,1.0
unbsp,0,1,1,1.0
steigerwald,1,0,1,0.0
ccm,1,0,1,0.0
alliancegemlik,0,1,1,1.0
tissuedirector,0,1,1,1.0
bexrnmeno,0,1,1,1.0
gumqow,0,1,1,1.0
bourdelais,1,0,1,0.0
barf,1,0,1,0.0
trekmikel,0,1,1,1.0
mesn,0,1,1,1.0
einstecken,0,1,1,1.0
finuma,0,1,1,1.0
apimpao,0,1,1,1.0
nsxryokw,0,1,1,1.0
hairbr,0,1,1,1.0
ciaaliii,0,1,1,1.0
triarc,1,0,1,0.0
loveliest,0,1,1,1.0
blamecooki,0,1,1,1.0
dgex,0,1,1,1.0
transitorio,0,1,1,1.0
argentinabas,0,1,1,1.0
didsupposedto,0,1,1,1.0
kakru,0,1,1,1.0
nonneg,0,1,1,1.0
rmniiaogabr,0,1,1,1.0
kedah,0,1,1,1.0
ogymgvtt,0,1,1,1.0
bfuysuaxi,0,1,1,1.0
dmocrci,0,1,1,1.0
uamp,1,0,1,0.0
tilex,0,1,1,1.0
iovmphmb,0,1,1,1.0
obsoiet,0,1,1,1.0
progrma,0,1,1,1.0
onlyth,0,1,1,1.0
colaborao,0,1,1,1.0
relliott,1,0,1,0.0
kcucwm,0,1,1,1.0
vtmtd,0,1,1,1.0
biggst,1,0,1,0.0
bbwciyuo,0,1,1,1.0
hausadress,0,1,1,1.0
creampussi,0,1,1,1.0
cvan,0,1,1,1.0
expensi,0,1,1,1.0
ztpjh,0,1,1,1.0
petronet,1,0,1,0.0
rjl,1,0,1,0.0
deiar,0,1,1,1.0
kmax,0,1,1,1.0
bzygmtrmi,0,1,1,1.0
hosojuvipan,0,1,1,1.0
yminimizar,0,1,1,1.0
tafpaz,0,1,1,1.0
jeyczg,0,1,1,1.0
minmet,0,1,1,1.0
jayleno,0,1,1,1.0
changeless,0,1,1,1.0
exmh,0,1,1,1.0
goodpast,1,0,1,0.0
gvnn,0,1,1,1.0
rptx,0,1,1,1.0
tade,1,0,1,0.0
bbml,0,1,1,1.0
arbi,0,1,1,1.0
julyo,1,0,1,0.0
perfectf,0,1,1,1.0
ahw,0,1,1,1.0
smartoopt,0,1,1,1.0
aen,0,1,1,1.0
yfh,0,1,1,1.0
jbywub,0,1,1,1.0
bwoertz,1,0,1,0.0
ouzozl,0,1,1,1.0
yejar,0,1,1,1.0
marginwidth,0,1,1,1.0
medicatixion,0,1,1,1.0
eyj,0,1,1,1.0
knightscientist,0,1,1,1.0
rmckee,1,0,1,0.0
qedazdrrduyr,0,1,1,1.0
venga,1,0,1,0.0
aroounnd,0,1,1,1.0
xqedrekrfih,0,1,1,1.0
nksl,0,1,1,1.0
llsbdeawg,0,1,1,1.0
aconitum,0,1,1,1.0
underten,0,1,1,1.0
skirchner,1,0,1,0.0
qgb,0,1,1,1.0
rzh,0,1,1,1.0
rzhfgezjx,0,1,1,1.0
ofmi,0,1,1,1.0
bppgqz,0,1,1,1.0
fabcncnrroumzcsg,0,1,1,1.0
deci,0,1,1,1.0
mcfarlandgrossman,1,0,1,0.0
upstrok,0,1,1,1.0
machneri,0,1,1,1.0
uqajkkrfv,0,1,1,1.0
miantw,0,1,1,1.0
hormoneextrem,0,1,1,1.0
njq,0,1,1,1.0
ooexpos,0,1,1,1.0
icba,0,1,1,1.0
cflxx,0,1,1,1.0
boulevardbr,0,1,1,1.0
allcr,0,1,1,1.0
bloodrip,0,1,1,1.0
pwwku,0,1,1,1.0
danna,1,0,1,0.0
hnbogl,0,1,1,1.0
bolano,1,0,1,0.0
quickdeliveri,0,1,1,1.0
verantwortlich,0,1,1,1.0
spf,0,1,1,1.0
ovfhcsh,0,1,1,1.0
mezgqqzp,0,1,1,1.0
clencher,1,0,1,0.0
quuthimi,0,1,1,1.0
midsectionpu,0,1,1,1.0
chickare,0,1,1,1.0
socialistisch,0,1,1,1.0
barmecid,0,1,1,1.0
tospeak,0,1,1,1.0
therebetti,0,1,1,1.0
stringar,0,1,1,1.0
ikd,0,1,1,1.0
eppyplt,0,1,1,1.0
eurolitebvl,0,1,1,1.0
twn,0,1,1,1.0
fqefil,0,1,1,1.0
yjkyu,0,1,1,1.0
wlfe,0,1,1,1.0
kjpm,0,1,1,1.0
deiivefaith,0,1,1,1.0
prachtvol,0,1,1,1.0
camm,0,1,1,1.0
acompanhamento,0,1,1,1.0
olefinahabstrus,0,1,1,1.0
vinaykumar,1,0,1,0.0
treatin,0,1,1,1.0
cumherecom,0,1,1,1.0
honoluluworsen,0,1,1,1.0
sodexho,0,1,1,1.0
finkelstein,1,0,1,0.0
enrontrevinoplto,1,0,1,0.0
haikustrict,0,1,1,1.0
uberhaupt,0,1,1,1.0
forplay,0,1,1,1.0
insi,0,1,1,1.0
nphkoo,0,1,1,1.0
uchi,0,1,1,1.0
wrangler,1,0,1,0.0
impurdi,1,0,1,0.0
adequadament,0,1,1,1.0
intervenção,0,1,1,1.0
virussdn,0,1,1,1.0
wrting,1,0,1,0.0
swatt,0,1,1,1.0
petoniak,0,1,1,1.0
persecucion,0,1,1,1.0
variacin,0,1,1,1.0
ljgfuol,0,1,1,1.0
profana,0,1,1,1.0
infantrymanremov,0,1,1,1.0
wtxrxayfisoira,0,1,1,1.0
rspyjt,0,1,1,1.0
fiond,0,1,1,1.0
zyzktvvfbei,0,1,1,1.0
uqzyhq,0,1,1,1.0
barkcalliop,0,1,1,1.0
allandl,1,0,1,0.0
maltraet,0,1,1,1.0
includingbut,0,1,1,1.0
mccartybtox,0,1,1,1.0
fullscal,0,1,1,1.0
galasit,0,1,1,1.0
scedul,1,0,1,0.0
ventan,1,0,1,0.0
xzuz,0,1,1,1.0
enund,1,0,1,0.0
bermudez,1,0,1,0.0
efgkp,0,1,1,1.0
byethi,0,1,1,1.0
xonyea,0,1,1,1.0
benco,0,1,1,1.0
iala,0,1,1,1.0
ranter,0,1,1,1.0
aimless,0,1,1,1.0
brazilco,1,0,1,0.0
lbfwvzc,0,1,1,1.0
rgudomtc,0,1,1,1.0
xxieqncfpa,0,1,1,1.0
suaviti,0,1,1,1.0
nesi,0,1,1,1.0
nect,0,1,1,1.0
þya,0,1,1,1.0
qlcom,0,1,1,1.0
przelewu,1,0,1,0.0
ddvltfw,0,1,1,1.0
joefunkconstr,1,0,1,0.0
cecmpi,0,1,1,1.0
lqisai,0,1,1,1.0
pflaster,0,1,1,1.0
vergleichsgebühr,0,1,1,1.0
scldbrj,0,1,1,1.0
kolarik,1,0,1,0.0
nationwidedent,0,1,1,1.0
metalurgica,0,1,1,1.0
servomechan,0,1,1,1.0
fdlucvbc,0,1,1,1.0
jxkk,1,0,1,0.0
ctgk,0,1,1,1.0
llaection,0,1,1,1.0
boystaxi,0,1,1,1.0
adgenda,1,0,1,0.0
saazjegp,0,1,1,1.0
spagat,1,0,1,0.0
ntex,0,1,1,1.0
immpheron,0,1,1,1.0
absatz,0,1,1,1.0
cassh,0,1,1,1.0
tfc,0,1,1,1.0
ivoirian,0,1,1,1.0
belastungen,0,1,1,1.0
riegel,1,0,1,0.0
enbven,0,1,1,1.0
greenhorn,1,0,1,0.0
jampack,0,1,1,1.0
tykxsdvvn,0,1,1,1.0
mitchem,1,0,1,0.0
personenough,0,1,1,1.0
evaluat,1,0,1,0.0
lidfxvrnk,0,1,1,1.0
yokzg,0,1,1,1.0
tgebibx,0,1,1,1.0
ffffffget,0,1,1,1.0
thiae,0,1,1,1.0
cockspur,0,1,1,1.0
boundmustachio,0,1,1,1.0
gvn,0,1,1,1.0
bankersmail,0,1,1,1.0
habvqmo,0,1,1,1.0
quiterio,0,1,1,1.0
lutong,0,1,1,1.0
whensan,0,1,1,1.0
vasserman,1,0,1,0.0
noumanb,0,1,1,1.0
qpa,0,1,1,1.0
claretha,0,1,1,1.0
kqttnvk,0,1,1,1.0
wehrozark,0,1,1,1.0
cehffnvqz,0,1,1,1.0
hko,0,1,1,1.0
ggzklpxr,0,1,1,1.0
ttfwnp,0,1,1,1.0
dyysh,0,1,1,1.0
muititud,0,1,1,1.0
iiglln,0,1,1,1.0
leiz,0,1,1,1.0
callsonli,0,1,1,1.0
sdw,0,1,1,1.0
ryanjust,1,0,1,0.0
xiaop,0,1,1,1.0
napooleonvil,1,0,1,0.0
hnu,0,1,1,1.0
ouhlpuf,0,1,1,1.0
pachamail,0,1,1,1.0
mormztgag,0,1,1,1.0
pigeonto,0,1,1,1.0
beaushaw,1,0,1,0.0
lalaland,0,1,1,1.0
asxwmzwh,0,1,1,1.0
qnkuzlicx,0,1,1,1.0
deltanet,0,1,1,1.0
psxdc,0,1,1,1.0
wordsoon,0,1,1,1.0
mortgash,0,1,1,1.0
diceafield,0,1,1,1.0
uhhjaxuu,0,1,1,1.0
qewufiqp,0,1,1,1.0
agenthherman,0,1,1,1.0
ibdkm,0,1,1,1.0
ggfpctmr,0,1,1,1.0
hqspuz,0,1,1,1.0
bellhopexoner,0,1,1,1.0
inteerst,1,0,1,0.0
magaret,0,1,1,1.0
wuua,0,1,1,1.0
phconsultancey,0,1,1,1.0
ehmhhzbr,0,1,1,1.0
gbvzzzz,0,1,1,1.0
vishaz,0,1,1,1.0
nmhg,1,0,1,0.0
thesesystem,0,1,1,1.0
szcnh,0,1,1,1.0
ggh,0,1,1,1.0
ffffalffffa,0,1,1,1.0
yokefellow,0,1,1,1.0
fortuna,0,1,1,1.0
daum,1,0,1,0.0
bydal,1,0,1,0.0
surrpris,0,1,1,1.0
uuwxsbq,0,1,1,1.0
zainteresowac,1,0,1,0.0
osx,0,1,1,1.0
burgeoncuff,0,1,1,1.0
bqtgsl,0,1,1,1.0
maurico,1,0,1,0.0
krshwz,0,1,1,1.0
burdon,0,1,1,1.0
zlotowkach,1,0,1,0.0
dodi,0,1,1,1.0
gunkxgbotqhfg,0,1,1,1.0
tarea,0,1,1,1.0
pqvdweoybc,0,1,1,1.0
languidli,0,1,1,1.0
eygno,0,1,1,1.0
klienten,0,1,1,1.0
freezemail,0,1,1,1.0
pcompani,1,0,1,0.0
bpfvtc,0,1,1,1.0
iraqei,0,1,1,1.0
paramaribo,0,1,1,1.0
almostpick,0,1,1,1.0
productboost,0,1,1,1.0
wpentecost,0,1,1,1.0
ridley,1,0,1,0.0
twasn,0,1,1,1.0
breifli,1,0,1,0.0
ascaridia,0,1,1,1.0
interlocutrix,0,1,1,1.0
treaci,1,0,1,0.0
packetag,0,1,1,1.0
rokkdcnkhg,0,1,1,1.0
ggnhikthu,0,1,1,1.0
dmlebq,0,1,1,1.0
afrikaanlotto,0,1,1,1.0
splite,1,0,1,0.0
escobar,1,0,1,0.0
ctm,0,1,1,1.0
zjpf,0,1,1,1.0
aogtsca,0,1,1,1.0
thisstock,0,1,1,1.0
prgce,0,1,1,1.0
oppportun,0,1,1,1.0
ciaaaal,0,1,1,1.0
kashilweipo,0,1,1,1.0
instor,0,1,1,1.0
sluggard,0,1,1,1.0
jwzfdsiz,0,1,1,1.0
sidewind,0,1,1,1.0
injlyunt,0,1,1,1.0
jopswexfrrq,0,1,1,1.0
zhaq,0,1,1,1.0
hajiawithyouu,0,1,1,1.0
searchchordatetop,0,1,1,1.0
verifiact,1,0,1,0.0
competetor,1,0,1,0.0
iehmla,0,1,1,1.0
naaaaaax,0,1,1,1.0
iwqbq,0,1,1,1.0
falsa,0,1,1,1.0
igcl,0,1,1,1.0
ikqssn,0,1,1,1.0
yourl,0,1,1,1.0
pept,0,1,1,1.0
hierfür,0,1,1,1.0
othat,1,0,1,0.0
karbarz,1,0,1,0.0
wardman,0,1,1,1.0
piezochemistri,0,1,1,1.0
shammer,0,1,1,1.0
rassur,0,1,1,1.0
xbgeeurgetsh,0,1,1,1.0
vsnbmhnk,0,1,1,1.0
jyelpp,0,1,1,1.0
signifiantli,1,0,1,0.0
prdida,0,1,1,1.0
wraq,0,1,1,1.0
vsagent,0,1,1,1.0
cudjck,0,1,1,1.0
lleno,0,1,1,1.0
mlecron,1,0,1,0.0
xfxcx,0,1,1,1.0
hotrodcream,0,1,1,1.0
uvressur,0,1,1,1.0
depositorpusan,0,1,1,1.0
cannontrid,0,1,1,1.0
lmrheiu,0,1,1,1.0
rulfo,0,1,1,1.0
addressi,0,1,1,1.0
widescreen,0,1,1,1.0
uldxbv,0,1,1,1.0
zdfsg,0,1,1,1.0
greentech,1,0,1,0.0
ddrmtthwola,0,1,1,1.0
ssahqflzzemn,0,1,1,1.0
bivolt,0,1,1,1.0
utjpeutpybn,0,1,1,1.0
unpenetr,0,1,1,1.0
xywho,0,1,1,1.0
perchanc,0,1,1,1.0
mycon,1,0,1,0.0
selbach,1,0,1,0.0
fiabl,0,1,1,1.0
prepei,0,1,1,1.0
persistartichok,0,1,1,1.0
viagsa,0,1,1,1.0
sexuail,0,1,1,1.0
prodcntr,0,1,1,1.0
vjlxr,0,1,1,1.0
celeda,0,1,1,1.0
exisetnti,0,1,1,1.0
mjjkesil,0,1,1,1.0
nywvci,0,1,1,1.0
zjxozm,0,1,1,1.0
txheehkja,0,1,1,1.0
sreerama,1,0,1,0.0
instytucjonalni,1,0,1,0.0
aremor,0,1,1,1.0
usprawiedliw,1,0,1,0.0
kwelsch,1,0,1,0.0
demaximizarla,0,1,1,1.0
ngptr,1,0,1,0.0
dvz,0,1,1,1.0
bancair,0,1,1,1.0
stooooooop,0,1,1,1.0
calvinistsebastian,0,1,1,1.0
causingy,0,1,1,1.0
bagi,0,1,1,1.0
hwtlqa,0,1,1,1.0
gmfkav,0,1,1,1.0
mathiasmei,1,0,1,0.0
grayjoel,0,1,1,1.0
jgaf,0,1,1,1.0
iikghj,0,1,1,1.0
bklg,1,0,1,0.0
kpbj,0,1,1,1.0
bcxe,0,1,1,1.0
wolfcub,0,1,1,1.0
iai,0,1,1,1.0
jqdeign,0,1,1,1.0
deuxiem,0,1,1,1.0
mxwjh,0,1,1,1.0
dfelsing,1,0,1,0.0
mryder,0,1,1,1.0
montemayor,1,0,1,0.0
mdainut,0,1,1,1.0
orbigen,0,1,1,1.0
vsnjdi,0,1,1,1.0
rorhfu,0,1,1,1.0
tmbici,0,1,1,1.0
diriector,0,1,1,1.0
schandua,1,0,1,0.0
cerin,1,0,1,0.0
dgvobjybr,0,1,1,1.0
dingaan,0,1,1,1.0
aliensarizona,0,1,1,1.0
halk,0,1,1,1.0
lertin,0,1,1,1.0
wzrgxudrfdmwcv,0,1,1,1.0
eypxfox,0,1,1,1.0
cjlbaf,0,1,1,1.0
osluggish,0,1,1,1.0
pbcdfvue,0,1,1,1.0
regrd,1,0,1,0.0
amoebaantenna,0,1,1,1.0
tenderest,0,1,1,1.0
anipul,1,0,1,0.0
delayconfess,0,1,1,1.0
riesigen,0,1,1,1.0
ethos,0,1,1,1.0
boastm,1,0,1,0.0
hdcp,0,1,1,1.0
lvtnrodoph,0,1,1,1.0
iahoz,0,1,1,1.0
comdata,1,0,1,0.0
vlke,0,1,1,1.0
oldsmobileevad,0,1,1,1.0
stjvf,0,1,1,1.0
hvfsdvr,0,1,1,1.0
zssroc,0,1,1,1.0
cryophileciboria,0,1,1,1.0
lockag,0,1,1,1.0
egn,0,1,1,1.0
ghanian,0,1,1,1.0
fture,0,1,1,1.0
evoy,0,1,1,1.0
uagyryho,0,1,1,1.0
especifíqu,0,1,1,1.0
eqntber,0,1,1,1.0
rrnb,0,1,1,1.0
deletevert,0,1,1,1.0
ifun,0,1,1,1.0
fastpacebiz,0,1,1,1.0
amaredlin,1,0,1,0.0
rish,1,0,1,0.0
btoadston,0,1,1,1.0
jargonanglican,0,1,1,1.0
tro,1,0,1,0.0
anjfxi,0,1,1,1.0
bsrgtnst,0,1,1,1.0
mzegwzgg,0,1,1,1.0
budedha,0,1,1,1.0
alphonsu,0,1,1,1.0
emschulz,1,0,1,0.0
varialbl,1,0,1,0.0
kyrp,0,1,1,1.0
hardlin,1,0,1,0.0
cureee,0,1,1,1.0
tendrá,0,1,1,1.0
histochemicchord,0,1,1,1.0
knogu,0,1,1,1.0
kaminksi,1,0,1,0.0
prizemoney,0,1,1,1.0
requiredfirst,0,1,1,1.0
implausibleriverin,0,1,1,1.0
qaymxxi,0,1,1,1.0
preparar,0,1,1,1.0
tbxwpcyb,0,1,1,1.0
xiylultoi,0,1,1,1.0
wealthtoday,0,1,1,1.0
ootuyig,0,1,1,1.0
drainya,0,1,1,1.0
cookfish,0,1,1,1.0
diss,1,0,1,0.0
compilationstitl,0,1,1,1.0
kaleigh,0,1,1,1.0
mtnhurdl,0,1,1,1.0
yamypjimd,0,1,1,1.0
kntbm,0,1,1,1.0
strikebreak,0,1,1,1.0
tijdkq,0,1,1,1.0
mobtiolqn,0,1,1,1.0
cachecard,0,1,1,1.0
earlob,0,1,1,1.0
throughlook,0,1,1,1.0
hiley,1,0,1,0.0
wilkescindi,0,1,1,1.0
swst,1,0,1,0.0
inlay,0,1,1,1.0
mapimg,0,1,1,1.0
lpfu,0,1,1,1.0
qqjatg,0,1,1,1.0
oqjiw,0,1,1,1.0
eliminarlo,0,1,1,1.0
hmqpeotu,0,1,1,1.0
removlv,0,1,1,1.0
kramatweg,0,1,1,1.0
hastala,0,1,1,1.0
unsu,0,1,1,1.0
davidovihttp,0,1,1,1.0
ramanarao,1,0,1,0.0
dartmail,1,0,1,0.0
wfcppp,0,1,1,1.0
institucin,0,1,1,1.0
levelor,1,0,1,0.0
qvtdp,0,1,1,1.0
ototox,0,1,1,1.0
jell,0,1,1,1.0
jgmcxp,0,1,1,1.0
kishigami,1,0,1,0.0
wwork,0,1,1,1.0
tenngasco,1,0,1,0.0
iosilevich,1,0,1,0.0
dodatkowych,1,0,1,0.0
backbend,0,1,1,1.0
ebv,0,1,1,1.0
biplanealken,0,1,1,1.0
uchinoyul,0,1,1,1.0
ihanuedj,0,1,1,1.0
ooebvqzho,0,1,1,1.0
ijcbdxpekmwdkkwflpetm,0,1,1,1.0
iyj,0,1,1,1.0
cattleya,0,1,1,1.0
gephardt,1,0,1,0.0
epkwj,0,1,1,1.0
roki,0,1,1,1.0
yykmxedcwixrcbk,0,1,1,1.0
osbourn,1,0,1,0.0
bbbbbbl,0,1,1,1.0
ezpyx,0,1,1,1.0
gunlod,0,1,1,1.0
mzama,0,1,1,1.0
alv,0,1,1,1.0
ldia,0,1,1,1.0
elmor,1,0,1,0.0
enought,1,0,1,0.0
qfkubv,0,1,1,1.0
imlcv,0,1,1,1.0
sfisdkmhlikaci,0,1,1,1.0
qrubx,0,1,1,1.0
foreighn,1,0,1,0.0
nicaraguashamefac,0,1,1,1.0
lyndon,1,0,1,0.0
asona,0,1,1,1.0
wijsman,1,0,1,0.0
bostitch,0,1,1,1.0
erklrt,0,1,1,1.0
pharmmail,0,1,1,1.0
ofath,0,1,1,1.0
erteng,0,1,1,1.0
quapwb,0,1,1,1.0
sitem,0,1,1,1.0
drownedit,0,1,1,1.0
beiwa,0,1,1,1.0
bhhq,0,1,1,1.0
rodoviário,0,1,1,1.0
sensact,0,1,1,1.0
eenter,0,1,1,1.0
tornam,0,1,1,1.0
funderbruk,1,0,1,0.0
gstock,0,1,1,1.0
buijaph,0,1,1,1.0
bookitheiservic,0,1,1,1.0
gegner,1,0,1,0.0
gtezmnjilyhsnq,0,1,1,1.0
rrte,0,1,1,1.0
rmov,0,1,1,1.0
jtyigr,0,1,1,1.0
holdtiff,0,1,1,1.0
dkbi,1,0,1,0.0
chasejurist,0,1,1,1.0
bullventur,0,1,1,1.0
icbflfk,0,1,1,1.0
xowp,0,1,1,1.0
geeeet,0,1,1,1.0
locallpharmaci,0,1,1,1.0
aigi,0,1,1,1.0
mefpc,0,1,1,1.0
recolectar,0,1,1,1.0
vzualv,0,1,1,1.0
nslhywfrmzyzotyy,0,1,1,1.0
golder,1,0,1,0.0
hubbardrufu,0,1,1,1.0
akajpuzyz,0,1,1,1.0
amildar,0,1,1,1.0
ctkzknbpv,0,1,1,1.0
efetua,0,1,1,1.0
panagen,0,1,1,1.0
allayanni,1,0,1,0.0
rampini,1,0,1,0.0
invivogen,0,1,1,1.0
eaqu,0,1,1,1.0
reccuper,1,0,1,0.0
milleniumbr,0,1,1,1.0
rxbecc,0,1,1,1.0
fjmwgqkm,0,1,1,1.0
tfiedler,1,0,1,0.0
wup,0,1,1,1.0
emedicina,0,1,1,1.0
qznoq,0,1,1,1.0
celuila,0,1,1,1.0
sujet,0,1,1,1.0
warrenti,1,0,1,0.0
dng,1,0,1,0.0
qvsszobwzw,0,1,1,1.0
tysonkenya,0,1,1,1.0
merma,0,1,1,1.0
xjbcg,0,1,1,1.0
protejert,0,1,1,1.0
nzxwo,0,1,1,1.0
densi,0,1,1,1.0
dztvdtilr,0,1,1,1.0
danelaw,0,1,1,1.0
halopostul,0,1,1,1.0
hozumao,0,1,1,1.0
autoconvert,1,0,1,0.0
succesof,0,1,1,1.0
curn,0,1,1,1.0
curva,0,1,1,1.0
rnszruv,0,1,1,1.0
pwaqkg,0,1,1,1.0
ppli,0,1,1,1.0
imrah,0,1,1,1.0
slcerqkvg,0,1,1,1.0
dewolf,1,0,1,0.0
tpde,0,1,1,1.0
villagersõ,0,1,1,1.0
ndiswan,0,1,1,1.0
cialí,0,1,1,1.0
sponsir,0,1,1,1.0
vaila,1,0,1,0.0
gossm,0,1,1,1.0
dftkhb,0,1,1,1.0
cathedrahibachi,0,1,1,1.0
emek,0,1,1,1.0
retaitl,0,1,1,1.0
rfbiwqr,0,1,1,1.0
gastechnolog,1,0,1,0.0
roosterandrew,1,0,1,0.0
vulgair,0,1,1,1.0
ultrasónico,0,1,1,1.0
jzbgu,0,1,1,1.0
izdgd,0,1,1,1.0
tatic,0,1,1,1.0
wjhxpbr,0,1,1,1.0
bhandara,1,0,1,0.0
neonatolog,1,0,1,0.0
ocld,0,1,1,1.0
sweatbandagnost,0,1,1,1.0
sjbecker,1,0,1,0.0
receiveour,0,1,1,1.0
nathanielbarn,0,1,1,1.0
aliti,0,1,1,1.0
decembr,0,1,1,1.0
qnhp,0,1,1,1.0
easnot,0,1,1,1.0
cordua,0,1,1,1.0
jknzwaqk,0,1,1,1.0
yesca,0,1,1,1.0
brahmin,0,1,1,1.0
signe,1,0,1,0.0
aqaev,0,1,1,1.0
brisket,0,1,1,1.0
particuarli,1,0,1,0.0
wangqinl,0,1,1,1.0
furosemid,0,1,1,1.0
bkkrbo,0,1,1,1.0
contiguousamidst,0,1,1,1.0
dominickaff,0,1,1,1.0
arbiterdid,0,1,1,1.0
suppvlement,0,1,1,1.0
jhmwgxlul,0,1,1,1.0
remojbv,0,1,1,1.0
dosanjh,1,0,1,0.0
whodunit,0,1,1,1.0
ppxoir,0,1,1,1.0
caciqu,0,1,1,1.0
ghgczr,0,1,1,1.0
gogglebox,0,1,1,1.0
tfd,0,1,1,1.0
nxeonu,0,1,1,1.0
uypyqi,0,1,1,1.0
qmira,0,1,1,1.0
dyanmic,1,0,1,0.0
rothled,1,0,1,0.0
tsdmhf,0,1,1,1.0
uncubscrib,0,1,1,1.0
psksn,0,1,1,1.0
isimport,0,1,1,1.0
ehstxgvj,0,1,1,1.0
gwq,0,1,1,1.0
dydhwichsu,0,1,1,1.0
laugehtr,0,1,1,1.0
doctora,0,1,1,1.0
zgrhbxb,0,1,1,1.0
kzgxuf,0,1,1,1.0
marn,0,1,1,1.0
uosda,0,1,1,1.0
agaal,0,1,1,1.0
lottori,0,1,1,1.0
tfxd,0,1,1,1.0
xuthobupus,0,1,1,1.0
escut,0,1,1,1.0
paulen,0,1,1,1.0
byler,0,1,1,1.0
tmakoto,0,1,1,1.0
remenb,0,1,1,1.0
bwucicmgv,0,1,1,1.0
tvvi,0,1,1,1.0
kwwocldvfq,0,1,1,1.0
disxccontinu,0,1,1,1.0
strideabsente,0,1,1,1.0
pleaseread,0,1,1,1.0
ucoshijiphi,0,1,1,1.0
deepanalbab,0,1,1,1.0
contrabandist,0,1,1,1.0
alcuin,0,1,1,1.0
wimcsug,0,1,1,1.0
equgjd,0,1,1,1.0
braker,1,0,1,0.0
sovkhoz,0,1,1,1.0
linkbelow,0,1,1,1.0
elnor,0,1,1,1.0
deputydonaldson,0,1,1,1.0
arzx,0,1,1,1.0
abwvlh,0,1,1,1.0
bluggi,0,1,1,1.0
nkkjlvqjz,0,1,1,1.0
donal,0,1,1,1.0
obubl,0,1,1,1.0
épous,0,1,1,1.0
qafbwcc,0,1,1,1.0
ofgra,0,1,1,1.0
xudi,0,1,1,1.0
finickin,0,1,1,1.0
dclark,1,0,1,0.0
spsm,0,1,1,1.0
vgfjkthaha,0,1,1,1.0
xhtyca,0,1,1,1.0
kakani,1,0,1,0.0
failrur,0,1,1,1.0
porcspet,0,1,1,1.0
civildisturb,0,1,1,1.0
browik,0,1,1,1.0
interpel,0,1,1,1.0
verein,0,1,1,1.0
proyección,0,1,1,1.0
therr,0,1,1,1.0
attachemnt,1,0,1,0.0
sbjackson,1,0,1,0.0
camjuli,1,0,1,0.0
financeiro,0,1,1,1.0
cwogirl,0,1,1,1.0
aik,0,1,1,1.0
seascap,0,1,1,1.0
pufdgw,0,1,1,1.0
zchlvmgnpuhham,0,1,1,1.0
texasreg,1,0,1,0.0
articulu,0,1,1,1.0
poohoshtp,0,1,1,1.0
vvlagra,0,1,1,1.0
amateurishli,1,0,1,0.0
himhand,0,1,1,1.0
loanslink,0,1,1,1.0
dosbctosr,0,1,1,1.0
zumtidu,0,1,1,1.0
rfrcha,0,1,1,1.0
equant,0,1,1,1.0
doyon,0,1,1,1.0
vnxgsqigq,0,1,1,1.0
yetcjp,0,1,1,1.0
emley,1,0,1,0.0
pretendido,0,1,1,1.0
telecomun,0,1,1,1.0
wfovcn,0,1,1,1.0
berkley,1,0,1,0.0
citori,1,0,1,0.0
christopherri,1,0,1,0.0
rhdknuk,0,1,1,1.0
rfvlym,0,1,1,1.0
bpbjvffo,0,1,1,1.0
permanecerán,0,1,1,1.0
statementcould,0,1,1,1.0
perfectionwatchs,0,1,1,1.0
hockeycompel,0,1,1,1.0
biztfygp,0,1,1,1.0
leanneroyc,0,1,1,1.0
uynlv,0,1,1,1.0
lakesha,0,1,1,1.0
imz,0,1,1,1.0
lohs,1,0,1,0.0
repass,0,1,1,1.0
hkwlp,0,1,1,1.0
jolenetempl,0,1,1,1.0
ksq,0,1,1,1.0
clyon,1,0,1,0.0
drburdenjr,1,0,1,0.0
darrick,0,1,1,1.0
hyj,0,1,1,1.0
gavel,0,1,1,1.0
fireballjustinl,0,1,1,1.0
cuokn,0,1,1,1.0
anqizjr,0,1,1,1.0
automatizado,0,1,1,1.0
irenestraat,0,1,1,1.0
uwu,0,1,1,1.0
glkdss,0,1,1,1.0
tradersn,0,1,1,1.0
expartri,0,1,1,1.0
omplianc,0,1,1,1.0
hdigst,0,1,1,1.0
unhurri,1,0,1,0.0
rckysjlq,0,1,1,1.0
tramitacion,0,1,1,1.0
gafellerkxi,0,1,1,1.0
jjjng,0,1,1,1.0
rxlrgxpckbbzb,0,1,1,1.0
mmlcgdqqi,0,1,1,1.0
tzzdi,0,1,1,1.0
terawatt,1,0,1,0.0
rleat,0,1,1,1.0
sth,1,0,1,0.0
thoudsand,0,1,1,1.0
velpri,1,0,1,0.0
vermeer,0,1,1,1.0
wxovj,0,1,1,1.0
whatissirobot,0,1,1,1.0
hognos,0,1,1,1.0
spleenwort,0,1,1,1.0
tracor,1,0,1,0.0
nvaiitnr,0,1,1,1.0
nfoxhyeq,0,1,1,1.0
filomena,1,0,1,0.0
koremdh,0,1,1,1.0
rosco,0,1,1,1.0
cuter,0,1,1,1.0
sundancemail,0,1,1,1.0
brume,0,1,1,1.0
saod,0,1,1,1.0
eyyhn,0,1,1,1.0
xcvvexxjv,0,1,1,1.0
carolineirk,0,1,1,1.0
chuba,0,1,1,1.0
rkhjrvyuj,0,1,1,1.0
allthexpsoft,0,1,1,1.0
lribaeqmi,0,1,1,1.0
seac,1,0,1,0.0
incompli,0,1,1,1.0
ldeeg,0,1,1,1.0
inundatearpeggio,0,1,1,1.0
wohnsitz,0,1,1,1.0
kynfh,0,1,1,1.0
bgmbhpm,0,1,1,1.0
rmonjfj,0,1,1,1.0
udebux,0,1,1,1.0
pissclai,0,1,1,1.0
medremot,0,1,1,1.0
icovenefx,0,1,1,1.0
fundsremit,0,1,1,1.0
jtgn,0,1,1,1.0
himalayasherb,0,1,1,1.0
vtlpwpiqn,0,1,1,1.0
ratnlhibr,0,1,1,1.0
pand,1,0,1,0.0
butterfatcrupp,0,1,1,1.0
unabashedli,1,0,1,0.0
dall,1,0,1,0.0
feverishli,1,0,1,0.0
gñdel,0,1,1,1.0
dalmagu,1,0,1,0.0
wendesday,1,0,1,0.0
dubash,1,0,1,0.0
buzzwordflu,0,1,1,1.0
dirijo,0,1,1,1.0
viruscr,0,1,1,1.0
pagrpqlr,0,1,1,1.0
mporo,0,1,1,1.0
barpal,1,0,1,0.0
penadipkv,0,1,1,1.0
proprietorship,0,1,1,1.0
zoolantl,0,1,1,1.0
izqiazalftj,0,1,1,1.0
viiaigra,0,1,1,1.0
lbudnik,1,0,1,0.0
beir,0,1,1,1.0
mwnk,0,1,1,1.0
dscmxi,0,1,1,1.0
buckler,0,1,1,1.0
ummlliuu,0,1,1,1.0
clae,0,1,1,1.0
forp,0,1,1,1.0
lynchhl,0,1,1,1.0
lanada,0,1,1,1.0
contortmolybdenum,0,1,1,1.0
acuff,0,1,1,1.0
dayto,0,1,1,1.0
imzx,0,1,1,1.0
scattergun,0,1,1,1.0
lltlthi,0,1,1,1.0
cgwd,1,0,1,0.0
industrialismetud,0,1,1,1.0
efdmcim,0,1,1,1.0
hdldlve,0,1,1,1.0
loneyi,0,1,1,1.0
fredericgeniu,0,1,1,1.0
wbbx,0,1,1,1.0
kimsteep,0,1,1,1.0
rrkbjuew,0,1,1,1.0
numbero,0,1,1,1.0
deannbauer,0,1,1,1.0
rodomontad,0,1,1,1.0
mestiza,0,1,1,1.0
fffffatomb,0,1,1,1.0
mcosta,1,0,1,0.0
minimumbimonthli,0,1,1,1.0
relatiosnhip,0,1,1,1.0
xofpobr,0,1,1,1.0
applicationin,0,1,1,1.0
ktn,0,1,1,1.0
qeekci,0,1,1,1.0
prioirti,1,0,1,0.0
axlbt,0,1,1,1.0
hlnlrjjwxn,0,1,1,1.0
cornflowerdirect,0,1,1,1.0
bizoppalli,0,1,1,1.0
beachi,1,0,1,0.0
arron,0,1,1,1.0
enbw,1,0,1,0.0
dtrong,1,0,1,0.0
erwahnt,0,1,1,1.0
releaseof,0,1,1,1.0
indivert,0,1,1,1.0
coggiogehcloi,0,1,1,1.0
ohremu,0,1,1,1.0
costaemanuel,0,1,1,1.0
dqbmcd,0,1,1,1.0
sippl,1,0,1,0.0
xtoixd,0,1,1,1.0
mrinat,1,0,1,0.0
aquadruman,0,1,1,1.0
enterthekemlst,0,1,1,1.0
behoov,1,0,1,0.0
vlum,0,1,1,1.0
terzetto,0,1,1,1.0
celin,0,1,1,1.0
parkplac,1,0,1,0.0
brainstormbeck,0,1,1,1.0
skzdxwji,0,1,1,1.0
llerer,0,1,1,1.0
spaceth,0,1,1,1.0
opeyouar,0,1,1,1.0
kbihch,0,1,1,1.0
uswc,1,0,1,0.0
phalli,0,1,1,1.0
bwalker,1,0,1,0.0
rcaevzdujq,0,1,1,1.0
fpcmoa,0,1,1,1.0
zapu,0,1,1,1.0
turbevil,1,0,1,0.0
panelsist,1,0,1,0.0
vlagand,0,1,1,1.0
rwjlxrqv,0,1,1,1.0
supriyo,0,1,1,1.0
yehfbkul,0,1,1,1.0
herkimerjanuari,0,1,1,1.0
exoticdanc,0,1,1,1.0
savexherb,0,1,1,1.0
worldwideship,0,1,1,1.0
aov,0,1,1,1.0
shimon,0,1,1,1.0
editlon,0,1,1,1.0
mcbee,1,0,1,0.0
ventasel,0,1,1,1.0
lovebirdbloodbath,0,1,1,1.0
qczgmgo,0,1,1,1.0
yoooo,0,1,1,1.0
ejkri,0,1,1,1.0
mpyocksnkzpj,0,1,1,1.0
yqraikzkyy,0,1,1,1.0
uluslararasi,0,1,1,1.0
ditchoctenni,0,1,1,1.0
archicad,0,1,1,1.0
wastold,0,1,1,1.0
mbt,0,1,1,1.0
boggo,0,1,1,1.0
bobird,1,0,1,0.0
kuch,1,0,1,0.0
ebteek,0,1,1,1.0
oemect,0,1,1,1.0
docord,0,1,1,1.0
apprent,1,0,1,0.0
mapp,1,0,1,0.0
chcmxilzb,0,1,1,1.0
gilian,1,0,1,0.0
fitchew,0,1,1,1.0
notmatt,0,1,1,1.0
movestuesday,0,1,1,1.0
planeó,0,1,1,1.0
wxbwq,0,1,1,1.0
againal,0,1,1,1.0
anthropophagi,0,1,1,1.0
elgon,0,1,1,1.0
ccamfiel,0,1,1,1.0
trafýk,0,1,1,1.0
vardascazo,0,1,1,1.0
ydh,0,1,1,1.0
hbjw,0,1,1,1.0
bgc,0,1,1,1.0
hohen,0,1,1,1.0
asygehqw,0,1,1,1.0
musburg,1,0,1,0.0
felhman,1,0,1,0.0
vytpl,0,1,1,1.0
erfk,0,1,1,1.0
hypersmart,1,0,1,0.0
jurorsud,0,1,1,1.0
lookslik,0,1,1,1.0
oniyiio,0,1,1,1.0
tdccad,0,1,1,1.0
dicey,1,0,1,0.0
beunger,1,0,1,0.0
kahanek,1,0,1,0.0
aaiop,0,1,1,1.0
dlwyli,1,0,1,0.0
turningq,0,1,1,1.0
meghani,1,0,1,0.0
rwthvtnw,0,1,1,1.0
ujhjtmvc,0,1,1,1.0
cheapeer,0,1,1,1.0
plq,0,1,1,1.0
adu,0,1,1,1.0
voo,0,1,1,1.0
youroem,0,1,1,1.0
gykmpx,0,1,1,1.0
underrecoveri,1,0,1,0.0
otg,0,1,1,1.0
snyaptic,0,1,1,1.0
hubuo,0,1,1,1.0
timecrescendostar,0,1,1,1.0
thislegisl,1,0,1,0.0
ewheal,1,0,1,0.0
voulez,0,1,1,1.0
clsnvb,0,1,1,1.0
rudebi,0,1,1,1.0
aqhv,0,1,1,1.0
valueyour,0,1,1,1.0
xwelhusxd,0,1,1,1.0
wwait,0,1,1,1.0
sawhney,1,0,1,0.0
xvpphquqaj,0,1,1,1.0
cbsacrl,0,1,1,1.0
sexenni,0,1,1,1.0
profunda,0,1,1,1.0
hairlosschos,0,1,1,1.0
vhqwmp,0,1,1,1.0
useourpow,0,1,1,1.0
vsi,1,0,1,0.0
dmb,0,1,1,1.0
schaeffer,1,0,1,0.0
antoniobogaz,0,1,1,1.0
iiiiiincher,0,1,1,1.0
dcoit,0,1,1,1.0
yier,0,1,1,1.0
canonic,0,1,1,1.0
bushcontrarieti,0,1,1,1.0
sofismol,0,1,1,1.0
controveri,1,0,1,0.0
bickett,1,0,1,0.0
madelyn,0,1,1,1.0
bregenz,0,1,1,1.0
roydon,0,1,1,1.0
ccswinger,0,1,1,1.0
recoleto,0,1,1,1.0
gjxonftrkdfeud,0,1,1,1.0
brietl,0,1,1,1.0
privvi,1,0,1,0.0
pstewart,1,0,1,0.0
repleto,0,1,1,1.0
edghnbz,0,1,1,1.0
slyli,0,1,1,1.0
orcinol,0,1,1,1.0
tmu,0,1,1,1.0
swkgiddi,0,1,1,1.0
eiufpozw,0,1,1,1.0
barata,0,1,1,1.0
benbp,0,1,1,1.0
brcorpu,0,1,1,1.0
cabramo,1,0,1,0.0
auh,0,1,1,1.0
homesbybetti,1,0,1,0.0
wte,0,1,1,1.0
rtpmz,0,1,1,1.0
poniewa,1,0,1,0.0
sdsf,0,1,1,1.0
recievedinerror,0,1,1,1.0
inflacin,0,1,1,1.0
forher,0,1,1,1.0
saffer,1,0,1,0.0
vphoto,0,1,1,1.0
hmuwagr,0,1,1,1.0
limf,0,1,1,1.0
mozna,1,0,1,0.0
ausschlägt,0,1,1,1.0
eryth,0,1,1,1.0
flworm,0,1,1,1.0
vanderloop,0,1,1,1.0
vnht,0,1,1,1.0
gxznebbr,0,1,1,1.0
jelubvalzlhzdxczku,0,1,1,1.0
builshit,0,1,1,1.0
wtnjckyk,0,1,1,1.0
revoltingli,0,1,1,1.0
dnevada,0,1,1,1.0
clmw,0,1,1,1.0
mputer,0,1,1,1.0
againtherefor,0,1,1,1.0
mangeton,0,1,1,1.0
edwardocruz,0,1,1,1.0
hgcgihkrjrzorovb,0,1,1,1.0
potrzebow,1,0,1,0.0
obaird,0,1,1,1.0
dunvegan,1,0,1,0.0
unbzrw,0,1,1,1.0
romantisch,0,1,1,1.0
everyher,0,1,1,1.0
importada,0,1,1,1.0
zcqym,0,1,1,1.0
dubeau,0,1,1,1.0
levelx,1,0,1,0.0
qwwq,0,1,1,1.0
powen,1,0,1,0.0
sheppardo,0,1,1,1.0
aestheticitem,0,1,1,1.0
northdal,1,0,1,0.0
bfdjkueji,0,1,1,1.0
fallecida,0,1,1,1.0
farhart,0,1,1,1.0
snel,0,1,1,1.0
yufhh,0,1,1,1.0
qcwzqt,0,1,1,1.0
variomet,0,1,1,1.0
quoirin,1,0,1,0.0
ldusdzwnr,0,1,1,1.0
baylorchickol,1,0,1,0.0
skillset,1,0,1,0.0
soraya,0,1,1,1.0
roushdi,0,1,1,1.0
fjor,0,1,1,1.0
mlwcvu,0,1,1,1.0
harmfulkel,0,1,1,1.0
anglerfish,0,1,1,1.0
hurryuest,0,1,1,1.0
schlueter,1,0,1,0.0
jhdocdx,0,1,1,1.0
rozni,1,0,1,0.0
compm,0,1,1,1.0
düsseldorf,0,1,1,1.0
unasil,0,1,1,1.0
migqhvtu,0,1,1,1.0
rlqfwe,0,1,1,1.0
dermatotomi,0,1,1,1.0
agronom,0,1,1,1.0
csqblex,0,1,1,1.0
believeth,0,1,1,1.0
wowhealth,0,1,1,1.0
disneychyna,0,1,1,1.0
studay,1,0,1,0.0
engoal,1,0,1,0.0
atem,0,1,1,1.0
santucci,1,0,1,0.0
whdkgc,0,1,1,1.0
uvbzbeezt,0,1,1,1.0
cftv,0,1,1,1.0
oftbjwbub,0,1,1,1.0
confusedli,0,1,1,1.0
hvfft,0,1,1,1.0
bphcq,0,1,1,1.0
missionzeppelin,0,1,1,1.0
ourtruenatur,0,1,1,1.0
znywut,0,1,1,1.0
spainish,0,1,1,1.0
taabl,0,1,1,1.0
herrbal,0,1,1,1.0
shaematocry,0,1,1,1.0
xman,1,0,1,0.0
msdaozlao,0,1,1,1.0
jcviepdoijwgabp,0,1,1,1.0
baleyg,0,1,1,1.0
amji,0,1,1,1.0
oveti,0,1,1,1.0
zxfzkukkp,0,1,1,1.0
fgrid,1,0,1,0.0
tussiv,0,1,1,1.0
kmpouttx,0,1,1,1.0
kzmjgflukorsvyk,0,1,1,1.0
melodycetera,0,1,1,1.0
tdpjzaiavqlqei,0,1,1,1.0
aboov,0,1,1,1.0
tlh,1,0,1,0.0
palter,0,1,1,1.0
nwilson,1,0,1,0.0
thridi,0,1,1,1.0
civilizirano,0,1,1,1.0
csfletch,1,0,1,0.0
magist,0,1,1,1.0
objact,1,0,1,0.0
xjm,0,1,1,1.0
wypowf,0,1,1,1.0
ledi,1,0,1,0.0
anbei,1,0,1,0.0
awhzmpwmzjsmnl,0,1,1,1.0
uibzi,0,1,1,1.0
ozyzuhq,0,1,1,1.0
evgeni,0,1,1,1.0
fpsu,0,1,1,1.0
mapsco,1,0,1,0.0
lmpkkw,0,1,1,1.0
mailtrash,0,1,1,1.0
simular,1,0,1,0.0
campbantu,0,1,1,1.0
todayand,0,1,1,1.0
rodzina,1,0,1,0.0
pconnor,1,0,1,0.0
efisbko,0,1,1,1.0
phcdgorhw,0,1,1,1.0
appaloosa,0,1,1,1.0
lordli,0,1,1,1.0
dvruptp,0,1,1,1.0
websitesand,0,1,1,1.0
cassockpeoni,0,1,1,1.0
mzjpzlu,0,1,1,1.0
hazphj,0,1,1,1.0
gvoi,0,1,1,1.0
blaca,0,1,1,1.0
annuallouy,0,1,1,1.0
somethign,1,0,1,0.0
hevalthi,0,1,1,1.0
cxu,0,1,1,1.0
simplywireless,0,1,1,1.0
streetartist,0,1,1,1.0
btr,1,0,1,0.0
cuthbert,0,1,1,1.0
workwoman,0,1,1,1.0
rego,0,1,1,1.0
iemrymbho,0,1,1,1.0
frobni,0,1,1,1.0
ssswg,1,0,1,0.0
ullifont,0,1,1,1.0
confidebnc,0,1,1,1.0
seelp,0,1,1,1.0
sinfobot,0,1,1,1.0
lbgoiy,0,1,1,1.0
zxreqklpd,0,1,1,1.0
ofblack,0,1,1,1.0
parsonag,0,1,1,1.0
mainroom,0,1,1,1.0
dogaadruit,0,1,1,1.0
ohra,1,0,1,0.0
madston,0,1,1,1.0
caaaaan,0,1,1,1.0
nautil,1,0,1,0.0
vydmwtfjc,0,1,1,1.0
informamedia,0,1,1,1.0
ttzn,0,1,1,1.0
aleut,0,1,1,1.0
receivx,0,1,1,1.0
clipscomb,1,0,1,0.0
wathoc,0,1,1,1.0
homedmalay,0,1,1,1.0
rasurado,0,1,1,1.0
anodicconstern,0,1,1,1.0
cyoudcevjnbwonrn,0,1,1,1.0
saveitshopp,0,1,1,1.0
reputedli,0,1,1,1.0
blu,0,1,1,1.0
mwbranch,1,0,1,0.0
aku,0,1,1,1.0
vtybgon,0,1,1,1.0
exscol,1,0,1,0.0
satanist,0,1,1,1.0
dhani,0,1,1,1.0
solth,0,1,1,1.0
intraderm,0,1,1,1.0
jacobsonbank,0,1,1,1.0
ytattletal,0,1,1,1.0
grisaffi,1,0,1,0.0
cocodi,0,1,1,1.0
vevqymo,0,1,1,1.0
transoceanicvultur,0,1,1,1.0
septembero,1,0,1,0.0
vlall,0,1,1,1.0
chcial,1,0,1,0.0
cnslidtion,0,1,1,1.0
moten,1,0,1,0.0
znumc,0,1,1,1.0
wfx,0,1,1,1.0
einsteigen,0,1,1,1.0
tpswp,0,1,1,1.0
isul,0,1,1,1.0
ooxizscm,0,1,1,1.0
xlwpviqc,0,1,1,1.0
tqhbv,0,1,1,1.0
yelpazesin,0,1,1,1.0
nddge,0,1,1,1.0
zpumidyzfu,0,1,1,1.0
merjo,0,1,1,1.0
tortricidpeel,0,1,1,1.0
bsouss,0,1,1,1.0
deiner,0,1,1,1.0
centerfield,1,0,1,0.0
dreamdream,0,1,1,1.0
claimsag,0,1,1,1.0
pqshuhytk,0,1,1,1.0
anlyh,0,1,1,1.0
pmjcnwpq,0,1,1,1.0
guderian,1,0,1,0.0
bayilerini,0,1,1,1.0
kblbsho,0,1,1,1.0
fbolshev,0,1,1,1.0
ýetýþým,0,1,1,1.0
bulkheadguerrilla,0,1,1,1.0
programsfor,0,1,1,1.0
gejjmn,0,1,1,1.0
alternativ,0,1,1,1.0
atarax,0,1,1,1.0
nzzwr,0,1,1,1.0
dyeyzv,0,1,1,1.0
mstfinbvl,0,1,1,1.0
mckk,0,1,1,1.0
blindfoldbluet,0,1,1,1.0
tmm,0,1,1,1.0
skorzystam,1,0,1,0.0
digex,0,1,1,1.0
fortman,1,0,1,0.0
nstarmarket,0,1,1,1.0
cyzstilb,0,1,1,1.0
setg,0,1,1,1.0
adolphcoachwork,0,1,1,1.0
wsftp,1,0,1,0.0
lesx,0,1,1,1.0
thelotteri,0,1,1,1.0
phlb,0,1,1,1.0
wotxcrcib,0,1,1,1.0
kcyb,0,1,1,1.0
lilyan,0,1,1,1.0
christiano,1,0,1,0.0
shadberri,0,1,1,1.0
sstag,0,1,1,1.0
jockl,1,0,1,0.0
gannon,1,0,1,0.0
joiqngnv,0,1,1,1.0
phaedra,1,0,1,0.0
nvcsoipm,0,1,1,1.0
lkhgwjwa,0,1,1,1.0
oflic,0,1,1,1.0
trutha,0,1,1,1.0
malabo,0,1,1,1.0
tuberculosisvivid,0,1,1,1.0
pqzwiohw,0,1,1,1.0
contabilizam,0,1,1,1.0
funcionario,0,1,1,1.0
bdrocium,0,1,1,1.0
chonaweecv,1,0,1,0.0
ishankar,0,1,1,1.0
shurqgwsn,0,1,1,1.0
gszlvqckka,0,1,1,1.0
vertrouwelijk,0,1,1,1.0
impellersanct,0,1,1,1.0
abackof,1,0,1,0.0
chokeberryelois,0,1,1,1.0
uglrbf,0,1,1,1.0
withthem,0,1,1,1.0
cymg,0,1,1,1.0
mailzustellung,0,1,1,1.0
andernfal,0,1,1,1.0
exerci,1,0,1,0.0
glweiclfgguattcmzigunxp,0,1,1,1.0
ramnath,1,0,1,0.0
inurn,0,1,1,1.0
persoanl,0,1,1,1.0
jlxsl,0,1,1,1.0
ofkiu,0,1,1,1.0
nass,0,1,1,1.0
bcwlh,0,1,1,1.0
bannerwerbung,0,1,1,1.0
otteh,0,1,1,1.0
hovsia,0,1,1,1.0
transfiguracin,0,1,1,1.0
qnsl,0,1,1,1.0
reignit,1,0,1,0.0
veselack,1,0,1,0.0
questo,0,1,1,1.0
callahantroyt,1,0,1,0.0
teagu,1,0,1,0.0
hatziu,1,0,1,0.0
clinchard,1,0,1,0.0
eweb,1,0,1,0.0
rina,0,1,1,1.0
potiphar,0,1,1,1.0
commerici,1,0,1,0.0
aqemkfg,0,1,1,1.0
cleanserl,0,1,1,1.0
jbouill,1,0,1,0.0
ginrth,0,1,1,1.0
kofo,1,0,1,0.0
lockapplic,0,1,1,1.0
wjncnbfj,0,1,1,1.0
pkfuux,0,1,1,1.0
fqpzm,0,1,1,1.0
energysymposium,1,0,1,0.0
madns,0,1,1,1.0
inartifici,0,1,1,1.0
aperfeioar,0,1,1,1.0
asan,0,1,1,1.0
ostatni,1,0,1,0.0
vicem,1,0,1,0.0
xberninip,0,1,1,1.0
shto,0,1,1,1.0
rnorri,1,0,1,0.0
okri,1,0,1,0.0
thirtymillion,0,1,1,1.0
rickwind,1,0,1,0.0
cobramegan,0,1,1,1.0
khoisan,0,1,1,1.0
wwhpg,0,1,1,1.0
xbheib,0,1,1,1.0
conventionspread,0,1,1,1.0
juntion,0,1,1,1.0
furmanaisl,0,1,1,1.0
tzz,0,1,1,1.0
gdel,0,1,1,1.0
quintn,0,1,1,1.0
offchanc,0,1,1,1.0
dxo,0,1,1,1.0
michol,1,0,1,0.0
thalman,1,0,1,0.0
unhallow,0,1,1,1.0
tiibf,0,1,1,1.0
udipv,0,1,1,1.0
macartney,0,1,1,1.0
jetad,0,1,1,1.0
promethazin,0,1,1,1.0
comrep,0,1,1,1.0
partyvik,1,0,1,0.0
endthez,0,1,1,1.0
raner,0,1,1,1.0
ratlh,0,1,1,1.0
marshmc,1,0,1,0.0
dvuifhkuncr,0,1,1,1.0
gastar,0,1,1,1.0
amazona,1,0,1,0.0
supplieslas,0,1,1,1.0
suyjiswyhhlagomhr,0,1,1,1.0
liquidacin,0,1,1,1.0
fantasist,0,1,1,1.0
battlefieldbiennium,0,1,1,1.0
yxbeizu,0,1,1,1.0
ohbi,0,1,1,1.0
ijroi,0,1,1,1.0
abideth,0,1,1,1.0
euoshhri,0,1,1,1.0
aún,0,1,1,1.0
thatq,0,1,1,1.0
bufpp,0,1,1,1.0
zoict,0,1,1,1.0
eeserv,0,1,1,1.0
biolab,0,1,1,1.0
gegeben,0,1,1,1.0
minnegasco,1,0,1,0.0
jnowel,1,0,1,0.0
yywlx,0,1,1,1.0
tlrcgg,0,1,1,1.0
mrzarcwft,0,1,1,1.0
ezmci,0,1,1,1.0
eubanksof,0,1,1,1.0
quuhw,0,1,1,1.0
wliqp,0,1,1,1.0
unentschlossen,0,1,1,1.0
dsbr,0,1,1,1.0
ejjog,0,1,1,1.0
seala,0,1,1,1.0
shortliv,1,0,1,0.0
uuqdaq,0,1,1,1.0
dechristoph,1,0,1,0.0
desmoid,0,1,1,1.0
agol,0,1,1,1.0
qjgddvd,0,1,1,1.0
gbbandwidth,0,1,1,1.0
vacaup,0,1,1,1.0
breastsuccess,0,1,1,1.0
jander,1,0,1,0.0
expungd,0,1,1,1.0
bzlik,0,1,1,1.0
caminho,0,1,1,1.0
niffer,1,0,1,0.0
aplicação,0,1,1,1.0
zsfrluxmwhi,0,1,1,1.0
sicl,0,1,1,1.0
nvvo,0,1,1,1.0
pgkyrzr,0,1,1,1.0
vzxoaxqhg,0,1,1,1.0
awyr,0,1,1,1.0
xkogq,0,1,1,1.0
phjt,0,1,1,1.0
dbh,0,1,1,1.0
coxwsewt,0,1,1,1.0
iwaldi,0,1,1,1.0
generatorcar,1,0,1,0.0
clientag,0,1,1,1.0
wasatchenergi,1,0,1,0.0
opvroeg,0,1,1,1.0
toexpos,0,1,1,1.0
growthat,0,1,1,1.0
qmnqoeqnbr,0,1,1,1.0
stinkpot,0,1,1,1.0
mullti,0,1,1,1.0
ximofuot,0,1,1,1.0
cbv,0,1,1,1.0
czeki,1,0,1,0.0
linewpharmaci,0,1,1,1.0
perwork,0,1,1,1.0
nachsten,0,1,1,1.0
sonsum,0,1,1,1.0
jtutsi,0,1,1,1.0
euticai,0,1,1,1.0
bobwhit,0,1,1,1.0
jswilliamson,1,0,1,0.0
pomogl,1,0,1,0.0
electrosoldada,0,1,1,1.0
uiccib,0,1,1,1.0
camozzi,1,0,1,0.0
extravagant,0,1,1,1.0
ojvfp,0,1,1,1.0
beneffit,0,1,1,1.0
gmpkl,0,1,1,1.0
uoex,0,1,1,1.0
diworseif,1,0,1,0.0
jrj,0,1,1,1.0
ndpkweycq,0,1,1,1.0
segtep,0,1,1,1.0
sute,0,1,1,1.0
dighton,1,0,1,0.0
spaceadlead,0,1,1,1.0
orleantrad,0,1,1,1.0
kamurdoc,1,0,1,0.0
tcv,0,1,1,1.0
vtuhqwmg,0,1,1,1.0
hectogram,0,1,1,1.0
naugl,0,1,1,1.0
blinker,0,1,1,1.0
hro,0,1,1,1.0
hia,0,1,1,1.0
karena,0,1,1,1.0
dcixjzo,0,1,1,1.0
fializ,1,0,1,0.0
incar,0,1,1,1.0
hwnorvt,0,1,1,1.0
geri,0,1,1,1.0
ewerthebestrx,0,1,1,1.0
fwcrpeq,0,1,1,1.0
jlope,1,0,1,0.0
ratcliff,1,0,1,0.0
sgaster,1,0,1,0.0
zhjvfm,0,1,1,1.0
droit,0,1,1,1.0
jzqdq,0,1,1,1.0
bbrook,1,0,1,0.0
epitomis,1,0,1,0.0
onbprescriptionwdrug,0,1,1,1.0
larin,0,1,1,1.0
combio,0,1,1,1.0
drearybuckthorn,0,1,1,1.0
aoofsvfm,0,1,1,1.0
sca,0,1,1,1.0
kfzegsei,0,1,1,1.0
punishmentopen,0,1,1,1.0
tivet,0,1,1,1.0
flyback,0,1,1,1.0
farmacocinética,0,1,1,1.0
abwicklung,0,1,1,1.0
datenschutzsystem,0,1,1,1.0
friendi,0,1,1,1.0
eldgridg,1,0,1,0.0
slin,1,0,1,0.0
vaiencia,0,1,1,1.0
karpaki,1,0,1,0.0
lifeisimport,0,1,1,1.0
usequin,0,1,1,1.0
chelor,0,1,1,1.0
kevorkian,1,0,1,0.0
lioonc,0,1,1,1.0
locsek,0,1,1,1.0
mourner,0,1,1,1.0
merchandisingcurso,0,1,1,1.0
transom,0,1,1,1.0
houseclean,1,0,1,0.0
unersättlich,0,1,1,1.0
kurzer,1,0,1,0.0
zgpxruoeyyimjhq,0,1,1,1.0
rosef,1,0,1,0.0
cuadra,0,1,1,1.0
conedr,1,0,1,0.0
vínculo,0,1,1,1.0
tienn,0,1,1,1.0
joeaggi,1,0,1,0.0
herri,1,0,1,0.0
byaselsbivtmq,0,1,1,1.0
brk,0,1,1,1.0
berstunden,0,1,1,1.0
iat,0,1,1,1.0
atomiqu,1,0,1,0.0
tzsmmqql,0,1,1,1.0
programado,0,1,1,1.0
ktjlw,0,1,1,1.0
edvank,0,1,1,1.0
jboatwright,0,1,1,1.0
stingrayjkm,0,1,1,1.0
xpmi,0,1,1,1.0
ldkvx,0,1,1,1.0
nhfdupwtl,0,1,1,1.0
roentsch,1,0,1,0.0
xdc,0,1,1,1.0
revendeur,0,1,1,1.0
concedebordeaux,0,1,1,1.0
tezyhmhi,0,1,1,1.0
naprawd,1,0,1,0.0
fabuloso,0,1,1,1.0
hqmslwte,0,1,1,1.0
fmoc,0,1,1,1.0
nthompson,1,0,1,0.0
cbh,0,1,1,1.0
governmentif,0,1,1,1.0
brammer,1,0,1,0.0
sacohen,1,0,1,0.0
sgillan,1,0,1,0.0
pieniedzi,1,0,1,0.0
yesturday,1,0,1,0.0
rrestivo,1,0,1,0.0
whatsit,0,1,1,1.0
yphcz,0,1,1,1.0
graig,0,1,1,1.0
ocurrió,0,1,1,1.0
tchernokojeva,1,0,1,0.0
exitosoa,0,1,1,1.0
professiotn,0,1,1,1.0
naturalpermut,0,1,1,1.0
qor,0,1,1,1.0
meowtraci,0,1,1,1.0
juq,0,1,1,1.0
matriculateanselm,0,1,1,1.0
pdvsa,1,0,1,0.0
khak,0,1,1,1.0
republica,0,1,1,1.0
yµa,0,1,1,1.0
izq,0,1,1,1.0
ycjvn,0,1,1,1.0
jaffier,1,0,1,0.0
seilsecur,0,1,1,1.0
armona,0,1,1,1.0
jayshil,0,1,1,1.0
multitask,0,1,1,1.0
bestxpofal,0,1,1,1.0
multiflora,0,1,1,1.0
guerrera,0,1,1,1.0
fslife,0,1,1,1.0
oustil,0,1,1,1.0
pfedora,0,1,1,1.0
ghodsian,1,0,1,0.0
zhpjhg,0,1,1,1.0
messsag,1,0,1,0.0
demicanton,0,1,1,1.0
logiclsal,1,0,1,0.0
rcgan,0,1,1,1.0
bldxdxwhi,0,1,1,1.0
giyim,0,1,1,1.0
ejfwm,0,1,1,1.0
darten,1,0,1,0.0
actifv,0,1,1,1.0
oeg,1,0,1,0.0
bemuhungen,0,1,1,1.0
hrtrje,0,1,1,1.0
coomer,1,0,1,0.0
applwi,0,1,1,1.0
xbexo,0,1,1,1.0
abreu,1,0,1,0.0
vplc,0,1,1,1.0
enamor,1,0,1,0.0
dhgqtg,0,1,1,1.0
investigativa,0,1,1,1.0
kwcmjubfo,0,1,1,1.0
pmfv,0,1,1,1.0
luxenecgr,0,1,1,1.0
relieffresh,0,1,1,1.0
jsr,0,1,1,1.0
entruck,0,1,1,1.0
calorimetertweak,0,1,1,1.0
penland,1,0,1,0.0
kfzx,0,1,1,1.0
spinderwyatt,0,1,1,1.0
hereditaria,0,1,1,1.0
wiilian,0,1,1,1.0
faggot,0,1,1,1.0
anteilsverwaltung,1,0,1,0.0
zlptv,0,1,1,1.0
blackboxvot,0,1,1,1.0
agexohvhc,0,1,1,1.0
ckpiw,0,1,1,1.0
mustverifi,0,1,1,1.0
shoshonean,0,1,1,1.0
afecft,0,1,1,1.0
wgkcanq,0,1,1,1.0
qcmcser,0,1,1,1.0
transitivethorough,0,1,1,1.0
jambi,1,0,1,0.0
witthoeft,1,0,1,0.0
uromillon,0,1,1,1.0
stuhldreh,1,0,1,0.0
goforthesoft,0,1,1,1.0
stratsolgroup,1,0,1,0.0
otwalia,1,0,1,0.0
microtomi,0,1,1,1.0
riskfactor,0,1,1,1.0
ttb,0,1,1,1.0
lvg,0,1,1,1.0
coupler,0,1,1,1.0
mudfish,1,0,1,0.0
prisonhous,0,1,1,1.0
hygdipxjt,0,1,1,1.0
lsmvmeg,0,1,1,1.0
winword,1,0,1,0.0
cyclohexan,0,1,1,1.0
cllfd,0,1,1,1.0
inacreditável,0,1,1,1.0
oother,0,1,1,1.0
blowat,0,1,1,1.0
morgagerightnow,0,1,1,1.0
emrtt,0,1,1,1.0
vafllum,0,1,1,1.0
carbgn,1,0,1,0.0
chillip,0,1,1,1.0
cillier,1,0,1,0.0
breadwinnerprohibitori,0,1,1,1.0
kikiaggi,1,0,1,0.0
breke,0,1,1,1.0
usav,0,1,1,1.0
forda,0,1,1,1.0
moriar,1,0,1,0.0
aril,1,0,1,0.0
reviewz,0,1,1,1.0
oftenest,0,1,1,1.0
cgmyy,0,1,1,1.0
samovar,0,1,1,1.0
asterozoa,0,1,1,1.0
transactthi,0,1,1,1.0
angelico,0,1,1,1.0
realnam,0,1,1,1.0
glycomacropeptid,0,1,1,1.0
eecgyvu,0,1,1,1.0
uqpcubr,0,1,1,1.0
overbreng,0,1,1,1.0
aout,0,1,1,1.0
romanoguerrilla,0,1,1,1.0
twhub,1,0,1,0.0
gcbpsd,0,1,1,1.0
qgxlgj,0,1,1,1.0
necan,0,1,1,1.0
mswzumld,0,1,1,1.0
tdqt,0,1,1,1.0
pleasaantli,0,1,1,1.0
ggot,0,1,1,1.0
lwjzjjwx,0,1,1,1.0
meriz,0,1,1,1.0
vthrd,0,1,1,1.0
middlemost,0,1,1,1.0
aqueousrichfield,0,1,1,1.0
oyfkku,0,1,1,1.0
togetrh,1,0,1,0.0
acipenseroid,0,1,1,1.0
vhzll,0,1,1,1.0
nersesian,1,0,1,0.0
stumpageslap,0,1,1,1.0
gaan,0,1,1,1.0
crackertrid,0,1,1,1.0
ksiazka,1,0,1,0.0
discontin,0,1,1,1.0
uglier,1,0,1,0.0
xxn,0,1,1,1.0
rejuvenatepillag,0,1,1,1.0
walcot,0,1,1,1.0
pkkfji,0,1,1,1.0
digestgilbert,0,1,1,1.0
ailen,0,1,1,1.0
rdxzkrr,0,1,1,1.0
nerver,0,1,1,1.0
berins,0,1,1,1.0
comoxi,0,1,1,1.0
jgq,0,1,1,1.0
demonsr,1,0,1,0.0
hainan,1,0,1,0.0
seborrhea,0,1,1,1.0
springshop,0,1,1,1.0
drquzcc,0,1,1,1.0
atzpji,0,1,1,1.0
shewould,0,1,1,1.0
geschaftsmann,0,1,1,1.0
dundeetattoo,0,1,1,1.0
semco,1,0,1,0.0
wrzesniu,1,0,1,0.0
wyzwrxcorrect,0,1,1,1.0
miut,1,0,1,0.0
hueb,0,1,1,1.0
infloresc,0,1,1,1.0
conninert,0,1,1,1.0
cxlzwa,0,1,1,1.0
ssdnet,1,0,1,0.0
wijtq,0,1,1,1.0
oninternet,0,1,1,1.0
kljewtlt,0,1,1,1.0
conex,1,0,1,0.0
hoffbrau,1,0,1,0.0
respetando,0,1,1,1.0
everytimeskunk,0,1,1,1.0
bergbau,1,0,1,0.0
rcltw,0,1,1,1.0
jweil,1,0,1,0.0
boyõ,0,1,1,1.0
mdsyejxuv,0,1,1,1.0
jacul,0,1,1,1.0
steathi,1,0,1,0.0
dglltmeqsu,0,1,1,1.0
rskapprais,1,0,1,0.0
uniek,0,1,1,1.0
angioplasti,0,1,1,1.0
nifnclk,0,1,1,1.0
sschol,0,1,1,1.0
flugzeugabsturz,0,1,1,1.0
bolgesind,0,1,1,1.0
wolrk,0,1,1,1.0
jhhwe,0,1,1,1.0
stemceil,0,1,1,1.0
aghh,1,0,1,0.0
wimpi,1,0,1,0.0
intorduc,1,0,1,0.0
moooooreeeee,0,1,1,1.0
iir,1,0,1,0.0
circumspectbrackish,0,1,1,1.0
funuksocytjbr,0,1,1,1.0
wellcom,0,1,1,1.0
tentsl,0,1,1,1.0
typewrittenkay,0,1,1,1.0
higert,1,0,1,0.0
htmfeedback,0,1,1,1.0
publishd,1,0,1,0.0
jhex,0,1,1,1.0
ariiv,0,1,1,1.0
andrenida,0,1,1,1.0
eoia,0,1,1,1.0
osburn,1,0,1,0.0
epuohz,0,1,1,1.0
manglapada,0,1,1,1.0
gullfax,0,1,1,1.0
monograma,0,1,1,1.0
mabazb,0,1,1,1.0
skjl,0,1,1,1.0
qisbo,0,1,1,1.0
vqbqd,0,1,1,1.0
vidalia,1,0,1,0.0
rightsjust,0,1,1,1.0
kmxiq,0,1,1,1.0
accedepuerto,0,1,1,1.0
pinckney,1,0,1,0.0
yardimlasma,0,1,1,1.0
hbath,1,0,1,0.0
leocb,0,1,1,1.0
jyelwip,0,1,1,1.0
completd,0,1,1,1.0
kkorp,0,1,1,1.0
whiteisaac,0,1,1,1.0
inparallel,1,0,1,0.0
buller,1,0,1,0.0
twaller,1,0,1,0.0
mygeorgew,1,0,1,0.0
÷,0,1,1,1.0
medicati,0,1,1,1.0
rigyh,0,1,1,1.0
ccynthia,1,0,1,0.0
isliwk,0,1,1,1.0
satepisfa,0,1,1,1.0
huddleston,0,1,1,1.0
ssigo,0,1,1,1.0
hsmhho,0,1,1,1.0
butb,0,1,1,1.0
verkauft,0,1,1,1.0
wtng,0,1,1,1.0
omasit,1,0,1,0.0
holl,0,1,1,1.0
devito,1,0,1,0.0
faticaaj,1,0,1,0.0
derlnk,0,1,1,1.0
horsepowerdeerskin,0,1,1,1.0
broughtbacchu,0,1,1,1.0
monteal,1,0,1,0.0
unbeiiev,0,1,1,1.0
lakst,0,1,1,1.0
sanhedrim,0,1,1,1.0
lomi,0,1,1,1.0
gaubert,0,1,1,1.0
jonni,0,1,1,1.0
mati,1,0,1,0.0
decisivo,0,1,1,1.0
gjakwfal,0,1,1,1.0
merytoryczna,1,0,1,0.0
gqh,0,1,1,1.0
hotjob,0,1,1,1.0
rhinopez,0,1,1,1.0
xultorum,0,1,1,1.0
xzgasttjcp,0,1,1,1.0
fkwqykdvi,0,1,1,1.0
odinn,0,1,1,1.0
hejobebf,0,1,1,1.0
yoit,0,1,1,1.0
taka,1,0,1,0.0
abracadabra,0,1,1,1.0
tzpew,0,1,1,1.0
jwtx,0,1,1,1.0
mincingli,0,1,1,1.0
idasuccess,0,1,1,1.0
numberfrom,0,1,1,1.0
recommiss,1,0,1,0.0
brumou,0,1,1,1.0
filizrmz,0,1,1,1.0
nuugcangz,0,1,1,1.0
lkao,1,0,1,0.0
dcla,0,1,1,1.0
eachail,0,1,1,1.0
acquaintancecheckk,0,1,1,1.0
lba,0,1,1,1.0
eyq,1,0,1,0.0
jchuv,0,1,1,1.0
bucher,1,0,1,0.0
roflffqg,0,1,1,1.0
prescriptionldrug,0,1,1,1.0
fkiokxhcg,0,1,1,1.0
premierdir,0,1,1,1.0
divstrongyour,0,1,1,1.0
wgfplf,0,1,1,1.0
qvb,0,1,1,1.0
erfahrenen,0,1,1,1.0
pharmacyfy,0,1,1,1.0
thxh,0,1,1,1.0
bppigefq,0,1,1,1.0
landa,1,0,1,0.0
forycki,1,0,1,0.0
idu,1,0,1,0.0
deffer,1,0,1,0.0
objdmrkhv,0,1,1,1.0
xnl,0,1,1,1.0
kqu,0,1,1,1.0
slimin,0,1,1,1.0
shipcp,0,1,1,1.0
dzpxfzsrv,0,1,1,1.0
hsrd,0,1,1,1.0
aspecttypifi,0,1,1,1.0
xat,0,1,1,1.0
hambrick,1,0,1,0.0
goushuul,0,1,1,1.0
mohawkerror,0,1,1,1.0
besorgen,0,1,1,1.0
afterl,1,0,1,0.0
geneart,0,1,1,1.0
cathrin,0,1,1,1.0
oppurtunit,1,0,1,0.0
flonintr,0,1,1,1.0
tkqkpbuy,0,1,1,1.0
btqbc,0,1,1,1.0
jdk,0,1,1,1.0
choog,0,1,1,1.0
swc,0,1,1,1.0
pget,1,0,1,0.0
acecz,0,1,1,1.0
ejecución,0,1,1,1.0
ledoux,1,0,1,0.0
ambieeen,0,1,1,1.0
kassenfunktionaer,0,1,1,1.0
tsavag,1,0,1,0.0
terapéutica,0,1,1,1.0
empact,0,1,1,1.0
capon,0,1,1,1.0
tourspari,0,1,1,1.0
etei,1,0,1,0.0
pabulum,0,1,1,1.0
rayn,1,0,1,0.0
zzocb,0,1,1,1.0
ariella,1,0,1,0.0
obstructionist,0,1,1,1.0
karyogam,0,1,1,1.0
meccabask,0,1,1,1.0
fuzk,0,1,1,1.0
wanship,0,1,1,1.0
mhjqo,0,1,1,1.0
antragstel,0,1,1,1.0
egluk,0,1,1,1.0
biotop,0,1,1,1.0
divsuxmj,0,1,1,1.0
dialisi,0,1,1,1.0
qxpgqmrv,0,1,1,1.0
eerieaffair,0,1,1,1.0
kbrgqtr,0,1,1,1.0
fiecd,0,1,1,1.0
denger,0,1,1,1.0
fruitgrow,0,1,1,1.0
bgnyunclq,0,1,1,1.0
yxtifxko,0,1,1,1.0
onvol,0,1,1,1.0
camphocarboxyl,0,1,1,1.0
meaninug,0,1,1,1.0
cwhbemakj,0,1,1,1.0
dauy,0,1,1,1.0
satislarimizi,0,1,1,1.0
fqp,0,1,1,1.0
acceptedhow,0,1,1,1.0
pgjw,0,1,1,1.0
cejohnsto,1,0,1,0.0
guajira,1,0,1,0.0
remedialteach,0,1,1,1.0
mkehadvjbgjmep,0,1,1,1.0
zenobia,0,1,1,1.0
ilhh,0,1,1,1.0
creai,0,1,1,1.0
cante,0,1,1,1.0
aazbi,0,1,1,1.0
grullon,1,0,1,0.0
conferencereg,1,0,1,0.0
lebas,0,1,1,1.0
pharmfarm,0,1,1,1.0
tobrtempl,0,1,1,1.0
rereceiv,0,1,1,1.0
homebcutp,0,1,1,1.0
inforamt,1,0,1,0.0
ofnigeria,0,1,1,1.0
maluku,0,1,1,1.0
couldcdgt,0,1,1,1.0
crediot,0,1,1,1.0
hield,0,1,1,1.0
juancheng,0,1,1,1.0
lungcanc,0,1,1,1.0
jubilar,0,1,1,1.0
tznfqmnd,0,1,1,1.0
exatctli,0,1,1,1.0
nsqmi,0,1,1,1.0
rooter,0,1,1,1.0
lavjtra,0,1,1,1.0
germent,0,1,1,1.0
talbott,0,1,1,1.0
blowtorch,0,1,1,1.0
stani,1,0,1,0.0
ughexebzz,0,1,1,1.0
vjgzlr,0,1,1,1.0
andtechnolog,0,1,1,1.0
tgsojv,0,1,1,1.0
brandhot,0,1,1,1.0
cbrzrv,0,1,1,1.0
openmind,0,1,1,1.0
reenviar,0,1,1,1.0
besloten,0,1,1,1.0
fxind,0,1,1,1.0
thisco,1,0,1,0.0
xxzjdhh,0,1,1,1.0
maintanc,1,0,1,0.0
gerichtet,0,1,1,1.0
microfib,0,1,1,1.0
buckman,1,0,1,0.0
rzewski,0,1,1,1.0
izqnjiwt,0,1,1,1.0
crítico,0,1,1,1.0
taponen,1,0,1,0.0
cobrayomama,0,1,1,1.0
axnpur,0,1,1,1.0
wlchsv,0,1,1,1.0
husbandtrust,0,1,1,1.0
ragwe,0,1,1,1.0
derekw,0,1,1,1.0
grasitud,0,1,1,1.0
unw,1,0,1,0.0
xnr,0,1,1,1.0
ygwlyn,0,1,1,1.0
nuttin,1,0,1,0.0
fzrjee,0,1,1,1.0
oetrend,0,1,1,1.0
woodhenbelmont,0,1,1,1.0
xspeedi,0,1,1,1.0
manyooth,0,1,1,1.0
servicecar,0,1,1,1.0
ngxu,0,1,1,1.0
airless,0,1,1,1.0
anzu,0,1,1,1.0
wkxhdxgsc,0,1,1,1.0
breechesastronaut,0,1,1,1.0
radiotrician,0,1,1,1.0
sameba,0,1,1,1.0
utilz,0,1,1,1.0
exabyt,0,1,1,1.0
broeader,0,1,1,1.0
scaricato,0,1,1,1.0
prandl,1,0,1,0.0
gerner,0,1,1,1.0
pomyslni,1,0,1,0.0
xqkm,0,1,1,1.0
haya,0,1,1,1.0
turnmil,0,1,1,1.0
unexcus,0,1,1,1.0
shockleycorp,0,1,1,1.0
efznyauqemlj,0,1,1,1.0
hideakifan,0,1,1,1.0
jtkgpxq,0,1,1,1.0
norewgian,1,0,1,0.0
alvarinho,0,1,1,1.0
drawert,1,0,1,0.0
vam,0,1,1,1.0
merida,0,1,1,1.0
rouqc,0,1,1,1.0
enzfztu,0,1,1,1.0
wzfakern,0,1,1,1.0
sablo,1,0,1,0.0
gald,1,0,1,0.0
pgcsa,0,1,1,1.0
dgvzdebob,0,1,1,1.0
amdahlcsdc,0,1,1,1.0
overybodi,1,0,1,0.0
tedinburgh,0,1,1,1.0
mortzz,0,1,1,1.0
kyxdg,0,1,1,1.0
medscompar,0,1,1,1.0
vini,1,0,1,0.0
vigoroso,0,1,1,1.0
savingss,0,1,1,1.0
djon,0,1,1,1.0
tpcer,0,1,1,1.0
jixian,0,1,1,1.0
woodburi,0,1,1,1.0
mediacent,0,1,1,1.0
wqqpo,0,1,1,1.0
mañana,0,1,1,1.0
briefix,1,0,1,0.0
scotchmail,0,1,1,1.0
vqsoksfbg,0,1,1,1.0
hexrbal,0,1,1,1.0
uhhgkkuw,0,1,1,1.0
dominar,0,1,1,1.0
ernpqqxtg,0,1,1,1.0
aweiezgm,0,1,1,1.0
tndfvxwrh,0,1,1,1.0
ryjf,0,1,1,1.0
eath,0,1,1,1.0
znkbejejc,0,1,1,1.0
burress,1,0,1,0.0
pwzdw,0,1,1,1.0
noooo,0,1,1,1.0
catmint,0,1,1,1.0
locomia,0,1,1,1.0
kpkcepkc,0,1,1,1.0
wepurchasesth,0,1,1,1.0
xclfp,0,1,1,1.0
aasxc,0,1,1,1.0
tpfcesai,0,1,1,1.0
totient,0,1,1,1.0
wicor,1,0,1,0.0
kap,0,1,1,1.0
stormyandr,0,1,1,1.0
iynuep,0,1,1,1.0
ilzow,0,1,1,1.0
marketý,0,1,1,1.0
bgmlm,0,1,1,1.0
contermin,0,1,1,1.0
vevlech,0,1,1,1.0
guaroante,0,1,1,1.0
gtx,1,0,1,0.0
antiguareserva,0,1,1,1.0
persecutor,0,1,1,1.0
enk,0,1,1,1.0
dlxymygi,0,1,1,1.0
sptesten,0,1,1,1.0
rcmxp,0,1,1,1.0
eebcdgdc,0,1,1,1.0
reiterat,1,0,1,0.0
onllnu,0,1,1,1.0
valte,0,1,1,1.0
weiyght,0,1,1,1.0
burnhamthorp,0,1,1,1.0
ogeth,0,1,1,1.0
btvtyjg,0,1,1,1.0
xhhvmqqr,0,1,1,1.0
habibuddin,1,0,1,0.0
zzzxlqbha,0,1,1,1.0
whhobtz,0,1,1,1.0
huneault,1,0,1,0.0
beisf,0,1,1,1.0
csod,0,1,1,1.0
eglz,0,1,1,1.0
pib,0,1,1,1.0
bna,1,0,1,0.0
drupelet,0,1,1,1.0
fadcampu,0,1,1,1.0
bacchant,0,1,1,1.0
anntaylor,1,0,1,0.0
fkcmwi,0,1,1,1.0
safir,1,0,1,0.0
hsbsora,0,1,1,1.0
vcmcv,0,1,1,1.0
oix,0,1,1,1.0
positiion,1,0,1,0.0
iancef,0,1,1,1.0
oriundo,0,1,1,1.0
qccruxmven,0,1,1,1.0
cianco,1,0,1,0.0
unbridl,0,1,1,1.0
ssmsjwfj,0,1,1,1.0
songer,1,0,1,0.0
ferngesprach,0,1,1,1.0
txnvgcn,0,1,1,1.0
insolvenzrecht,0,1,1,1.0
chaperonyoung,0,1,1,1.0
ymqhwl,0,1,1,1.0
cliykck,0,1,1,1.0
netvig,0,1,1,1.0
hesser,1,0,1,0.0
functin,0,1,1,1.0
rhapsodysnow,0,1,1,1.0
greaat,0,1,1,1.0
richdog,1,0,1,0.0
fonton,0,1,1,1.0
martindal,0,1,1,1.0
xvzxjpe,0,1,1,1.0
maramarco,1,0,1,0.0
bachmann,0,1,1,1.0
dkj,0,1,1,1.0
tetsuro,1,0,1,0.0
intmernet,0,1,1,1.0
dfx,1,0,1,0.0
linsmeier,1,0,1,0.0
genescoexagger,0,1,1,1.0
rrox,0,1,1,1.0
buyingmood,1,0,1,0.0
interiorkiewit,0,1,1,1.0
dampencapstan,0,1,1,1.0
luptowitsch,1,0,1,0.0
gaughan,1,0,1,0.0
dzialaniom,1,0,1,0.0
densley,1,0,1,0.0
corvi,1,0,1,0.0
stwrocki,1,0,1,0.0
gzwho,0,1,1,1.0
izlt,0,1,1,1.0
mytotalemail,0,1,1,1.0
ynjra,0,1,1,1.0
postula,0,1,1,1.0
leahd,1,0,1,0.0
micronas,0,1,1,1.0
bhvdnrbswvz,0,1,1,1.0
vdif,0,1,1,1.0
ingreat,0,1,1,1.0
gsh,0,1,1,1.0
erlaubni,0,1,1,1.0
jil,0,1,1,1.0
toq,0,1,1,1.0
psdempsx,0,1,1,1.0
ftedmej,0,1,1,1.0
hyphal,0,1,1,1.0
sjkvxwu,0,1,1,1.0
interlay,0,1,1,1.0
ldloti,0,1,1,1.0
ivanchenko,0,1,1,1.0
fentanyl,0,1,1,1.0
crie,0,1,1,1.0
scafecao,0,1,1,1.0
odbtj,0,1,1,1.0
hillyperspicu,0,1,1,1.0
sjshdhd,0,1,1,1.0
weeper,0,1,1,1.0
tarzanstormi,0,1,1,1.0
vacluz,0,1,1,1.0
nonconformist,0,1,1,1.0
btdyrbjx,0,1,1,1.0
várice,0,1,1,1.0
sother,0,1,1,1.0
veloxzon,0,1,1,1.0
upsilon,0,1,1,1.0
üóëþþúüêæû,0,1,1,1.0
kkpluwpsv,0,1,1,1.0
dlfj,0,1,1,1.0
brmilwauke,0,1,1,1.0
laddieroy,0,1,1,1.0
ciy,0,1,1,1.0
entorag,0,1,1,1.0
longhornmeringu,0,1,1,1.0
ssr,0,1,1,1.0
manifestaci,0,1,1,1.0
gegenzug,0,1,1,1.0
danapointharbor,1,0,1,0.0
khami,0,1,1,1.0
rkeligi,0,1,1,1.0
comuna,0,1,1,1.0
evewan,0,1,1,1.0
aeuhglav,0,1,1,1.0
vgo,0,1,1,1.0
subeditor,1,0,1,0.0
fiebr,0,1,1,1.0
thirtieth,0,1,1,1.0
ogpngczi,0,1,1,1.0
humana,0,1,1,1.0
nosww,0,1,1,1.0
wqfjv,0,1,1,1.0
mexzx,0,1,1,1.0
bqgxk,0,1,1,1.0
zeshi,0,1,1,1.0
yasjcjomr,0,1,1,1.0
mandolin,1,0,1,0.0
oevkuni,0,1,1,1.0
unnaid,0,1,1,1.0
debrishumeru,0,1,1,1.0
ndfbx,0,1,1,1.0
þdond,0,1,1,1.0
rdp,1,0,1,0.0
soqhlo,0,1,1,1.0
ddpcz,0,1,1,1.0
natioal,0,1,1,1.0
australasia,1,0,1,0.0
assertconcertina,0,1,1,1.0
soutinho,1,0,1,0.0
duecontract,0,1,1,1.0
digestasphalt,0,1,1,1.0
mearian,1,0,1,0.0
unprais,0,1,1,1.0
maxmilian,0,1,1,1.0
klcuux,0,1,1,1.0
prescriptionjdrug,0,1,1,1.0
psychicrealm,0,1,1,1.0
removemortar,0,1,1,1.0
ionizzera,0,1,1,1.0
hopkinscolloc,0,1,1,1.0
prawdopodobni,1,0,1,0.0
lxotbptq,0,1,1,1.0
manc,0,1,1,1.0
vllwz,0,1,1,1.0
weatherxchang,1,0,1,0.0
pilotlight,1,0,1,0.0
nagercoil,0,1,1,1.0
gluon,0,1,1,1.0
valiuzm,0,1,1,1.0
convincedhypoantimon,0,1,1,1.0
rpsyagyaz,0,1,1,1.0
pperh,0,1,1,1.0
uncorrect,1,0,1,0.0
shote,0,1,1,1.0
emfont,0,1,1,1.0
fontbrimg,0,1,1,1.0
aqirpvwfbr,0,1,1,1.0
gcmchv,0,1,1,1.0
inbetween,0,1,1,1.0
hughey,1,0,1,0.0
shipxp,0,1,1,1.0
fireberd,0,1,1,1.0
xchwjfo,0,1,1,1.0
ateli,0,1,1,1.0
buf,1,0,1,0.0
oliverd,1,0,1,0.0
gyfgh,0,1,1,1.0
idêntico,0,1,1,1.0
awiuq,0,1,1,1.0
resident,0,1,1,1.0
rano,1,0,1,0.0
ctd,0,1,1,1.0
tlaq,0,1,1,1.0
einfgen,0,1,1,1.0
npxjgb,0,1,1,1.0
repatr,0,1,1,1.0
ptiondrug,0,1,1,1.0
ujcrh,0,1,1,1.0
kxrrap,0,1,1,1.0
unworkmanlik,0,1,1,1.0
sudetenland,0,1,1,1.0
nokiv,0,1,1,1.0
utilisz,1,0,1,0.0
kalb,1,0,1,0.0
vvgbvul,0,1,1,1.0
vendido,0,1,1,1.0
marka,0,1,1,1.0
pinkfloyamand,0,1,1,1.0
mortxigag,0,1,1,1.0
gesi,0,1,1,1.0
rwtre,0,1,1,1.0
evr,0,1,1,1.0
invirtieron,0,1,1,1.0
deeppain,0,1,1,1.0
megawiggl,1,0,1,0.0
cgl,0,1,1,1.0
qipxlv,0,1,1,1.0
trisheeey,1,0,1,0.0
ufvhekhrg,0,1,1,1.0
lnjfr,0,1,1,1.0
accountservic,0,1,1,1.0
anvx,0,1,1,1.0
botago,0,1,1,1.0
cohesionrigg,0,1,1,1.0
terraço,0,1,1,1.0
cialdji,0,1,1,1.0
listomooka,0,1,1,1.0
syndicalist,0,1,1,1.0
pharmzmai,0,1,1,1.0
ellollloeleo,0,1,1,1.0
wtmyz,0,1,1,1.0
xcf,0,1,1,1.0
kindsinc,0,1,1,1.0
diuotpcnvjkhkzsev,0,1,1,1.0
ilha,0,1,1,1.0
sfunct,0,1,1,1.0
soundgarden,1,0,1,0.0
langsyn,0,1,1,1.0
fraserpress,0,1,1,1.0
bucculatrix,0,1,1,1.0
yasn,0,1,1,1.0
tripartisan,1,0,1,0.0
fundadora,0,1,1,1.0
rudyard,0,1,1,1.0
glandifer,0,1,1,1.0
pharmacya,0,1,1,1.0
isgvax,0,1,1,1.0
gfwrt,0,1,1,1.0
sommar,0,1,1,1.0
credenciamento,0,1,1,1.0
uktmyc,0,1,1,1.0
utddz,0,1,1,1.0
ebenfal,0,1,1,1.0
pleasedo,0,1,1,1.0
earhtli,0,1,1,1.0
crmonten,1,0,1,0.0
areia,0,1,1,1.0
sampanjcem,0,1,1,1.0
iblvopvtvbr,0,1,1,1.0
nonstandard,1,0,1,0.0
pepzqaa,0,1,1,1.0
amam,0,1,1,1.0
lweuu,0,1,1,1.0
dtwmlbxr,0,1,1,1.0
addio,0,1,1,1.0
trepeat,0,1,1,1.0
nlz,0,1,1,1.0
basilcharlott,0,1,1,1.0
augumbwin,0,1,1,1.0
rearview,0,1,1,1.0
slavconform,0,1,1,1.0
dramática,0,1,1,1.0
gumdropslop,0,1,1,1.0
carlhan,1,0,1,0.0
echtenhoff,1,0,1,0.0
dpgsf,0,1,1,1.0
kinmen,0,1,1,1.0
mooreeeeee,0,1,1,1.0
streetvendor,0,1,1,1.0
dempseyobvi,0,1,1,1.0
ncfeof,0,1,1,1.0
njsfz,0,1,1,1.0
storytellersandra,0,1,1,1.0
usagrantmoney,0,1,1,1.0
libertyview,1,0,1,0.0
pharyng,0,1,1,1.0
bfq,0,1,1,1.0
hagc,1,0,1,0.0
xwqiwoci,0,1,1,1.0
adieusmel,0,1,1,1.0
oiqowgelb,0,1,1,1.0
jspjw,0,1,1,1.0
aoauau,0,1,1,1.0
xfa,0,1,1,1.0
yolaa,1,0,1,0.0
qejbv,0,1,1,1.0
yarsma,0,1,1,1.0
magazinea,0,1,1,1.0
okfj,0,1,1,1.0
moda,0,1,1,1.0
iwnni,0,1,1,1.0
arialif,0,1,1,1.0
teufelkin,0,1,1,1.0
alquil,0,1,1,1.0
goolam,1,0,1,0.0
wbhaiccyh,0,1,1,1.0
mfisjwg,0,1,1,1.0
atwsut,0,1,1,1.0
exhalesaul,0,1,1,1.0
whimsi,0,1,1,1.0
gcpud,1,0,1,0.0
questão,0,1,1,1.0
ahochuzmlzgkxmzcp,0,1,1,1.0
melp,1,0,1,0.0
cowpeadang,0,1,1,1.0
sedanchair,0,1,1,1.0
radioelctrico,0,1,1,1.0
sagentlot,0,1,1,1.0
zorganizowalem,1,0,1,0.0
chicanogymnosperm,0,1,1,1.0
crduffi,1,0,1,0.0
migeht,0,1,1,1.0
gzwmsfbr,0,1,1,1.0
byuhynmc,0,1,1,1.0
stickler,1,0,1,0.0
ehsykjb,0,1,1,1.0
urmuredagainst,0,1,1,1.0
killlerxx,0,1,1,1.0
vqejpr,0,1,1,1.0
palr,0,1,1,1.0
ecushorti,1,0,1,0.0
fcxqlvmwd,0,1,1,1.0
sxgal,0,1,1,1.0
ndw,0,1,1,1.0
foredoom,0,1,1,1.0
blp,0,1,1,1.0
gironzentral,1,0,1,0.0
catalan,0,1,1,1.0
recoveriesminmet,0,1,1,1.0
invoicing,0,1,1,1.0
peritonea,0,1,1,1.0
moreau,0,1,1,1.0
ojijnoo,0,1,1,1.0
cjbhrq,0,1,1,1.0
xjtf,0,1,1,1.0
superspeedway,0,1,1,1.0
hallam,1,0,1,0.0
firstbeginstack,0,1,1,1.0
omid,0,1,1,1.0
elmztv,0,1,1,1.0
continuado,0,1,1,1.0
qklbmcml,0,1,1,1.0
andirondairyman,0,1,1,1.0
noder,0,1,1,1.0
ccng,1,0,1,0.0
yousom,0,1,1,1.0
downloadlfont,0,1,1,1.0
creditportfolio,1,0,1,0.0
thislast,1,0,1,0.0
upsilonasham,0,1,1,1.0
alen,0,1,1,1.0
mpblalock,1,0,1,0.0
obious,1,0,1,0.0
smtpl,0,1,1,1.0
alk,0,1,1,1.0
shani,1,0,1,0.0
profundo,0,1,1,1.0
clearchannel,0,1,1,1.0
hereinfrail,0,1,1,1.0
magdalinweiss,1,0,1,0.0
êxtase,0,1,1,1.0
absout,1,0,1,0.0
paicn,0,1,1,1.0
crooklyn,0,1,1,1.0
direcionado,0,1,1,1.0
pulizzi,1,0,1,0.0
hwmdg,0,1,1,1.0
tdgrmgxto,0,1,1,1.0
samolotu,1,0,1,0.0
crra,1,0,1,0.0
dfet,0,1,1,1.0
colpa,0,1,1,1.0
hydrocet,0,1,1,1.0
cookwar,1,0,1,0.0
inglaterra,0,1,1,1.0
pgmunpz,0,1,1,1.0
zaun,1,0,1,0.0
returnig,1,0,1,0.0
uvi,0,1,1,1.0
cdelario,1,0,1,0.0
cialilo,0,1,1,1.0
daft,1,0,1,0.0
ravt,0,1,1,1.0
westwid,1,0,1,0.0
interkours,0,1,1,1.0
howdah,0,1,1,1.0
plentli,0,1,1,1.0
otfloonw,0,1,1,1.0
lovey,0,1,1,1.0
photosynthesi,0,1,1,1.0
uduoyro,0,1,1,1.0
pearlstein,1,0,1,0.0
blun,0,1,1,1.0
nkaetcbr,0,1,1,1.0
opah,0,1,1,1.0
xgreen,1,0,1,0.0
standpointcut,0,1,1,1.0
mediciin,0,1,1,1.0
frecuent,0,1,1,1.0
techwood,1,0,1,0.0
adlzi,0,1,1,1.0
hjkoootf,0,1,1,1.0
deaconri,0,1,1,1.0
zkzupunnbr,0,1,1,1.0
dnl,0,1,1,1.0
weidler,1,0,1,0.0
ajustar,0,1,1,1.0
rlnvezul,0,1,1,1.0
minimiza,0,1,1,1.0
fussbudget,1,0,1,0.0
bakernet,1,0,1,0.0
diabebet,0,1,1,1.0
nastepn,1,0,1,0.0
gulfpub,1,0,1,0.0
percen,0,1,1,1.0
tmnto,1,0,1,0.0
fatimata,0,1,1,1.0
cournerston,1,0,1,0.0
robinsonm,1,0,1,0.0
yjq,0,1,1,1.0
rlloyd,1,0,1,0.0
jogyx,0,1,1,1.0
krwwuu,0,1,1,1.0
paixo,0,1,1,1.0
slackli,0,1,1,1.0
subjectiv,0,1,1,1.0
liklihood,1,0,1,0.0
gayden,1,0,1,0.0
prehens,0,1,1,1.0
txlcu,0,1,1,1.0
mpjltnygg,0,1,1,1.0
ltggdiw,0,1,1,1.0
dictagraph,0,1,1,1.0
pastorali,0,1,1,1.0
trumpow,1,0,1,0.0
anterioridad,0,1,1,1.0
knap,0,1,1,1.0
pocz,1,0,1,0.0
sibneft,0,1,1,1.0
ngtxb,0,1,1,1.0
corretora,1,0,1,0.0
limite,0,1,1,1.0
representam,0,1,1,1.0
poolbr,0,1,1,1.0
secyond,0,1,1,1.0
ybqqhsfhr,0,1,1,1.0
transgen,0,1,1,1.0
qfaocerm,0,1,1,1.0
rastreo,0,1,1,1.0
filo,0,1,1,1.0
cqrb,0,1,1,1.0
seif,0,1,1,1.0
afterhefinish,0,1,1,1.0
liveedgar,1,0,1,0.0
kskinner,1,0,1,0.0
briskey,1,0,1,0.0
nymhpo,0,1,1,1.0
gopop,1,0,1,0.0
amazz,0,1,1,1.0
coostli,0,1,1,1.0
sfup,0,1,1,1.0
uppermost,1,0,1,0.0
microsoftlicens,0,1,1,1.0
confirmusersdata,0,1,1,1.0
mmqpqyar,0,1,1,1.0
muerto,0,1,1,1.0
assig,1,0,1,0.0
brfort,0,1,1,1.0
hege,1,0,1,0.0
arsenohemol,0,1,1,1.0
facciani,0,1,1,1.0
pleasursand,0,1,1,1.0
aktxw,0,1,1,1.0
avwcdd,0,1,1,1.0
meriq,0,1,1,1.0
carolagambi,0,1,1,1.0
breacher,0,1,1,1.0
goizueta,1,0,1,0.0
mckinneytexa,1,0,1,0.0
amala,0,1,1,1.0
arnzhyiu,0,1,1,1.0
reqyn,0,1,1,1.0
rucusiio,0,1,1,1.0
schtzen,0,1,1,1.0
vhwo,0,1,1,1.0
carin,1,0,1,0.0
pathfinderin,0,1,1,1.0
zftuj,0,1,1,1.0
mananomah,1,0,1,0.0
dgsaxkyoi,0,1,1,1.0
impres,1,0,1,0.0
tatlk,0,1,1,1.0
pyqgx,0,1,1,1.0
lepanto,0,1,1,1.0
catechist,0,1,1,1.0
iapr,0,1,1,1.0
derstatu,0,1,1,1.0
justli,0,1,1,1.0
oksvma,0,1,1,1.0
oounywdjybr,0,1,1,1.0
zpphrd,0,1,1,1.0
cbyox,0,1,1,1.0
qbn,0,1,1,1.0
carvey,1,0,1,0.0
capiilari,0,1,1,1.0
donli,0,1,1,1.0
pseudopodium,0,1,1,1.0
personificao,0,1,1,1.0
wvi,0,1,1,1.0
receba,0,1,1,1.0
duplicatefel,0,1,1,1.0
oritalia,1,0,1,0.0
nevermind,1,0,1,0.0
ukaoeb,0,1,1,1.0
enfac,0,1,1,1.0
ijpgc,1,0,1,0.0
ojgfbnwqv,0,1,1,1.0
noack,1,0,1,0.0
ivhbucmedxld,0,1,1,1.0
wkorg,0,1,1,1.0
flicaldeplansgr,0,1,1,1.0
tczldsprmw,0,1,1,1.0
bmqvjp,0,1,1,1.0
morevaluableitem,0,1,1,1.0
gastroenterologo,0,1,1,1.0
zddtzklmxe,0,1,1,1.0
cialiss,0,1,1,1.0
agencia,0,1,1,1.0
qfbwnt,0,1,1,1.0
posn,1,0,1,0.0
patricio,1,0,1,0.0
tpvwzq,0,1,1,1.0
nushebajiqu,0,1,1,1.0
onjao,0,1,1,1.0
rivero,1,0,1,0.0
unclam,0,1,1,1.0
hvhaegwzi,0,1,1,1.0
babjq,0,1,1,1.0
oeeeacg,0,1,1,1.0
verlo,0,1,1,1.0
qgx,0,1,1,1.0
mamdela,0,1,1,1.0
ajd,0,1,1,1.0
fhuqu,0,1,1,1.0
epetroleum,1,0,1,0.0
econolodg,1,0,1,0.0
gewhlt,0,1,1,1.0
phasi,0,1,1,1.0
eurobeaverbab,0,1,1,1.0
szwsf,0,1,1,1.0
uyecmryfzgwf,0,1,1,1.0
lobworm,0,1,1,1.0
direktor,0,1,1,1.0
rewir,0,1,1,1.0
searchcel,0,1,1,1.0
gillitsh,1,0,1,0.0
leaner,1,0,1,0.0
bonassin,1,0,1,0.0
gspmpdoei,0,1,1,1.0
incidir,0,1,1,1.0
sreduct,0,1,1,1.0
khaza,0,1,1,1.0
komputera,1,0,1,0.0
proximo,0,1,1,1.0
hynix,1,0,1,0.0
vehicleconsonant,0,1,1,1.0
insudtri,1,0,1,0.0
doralifeblood,0,1,1,1.0
mojej,1,0,1,0.0
bassalh,1,0,1,0.0
sssu,0,1,1,1.0
jbd,0,1,1,1.0
interposit,0,1,1,1.0
iebu,0,1,1,1.0
equir,0,1,1,1.0
rgain,0,1,1,1.0
entregado,0,1,1,1.0
tcjez,0,1,1,1.0
patner,0,1,1,1.0
thaat,0,1,1,1.0
kafeng,0,1,1,1.0
yourbrm,0,1,1,1.0
llena,0,1,1,1.0
agropecuaria,0,1,1,1.0
kace,1,0,1,0.0
unfranchis,0,1,1,1.0
pautch,0,1,1,1.0
visi,0,1,1,1.0
inititi,1,0,1,0.0
ealberto,0,1,1,1.0
cspinal,0,1,1,1.0
kalest,0,1,1,1.0
leini,0,1,1,1.0
jlax,0,1,1,1.0
xzml,0,1,1,1.0
utlonghornsrul,1,0,1,0.0
cpuld,0,1,1,1.0
consistent,1,0,1,0.0
geflyiu,0,1,1,1.0
srxgq,0,1,1,1.0
catherinewheel,0,1,1,1.0
untroubl,0,1,1,1.0
delaneyroar,0,1,1,1.0
hsp,1,0,1,0.0
abvgsk,0,1,1,1.0
grampu,0,1,1,1.0
bute,0,1,1,1.0
baqourba,0,1,1,1.0
ýletýþým,0,1,1,1.0
físicas,0,1,1,1.0
wintersmoney,0,1,1,1.0
anyhoo,1,0,1,0.0
ahlhckrb,0,1,1,1.0
cregzdit,0,1,1,1.0
ssgldd,0,1,1,1.0
gcfenesr,0,1,1,1.0
godet,1,0,1,0.0
extraida,0,1,1,1.0
þpensó,0,1,1,1.0
rolck,0,1,1,1.0
ifldsavb,0,1,1,1.0
tevt,0,1,1,1.0
feigntur,0,1,1,1.0
grenbek,0,1,1,1.0
baharsad,0,1,1,1.0
adiatec,0,1,1,1.0
ghhxaz,0,1,1,1.0
ojlohsdh,0,1,1,1.0
rmdtgxsxu,0,1,1,1.0
fwo,0,1,1,1.0
taux,0,1,1,1.0
pxx,0,1,1,1.0
cdqke,0,1,1,1.0
boletim,0,1,1,1.0
binay,1,0,1,0.0
mariagibson,0,1,1,1.0
tantaluscharismat,0,1,1,1.0
cindyrl,1,0,1,0.0
rnightfal,0,1,1,1.0
jzkfbaef,0,1,1,1.0
qualifiy,0,1,1,1.0
dithyramb,0,1,1,1.0
valenc,1,0,1,0.0
agalnst,0,1,1,1.0
nipl,0,1,1,1.0
summatesomnol,0,1,1,1.0
funcionan,0,1,1,1.0
follyelois,0,1,1,1.0
kostenrisiko,0,1,1,1.0
somå,0,1,1,1.0
ndxvi,0,1,1,1.0
dscount,0,1,1,1.0
clviubcr,0,1,1,1.0
clalagra,0,1,1,1.0
msmith,1,0,1,0.0
aimeedodson,1,0,1,0.0
tokday,0,1,1,1.0
directivo,0,1,1,1.0
gopflxfus,0,1,1,1.0
yrlwxax,0,1,1,1.0
compazin,0,1,1,1.0
eratosthenesjur,0,1,1,1.0
pluse,1,0,1,0.0
siderman,1,0,1,0.0
vieux,0,1,1,1.0
obw,0,1,1,1.0
rairwcaz,0,1,1,1.0
bzixnhbsg,0,1,1,1.0
ronknecht,1,0,1,0.0
cirdauchu,0,1,1,1.0
wassermann,0,1,1,1.0
mene,0,1,1,1.0
ufbmcc,0,1,1,1.0
orebodi,0,1,1,1.0
tnzj,0,1,1,1.0
blewit,0,1,1,1.0
hjeiy,0,1,1,1.0
fbodleian,0,1,1,1.0
menoowantt,0,1,1,1.0
hohenloh,0,1,1,1.0
eletrônica,0,1,1,1.0
impresionant,0,1,1,1.0
rocp,0,1,1,1.0
wwallenl,1,0,1,0.0
holln,0,1,1,1.0
nuvq,0,1,1,1.0
oxigenación,0,1,1,1.0
uuid,1,0,1,0.0
anwachsen,0,1,1,1.0
htmbkt,0,1,1,1.0
anwnual,0,1,1,1.0
kte,0,1,1,1.0
pglqfp,0,1,1,1.0
traceback,1,0,1,0.0
ubertrieben,0,1,1,1.0
yerllm,0,1,1,1.0
lctgmim,0,1,1,1.0
geia,0,1,1,1.0
mzqpj,0,1,1,1.0
prodcut,1,0,1,0.0
wahl,0,1,1,1.0
kcpluxd,0,1,1,1.0
boredboy,1,0,1,0.0
nonbypass,1,0,1,0.0
uhuru,0,1,1,1.0
dechow,1,0,1,0.0
ofvfer,0,1,1,1.0
gujarati,0,1,1,1.0
exigimo,0,1,1,1.0
jlxsdo,0,1,1,1.0
tounge,0,1,1,1.0
ccchatham,1,0,1,0.0
fukaya,1,0,1,0.0
fql,0,1,1,1.0
procureth,0,1,1,1.0
misdoubt,0,1,1,1.0
vgwpo,0,1,1,1.0
viabi,0,1,1,1.0
preseason,1,0,1,0.0
lckmcxwx,0,1,1,1.0
talip,0,1,1,1.0
presumb,1,0,1,0.0
yno,0,1,1,1.0
cbowersl,1,0,1,0.0
gfawn,0,1,1,1.0
irrenunci,0,1,1,1.0
lyo,0,1,1,1.0
bihb,0,1,1,1.0
jbiqywcxvnzrb,0,1,1,1.0
mcguin,1,0,1,0.0
ceasar,1,0,1,0.0
uklbewrgi,0,1,1,1.0
vbrbvpxbp,0,1,1,1.0
ula,0,1,1,1.0
xazarfhq,0,1,1,1.0
jncrdi,0,1,1,1.0
jkrhxgzd,0,1,1,1.0
poohbah,1,0,1,0.0
medicatifvon,0,1,1,1.0
rainbo,0,1,1,1.0
frexb,0,1,1,1.0
eljcax,0,1,1,1.0
xffsz,0,1,1,1.0
almsot,0,1,1,1.0
ijgct,0,1,1,1.0
ýôì,0,1,1,1.0
indiya,0,1,1,1.0
biokinlogix,0,1,1,1.0
recibalo,0,1,1,1.0
bakeston,0,1,1,1.0
stoog,0,1,1,1.0
meig,1,0,1,0.0
toavjpci,0,1,1,1.0
yiou,0,1,1,1.0
coprocessor,0,1,1,1.0
navok,0,1,1,1.0
lsfxlgc,0,1,1,1.0
cobranesbitt,0,1,1,1.0
ariy,0,1,1,1.0
krjnpvvsu,0,1,1,1.0
jsarlat,1,0,1,0.0
sjnb,0,1,1,1.0
yburyc,0,1,1,1.0
wqqgin,0,1,1,1.0
albawaba,0,1,1,1.0
hnatyshyn,1,0,1,0.0
omkg,0,1,1,1.0
ashbak,1,0,1,0.0
johhni,0,1,1,1.0
vbdmyez,0,1,1,1.0
alcançar,0,1,1,1.0
antwan,0,1,1,1.0
tratar,0,1,1,1.0
profilingmachin,0,1,1,1.0
tspeviakin,0,1,1,1.0
sellint,0,1,1,1.0
xrzyvl,0,1,1,1.0
biodegrad,0,1,1,1.0
bwcyfwb,0,1,1,1.0
wbrc,0,1,1,1.0
hjpsf,0,1,1,1.0
sruaciacb,0,1,1,1.0
ozaz,0,1,1,1.0
ohar,0,1,1,1.0
uugvx,0,1,1,1.0
taishan,0,1,1,1.0
rachmaninoffcorcoran,0,1,1,1.0
bmvjmjbxrhwsr,0,1,1,1.0
osmww,0,1,1,1.0
jeni,1,0,1,0.0
jbuvsbko,0,1,1,1.0
quebracho,0,1,1,1.0
treva,1,0,1,0.0
notwil,0,1,1,1.0
xmghq,0,1,1,1.0
sextan,0,1,1,1.0
rfoss,1,0,1,0.0
villamizar,1,0,1,0.0
pequea,0,1,1,1.0
zpalx,0,1,1,1.0
formulrio,0,1,1,1.0
ghifcaokbr,0,1,1,1.0
inetrn,0,1,1,1.0
paddington,0,1,1,1.0
foundmoney,0,1,1,1.0
ydxwv,0,1,1,1.0
txtremend,0,1,1,1.0
esfandiari,0,1,1,1.0
ednqgxedi,0,1,1,1.0
modific,0,1,1,1.0
klxeqr,0,1,1,1.0
asbjorn,1,0,1,0.0
fabiola,0,1,1,1.0
mdohi,0,1,1,1.0
albertu,0,1,1,1.0
gilel,0,1,1,1.0
baughenbaugh,1,0,1,0.0
agglutininredstart,0,1,1,1.0
hysimlnesgpassword,0,1,1,1.0
agbpigt,0,1,1,1.0
dvxeppgh,0,1,1,1.0
neng,0,1,1,1.0
kxozzzcqx,0,1,1,1.0
texican,1,0,1,0.0
frdfj,0,1,1,1.0
zot,0,1,1,1.0
gridg,1,0,1,0.0
hrotti,0,1,1,1.0
lyniiqxk,0,1,1,1.0
rcr,1,0,1,0.0
broch,1,0,1,0.0
arbeitsweisen,0,1,1,1.0
kmacapit,0,1,1,1.0
voltada,0,1,1,1.0
alcrvvot,0,1,1,1.0
welo,0,1,1,1.0
mqiem,0,1,1,1.0
ragsdal,1,0,1,0.0
syvlijojbbk,0,1,1,1.0
queloid,0,1,1,1.0
sstroth,1,0,1,0.0
epilepsi,0,1,1,1.0
mwbuml,0,1,1,1.0
lynel,0,1,1,1.0
navhacei,0,1,1,1.0
hisot,0,1,1,1.0
catapultsit,0,1,1,1.0
nlluvh,0,1,1,1.0
loock,1,0,1,0.0
gass,0,1,1,1.0
godoqtmt,0,1,1,1.0
jbeard,1,0,1,0.0
ewjyb,0,1,1,1.0
lzrzq,0,1,1,1.0
lolkqzpnql,0,1,1,1.0
orwvdfp,0,1,1,1.0
neunendorf,1,0,1,0.0
fvci,0,1,1,1.0
epitop,0,1,1,1.0
greenwald,1,0,1,0.0
ßãô,0,1,1,1.0
leclair,1,0,1,0.0
phttp,0,1,1,1.0
peewit,0,1,1,1.0
brinton,1,0,1,0.0
newsoussan,1,0,1,0.0
effor,1,0,1,0.0
kwt,0,1,1,1.0
infostructur,0,1,1,1.0
woudin,0,1,1,1.0
ssyouiho,0,1,1,1.0
multiservic,1,0,1,0.0
stmichaeladam,0,1,1,1.0
urdarbrunni,0,1,1,1.0
dqqkzwhf,0,1,1,1.0
ejaculat,0,1,1,1.0
bapat,1,0,1,0.0
oku,0,1,1,1.0
iint,0,1,1,1.0
adga,1,0,1,0.0
chtremel,1,0,1,0.0
spinout,0,1,1,1.0
cheapermor,0,1,1,1.0
bronchusoffenbach,0,1,1,1.0
netimg,0,1,1,1.0
steckt,0,1,1,1.0
ebdx,0,1,1,1.0
andrewpriori,0,1,1,1.0
kufxnjyp,0,1,1,1.0
emfordlp,0,1,1,1.0
ohqlaey,0,1,1,1.0
preocupa,0,1,1,1.0
secundario,0,1,1,1.0
preecnt,0,1,1,1.0
platnosci,1,0,1,0.0
shumat,1,0,1,0.0
comptemporain,0,1,1,1.0
dzial,1,0,1,0.0
ypdqzhlb,0,1,1,1.0
thatslett,0,1,1,1.0
ayutthaya,0,1,1,1.0
jeremey,1,0,1,0.0
cbudebxf,0,1,1,1.0
obiwansmith,0,1,1,1.0
quiso,0,1,1,1.0
yjsx,0,1,1,1.0
panglima,0,1,1,1.0
innova,0,1,1,1.0
culvertcohes,0,1,1,1.0
thebshel,0,1,1,1.0
emkpix,0,1,1,1.0
jtdlu,0,1,1,1.0
stancic,0,1,1,1.0
iteratur,0,1,1,1.0
avoidsilli,0,1,1,1.0
jespanfor,0,1,1,1.0
gtfzfm,0,1,1,1.0
valencienn,0,1,1,1.0
lederhosen,1,0,1,0.0
jpeemdio,0,1,1,1.0
mozgoebstvo,0,1,1,1.0
nashemagovu,0,1,1,1.0
málaga,0,1,1,1.0
energiefluss,0,1,1,1.0
bikila,0,1,1,1.0
plenitudehoneydew,0,1,1,1.0
kiefer,0,1,1,1.0
bfkbmhqi,0,1,1,1.0
darialcurr,0,1,1,1.0
starbourn,0,1,1,1.0
mwe,1,0,1,0.0
madli,0,1,1,1.0
fantabu,0,1,1,1.0
werknem,0,1,1,1.0
iadm,0,1,1,1.0
virginbottl,0,1,1,1.0
isodynam,0,1,1,1.0
domecq,1,0,1,0.0
toussaint,1,0,1,0.0
atil,1,0,1,0.0
mqaxqbj,0,1,1,1.0
andseewhat,0,1,1,1.0
ldmdzi,0,1,1,1.0
brandishingw,0,1,1,1.0
jtjjdkp,0,1,1,1.0
izmir,0,1,1,1.0
maertsnw,0,1,1,1.0
diversificada,0,1,1,1.0
qkhvvudgk,0,1,1,1.0
hmdpxjl,0,1,1,1.0
hondalladdi,0,1,1,1.0
luti,1,0,1,0.0
vjxjykgrd,0,1,1,1.0
emrac,1,0,1,0.0
mrsjan,0,1,1,1.0
ncramb,0,1,1,1.0
labeg,0,1,1,1.0
lizzettehard,0,1,1,1.0
glenin,0,1,1,1.0
bioinfo,0,1,1,1.0
foundqth,0,1,1,1.0
themin,1,0,1,0.0
afruhl,1,0,1,0.0
grazyno,1,0,1,0.0
farriel,1,0,1,0.0
jablonskyscarc,0,1,1,1.0
sdd,0,1,1,1.0
netaddress,1,0,1,0.0
owijclmi,0,1,1,1.0
viojxx,0,1,1,1.0
tacobellliverpoo,0,1,1,1.0
youngli,0,1,1,1.0
mzgx,0,1,1,1.0
buocgt,0,1,1,1.0
ujmecixi,0,1,1,1.0
jhlva,0,1,1,1.0
bwzvg,0,1,1,1.0
screjet,0,1,1,1.0
bulwarkplay,0,1,1,1.0
jzorzto,0,1,1,1.0
enforec,0,1,1,1.0
tongil,0,1,1,1.0
sunblock,1,0,1,0.0
freerobert,0,1,1,1.0
eeso,1,0,1,0.0
adiabaticguardhous,0,1,1,1.0
picadilli,1,0,1,0.0
drante,0,1,1,1.0
oursqzp,0,1,1,1.0
tibbet,1,0,1,0.0
chinesebas,0,1,1,1.0
titlebar,0,1,1,1.0
lazenbi,1,0,1,0.0
jhpdaoi,0,1,1,1.0
shena,0,1,1,1.0
dwylhgfj,0,1,1,1.0
jyyryla,0,1,1,1.0
fqqhqp,0,1,1,1.0
gzqsphyl,0,1,1,1.0
hdaviagra,0,1,1,1.0
concluyeron,0,1,1,1.0
giddili,0,1,1,1.0
phytonutri,0,1,1,1.0
mintmast,0,1,1,1.0
cojhxo,0,1,1,1.0
gknnsxxm,0,1,1,1.0
ncpgcwth,0,1,1,1.0
sprivaci,0,1,1,1.0
tvczpz,0,1,1,1.0
obligationsand,0,1,1,1.0
montaj,0,1,1,1.0
thistiv,0,1,1,1.0
watchpurchas,0,1,1,1.0
apirl,0,1,1,1.0
simuitan,0,1,1,1.0
beeindruckt,0,1,1,1.0
flahaven,1,0,1,0.0
esterblis,0,1,1,1.0
datingstar,0,1,1,1.0
jskhymndj,0,1,1,1.0
imploy,0,1,1,1.0
epedit,1,0,1,0.0
medcl,0,1,1,1.0
ekýpmanlari,0,1,1,1.0
mbrace,0,1,1,1.0
ttjrqedqp,0,1,1,1.0
ybg,0,1,1,1.0
jfvk,0,1,1,1.0
mislaid,1,0,1,0.0
kqjr,0,1,1,1.0
belasten,0,1,1,1.0
unexploit,1,0,1,0.0
protestingli,0,1,1,1.0
badoh,0,1,1,1.0
irocx,0,1,1,1.0
hindreanc,0,1,1,1.0
wttlwwgerejdvtomt,0,1,1,1.0
xiti,0,1,1,1.0
kand,0,1,1,1.0
terseheron,0,1,1,1.0
yphht,0,1,1,1.0
needd,0,1,1,1.0
rftmbswfn,0,1,1,1.0
owcnner,0,1,1,1.0
viudeo,0,1,1,1.0
zerka,1,0,1,0.0
thewav,0,1,1,1.0
ogh,0,1,1,1.0
tial,0,1,1,1.0
phillipm,0,1,1,1.0
andtrust,0,1,1,1.0
amnogst,0,1,1,1.0
unhelp,1,0,1,0.0
tavaoulqno,0,1,1,1.0
yourservic,0,1,1,1.0
nnofkfdb,0,1,1,1.0
siammail,0,1,1,1.0
hdrd,0,1,1,1.0
ulztram,0,1,1,1.0
fequafush,0,1,1,1.0
konkret,1,0,1,0.0
camgirl,0,1,1,1.0
ckornreich,1,0,1,0.0
piyfo,0,1,1,1.0
bqyoqk,0,1,1,1.0
waz,1,0,1,0.0
vaquupasen,0,1,1,1.0
egiiyq,0,1,1,1.0
uniplex,0,1,1,1.0
cassiekauffman,0,1,1,1.0
coalicio,0,1,1,1.0
dangli,0,1,1,1.0
chloropicrin,0,1,1,1.0
zkvtzvt,0,1,1,1.0
tpghktlek,0,1,1,1.0
clxu,0,1,1,1.0
demoniacrafael,0,1,1,1.0
zqodkh,0,1,1,1.0
anychang,0,1,1,1.0
alow,0,1,1,1.0
coberta,0,1,1,1.0
zakupu,1,0,1,0.0
zddjlzszcg,0,1,1,1.0
schwartzkopf,1,0,1,0.0
rmeba,0,1,1,1.0
hnyman,0,1,1,1.0
planujemi,1,0,1,0.0
saltat,0,1,1,1.0
biologo,0,1,1,1.0
qct,0,1,1,1.0
vponro,0,1,1,1.0
otheriparti,0,1,1,1.0
bqqwynuux,0,1,1,1.0
propinqu,0,1,1,1.0
tuter,1,0,1,0.0
conscientiousirma,0,1,1,1.0
speedomiss,0,1,1,1.0
solista,0,1,1,1.0
labarg,1,0,1,0.0
liltmacarthur,0,1,1,1.0
jnnsehi,0,1,1,1.0
vpo,0,1,1,1.0
vsmggzenu,0,1,1,1.0
softar,1,0,1,0.0
ladish,1,0,1,0.0
yanndan,0,1,1,1.0
goldendalealu,1,0,1,0.0
passwordenvelop,0,1,1,1.0
deceid,0,1,1,1.0
heraclea,0,1,1,1.0
tspo,1,0,1,0.0
xwork,0,1,1,1.0
cercis,0,1,1,1.0
thelpreanfor,0,1,1,1.0
liffel,1,0,1,0.0
jloeskefg,1,0,1,0.0
arnoldhavana,0,1,1,1.0
xpljvznsflxrfaq,0,1,1,1.0
swle,1,0,1,0.0
mcnaughton,0,1,1,1.0
tdorxzh,0,1,1,1.0
fiftyimperil,0,1,1,1.0
yxg,0,1,1,1.0
introducirn,0,1,1,1.0
yonzhkajftf,0,1,1,1.0
cheeeeap,0,1,1,1.0
pharamccybymaii,0,1,1,1.0
owt,0,1,1,1.0
xnyfzymwf,0,1,1,1.0
eckao,1,0,1,0.0
personalwamu,0,1,1,1.0
thoeiuie,0,1,1,1.0
revelstok,1,0,1,0.0
wicth,0,1,1,1.0
wlj,0,1,1,1.0
werbepartn,0,1,1,1.0
dhukq,0,1,1,1.0
entepris,0,1,1,1.0
uofh,1,0,1,0.0
unadmit,0,1,1,1.0
univac,0,1,1,1.0
uuzv,0,1,1,1.0
dsmedaar,0,1,1,1.0
séx,0,1,1,1.0
ciminelli,1,0,1,0.0
yehtrc,0,1,1,1.0
smerri,0,1,1,1.0
sasj,0,1,1,1.0
xvj,0,1,1,1.0
hnpi,0,1,1,1.0
tuquinha,0,1,1,1.0
iloff,1,0,1,0.0
fluvialaborn,0,1,1,1.0
nontrivi,1,0,1,0.0
violetstraat,0,1,1,1.0
zvnhworwj,0,1,1,1.0
anayst,1,0,1,0.0
newsweekth,0,1,1,1.0
sorfwat,0,1,1,1.0
bzq,0,1,1,1.0
hqeiq,0,1,1,1.0
ddrxi,0,1,1,1.0
fftce,0,1,1,1.0
stumpelementari,0,1,1,1.0
exercisebr,0,1,1,1.0
anth,1,0,1,0.0
jli,0,1,1,1.0
awrnb,0,1,1,1.0
michaelfish,0,1,1,1.0
receiveyour,0,1,1,1.0
yxi,0,1,1,1.0
somegood,0,1,1,1.0
ynrlvt,0,1,1,1.0
valiumstop,0,1,1,1.0
maceyka,1,0,1,0.0
lbbbxz,0,1,1,1.0
mckintosh,0,1,1,1.0
francio,1,0,1,0.0
vicoprofen,0,1,1,1.0
dcedric,0,1,1,1.0
xxsbr,0,1,1,1.0
krgt,1,0,1,0.0
fnfawv,0,1,1,1.0
yomamaracoon,0,1,1,1.0
horizontalsblackout,0,1,1,1.0
bunion,0,1,1,1.0
morg,0,1,1,1.0
yqe,0,1,1,1.0
twohpv,0,1,1,1.0
banck,0,1,1,1.0
garantiert,0,1,1,1.0
ndrsr,0,1,1,1.0
amgn,1,0,1,0.0
riverhead,0,1,1,1.0
omm,0,1,1,1.0
twhen,0,1,1,1.0
provocar,0,1,1,1.0
urhg,0,1,1,1.0
europeo,0,1,1,1.0
undispos,0,1,1,1.0
renraku,0,1,1,1.0
lichenarmenia,0,1,1,1.0
mastio,1,0,1,0.0
expertic,1,0,1,0.0
sayýn,0,1,1,1.0
tisza,0,1,1,1.0
pinal,1,0,1,0.0
wxnkyx,0,1,1,1.0
horrent,0,1,1,1.0
szbpiv,0,1,1,1.0
goatinformix,0,1,1,1.0
inyhoc,0,1,1,1.0
nxxexzfz,0,1,1,1.0
liquido,0,1,1,1.0
luto,0,1,1,1.0
stepanovich,0,1,1,1.0
chcialbi,1,0,1,0.0
ohixvkgujsp,0,1,1,1.0
cometimbrefunni,0,1,1,1.0
unsinn,0,1,1,1.0
amando,0,1,1,1.0
appyrov,0,1,1,1.0
otherswis,1,0,1,0.0
jvetkoett,1,0,1,0.0
dresser,0,1,1,1.0
fozfpfey,0,1,1,1.0
dqykaa,0,1,1,1.0
pusat,0,1,1,1.0
confidentiatl,0,1,1,1.0
allianceandlead,0,1,1,1.0
exclamatori,0,1,1,1.0
medicinedthen,0,1,1,1.0
sgi,1,0,1,0.0
philoctet,0,1,1,1.0
tijqk,0,1,1,1.0
secrètement,0,1,1,1.0
riviodisi,0,1,1,1.0
pisgah,0,1,1,1.0
yaywpa,0,1,1,1.0
izvlz,0,1,1,1.0
sdexr,0,1,1,1.0
incentivis,1,0,1,0.0
zcthi,0,1,1,1.0
rsjyv,0,1,1,1.0
uspvallul,0,1,1,1.0
murti,1,0,1,0.0
nifdl,0,1,1,1.0
emisin,0,1,1,1.0
richardjcarrol,1,0,1,0.0
puvpobdnu,0,1,1,1.0
terajoul,1,0,1,0.0
magnumvault,0,1,1,1.0
maaaatter,0,1,1,1.0
archana,1,0,1,0.0
hosanna,1,0,1,0.0
navio,0,1,1,1.0
mglwmrmabr,0,1,1,1.0
havehad,0,1,1,1.0
mprfk,0,1,1,1.0
scsita,1,0,1,0.0
amwat,1,0,1,0.0
angielskiej,1,0,1,0.0
deafbt,0,1,1,1.0
wiffledom,0,1,1,1.0
nhsdklad,0,1,1,1.0
loihjbbiwzwibb,0,1,1,1.0
blamabl,0,1,1,1.0
txe,0,1,1,1.0
ehvgshol,0,1,1,1.0
authur,0,1,1,1.0
monandri,0,1,1,1.0
classicmail,0,1,1,1.0
ghanaian,0,1,1,1.0
yprpt,1,0,1,0.0
penaloza,1,0,1,0.0
buuy,0,1,1,1.0
qfwc,0,1,1,1.0
seafloor,0,1,1,1.0
rmipqt,0,1,1,1.0
pivon,0,1,1,1.0
keqep,0,1,1,1.0
gwfmscsc,0,1,1,1.0
uwdlcok,0,1,1,1.0
ghti,0,1,1,1.0
xkljj,0,1,1,1.0
tkai,0,1,1,1.0
jjqjkqkqf,0,1,1,1.0
qhnwhxsm,0,1,1,1.0
fxohg,0,1,1,1.0
energyev,1,0,1,0.0
deltapow,1,0,1,0.0
fruitionweatherbeaten,0,1,1,1.0
nsep,0,1,1,1.0
allji,0,1,1,1.0
rosele,0,1,1,1.0
awer,0,1,1,1.0
crxv,1,0,1,0.0
purlieu,0,1,1,1.0
osxvu,0,1,1,1.0
takemura,1,0,1,0.0
rêsult,0,1,1,1.0
gchant,0,1,1,1.0
freien,0,1,1,1.0
zasugerowalem,1,0,1,0.0
turfmoor,0,1,1,1.0
chaffi,0,1,1,1.0
okolu,0,1,1,1.0
tzc,0,1,1,1.0
savino,1,0,1,0.0
exu,0,1,1,1.0
indept,0,1,1,1.0
srgccpfn,0,1,1,1.0
peterswann,0,1,1,1.0
muscial,1,0,1,0.0
stru,0,1,1,1.0
thefeder,1,0,1,0.0
njdj,0,1,1,1.0
quwhugi,0,1,1,1.0
natzjeggk,0,1,1,1.0
myautosm,0,1,1,1.0
swqi,0,1,1,1.0
rize,0,1,1,1.0
nauwghti,0,1,1,1.0
vozhvigwkfq,0,1,1,1.0
nldayzer,0,1,1,1.0
kiley,0,1,1,1.0
edelstahlsohl,0,1,1,1.0
indica,0,1,1,1.0
pwhen,0,1,1,1.0
oesxpzuf,0,1,1,1.0
eaae,0,1,1,1.0
slobber,1,0,1,0.0
mfrkcnlpi,0,1,1,1.0
lmdmz,0,1,1,1.0
flowrgurl,1,0,1,0.0
sbjp,0,1,1,1.0
adxxmxjbl,0,1,1,1.0
rvxrqewlerswq,0,1,1,1.0
obstetricbirthplac,0,1,1,1.0
anag,0,1,1,1.0
uuljgsl,0,1,1,1.0
mredr,0,1,1,1.0
martinsen,1,0,1,0.0
foodtv,1,0,1,0.0
joxmp,0,1,1,1.0
þte,0,1,1,1.0
advertisingget,0,1,1,1.0
lvoeli,0,1,1,1.0
zdwgxdg,0,1,1,1.0
bolognamend,0,1,1,1.0
mbouma,1,0,1,0.0
jlikvwkzkh,0,1,1,1.0
sthtkbiassmti,0,1,1,1.0
schuldnern,0,1,1,1.0
ironlak,0,1,1,1.0
llparagon,0,1,1,1.0
paddywhack,0,1,1,1.0
udkvek,0,1,1,1.0
amcqrpur,0,1,1,1.0
sigcau,0,1,1,1.0
propoint,1,0,1,0.0
eoqlt,0,1,1,1.0
lhsg,0,1,1,1.0
namm,0,1,1,1.0
illgotten,1,0,1,0.0
eevn,0,1,1,1.0
tientsingodmoth,0,1,1,1.0
qikpwof,0,1,1,1.0
flashcom,1,0,1,0.0
shasch,1,0,1,0.0
orhttp,0,1,1,1.0
rertail,0,1,1,1.0
wpebsmr,0,1,1,1.0
geezerhood,0,1,1,1.0
aground,1,0,1,0.0
dmsufont,0,1,1,1.0
resnet,1,0,1,0.0
vtyp,0,1,1,1.0
doznajemi,1,0,1,0.0
markhunt,1,0,1,0.0
wknd,0,1,1,1.0
oila,0,1,1,1.0
edli,0,1,1,1.0
meeet,1,0,1,0.0
irongra,0,1,1,1.0
mercian,0,1,1,1.0
belgischelotto,0,1,1,1.0
zlbotjwcpxn,0,1,1,1.0
msteonr,0,1,1,1.0
ezul,0,1,1,1.0
cotid,0,1,1,1.0
kgokzkh,0,1,1,1.0
jitney,0,1,1,1.0
dbenson,0,1,1,1.0
xrhwbjh,0,1,1,1.0
jrp,0,1,1,1.0
ajnam,1,0,1,0.0
bgtci,0,1,1,1.0
lmrtnhlr,0,1,1,1.0
ylhqtfvvc,0,1,1,1.0
hlzx,0,1,1,1.0
drivessupport,0,1,1,1.0
adriantrevor,0,1,1,1.0
mubarak,0,1,1,1.0
mptvyndr,0,1,1,1.0
aluminothermi,0,1,1,1.0
edrkdd,0,1,1,1.0
zri,0,1,1,1.0
kwu,0,1,1,1.0
bemidji,1,0,1,0.0
rabey,1,0,1,0.0
emaildirectli,0,1,1,1.0
rofecoxib,0,1,1,1.0
lausannewhit,0,1,1,1.0
durchgefhrt,0,1,1,1.0
gkzzxbk,0,1,1,1.0
biosi,0,1,1,1.0
nacida,0,1,1,1.0
siet,0,1,1,1.0
oncontextmenu,0,1,1,1.0
sinatra,0,1,1,1.0
fuyqxstnh,0,1,1,1.0
jjwnwi,0,1,1,1.0
psthompson,1,0,1,0.0
zlsj,0,1,1,1.0
åðå,0,1,1,1.0
jwupcedk,0,1,1,1.0
maximizará,0,1,1,1.0
czekow,1,0,1,0.0
ovh,0,1,1,1.0
cincia,0,1,1,1.0
pembd,0,1,1,1.0
gieunxqyg,0,1,1,1.0
happ,0,1,1,1.0
umvxi,0,1,1,1.0
ukvumuyrc,0,1,1,1.0
azhaw,0,1,1,1.0
xwvgmf,0,1,1,1.0
icbygvjv,0,1,1,1.0
sramirez,0,1,1,1.0
nttbr,0,1,1,1.0
trond,1,0,1,0.0
hkrdoqb,0,1,1,1.0
freepack,0,1,1,1.0
svrcqwyrslqfsn,0,1,1,1.0
nileuq,0,1,1,1.0
sponsorem,1,0,1,0.0
stap,0,1,1,1.0
arrev,0,1,1,1.0
bakelitecargo,0,1,1,1.0
calvesi,0,1,1,1.0
sxu,0,1,1,1.0
bdekhx,0,1,1,1.0
yomamaabbi,0,1,1,1.0
hqugmq,0,1,1,1.0
nqtxu,0,1,1,1.0
zlyprl,0,1,1,1.0
sapato,0,1,1,1.0
topresid,0,1,1,1.0
seamaid,0,1,1,1.0
widzian,1,0,1,0.0
citrix,0,1,1,1.0
jlx,0,1,1,1.0
ufuxvi,0,1,1,1.0
peastern,0,1,1,1.0
aunm,0,1,1,1.0
coemmand,0,1,1,1.0
cutimu,0,1,1,1.0
moneda,0,1,1,1.0
sasclepiadac,0,1,1,1.0
bhat,1,0,1,0.0
cbnztncfg,0,1,1,1.0
cxmrw,0,1,1,1.0
sneec,0,1,1,1.0
lankford,1,0,1,0.0
hallettvil,1,0,1,0.0
sonenberg,0,1,1,1.0
seeesion,1,0,1,0.0
brashier,1,0,1,0.0
ofrecen,0,1,1,1.0
buynow,0,1,1,1.0
echina,0,1,1,1.0
rajytjgef,0,1,1,1.0
naev,1,0,1,0.0
faelnar,0,1,1,1.0
cngkwqcdruukyd,0,1,1,1.0
htuoiknri,0,1,1,1.0
flsemop,0,1,1,1.0
comsal,0,1,1,1.0
umfa,0,1,1,1.0
dittmer,1,0,1,0.0
cdtakay,0,1,1,1.0
panalpina,0,1,1,1.0
cubierta,0,1,1,1.0
unfrowardli,0,1,1,1.0
kfd,0,1,1,1.0
umerit,0,1,1,1.0
paceglob,1,0,1,0.0
intren,0,1,1,1.0
rdgpjxh,0,1,1,1.0
secundariay,0,1,1,1.0
zebpj,0,1,1,1.0
uoft,1,0,1,0.0
vilch,1,0,1,0.0
ciiiiaaali,0,1,1,1.0
solotruc,0,1,1,1.0
soundscan,0,1,1,1.0
sensibilidad,0,1,1,1.0
irss,0,1,1,1.0
gefordert,0,1,1,1.0
egmpw,0,1,1,1.0
seacrest,1,0,1,0.0
viiicodin,0,1,1,1.0
frik,0,1,1,1.0
picosecondweari,0,1,1,1.0
twkwee,0,1,1,1.0
sublanguag,0,1,1,1.0
riexnnh,0,1,1,1.0
prestar,0,1,1,1.0
bfxuqkgpv,0,1,1,1.0
oqaug,0,1,1,1.0
eaveng,0,1,1,1.0
agfg,1,0,1,0.0
reborn,1,0,1,0.0
ymojugblqgk,0,1,1,1.0
populair,0,1,1,1.0
ticaret,0,1,1,1.0
bonnstett,1,0,1,0.0
yrst,0,1,1,1.0
thof,0,1,1,1.0
aghqspv,0,1,1,1.0
chgjc,0,1,1,1.0
bentsen,1,0,1,0.0
tbifvlbh,0,1,1,1.0
mrzqgz,0,1,1,1.0
uzhtqjlfduapdhhi,0,1,1,1.0
prozess,0,1,1,1.0
westewagenstraat,0,1,1,1.0
lnop,0,1,1,1.0
coemfort,0,1,1,1.0
ferando,1,0,1,0.0
kdnunf,0,1,1,1.0
slect,1,0,1,0.0
ldvxv,0,1,1,1.0
pncdtzb,0,1,1,1.0
ovxbiiw,0,1,1,1.0
rgsjfuthq,0,1,1,1.0
vbv,0,1,1,1.0
zolling,0,1,1,1.0
segun,0,1,1,1.0
fariha,1,0,1,0.0
foer,0,1,1,1.0
exexut,1,0,1,0.0
xnpqmc,0,1,1,1.0
donnot,0,1,1,1.0
jivkov,1,0,1,0.0
incompleto,0,1,1,1.0
munichcitron,0,1,1,1.0
cmyer,1,0,1,0.0
creedit,0,1,1,1.0
precauçõ,0,1,1,1.0
ostum,0,1,1,1.0
moursal,0,1,1,1.0
punkchickl,0,1,1,1.0
hbile,0,1,1,1.0
ingresando,0,1,1,1.0
onetyear,0,1,1,1.0
anywayspast,0,1,1,1.0
ibxtuno,0,1,1,1.0
doxmet,0,1,1,1.0
amjcr,0,1,1,1.0
alberni,1,0,1,0.0
ebronn,1,0,1,0.0
goswqcwnw,0,1,1,1.0
mqmapgend,1,0,1,0.0
neuchi,0,1,1,1.0
xvxkl,0,1,1,1.0
stace,0,1,1,1.0
vimax,0,1,1,1.0
agilizar,0,1,1,1.0
mohxj,0,1,1,1.0
schnauber,1,0,1,0.0
dienstverlen,0,1,1,1.0
immidiatelli,0,1,1,1.0
etwaig,0,1,1,1.0
sict,0,1,1,1.0
karenaj,1,0,1,0.0
hplcwell,1,0,1,0.0
yumei,1,0,1,0.0
esnuld,0,1,1,1.0
crosstrain,1,0,1,0.0
olibykn,0,1,1,1.0
irwthocnxdagdj,0,1,1,1.0
ageyoy,0,1,1,1.0
mcguyr,1,0,1,0.0
dreamshov,0,1,1,1.0
ldobjyd,0,1,1,1.0
buczek,0,1,1,1.0
colocação,0,1,1,1.0
whiteboy,0,1,1,1.0
kewip,0,1,1,1.0
smarti,0,1,1,1.0
boogiewayn,0,1,1,1.0
sudipta,0,1,1,1.0
clothierjess,0,1,1,1.0
wye,1,0,1,0.0
dnd,0,1,1,1.0
warenlieferungen,0,1,1,1.0
senderimmedi,0,1,1,1.0
nvnm,0,1,1,1.0
zrwla,0,1,1,1.0
uyoqqooh,0,1,1,1.0
xudinib,0,1,1,1.0
jqfbxg,0,1,1,1.0
flownam,0,1,1,1.0
lulukenneth,0,1,1,1.0
uvcvgipri,0,1,1,1.0
vctyg,0,1,1,1.0
minlrnik,0,1,1,1.0
aoajszfu,0,1,1,1.0
ameliekleenex,0,1,1,1.0
wavtkff,0,1,1,1.0
stefaan,1,0,1,0.0
twsbhdvq,0,1,1,1.0
cqao,0,1,1,1.0
gwuyyaev,0,1,1,1.0
ubfw,0,1,1,1.0
powerlunch,0,1,1,1.0
eggl,1,0,1,0.0
pricrip,0,1,1,1.0
earglex,0,1,1,1.0
supergo,1,0,1,0.0
prnh,1,0,1,0.0
oyjcenedk,0,1,1,1.0
findout,0,1,1,1.0
pcbdd,0,1,1,1.0
gkbrazaiti,1,0,1,0.0
wfiuor,0,1,1,1.0
alldesireditem,0,1,1,1.0
biografia,1,0,1,0.0
ttfbfgx,0,1,1,1.0
ocfjbot,0,1,1,1.0
pharmaheaven,0,1,1,1.0
dcoup,0,1,1,1.0
pastoral,0,1,1,1.0
vuchvx,0,1,1,1.0
hhochhuth,0,1,1,1.0
presentamo,0,1,1,1.0
fmvcn,0,1,1,1.0
clalyou,0,1,1,1.0
pregustacio,0,1,1,1.0
ahfokrwgmjuo,0,1,1,1.0
orimperson,0,1,1,1.0
blocyoghurt,0,1,1,1.0
superoscil,0,1,1,1.0
jphc,0,1,1,1.0
ygi,0,1,1,1.0
mchiasson,1,0,1,0.0
trnansfer,0,1,1,1.0
kniudx,0,1,1,1.0
buqlijhgn,0,1,1,1.0
ocontrapt,0,1,1,1.0
schlager,0,1,1,1.0
gasdaili,1,0,1,0.0
fwnxmpdkcn,0,1,1,1.0
oluþan,0,1,1,1.0
chafer,0,1,1,1.0
silvertop,0,1,1,1.0
magnetismo,0,1,1,1.0
stwftquay,0,1,1,1.0
luchetti,1,0,1,0.0
cwfipamin,0,1,1,1.0
fibrechannel,1,0,1,0.0
kuppuswami,1,0,1,0.0
asbono,0,1,1,1.0
gooni,1,0,1,0.0
workstationbr,0,1,1,1.0
pohn,0,1,1,1.0
hovm,0,1,1,1.0
cabernet,0,1,1,1.0
efrvdpmid,0,1,1,1.0
dvlrwebr,0,1,1,1.0
wguxta,0,1,1,1.0
rockfordark,0,1,1,1.0
underga,1,0,1,0.0
mewhen,1,0,1,0.0
nkakrcfp,0,1,1,1.0
ygzpgzk,0,1,1,1.0
przeslac,1,0,1,0.0
sejam,0,1,1,1.0
kvmjt,0,1,1,1.0
loverd,1,0,1,0.0
fkindojko,0,1,1,1.0
merrier,0,1,1,1.0
fuge,0,1,1,1.0
hhehw,0,1,1,1.0
haskin,0,1,1,1.0
vnr,0,1,1,1.0
ulat,0,1,1,1.0
yizfaxijki,0,1,1,1.0
pjadel,1,0,1,0.0
gifst,0,1,1,1.0
dysfuncton,0,1,1,1.0
lienlgf,0,1,1,1.0
vcombinatori,0,1,1,1.0
lunchbox,1,0,1,0.0
zft,0,1,1,1.0
fmisia,0,1,1,1.0
forobvi,0,1,1,1.0
mustrdsd,1,0,1,0.0
apsc,1,0,1,0.0
cactusorono,0,1,1,1.0
averno,0,1,1,1.0
jkwebb,1,0,1,0.0
vfcjxw,0,1,1,1.0
obiw,0,1,1,1.0
yunptxx,0,1,1,1.0
otwm,0,1,1,1.0
hiqm,0,1,1,1.0
financesourc,0,1,1,1.0
ijw,0,1,1,1.0
ygz,0,1,1,1.0
parodn,0,1,1,1.0
zvbcfvjzi,0,1,1,1.0
fgb,0,1,1,1.0
jxmdh,0,1,1,1.0
maybestop,0,1,1,1.0
afoulfeat,0,1,1,1.0
mvwhz,0,1,1,1.0
nvt,0,1,1,1.0
whotakeciali,0,1,1,1.0
kykubxx,0,1,1,1.0
chunnel,0,1,1,1.0
eaaronso,0,1,1,1.0
mzrybeim,0,1,1,1.0
lopv,0,1,1,1.0
kbjrqqjb,0,1,1,1.0
jbna,0,1,1,1.0
mpotenc,0,1,1,1.0
newsdata,1,0,1,0.0
ahuyentar,0,1,1,1.0
osezg,1,0,1,0.0
rndlen,0,1,1,1.0
zerinden,0,1,1,1.0
annabergit,0,1,1,1.0
unumscbz,0,1,1,1.0
descarmbl,0,1,1,1.0
dtqawn,0,1,1,1.0
emilycamden,0,1,1,1.0
staton,1,0,1,0.0
mkpsalnhlxzgdla,0,1,1,1.0
yzb,0,1,1,1.0
chewa,0,1,1,1.0
ekucjem,0,1,1,1.0
chshayef,0,1,1,1.0
employingbilk,0,1,1,1.0
informars,0,1,1,1.0
sberhi,0,1,1,1.0
rustler,0,1,1,1.0
gxojmg,0,1,1,1.0
shorttemp,0,1,1,1.0
kingsmil,1,0,1,0.0
gitvd,0,1,1,1.0
jzakh,0,1,1,1.0
lwld,0,1,1,1.0
shetland,1,0,1,0.0
incuy,0,1,1,1.0
whaz,1,0,1,0.0
fvqzc,0,1,1,1.0
hvuo,0,1,1,1.0
weidel,1,0,1,0.0
vilayet,0,1,1,1.0
hbflwofwlkxbvi,0,1,1,1.0
onsfwh,0,1,1,1.0
dctwzw,0,1,1,1.0
groxw,0,1,1,1.0
withoutnotic,0,1,1,1.0
ardai,1,0,1,0.0
yayoo,0,1,1,1.0
ocupacion,0,1,1,1.0
ipnfzmfwarqledb,0,1,1,1.0
réussi,0,1,1,1.0
notifiecid,0,1,1,1.0
tonelli,1,0,1,0.0
milestonetavern,0,1,1,1.0
veli,1,0,1,0.0
reunido,0,1,1,1.0
hiabn,0,1,1,1.0
wbluji,0,1,1,1.0
unaid,0,1,1,1.0
overcameearli,1,0,1,0.0
firemencrav,0,1,1,1.0
edeavour,0,1,1,1.0
beirutexposit,0,1,1,1.0
hetempl,0,1,1,1.0
apprgov,0,1,1,1.0
snoutulcer,0,1,1,1.0
lwee,0,1,1,1.0
faunaphdpow,0,1,1,1.0
soonext,0,1,1,1.0
nurserygov,0,1,1,1.0
glyr,0,1,1,1.0
swinford,1,0,1,0.0
pozdowienia,1,0,1,0.0
toor,0,1,1,1.0
elisf,0,1,1,1.0
nmv,0,1,1,1.0
geregistreerd,0,1,1,1.0
reluxi,0,1,1,1.0
schumpet,1,0,1,0.0
tyq,0,1,1,1.0
anualment,0,1,1,1.0
aip,0,1,1,1.0
hiqvbopj,0,1,1,1.0
seqmvnd,0,1,1,1.0
antemano,0,1,1,1.0
inhalten,0,1,1,1.0
parisbours,1,0,1,0.0
kcpc,0,1,1,1.0
pxwsurf,0,1,1,1.0
travisdy,1,0,1,0.0
fcmlyoux,0,1,1,1.0
zpgv,0,1,1,1.0
cìali,0,1,1,1.0
ktdvwcch,1,0,1,0.0
abxx,1,0,1,0.0
lheo,0,1,1,1.0
livraria,0,1,1,1.0
glownym,1,0,1,0.0
vda,0,1,1,1.0
molder,1,0,1,0.0
ouallin,1,0,1,0.0
bifor,0,1,1,1.0
relford,1,0,1,0.0
frebq,0,1,1,1.0
tonz,0,1,1,1.0
pastelok,1,0,1,0.0
sobrino,1,0,1,0.0
gyisqb,0,1,1,1.0
vlrgln,0,1,1,1.0
pedomet,0,1,1,1.0
metd,0,1,1,1.0
gebol,1,0,1,0.0
ourself,0,1,1,1.0
czsu,1,0,1,0.0
trophosperm,0,1,1,1.0
nohhdur,0,1,1,1.0
homestor,1,0,1,0.0
msxehyekauesfk,0,1,1,1.0
hkktrqsbr,0,1,1,1.0
kqi,0,1,1,1.0
rectilinear,0,1,1,1.0
nawet,1,0,1,0.0
respondt,1,0,1,0.0
styledon,0,1,1,1.0
ionqinq,0,1,1,1.0
tyh,0,1,1,1.0
patobio,0,1,1,1.0
ptimon,0,1,1,1.0
theleg,0,1,1,1.0
marieta,0,1,1,1.0
vqdr,0,1,1,1.0
kybyu,0,1,1,1.0
byanci,1,0,1,0.0
searchproject,1,0,1,0.0
participao,0,1,1,1.0
wevhdi,0,1,1,1.0
extraer,0,1,1,1.0
prizedraw,1,0,1,0.0
jtkua,0,1,1,1.0
kbrklx,0,1,1,1.0
kingstonjeanni,0,1,1,1.0
tml,1,0,1,0.0
telmo,0,1,1,1.0
frankfortcoloratura,0,1,1,1.0
christo,1,0,1,0.0
ihaifr,0,1,1,1.0
dge,0,1,1,1.0
telmer,1,0,1,0.0
poiuytiren,0,1,1,1.0
prdct,0,1,1,1.0
myofaci,0,1,1,1.0
equico,1,0,1,0.0
residential,0,1,1,1.0
hliltu,0,1,1,1.0
winkelman,1,0,1,0.0
assemblegalleri,0,1,1,1.0
ldrppp,0,1,1,1.0
devo,1,0,1,0.0
scorner,0,1,1,1.0
waituntil,0,1,1,1.0
geeeeeeneri,0,1,1,1.0
µyx,0,1,1,1.0
cierto,0,1,1,1.0
yfr,0,1,1,1.0
erubesc,0,1,1,1.0
tlon,0,1,1,1.0
xasaxapiro,0,1,1,1.0
seeeeexual,0,1,1,1.0
eixi,0,1,1,1.0
frankm,0,1,1,1.0
leung,1,0,1,0.0
fillerb,0,1,1,1.0
mxz,0,1,1,1.0
eaglesnest,0,1,1,1.0
staffier,1,0,1,0.0
inminent,0,1,1,1.0
mbmlnroi,0,1,1,1.0
canallithium,0,1,1,1.0
mcyfe,0,1,1,1.0
dfrph,0,1,1,1.0
przyjechac,1,0,1,0.0
pijnzo,0,1,1,1.0
ilmodalit,0,1,1,1.0
uraniumdan,0,1,1,1.0
rajgop,1,0,1,0.0
fopdmm,0,1,1,1.0
arachnidsubstant,0,1,1,1.0
nimbleursula,0,1,1,1.0
mblitz,0,1,1,1.0
walkedout,0,1,1,1.0
agreat,0,1,1,1.0
htmlpretzelgod,0,1,1,1.0
wmpygb,0,1,1,1.0
rsion,0,1,1,1.0
lungi,0,1,1,1.0
quarterof,0,1,1,1.0
emmdwt,0,1,1,1.0
qiud,0,1,1,1.0
yourtastybabi,0,1,1,1.0
yaupon,0,1,1,1.0
aqzqn,0,1,1,1.0
zfdk,0,1,1,1.0
porqué,0,1,1,1.0
firelord,0,1,1,1.0
lemailparisien,0,1,1,1.0
vidriola,0,1,1,1.0
yqujl,0,1,1,1.0
marketingincubando,0,1,1,1.0
yonou,0,1,1,1.0
thfink,0,1,1,1.0
psvaaj,0,1,1,1.0
chevet,0,1,1,1.0
postgresql,0,1,1,1.0
tpg,0,1,1,1.0
uzogpg,0,1,1,1.0
rnzxqnxbuxuineq,0,1,1,1.0
yonhap,0,1,1,1.0
ukydu,0,1,1,1.0
kmarnold,1,0,1,0.0
hrose,0,1,1,1.0
megancrack,0,1,1,1.0
lewissh,0,1,1,1.0
aiz,0,1,1,1.0
hopkinsiantopolog,0,1,1,1.0
gaucho,1,0,1,0.0
schuman,1,0,1,0.0
bosphoru,1,0,1,0.0
earthtech,0,1,1,1.0
wdkfpoe,0,1,1,1.0
lamestrow,0,1,1,1.0
ocxfmztg,0,1,1,1.0
bowyang,0,1,1,1.0
blent,0,1,1,1.0
tonyaneco,0,1,1,1.0
wacecequ,0,1,1,1.0
otol,0,1,1,1.0
momtjfb,0,1,1,1.0
kqmtk,0,1,1,1.0
rhugh,0,1,1,1.0
nanisetti,1,0,1,0.0
mcrobb,1,0,1,0.0
bodyund,0,1,1,1.0
leapal,0,1,1,1.0
automaattinen,0,1,1,1.0
kwhr,1,0,1,0.0
mordtqag,0,1,1,1.0
vjwindsor,1,0,1,0.0
kzkjprnwe,0,1,1,1.0
yaher,0,1,1,1.0
tintura,0,1,1,1.0
mbtlul,0,1,1,1.0
wohm,0,1,1,1.0
gojwok,0,1,1,1.0
oahu,1,0,1,0.0
wmeon,0,1,1,1.0
magnatum,0,1,1,1.0
khodorkovskyth,0,1,1,1.0
qdxd,0,1,1,1.0
saduka,0,1,1,1.0
carte,0,1,1,1.0
jsen,0,1,1,1.0
linktext,0,1,1,1.0
phelan,1,0,1,0.0
saversclub,0,1,1,1.0
mbell,1,0,1,0.0
bruin,1,0,1,0.0
legateebridg,0,1,1,1.0
noli,0,1,1,1.0
speechtherapist,0,1,1,1.0
cheeryarm,0,1,1,1.0
epso,1,0,1,0.0
stghtghhx,0,1,1,1.0
limbach,1,0,1,0.0
lojýstýk,0,1,1,1.0
reem,1,0,1,0.0
qrtqqk,0,1,1,1.0
growthbiject,0,1,1,1.0
innig,0,1,1,1.0
yvujv,0,1,1,1.0
emphasesdelft,0,1,1,1.0
foundmth,0,1,1,1.0
tgqbwd,0,1,1,1.0
handelsblatt,1,0,1,0.0
azklu,0,1,1,1.0
lcunningham,1,0,1,0.0
htunazlj,0,1,1,1.0
advant,0,1,1,1.0
tellium,1,0,1,0.0
povkro,0,1,1,1.0
ffpzi,0,1,1,1.0
damorganjr,0,1,1,1.0
mhay,1,0,1,0.0
ownerless,0,1,1,1.0
pxvan,0,1,1,1.0
medlcatlonn,0,1,1,1.0
acclimat,0,1,1,1.0
überal,0,1,1,1.0
aiium,0,1,1,1.0
electrodynam,0,1,1,1.0
qyylmm,0,1,1,1.0
othewis,1,0,1,0.0
vpa,0,1,1,1.0
pphzv,0,1,1,1.0
remodela,0,1,1,1.0
loebhap,0,1,1,1.0
deasth,0,1,1,1.0
qxyzi,0,1,1,1.0
sleepysunni,0,1,1,1.0
mightbitterroot,0,1,1,1.0
lippman,1,0,1,0.0
ivest,0,1,1,1.0
bighunk,0,1,1,1.0
buro,0,1,1,1.0
scorcher,0,1,1,1.0
fondo,0,1,1,1.0
ldleavel,1,0,1,0.0
skgh,0,1,1,1.0
ktqcmh,0,1,1,1.0
econtradistinct,0,1,1,1.0
darrington,1,0,1,0.0
cuestionamiento,0,1,1,1.0
dmkbgf,0,1,1,1.0
hihxd,0,1,1,1.0
mbudnik,1,0,1,0.0
hlrwqc,0,1,1,1.0
jebaji,0,1,1,1.0
itin,0,1,1,1.0
amplegiv,0,1,1,1.0
rsmith,1,0,1,0.0
rdn,0,1,1,1.0
ofht,1,0,1,0.0
iasb,0,1,1,1.0
bsbco,0,1,1,1.0
wqiuyc,0,1,1,1.0
prra,0,1,1,1.0
megascharf,0,1,1,1.0
ynhypg,0,1,1,1.0
homesel,1,0,1,0.0
gxwjepigi,0,1,1,1.0
jlesli,1,0,1,0.0
mcld,1,0,1,0.0
thebr,0,1,1,1.0
anpyb,0,1,1,1.0
zbup,0,1,1,1.0
regcmp,0,1,1,1.0
millionpr,0,1,1,1.0
belyea,1,0,1,0.0
jtshannon,1,0,1,0.0
tibey,0,1,1,1.0
consultarno,0,1,1,1.0
marsiella,0,1,1,1.0
squanderel,0,1,1,1.0
vdznlev,0,1,1,1.0
dragonflyep,0,1,1,1.0
aunvgw,0,1,1,1.0
cesin,0,1,1,1.0
xesq,0,1,1,1.0
qmii,0,1,1,1.0
kerridg,1,0,1,0.0
philipsassoci,0,1,1,1.0
pizarrosqueak,0,1,1,1.0
unqemp,0,1,1,1.0
dlphnfatqqj,0,1,1,1.0
unaccompani,1,0,1,0.0
interlab,0,1,1,1.0
wrylemma,0,1,1,1.0
numbersand,0,1,1,1.0
dispensatori,0,1,1,1.0
ftiurith,0,1,1,1.0
pish,0,1,1,1.0
yufbh,0,1,1,1.0
jlvtkefh,0,1,1,1.0
upd,0,1,1,1.0
catchal,0,1,1,1.0
nagbxyo,0,1,1,1.0
lorile,0,1,1,1.0
laetux,0,1,1,1.0
babysatloit,0,1,1,1.0
taban,1,0,1,0.0
pltwk,0,1,1,1.0
joshuakosi,0,1,1,1.0
agog,0,1,1,1.0
cnkwvxm,0,1,1,1.0
xpvbgnedk,0,1,1,1.0
operaci,0,1,1,1.0
voatgv,0,1,1,1.0
dirrectli,0,1,1,1.0
lesergemeind,0,1,1,1.0
ridul,0,1,1,1.0
intramur,0,1,1,1.0
nbb,0,1,1,1.0
jawunh,0,1,1,1.0
bacza,0,1,1,1.0
prescriptionxdrug,0,1,1,1.0
tge,0,1,1,1.0
ornithologist,0,1,1,1.0
disvcreet,0,1,1,1.0
jgroce,1,0,1,0.0
vvof,0,1,1,1.0
ndl,0,1,1,1.0
kppqywcpwuqhoc,0,1,1,1.0
veloznet,0,1,1,1.0
sbco,0,1,1,1.0
htmland,0,1,1,1.0
askaff,1,0,1,0.0
potshot,1,0,1,0.0
wripear,0,1,1,1.0
esfuerzo,0,1,1,1.0
lxf,0,1,1,1.0
tamarachenko,1,0,1,0.0
skirwhit,0,1,1,1.0
purebr,1,0,1,0.0
ckage,0,1,1,1.0
evaleen,0,1,1,1.0
avaliar,0,1,1,1.0
krondikesvdgen,0,1,1,1.0
canterburyrhesu,0,1,1,1.0
rtsc,0,1,1,1.0
ksgwww,1,0,1,0.0
hmoafrrqa,0,1,1,1.0
untd,0,1,1,1.0
lijk,0,1,1,1.0
wyeknrtyg,0,1,1,1.0
oqozkjh,0,1,1,1.0
brittonk,1,0,1,0.0
cemr,0,1,1,1.0
terli,0,1,1,1.0
dobrukhina,0,1,1,1.0
xewixeth,0,1,1,1.0
newpctv,0,1,1,1.0
luzb,0,1,1,1.0
logopen,0,1,1,1.0
xfl,0,1,1,1.0
broncholithiasi,0,1,1,1.0
lqcml,0,1,1,1.0
inalci,0,1,1,1.0
megatem,0,1,1,1.0
jmbou,0,1,1,1.0
vaingloriousmerri,0,1,1,1.0
gzniec,0,1,1,1.0
brxlse,0,1,1,1.0
becon,1,0,1,0.0
rfycvf,0,1,1,1.0
mutipl,0,1,1,1.0
oeffner,1,0,1,0.0
vqb,0,1,1,1.0
ktlhqbney,0,1,1,1.0
imagenrepairmen,0,1,1,1.0
muj,0,1,1,1.0
lactari,0,1,1,1.0
glkxn,0,1,1,1.0
nqepzbr,0,1,1,1.0
idllion,0,1,1,1.0
faldstool,0,1,1,1.0
aldridg,0,1,1,1.0
lehitpirmelengewhat,0,1,1,1.0
lolxcwnisx,0,1,1,1.0
counteroff,1,0,1,0.0
storytim,0,1,1,1.0
copyhold,0,1,1,1.0
donofrio,1,0,1,0.0
hfqzmhdr,0,1,1,1.0
jizlrq,0,1,1,1.0
mailservic,0,1,1,1.0
irfb,0,1,1,1.0
thereifor,0,1,1,1.0
incrementando,0,1,1,1.0
shadrach,0,1,1,1.0
urguk,0,1,1,1.0
icktnpbq,0,1,1,1.0
mbkxol,0,1,1,1.0
agreemt,1,0,1,0.0
kunnen,0,1,1,1.0
rpugjp,0,1,1,1.0
ngpjcal,0,1,1,1.0
fexcfyivrq,0,1,1,1.0
jduffi,1,0,1,0.0
theae,1,0,1,0.0
rqjqlwm,0,1,1,1.0
laetzagwz,0,1,1,1.0
weeknight,0,1,1,1.0
kxm,0,1,1,1.0
csicontrol,1,0,1,0.0
doctorcheckk,0,1,1,1.0
caney,1,0,1,0.0
atqzfnkq,0,1,1,1.0
poohbear,0,1,1,1.0
koel,0,1,1,1.0
maunal,1,0,1,0.0
narcosisz,0,1,1,1.0
tablewar,0,1,1,1.0
tshgkbkb,0,1,1,1.0
gestohlenen,0,1,1,1.0
detpail,0,1,1,1.0
mojxmnprl,0,1,1,1.0
mmlpbyfweu,0,1,1,1.0
rlxyvn,0,1,1,1.0
haylett,1,0,1,0.0
vincentv,1,0,1,0.0
aryeh,1,0,1,0.0
pensado,0,1,1,1.0
fetlock,0,1,1,1.0
facetiouscarthaginian,0,1,1,1.0
compusoft,0,1,1,1.0
aprè,0,1,1,1.0
ycolorado,0,1,1,1.0
lwt,0,1,1,1.0
kawai,1,0,1,0.0
nqm,0,1,1,1.0
cadyextol,0,1,1,1.0
therapeutist,0,1,1,1.0
nycwgjooti,0,1,1,1.0
sfegec,0,1,1,1.0
lehrstuhl,1,0,1,0.0
jlt,0,1,1,1.0
hisraid,0,1,1,1.0
myy,0,1,1,1.0
genehmigung,0,1,1,1.0
strengthconservatori,0,1,1,1.0
enterga,1,0,1,0.0
unattach,0,1,1,1.0
nickredw,0,1,1,1.0
plussm,0,1,1,1.0
ndpuq,0,1,1,1.0
soiurc,1,0,1,0.0
havejuststart,0,1,1,1.0
huug,0,1,1,1.0
clif,1,0,1,0.0
rgfyc,0,1,1,1.0
nozzlewavelet,0,1,1,1.0
combinationballard,0,1,1,1.0
rescrit,0,1,1,1.0
europoint,0,1,1,1.0
idrmo,0,1,1,1.0
mesozo,0,1,1,1.0
meadowsweet,0,1,1,1.0
mla,1,0,1,0.0
templeclog,0,1,1,1.0
vctmq,0,1,1,1.0
hackmatackof,0,1,1,1.0
goldfing,0,1,1,1.0
homograft,0,1,1,1.0
starkevil,1,0,1,0.0
filla,0,1,1,1.0
eversoft,1,0,1,0.0
ofdydeep,0,1,1,1.0
magazalari,0,1,1,1.0
kewaskum,0,1,1,1.0
cvtx,1,0,1,0.0
camelotpromosworld,0,1,1,1.0
ultracet,0,1,1,1.0
sziau,0,1,1,1.0
zwf,0,1,1,1.0
mbco,0,1,1,1.0
princejosephnkum,0,1,1,1.0
roxck,0,1,1,1.0
roanna,0,1,1,1.0
ujwhsbhr,0,1,1,1.0
sahjhfuhjk,0,1,1,1.0
rezygnacj,1,0,1,0.0
sipl,0,1,1,1.0
bqaxj,0,1,1,1.0
pwqqge,0,1,1,1.0
statusquo,0,1,1,1.0
xtiv,0,1,1,1.0
naaow,0,1,1,1.0
crak,0,1,1,1.0
kmccleod,1,0,1,0.0
ndonoquiga,0,1,1,1.0
intermonth,1,0,1,0.0
hyprotech,1,0,1,0.0
withinthi,0,1,1,1.0
groupshjplp,0,1,1,1.0
dgxkj,0,1,1,1.0
tuxyfbxm,0,1,1,1.0
dreamstor,0,1,1,1.0
klepp,1,0,1,0.0
correa,0,1,1,1.0
mqdwa,0,1,1,1.0
swbank,1,0,1,0.0
nofe,0,1,1,1.0
rmlot,0,1,1,1.0
sqc,0,1,1,1.0
schroff,1,0,1,0.0
gecslx,0,1,1,1.0
coloreando,0,1,1,1.0
nxnfx,0,1,1,1.0
tthey,0,1,1,1.0
lstllv,0,1,1,1.0
medn,0,1,1,1.0
prufen,0,1,1,1.0
clhqclj,0,1,1,1.0
uzvbtnznq,0,1,1,1.0
wsiqkmq,0,1,1,1.0
çáñóçáé,0,1,1,1.0
ozlqh,0,1,1,1.0
ttuburq,0,1,1,1.0
jyxqp,0,1,1,1.0
titter,0,1,1,1.0
mkbhsydxdd,0,1,1,1.0
tannerj,1,0,1,0.0
habnhfbm,0,1,1,1.0
twomillionf,0,1,1,1.0
bilgilendiriniz,0,1,1,1.0
hhvphd,0,1,1,1.0
haws,0,1,1,1.0
hirt,1,0,1,0.0
tyrahoqan,0,1,1,1.0
hcfet,0,1,1,1.0
smh,1,0,1,0.0
spisi,1,0,1,0.0
lddho,0,1,1,1.0
ulauhv,0,1,1,1.0
tsrinklvx,0,1,1,1.0
mafvv,0,1,1,1.0
mayxl,0,1,1,1.0
pneumat,0,1,1,1.0
stisak,0,1,1,1.0
auazkwki,0,1,1,1.0
agelagel,0,1,1,1.0
milthorp,1,0,1,0.0
brevedad,0,1,1,1.0
favorablement,0,1,1,1.0
sorryvirtu,0,1,1,1.0
regamey,1,0,1,0.0
dslnloklnhqsidjdazzl,0,1,1,1.0
situación,0,1,1,1.0
wjone,1,0,1,0.0
gallupsuffer,0,1,1,1.0
wwdkzdyx,0,1,1,1.0
bnyx,0,1,1,1.0
srlhjge,0,1,1,1.0
traurig,1,0,1,0.0
stenotyp,0,1,1,1.0
tokenis,1,0,1,0.0
blackshir,1,0,1,0.0
eriesz,1,0,1,0.0
kearton,1,0,1,0.0
neoclassicconflagr,0,1,1,1.0
simulação,0,1,1,1.0
stowwjlray,0,1,1,1.0
alvina,1,0,1,0.0
cnkjyf,0,1,1,1.0
xopsmthmp,0,1,1,1.0
odadairhk,0,1,1,1.0
µcr,0,1,1,1.0
ladyboy,0,1,1,1.0
gilliam,1,0,1,0.0
nywsimf,0,1,1,1.0
zwbqttjfcdwrl,0,1,1,1.0
jamkkktew,0,1,1,1.0
basophilicgreat,0,1,1,1.0
bestaseboz,0,1,1,1.0
kstoweri,1,0,1,0.0
unconquer,0,1,1,1.0
psychmanag,1,0,1,0.0
lowëst,0,1,1,1.0
zdrowia,1,0,1,0.0
shepherdson,1,0,1,0.0
bkrygodess,1,0,1,0.0
azsk,0,1,1,1.0
bannier,0,1,1,1.0
defenestr,0,1,1,1.0
eguqkl,0,1,1,1.0
egdgfinnbo,0,1,1,1.0
zatarain,1,0,1,0.0
boyfriendso,0,1,1,1.0
twdlr,0,1,1,1.0
furhtermor,0,1,1,1.0
bridger,0,1,1,1.0
wmkbedasbr,0,1,1,1.0
organizacyjnego,1,0,1,0.0
cifra,0,1,1,1.0
lsfetvaebifplb,0,1,1,1.0
incrvel,0,1,1,1.0
aufteilen,0,1,1,1.0
vwpvc,0,1,1,1.0
inveigh,0,1,1,1.0
ubgif,0,1,1,1.0
axnaefpgdoyeffbpbfq,0,1,1,1.0
antioco,1,0,1,0.0
afudc,1,0,1,0.0
seapen,0,1,1,1.0
hugday,0,1,1,1.0
susanwemp,1,0,1,0.0
stid,0,1,1,1.0
tomeet,0,1,1,1.0
ruwzwl,0,1,1,1.0
sgcla,0,1,1,1.0
riwjuncjn,0,1,1,1.0
fathomingcushion,0,1,1,1.0
lehmil,1,0,1,0.0
lojran,0,1,1,1.0
svxcmflg,0,1,1,1.0
reredosy,0,1,1,1.0
savonmortgag,0,1,1,1.0
consold,0,1,1,1.0
iuautwpb,0,1,1,1.0
fgfndk,0,1,1,1.0
zalzropqrg,0,1,1,1.0
szfdk,0,1,1,1.0
opportunti,1,0,1,0.0
cantorship,0,1,1,1.0
ssstttoooppp,0,1,1,1.0
edzonlin,0,1,1,1.0
productivelst,0,1,1,1.0
pvueivqsli,0,1,1,1.0
poleward,1,0,1,0.0
szybki,1,0,1,0.0
jbgbt,0,1,1,1.0
eclh,0,1,1,1.0
jgvuf,0,1,1,1.0
hazlet,0,1,1,1.0
monomaniac,0,1,1,1.0
rougeetnoir,0,1,1,1.0
wollten,0,1,1,1.0
sustainameslan,0,1,1,1.0
elexf,0,1,1,1.0
abdulkl,0,1,1,1.0
grest,1,0,1,0.0
uponlal,0,1,1,1.0
bbpvomwv,0,1,1,1.0
parman,1,0,1,0.0
beachcombconserv,0,1,1,1.0
cudhll,0,1,1,1.0
seccond,0,1,1,1.0
xqiqw,0,1,1,1.0
discountvac,0,1,1,1.0
recientesen,0,1,1,1.0
yocum,1,0,1,0.0
garbagecollector,0,1,1,1.0
orgánico,0,1,1,1.0
viverrin,0,1,1,1.0
annualili,0,1,1,1.0
latosha,0,1,1,1.0
spacecroakshin,0,1,1,1.0
directionsfollow,0,1,1,1.0
phreaker,0,1,1,1.0
cupn,0,1,1,1.0
wwzeetcr,0,1,1,1.0
thanh,0,1,1,1.0
missyo,0,1,1,1.0
chevyjosi,0,1,1,1.0
mbbl,0,1,1,1.0
naught,0,1,1,1.0
ihnjvqxq,0,1,1,1.0
fui,0,1,1,1.0
volga,0,1,1,1.0
ofbligaehtioccn,0,1,1,1.0
xzoc,0,1,1,1.0
reputationunwieldi,0,1,1,1.0
foundbig,0,1,1,1.0
exper,0,1,1,1.0
supersatur,0,1,1,1.0
mqxfuseo,0,1,1,1.0
specu,0,1,1,1.0
zjml,0,1,1,1.0
frkubt,0,1,1,1.0
wsztuvpvd,0,1,1,1.0
vrgkqi,0,1,1,1.0
divt,0,1,1,1.0
aadvglu,0,1,1,1.0
krhlabmo,0,1,1,1.0
statuslauraan,0,1,1,1.0
electirc,0,1,1,1.0
yucki,0,1,1,1.0
fkhle,0,1,1,1.0
ruthvan,1,0,1,0.0
bundesweit,0,1,1,1.0
shafo,0,1,1,1.0
availalb,0,1,1,1.0
nkiller,0,1,1,1.0
brrosemead,0,1,1,1.0
thall,1,0,1,0.0
tramitar,0,1,1,1.0
parsesol,0,1,1,1.0
intoani,0,1,1,1.0
dmeinhorn,1,0,1,0.0
caitiff,0,1,1,1.0
htwyxl,0,1,1,1.0
oskar,1,0,1,0.0
ganado,1,0,1,0.0
puwsw,0,1,1,1.0
gath,0,1,1,1.0
oog,0,1,1,1.0
jcjone,1,0,1,0.0
conduzir,0,1,1,1.0
raat,0,1,1,1.0
tpur,0,1,1,1.0
reputao,0,1,1,1.0
cesiv,1,0,1,0.0
gsuiacvw,0,1,1,1.0
galerien,0,1,1,1.0
agradey,0,1,1,1.0
jjllxkcgwzcch,0,1,1,1.0
manuseio,0,1,1,1.0
gpgki,0,1,1,1.0
participatiefond,0,1,1,1.0
mdeqquhwwgqdco,0,1,1,1.0
suta,0,1,1,1.0
fcwkwjx,0,1,1,1.0
nó,0,1,1,1.0
gabirela,1,0,1,0.0
btdcfi,0,1,1,1.0
dutnoay,0,1,1,1.0
interfa,1,0,1,0.0
ewel,1,0,1,0.0
vmolxrg,0,1,1,1.0
percentand,0,1,1,1.0
nitbmsphi,0,1,1,1.0
lufulu,0,1,1,1.0
encontram,0,1,1,1.0
mellis,0,1,1,1.0
cabrillo,1,0,1,0.0
samah,0,1,1,1.0
serio,1,0,1,0.0
endamoeba,0,1,1,1.0
aecf,0,1,1,1.0
jbapjsk,0,1,1,1.0
ulprxacelemevicivaam,0,1,1,1.0
fcoyqknvvaklv,0,1,1,1.0
zpsobm,0,1,1,1.0
benbn,0,1,1,1.0
oharac,1,0,1,0.0
qfkwjz,0,1,1,1.0
mudar,0,1,1,1.0
dmaxwel,1,0,1,0.0
pgusr,0,1,1,1.0
benefitscatch,0,1,1,1.0
asterixlov,0,1,1,1.0
dld,0,1,1,1.0
ionian,0,1,1,1.0
nolong,1,0,1,0.0
llyondel,1,0,1,0.0
hertzfeld,1,0,1,0.0
yeuik,0,1,1,1.0
cfactdt,0,1,1,1.0
zwbwjzycc,0,1,1,1.0
optisch,0,1,1,1.0
anhinga,0,1,1,1.0
wpntihbi,0,1,1,1.0
hughashburn,1,0,1,0.0
burril,0,1,1,1.0
mediaev,0,1,1,1.0
kagavvna,0,1,1,1.0
corpcustserv,1,0,1,0.0
sorgfltig,0,1,1,1.0
fesordacm,0,1,1,1.0
okelwom,0,1,1,1.0
corinthianerrand,0,1,1,1.0
zpi,0,1,1,1.0
cjdougvnndditkdt,0,1,1,1.0
ouder,0,1,1,1.0
gegt,0,1,1,1.0
hkce,0,1,1,1.0
igcnmx,1,0,1,0.0
magnetosheath,0,1,1,1.0
odiulhwkecogdppkxhiu,0,1,1,1.0
fbhtrcjv,0,1,1,1.0
choa,0,1,1,1.0
weedfald,0,1,1,1.0
oecd,1,0,1,0.0
fmfxwbm,0,1,1,1.0
ccrcommun,1,0,1,0.0
distemp,0,1,1,1.0
servint,0,1,1,1.0
corahudul,0,1,1,1.0
arrangeddrap,0,1,1,1.0
jkhrk,0,1,1,1.0
trdoj,0,1,1,1.0
bumpbarr,0,1,1,1.0
haggeti,1,0,1,0.0
situationl,0,1,1,1.0
xhcul,0,1,1,1.0
uticahesperu,0,1,1,1.0
kdprm,0,1,1,1.0
vvv,0,1,1,1.0
graveyardelastom,0,1,1,1.0
ncom,0,1,1,1.0
cuh,0,1,1,1.0
biil,0,1,1,1.0
aerophil,0,1,1,1.0
gpgk,0,1,1,1.0
versi,0,1,1,1.0
passwrter,0,1,1,1.0
biter,0,1,1,1.0
bisk,0,1,1,1.0
sublunar,0,1,1,1.0
glnbkp,0,1,1,1.0
ultimo,0,1,1,1.0
yvmbket,0,1,1,1.0
xun,0,1,1,1.0
xhay,0,1,1,1.0
anderem,0,1,1,1.0
mweaver,0,1,1,1.0
chamomilegranari,0,1,1,1.0
kvfbcfi,0,1,1,1.0
ocartilag,0,1,1,1.0
profiti,0,1,1,1.0
pgcg,1,0,1,0.0
oconsvsx,0,1,1,1.0
jqvqqynv,0,1,1,1.0
teixeira,0,1,1,1.0
ncmj,0,1,1,1.0
fishbowl,1,0,1,0.0
qjlbbowcc,0,1,1,1.0
thelink,0,1,1,1.0
shangyu,0,1,1,1.0
nívei,0,1,1,1.0
hisimmedi,0,1,1,1.0
compradora,0,1,1,1.0
muhlenberg,0,1,1,1.0
spreak,1,0,1,0.0
levalloi,1,0,1,0.0
arnoldwhitney,0,1,1,1.0
calabar,0,1,1,1.0
underspend,1,0,1,0.0
moneylend,0,1,1,1.0
helain,0,1,1,1.0
stingrayvalentin,0,1,1,1.0
mitchelforeman,0,1,1,1.0
ftz,0,1,1,1.0
slawson,1,0,1,0.0
hawg,1,0,1,0.0
iwefybr,0,1,1,1.0
eiqgwxv,0,1,1,1.0
mard,1,0,1,0.0
malaxi,0,1,1,1.0
iptionmedi,0,1,1,1.0
xtcrdtdmk,0,1,1,1.0
prmllp,1,0,1,0.0
pharmaza,0,1,1,1.0
tfwgiapd,0,1,1,1.0
mutualtrust,0,1,1,1.0
dqghl,0,1,1,1.0
cmw,0,1,1,1.0
httb,0,1,1,1.0
devaast,0,1,1,1.0
jluminesc,0,1,1,1.0
kksclj,0,1,1,1.0
dannysullivan,1,0,1,0.0
kforonlin,1,0,1,0.0
xeri,0,1,1,1.0
soldadura,0,1,1,1.0
balling,1,0,1,0.0
hydrogeolog,0,1,1,1.0
valiulm,0,1,1,1.0
jxwaiqh,0,1,1,1.0
incher,0,1,1,1.0
opticspattern,0,1,1,1.0
monney,0,1,1,1.0
roxannecrew,0,1,1,1.0
siiiz,0,1,1,1.0
bglvit,0,1,1,1.0
digitâl,0,1,1,1.0
dece,1,0,1,0.0
dhkkp,0,1,1,1.0
brainstem,0,1,1,1.0
postgrado,0,1,1,1.0
zwe,0,1,1,1.0
ykrxpze,0,1,1,1.0
expertbr,0,1,1,1.0
boughton,1,0,1,0.0
ehelp,1,0,1,0.0
coproducth,0,1,1,1.0
formicari,0,1,1,1.0
thatal,0,1,1,1.0
hochwertigen,0,1,1,1.0
angusfront,0,1,1,1.0
simpkin,1,0,1,0.0
conterparti,1,0,1,0.0
westwood,1,0,1,0.0
njol,1,0,1,0.0
emptor,1,0,1,0.0
oeh,0,1,1,1.0
myprescript,0,1,1,1.0
persiflag,0,1,1,1.0
calgarycarmen,0,1,1,1.0
vizinczey,0,1,1,1.0
dsqkyvc,0,1,1,1.0
rdhtegi,0,1,1,1.0
odebrecht,1,0,1,0.0
wonen,0,1,1,1.0
sungei,0,1,1,1.0
knewrecogn,0,1,1,1.0
eventulli,0,1,1,1.0
dampenchilblain,0,1,1,1.0
tiki,1,0,1,0.0
mosp,0,1,1,1.0
cosnahan,1,0,1,0.0
howbobbi,0,1,1,1.0
donellec,1,0,1,0.0
theneigbour,0,1,1,1.0
nuqmukc,0,1,1,1.0
hyt,1,0,1,0.0
yapilmaktadir,0,1,1,1.0
hyw,0,1,1,1.0
globaltrad,1,0,1,0.0
lqwsx,0,1,1,1.0
cbhqzki,0,1,1,1.0
fjccw,0,1,1,1.0
pfaff,0,1,1,1.0
deraad,1,0,1,0.0
rkbuh,0,1,1,1.0
yararlanýn,0,1,1,1.0
caramella,1,0,1,0.0
cobaltinflex,0,1,1,1.0
goodfellow,0,1,1,1.0
zvksze,0,1,1,1.0
ritmado,0,1,1,1.0
espírito,0,1,1,1.0
croissanc,0,1,1,1.0
visiht,0,1,1,1.0
cactusworship,0,1,1,1.0
askin,0,1,1,1.0
tth,0,1,1,1.0
sannicandro,1,0,1,0.0
twrvkyqm,0,1,1,1.0
ctpti,1,0,1,0.0
cvzmigx,0,1,1,1.0
includedwith,0,1,1,1.0
xebkgpo,0,1,1,1.0
dominicana,0,1,1,1.0
zimwqc,0,1,1,1.0
safrica,0,1,1,1.0
cdyckd,1,0,1,0.0
gangb,0,1,1,1.0
mcintud,1,0,1,0.0
gpfjtk,0,1,1,1.0
jhxc,0,1,1,1.0
kjpqw,0,1,1,1.0
flukeedgewis,0,1,1,1.0
hisiiti,0,1,1,1.0
qqyepx,0,1,1,1.0
csw,0,1,1,1.0
lentburet,0,1,1,1.0
hcycto,0,1,1,1.0
paaiiinxxn,0,1,1,1.0
delicticommensur,0,1,1,1.0
ihzyybr,0,1,1,1.0
uvp,0,1,1,1.0
iqgqjd,0,1,1,1.0
gettedium,0,1,1,1.0
apphmrov,0,1,1,1.0
yhsdyjlwp,0,1,1,1.0
siem,1,0,1,0.0
sotak,1,0,1,0.0
scharf,1,0,1,0.0
sluggishli,0,1,1,1.0
gbbill,0,1,1,1.0
aymou,0,1,1,1.0
xowyekkforkhxi,0,1,1,1.0
yaketi,1,0,1,0.0
bkpmfqm,0,1,1,1.0
cathetero,0,1,1,1.0
tsjpbxfd,0,1,1,1.0
ieqblib,0,1,1,1.0
kathyeudi,1,0,1,0.0
fikk,0,1,1,1.0
vojislav,1,0,1,0.0
hkwbau,0,1,1,1.0
enumerateculv,0,1,1,1.0
foijk,0,1,1,1.0
gysjkli,0,1,1,1.0
soiut,0,1,1,1.0
legwork,0,1,1,1.0
ommerci,0,1,1,1.0
holmelin,1,0,1,0.0
coulibali,0,1,1,1.0
ljdvawk,0,1,1,1.0
xcrxnxyd,0,1,1,1.0
superconductor,1,0,1,0.0
fabozzi,1,0,1,0.0
valenzuelabr,0,1,1,1.0
babythat,0,1,1,1.0
chait,1,0,1,0.0
hymel,1,0,1,0.0
fbtmdmkvv,0,1,1,1.0
vtvidlmaga,0,1,1,1.0
sumergirt,0,1,1,1.0
addreess,0,1,1,1.0
bpsjhegqu,0,1,1,1.0
tunguska,0,1,1,1.0
eclipseattribut,0,1,1,1.0
pclavel,0,1,1,1.0
petco,0,1,1,1.0
tqzime,0,1,1,1.0
looss,0,1,1,1.0
ardlesm,0,1,1,1.0
nkxh,0,1,1,1.0
altha,0,1,1,1.0
myanmar,0,1,1,1.0
mebxmr,0,1,1,1.0
aliyuumaru,0,1,1,1.0
khenshaw,0,1,1,1.0
xdgi,0,1,1,1.0
accado,0,1,1,1.0
alvalad,0,1,1,1.0
dipolestormi,0,1,1,1.0
twojego,1,0,1,0.0
metakinet,0,1,1,1.0
vqovh,0,1,1,1.0
financiamento,0,1,1,1.0
chiipaast,0,1,1,1.0
kuarto,1,0,1,0.0
geram,0,1,1,1.0
fwkmre,0,1,1,1.0
bobmcauliff,1,0,1,0.0
disorgan,1,0,1,0.0
wyniku,1,0,1,0.0
vacuumpack,0,1,1,1.0
arrestcreeksid,0,1,1,1.0
mvil,0,1,1,1.0
cacophonistlisa,0,1,1,1.0
wilhelmbeefsteak,0,1,1,1.0
davidport,1,0,1,0.0
americatel,0,1,1,1.0
pivuthurand,0,1,1,1.0
pleader,0,1,1,1.0
hhhudb,0,1,1,1.0
rightist,0,1,1,1.0
kgav,0,1,1,1.0
fxqh,0,1,1,1.0
yoshisako,1,0,1,0.0
cdexeg,0,1,1,1.0
ligamo,0,1,1,1.0
oculto,0,1,1,1.0
ragl,1,0,1,0.0
tynenol,0,1,1,1.0
vwxsfoyi,0,1,1,1.0
nipa,0,1,1,1.0
thurber,1,0,1,0.0
gtxdb,0,1,1,1.0
ovccfsgo,0,1,1,1.0
qualtx,1,0,1,0.0
kdetnjb,0,1,1,1.0
dbdo,0,1,1,1.0
publiclt,0,1,1,1.0
arabela,0,1,1,1.0
dclfccoguvtvwq,0,1,1,1.0
westfalen,0,1,1,1.0
tdwce,0,1,1,1.0
carley,1,0,1,0.0
sawmil,0,1,1,1.0
vassalag,0,1,1,1.0
jrmplf,0,1,1,1.0
edebilecek,0,1,1,1.0
brandonlaw,0,1,1,1.0
supportfam,0,1,1,1.0
jtzqiuzav,0,1,1,1.0
mfrhiiu,0,1,1,1.0
stagewhen,0,1,1,1.0
dib,1,0,1,0.0
dotarsdnm,0,1,1,1.0
qlbjnd,0,1,1,1.0
langaug,1,0,1,0.0
lotionwher,0,1,1,1.0
imzccexvwra,0,1,1,1.0
glowhough,0,1,1,1.0
lorhazepamm,0,1,1,1.0
reeeeemooooove,0,1,1,1.0
fpmapoarea,0,1,1,1.0
annaldemystifi,0,1,1,1.0
dcwkhx,0,1,1,1.0
skw,0,1,1,1.0
gtra,0,1,1,1.0
pollacia,1,0,1,0.0
pinder,1,0,1,0.0
bradycowlickshow,0,1,1,1.0
gchiuu,0,1,1,1.0
alldo,1,0,1,0.0
factoid,1,0,1,0.0
jfqjz,0,1,1,1.0
yimuck,0,1,1,1.0
kinderbijslag,0,1,1,1.0
fdaugava,0,1,1,1.0
abrió,0,1,1,1.0
ayna,0,1,1,1.0
mstfint,0,1,1,1.0
zybvan,0,1,1,1.0
mitverdienen,0,1,1,1.0
ezxfgh,0,1,1,1.0
pyywl,0,1,1,1.0
thorpelearn,0,1,1,1.0
growyour,0,1,1,1.0
leveecork,0,1,1,1.0
ebayimg,0,1,1,1.0
clik,1,0,1,0.0
guncrew,0,1,1,1.0
fcflaw,1,0,1,0.0
enriquez,1,0,1,0.0
summerfurl,1,0,1,0.0
jerrypoin,1,0,1,0.0
klvdsv,0,1,1,1.0
iscount,0,1,1,1.0
urb,0,1,1,1.0
seum,1,0,1,0.0
jupamb,0,1,1,1.0
murrari,1,0,1,0.0
verjährung,0,1,1,1.0
aquvefu,0,1,1,1.0
notsugar,0,1,1,1.0
eabt,0,1,1,1.0
ltdatel,0,1,1,1.0
ahhaprol,1,0,1,0.0
schafft,0,1,1,1.0
schnapp,0,1,1,1.0
georgeou,1,0,1,0.0
pcrrent,1,0,1,0.0
haigh,1,0,1,0.0
miscellen,0,1,1,1.0
yngvb,0,1,1,1.0
sancion,0,1,1,1.0
utqgrzo,0,1,1,1.0
emsbpi,0,1,1,1.0
macmin,0,1,1,1.0
calendarol,1,0,1,0.0
jillmbarrow,1,0,1,0.0
ruufaru,0,1,1,1.0
ueghqec,0,1,1,1.0
swe,0,1,1,1.0
optorit,0,1,1,1.0
encag,0,1,1,1.0
cigaratt,0,1,1,1.0
ftmacd,0,1,1,1.0
vinio,1,0,1,0.0
qmryen,0,1,1,1.0
reinartz,1,0,1,0.0
smaxv,0,1,1,1.0
aqnxugsk,0,1,1,1.0
fcye,0,1,1,1.0
udu,0,1,1,1.0
immediatel,0,1,1,1.0
targetco,1,0,1,0.0
fwiloqlq,0,1,1,1.0
cmoda,0,1,1,1.0
ijul,0,1,1,1.0
minework,0,1,1,1.0
rtsec,0,1,1,1.0
laurabarr,1,0,1,0.0
etzioni,1,0,1,0.0
jxlailu,0,1,1,1.0
necrom,0,1,1,1.0
mhmr,1,0,1,0.0
antonioa,0,1,1,1.0
jmuocw,0,1,1,1.0
wµa,0,1,1,1.0
essel,0,1,1,1.0
hallermann,1,0,1,0.0
optionsaustralian,0,1,1,1.0
doubleclaimingand,0,1,1,1.0
lhpw,0,1,1,1.0
shapefil,0,1,1,1.0
subscriberof,0,1,1,1.0
aviatadiosloi,0,1,1,1.0
tvjgqnzhr,0,1,1,1.0
palmit,0,1,1,1.0
dillingerworldwid,0,1,1,1.0
stadt,1,0,1,0.0
djhsxeio,0,1,1,1.0
biao,0,1,1,1.0
teleimmers,1,0,1,0.0
deweyvil,1,0,1,0.0
iystqdl,0,1,1,1.0
elden,0,1,1,1.0
towfats,0,1,1,1.0
obstaclesl,0,1,1,1.0
evenbett,0,1,1,1.0
tandesond,0,1,1,1.0
lewchuk,1,0,1,0.0
acorss,1,0,1,0.0
phaemn,0,1,1,1.0
simnet,0,1,1,1.0
yyntpbr,0,1,1,1.0
xochil,1,0,1,0.0
fgigsk,0,1,1,1.0
erq,0,1,1,1.0
khanti,0,1,1,1.0
dvimvvk,0,1,1,1.0
paediatrician,0,1,1,1.0
sorcer,0,1,1,1.0
gerong,0,1,1,1.0
wtxkd,0,1,1,1.0
wtzwgka,0,1,1,1.0
eovltpm,0,1,1,1.0
jdali,1,0,1,0.0
westcliff,0,1,1,1.0
intervew,1,0,1,0.0
znjnooj,0,1,1,1.0
rpti,0,1,1,1.0
rshelp,1,0,1,0.0
yarr,0,1,1,1.0
adivs,1,0,1,0.0
rmw,0,1,1,1.0
foreshow,0,1,1,1.0
buydeaug,1,0,1,0.0
sercur,0,1,1,1.0
carbonaceousverb,0,1,1,1.0
anticrit,0,1,1,1.0
mnc,0,1,1,1.0
manyc,0,1,1,1.0
caccyz,0,1,1,1.0
kenai,0,1,1,1.0
chiristian,1,0,1,0.0
vzi,0,1,1,1.0
paulhunterl,0,1,1,1.0
bitterorsweet,0,1,1,1.0
quicmk,1,0,1,0.0
dhyngem,0,1,1,1.0
stqrnfl,0,1,1,1.0
trimurti,0,1,1,1.0
keliyv,0,1,1,1.0
taffymontr,0,1,1,1.0
unixserv,0,1,1,1.0
þîñõþàà,0,1,1,1.0
lafjvxrti,0,1,1,1.0
naçõ,0,1,1,1.0
recalc,1,0,1,0.0
submil,0,1,1,1.0
tftd,0,1,1,1.0
rbtyi,0,1,1,1.0
marijeann,0,1,1,1.0
rnlegqjkq,0,1,1,1.0
czjkjj,1,0,1,0.0
zupymv,0,1,1,1.0
desmontagem,0,1,1,1.0
bilob,0,1,1,1.0
peterfish,0,1,1,1.0
braska,1,0,1,0.0
kcompea,1,0,1,0.0
becw,0,1,1,1.0
gital,0,1,1,1.0
naba,1,0,1,0.0
aeemxmr,0,1,1,1.0
bmijwi,0,1,1,1.0
aqqchmeiz,0,1,1,1.0
mva,0,1,1,1.0
couplez,0,1,1,1.0
cardinaltrid,0,1,1,1.0
jiswrw,0,1,1,1.0
xkxmusufuwdv,0,1,1,1.0
eeb,0,1,1,1.0
yvz,0,1,1,1.0
prescriptioncagain,0,1,1,1.0
suverenitet,0,1,1,1.0
xcelenergi,1,0,1,0.0
hacerla,0,1,1,1.0
nsr,0,1,1,1.0
eslawfirm,1,0,1,0.0
burningli,0,1,1,1.0
ablehnung,0,1,1,1.0
lhdphi,0,1,1,1.0
sesac,0,1,1,1.0
masulla,1,0,1,0.0
successlead,0,1,1,1.0
crockwood,1,0,1,0.0
contruct,1,0,1,0.0
beeston,1,0,1,0.0
entergyr,1,0,1,0.0
saadv,0,1,1,1.0
requtir,0,1,1,1.0
brymer,1,0,1,0.0
ffffce,0,1,1,1.0
incipientfeel,0,1,1,1.0
ameradatransvers,0,1,1,1.0
rchvhbr,0,1,1,1.0
emnk,0,1,1,1.0
kwmorri,1,0,1,0.0
ichsqad,0,1,1,1.0
aajpgnti,0,1,1,1.0
pocketbr,0,1,1,1.0
poetbateau,0,1,1,1.0
bla,0,1,1,1.0
urgenmp,0,1,1,1.0
nqhzmd,0,1,1,1.0
xcellent,0,1,1,1.0
cxtfr,0,1,1,1.0
llevadero,0,1,1,1.0
contingencia,0,1,1,1.0
suktgxvab,0,1,1,1.0
treadwel,1,0,1,0.0
qcwlya,0,1,1,1.0
wql,0,1,1,1.0
compnai,0,1,1,1.0
helpi,0,1,1,1.0
levison,1,0,1,0.0
brendageograph,0,1,1,1.0
myill,0,1,1,1.0
pharmica,0,1,1,1.0
ixrael,0,1,1,1.0
mitchherzog,1,0,1,0.0
myliz,0,1,1,1.0
mystupidjob,0,1,1,1.0
rqrqo,0,1,1,1.0
worrel,0,1,1,1.0
extrat,1,0,1,0.0
ihengist,0,1,1,1.0
sulzer,1,0,1,0.0
wusbk,0,1,1,1.0
thereabout,0,1,1,1.0
prjl,0,1,1,1.0
logro,0,1,1,1.0
unfeelingli,0,1,1,1.0
babbel,0,1,1,1.0
gabrio,1,0,1,0.0
tropolon,0,1,1,1.0
sendeten,0,1,1,1.0
monodon,0,1,1,1.0
nlon,0,1,1,1.0
thehal,0,1,1,1.0
xonc,0,1,1,1.0
boooom,0,1,1,1.0
fywfmomc,0,1,1,1.0
mpmqszbyr,0,1,1,1.0
isveri,0,1,1,1.0
southafrikaanlotto,0,1,1,1.0
princewil,0,1,1,1.0
vaelu,0,1,1,1.0
recurringtruss,0,1,1,1.0
krubxr,0,1,1,1.0
thoughtlessli,0,1,1,1.0
tmail,0,1,1,1.0
cska,0,1,1,1.0
emroedwa,0,1,1,1.0
igsjbx,0,1,1,1.0
robosapien,0,1,1,1.0
fessio,0,1,1,1.0
xtm,0,1,1,1.0
pourquoi,0,1,1,1.0
bitehc,0,1,1,1.0
shtm,0,1,1,1.0
suchlik,0,1,1,1.0
apoquinin,0,1,1,1.0
parsimoniousdumpi,0,1,1,1.0
cognis,1,0,1,0.0
equestlnm,1,0,1,0.0
unfor,0,1,1,1.0
ubieglym,1,0,1,0.0
ebrbf,0,1,1,1.0
dvpzc,0,1,1,1.0
cmogbexujmnwqt,0,1,1,1.0
tash,0,1,1,1.0
myfakerolex,0,1,1,1.0
oioaz,0,1,1,1.0
sitarra,1,0,1,0.0
upylcxgrao,0,1,1,1.0
xnt,0,1,1,1.0
yfsuug,0,1,1,1.0
ffffbfffffal,0,1,1,1.0
mith,0,1,1,1.0
boxdpbombet,0,1,1,1.0
ypvgq,0,1,1,1.0
bwt,0,1,1,1.0
pharmaclst,0,1,1,1.0
pharmaip,0,1,1,1.0
gjxsd,0,1,1,1.0
leroyam,0,1,1,1.0
clallreturn,0,1,1,1.0
wnwiod,0,1,1,1.0
kenner,0,1,1,1.0
jcji,0,1,1,1.0
vsequel,0,1,1,1.0
usxgw,0,1,1,1.0
funcionaisincluimo,0,1,1,1.0
svcaffil,0,1,1,1.0
rsvu,0,1,1,1.0
þí,0,1,1,1.0
ovezrnigt,0,1,1,1.0
polarek,1,0,1,0.0
bdempsey,1,0,1,0.0
lnt,0,1,1,1.0
esrobinson,1,0,1,0.0
wpztree,0,1,1,1.0
xnujfu,0,1,1,1.0
sunlightand,0,1,1,1.0
considerationi,0,1,1,1.0
xmuzca,0,1,1,1.0
smallworldwid,0,1,1,1.0
wquhcsih,0,1,1,1.0
robo,0,1,1,1.0
tpli,0,1,1,1.0
underman,1,0,1,0.0
freml,0,1,1,1.0
bjzxta,0,1,1,1.0
enhmanc,0,1,1,1.0
pkqz,0,1,1,1.0
contrabandarachn,0,1,1,1.0
charlielaeh,0,1,1,1.0
nyctalopia,0,1,1,1.0
polychromat,0,1,1,1.0
instrumentarium,0,1,1,1.0
ineffab,0,1,1,1.0
gpxtcjtotyrdf,0,1,1,1.0
pritchett,1,0,1,0.0
cgtfnst,0,1,1,1.0
performa,0,1,1,1.0
moriahroosevelt,0,1,1,1.0
etailg,0,1,1,1.0
nnkwbjugz,0,1,1,1.0
tayv,0,1,1,1.0
yourresum,0,1,1,1.0
latheri,0,1,1,1.0
aiccess,0,1,1,1.0
aviaat,0,1,1,1.0
slicetrajectori,0,1,1,1.0
clrwaterl,0,1,1,1.0
subbu,1,0,1,0.0
hvanpelt,1,0,1,0.0
vey,1,0,1,0.0
mfntvvlj,0,1,1,1.0
ceramicbadinag,0,1,1,1.0
potencjalnego,1,0,1,0.0
vjjduwp,0,1,1,1.0
hfi,0,1,1,1.0
stroso,1,0,1,0.0
kcifd,0,1,1,1.0
clol,0,1,1,1.0
bwbi,0,1,1,1.0
lknow,1,0,1,0.0
collig,0,1,1,1.0
septiém,0,1,1,1.0
diversificado,0,1,1,1.0
hella,0,1,1,1.0
cnah,0,1,1,1.0
wqlyr,0,1,1,1.0
isif,0,1,1,1.0
vwewqwhl,0,1,1,1.0
kgkjykfvp,0,1,1,1.0
myfzlu,0,1,1,1.0
piilso,0,1,1,1.0
ojtxyzo,0,1,1,1.0
txycbti,0,1,1,1.0
chamferhamp,0,1,1,1.0
debida,0,1,1,1.0
caviarbetid,0,1,1,1.0
hvunpi,0,1,1,1.0
ienhtc,0,1,1,1.0
tunnelsl,0,1,1,1.0
handlungen,0,1,1,1.0
roleex,0,1,1,1.0
mencionar,0,1,1,1.0
dunnett,1,0,1,0.0
joon,1,0,1,0.0
bement,1,0,1,0.0
dominam,0,1,1,1.0
satiqsfi,0,1,1,1.0
uunderl,0,1,1,1.0
valuewhat,0,1,1,1.0
tributria,0,1,1,1.0
enclit,0,1,1,1.0
steamship,0,1,1,1.0
sztqivwh,0,1,1,1.0
spartali,1,0,1,0.0
wruck,0,1,1,1.0
surgen,0,1,1,1.0
frantsevna,0,1,1,1.0
zamiast,1,0,1,0.0
surpreend,0,1,1,1.0
manek,0,1,1,1.0
mugwump,0,1,1,1.0
fllhfqrfa,0,1,1,1.0
needsto,0,1,1,1.0
whilecoz,0,1,1,1.0
nasdfwq,0,1,1,1.0
neithard,1,0,1,0.0
kkkxaqgg,0,1,1,1.0
barethusa,0,1,1,1.0
matzo,0,1,1,1.0
gngutt,0,1,1,1.0
auscult,0,1,1,1.0
krl,0,1,1,1.0
foronli,0,1,1,1.0
ozvizvhtf,0,1,1,1.0
lowboy,0,1,1,1.0
iwi,0,1,1,1.0
oncesmal,0,1,1,1.0
÷÷î,0,1,1,1.0
hanni,1,0,1,0.0
vlkuovznuy,0,1,1,1.0
subsrcipt,0,1,1,1.0
drawcommend,0,1,1,1.0
vrgnizr,0,1,1,1.0
altranet,1,0,1,0.0
vyxmiqzm,0,1,1,1.0
exsgnzuy,0,1,1,1.0
jstpqhfd,0,1,1,1.0
mothernev,0,1,1,1.0
nymexaccess,1,0,1,0.0
ptimo,0,1,1,1.0
jedqsqvg,0,1,1,1.0
spnmm,0,1,1,1.0
kirstin,1,0,1,0.0
ffpopqgffiwo,0,1,1,1.0
adlfpi,0,1,1,1.0
lucan,0,1,1,1.0
clickidaho,0,1,1,1.0
cowpunchladyfern,0,1,1,1.0
everyt,1,0,1,0.0
transiton,1,0,1,0.0
süre,0,1,1,1.0
ujgvrcrbr,0,1,1,1.0
mamjddom,0,1,1,1.0
tomou,0,1,1,1.0
serifpriv,0,1,1,1.0
yoshimasa,1,0,1,0.0
tamerchenko,1,0,1,0.0
texasvac,1,0,1,0.0
infostock,0,1,1,1.0
appliedcarnegi,0,1,1,1.0
invitro,0,1,1,1.0
yac,1,0,1,0.0
strangler,0,1,1,1.0
wilderman,1,0,1,0.0
brophi,1,0,1,0.0
xisexyix,0,1,1,1.0
lne,0,1,1,1.0
aspendunde,0,1,1,1.0
belairanian,0,1,1,1.0
sylviemasterl,0,1,1,1.0
hmmmmmmmmm,1,0,1,0.0
podendo,0,1,1,1.0
mcfaddin,1,0,1,0.0
erevansoft,0,1,1,1.0
bleeth,0,1,1,1.0
llhchmg,0,1,1,1.0
yeatsunivers,0,1,1,1.0
grgorio,0,1,1,1.0
orward,0,1,1,1.0
coleo,0,1,1,1.0
vkik,0,1,1,1.0
blooper,0,1,1,1.0
iwlkmg,0,1,1,1.0
piperidin,0,1,1,1.0
moralist,0,1,1,1.0
buhl,0,1,1,1.0
ncoseh,0,1,1,1.0
indignantli,0,1,1,1.0
totalh,0,1,1,1.0
uebphv,0,1,1,1.0
kreatech,0,1,1,1.0
dalsemi,1,0,1,0.0
kixjri,0,1,1,1.0
fyx,0,1,1,1.0
buerst,0,1,1,1.0
lclickchoic,0,1,1,1.0
ayj,0,1,1,1.0
orqfbxi,0,1,1,1.0
nomtxfellow,1,0,1,0.0
thebrmost,0,1,1,1.0
yubadcpj,0,1,1,1.0
becloudreliquari,0,1,1,1.0
dictamen,0,1,1,1.0
nikolayich,0,1,1,1.0
euobkaqc,0,1,1,1.0
zuletzt,0,1,1,1.0
punctili,0,1,1,1.0
craf,0,1,1,1.0
ryvka,0,1,1,1.0
knomm,0,1,1,1.0
uderjkxi,0,1,1,1.0
pskjxat,0,1,1,1.0
exceptmurr,0,1,1,1.0
yemasfamili,0,1,1,1.0
vlalpha,0,1,1,1.0
marilynn,1,0,1,0.0
fordmattag,1,0,1,0.0
kailua,0,1,1,1.0
lessian,0,1,1,1.0
kensit,0,1,1,1.0
wifjgwcknrjf,0,1,1,1.0
margit,0,1,1,1.0
separate,0,1,1,1.0
lucastiffani,0,1,1,1.0
jandrainof,1,0,1,0.0
spirial,0,1,1,1.0
youyr,0,1,1,1.0
alor,0,1,1,1.0
backor,1,0,1,0.0
qlbt,0,1,1,1.0
pcrepet,0,1,1,1.0
ganztagsarbeitbezahlung,0,1,1,1.0
stocktarget,0,1,1,1.0
cushwak,1,0,1,0.0
injustificada,0,1,1,1.0
oflorican,0,1,1,1.0
sete,0,1,1,1.0
vuecfoh,0,1,1,1.0
oraffili,0,1,1,1.0
corpaccountingg,1,0,1,0.0
commissson,1,0,1,0.0
chandi,1,0,1,0.0
qdpeqr,0,1,1,1.0
kmqdg,0,1,1,1.0
áþãõ,0,1,1,1.0
whqfi,0,1,1,1.0
wgbrfalfxwsa,0,1,1,1.0
inapposit,0,1,1,1.0
alscon,0,1,1,1.0
kroad,1,0,1,0.0
zaz,0,1,1,1.0
lgi,0,1,1,1.0
pqnxof,0,1,1,1.0
whereprohibit,0,1,1,1.0
tinakiml,0,1,1,1.0
gydnkj,0,1,1,1.0
karami,1,0,1,0.0
gipenu,0,1,1,1.0
salazarl,1,0,1,0.0
gejrxwb,0,1,1,1.0
revelada,0,1,1,1.0
hxasti,0,1,1,1.0
smithsladybug,0,1,1,1.0
ffffflin,0,1,1,1.0
ywptxwwnc,0,1,1,1.0
alohagilmor,0,1,1,1.0
wnh,0,1,1,1.0
zhipuvo,0,1,1,1.0
abonnementskosten,0,1,1,1.0
bridgeoh,0,1,1,1.0
danedegass,0,1,1,1.0
hassold,1,0,1,0.0
bgmajsiil,0,1,1,1.0
informé,0,1,1,1.0
henli,1,0,1,0.0
lqdzd,0,1,1,1.0
hemmelin,1,0,1,0.0
mpnsd,0,1,1,1.0
domina,0,1,1,1.0
ântì,0,1,1,1.0
logi,0,1,1,1.0
wofryvum,0,1,1,1.0
oreilli,0,1,1,1.0
rghju,0,1,1,1.0
fqor,0,1,1,1.0
huha,0,1,1,1.0
wrclogo,1,0,1,0.0
fkourteva,0,1,1,1.0
filefont,0,1,1,1.0
lindyi,1,0,1,0.0
imizattri,0,1,1,1.0
unntzen,0,1,1,1.0
vaysman,1,0,1,0.0
uncheer,0,1,1,1.0
shireley,1,0,1,0.0
pctg,1,0,1,0.0
raphaelspearmint,0,1,1,1.0
telefonnr,1,0,1,0.0
dndqxyzo,0,1,1,1.0
tammypon,1,0,1,0.0
meeessaagee,0,1,1,1.0
overleverag,1,0,1,0.0
scho,0,1,1,1.0
vpvci,0,1,1,1.0
adst,0,1,1,1.0
hiuqkckg,0,1,1,1.0
seoygwsem,0,1,1,1.0
jtuf,0,1,1,1.0
btomski,1,0,1,0.0
emliti,0,1,1,1.0
gleichen,0,1,1,1.0
vohkifcn,0,1,1,1.0
ugfenm,0,1,1,1.0
csbg,0,1,1,1.0
oxter,0,1,1,1.0
nzfmio,0,1,1,1.0
nettlecrisp,0,1,1,1.0
ehci,0,1,1,1.0
oestroneb,0,1,1,1.0
ofcoursey,0,1,1,1.0
cialu,0,1,1,1.0
hamradio,0,1,1,1.0
gnya,0,1,1,1.0
pvvyuqrsu,0,1,1,1.0
obligingli,0,1,1,1.0
wdyl,0,1,1,1.0
ifpad,0,1,1,1.0
exeril,0,1,1,1.0
mtwdvw,0,1,1,1.0
hochheim,0,1,1,1.0
gfoyt,1,0,1,0.0
bitop,0,1,1,1.0
loyaut,0,1,1,1.0
chaperonambulatori,0,1,1,1.0
kgjsiogbl,0,1,1,1.0
copern,0,1,1,1.0
flqrddx,0,1,1,1.0
wagso,1,0,1,0.0
syykinvijytyksess,0,1,1,1.0
kvfgz,0,1,1,1.0
fabo,0,1,1,1.0
ciacli,0,1,1,1.0
hliwkdla,0,1,1,1.0
rhyolit,0,1,1,1.0
keizai,1,0,1,0.0
searchneg,0,1,1,1.0
rmazmail,0,1,1,1.0
dueevsnf,0,1,1,1.0
papermak,1,0,1,0.0
lvkekqkqkdmeswsmwulgo,0,1,1,1.0
usuzvw,0,1,1,1.0
ndari,1,0,1,0.0
bdrnet,1,0,1,0.0
tumndra,0,1,1,1.0
johnsconsult,0,1,1,1.0
ridyftjoticul,0,1,1,1.0
howcna,0,1,1,1.0
tdrezc,0,1,1,1.0
grandslam,1,0,1,0.0
vldyzjmehbvqzjsc,0,1,1,1.0
cmaltsberg,1,0,1,0.0
llcaplqm,0,1,1,1.0
jxrg,0,1,1,1.0
tnbqtxrsh,0,1,1,1.0
hmlflk,0,1,1,1.0
dehydratestu,0,1,1,1.0
troche,0,1,1,1.0
einform,0,1,1,1.0
bbxrcmlq,0,1,1,1.0
brakujaca,1,0,1,0.0
transmitir,0,1,1,1.0
pihiu,0,1,1,1.0
vsyohwd,0,1,1,1.0
martiou,0,1,1,1.0
bermudaagu,0,1,1,1.0
computeron,0,1,1,1.0
qcuhkxeyi,0,1,1,1.0
yqpzffgh,0,1,1,1.0
zoh,0,1,1,1.0
qlwtet,0,1,1,1.0
pandaenergi,1,0,1,0.0
seriesm,0,1,1,1.0
ioniz,0,1,1,1.0
peripatet,0,1,1,1.0
armagnac,0,1,1,1.0
pawneg,0,1,1,1.0
goalpost,0,1,1,1.0
hylnjk,0,1,1,1.0
xpxbjtapd,0,1,1,1.0
lwliq,0,1,1,1.0
zlsomri,0,1,1,1.0
franj,0,1,1,1.0
khcpihb,0,1,1,1.0
bech,0,1,1,1.0
supongan,0,1,1,1.0
blowfishcharlott,0,1,1,1.0
snio,0,1,1,1.0
xrjcrr,0,1,1,1.0
brbrdur,0,1,1,1.0
bars,1,0,1,0.0
assentpentecost,0,1,1,1.0
mpxomv,0,1,1,1.0
pezxam,0,1,1,1.0
rlrdnv,0,1,1,1.0
superficiai,0,1,1,1.0
avaliaçõ,0,1,1,1.0
mehendal,1,0,1,0.0
renumer,0,1,1,1.0
bngjki,0,1,1,1.0
popov,0,1,1,1.0
biagini,1,0,1,0.0
nucivor,0,1,1,1.0
lumckili,0,1,1,1.0
kizzb,0,1,1,1.0
sull,1,0,1,0.0
imgt,0,1,1,1.0
webcombo,1,0,1,0.0
fundwil,0,1,1,1.0
tsarinainvolutori,0,1,1,1.0
ordainpenthous,0,1,1,1.0
nwwu,0,1,1,1.0
resear,0,1,1,1.0
kpoqjy,0,1,1,1.0
ramor,0,1,1,1.0
innych,1,0,1,0.0
shirleyspark,0,1,1,1.0
ritchken,1,0,1,0.0
enfo,1,0,1,0.0
aat,0,1,1,1.0
gesunden,0,1,1,1.0
comsupport,0,1,1,1.0
reducirs,0,1,1,1.0
wiel,1,0,1,0.0
mshow,1,0,1,0.0
misread,0,1,1,1.0
bannist,1,0,1,0.0
tjcelrw,0,1,1,1.0
tobor,1,0,1,0.0
elblo,0,1,1,1.0
awaydeiiveri,0,1,1,1.0
ndwsmkrsvpjlfygao,0,1,1,1.0
pjgdr,0,1,1,1.0
provedor,0,1,1,1.0
cichon,0,1,1,1.0
nwrzpk,0,1,1,1.0
nadya,0,1,1,1.0
unadapt,0,1,1,1.0
gga,0,1,1,1.0
ashlea,1,0,1,0.0
hoh,0,1,1,1.0
forbecast,0,1,1,1.0
roval,0,1,1,1.0
vayadar,0,1,1,1.0
gwroao,0,1,1,1.0
yko,0,1,1,1.0
emkc,0,1,1,1.0
iyot,0,1,1,1.0
clickchannel,0,1,1,1.0
znojmtyhmg,0,1,1,1.0
timecard,0,1,1,1.0
cdpcfuz,0,1,1,1.0
mvpghfvk,0,1,1,1.0
withabalanc,0,1,1,1.0
nowrpmsqp,0,1,1,1.0
squlrt,0,1,1,1.0
ulmxfcmuw,0,1,1,1.0
ovcrptm,0,1,1,1.0
xqvbprytp,0,1,1,1.0
nafta,1,0,1,0.0
unwittingli,0,1,1,1.0
vortex,0,1,1,1.0
thurston,0,1,1,1.0
rignt,1,0,1,0.0
odc,0,1,1,1.0
instalacin,0,1,1,1.0
edaniel,1,0,1,0.0
hkiwc,0,1,1,1.0
lxfbuo,0,1,1,1.0
oughtworldwid,0,1,1,1.0
vitalbarbado,0,1,1,1.0
birdsbecca,1,0,1,0.0
frogskleenex,0,1,1,1.0
contrarietygaspe,0,1,1,1.0
overstrain,0,1,1,1.0
kurtpif,1,0,1,0.0
agjgel,0,1,1,1.0
experiec,1,0,1,0.0
rlp,0,1,1,1.0
mumnou,0,1,1,1.0
wibk,0,1,1,1.0
dybooeafa,0,1,1,1.0
thecasinothemepark,0,1,1,1.0
jerez,1,0,1,0.0
dinmica,0,1,1,1.0
besmoth,0,1,1,1.0
ocorreram,0,1,1,1.0
bulksommeli,0,1,1,1.0
honhh,0,1,1,1.0
chodzi,1,0,1,0.0
xasnax,0,1,1,1.0
dja,0,1,1,1.0
takeovermos,0,1,1,1.0
tpmktlgw,0,1,1,1.0
blackstrap,0,1,1,1.0
gdsassoc,1,0,1,0.0
trutta,1,0,1,0.0
papil,0,1,1,1.0
zqwvkcmbobaxysujj,0,1,1,1.0
montpelli,1,0,1,0.0
emailito,0,1,1,1.0
ujok,0,1,1,1.0
dumbow,1,0,1,0.0
reynosa,1,0,1,0.0
senoor,0,1,1,1.0
hheuibqdh,0,1,1,1.0
revievv,0,1,1,1.0
wbkabmllja,0,1,1,1.0
ctlveuwpevitduzumxn,0,1,1,1.0
costoso,0,1,1,1.0
uodjbq,0,1,1,1.0
vorlegen,0,1,1,1.0
dncjx,0,1,1,1.0
cezch,1,0,1,0.0
ytal,0,1,1,1.0
pharmicut,0,1,1,1.0
lopathefep,0,1,1,1.0
intleretst,0,1,1,1.0
dctr,0,1,1,1.0
rjcdajswb,0,1,1,1.0
firewat,0,1,1,1.0
lnwhw,0,1,1,1.0
tasa,0,1,1,1.0
sfasel,1,0,1,0.0
ragiel,1,0,1,0.0
playinwork,0,1,1,1.0
sclla,0,1,1,1.0
gjbxrsg,0,1,1,1.0
foir,1,0,1,0.0
asbolut,1,0,1,0.0
enronapril,1,0,1,0.0
erqwh,0,1,1,1.0
excepto,0,1,1,1.0
czwlg,0,1,1,1.0
cgm,0,1,1,1.0
dsrlbykb,0,1,1,1.0
mjhmdlckcw,0,1,1,1.0
pewterspurg,0,1,1,1.0
ohgruv,0,1,1,1.0
azulm,0,1,1,1.0
sapc,1,0,1,0.0
ofal,0,1,1,1.0
tbgwgybrfcuqjb,0,1,1,1.0
ggfp,1,0,1,0.0
calar,0,1,1,1.0
usinf,1,0,1,0.0
loant,0,1,1,1.0
udufiwzhi,0,1,1,1.0
mattjon,1,0,1,0.0
winfram,0,1,1,1.0
vuquisori,0,1,1,1.0
xlcflrip,0,1,1,1.0
orthodonticsshould,0,1,1,1.0
peqxk,0,1,1,1.0
wizct,0,1,1,1.0
surjex,0,1,1,1.0
qexevgw,0,1,1,1.0
glossolog,0,1,1,1.0
manejo,0,1,1,1.0
cfxsmteeqsnygrv,0,1,1,1.0
apprenticeship,0,1,1,1.0
mothugi,0,1,1,1.0
dlhkk,0,1,1,1.0
formartini,0,1,1,1.0
popularsabbath,0,1,1,1.0
kvk,0,1,1,1.0
worldmexico,0,1,1,1.0
bfrenchl,1,0,1,0.0
dispensarysolar,0,1,1,1.0
apbt,0,1,1,1.0
fadaojfqn,0,1,1,1.0
sovietepiscop,0,1,1,1.0
xiknmt,0,1,1,1.0
tjlup,0,1,1,1.0
iiia,1,0,1,0.0
acarp,0,1,1,1.0
eighteenthnectar,0,1,1,1.0
rasteritem,0,1,1,1.0
ijpnul,0,1,1,1.0
shitepok,0,1,1,1.0
todayistop,0,1,1,1.0
jsho,0,1,1,1.0
amourett,0,1,1,1.0
tkt,1,0,1,0.0
aggaipn,0,1,1,1.0
duskannett,0,1,1,1.0
playlist,0,1,1,1.0
capebl,0,1,1,1.0
esiadn,0,1,1,1.0
lehrer,1,0,1,0.0
querel,0,1,1,1.0
encyclopaedia,0,1,1,1.0
aswusydsozlpbjrm,0,1,1,1.0
edgerrin,0,1,1,1.0
nitpickbelittl,0,1,1,1.0
noriko,1,0,1,0.0
wasv,0,1,1,1.0
lkef,0,1,1,1.0
tloid,0,1,1,1.0
noflow,1,0,1,0.0
sxdkafvz,0,1,1,1.0
ehgpz,0,1,1,1.0
winpoeol,0,1,1,1.0
aumentan,0,1,1,1.0
oili,0,1,1,1.0
tov,0,1,1,1.0
hegemon,0,1,1,1.0
vdilday,0,1,1,1.0
didar,0,1,1,1.0
ldkvnkyo,0,1,1,1.0
ahzhofpz,0,1,1,1.0
vitzn,0,1,1,1.0
xubswz,0,1,1,1.0
eliminars,0,1,1,1.0
utcqzghw,0,1,1,1.0
temasa,0,1,1,1.0
chieh,0,1,1,1.0
trusworthi,0,1,1,1.0
nwnhnf,0,1,1,1.0
foolin,0,1,1,1.0
stratigi,0,1,1,1.0
webbier,1,0,1,0.0
ßçï,0,1,1,1.0
jabbp,0,1,1,1.0
compilationelud,0,1,1,1.0
spamgaaa,1,0,1,0.0
dìscrëëtli,0,1,1,1.0
ponuro,1,0,1,0.0
motorcyclist,1,0,1,0.0
cumvb,0,1,1,1.0
lglmnubnd,0,1,1,1.0
loas,0,1,1,1.0
nkso,0,1,1,1.0
kwmla,0,1,1,1.0
broqqker,0,1,1,1.0
flumist,1,0,1,0.0
nsotpo,0,1,1,1.0
watter,1,0,1,0.0
funnykid,0,1,1,1.0
viendrai,0,1,1,1.0
méxicoqu,0,1,1,1.0
mcmahen,1,0,1,0.0
undermanag,1,0,1,0.0
hhqernb,0,1,1,1.0
exchavng,0,1,1,1.0
ekyybb,0,1,1,1.0
laucha,0,1,1,1.0
spotakc,1,0,1,0.0
ypv,0,1,1,1.0
empuñar,0,1,1,1.0
nikol,1,0,1,0.0
roble,1,0,1,0.0
accpet,1,0,1,0.0
signon,0,1,1,1.0
centertextarea,0,1,1,1.0
orphiccollud,0,1,1,1.0
laciniform,0,1,1,1.0
zdrbfqn,0,1,1,1.0
chillingli,0,1,1,1.0
tzzsr,0,1,1,1.0
etfofr,0,1,1,1.0
credibii,0,1,1,1.0
contém,0,1,1,1.0
qzve,0,1,1,1.0
pcffawdyktakk,0,1,1,1.0
creali,1,0,1,0.0
finacerli,0,1,1,1.0
ejyqu,0,1,1,1.0
nlu,0,1,1,1.0
exhiozzh,0,1,1,1.0
vyueasgq,0,1,1,1.0
evangelion,0,1,1,1.0
mauderbond,0,1,1,1.0
latukjckili,0,1,1,1.0
copyist,0,1,1,1.0
heathrow,1,0,1,0.0
unitechem,0,1,1,1.0
liyym,0,1,1,1.0
pgklec,0,1,1,1.0
compent,1,0,1,0.0
tvoc,0,1,1,1.0
mvp,0,1,1,1.0
kmccrea,1,0,1,0.0
scroful,0,1,1,1.0
expressando,0,1,1,1.0
incontest,0,1,1,1.0
rivermiss,0,1,1,1.0
feitag,1,0,1,0.0
pjpp,0,1,1,1.0
thpen,0,1,1,1.0
theiti,0,1,1,1.0
twoim,1,0,1,0.0
anybobi,0,1,1,1.0
decpr,1,0,1,0.0
madid,0,1,1,1.0
washingtonian,1,0,1,0.0
specialdiscount,0,1,1,1.0
searchannapoli,0,1,1,1.0
wordeigenspac,0,1,1,1.0
eogrm,1,0,1,0.0
exatament,0,1,1,1.0
hdt,0,1,1,1.0
smedley,1,0,1,0.0
hakkinda,0,1,1,1.0
pnggdkf,0,1,1,1.0
abusando,0,1,1,1.0
auyou,0,1,1,1.0
slynski,1,0,1,0.0
shtmlhttp,0,1,1,1.0
kuday,0,1,1,1.0
modaparadigm,1,0,1,0.0
worthh,0,1,1,1.0
moonsolecismgreat,0,1,1,1.0
vement,0,1,1,1.0
kilgari,0,1,1,1.0
aerolog,0,1,1,1.0
wfvwfn,0,1,1,1.0
strategieunionen,0,1,1,1.0
khyzgzdpg,0,1,1,1.0
cpg,1,0,1,0.0
rjuoifu,0,1,1,1.0
detentsequel,0,1,1,1.0
onmouseov,0,1,1,1.0
faulbaum,1,0,1,0.0
georgiamail,0,1,1,1.0
crfqedit,0,1,1,1.0
siebert,1,0,1,0.0
stroy,1,0,1,0.0
rpetti,1,0,1,0.0
beatypeopl,0,1,1,1.0
connaisson,0,1,1,1.0
qlogic,1,0,1,0.0
difundir,0,1,1,1.0
sunblind,0,1,1,1.0
burybernic,0,1,1,1.0
painach,0,1,1,1.0
chokidar,0,1,1,1.0
hopasz,0,1,1,1.0
smurffit,1,0,1,0.0
supperlotto,0,1,1,1.0
medzma,0,1,1,1.0
waidmannstraß,0,1,1,1.0
trajectoria,0,1,1,1.0
xpozna,0,1,1,1.0
nissum,0,1,1,1.0
rooml,1,0,1,0.0
pqd,0,1,1,1.0
gjpkqpspasc,0,1,1,1.0
whatevercommod,1,0,1,0.0
mediareadyt,0,1,1,1.0
klykyh,0,1,1,1.0
tattlotto,0,1,1,1.0
zvgaxzbc,0,1,1,1.0
kpdyib,0,1,1,1.0
shavel,0,1,1,1.0
iaot,0,1,1,1.0
ershel,1,0,1,0.0
cswehner,1,0,1,0.0
ckerley,1,0,1,0.0
buzqnj,0,1,1,1.0
invsatatison,0,1,1,1.0
prudenttrustnl,0,1,1,1.0
flwgqsge,0,1,1,1.0
lothop,0,1,1,1.0
bruckheim,0,1,1,1.0
mfkgpq,0,1,1,1.0
illovo,0,1,1,1.0
ieuvmey,0,1,1,1.0
staturerepel,0,1,1,1.0
reffer,0,1,1,1.0
gbdkpm,0,1,1,1.0
gqa,0,1,1,1.0
objid,1,0,1,0.0
fbdelta,0,1,1,1.0
zakiyyah,1,0,1,0.0
panaderia,0,1,1,1.0
legai,0,1,1,1.0
qcejxo,0,1,1,1.0
ohhhh,0,1,1,1.0
shewif,0,1,1,1.0
uxgvmgbycvwp,0,1,1,1.0
photomat,0,1,1,1.0
sshleykov,0,1,1,1.0
ddriscreet,0,1,1,1.0
lgfifiao,0,1,1,1.0
helicopterportray,0,1,1,1.0
shrinkabl,0,1,1,1.0
calcareousdemean,0,1,1,1.0
annulemaci,0,1,1,1.0
mailtofitz,0,1,1,1.0
oggj,0,1,1,1.0
agraw,1,0,1,0.0
mubokhvgextp,0,1,1,1.0
dujpvb,0,1,1,1.0
westralian,0,1,1,1.0
seizewd,0,1,1,1.0
ppar,0,1,1,1.0
sendbrini,0,1,1,1.0
errado,0,1,1,1.0
expreienc,0,1,1,1.0
pkq,0,1,1,1.0
narycrotch,0,1,1,1.0
tcnuum,0,1,1,1.0
sumemr,1,0,1,0.0
rttc,1,0,1,0.0
gyetr,0,1,1,1.0
prometem,0,1,1,1.0
theblood,0,1,1,1.0
makabo,0,1,1,1.0
refymov,0,1,1,1.0
fjwwonm,0,1,1,1.0
mapfr,0,1,1,1.0
sshuap,0,1,1,1.0
laaw,0,1,1,1.0
penninit,0,1,1,1.0
betreft,0,1,1,1.0
trol,0,1,1,1.0
papupton,0,1,1,1.0
vouloir,0,1,1,1.0
morska,1,0,1,0.0
caramelstephanoti,0,1,1,1.0
bizjourn,1,0,1,0.0
presentará,0,1,1,1.0
bosek,1,0,1,0.0
owqwqa,0,1,1,1.0
adroitab,0,1,1,1.0
jpsa,0,1,1,1.0
ggotti,0,1,1,1.0
dependabl,0,1,1,1.0
sview,0,1,1,1.0
companionplay,0,1,1,1.0
aaiab,0,1,1,1.0
vqideo,0,1,1,1.0
instrumentow,1,0,1,0.0
currenlti,1,0,1,0.0
jisqmt,0,1,1,1.0
istermisiniz,0,1,1,1.0
afireleaven,0,1,1,1.0
expectedli,0,1,1,1.0
knidw,0,1,1,1.0
remidi,1,0,1,0.0
evlwmppcw,0,1,1,1.0
wbtr,0,1,1,1.0
wqdcdju,0,1,1,1.0
bjwvn,0,1,1,1.0
necesari,0,1,1,1.0
formalist,0,1,1,1.0
principa,0,1,1,1.0
essbr,0,1,1,1.0
tandil,0,1,1,1.0
imperd,0,1,1,1.0
fromthi,0,1,1,1.0
gasschedul,1,0,1,0.0
wgqcsu,0,1,1,1.0
qog,0,1,1,1.0
psilocybin,0,1,1,1.0
cwright,1,0,1,0.0
loanwork,0,1,1,1.0
koruyucu,0,1,1,1.0
conventicl,0,1,1,1.0
fierili,0,1,1,1.0
watersco,1,0,1,0.0
becauas,1,0,1,0.0
isoldafulton,0,1,1,1.0
binghi,0,1,1,1.0
gmv,0,1,1,1.0
ocurrido,0,1,1,1.0
pwrm,0,1,1,1.0
chriiistiiaaaan,0,1,1,1.0
rueschroed,0,1,1,1.0
wbloz,0,1,1,1.0
rrtanvssqhxt,0,1,1,1.0
hallon,1,0,1,0.0
wkrjo,0,1,1,1.0
payonli,0,1,1,1.0
wildcatremington,0,1,1,1.0
rdboudreauxl,0,1,1,1.0
unitedad,1,0,1,0.0
zhytmouj,0,1,1,1.0
nescio,0,1,1,1.0
antiquityabsinth,0,1,1,1.0
moqbcahpw,0,1,1,1.0
klouda,0,1,1,1.0
hiciera,0,1,1,1.0
instantani,1,0,1,0.0
sweeet,0,1,1,1.0
lcw,0,1,1,1.0
liason,0,1,1,1.0
ontvangst,0,1,1,1.0
pursewindmil,0,1,1,1.0
icidalla,1,0,1,0.0
eptasim,1,0,1,0.0
viiiiiagraaa,0,1,1,1.0
fvyg,0,1,1,1.0
diamagnetismsampson,0,1,1,1.0
poeta,0,1,1,1.0
ritahnz,0,1,1,1.0
herdl,0,1,1,1.0
centain,0,1,1,1.0
breezin,0,1,1,1.0
zzfbb,0,1,1,1.0
fluvun,0,1,1,1.0
tkloc,0,1,1,1.0
arrivalin,0,1,1,1.0
liezl,1,0,1,0.0
nycbdytnkunfmwebbrvmkt,0,1,1,1.0
dizzytropospher,0,1,1,1.0
iyer,1,0,1,0.0
kamloop,1,0,1,0.0
sium,0,1,1,1.0
evatsug,0,1,1,1.0
cinematografico,0,1,1,1.0
macquarkxpress,0,1,1,1.0
slewandowski,1,0,1,0.0
paragonit,0,1,1,1.0
toooo,1,0,1,0.0
oiepxb,0,1,1,1.0
gaseast,1,0,1,0.0
qonswgr,0,1,1,1.0
prox,1,0,1,0.0
jeyecgtw,0,1,1,1.0
nfli,0,1,1,1.0
uropvxx,0,1,1,1.0
citionlin,0,1,1,1.0
iemtg,0,1,1,1.0
audiencesof,0,1,1,1.0
bruzj,0,1,1,1.0
conjoinphiladelphia,0,1,1,1.0
ëáâ,0,1,1,1.0
bdrand,0,1,1,1.0
aglet,1,0,1,0.0
uafn,0,1,1,1.0
wirelin,1,0,1,0.0
stormysupra,0,1,1,1.0
zxsdj,0,1,1,1.0
danceoff,1,0,1,0.0
queciudadano,0,1,1,1.0
chaaaanc,0,1,1,1.0
flyfebruarylov,0,1,1,1.0
ainamur,0,1,1,1.0
angielski,1,0,1,0.0
hbtthzww,0,1,1,1.0
sazerac,0,1,1,1.0
guosk,0,1,1,1.0
axim,0,1,1,1.0
voeiiu,0,1,1,1.0
miramont,1,0,1,0.0
embarazo,0,1,1,1.0
quej,0,1,1,1.0
ntniguysi,0,1,1,1.0
pancakesrevuls,0,1,1,1.0
levko,0,1,1,1.0
ahtrrzz,0,1,1,1.0
micromanag,1,0,1,0.0
mhtuuldnvh,0,1,1,1.0
dispersivebrownish,0,1,1,1.0
constrictdemoniac,0,1,1,1.0
skniy,0,1,1,1.0
asterik,1,0,1,0.0
homether,0,1,1,1.0
jpeopl,1,0,1,0.0
petroniu,0,1,1,1.0
odowntrodden,0,1,1,1.0
klausharpi,0,1,1,1.0
aqacoj,0,1,1,1.0
druggingdefunct,0,1,1,1.0
oisynazt,0,1,1,1.0
consoult,0,1,1,1.0
eorzc,0,1,1,1.0
quian,1,0,1,0.0
prescottl,0,1,1,1.0
vergangenen,0,1,1,1.0
noprslbquqzzad,0,1,1,1.0
triy,0,1,1,1.0
tslhpm,0,1,1,1.0
polipropileno,0,1,1,1.0
flict,0,1,1,1.0
rcuelbiaiyy,0,1,1,1.0
himm,0,1,1,1.0
qheebkw,0,1,1,1.0
jbbfocag,0,1,1,1.0
untereinand,0,1,1,1.0
bountyinjuri,0,1,1,1.0
ksna,0,1,1,1.0
entrix,1,0,1,0.0
sanctum,0,1,1,1.0
qiuvumap,0,1,1,1.0
overown,0,1,1,1.0
quietkey,1,0,1,0.0
ngawbu,0,1,1,1.0
qzfjmh,0,1,1,1.0
jtlxvqdf,0,1,1,1.0
akpdafarbnu,0,1,1,1.0
grypi,1,0,1,0.0
arimail,1,0,1,0.0
swxtwiy,0,1,1,1.0
bluefin,0,1,1,1.0
approvd,0,1,1,1.0
hitchconklin,0,1,1,1.0
thebrlaunch,0,1,1,1.0
amat,1,0,1,0.0
dkovasov,1,0,1,0.0
cemo,0,1,1,1.0
polenta,0,1,1,1.0
estudar,0,1,1,1.0
orpxysnq,0,1,1,1.0
odowiedz,1,0,1,0.0
jvutxzii,0,1,1,1.0
empfehlen,0,1,1,1.0
brggkrgizuvzi,0,1,1,1.0
reuptak,0,1,1,1.0
commworld,0,1,1,1.0
nterestank,0,1,1,1.0
dunga,0,1,1,1.0
healthservic,1,0,1,0.0
asuzylc,0,1,1,1.0
iaztfrohtuuquy,0,1,1,1.0
sprinter,1,0,1,0.0
pvtfebk,0,1,1,1.0
dlzlifq,0,1,1,1.0
hkakm,0,1,1,1.0
dstock,0,1,1,1.0
interwest,1,0,1,0.0
markstarton,0,1,1,1.0
bzfjak,0,1,1,1.0
wszxsi,0,1,1,1.0
wpkylyxlt,0,1,1,1.0
increadi,0,1,1,1.0
hvzensccnzma,0,1,1,1.0
pazo,1,0,1,0.0
closingbal,0,1,1,1.0
beiglsch,0,1,1,1.0
reyner,1,0,1,0.0
zlzgt,0,1,1,1.0
demottnow,1,0,1,0.0
pomolog,0,1,1,1.0
dbenefield,1,0,1,0.0
domonoski,1,0,1,0.0
endvxsl,0,1,1,1.0
zeitpunkt,0,1,1,1.0
cbrfzfdtd,0,1,1,1.0
ocney,0,1,1,1.0
ansteigen,0,1,1,1.0
balano,0,1,1,1.0
cielo,0,1,1,1.0
riveredg,1,0,1,0.0
moneykon,0,1,1,1.0
isteyiniz,0,1,1,1.0
xjdbtwf,0,1,1,1.0
xsteed,0,1,1,1.0
fakti,1,0,1,0.0
ezmlbwmsdtggtumeog,0,1,1,1.0
tanja,1,0,1,0.0
oioqf,0,1,1,1.0
parksful,0,1,1,1.0
andbest,0,1,1,1.0
yuuki,1,0,1,0.0
desembolso,0,1,1,1.0
pmdd,0,1,1,1.0
oaixh,0,1,1,1.0
golux,0,1,1,1.0
laxmi,1,0,1,0.0
lawrentian,0,1,1,1.0
oppourtun,0,1,1,1.0
fvor,1,0,1,0.0
unglaublich,0,1,1,1.0
dxmu,0,1,1,1.0
oytap,0,1,1,1.0
gantletmustach,0,1,1,1.0
matgi,0,1,1,1.0
atdydxdud,0,1,1,1.0
clen,0,1,1,1.0
qifrzj,0,1,1,1.0
xugjidfbbforkc,0,1,1,1.0
chromou,0,1,1,1.0
thinkiof,0,1,1,1.0
arwpwvcyxdnsw,0,1,1,1.0
realtorwebinfo,0,1,1,1.0
spousta,0,1,1,1.0
bartley,1,0,1,0.0
fqyc,0,1,1,1.0
mhickox,1,0,1,0.0
varietyendow,0,1,1,1.0
mdanderson,1,0,1,0.0
xdpf,0,1,1,1.0
grireal,0,1,1,1.0
tudasp,0,1,1,1.0
unilion,0,1,1,1.0
zjhpgci,0,1,1,1.0
kpxotv,0,1,1,1.0
inviteblank,0,1,1,1.0
wlisrwxm,0,1,1,1.0
bsnawhrda,0,1,1,1.0
pourer,0,1,1,1.0
iesmedia,0,1,1,1.0
ndustri,0,1,1,1.0
fimbrecht,0,1,1,1.0
eddh,1,0,1,0.0
bution,0,1,1,1.0
mexd,0,1,1,1.0
npoed,0,1,1,1.0
gica,0,1,1,1.0
jrdwsg,0,1,1,1.0
oehkag,0,1,1,1.0
jzkkqagr,0,1,1,1.0
tixtqc,0,1,1,1.0
enzymolysi,0,1,1,1.0
mmoceyyzk,0,1,1,1.0
sahmad,0,1,1,1.0
macroeconomi,1,0,1,0.0
playercarlo,0,1,1,1.0
metromediaenergi,1,0,1,0.0
swierc,1,0,1,0.0
mcniff,0,1,1,1.0
gcuxhaven,0,1,1,1.0
waldvogel,0,1,1,1.0
thrower,1,0,1,0.0
srxtliid,0,1,1,1.0
pgbpike,1,0,1,0.0
jennyr,1,0,1,0.0
xeohq,0,1,1,1.0
trzymajci,1,0,1,0.0
catchabl,0,1,1,1.0
pcuxucohszohbb,0,1,1,1.0
practicum,1,0,1,0.0
confrereak,0,1,1,1.0
annam,0,1,1,1.0
shiq,0,1,1,1.0
riskcongress,1,0,1,0.0
bsgoev,0,1,1,1.0
epao,1,0,1,0.0
mtbatten,0,1,1,1.0
guf,0,1,1,1.0
coalo,0,1,1,1.0
clumpedexpans,0,1,1,1.0
amelieconcept,0,1,1,1.0
longfreethink,0,1,1,1.0
mhnxqehv,0,1,1,1.0
edonl,0,1,1,1.0
pharrmacybymailon,0,1,1,1.0
pisa,0,1,1,1.0
thte,1,0,1,0.0
pqqekvhwypm,0,1,1,1.0
momenteel,0,1,1,1.0
explosivo,0,1,1,1.0
oxcv,0,1,1,1.0
orderform,0,1,1,1.0
programma,0,1,1,1.0
finnk,0,1,1,1.0
snowmass,1,0,1,0.0
reiner,0,1,1,1.0
syoxg,0,1,1,1.0
cordel,1,0,1,0.0
opinio,0,1,1,1.0
cecelia,0,1,1,1.0
pogladi,1,0,1,0.0
hecht,1,0,1,0.0
hahahaha,0,1,1,1.0
tangobenoit,0,1,1,1.0
devi,0,1,1,1.0
suugrso,0,1,1,1.0
spamfilt,0,1,1,1.0
cario,1,0,1,0.0
webdesignl,0,1,1,1.0
cockroachretroact,0,1,1,1.0
vicek,1,0,1,0.0
ausschalten,0,1,1,1.0
hillmancarthag,0,1,1,1.0
paciitaxol,0,1,1,1.0
oioenq,0,1,1,1.0
ffdownload,0,1,1,1.0
stager,0,1,1,1.0
fuchsin,0,1,1,1.0
uwhitefli,0,1,1,1.0
gendarmeri,0,1,1,1.0
comdav,1,0,1,0.0
piaff,0,1,1,1.0
jeven,1,0,1,0.0
chb,0,1,1,1.0
fantasyland,1,0,1,0.0
scoobynikita,0,1,1,1.0
hyu,0,1,1,1.0
tzdhmbzsqfg,0,1,1,1.0
runnlng,0,1,1,1.0
pfändbaren,0,1,1,1.0
soluciónelo,0,1,1,1.0
departemnt,1,0,1,0.0
bacchanalia,0,1,1,1.0
leeper,1,0,1,0.0
aanspraak,0,1,1,1.0
sljkdadowzyfhb,0,1,1,1.0
xylanthrax,0,1,1,1.0
thwbtd,0,1,1,1.0
carcamo,0,1,1,1.0
sylon,0,1,1,1.0
magallen,1,0,1,0.0
ttcomput,0,1,1,1.0
ssk,0,1,1,1.0
quadribl,0,1,1,1.0
voracityapocryph,0,1,1,1.0
patata,1,0,1,0.0
kbkykujxf,0,1,1,1.0
melvausa,1,0,1,0.0
sacv,0,1,1,1.0
piskorowski,1,0,1,0.0
wheaten,0,1,1,1.0
amiguel,0,1,1,1.0
chaub,1,0,1,0.0
particlar,0,1,1,1.0
kolla,1,0,1,0.0
nmurmansk,0,1,1,1.0
cpcqd,0,1,1,1.0
bonnlsg,0,1,1,1.0
webvphw,0,1,1,1.0
toniiiiiight,0,1,1,1.0
konsultationen,0,1,1,1.0
isskxk,0,1,1,1.0
fyfpvinwoo,0,1,1,1.0
bbruton,1,0,1,0.0
maxwellkhob,0,1,1,1.0
bilect,0,1,1,1.0
hotdealsday,0,1,1,1.0
daybi,0,1,1,1.0
banefulcyclon,0,1,1,1.0
qaqurdg,0,1,1,1.0
genzel,0,1,1,1.0
bhceen,0,1,1,1.0
vicentaloqan,0,1,1,1.0
lashay,0,1,1,1.0
kalitey,0,1,1,1.0
tcbdngxq,0,1,1,1.0
xqe,0,1,1,1.0
tyijw,0,1,1,1.0
bfvnwrtqv,0,1,1,1.0
searchfour,0,1,1,1.0
srosman,1,0,1,0.0
romanesqu,0,1,1,1.0
vydhg,0,1,1,1.0
dcqxp,0,1,1,1.0
grauer,1,0,1,0.0
incrementar,0,1,1,1.0
amexmail,0,1,1,1.0
archway,0,1,1,1.0
opkvg,0,1,1,1.0
gvyufekg,0,1,1,1.0
letscreatebiz,0,1,1,1.0
schnellstmglich,0,1,1,1.0
needvil,1,0,1,0.0
jdayt,0,1,1,1.0
diiamb,0,1,1,1.0
kwdzxdqbr,0,1,1,1.0
spinscan,0,1,1,1.0
salladay,1,0,1,0.0
alrighti,0,1,1,1.0
xho,0,1,1,1.0
áüþ,0,1,1,1.0
sqcuyn,0,1,1,1.0
reconhecidament,0,1,1,1.0
enment,0,1,1,1.0
tabetha,0,1,1,1.0
csnzq,0,1,1,1.0
applicdw,0,1,1,1.0
uuz,0,1,1,1.0
comwith,0,1,1,1.0
milcom,0,1,1,1.0
buiov,0,1,1,1.0
traumata,0,1,1,1.0
rccvrdmi,0,1,1,1.0
ramdon,0,1,1,1.0
wscmb,0,1,1,1.0
bioequiti,1,0,1,0.0
qfqub,0,1,1,1.0
luzinha,0,1,1,1.0
filer,1,0,1,0.0
livenet,0,1,1,1.0
nickl,1,0,1,0.0
suzzi,0,1,1,1.0
hhgldtuk,0,1,1,1.0
arnetta,1,0,1,0.0
darwinist,1,0,1,0.0
troncon,0,1,1,1.0
losur,1,0,1,0.0
adacemi,0,1,1,1.0
wezgswxji,0,1,1,1.0
olen,0,1,1,1.0
donâ,0,1,1,1.0
pixfg,0,1,1,1.0
lentament,0,1,1,1.0
mccluer,1,0,1,0.0
eavpdivyq,0,1,1,1.0
revol,1,0,1,0.0
anoplotheroid,0,1,1,1.0
xuiqp,0,1,1,1.0
marshweb,1,0,1,0.0
ldp,1,0,1,0.0
mfxoddv,0,1,1,1.0
qjjjpz,0,1,1,1.0
deleeeeet,0,1,1,1.0
druidodin,0,1,1,1.0
meekison,1,0,1,0.0
uyewi,0,1,1,1.0
undaunt,0,1,1,1.0
unburnt,0,1,1,1.0
iym,0,1,1,1.0
quitter,0,1,1,1.0
tnmqoazvi,0,1,1,1.0
mejequorund,0,1,1,1.0
maritav,0,1,1,1.0
kevinxu,1,0,1,0.0
ainet,0,1,1,1.0
lashel,0,1,1,1.0
republic,0,1,1,1.0
epsoafj,0,1,1,1.0
supraeugen,0,1,1,1.0
lyuookin,0,1,1,1.0
fxeaxi,0,1,1,1.0
µáãåäüþü,0,1,1,1.0
skiagram,0,1,1,1.0
damiansangelz,0,1,1,1.0
digestionprob,0,1,1,1.0
ibwrxt,0,1,1,1.0
cdhoql,0,1,1,1.0
xzujo,0,1,1,1.0
agrbrsnq,0,1,1,1.0
cuernavaca,0,1,1,1.0
rrondolf,0,1,1,1.0
ezhiafucp,0,1,1,1.0
morelsouthernmost,0,1,1,1.0
pkamim,0,1,1,1.0
asshur,0,1,1,1.0
relato,0,1,1,1.0
anov,0,1,1,1.0
uclink,1,0,1,0.0
kyvelxsp,0,1,1,1.0
toea,0,1,1,1.0
austriathi,0,1,1,1.0
kcdunnagan,1,0,1,0.0
overeat,1,0,1,0.0
notificar,0,1,1,1.0
gilber,1,0,1,0.0
vpe,0,1,1,1.0
lswilnw,0,1,1,1.0
awesomecanela,0,1,1,1.0
therewil,0,1,1,1.0
instoniln,0,1,1,1.0
shearerruddi,0,1,1,1.0
nbnd,0,1,1,1.0
lmcrn,0,1,1,1.0
interhous,1,0,1,0.0
dler,0,1,1,1.0
tyyw,0,1,1,1.0
zscmiybr,0,1,1,1.0
mcmfkhcpedgetqj,0,1,1,1.0
fmvkyb,0,1,1,1.0
yjac,0,1,1,1.0
moneyzon,0,1,1,1.0
typisch,0,1,1,1.0
jplane,1,0,1,0.0
mtytq,0,1,1,1.0
nodebak,0,1,1,1.0
judgenaomi,0,1,1,1.0
ukmoc,0,1,1,1.0
wwjpbf,0,1,1,1.0
drema,0,1,1,1.0
owfrsgguhtd,0,1,1,1.0
localizada,0,1,1,1.0
frlqn,0,1,1,1.0
mkxcyvozibdj,0,1,1,1.0
anaylst,1,0,1,0.0
guvarazxn,0,1,1,1.0
wqutwrqq,0,1,1,1.0
szhoo,0,1,1,1.0
efnraznu,0,1,1,1.0
imail,0,1,1,1.0
thefilecompani,0,1,1,1.0
risch,1,0,1,0.0
ednawhippani,0,1,1,1.0
mlredqykg,0,1,1,1.0
quzqqci,0,1,1,1.0
ovg,0,1,1,1.0
supervisin,0,1,1,1.0
fhldc,0,1,1,1.0
cantt,0,1,1,1.0
henlj,0,1,1,1.0
theirgod,0,1,1,1.0
uquosfohun,0,1,1,1.0
ecclesiasticu,0,1,1,1.0
spectral,0,1,1,1.0
lepgx,0,1,1,1.0
ryann,1,0,1,0.0
szybka,1,0,1,0.0
lrhv,0,1,1,1.0
twtde,1,0,1,0.0
vkptico,0,1,1,1.0
jeffin,0,1,1,1.0
joshp,1,0,1,0.0
mge,0,1,1,1.0
dman,1,0,1,0.0
kazdi,1,0,1,0.0
wirklichkeit,0,1,1,1.0
diciembr,0,1,1,1.0
lubrificar,0,1,1,1.0
omkjbppgrp,0,1,1,1.0
dfzxj,0,1,1,1.0
protectionmcafe,0,1,1,1.0
gth,0,1,1,1.0
ovmf,0,1,1,1.0
yeat,0,1,1,1.0
stinker,1,0,1,0.0
sexdifferenti,0,1,1,1.0
verlangt,0,1,1,1.0
kdazvma,0,1,1,1.0
yarýsma,0,1,1,1.0
zpfcovtm,0,1,1,1.0
stepbroth,0,1,1,1.0
iccenergi,1,0,1,0.0
aboardca,0,1,1,1.0
défunt,0,1,1,1.0
sgpeluwzi,0,1,1,1.0
reedl,1,0,1,0.0
dorsoventr,0,1,1,1.0
cofcl,1,0,1,0.0
yousri,0,1,1,1.0
onwednesday,0,1,1,1.0
qfesj,0,1,1,1.0
hiqkk,0,1,1,1.0
daquilo,0,1,1,1.0
lavergn,1,0,1,0.0
pennant,0,1,1,1.0
aohx,0,1,1,1.0
searchegotist,0,1,1,1.0
abaqqq,0,1,1,1.0
ndhd,0,1,1,1.0
cuja,0,1,1,1.0
holoplankton,0,1,1,1.0
uiyymxkxw,0,1,1,1.0
fosler,1,0,1,0.0
jtj,0,1,1,1.0
arxaroboyyadv,0,1,1,1.0
tiac,1,0,1,0.0
rzrmkei,0,1,1,1.0
fatsinc,0,1,1,1.0
startoffind,0,1,1,1.0
comentarl,0,1,1,1.0
gulosidad,0,1,1,1.0
wom,0,1,1,1.0
sposob,1,0,1,0.0
figliolini,0,1,1,1.0
lfyfdlt,0,1,1,1.0
despu,0,1,1,1.0
nletter,1,0,1,0.0
cxtd,0,1,1,1.0
oasismidcon,1,0,1,0.0
gqjtwmhqx,0,1,1,1.0
tamug,1,0,1,0.0
overinight,0,1,1,1.0
syhcfupoyf,0,1,1,1.0
cslaman,1,0,1,0.0
mcuotog,0,1,1,1.0
vno,0,1,1,1.0
marchesi,1,0,1,0.0
lsycbt,0,1,1,1.0
rcumpztit,0,1,1,1.0
mcicr,0,1,1,1.0
giyegguz,0,1,1,1.0
contraentrega,0,1,1,1.0
janerio,0,1,1,1.0
iwepvol,0,1,1,1.0
thelman,0,1,1,1.0
huse,1,0,1,0.0
mvjac,0,1,1,1.0
andriacci,0,1,1,1.0
sgp,0,1,1,1.0
yiiaskx,0,1,1,1.0
wcnoocehj,0,1,1,1.0
afectan,0,1,1,1.0
servicetfortfre,0,1,1,1.0
jwyvz,0,1,1,1.0
wace,0,1,1,1.0
gredti,0,1,1,1.0
etkin,1,0,1,0.0
chinookfoothil,0,1,1,1.0
trafford,0,1,1,1.0
estatemanag,0,1,1,1.0
vetxi,0,1,1,1.0
speciaal,0,1,1,1.0
chauffer,0,1,1,1.0
bmgr,0,1,1,1.0
ysadduce,0,1,1,1.0
bewcgqaus,0,1,1,1.0
clfoster,1,0,1,0.0
wihfz,0,1,1,1.0
darcilla,1,0,1,0.0
confrontationdistaff,0,1,1,1.0
elex,0,1,1,1.0
siltenafil,0,1,1,1.0
potoh,0,1,1,1.0
mulrooney,1,0,1,0.0
vhuber,0,1,1,1.0
jvsauukip,0,1,1,1.0
explanada,0,1,1,1.0
savjulian,0,1,1,1.0
wzt,0,1,1,1.0
arvind,1,0,1,0.0
chaoskhan,0,1,1,1.0
springsteen,1,0,1,0.0
cmlehk,0,1,1,1.0
mercosur,1,0,1,0.0
valient,1,0,1,0.0
kxlzwasc,0,1,1,1.0
xvdi,0,1,1,1.0
proporciona,0,1,1,1.0
vgphj,0,1,1,1.0
minutesout,0,1,1,1.0
uwaixo,0,1,1,1.0
jhund,1,0,1,0.0
moharani,1,0,1,0.0
automaticisoftwar,0,1,1,1.0
fabricati,0,1,1,1.0
qwxozyxg,0,1,1,1.0
uhtusf,0,1,1,1.0
rozel,1,0,1,0.0
marketing,0,1,1,1.0
mocksvil,1,0,1,0.0
prescriptionneed,0,1,1,1.0
ruwp,0,1,1,1.0
dgqfqevwa,0,1,1,1.0
dhgzytiwr,0,1,1,1.0
geschehen,0,1,1,1.0
beautifil,0,1,1,1.0
gse,0,1,1,1.0
hamafw,0,1,1,1.0
willget,0,1,1,1.0
nduth,0,1,1,1.0
paduano,1,0,1,0.0
zjvincbmvqq,0,1,1,1.0
kecyrfz,0,1,1,1.0
prerecord,1,0,1,0.0
rcuwv,0,1,1,1.0
rsula,0,1,1,1.0
comforteth,0,1,1,1.0
visconti,0,1,1,1.0
replevi,0,1,1,1.0
psln,0,1,1,1.0
fvzyarf,0,1,1,1.0
genemedicin,1,0,1,0.0
lanker,0,1,1,1.0
gfwa,1,0,1,0.0
newcestl,0,1,1,1.0
bsfjn,0,1,1,1.0
karr,1,0,1,0.0
amicablefilmalb,0,1,1,1.0
infoy,0,1,1,1.0
xqcncvcajxkb,0,1,1,1.0
correctrion,1,0,1,0.0
barristerrichard,0,1,1,1.0
vij,0,1,1,1.0
bonair,1,0,1,0.0
threadbre,0,1,1,1.0
jetlag,0,1,1,1.0
dissolvab,0,1,1,1.0
beginng,1,0,1,0.0
rucf,0,1,1,1.0
arkoma,0,1,1,1.0
evantagenow,1,0,1,0.0
phickey,1,0,1,0.0
probando,0,1,1,1.0
rynkowi,1,0,1,0.0
gnjbfi,0,1,1,1.0
thmuha,0,1,1,1.0
factth,0,1,1,1.0
tsoml,0,1,1,1.0
einbaubuchs,0,1,1,1.0
fhqiwad,0,1,1,1.0
disastrouscornm,0,1,1,1.0
qdmqx,0,1,1,1.0
eghyzzalg,0,1,1,1.0
mep,1,0,1,0.0
btacchino,0,1,1,1.0
luo,0,1,1,1.0
aniceday,0,1,1,1.0
orderfrom,0,1,1,1.0
avengeconstitut,0,1,1,1.0
gabelli,0,1,1,1.0
scen,0,1,1,1.0
pietismsieglinda,0,1,1,1.0
numismaticegalitarian,0,1,1,1.0
aykdpdl,0,1,1,1.0
wysylam,1,0,1,0.0
xsrsv,0,1,1,1.0
thinkingto,0,1,1,1.0
prelimiari,1,0,1,0.0
spezialpapier,0,1,1,1.0
vsabo,1,0,1,0.0
ordo,0,1,1,1.0
sizer,0,1,1,1.0
anemom,0,1,1,1.0
mlfbfl,0,1,1,1.0
hajv,0,1,1,1.0
imxnbn,0,1,1,1.0
pfbogmvyubtc,0,1,1,1.0
pnqklv,0,1,1,1.0
uamk,0,1,1,1.0
hrcpybsi,0,1,1,1.0
dpp,0,1,1,1.0
ozaixa,0,1,1,1.0
unoend,0,1,1,1.0
passmor,1,0,1,0.0
saferang,0,1,1,1.0
voladero,0,1,1,1.0
iguaranteedt,0,1,1,1.0
platillo,0,1,1,1.0
inclineth,0,1,1,1.0
ggreat,0,1,1,1.0
recommenc,0,1,1,1.0
heebner,1,0,1,0.0
windowsf,1,0,1,0.0
xenobashoth,0,1,1,1.0
missettern,0,1,1,1.0
campgroundgloria,0,1,1,1.0
moomoojosh,0,1,1,1.0
hzkebepgupv,0,1,1,1.0
bionich,0,1,1,1.0
fluoresceinfoxtail,0,1,1,1.0
htmlez,0,1,1,1.0
nsea,0,1,1,1.0
propertytacobel,0,1,1,1.0
tilda,0,1,1,1.0
body,0,1,1,1.0
ykljqjlki,0,1,1,1.0
oyodj,0,1,1,1.0
vpkmbsevo,0,1,1,1.0
anonymitybergen,0,1,1,1.0
kbqjfted,0,1,1,1.0
bonerhk,1,0,1,0.0
bialki,1,0,1,0.0
impression,1,0,1,0.0
amvtz,0,1,1,1.0
reicht,0,1,1,1.0
littleblu,0,1,1,1.0
ipkaypn,0,1,1,1.0
bubbafreak,1,0,1,0.0
allmon,1,0,1,0.0
medicatiuqon,0,1,1,1.0
lorss,0,1,1,1.0
wardel,1,0,1,0.0
insinuatori,0,1,1,1.0
temperancejakarta,0,1,1,1.0
qtoqxibl,0,1,1,1.0
sueno,0,1,1,1.0
krskj,0,1,1,1.0
driiink,0,1,1,1.0
vimqdbndh,0,1,1,1.0
hiwnasciaotchaw,0,1,1,1.0
rebeccapowel,0,1,1,1.0
gvslbee,0,1,1,1.0
solarwind,0,1,1,1.0
realizara,0,1,1,1.0
darmedebaja,0,1,1,1.0
frykinney,0,1,1,1.0
ploiti,1,0,1,0.0
mertensbreachy,0,1,1,1.0
suvjpqhn,0,1,1,1.0
pktljn,0,1,1,1.0
jaknyt,1,0,1,0.0
olywq,0,1,1,1.0
cowlickimpel,0,1,1,1.0
comithank,1,0,1,0.0
trinitron,0,1,1,1.0
radu,1,0,1,0.0
micropow,1,0,1,0.0
clarifyingcours,0,1,1,1.0
ucki,0,1,1,1.0
thetrust,0,1,1,1.0
frjl,0,1,1,1.0
sauvain,1,0,1,0.0
inversion,0,1,1,1.0
kjrztl,0,1,1,1.0
maximalen,0,1,1,1.0
tryingto,0,1,1,1.0
aleksa,0,1,1,1.0
telefonia,0,1,1,1.0
talebabylon,0,1,1,1.0
requirementha,0,1,1,1.0
gtvyw,0,1,1,1.0
ronarld,0,1,1,1.0
tmk,0,1,1,1.0
éþåè,0,1,1,1.0
teilnehm,0,1,1,1.0
bonduel,1,0,1,0.0
tholomy,0,1,1,1.0
ostersund,0,1,1,1.0
wqblmxvh,0,1,1,1.0
amestreason,0,1,1,1.0
aumento,0,1,1,1.0
blusatq,0,1,1,1.0
investmest,0,1,1,1.0
esharri,0,1,1,1.0
surfi,0,1,1,1.0
anthicida,0,1,1,1.0
seigal,1,0,1,0.0
dionysuspictori,0,1,1,1.0
entrac,0,1,1,1.0
mszoxg,0,1,1,1.0
jakim,1,0,1,0.0
sjhr,0,1,1,1.0
doxgsf,0,1,1,1.0
mirelabrasov,0,1,1,1.0
dvcuretzi,0,1,1,1.0
apsocrg,0,1,1,1.0
drjc,1,0,1,0.0
railment,1,0,1,0.0
scherlyn,1,0,1,0.0
manuela,1,0,1,0.0
openbaarmak,0,1,1,1.0
tivox,0,1,1,1.0
ikmbew,0,1,1,1.0
dhahxrxc,0,1,1,1.0
concluy,0,1,1,1.0
onduct,0,1,1,1.0
zvjkykmt,0,1,1,1.0
zungar,0,1,1,1.0
kaleso,0,1,1,1.0
prsentli,0,1,1,1.0
resfn,0,1,1,1.0
yoihuf,0,1,1,1.0
wjxbu,0,1,1,1.0
vibxrplf,0,1,1,1.0
rkmvbfjkmezqscojn,0,1,1,1.0
superhuman,1,0,1,0.0
oziacg,0,1,1,1.0
yoioroypmv,0,1,1,1.0
venidero,0,1,1,1.0
vvzrlc,0,1,1,1.0
wanneer,0,1,1,1.0
rrzx,0,1,1,1.0
sumat,0,1,1,1.0
alysha,0,1,1,1.0
caat,0,1,1,1.0
dcqsbi,0,1,1,1.0
dxbli,0,1,1,1.0
morelock,1,0,1,0.0
hilu,0,1,1,1.0
yjkmlxr,0,1,1,1.0
ktceufflo,0,1,1,1.0
beckstead,1,0,1,0.0
ecall,0,1,1,1.0
tfk,0,1,1,1.0
brcheck,0,1,1,1.0
pzwqnx,0,1,1,1.0
confirmedharvey,1,0,1,0.0
airmanbal,0,1,1,1.0
pceerftion,0,1,1,1.0
trichloro,0,1,1,1.0
xfvhfqx,0,1,1,1.0
dooltanehon,0,1,1,1.0
ldkyqokz,0,1,1,1.0
jojogordon,0,1,1,1.0
exoshp,0,1,1,1.0
teleknowledg,0,1,1,1.0
vere,0,1,1,1.0
geat,0,1,1,1.0
seguin,1,0,1,0.0
mieno,1,0,1,0.0
kggnakl,0,1,1,1.0
byrxmn,0,1,1,1.0
xmr,1,0,1,0.0
energiess,0,1,1,1.0
brkbrcanu,0,1,1,1.0
gekq,0,1,1,1.0
burnsidebatten,0,1,1,1.0
linefe,0,1,1,1.0
beareth,0,1,1,1.0
precisaro,0,1,1,1.0
rikd,0,1,1,1.0
phthen,0,1,1,1.0
bpb,1,0,1,0.0
scallopshelton,0,1,1,1.0
consett,0,1,1,1.0
mzcdim,0,1,1,1.0
dostal,1,0,1,0.0
koller,1,0,1,0.0
wzw,0,1,1,1.0
xkmjddrsj,0,1,1,1.0
ryapbnso,0,1,1,1.0
ibido,0,1,1,1.0
vier,0,1,1,1.0
photoshopbr,0,1,1,1.0
infostead,0,1,1,1.0
konsw,0,1,1,1.0
uitbreiden,0,1,1,1.0
dohey,0,1,1,1.0
mhxwri,0,1,1,1.0
laajakaista,0,1,1,1.0
hotvoic,0,1,1,1.0
numan,0,1,1,1.0
sesquipedalian,0,1,1,1.0
gurunte,0,1,1,1.0
pharmzon,0,1,1,1.0
gz,0,1,1,1.0
wwsj,1,0,1,0.0
chosebutteri,0,1,1,1.0
lovdmxkt,0,1,1,1.0
pducorn,0,1,1,1.0
xruzjc,0,1,1,1.0
hbbv,0,1,1,1.0
zwyiyeyrf,0,1,1,1.0
cvqsourwa,0,1,1,1.0
iizdn,0,1,1,1.0
musterilerin,0,1,1,1.0
margert,0,1,1,1.0
mower,0,1,1,1.0
dsicert,0,1,1,1.0
kuthuejacew,0,1,1,1.0
ibibtinbyjvdwftsp,0,1,1,1.0
msfjt,0,1,1,1.0
heartburnfirewood,0,1,1,1.0
stanli,0,1,1,1.0
basii,0,1,1,1.0
mderican,0,1,1,1.0
rvmmp,0,1,1,1.0
malo,0,1,1,1.0
ipikuzuyi,0,1,1,1.0
atheolog,0,1,1,1.0
jltwawlu,0,1,1,1.0
ballentin,1,0,1,0.0
nygicux,0,1,1,1.0
hundress,0,1,1,1.0
conscriptionderbyshir,0,1,1,1.0
foothillservic,1,0,1,0.0
sllng,0,1,1,1.0
limpar,0,1,1,1.0
jbwrv,0,1,1,1.0
neuer,0,1,1,1.0
indispensvel,0,1,1,1.0
angelu,0,1,1,1.0
lmhz,1,0,1,0.0
bjectiv,0,1,1,1.0
msveul,0,1,1,1.0
vicawgra,0,1,1,1.0
dzhdiomb,0,1,1,1.0
shivley,1,0,1,0.0
coadgroup,1,0,1,0.0
lopobequ,0,1,1,1.0
rosenkranz,1,0,1,0.0
richardmay,0,1,1,1.0
paulina,1,0,1,0.0
zorichak,0,1,1,1.0
fxkaaie,0,1,1,1.0
denso,0,1,1,1.0
etphmpoq,0,1,1,1.0
executuv,1,0,1,0.0
aakkyl,0,1,1,1.0
sundowntransit,0,1,1,1.0
nrqhzii,0,1,1,1.0
dashajulia,0,1,1,1.0
motrin,0,1,1,1.0
xcqoen,0,1,1,1.0
ceeaaas,0,1,1,1.0
qxytznh,0,1,1,1.0
sjkxlvdvkf,0,1,1,1.0
rhctzjo,0,1,1,1.0
kamu,0,1,1,1.0
lecheryaerospac,0,1,1,1.0
balzak,0,1,1,1.0
yougain,0,1,1,1.0
fortsi,0,1,1,1.0
taim,0,1,1,1.0
powinienem,1,0,1,0.0
passava,0,1,1,1.0
gwenda,0,1,1,1.0
otsww,0,1,1,1.0
wduwjct,0,1,1,1.0
jeringa,0,1,1,1.0
ccbvfroi,0,1,1,1.0
gekant,0,1,1,1.0
lsq,0,1,1,1.0
luxembiurg,0,1,1,1.0
deaaaaad,0,1,1,1.0
oharrington,0,1,1,1.0
arianematthew,0,1,1,1.0
sierr,0,1,1,1.0
dallastexasex,1,0,1,0.0
unsiz,0,1,1,1.0
nimeh,1,0,1,0.0
cosmonaut,0,1,1,1.0
isogon,0,1,1,1.0
mjfhtrao,0,1,1,1.0
previcid,0,1,1,1.0
dissallow,1,0,1,0.0
yourinterest,0,1,1,1.0
rtjncagr,0,1,1,1.0
sexologist,0,1,1,1.0
unfelt,0,1,1,1.0
cwxam,0,1,1,1.0
õèêþã,0,1,1,1.0
tactilearistocraci,0,1,1,1.0
graydenali,0,1,1,1.0
jtjgfsgiqfp,0,1,1,1.0
stinglmoroni,0,1,1,1.0
candent,0,1,1,1.0
rogersherndon,1,0,1,0.0
assisgn,1,0,1,0.0
dahlienweg,0,1,1,1.0
qfxcn,0,1,1,1.0
cedrf,0,1,1,1.0
contini,0,1,1,1.0
sxgaxbrit,0,1,1,1.0
eubg,0,1,1,1.0
liquidimport,0,1,1,1.0
ozi,0,1,1,1.0
snarlexploratori,0,1,1,1.0
qvkxp,0,1,1,1.0
kuenftig,0,1,1,1.0
energetycznymi,1,0,1,0.0
nonparametr,1,0,1,0.0
vijagyra,0,1,1,1.0
lreadbqi,0,1,1,1.0
beststart,0,1,1,1.0
minto,1,0,1,0.0
notifix,0,1,1,1.0
gerriti,1,0,1,0.0
evluvj,0,1,1,1.0
suuznvgo,0,1,1,1.0
subadunc,0,1,1,1.0
ruchi,1,0,1,0.0
gwt,0,1,1,1.0
lhmepa,0,1,1,1.0
crozuxqkbeiipeywx,0,1,1,1.0
presso,0,1,1,1.0
teleinsur,1,0,1,0.0
uggrii,0,1,1,1.0
therock,0,1,1,1.0
tenfuat,0,1,1,1.0
irration,1,0,1,0.0
wnorg,0,1,1,1.0
adressquellen,0,1,1,1.0
mastodon,0,1,1,1.0
flairhideaway,0,1,1,1.0
aivar,1,0,1,0.0
shijp,0,1,1,1.0
referenceand,0,1,1,1.0
uordlodht,0,1,1,1.0
znoj,1,0,1,0.0
usatrad,0,1,1,1.0
microlab,1,0,1,0.0
wpqvhrmpi,0,1,1,1.0
ymexxmbr,0,1,1,1.0
qvgc,0,1,1,1.0
ljscxbew,0,1,1,1.0
vjwkyuvi,0,1,1,1.0
gskg,0,1,1,1.0
odontologo,0,1,1,1.0
gcsawh,0,1,1,1.0
ecent,1,0,1,0.0
ameriecan,0,1,1,1.0
ohobrlyx,0,1,1,1.0
phharma,0,1,1,1.0
meerbott,1,0,1,0.0
preeminentmedlar,0,1,1,1.0
mokugiquop,0,1,1,1.0
najlah,1,0,1,0.0
rexec,1,0,1,0.0
smyooxddqwzif,0,1,1,1.0
tshxk,0,1,1,1.0
bpo,0,1,1,1.0
helt,0,1,1,1.0
manningand,0,1,1,1.0
doctorqto,0,1,1,1.0
tavdeyev,0,1,1,1.0
uncubscr,0,1,1,1.0
middlemancarthaginian,0,1,1,1.0
mjvhmsuq,0,1,1,1.0
wolfcamp,1,0,1,0.0
dyin,0,1,1,1.0
thrird,0,1,1,1.0
teehe,1,0,1,0.0
tvion,0,1,1,1.0
ngbadng,0,1,1,1.0
wxahkf,0,1,1,1.0
djguga,0,1,1,1.0
taazwon,0,1,1,1.0
iug,0,1,1,1.0
stwa,1,0,1,0.0
trco,1,0,1,0.0
materialist,0,1,1,1.0
disuss,1,0,1,0.0
ldjoe,0,1,1,1.0
renner,0,1,1,1.0
kln,0,1,1,1.0
boers,1,0,1,0.0
mypillsplac,0,1,1,1.0
zjwmhvd,0,1,1,1.0
scottfor,0,1,1,1.0
ciekaw,1,0,1,0.0
hwqr,0,1,1,1.0
perant,0,1,1,1.0
gtsai,0,1,1,1.0
gscyk,0,1,1,1.0
znfj,0,1,1,1.0
cvwrmp,0,1,1,1.0
ginnungigab,0,1,1,1.0
vnjpaab,0,1,1,1.0
ckakmm,0,1,1,1.0
chxag,0,1,1,1.0
pedlomaniak,0,1,1,1.0
kcg,0,1,1,1.0
rhptnuc,0,1,1,1.0
norah,0,1,1,1.0
prefil,0,1,1,1.0
cookbookcarven,0,1,1,1.0
cfarrel,1,0,1,0.0
usgypsum,1,0,1,0.0
changma,0,1,1,1.0
abelmosk,0,1,1,1.0
iuebqzysschsedrin,0,1,1,1.0
encaminhada,0,1,1,1.0
tageo,1,0,1,0.0
noioblig,0,1,1,1.0
xhzxlsh,0,1,1,1.0
shortterm,0,1,1,1.0
parkleah,0,1,1,1.0
rxkqggxxmn,0,1,1,1.0
foreigncustom,0,1,1,1.0
gtfbank,0,1,1,1.0
technicznych,1,0,1,0.0
acsdalla,1,0,1,0.0
fxrrsi,0,1,1,1.0
suzm,0,1,1,1.0
lessig,1,0,1,0.0
anamaria,1,0,1,0.0
mottom,1,0,1,0.0
klu,0,1,1,1.0
zcsoz,0,1,1,1.0
apeunwxdsgpvvhawm,0,1,1,1.0
hzave,0,1,1,1.0
irizarri,1,0,1,0.0
manutenção,0,1,1,1.0
ijhaa,0,1,1,1.0
parnel,0,1,1,1.0
automatischen,0,1,1,1.0
geeneriii,0,1,1,1.0
gfylxgqzh,0,1,1,1.0
snaptom,1,0,1,0.0
eulottag,0,1,1,1.0
mgwmjrglnj,0,1,1,1.0
kxhymwbbr,0,1,1,1.0
fsicament,0,1,1,1.0
skupil,1,0,1,0.0
graz,0,1,1,1.0
rkmrb,0,1,1,1.0
waitecruz,0,1,1,1.0
peiovmgbg,0,1,1,1.0
frnhd,0,1,1,1.0
myitc,0,1,1,1.0
orgoto,0,1,1,1.0
polityczni,1,0,1,0.0
rummel,0,1,1,1.0
juridico,0,1,1,1.0
atjuchk,0,1,1,1.0
buqpptzfvsyi,0,1,1,1.0
crossworld,1,0,1,0.0
laurain,0,1,1,1.0
especificacion,0,1,1,1.0
myoglobinbr,0,1,1,1.0
obxuxmhc,0,1,1,1.0
tiranabagel,0,1,1,1.0
ierjkbo,0,1,1,1.0
jjbxasd,0,1,1,1.0
keo,0,1,1,1.0
bridgeportsleep,0,1,1,1.0
iexcpt,1,0,1,0.0
broekelen,0,1,1,1.0
kxzpob,0,1,1,1.0
wickedli,0,1,1,1.0
kjbjrdymg,0,1,1,1.0
redlmov,0,1,1,1.0
drpnqet,0,1,1,1.0
hanover,0,1,1,1.0
antislaveri,0,1,1,1.0
bekorstt,0,1,1,1.0
bouvier,1,0,1,0.0
senado,0,1,1,1.0
wmn,0,1,1,1.0
pxlsi,0,1,1,1.0
rampup,1,0,1,0.0
refresco,0,1,1,1.0
himdeiiveri,0,1,1,1.0
ftat,0,1,1,1.0
vztfp,0,1,1,1.0
mcnichol,1,0,1,0.0
jxvra,0,1,1,1.0
prpria,0,1,1,1.0
therelev,0,1,1,1.0
anoop,1,0,1,0.0
tftg,0,1,1,1.0
ischortlehigh,0,1,1,1.0
ehet,0,1,1,1.0
monthi,1,0,1,0.0
nähe,0,1,1,1.0
hve,0,1,1,1.0
condcept,0,1,1,1.0
tdn,0,1,1,1.0
trncpxikv,0,1,1,1.0
vyhonhweguljqgtlk,0,1,1,1.0
boardof,0,1,1,1.0
microorgan,0,1,1,1.0
tvf,0,1,1,1.0
omrwuk,0,1,1,1.0
qsmefecji,0,1,1,1.0
pkbomnxyug,0,1,1,1.0
vaster,0,1,1,1.0
tnzr,0,1,1,1.0
ekzlx,0,1,1,1.0
bolivariana,0,1,1,1.0
meger,0,1,1,1.0
makenzi,1,0,1,0.0
pswpt,0,1,1,1.0
otudrpzr,0,1,1,1.0
hlpsimjvr,0,1,1,1.0
dclemon,0,1,1,1.0
akcess,0,1,1,1.0
mantelevoc,0,1,1,1.0
dumbwait,0,1,1,1.0
wtefx,0,1,1,1.0
contretempsdogma,0,1,1,1.0
bergin,1,0,1,0.0
jql,0,1,1,1.0
chevaux,0,1,1,1.0
hardlolita,0,1,1,1.0
ltbi,0,1,1,1.0
gmc,1,0,1,0.0
horapi,0,1,1,1.0
ksx,0,1,1,1.0
flwshxprg,0,1,1,1.0
vnybrluci,0,1,1,1.0
blmi,0,1,1,1.0
jgyrf,0,1,1,1.0
empfängerstamm,0,1,1,1.0
esmarkapplic,0,1,1,1.0
heqvqn,0,1,1,1.0
osoba,1,0,1,0.0
suchterm,0,1,1,1.0
vhdydw,0,1,1,1.0
ppoorn,0,1,1,1.0
slowyou,0,1,1,1.0
zbol,1,0,1,0.0
meediic,0,1,1,1.0
tioner,0,1,1,1.0
proced,0,1,1,1.0
atentt,0,1,1,1.0
janderson,1,0,1,0.0
fimultipl,0,1,1,1.0
oru,0,1,1,1.0
sportsl,0,1,1,1.0
mgrlkb,0,1,1,1.0
iotsrob,0,1,1,1.0
leepinc,0,1,1,1.0
irnsydo,0,1,1,1.0
qcci,0,1,1,1.0
ncibynqrb,0,1,1,1.0
realeas,0,1,1,1.0
lfl,0,1,1,1.0
androom,0,1,1,1.0
tisman,1,0,1,0.0
gatesl,0,1,1,1.0
sunbonnetdoublehead,0,1,1,1.0
tpneeley,1,0,1,0.0
sugarloaf,0,1,1,1.0
greil,1,0,1,0.0
lgoigz,0,1,1,1.0
cquerol,1,0,1,0.0
mscraig,1,0,1,0.0
aristocracybunyan,0,1,1,1.0
nors,0,1,1,1.0
ijjqjw,0,1,1,1.0
thod,0,1,1,1.0
xgold,1,0,1,0.0
presbyopia,0,1,1,1.0
cstanley,1,0,1,0.0
snuffybeautifu,0,1,1,1.0
pxffhpe,0,1,1,1.0
sonderangebot,0,1,1,1.0
ueykkpatn,0,1,1,1.0
sbqoypeulbx,0,1,1,1.0
ozttcm,0,1,1,1.0
rqwdaeuh,0,1,1,1.0
tive,0,1,1,1.0
revelotionari,0,1,1,1.0
sedayao,1,0,1,0.0
nightgear,0,1,1,1.0
fieldsltd,1,0,1,0.0
yulfoknjjbr,0,1,1,1.0
teymlebf,0,1,1,1.0
bault,1,0,1,0.0
zshjpuzw,0,1,1,1.0
kbawdw,0,1,1,1.0
feriado,0,1,1,1.0
optimizarlo,0,1,1,1.0
skipgrand,0,1,1,1.0
decem,1,0,1,0.0
nhjnf,0,1,1,1.0
istot,1,0,1,0.0
cybdgyfud,0,1,1,1.0
gment,0,1,1,1.0
snczg,0,1,1,1.0
yeahw,0,1,1,1.0
conclusiónlo,0,1,1,1.0
maidenhair,0,1,1,1.0
tcpl,1,0,1,0.0
firgst,0,1,1,1.0
drena,1,0,1,0.0
kmoor,1,0,1,0.0
psicologo,0,1,1,1.0
knwgznmdfjoxf,0,1,1,1.0
purposesonli,0,1,1,1.0
kjlfgxwv,0,1,1,1.0
sschrump,1,0,1,0.0
theprop,0,1,1,1.0
watchru,0,1,1,1.0
mgpywi,0,1,1,1.0
qwhphl,0,1,1,1.0
reservación,0,1,1,1.0
recoomend,0,1,1,1.0
ldoxf,0,1,1,1.0
fuicqlgwmrlzc,0,1,1,1.0
catechumen,0,1,1,1.0
vtea,0,1,1,1.0
jkb,0,1,1,1.0
flagstaffdestroy,0,1,1,1.0
cnf,1,0,1,0.0
huga,0,1,1,1.0
neglxq,0,1,1,1.0
cwqnvyzo,0,1,1,1.0
jmf,1,0,1,0.0
personalresearch,0,1,1,1.0
uraay,0,1,1,1.0
cyberw,0,1,1,1.0
yjlwd,0,1,1,1.0
sgebxh,0,1,1,1.0
mercadotrad,0,1,1,1.0
loveya,0,1,1,1.0
employeemeet,1,0,1,0.0
viatel,1,0,1,0.0
afschaf,0,1,1,1.0
badlyeveri,0,1,1,1.0
thiii,0,1,1,1.0
usaxw,0,1,1,1.0
greenhead,0,1,1,1.0
tsfccilii,0,1,1,1.0
sofwarz,0,1,1,1.0
fzxdtjb,0,1,1,1.0
mdcdof,0,1,1,1.0
zaxwmstr,0,1,1,1.0
gimmicki,0,1,1,1.0
excentr,0,1,1,1.0
otten,1,0,1,0.0
jumgbn,0,1,1,1.0
moneydu,0,1,1,1.0
bonelli,1,0,1,0.0
qcmwj,0,1,1,1.0
vyqpkz,0,1,1,1.0
frontrea,1,0,1,0.0
penisflaw,0,1,1,1.0
profitablefor,0,1,1,1.0
qsntj,0,1,1,1.0
yimou,0,1,1,1.0
bsbych,0,1,1,1.0
vdjkjsyghouu,0,1,1,1.0
corto,0,1,1,1.0
ticothixo,0,1,1,1.0
buravohk,0,1,1,1.0
apclink,1,0,1,0.0
storagecentr,1,0,1,0.0
noir,1,0,1,0.0
rlaegydzfb,0,1,1,1.0
boxwoodfunctori,0,1,1,1.0
mcmurtri,1,0,1,0.0
rsqbib,0,1,1,1.0
kiralama,0,1,1,1.0
nvbpqmvmwsu,0,1,1,1.0
fkopszmpguvlul,0,1,1,1.0
zybban,0,1,1,1.0
frpib,0,1,1,1.0
wpasc,1,0,1,0.0
ttake,0,1,1,1.0
ybgikagi,0,1,1,1.0
dchfcrq,0,1,1,1.0
ruxtraci,0,1,1,1.0
birgean,1,0,1,0.0
atascocita,1,0,1,0.0
phramaci,0,1,1,1.0
zlhvlmk,0,1,1,1.0
slimmer,1,0,1,0.0
intervi,1,0,1,0.0
objectbuild,0,1,1,1.0
tunuja,1,0,1,0.0
squer,0,1,1,1.0
vbctkco,0,1,1,1.0
duer,1,0,1,0.0
duellho,0,1,1,1.0
ivalerow,1,0,1,0.0
tasch,0,1,1,1.0
zocvzwkmt,0,1,1,1.0
gaj,0,1,1,1.0
strongenc,1,0,1,0.0
cmolis,0,1,1,1.0
uknyu,0,1,1,1.0
popeo,1,0,1,0.0
indemifi,1,0,1,0.0
fallaron,0,1,1,1.0
valìum,0,1,1,1.0
wrenshal,1,0,1,0.0
fjscuauk,0,1,1,1.0
decemeb,1,0,1,0.0
felnera,1,0,1,0.0
whoooooop,1,0,1,0.0
grossetitten,0,1,1,1.0
cbsbcol,1,0,1,0.0
burnoutdivestitur,0,1,1,1.0
beena,1,0,1,0.0
laconia,0,1,1,1.0
seviour,0,1,1,1.0
destinaton,0,1,1,1.0
natrium,0,1,1,1.0
pvohdwsa,0,1,1,1.0
gorusmek,0,1,1,1.0
ahckf,0,1,1,1.0
uzzsb,0,1,1,1.0
poh,0,1,1,1.0
cqmgudft,0,1,1,1.0
ovev,0,1,1,1.0
gramophon,0,1,1,1.0
yjxzlfubr,0,1,1,1.0
alyfrh,0,1,1,1.0
justinian,0,1,1,1.0
sbhoog,0,1,1,1.0
yaleitsmailfilt,0,1,1,1.0
divertir,0,1,1,1.0
mlnewpmuo,0,1,1,1.0
mdcisiaaa,0,1,1,1.0
prsdxv,0,1,1,1.0
wngn,0,1,1,1.0
xfw,0,1,1,1.0
vvkmawlvx,0,1,1,1.0
vgxip,0,1,1,1.0
cdvqbqa,0,1,1,1.0
vluzl,0,1,1,1.0
bhnhewjkvm,0,1,1,1.0
koqwzj,0,1,1,1.0
yclz,0,1,1,1.0
iwbwynsh,0,1,1,1.0
bamocsn,0,1,1,1.0
centralbank,0,1,1,1.0
otjc,0,1,1,1.0
anonim,0,1,1,1.0
xsewgo,0,1,1,1.0
tomika,0,1,1,1.0
cmmercial,0,1,1,1.0
ejecuta,0,1,1,1.0
hokum,1,0,1,0.0
cpucol,1,0,1,0.0
rijswijck,0,1,1,1.0
diai,0,1,1,1.0
sequaci,0,1,1,1.0
vvwdvaobu,0,1,1,1.0
burocrático,0,1,1,1.0
yztbyhamn,0,1,1,1.0
qfqmta,0,1,1,1.0
orpheu,0,1,1,1.0
gedctb,0,1,1,1.0
niecal,1,0,1,0.0
qlogaoed,0,1,1,1.0
chequer,0,1,1,1.0
dimer,0,1,1,1.0
serotonin,0,1,1,1.0
starkli,1,0,1,0.0
chuan,0,1,1,1.0
shnbg,0,1,1,1.0
stjtupcvwirzoc,0,1,1,1.0
owyp,0,1,1,1.0
abof,1,0,1,0.0
usándos,0,1,1,1.0
bombahakcx,0,1,1,1.0
mpzagskdp,0,1,1,1.0
californiamag,1,0,1,0.0
sandtrap,1,0,1,0.0
unstudi,0,1,1,1.0
cuvier,0,1,1,1.0
qfspza,0,1,1,1.0
bgdeujzm,0,1,1,1.0
hrnf,0,1,1,1.0
njwa,1,0,1,0.0
pipelinenetwork,1,0,1,0.0
peivic,0,1,1,1.0
hmjgzkt,0,1,1,1.0
gydjr,0,1,1,1.0
zbbfie,0,1,1,1.0
vandeven,1,0,1,0.0
berley,0,1,1,1.0
eugenemiss,0,1,1,1.0
llqyo,0,1,1,1.0
pzadoro,1,0,1,0.0
sembmcmr,0,1,1,1.0
bdugan,1,0,1,0.0
sopftwar,0,1,1,1.0
bgti,0,1,1,1.0
orlgin,0,1,1,1.0
crackeralien,0,1,1,1.0
iwfw,0,1,1,1.0
ofexperi,0,1,1,1.0
qweed,0,1,1,1.0
mzbc,0,1,1,1.0
driv,1,0,1,0.0
tkxyn,0,1,1,1.0
iqcoecbtqi,0,1,1,1.0
loteeri,0,1,1,1.0
jzjoen,0,1,1,1.0
uucnmlm,0,1,1,1.0
interupt,1,0,1,0.0
onegood,0,1,1,1.0
sgk,0,1,1,1.0
gjecwvsatznvd,0,1,1,1.0
philtic,1,0,1,0.0
yadiraoneai,0,1,1,1.0
mintahjao,0,1,1,1.0
rwgwyogvq,0,1,1,1.0
permathen,1,0,1,0.0
xpqftn,0,1,1,1.0
anecdoteuranyl,0,1,1,1.0
nowym,1,0,1,0.0
garantizada,0,1,1,1.0
ycte,0,1,1,1.0
truculentbamako,0,1,1,1.0
bleekerisoclin,0,1,1,1.0
cèlebrèx,0,1,1,1.0
ubvk,0,1,1,1.0
mentzer,1,0,1,0.0
hdjghfoek,0,1,1,1.0
wrleyllmu,0,1,1,1.0
pilanda,0,1,1,1.0
furtther,1,0,1,0.0
chale,0,1,1,1.0
mortish,1,0,1,0.0
oei,0,1,1,1.0
forcenergi,1,0,1,0.0
dkoq,0,1,1,1.0
ikqdv,0,1,1,1.0
apprici,1,0,1,0.0
empowerpittsfield,0,1,1,1.0
emiko,0,1,1,1.0
unmap,1,0,1,0.0
agronomia,0,1,1,1.0
yakel,1,0,1,0.0
dyjhi,0,1,1,1.0
linam,1,0,1,0.0
projectscdgt,0,1,1,1.0
eurolijsten,0,1,1,1.0
qustion,1,0,1,0.0
rybonmct,0,1,1,1.0
frbool,0,1,1,1.0
pschmidt,1,0,1,0.0
panami,1,0,1,0.0
kkdftxnpi,0,1,1,1.0
greateoffersx,0,1,1,1.0
shibitha,0,1,1,1.0
juricka,1,0,1,0.0
stioll,1,0,1,0.0
hoganasvagen,0,1,1,1.0
koreaherb,0,1,1,1.0
rdfeintuch,1,0,1,0.0
ulpno,0,1,1,1.0
alghtrdtdsl,0,1,1,1.0
anania,0,1,1,1.0
epcot,0,1,1,1.0
xtxfgdrx,0,1,1,1.0
antiterrorist,1,0,1,0.0
xlo,0,1,1,1.0
hzqog,0,1,1,1.0
rochefoucauld,0,1,1,1.0
zirimsidd,0,1,1,1.0
beyanyf,0,1,1,1.0
zarin,1,0,1,0.0
brefor,1,0,1,0.0
gavott,0,1,1,1.0
ehom,0,1,1,1.0
nnowik,1,0,1,0.0
congradul,0,1,1,1.0
gdhsu,0,1,1,1.0
dzkf,0,1,1,1.0
twime,0,1,1,1.0
sesu,0,1,1,1.0
stopallthatspam,0,1,1,1.0
johson,1,0,1,0.0
notifiefd,0,1,1,1.0
yttw,0,1,1,1.0
siesmic,1,0,1,0.0
chartgalton,0,1,1,1.0
sriketan,1,0,1,0.0
getchatimenow,0,1,1,1.0
petrick,1,0,1,0.0
techsshar,0,1,1,1.0
vancouverremov,0,1,1,1.0
youramazon,0,1,1,1.0
cacklecc,1,0,1,0.0
truthyahoo,0,1,1,1.0
dysthym,0,1,1,1.0
pdluxvz,0,1,1,1.0
unlett,0,1,1,1.0
anaesthesiolog,0,1,1,1.0
sperw,0,1,1,1.0
jetbrtiv,0,1,1,1.0
ntin,1,0,1,0.0
ausgenommen,1,0,1,0.0
zrnsk,0,1,1,1.0
mcortino,1,0,1,0.0
justiciari,0,1,1,1.0
yeeeet,0,1,1,1.0
resortbattlefield,0,1,1,1.0
pediment,0,1,1,1.0
iiiincher,0,1,1,1.0
hunjgiq,0,1,1,1.0
hacindolo,0,1,1,1.0
elahi,1,0,1,0.0
rdene,0,1,1,1.0
fldixbrr,0,1,1,1.0
hpr,0,1,1,1.0
phonecal,1,0,1,0.0
gnym,0,1,1,1.0
übrigen,0,1,1,1.0
msuthi,0,1,1,1.0
wantin,0,1,1,1.0
bestlbuy,0,1,1,1.0
fwl,1,0,1,0.0
swjlmiqqt,0,1,1,1.0
bdavi,1,0,1,0.0
intervención,0,1,1,1.0
vnrlb,0,1,1,1.0
blach,1,0,1,0.0
bghcbgksga,0,1,1,1.0
lungreen,0,1,1,1.0
lfvb,0,1,1,1.0
mkmpbl,0,1,1,1.0
ipzyj,0,1,1,1.0
mdesanto,1,0,1,0.0
icvqhi,0,1,1,1.0
suf,0,1,1,1.0
authour,0,1,1,1.0
shippingbr,0,1,1,1.0
qghob,0,1,1,1.0
vlyqz,0,1,1,1.0
ziad,0,1,1,1.0
undertstand,1,0,1,0.0
fogbank,0,1,1,1.0
bannion,1,0,1,0.0
hasuman,1,0,1,0.0
easttran,1,0,1,0.0
colonis,1,0,1,0.0
fagsal,0,1,1,1.0
mlcrop,0,1,1,1.0
xxpsgg,0,1,1,1.0
kmvvqvoxr,0,1,1,1.0
atend,0,1,1,1.0
grampian,0,1,1,1.0
intractableemot,0,1,1,1.0
nobori,0,1,1,1.0
waddaulah,0,1,1,1.0
cecas,0,1,1,1.0
sdyzdr,0,1,1,1.0
jwg,0,1,1,1.0
cbgizki,0,1,1,1.0
icsi,1,0,1,0.0
nbox,0,1,1,1.0
umbzhu,0,1,1,1.0
hhhkyfni,0,1,1,1.0
stickley,0,1,1,1.0
ckowi,0,1,1,1.0
dznmplffnvc,0,1,1,1.0
contaminado,0,1,1,1.0
declark,1,0,1,0.0
brasiltelecom,0,1,1,1.0
blitzschnel,0,1,1,1.0
dkd,0,1,1,1.0
arfhinaca,0,1,1,1.0
cene,1,0,1,0.0
tdewi,0,1,1,1.0
loanstar,0,1,1,1.0
ofdow,0,1,1,1.0
wfnzbaygv,0,1,1,1.0
microlotielnt,0,1,1,1.0
klifford,1,0,1,0.0
ineal,0,1,1,1.0
kuauryt,0,1,1,1.0
agocurr,0,1,1,1.0
lartj,0,1,1,1.0
vikuvuqui,0,1,1,1.0
gvzbc,0,1,1,1.0
celinaford,0,1,1,1.0
xnwdxn,0,1,1,1.0
mpkemyrxlpq,0,1,1,1.0
oinvgr,0,1,1,1.0
dfd,0,1,1,1.0
pasi,0,1,1,1.0
gumpi,1,0,1,0.0
xckwrd,0,1,1,1.0
lowr,0,1,1,1.0
uuetmi,0,1,1,1.0
guanante,1,0,1,0.0
chiness,0,1,1,1.0
craton,0,1,1,1.0
capreol,0,1,1,1.0
predeal,1,0,1,0.0
eurotrad,1,0,1,0.0
reichart,1,0,1,0.0
recibiéndolo,0,1,1,1.0
blachel,0,1,1,1.0
nnu,0,1,1,1.0
afv,0,1,1,1.0
huhrri,0,1,1,1.0
irreconcilablehint,0,1,1,1.0
ogqjl,0,1,1,1.0
henr,0,1,1,1.0
leosb,0,1,1,1.0
nonreview,0,1,1,1.0
viangra,0,1,1,1.0
kollsp,0,1,1,1.0
ubj,0,1,1,1.0
pilgrem,1,0,1,0.0
delirant,0,1,1,1.0
gnooz,0,1,1,1.0
ightli,0,1,1,1.0
telekinesi,0,1,1,1.0
mjask,1,0,1,0.0
txgov,0,1,1,1.0
maoi,0,1,1,1.0
iygrz,0,1,1,1.0
lingja,1,0,1,0.0
relativesar,0,1,1,1.0
groet,0,1,1,1.0
saviorwait,0,1,1,1.0
platicar,1,0,1,0.0
qwgsv,0,1,1,1.0
vsgoqm,0,1,1,1.0
easybookkeep,0,1,1,1.0
cynthiadepech,0,1,1,1.0
rit,0,1,1,1.0
xkwrljubdpgfqv,0,1,1,1.0
bfiykxn,0,1,1,1.0
sibbl,0,1,1,1.0
mohun,0,1,1,1.0
campa,0,1,1,1.0
intertempor,1,0,1,0.0
stigmasterol,0,1,1,1.0
ridercdgt,0,1,1,1.0
kgilli,1,0,1,0.0
dwhitney,1,0,1,0.0
inespecífico,0,1,1,1.0
mdiq,1,0,1,0.0
wednesay,1,0,1,0.0
arrmmaci,0,1,1,1.0
rczyjqkrbr,0,1,1,1.0
knacki,0,1,1,1.0
bvujt,0,1,1,1.0
katiesonni,0,1,1,1.0
kentuckyhereditari,0,1,1,1.0
ayoko,0,1,1,1.0
kolach,1,0,1,0.0
dealticket,1,0,1,0.0
mcedcwov,0,1,1,1.0
igpyaf,0,1,1,1.0
rainbowboatl,0,1,1,1.0
instructionsthi,0,1,1,1.0
understaood,1,0,1,0.0
podstawi,1,0,1,0.0
snuffylorrain,0,1,1,1.0
oneman,0,1,1,1.0
pbfqzb,0,1,1,1.0
ajgtcinccx,0,1,1,1.0
kbak,0,1,1,1.0
longerthan,0,1,1,1.0
dronn,1,0,1,0.0
annonc,0,1,1,1.0
andassur,0,1,1,1.0
cyamf,0,1,1,1.0
hhdhqr,0,1,1,1.0
mzmrf,0,1,1,1.0
trazabilidadnueva,0,1,1,1.0
xmgqjxc,0,1,1,1.0
merryl,0,1,1,1.0
dwjxye,0,1,1,1.0
dextail,0,1,1,1.0
restaurar,0,1,1,1.0
hypersensit,0,1,1,1.0
obecnej,1,0,1,0.0
sandlewood,1,0,1,0.0
discontigu,0,1,1,1.0
aranteo,0,1,1,1.0
raxt,0,1,1,1.0
scombin,0,1,1,1.0
camrea,0,1,1,1.0
cwolf,1,0,1,0.0
lwrvbxu,0,1,1,1.0
carrico,0,1,1,1.0
eplan,1,0,1,0.0
aubrhoizjimitbbmkx,0,1,1,1.0
idfqhz,0,1,1,1.0
gkdiaz,0,1,1,1.0
rencontrez,0,1,1,1.0
bdgbaq,0,1,1,1.0
judechisholm,0,1,1,1.0
breineck,1,0,1,0.0
wmp,1,0,1,0.0
kurion,1,0,1,0.0
ecompani,1,0,1,0.0
azccwkv,0,1,1,1.0
pharrmci,0,1,1,1.0
luth,0,1,1,1.0
mnk,1,0,1,0.0
puibo,0,1,1,1.0
natomiast,1,0,1,0.0
windmilldavi,1,0,1,0.0
verstrichen,0,1,1,1.0
programbi,0,1,1,1.0
acib,0,1,1,1.0
treethought,0,1,1,1.0
fonafa,0,1,1,1.0
uahlegnq,0,1,1,1.0
huzbgkp,0,1,1,1.0
médica,0,1,1,1.0
mausser,1,0,1,0.0
orign,1,0,1,0.0
sqkzvn,0,1,1,1.0
loknq,0,1,1,1.0
transdérmica,0,1,1,1.0
avistaenergi,1,0,1,0.0
pomegranateemori,0,1,1,1.0
jantaylor,0,1,1,1.0
diamtech,1,0,1,0.0
mogelijkheid,0,1,1,1.0
deel,0,1,1,1.0
lfie,0,1,1,1.0
fourtheen,0,1,1,1.0
ewdn,0,1,1,1.0
sallsgraham,1,0,1,0.0
leicht,0,1,1,1.0
onlineaccess,0,1,1,1.0
xdfyr,0,1,1,1.0
geffreyskylar,0,1,1,1.0
nytpejieu,0,1,1,1.0
chignonmi,0,1,1,1.0
tkhip,0,1,1,1.0
flajdn,0,1,1,1.0
ckwater,0,1,1,1.0
casno,0,1,1,1.0
giftwar,0,1,1,1.0
fkpqht,0,1,1,1.0
ruíz,0,1,1,1.0
savitha,1,0,1,0.0
rlahnh,0,1,1,1.0
mnz,0,1,1,1.0
etinm,0,1,1,1.0
hwl,0,1,1,1.0
uivrd,0,1,1,1.0
fitt,1,0,1,0.0
tppykip,0,1,1,1.0
craterfun,0,1,1,1.0
sfv,0,1,1,1.0
uji,0,1,1,1.0
ljhif,0,1,1,1.0
jonis,0,1,1,1.0
isalso,0,1,1,1.0
typkt,0,1,1,1.0
pandadenni,0,1,1,1.0
dritt,0,1,1,1.0
irshad,1,0,1,0.0
celphon,0,1,1,1.0
enslav,0,1,1,1.0
yzecrdym,0,1,1,1.0
gvttbdzdd,0,1,1,1.0
yqjqz,0,1,1,1.0
fic,0,1,1,1.0
fabricada,0,1,1,1.0
definitief,0,1,1,1.0
tlkkgn,0,1,1,1.0
rjxtarbbw,0,1,1,1.0
patagium,0,1,1,1.0
atsnyq,0,1,1,1.0
arokliy,0,1,1,1.0
nddd,0,1,1,1.0
unprecend,0,1,1,1.0
prescriptionhagain,0,1,1,1.0
purcthas,0,1,1,1.0
datesym,0,1,1,1.0
hhhhurt,0,1,1,1.0
clientescomo,0,1,1,1.0
rosso,0,1,1,1.0
hskx,0,1,1,1.0
worldh,0,1,1,1.0
kolega,1,0,1,0.0
oojz,0,1,1,1.0
zwzqj,0,1,1,1.0
terwijl,0,1,1,1.0
pmjo,0,1,1,1.0
ojxcuv,0,1,1,1.0
hypoeutect,0,1,1,1.0
gxiqlkcnl,0,1,1,1.0
effh,0,1,1,1.0
podhomicid,0,1,1,1.0
arcelia,0,1,1,1.0
contractualfoy,0,1,1,1.0
sheee,0,1,1,1.0
fqzgl,0,1,1,1.0
bydxc,0,1,1,1.0
vfknwq,0,1,1,1.0
liana,0,1,1,1.0
wkaolin,0,1,1,1.0
inhum,0,1,1,1.0
rexian,0,1,1,1.0
towrd,1,0,1,0.0
kfdbdw,0,1,1,1.0
bvaip,0,1,1,1.0
gandhsj,1,0,1,0.0
cizi,0,1,1,1.0
cljqakceick,0,1,1,1.0
infowin,0,1,1,1.0
tjuxf,0,1,1,1.0
vaektysi,0,1,1,1.0
maro,1,0,1,0.0
warrick,1,0,1,0.0
valhallahellol,0,1,1,1.0
kqsfhfi,0,1,1,1.0
wellspoken,0,1,1,1.0
trulyworldwid,0,1,1,1.0
booyaka,0,1,1,1.0
knexy,0,1,1,1.0
swouul,0,1,1,1.0
brplagu,0,1,1,1.0
tnwci,0,1,1,1.0
signorina,0,1,1,1.0
sveta,0,1,1,1.0
allgemeinverstndlich,0,1,1,1.0
rebqjlu,0,1,1,1.0
cushit,0,1,1,1.0
serviceprovid,0,1,1,1.0
viewmast,0,1,1,1.0
cutbackitem,0,1,1,1.0
ygsiquk,0,1,1,1.0
geciniz,0,1,1,1.0
ryvnoorp,0,1,1,1.0
srvlvmi,0,1,1,1.0
wpakt,0,1,1,1.0
lmlhwgnine,0,1,1,1.0
xiroshishequ,0,1,1,1.0
deiform,0,1,1,1.0
ceiba,0,1,1,1.0
nouvel,0,1,1,1.0
unrevok,0,1,1,1.0
wnuzob,0,1,1,1.0
investorsthi,0,1,1,1.0
gldz,0,1,1,1.0
ycswlmb,0,1,1,1.0
oyeyvz,0,1,1,1.0
ebslt,0,1,1,1.0
whz,0,1,1,1.0
sqeirh,0,1,1,1.0
srfh,0,1,1,1.0
kesl,0,1,1,1.0
opmjpv,0,1,1,1.0
pallazzi,1,0,1,0.0
glenshaw,1,0,1,0.0
khmwtdo,0,1,1,1.0
boostbusi,0,1,1,1.0
uxejcmcebh,0,1,1,1.0
rkxpngzm,0,1,1,1.0
biaxin,0,1,1,1.0
madamesmerrick,0,1,1,1.0
overplay,1,0,1,0.0
tnp,1,0,1,0.0
xaaaaaaanax,0,1,1,1.0
aiwkd,0,1,1,1.0
rgmhjw,0,1,1,1.0
gondoli,0,1,1,1.0
eagellotto,0,1,1,1.0
ntkodlnvjlhwx,0,1,1,1.0
frrerro,0,1,1,1.0
retrain,0,1,1,1.0
fellett,1,0,1,0.0
ovc,0,1,1,1.0
intelsat,0,1,1,1.0
afonp,0,1,1,1.0
woul,0,1,1,1.0
traductor,0,1,1,1.0
suzanna,1,0,1,0.0
ljegana,1,0,1,0.0
cambridgeshir,0,1,1,1.0
vmendan,1,0,1,0.0
advanstar,1,0,1,0.0
morten,1,0,1,0.0
lorvazepahm,0,1,1,1.0
sincerer,0,1,1,1.0
bki,0,1,1,1.0
filt,0,1,1,1.0
fundan,1,0,1,0.0
exxchang,0,1,1,1.0
bmed,0,1,1,1.0
fukker,0,1,1,1.0
brunetti,1,0,1,0.0
ptdownload,0,1,1,1.0
conseguia,0,1,1,1.0
bluetoothheadset,0,1,1,1.0
cayxkjt,0,1,1,1.0
gekmmert,0,1,1,1.0
aggregag,1,0,1,0.0
recidiva,0,1,1,1.0
onspznw,0,1,1,1.0
ttiiq,0,1,1,1.0
miejsca,1,0,1,0.0
bmtrie,0,1,1,1.0
bakerbott,1,0,1,0.0
zcaufrzpb,0,1,1,1.0
msjgnkrlf,0,1,1,1.0
patibenson,0,1,1,1.0
iihbxop,0,1,1,1.0
tgdyu,0,1,1,1.0
macmurray,0,1,1,1.0
brolli,0,1,1,1.0
matrícula,0,1,1,1.0
ibfackbbhszer,0,1,1,1.0
chegando,0,1,1,1.0
nneoptisliolcb,0,1,1,1.0
umzkwd,0,1,1,1.0
surpress,1,0,1,0.0
cpro,0,1,1,1.0
lnflate,0,1,1,1.0
uwsinpvg,0,1,1,1.0
enfranchis,0,1,1,1.0
shahegishik,0,1,1,1.0
offiziellen,0,1,1,1.0
bluejacketwealth,0,1,1,1.0
pstrongfont,0,1,1,1.0
soooooo,0,1,1,1.0
precisar,0,1,1,1.0
kna,0,1,1,1.0
djwi,1,0,1,0.0
wahanwati,1,0,1,0.0
fratricid,0,1,1,1.0
finmathmail,1,0,1,0.0
lucif,0,1,1,1.0
milledmitig,0,1,1,1.0
nced,0,1,1,1.0
marlmerlmarvmex,0,1,1,1.0
hardestvideo,0,1,1,1.0
ifnpi,0,1,1,1.0
uyogp,0,1,1,1.0
duzento,0,1,1,1.0
reta,0,1,1,1.0
alg,0,1,1,1.0
eurl,0,1,1,1.0
idbgsu,0,1,1,1.0
mancebo,1,0,1,0.0
ccess,0,1,1,1.0
gnager,0,1,1,1.0
lejsbijcan,0,1,1,1.0
valsabbina,1,0,1,0.0
pnrdoqu,0,1,1,1.0
vasan,1,0,1,0.0
uevez,0,1,1,1.0
ozx,0,1,1,1.0
quickali,0,1,1,1.0
irxoy,0,1,1,1.0
aeronav,0,1,1,1.0
worthlessnbsp,0,1,1,1.0
newsnoth,0,1,1,1.0
viriam,0,1,1,1.0
crantexl,0,1,1,1.0
datacontentsl,1,0,1,0.0
bettergitit,0,1,1,1.0
dfzaot,0,1,1,1.0
ourfouri,0,1,1,1.0
beenattempt,0,1,1,1.0
lyklsg,0,1,1,1.0
uywuffb,0,1,1,1.0
xqb,0,1,1,1.0
stevenhowel,0,1,1,1.0
tyxdc,0,1,1,1.0
filadelfii,1,0,1,0.0
potement,0,1,1,1.0
ucvrh,0,1,1,1.0
singularli,0,1,1,1.0
asvmsk,0,1,1,1.0
rjvehsm,0,1,1,1.0
palomo,1,0,1,0.0
viyai,0,1,1,1.0
onmwukod,0,1,1,1.0
letfu,0,1,1,1.0
olol,0,1,1,1.0
wlr,0,1,1,1.0
ydyra,0,1,1,1.0
emkxfxyzop,0,1,1,1.0
mortgzaskg,0,1,1,1.0
petka,0,1,1,1.0
gekend,0,1,1,1.0
zxvxkalza,0,1,1,1.0
calivantag,0,1,1,1.0
witthperform,0,1,1,1.0
manso,0,1,1,1.0
datest,0,1,1,1.0
wfhich,0,1,1,1.0
compactflash,0,1,1,1.0
gabe,1,0,1,0.0
wilona,0,1,1,1.0
rambin,1,0,1,0.0
stoupi,1,0,1,0.0
vstersund,0,1,1,1.0
whiplashphenol,0,1,1,1.0
artier,0,1,1,1.0
ppwz,0,1,1,1.0
ttessr,0,1,1,1.0
oxer,0,1,1,1.0
vigoralfor,0,1,1,1.0
knppki,0,1,1,1.0
pjfuhaq,0,1,1,1.0
ashai,0,1,1,1.0
lfw,1,0,1,0.0
alek,1,0,1,0.0
canadianpharmaci,0,1,1,1.0
disobedi,0,1,1,1.0
treveal,0,1,1,1.0
mvdpl,0,1,1,1.0
newsletterscaptur,0,1,1,1.0
ausgelegt,0,1,1,1.0
xprtung,1,0,1,0.0
nho,0,1,1,1.0
buzzybotfli,0,1,1,1.0
julgamento,0,1,1,1.0
loepyjaczhzsz,0,1,1,1.0
lexpress,0,1,1,1.0
jxvtormpviqx,0,1,1,1.0
journ,0,1,1,1.0
sasabihin,0,1,1,1.0
dryknga,0,1,1,1.0
refugio,1,0,1,0.0
serviic,0,1,1,1.0
voluntarismpois,0,1,1,1.0
magazinemast,0,1,1,1.0
csyhj,0,1,1,1.0
ntphmhz,0,1,1,1.0
arkh,0,1,1,1.0
qtnufi,0,1,1,1.0
gingerli,1,0,1,0.0
woodgrain,0,1,1,1.0
campanhã,0,1,1,1.0
pharmecut,0,1,1,1.0
nnedic,0,1,1,1.0
coxbihq,0,1,1,1.0
happenithen,0,1,1,1.0
bgh,0,1,1,1.0
accsept,0,1,1,1.0
iswcdd,0,1,1,1.0
zlozq,0,1,1,1.0
prompti,1,0,1,0.0
cornvesationalist,0,1,1,1.0
rrtgage,0,1,1,1.0
caseworkcould,0,1,1,1.0
starl,0,1,1,1.0
mackbrown,1,0,1,0.0
pudsekz,0,1,1,1.0
tongtong,0,1,1,1.0
negrohead,0,1,1,1.0
fso,1,0,1,0.0
splitof,0,1,1,1.0
novelstringi,0,1,1,1.0
nhatfrbi,0,1,1,1.0
omnio,0,1,1,1.0
qfku,0,1,1,1.0
shotokan,0,1,1,1.0
penetracion,0,1,1,1.0
elizabethkabil,0,1,1,1.0
jfolisr,0,1,1,1.0
gdtkv,0,1,1,1.0
maxprofit,0,1,1,1.0
rltxq,0,1,1,1.0
suempresa,0,1,1,1.0
cleptomania,0,1,1,1.0
shsyx,0,1,1,1.0
toilos,0,1,1,1.0
extrasoft,0,1,1,1.0
fbw,0,1,1,1.0
uiho,0,1,1,1.0
hirschman,1,0,1,0.0
wheelerdh,0,1,1,1.0
careforr,0,1,1,1.0
jwmexl,0,1,1,1.0
polonaisefrail,0,1,1,1.0
francina,0,1,1,1.0
troykey,1,0,1,0.0
enquanto,0,1,1,1.0
nanv,0,1,1,1.0
mcdowelllabel,1,0,1,0.0
hrdnu,0,1,1,1.0
ivnvntt,0,1,1,1.0
cgbdlpmc,0,1,1,1.0
irakleion,1,0,1,0.0
wmwi,0,1,1,1.0
subdiaconatoo,0,1,1,1.0
interlop,1,0,1,0.0
ebaughm,1,0,1,0.0
rkyhrrcst,0,1,1,1.0
farzad,1,0,1,0.0
wwaededbd,0,1,1,1.0
ppwpqwq,0,1,1,1.0
anglerx,0,1,1,1.0
apvgplic,0,1,1,1.0
zdl,0,1,1,1.0
cagsh,0,1,1,1.0
pmpwykgo,0,1,1,1.0
rosan,1,0,1,0.0
benkley,1,0,1,0.0
carolinianmetamorphos,0,1,1,1.0
rone,0,1,1,1.0
hmrqgmfh,0,1,1,1.0
namdaemun,0,1,1,1.0
otambin,0,1,1,1.0
mittanck,1,0,1,0.0
qgncmtflpngnodveuomgyo,0,1,1,1.0
mauck,0,1,1,1.0
leklqrisjg,0,1,1,1.0
kwpayd,0,1,1,1.0
rlamkin,1,0,1,0.0
desamparado,0,1,1,1.0
ymvwn,0,1,1,1.0
pcfpui,0,1,1,1.0
czwartku,1,0,1,0.0
kiphowt,0,1,1,1.0
americanlesbianparti,0,1,1,1.0
iwantoffthisrid,0,1,1,1.0
xutuk,0,1,1,1.0
ionel,1,0,1,0.0
patinacheryl,0,1,1,1.0
udqiv,0,1,1,1.0
overnam,0,1,1,1.0
nundov,0,1,1,1.0
wxiugwf,0,1,1,1.0
piebald,0,1,1,1.0
ampliado,0,1,1,1.0
familialbe,0,1,1,1.0
tyakovlev,0,1,1,1.0
leyó,0,1,1,1.0
yvcbkprnc,0,1,1,1.0
listpric,0,1,1,1.0
rcjb,0,1,1,1.0
zadarozhni,1,0,1,0.0
itwwinrk,1,0,1,0.0
bemühen,0,1,1,1.0
yoyhz,0,1,1,1.0
só,0,1,1,1.0
alyreadi,0,1,1,1.0
fkfr,0,1,1,1.0
zuwyyx,0,1,1,1.0
profir,1,0,1,0.0
requieran,0,1,1,1.0
cenpool,1,0,1,0.0
sfz,0,1,1,1.0
gianonn,1,0,1,0.0
vmnlpum,0,1,1,1.0
estesfinanci,1,0,1,0.0
reluctantinfam,0,1,1,1.0
provzac,0,1,1,1.0
gmlz,1,0,1,0.0
bacterialcarl,0,1,1,1.0
varadi,0,1,1,1.0
fehlend,0,1,1,1.0
preventrailhead,0,1,1,1.0
resorcinol,0,1,1,1.0
edisnori,0,1,1,1.0
nvlij,0,1,1,1.0
dreei,0,1,1,1.0
oociiaakb,0,1,1,1.0
obstrução,0,1,1,1.0
anexo,0,1,1,1.0
tlargent,0,1,1,1.0
dstereoblastula,0,1,1,1.0
lpnt,1,0,1,0.0
aplac,0,1,1,1.0
arehappi,0,1,1,1.0
gvol,0,1,1,1.0
pleaseent,0,1,1,1.0
womenn,0,1,1,1.0
baswket,0,1,1,1.0
bladdusaw,1,0,1,0.0
housem,0,1,1,1.0
apophant,0,1,1,1.0
tuneloc,1,0,1,0.0
apd,0,1,1,1.0
xdzei,0,1,1,1.0
fontbrget,0,1,1,1.0
carolan,1,0,1,0.0
reedadenosin,0,1,1,1.0
zanardi,0,1,1,1.0
netcolit,1,0,1,0.0
äáèáê,0,1,1,1.0
besglrbiu,0,1,1,1.0
hwdzm,0,1,1,1.0
pellegrino,0,1,1,1.0
vardenafil,0,1,1,1.0
teachchink,0,1,1,1.0
zqfehfb,0,1,1,1.0
ritchey,1,0,1,0.0
tnimsbdrn,0,1,1,1.0
rgnyoy,0,1,1,1.0
xzxahhjej,0,1,1,1.0
seebut,0,1,1,1.0
ijyd,0,1,1,1.0
yvqu,0,1,1,1.0
ipgig,0,1,1,1.0
vyyuh,0,1,1,1.0
hydroxyljohanson,0,1,1,1.0
magnumsecurityo,0,1,1,1.0
fontgmous,0,1,1,1.0
artificiosum,0,1,1,1.0
eaaou,0,1,1,1.0
ueyxnepa,0,1,1,1.0
unremedi,0,1,1,1.0
lkbi,0,1,1,1.0
dbp,0,1,1,1.0
qgjro,0,1,1,1.0
hilum,0,1,1,1.0
peyouar,0,1,1,1.0
gjkmkofk,0,1,1,1.0
hledjolf,0,1,1,1.0
stinglmortim,0,1,1,1.0
sbyskqmhr,0,1,1,1.0
dpztxmwg,0,1,1,1.0
tburn,0,1,1,1.0
cgarci,1,0,1,0.0
bekannt,0,1,1,1.0
bfnwt,0,1,1,1.0
xpzmmhmo,0,1,1,1.0
walljasp,0,1,1,1.0
idkkih,0,1,1,1.0
whywhi,0,1,1,1.0
hereditarysong,0,1,1,1.0
similarili,1,0,1,0.0
officialfakerolex,0,1,1,1.0
sktdswr,0,1,1,1.0
üë,0,1,1,1.0
vaart,0,1,1,1.0
beurgler,1,0,1,0.0
remodelacion,0,1,1,1.0
compromisso,0,1,1,1.0
uzzl,1,0,1,0.0
kchow,1,0,1,0.0
fcrien,0,1,1,1.0
sedentari,0,1,1,1.0
enerygi,1,0,1,0.0
politicstattoo,0,1,1,1.0
tenement,0,1,1,1.0
atherman,0,1,1,1.0
nagemizhehesai,0,1,1,1.0
conmutador,0,1,1,1.0
noncompli,1,0,1,0.0
ãâåðàíõâ,0,1,1,1.0
convenientlythen,0,1,1,1.0
klauer,1,0,1,0.0
angila,0,1,1,1.0
dcf,1,0,1,0.0
bzkswk,0,1,1,1.0
dietplan,0,1,1,1.0
hdimuqat,0,1,1,1.0
transacton,0,1,1,1.0
iprqbi,0,1,1,1.0
xunt,0,1,1,1.0
profounduseritem,0,1,1,1.0
jatasc,0,1,1,1.0
eyhpyjwgq,0,1,1,1.0
phaermaci,0,1,1,1.0
ourfourth,0,1,1,1.0
artfffffdk,0,1,1,1.0
storyfont,0,1,1,1.0
gewgaw,0,1,1,1.0
zck,0,1,1,1.0
wbt,0,1,1,1.0
rele,0,1,1,1.0
uneinglost,0,1,1,1.0
buj,0,1,1,1.0
adplaw,1,0,1,0.0
dumper,1,0,1,0.0
jqjbh,0,1,1,1.0
tkytwpmtx,0,1,1,1.0
dvzji,0,1,1,1.0
trpreuftx,0,1,1,1.0
securw,0,1,1,1.0
zgi,0,1,1,1.0
yhj,0,1,1,1.0
epifb,0,1,1,1.0
insightfulcarcass,0,1,1,1.0
opportuni,1,0,1,0.0
ellow,0,1,1,1.0
peoplemag,1,0,1,0.0
ramseygamecock,0,1,1,1.0
winworldwid,0,1,1,1.0
peol,1,0,1,0.0
ajaia,0,1,1,1.0
tokina,0,1,1,1.0
mudg,1,0,1,0.0
vkv,0,1,1,1.0
calr,1,0,1,0.0
custum,0,1,1,1.0
azvml,0,1,1,1.0
sjr,0,1,1,1.0
wchloramin,0,1,1,1.0
atouz,0,1,1,1.0
ksqskxq,0,1,1,1.0
sft,0,1,1,1.0
gemt,0,1,1,1.0
paydown,1,0,1,0.0
wilhemina,0,1,1,1.0
hislal,0,1,1,1.0
missana,1,0,1,0.0
pristinedecor,0,1,1,1.0
numba,0,1,1,1.0
nclgz,0,1,1,1.0
gvgw,0,1,1,1.0
nvu,0,1,1,1.0
meddicat,0,1,1,1.0
waaahhhh,0,1,1,1.0
xbpvo,0,1,1,1.0
ndice,0,1,1,1.0
dhgdgb,0,1,1,1.0
yeyjswx,0,1,1,1.0
macki,1,0,1,0.0
southernera,0,1,1,1.0
dkelli,1,0,1,0.0
curranc,1,0,1,0.0
qkvjdlxiu,0,1,1,1.0
tomasz,1,0,1,0.0
utxeiandmncafn,0,1,1,1.0
pulsando,0,1,1,1.0
dfude,0,1,1,1.0
nswxudsykbmv,0,1,1,1.0
stenson,1,0,1,0.0
stronglook,0,1,1,1.0
giggff,0,1,1,1.0
almortgagesourc,0,1,1,1.0
dragbordello,0,1,1,1.0
japaneas,1,0,1,0.0
áá,0,1,1,1.0
zbjccc,0,1,1,1.0
fewanybodi,0,1,1,1.0
seleco,0,1,1,1.0
zijzsyy,0,1,1,1.0
nutcrackermarket,1,0,1,0.0
polopir,0,1,1,1.0
invewstor,0,1,1,1.0
comercializadora,1,0,1,0.0
taik,0,1,1,1.0
hylob,0,1,1,1.0
intervalo,0,1,1,1.0
metromedia,1,0,1,0.0
ciudadanía,0,1,1,1.0
hairlossdung,0,1,1,1.0
kgkqn,0,1,1,1.0
espresso,1,0,1,0.0
arerequir,0,1,1,1.0
platengeneviev,0,1,1,1.0
racquetbal,1,0,1,0.0
qpag,0,1,1,1.0
zimmermann,0,1,1,1.0
phbnutfx,0,1,1,1.0
sabdomen,0,1,1,1.0
kwzwqgb,0,1,1,1.0
andlz,0,1,1,1.0
aducu,0,1,1,1.0
schwach,0,1,1,1.0
xzellxo,0,1,1,1.0
leaderfriend,0,1,1,1.0
kmtcnl,0,1,1,1.0
vbwbdx,0,1,1,1.0
tarvel,0,1,1,1.0
mzupfokj,0,1,1,1.0
turanian,0,1,1,1.0
edito,1,0,1,0.0
iseal,0,1,1,1.0
emntaer,0,1,1,1.0
ztletgfk,0,1,1,1.0
habitantsop,0,1,1,1.0
wilsonilkj,0,1,1,1.0
cremmel,1,0,1,0.0
latrisha,1,0,1,0.0
wbfqhwm,0,1,1,1.0
ukxqnookm,0,1,1,1.0
bookmidrang,0,1,1,1.0
hurr,1,0,1,0.0
jksriwhgz,0,1,1,1.0
twmarket,1,0,1,0.0
halocarbon,0,1,1,1.0
zzx,0,1,1,1.0
siwit,0,1,1,1.0
pheftggkl,0,1,1,1.0
dwatt,0,1,1,1.0
birdseedbundi,0,1,1,1.0
skjieqikx,0,1,1,1.0
ioenluion,0,1,1,1.0
exchaang,0,1,1,1.0
housewifeyour,0,1,1,1.0
socialit,0,1,1,1.0
uxlwc,0,1,1,1.0
tkmkgjiub,0,1,1,1.0
sphentermin,0,1,1,1.0
cnorton,1,0,1,0.0
wohr,0,1,1,1.0
strikesweeptak,0,1,1,1.0
ijsijhsxg,0,1,1,1.0
aqoj,0,1,1,1.0
tofind,0,1,1,1.0
firn,0,1,1,1.0
erklaren,0,1,1,1.0
izonclud,0,1,1,1.0
cssa,0,1,1,1.0
sowhentheywil,0,1,1,1.0
sudlz,0,1,1,1.0
qgd,0,1,1,1.0
jmmcarthur,1,0,1,0.0
mrculp,1,0,1,0.0
lenarduzzi,0,1,1,1.0
maksimov,1,0,1,0.0
hie,0,1,1,1.0
ihla,0,1,1,1.0
negara,0,1,1,1.0
ekz,0,1,1,1.0
departmentamazon,0,1,1,1.0
azi,0,1,1,1.0
planetperci,0,1,1,1.0
marcuslight,0,1,1,1.0
kniawvia,0,1,1,1.0
majjor,0,1,1,1.0
entern,0,1,1,1.0
combinationofjoy,0,1,1,1.0
cialij,0,1,1,1.0
genur,0,1,1,1.0
russeth,1,0,1,0.0
rhtjk,0,1,1,1.0
rbat,0,1,1,1.0
ujsef,0,1,1,1.0
cattlebreed,0,1,1,1.0
geschaftsleut,0,1,1,1.0
enticesequ,0,1,1,1.0
geochemica,0,1,1,1.0
prescrpton,0,1,1,1.0
fqgvdn,0,1,1,1.0
relex,0,1,1,1.0
suffrng,0,1,1,1.0
ejaccul,0,1,1,1.0
lvtfkj,0,1,1,1.0
troger,1,0,1,0.0
eurpow,1,0,1,0.0
emerylau,0,1,1,1.0
warrenc,0,1,1,1.0
lrhrfw,0,1,1,1.0
otgpr,0,1,1,1.0
colloqmighti,0,1,1,1.0
hnpehqd,0,1,1,1.0
everth,1,0,1,0.0
exactament,0,1,1,1.0
compreso,0,1,1,1.0
natashawww,0,1,1,1.0
zbila,0,1,1,1.0
ikwzr,0,1,1,1.0
goh,1,0,1,0.0
opevn,0,1,1,1.0
babbitri,0,1,1,1.0
ijf,0,1,1,1.0
caminando,0,1,1,1.0
mejoría,0,1,1,1.0
reactantsurrey,0,1,1,1.0
ssreera,1,0,1,0.0
jeganathan,1,0,1,0.0
czytaj,1,0,1,0.0
rpnew,1,0,1,0.0
rancilio,0,1,1,1.0
alston,0,1,1,1.0
fmfc,0,1,1,1.0
midd,1,0,1,0.0
nfld,1,0,1,0.0
écrivon,0,1,1,1.0
mrq,0,1,1,1.0
tyne,0,1,1,1.0
inow,0,1,1,1.0
kung,0,1,1,1.0
qlmvx,0,1,1,1.0
amdebamylhniekst,0,1,1,1.0
solenoidhamburg,0,1,1,1.0
stirbt,0,1,1,1.0
iisu,1,0,1,0.0
plasmatv,0,1,1,1.0
pokloc,1,0,1,0.0
cmicsa,1,0,1,0.0
iahrlhj,0,1,1,1.0
rleneo,0,1,1,1.0
qkhj,0,1,1,1.0
babcockcapitolin,0,1,1,1.0
civican,0,1,1,1.0
getfre,0,1,1,1.0
jrztg,0,1,1,1.0
variar,0,1,1,1.0
poleax,0,1,1,1.0
disalbppgokint,0,1,1,1.0
estutenwsl,1,0,1,0.0
phobo,0,1,1,1.0
rucker,0,1,1,1.0
mornmouth,0,1,1,1.0
emogen,0,1,1,1.0
backorderchicano,0,1,1,1.0
snb,0,1,1,1.0
iarpuqcuvbv,0,1,1,1.0
jfynha,0,1,1,1.0
mrn,0,1,1,1.0
etyuir,0,1,1,1.0
invtererst,0,1,1,1.0
vollmacht,0,1,1,1.0
hatfieldtupelo,0,1,1,1.0
penniless,0,1,1,1.0
pclient,1,0,1,0.0
stoft,1,0,1,0.0
developmenthttp,0,1,1,1.0
fbflizshx,0,1,1,1.0
vhljbncmccili,0,1,1,1.0
turkic,0,1,1,1.0
amxnal,0,1,1,1.0
unendur,0,1,1,1.0
xmiq,0,1,1,1.0
starsleekgreat,0,1,1,1.0
ywpaosz,0,1,1,1.0
inlist,0,1,1,1.0
uxvfg,0,1,1,1.0
bvp,0,1,1,1.0
pannier,0,1,1,1.0
cseipl,1,0,1,0.0
pttel,0,1,1,1.0
jiaojiang,0,1,1,1.0
tvyex,0,1,1,1.0
hoofer,0,1,1,1.0
incnh,0,1,1,1.0
djn,1,0,1,0.0
dostac,1,0,1,0.0
fpyjx,0,1,1,1.0
ezlbo,0,1,1,1.0
feisti,0,1,1,1.0
mfswsa,0,1,1,1.0
uev,0,1,1,1.0
rulxn,0,1,1,1.0
breber,1,0,1,0.0
midtx,1,0,1,0.0
needto,0,1,1,1.0
freewheelwalgreen,0,1,1,1.0
ddhi,0,1,1,1.0
pgst,0,1,1,1.0
twqqf,0,1,1,1.0
tercer,0,1,1,1.0
lympjjcc,0,1,1,1.0
mdo,0,1,1,1.0
woodr,0,1,1,1.0
zfmuhlpnorton,0,1,1,1.0
njqgwoi,0,1,1,1.0
bootsracerx,0,1,1,1.0
sellsecur,0,1,1,1.0
nimitz,0,1,1,1.0
emailts,0,1,1,1.0
qgyy,0,1,1,1.0
cmidura,1,0,1,0.0
hugeghettodick,0,1,1,1.0
pyosw,0,1,1,1.0
waymon,1,0,1,0.0
readyyet,0,1,1,1.0
irolmubb,0,1,1,1.0
jhfxe,0,1,1,1.0
mimcwa,0,1,1,1.0
lyulev,0,1,1,1.0
vygjjmtcvqo,0,1,1,1.0
carryn,1,0,1,0.0
ferris,0,1,1,1.0
solanum,0,1,1,1.0
jpfjqi,0,1,1,1.0
tykyq,0,1,1,1.0
nhudmidhzxztxl,0,1,1,1.0
agonist,0,1,1,1.0
prolfval,0,1,1,1.0
pkifwb,0,1,1,1.0
entrechat,0,1,1,1.0
anxietyitem,0,1,1,1.0
gesprächswunsch,0,1,1,1.0
sevcik,1,0,1,0.0
verstrek,0,1,1,1.0
bresenham,0,1,1,1.0
fairchildpub,1,0,1,0.0
xatbvmqjonqrleul,0,1,1,1.0
renouf,1,0,1,0.0
pggstqltv,0,1,1,1.0
behealthynow,0,1,1,1.0
banait,1,0,1,0.0
feeeeed,0,1,1,1.0
jxwyvm,0,1,1,1.0
weichert,1,0,1,0.0
dgobbledygook,0,1,1,1.0
xhovesq,0,1,1,1.0
ohud,0,1,1,1.0
rttyd,0,1,1,1.0
amriqu,0,1,1,1.0
qquqnbc,0,1,1,1.0
mjackso,1,0,1,0.0
borrado,0,1,1,1.0
vpk,0,1,1,1.0
cinclant,0,1,1,1.0
udig,0,1,1,1.0
fegowt,0,1,1,1.0
kustok,0,1,1,1.0
wgp,1,0,1,0.0
ausgab,0,1,1,1.0
yfzaz,0,1,1,1.0
promotejb,0,1,1,1.0
ghill,1,0,1,0.0
nwwvstock,0,1,1,1.0
feefor,0,1,1,1.0
kdnugget,0,1,1,1.0
spanfont,0,1,1,1.0
xhsz,0,1,1,1.0
loitynsw,0,1,1,1.0
escaidero,0,1,1,1.0
scarburetor,0,1,1,1.0
qmcspuqcujjoh,0,1,1,1.0
vkcbh,0,1,1,1.0
xzt,0,1,1,1.0
bjlbdm,0,1,1,1.0
financiación,0,1,1,1.0
jrcoastal,1,0,1,0.0
ethandeposit,0,1,1,1.0
realenigm,0,1,1,1.0
brampton,0,1,1,1.0
mmou,1,0,1,0.0
complext,0,1,1,1.0
defendantgreeneri,0,1,1,1.0
jxwl,0,1,1,1.0
civilspoken,0,1,1,1.0
lopzzz,0,1,1,1.0
estsel,0,1,1,1.0
cwegth,0,1,1,1.0
cntepx,0,1,1,1.0
dixsbf,0,1,1,1.0
gwalior,0,1,1,1.0
wwrmso,1,0,1,0.0
mzsocmramov,0,1,1,1.0
blench,0,1,1,1.0
lawl,1,0,1,0.0
marketingpromot,0,1,1,1.0
klpacrkuqaofqa,0,1,1,1.0
gacb,0,1,1,1.0
intéressé,0,1,1,1.0
lorcet,0,1,1,1.0
amortpunk,0,1,1,1.0
ultrafast,0,1,1,1.0
crandon,1,0,1,0.0
believei,0,1,1,1.0
tropopaus,0,1,1,1.0
nimpla,0,1,1,1.0
tmmpd,0,1,1,1.0
mraywm,0,1,1,1.0
oaln,0,1,1,1.0
disponivel,0,1,1,1.0
restaurnat,1,0,1,0.0
lspo,0,1,1,1.0
nvo,0,1,1,1.0
cockalorum,0,1,1,1.0
cmodem,0,1,1,1.0
hxrlporm,0,1,1,1.0
hvh,0,1,1,1.0
aquit,0,1,1,1.0
comprado,0,1,1,1.0
redw,0,1,1,1.0
bìrth,0,1,1,1.0
nbrown,1,0,1,0.0
cfredijnt,0,1,1,1.0
arcadeleopard,0,1,1,1.0
yome,0,1,1,1.0
lck,0,1,1,1.0
construir,0,1,1,1.0
hgntd,0,1,1,1.0
twcapo,1,0,1,0.0
xuhrhzmic,0,1,1,1.0
lari,0,1,1,1.0
securita,0,1,1,1.0
managerbr,0,1,1,1.0
wforodzrc,0,1,1,1.0
dusput,1,0,1,0.0
drgwn,0,1,1,1.0
nosepiec,0,1,1,1.0
mbbaxvbcg,0,1,1,1.0
barenak,0,1,1,1.0
dqiuqckwh,0,1,1,1.0
bkdgdccr,0,1,1,1.0
alana,0,1,1,1.0
katydurham,0,1,1,1.0
alternatingli,0,1,1,1.0
webproductpack,0,1,1,1.0
yask,0,1,1,1.0
yzg,0,1,1,1.0
njmlqxbx,0,1,1,1.0
fortbildung,0,1,1,1.0
jptclbh,0,1,1,1.0
giftlist,0,1,1,1.0
tkwaqkjp,0,1,1,1.0
geïnformeerd,0,1,1,1.0
appetitetrillionth,0,1,1,1.0
nickmantra,0,1,1,1.0
gravar,0,1,1,1.0
cmlappl,0,1,1,1.0
drect,0,1,1,1.0
mewuqu,0,1,1,1.0
worml,1,0,1,0.0
reciclando,0,1,1,1.0
evangelist,0,1,1,1.0
askanas,1,0,1,0.0
zjbsqsiu,0,1,1,1.0
okolo,1,0,1,0.0
fogows,0,1,1,1.0
futureof,0,1,1,1.0
eindoven,0,1,1,1.0
heightworldwid,0,1,1,1.0
fznsvnma,0,1,1,1.0
mpo,0,1,1,1.0
swire,0,1,1,1.0
dayfrom,0,1,1,1.0
bjgiwisrwa,0,1,1,1.0
lmjl,1,0,1,0.0
sunbirdprometh,0,1,1,1.0
qcmcnvtpi,0,1,1,1.0
getlqchll,0,1,1,1.0
welloh,0,1,1,1.0
roqbmkk,0,1,1,1.0
scind,0,1,1,1.0
practicion,1,0,1,0.0
gjknz,0,1,1,1.0
pueblonat,0,1,1,1.0
clasppin,0,1,1,1.0
iuqdrbfoz,0,1,1,1.0
hineslisp,0,1,1,1.0
plascencia,0,1,1,1.0
forgeinaud,0,1,1,1.0
opisnet,1,0,1,0.0
bassineterotica,0,1,1,1.0
yup,1,0,1,0.0
raristotl,0,1,1,1.0
delil,0,1,1,1.0
txtnppm,0,1,1,1.0
poof,1,0,1,0.0
serifonlin,0,1,1,1.0
fácilment,0,1,1,1.0
tenukc,0,1,1,1.0
finhancinq,0,1,1,1.0
wwolytil,0,1,1,1.0
hacehdk,0,1,1,1.0
vcsqcnqlhmwmtlv,0,1,1,1.0
majesticdrug,0,1,1,1.0
accompli,1,0,1,0.0
chrzpsrm,0,1,1,1.0
stundist,0,1,1,1.0
wesentlich,0,1,1,1.0
jlomzt,0,1,1,1.0
npmsgfsr,0,1,1,1.0
quitado,0,1,1,1.0
collinson,0,1,1,1.0
nomi,0,1,1,1.0
corpc,1,0,1,0.0
versicher,0,1,1,1.0
rajen,1,0,1,0.0
iuvz,0,1,1,1.0
jpamt,0,1,1,1.0
empl,1,0,1,0.0
maddest,0,1,1,1.0
heacoveri,0,1,1,1.0
ifei,0,1,1,1.0
eletrosttica,0,1,1,1.0
schmulbach,1,0,1,0.0
diseñado,0,1,1,1.0
greenbeck,0,1,1,1.0
xquwfco,0,1,1,1.0
vlo,0,1,1,1.0
wbedpostlshel,0,1,1,1.0
ykqkwkzkcvwulamw,0,1,1,1.0
phisic,0,1,1,1.0
cknantucket,1,0,1,0.0
lawmanridicul,0,1,1,1.0
inm,0,1,1,1.0
niztb,0,1,1,1.0
cruisedirect,0,1,1,1.0
rrikhg,0,1,1,1.0
tszlo,0,1,1,1.0
rbai,0,1,1,1.0
dtzg,0,1,1,1.0
prediai,0,1,1,1.0
approchez,0,1,1,1.0
garberd,1,0,1,0.0
å,0,1,1,1.0
kxuhof,0,1,1,1.0
cezfbiz,0,1,1,1.0
jyoluxvvvf,0,1,1,1.0
chivalryafford,0,1,1,1.0
therewhen,0,1,1,1.0
pybczlunoz,0,1,1,1.0
suvorov,1,0,1,0.0
landlock,1,0,1,0.0
foundout,0,1,1,1.0
emic,0,1,1,1.0
xbirx,0,1,1,1.0
uphfmxmfd,0,1,1,1.0
bexk,0,1,1,1.0
stata,1,0,1,0.0
pornno,0,1,1,1.0
urkrj,0,1,1,1.0
noby,0,1,1,1.0
qnuhjzgno,0,1,1,1.0
rexhomemak,0,1,1,1.0
tamina,0,1,1,1.0
xrh,0,1,1,1.0
diatribecotoneast,0,1,1,1.0
qyx,0,1,1,1.0
bkhlr,0,1,1,1.0
soldiersthey,0,1,1,1.0
larrylhappyday,0,1,1,1.0
vlfbxxi,0,1,1,1.0
genevra,0,1,1,1.0
unclewil,1,0,1,0.0
paulbooman,0,1,1,1.0
bullionl,1,0,1,0.0
rekkeaz,0,1,1,1.0
lcjigi,0,1,1,1.0
ogdvhluznd,0,1,1,1.0
lrmjq,0,1,1,1.0
abolen,0,1,1,1.0
fflex,0,1,1,1.0
rodrigez,0,1,1,1.0
connipt,0,1,1,1.0
sdtpjak,0,1,1,1.0
noori,0,1,1,1.0
availableworld,0,1,1,1.0
wtkuhqki,0,1,1,1.0
readersand,0,1,1,1.0
ocbnjji,0,1,1,1.0
unibas,0,1,1,1.0
repbublican,1,0,1,0.0
deployecumenist,0,1,1,1.0
connatr,0,1,1,1.0
sbzrrrzi,0,1,1,1.0
riaxb,0,1,1,1.0
uzptyq,0,1,1,1.0
rehash,1,0,1,0.0
phentrurmnin,0,1,1,1.0
peacebuponu,0,1,1,1.0
iszgim,0,1,1,1.0
jxgixkpnx,0,1,1,1.0
mclafferti,1,0,1,0.0
kbgygitd,0,1,1,1.0
zzi,0,1,1,1.0
respiratório,0,1,1,1.0
tuuuurn,0,1,1,1.0
cecej,0,1,1,1.0
mbianymgnpeil,0,1,1,1.0
wujir,0,1,1,1.0
ibadan,0,1,1,1.0
qujclti,0,1,1,1.0
fwright,1,0,1,0.0
bclauck,0,1,1,1.0
zipcatalogu,0,1,1,1.0
agcyytehi,0,1,1,1.0
cifycpvc,0,1,1,1.0
nkoywoepacore,0,1,1,1.0
uncontract,1,0,1,0.0
fjedq,0,1,1,1.0
exactl,1,0,1,0.0
tél,0,1,1,1.0
jorfwsuabnd,0,1,1,1.0
consumerservic,1,0,1,0.0
ofr,1,0,1,0.0
netguid,0,1,1,1.0
regulada,0,1,1,1.0
helpful,1,0,1,0.0
ngmiluytj,0,1,1,1.0
dpwrb,0,1,1,1.0
tcrow,0,1,1,1.0
inwood,1,0,1,0.0
tleaapb,0,1,1,1.0
helmbeck,0,1,1,1.0
blanker,0,1,1,1.0
kader,0,1,1,1.0
rqate,0,1,1,1.0
fblmranu,0,1,1,1.0
svzibyvv,0,1,1,1.0
cbcgmig,0,1,1,1.0
wkvrgk,0,1,1,1.0
sandc,0,1,1,1.0
aseoffsit,1,0,1,0.0
detedwubbr,0,1,1,1.0
paylng,0,1,1,1.0
revdesert,0,1,1,1.0
faintribut,0,1,1,1.0
sitesimpl,0,1,1,1.0
erregen,0,1,1,1.0
lmxnyohjf,0,1,1,1.0
aumentando,0,1,1,1.0
ubgrmi,0,1,1,1.0
tartakouski,1,0,1,0.0
auro,0,1,1,1.0
corresspond,0,1,1,1.0
moralit,0,1,1,1.0
trht,0,1,1,1.0
usca,0,1,1,1.0
berner,1,0,1,0.0
verificacin,0,1,1,1.0
izwtchmocitom,0,1,1,1.0
mhagroup,1,0,1,0.0
whitelist,0,1,1,1.0
enveno,0,1,1,1.0
drago,1,0,1,0.0
gabbol,1,0,1,0.0
leinfuss,1,0,1,0.0
cozumel,1,0,1,0.0
tjn,0,1,1,1.0
pbcojol,0,1,1,1.0
hgpku,0,1,1,1.0
smorgasbord,1,0,1,0.0
logicon,1,0,1,0.0
ybtmz,0,1,1,1.0
tinderbox,1,0,1,0.0
drua,0,1,1,1.0
homebrewcosmo,0,1,1,1.0
ouchdaddi,0,1,1,1.0
daniella,0,1,1,1.0
obt,0,1,1,1.0
ncement,0,1,1,1.0
birthdayo,1,0,1,0.0
yga,0,1,1,1.0
pyhrric,0,1,1,1.0
abqrv,0,1,1,1.0
osivbbyw,0,1,1,1.0
buford,1,0,1,0.0
pueetg,0,1,1,1.0
dibhol,0,1,1,1.0
speclal,0,1,1,1.0
lizenzprogramm,0,1,1,1.0
armey,1,0,1,0.0
bochum,0,1,1,1.0
lndx,0,1,1,1.0
notbear,0,1,1,1.0
flintston,0,1,1,1.0
lzuetz,0,1,1,1.0
jstran,1,0,1,0.0
oxhawirzf,0,1,1,1.0
ronvzc,0,1,1,1.0
sherbro,0,1,1,1.0
orgazm,0,1,1,1.0
ubdfgnxqf,0,1,1,1.0
kxw,0,1,1,1.0
jyslu,0,1,1,1.0
mcrosswh,1,0,1,0.0
derio,0,1,1,1.0
australianenergi,1,0,1,0.0
dnldgrm,0,1,1,1.0
ousaond,0,1,1,1.0
ukr,0,1,1,1.0
dobrfont,0,1,1,1.0
lpamki,0,1,1,1.0
yux,0,1,1,1.0
wwqq,0,1,1,1.0
armazenado,0,1,1,1.0
ydl,0,1,1,1.0
gebe,1,0,1,0.0
barryd,1,0,1,0.0
orttemecca,0,1,1,1.0
sablaw,1,0,1,0.0
tmyuffb,0,1,1,1.0
ssss,1,0,1,0.0
tcastellano,1,0,1,0.0
gbock,1,0,1,0.0
forour,0,1,1,1.0
cacanthrax,0,1,1,1.0
ruu,0,1,1,1.0
vogelfang,1,0,1,0.0
irenejoanna,0,1,1,1.0
erffnung,0,1,1,1.0
noisier,1,0,1,0.0
aroy,0,1,1,1.0
redmondretrac,0,1,1,1.0
yaf,0,1,1,1.0
orxnuumon,0,1,1,1.0
chalcocitedrift,0,1,1,1.0
romo,0,1,1,1.0
doubleblind,0,1,1,1.0
universi,0,1,1,1.0
fpaumodd,0,1,1,1.0
hvtxae,0,1,1,1.0
anzunehmen,0,1,1,1.0
fwucjdsay,0,1,1,1.0
ljf,0,1,1,1.0
swabia,0,1,1,1.0
uitfbz,0,1,1,1.0
honepl,0,1,1,1.0
hansombrushlik,0,1,1,1.0
gaskey,1,0,1,0.0
opvxivdvhsi,0,1,1,1.0
brochureemigr,0,1,1,1.0
dhammond,0,1,1,1.0
îåôò,0,1,1,1.0
zwuitzr,0,1,1,1.0
qpd,0,1,1,1.0
unscientif,1,0,1,0.0
fzpuwer,0,1,1,1.0
lbsl,0,1,1,1.0
nkxwqtoi,0,1,1,1.0
oflpbmwvg,0,1,1,1.0
efectuaron,0,1,1,1.0
zyf,0,1,1,1.0
bic,1,0,1,0.0
investeerd,0,1,1,1.0
pyuzgl,0,1,1,1.0
bfidodg,0,1,1,1.0
enat,0,1,1,1.0
lusciou,0,1,1,1.0
accessatlanta,0,1,1,1.0
pudbpk,0,1,1,1.0
gwucaxyt,0,1,1,1.0
luskey,1,0,1,0.0
lmc,0,1,1,1.0
derbythemovi,0,1,1,1.0
villanova,0,1,1,1.0
cccheaapicheeep,0,1,1,1.0
oulu,0,1,1,1.0
colllum,0,1,1,1.0
outsiz,1,0,1,0.0
ntroducton,0,1,1,1.0
owbsyqlb,0,1,1,1.0
meerkat,0,1,1,1.0
incorpo,1,0,1,0.0
thedistrict,0,1,1,1.0
trihedr,0,1,1,1.0
ixzqx,0,1,1,1.0
qmzgvq,0,1,1,1.0
gkrdur,0,1,1,1.0
stb,0,1,1,1.0
qulti,0,1,1,1.0
phenstermbin,0,1,1,1.0
ltdsai,0,1,1,1.0
savandra,1,0,1,0.0
recomendar,0,1,1,1.0
balqi,0,1,1,1.0
ljc,0,1,1,1.0
jfselqvi,0,1,1,1.0
unilat,1,0,1,0.0
dynal,0,1,1,1.0
zoa,0,1,1,1.0
nrwlwcvd,0,1,1,1.0
utsa,0,1,1,1.0
vaglna,0,1,1,1.0
anfragen,0,1,1,1.0
bernehmen,0,1,1,1.0
pwtehrsmi,0,1,1,1.0
sikkimes,0,1,1,1.0
cadiz,0,1,1,1.0
ftargac,1,0,1,0.0
disrep,1,0,1,0.0
msoft,0,1,1,1.0
waymir,1,0,1,0.0
watercolor,0,1,1,1.0
ueytj,0,1,1,1.0
anrdrea,1,0,1,0.0
oldugu,0,1,1,1.0
oboj,1,0,1,0.0
opfenfaa,0,1,1,1.0
automotric,0,1,1,1.0
fingerlickin,0,1,1,1.0
lobusch,1,0,1,0.0
afeitado,0,1,1,1.0
jugular,1,0,1,0.0
qfppo,0,1,1,1.0
mdioun,1,0,1,0.0
epox,0,1,1,1.0
wixrdh,0,1,1,1.0
chikina,1,0,1,0.0
frcc,1,0,1,0.0
iirseirait,0,1,1,1.0
arbeitsam,0,1,1,1.0
ljuz,0,1,1,1.0
iglo,0,1,1,1.0
gphhb,0,1,1,1.0
kmrwi,0,1,1,1.0
cjooj,0,1,1,1.0
mkteevteywiagjgt,0,1,1,1.0
jybb,0,1,1,1.0
hepebzcx,0,1,1,1.0
privst,1,0,1,0.0
miyoz,0,1,1,1.0
stettiniu,1,0,1,0.0
delito,0,1,1,1.0
frgsz,0,1,1,1.0
couchcuckoo,0,1,1,1.0
académico,0,1,1,1.0
gitrth,0,1,1,1.0
vmail,1,0,1,0.0
keibler,0,1,1,1.0
jewkwevm,0,1,1,1.0
oaz,0,1,1,1.0
graphicartist,0,1,1,1.0
gother,0,1,1,1.0
shallnot,0,1,1,1.0
uhi,0,1,1,1.0
whobrpul,0,1,1,1.0
rhineland,0,1,1,1.0
eudtckvc,0,1,1,1.0
kennt,0,1,1,1.0
daiv,1,0,1,0.0
jzwi,0,1,1,1.0
lazard,1,0,1,0.0
oneh,0,1,1,1.0
finalsav,0,1,1,1.0
kpwckzhr,0,1,1,1.0
irqqrumdipdvprpyvbislya,0,1,1,1.0
meehpojwm,0,1,1,1.0
paediatr,1,0,1,0.0
naero,1,0,1,0.0
sincroniza,0,1,1,1.0
waingortin,1,0,1,0.0
hdzanq,0,1,1,1.0
martinet,0,1,1,1.0
inevest,0,1,1,1.0
kblhej,0,1,1,1.0
xdnla,0,1,1,1.0
interced,1,0,1,0.0
cwh,0,1,1,1.0
tireee,0,1,1,1.0
jnd,0,1,1,1.0
cbcwojsqymyv,0,1,1,1.0
blstuar,1,0,1,0.0
inchoat,0,1,1,1.0
strungout,0,1,1,1.0
msanchez,1,0,1,0.0
divaweaken,0,1,1,1.0
teenyweeni,0,1,1,1.0
undiscount,1,0,1,0.0
perviagra,0,1,1,1.0
gcharlottetown,0,1,1,1.0
teanasleteln,0,1,1,1.0
arcmcdgal,0,1,1,1.0
outland,1,0,1,0.0
glitzi,1,0,1,0.0
alewan,1,0,1,0.0
rfxa,0,1,1,1.0
berniecebenson,0,1,1,1.0
isal,0,1,1,1.0
backdo,0,1,1,1.0
erlect,0,1,1,1.0
cafeteriaavuncular,0,1,1,1.0
gjjcjeo,0,1,1,1.0
fbvdi,0,1,1,1.0
drivel,0,1,1,1.0
demountablechlorid,0,1,1,1.0
uflq,0,1,1,1.0
utrkvsaj,0,1,1,1.0
haystackhorrifi,0,1,1,1.0
wgmopeev,0,1,1,1.0
zdnetmail,1,0,1,0.0
kkoxxh,0,1,1,1.0
gydsw,0,1,1,1.0
krisaggi,1,0,1,0.0
analgesia,0,1,1,1.0
earlin,0,1,1,1.0
blpoco,0,1,1,1.0
accountsabov,0,1,1,1.0
qjbrj,0,1,1,1.0
reeeeemooveeee,0,1,1,1.0
porism,0,1,1,1.0
kubba,0,1,1,1.0
catchment,0,1,1,1.0
folhz,0,1,1,1.0
observar,0,1,1,1.0
huwimigh,0,1,1,1.0
lavign,0,1,1,1.0
chgqx,0,1,1,1.0
logrado,0,1,1,1.0
gwsj,0,1,1,1.0
minddata,1,0,1,0.0
emahm,0,1,1,1.0
vicedon,0,1,1,1.0
vencida,0,1,1,1.0
gaultier,0,1,1,1.0
rspyc,0,1,1,1.0
sagotopmost,0,1,1,1.0
rozsa,1,0,1,0.0
brutifi,0,1,1,1.0
vboln,0,1,1,1.0
ofclos,0,1,1,1.0
westernhub,1,0,1,0.0
bfnpqbeymnygd,0,1,1,1.0
tring,0,1,1,1.0
bjkadd,0,1,1,1.0
xlyjzid,0,1,1,1.0
pqqca,1,0,1,0.0
sgwhdbsra,0,1,1,1.0
pisci,0,1,1,1.0
berberidac,0,1,1,1.0
hoxjubh,0,1,1,1.0
bbox,1,0,1,0.0
schurman,1,0,1,0.0
cliftonfacil,0,1,1,1.0
myproc,0,1,1,1.0
cinchona,0,1,1,1.0
okd,0,1,1,1.0
solvedd,0,1,1,1.0
availbal,1,0,1,0.0
fiberopt,1,0,1,0.0
compuesto,0,1,1,1.0
gjlnk,0,1,1,1.0
allbusi,1,0,1,0.0
legendarynoodl,0,1,1,1.0
xbnpg,0,1,1,1.0
phemwu,0,1,1,1.0
animalth,0,1,1,1.0
unofzb,0,1,1,1.0
fluidmec,0,1,1,1.0
wahfo,0,1,1,1.0
warxranti,0,1,1,1.0
drgcuruebr,0,1,1,1.0
fsmugnqbc,0,1,1,1.0
gbmxw,0,1,1,1.0
kirsteinstrowg,0,1,1,1.0
nothkss,0,1,1,1.0
wbplc,0,1,1,1.0
bazzd,0,1,1,1.0
wfdqze,0,1,1,1.0
quango,0,1,1,1.0
stayclos,0,1,1,1.0
standerd,0,1,1,1.0
floriad,0,1,1,1.0
uabdib,0,1,1,1.0
extraparci,0,1,1,1.0
inkil,0,1,1,1.0
ormond,0,1,1,1.0
recheck,1,0,1,0.0
listman,0,1,1,1.0
forrrrevvverr,0,1,1,1.0
telp,0,1,1,1.0
mofitf,0,1,1,1.0
bhd,0,1,1,1.0
onliiiiin,0,1,1,1.0
joong,1,0,1,0.0
sincerelli,0,1,1,1.0
nqh,0,1,1,1.0
tripointglob,1,0,1,0.0
daji,1,0,1,0.0
vishnuclark,0,1,1,1.0
caughnawaga,0,1,1,1.0
dcarter,1,0,1,0.0
benzenepow,0,1,1,1.0
cetan,0,1,1,1.0
vindalf,0,1,1,1.0
restruc,1,0,1,0.0
wybranego,1,0,1,0.0
snicki,1,0,1,0.0
loijuep,0,1,1,1.0
kcudlipp,1,0,1,0.0
cila,0,1,1,1.0
ownag,0,1,1,1.0
dlhev,0,1,1,1.0
rath,1,0,1,0.0
histologycolloq,0,1,1,1.0
spectrem,1,0,1,0.0
systemworksel,0,1,1,1.0
nomd,1,0,1,0.0
jvdxbmxr,0,1,1,1.0
demutualis,1,0,1,0.0
clicdgk,0,1,1,1.0
nml,0,1,1,1.0
ageainst,0,1,1,1.0
titleput,0,1,1,1.0
pohvalu,0,1,1,1.0
zravgcllqk,0,1,1,1.0
lyh,0,1,1,1.0
hwkr,0,1,1,1.0
kllsc,0,1,1,1.0
facliti,1,0,1,0.0
tobegan,0,1,1,1.0
kcpq,0,1,1,1.0
uhcebl,0,1,1,1.0
superhard,0,1,1,1.0
eoouekvx,0,1,1,1.0
recinto,0,1,1,1.0
xglrb,0,1,1,1.0
thefe,0,1,1,1.0
wowser,0,1,1,1.0
jecgh,0,1,1,1.0
powerlinepromo,0,1,1,1.0
violetstraaat,0,1,1,1.0
ifk,0,1,1,1.0
backbit,0,1,1,1.0
yonker,0,1,1,1.0
taylorgr,1,0,1,0.0
conseguiu,0,1,1,1.0
khvicdac,0,1,1,1.0
amad,0,1,1,1.0
vfao,0,1,1,1.0
geneticist,0,1,1,1.0
dpef,1,0,1,0.0
morningsid,1,0,1,0.0
lvz,0,1,1,1.0
stimulantbettor,0,1,1,1.0
madrugada,0,1,1,1.0
gasithh,0,1,1,1.0
msr,1,0,1,0.0
hnkf,0,1,1,1.0
oerat,1,0,1,0.0
alongwith,1,0,1,0.0
musser,1,0,1,0.0
mente,1,0,1,0.0
haendel,0,1,1,1.0
pqybkwdvriwzhb,0,1,1,1.0
onlo,0,1,1,1.0
thusmi,0,1,1,1.0
bokhad,0,1,1,1.0
carboloycytolysi,0,1,1,1.0
mainut,0,1,1,1.0
dhaan,0,1,1,1.0
zbejr,0,1,1,1.0
ogumeho,0,1,1,1.0
mcmcgnhh,0,1,1,1.0
buckmier,1,0,1,0.0
todpw,0,1,1,1.0
stoppen,0,1,1,1.0
pineri,0,1,1,1.0
raytfw,0,1,1,1.0
haverepos,0,1,1,1.0
ratexchang,1,0,1,0.0
lixcefsnh,0,1,1,1.0
slameverybodi,0,1,1,1.0
aphesi,0,1,1,1.0
heogh,1,0,1,0.0
cbligat,0,1,1,1.0
bozoturbo,0,1,1,1.0
morehefir,0,1,1,1.0
qmluw,0,1,1,1.0
ametz,1,0,1,0.0
backwash,0,1,1,1.0
manion,0,1,1,1.0
ziqxu,0,1,1,1.0
websitesend,0,1,1,1.0
gpb,0,1,1,1.0
nisha,1,0,1,0.0
orand,0,1,1,1.0
grodger,1,0,1,0.0
xdhzouybr,0,1,1,1.0
qvrocok,0,1,1,1.0
torrenti,1,0,1,0.0
aqnfco,0,1,1,1.0
cinematograf,0,1,1,1.0
blomquistweep,0,1,1,1.0
raevski,1,0,1,0.0
intelligenceoffic,0,1,1,1.0
wojequozibo,0,1,1,1.0
soooooooooooooo,1,0,1,0.0
blenheimdisson,0,1,1,1.0
presed,0,1,1,1.0
quhicqxkf,0,1,1,1.0
huqcxujb,0,1,1,1.0
wylygt,0,1,1,1.0
supposablebutcheri,0,1,1,1.0
xvudw,0,1,1,1.0
nche,0,1,1,1.0
veda,0,1,1,1.0
hmg,0,1,1,1.0
everycredit,0,1,1,1.0
autisticced,0,1,1,1.0
cen,1,0,1,0.0
zoxbrzmo,0,1,1,1.0
cabral,1,0,1,0.0
charitygofish,0,1,1,1.0
tiib,0,1,1,1.0
intert,0,1,1,1.0
execrelo,1,0,1,0.0
tmmdc,0,1,1,1.0
tqj,0,1,1,1.0
speedwagon,1,0,1,0.0
ocw,0,1,1,1.0
bshay,1,0,1,0.0
dgciu,0,1,1,1.0
wtqk,0,1,1,1.0
qfbjvnjfohiwv,0,1,1,1.0
inwil,0,1,1,1.0
fifthli,0,1,1,1.0
gur,0,1,1,1.0
ksawiwtlxkhheoyyf,0,1,1,1.0
bifvdb,0,1,1,1.0
urgentreplymail,0,1,1,1.0
jczhbbqp,0,1,1,1.0
wrinklesfabul,0,1,1,1.0
aqgiproduct,0,1,1,1.0
garnto,1,0,1,0.0
ujcquoa,0,1,1,1.0
fjmokq,0,1,1,1.0
oajo,0,1,1,1.0
wsndpwk,0,1,1,1.0
hizballah,0,1,1,1.0
langu,0,1,1,1.0
vjiagbra,0,1,1,1.0
pwarden,1,0,1,0.0
wnk,0,1,1,1.0
wellintent,0,1,1,1.0
burarrd,1,0,1,0.0
remis,0,1,1,1.0
olebcanuj,0,1,1,1.0
oppoturn,0,1,1,1.0
hypercub,1,0,1,0.0
rwzivyfszwgsxc,0,1,1,1.0
ivat,0,1,1,1.0
yitewzvk,0,1,1,1.0
threwthemselv,0,1,1,1.0
maddalena,0,1,1,1.0
stosujac,1,0,1,0.0
bpcgt,0,1,1,1.0
psfo,0,1,1,1.0
hnolog,0,1,1,1.0
orasq,0,1,1,1.0
forr,0,1,1,1.0
lewisvil,1,0,1,0.0
komiteci,1,0,1,0.0
nommé,0,1,1,1.0
pittanc,0,1,1,1.0
desuscribir,0,1,1,1.0
furm,1,0,1,0.0
ledyard,1,0,1,0.0
fkiolblayg,0,1,1,1.0
zqjfpepet,0,1,1,1.0
prouder,1,0,1,0.0
traffical,0,1,1,1.0
reycehp,0,1,1,1.0
ummmmmmmmmmmmmm,0,1,1,1.0
cummul,1,0,1,0.0
lalief,1,0,1,0.0
dztoz,0,1,1,1.0
oann,0,1,1,1.0
genener,1,0,1,0.0
innocul,1,0,1,0.0
otsntol,1,0,1,0.0
gyqyd,0,1,1,1.0
filefontstrongent,0,1,1,1.0
lxxqlcxz,0,1,1,1.0
haev,0,1,1,1.0
kytlc,1,0,1,0.0
keior,0,1,1,1.0
efc,1,0,1,0.0
reunirá,0,1,1,1.0
bxpaax,0,1,1,1.0
itsth,0,1,1,1.0
madero,1,0,1,0.0
thecr,0,1,1,1.0
gofer,0,1,1,1.0
cath,1,0,1,0.0
kellli,1,0,1,0.0
obiig,0,1,1,1.0
milgram,0,1,1,1.0
executrixkettl,0,1,1,1.0
dxkvqqaw,0,1,1,1.0
garantizamo,0,1,1,1.0
denaturiert,0,1,1,1.0
nstl,0,1,1,1.0
rendamarin,1,0,1,0.0
aviastar,0,1,1,1.0
holyoak,1,0,1,0.0
plower,0,1,1,1.0
devianc,0,1,1,1.0
xosxh,0,1,1,1.0
conformidad,0,1,1,1.0
iemeev,0,1,1,1.0
maritain,0,1,1,1.0
ujcgi,0,1,1,1.0
sygpi,0,1,1,1.0
vanilapuf,1,0,1,0.0
probuj,1,0,1,0.0
paranormalhold,0,1,1,1.0
awaitin,0,1,1,1.0
angebotenen,0,1,1,1.0
ihpw,0,1,1,1.0
telepak,1,0,1,0.0
jtxrcbv,0,1,1,1.0
lqyvpf,0,1,1,1.0
rrqrsq,0,1,1,1.0
wcmv,0,1,1,1.0
wijpt,0,1,1,1.0
equipgood,0,1,1,1.0
spitzdromedari,0,1,1,1.0
seenth,0,1,1,1.0
ouaredoi,0,1,1,1.0
ductarma,0,1,1,1.0
slwtavvp,0,1,1,1.0
santellan,1,0,1,0.0
galloon,0,1,1,1.0
mpdymdehuc,0,1,1,1.0
bankrupct,1,0,1,0.0
ukwmx,0,1,1,1.0
vwgqre,0,1,1,1.0
hrna,1,0,1,0.0
xee,0,1,1,1.0
beljev,0,1,1,1.0
harwoodmarket,1,0,1,0.0
euglenida,0,1,1,1.0
avanado,0,1,1,1.0
corporativo,0,1,1,1.0
yfwrxtenet,0,1,1,1.0
nout,0,1,1,1.0
jgcfsnfhmi,0,1,1,1.0
maribeth,0,1,1,1.0
típico,0,1,1,1.0
sahv,0,1,1,1.0
racerxgretchen,0,1,1,1.0
doz,0,1,1,1.0
gcnmijxm,0,1,1,1.0
polep,0,1,1,1.0
aicc,0,1,1,1.0
trumperi,0,1,1,1.0
cjg,0,1,1,1.0
lorrin,0,1,1,1.0
qytxmmralrvnsc,0,1,1,1.0
oihhxnkxoa,0,1,1,1.0
lvtvfp,0,1,1,1.0
conseguida,0,1,1,1.0
aµc,0,1,1,1.0
iwfpi,0,1,1,1.0
manuai,0,1,1,1.0
vlagpoint,0,1,1,1.0
haymow,0,1,1,1.0
hrzgxdl,0,1,1,1.0
yhjfx,0,1,1,1.0
subjunctivestanley,0,1,1,1.0
yszx,0,1,1,1.0
clatteracademi,0,1,1,1.0
itmanagersjourn,0,1,1,1.0
antonioalv,0,1,1,1.0
willcdgt,0,1,1,1.0
unsophist,0,1,1,1.0
siesfpp,0,1,1,1.0
ghogenc,0,1,1,1.0
zmed,0,1,1,1.0
halendal,0,1,1,1.0
euroshor,0,1,1,1.0
zigo,1,0,1,0.0
yio,0,1,1,1.0
nykiyxvyr,0,1,1,1.0
jeffmiranda,0,1,1,1.0
gmltlk,0,1,1,1.0
biybci,0,1,1,1.0
foederri,0,1,1,1.0
layov,1,0,1,0.0
notair,0,1,1,1.0
aonwk,0,1,1,1.0
cribe,0,1,1,1.0
icrxk,0,1,1,1.0
xfmd,0,1,1,1.0
vnrop,0,1,1,1.0
koa,0,1,1,1.0
theobald,1,0,1,0.0
nearearth,0,1,1,1.0
vpetei,0,1,1,1.0
fklxxd,0,1,1,1.0
brunoniaak,0,1,1,1.0
sudar,0,1,1,1.0
hqfox,0,1,1,1.0
djhyvl,1,0,1,0.0
reclaw,1,0,1,0.0
lucidremov,0,1,1,1.0
zwn,0,1,1,1.0
soonish,1,0,1,0.0
sexuial,0,1,1,1.0
hir,1,0,1,0.0
pwktt,0,1,1,1.0
naci,0,1,1,1.0
ahu,1,0,1,0.0
jgaughran,1,0,1,0.0
wvusd,0,1,1,1.0
ssun,0,1,1,1.0
immediatelyyour,0,1,1,1.0
zaangazowani,1,0,1,0.0
lwadf,0,1,1,1.0
morqtgagc,0,1,1,1.0
krp,0,1,1,1.0
quuhirera,0,1,1,1.0
arippolz,0,1,1,1.0
snuglyhug,0,1,1,1.0
sgtibxqkf,0,1,1,1.0
taxiwayyon,0,1,1,1.0
amandalmisha,0,1,1,1.0
wjwcyb,0,1,1,1.0
kvgrsucbu,0,1,1,1.0
soldaier,0,1,1,1.0
arago,1,0,1,0.0
applicationfor,0,1,1,1.0
eisexdk,0,1,1,1.0
thbegpvvr,0,1,1,1.0
erkin,0,1,1,1.0
tzt,0,1,1,1.0
xaftfffip,0,1,1,1.0
skyxtgm,0,1,1,1.0
parki,0,1,1,1.0
zabral,1,0,1,0.0
pachiev,0,1,1,1.0
coedsexscen,0,1,1,1.0
originan,0,1,1,1.0
steun,0,1,1,1.0
embrssment,0,1,1,1.0
rcq,0,1,1,1.0
bigrandomchar,0,1,1,1.0
colima,0,1,1,1.0
differagatha,0,1,1,1.0
mampq,0,1,1,1.0
daarvan,0,1,1,1.0
micronesia,0,1,1,1.0
vnmlxc,0,1,1,1.0
speeduol,0,1,1,1.0
fumigateredhead,0,1,1,1.0
jxzqu,0,1,1,1.0
automao,0,1,1,1.0
absurdo,0,1,1,1.0
fluentsquid,0,1,1,1.0
erubescit,0,1,1,1.0
akilpatrick,1,0,1,0.0
farnham,0,1,1,1.0
suygi,0,1,1,1.0
appbrovns,0,1,1,1.0
sickest,0,1,1,1.0
educativa,0,1,1,1.0
tjri,0,1,1,1.0
dhdcomplet,0,1,1,1.0
situado,0,1,1,1.0
wombatjohnson,0,1,1,1.0
qnqvql,0,1,1,1.0
benfield,1,0,1,0.0
matcher,1,0,1,0.0
jiqooj,0,1,1,1.0
benita,1,0,1,0.0
dgdruurf,0,1,1,1.0
excessivetens,0,1,1,1.0
tujtl,0,1,1,1.0
dbrv,0,1,1,1.0
awbgczjqug,0,1,1,1.0
beckyvgko,0,1,1,1.0
rethought,1,0,1,0.0
kilssupu,0,1,1,1.0
etcsurvey,1,0,1,0.0
rgrloo,0,1,1,1.0
fightin,1,0,1,0.0
unbemerkt,0,1,1,1.0
receskim,1,0,1,0.0
mhosowtgag,0,1,1,1.0
ccko,0,1,1,1.0
llevamo,0,1,1,1.0
mattison,1,0,1,0.0
kesselman,1,0,1,0.0
whitboardskey,0,1,1,1.0
disseminul,0,1,1,1.0
huldenberg,1,0,1,0.0
olsnyw,0,1,1,1.0
wajbvwqzof,0,1,1,1.0
weekwhil,0,1,1,1.0
hopi,0,1,1,1.0
dishonest,0,1,1,1.0
klvn,0,1,1,1.0
multitudeblasphemi,0,1,1,1.0
stauffer,0,1,1,1.0
lcz,0,1,1,1.0
zoxqmrvko,0,1,1,1.0
okther,0,1,1,1.0
sarath,1,0,1,0.0
ongevallen,0,1,1,1.0
sayfa,0,1,1,1.0
committedtsarina,0,1,1,1.0
pekingcolbi,0,1,1,1.0
analz,1,0,1,0.0
rfqmr,0,1,1,1.0
fuycw,0,1,1,1.0
revela,0,1,1,1.0
guinnesselliot,0,1,1,1.0
katek,1,0,1,0.0
piecewiseinconsol,0,1,1,1.0
chappi,0,1,1,1.0
xxnivers,0,1,1,1.0
czktpz,0,1,1,1.0
approci,1,0,1,0.0
healthfulm,0,1,1,1.0
productloyalhom,0,1,1,1.0
fistezezest,0,1,1,1.0
romaic,0,1,1,1.0
nzinga,0,1,1,1.0
jayson,1,0,1,0.0
hbmvxft,0,1,1,1.0
cqicrnwbhbr,0,1,1,1.0
indivdu,1,0,1,0.0
lithiclev,0,1,1,1.0
delimet,0,1,1,1.0
vtqagd,0,1,1,1.0
ptcvhl,0,1,1,1.0
telefonieren,0,1,1,1.0
rgkmsvo,0,1,1,1.0
ichan,1,0,1,0.0
ialouveb,0,1,1,1.0
nowto,0,1,1,1.0
bootydorothi,0,1,1,1.0
olympitek,0,1,1,1.0
romj,0,1,1,1.0
themovi,0,1,1,1.0
lctepiyi,0,1,1,1.0
gkrjqafoo,0,1,1,1.0
nlqzla,0,1,1,1.0
hvwb,0,1,1,1.0
aprovecho,0,1,1,1.0
hallettsvil,1,0,1,0.0
iwa,0,1,1,1.0
zdarzylo,1,0,1,0.0
ourinternet,0,1,1,1.0
nejyligpjnmetvbkqgjgt,0,1,1,1.0
seaquarium,0,1,1,1.0
blige,1,0,1,0.0
foustwf,0,1,1,1.0
achernar,0,1,1,1.0
fqljrvyk,0,1,1,1.0
laveta,0,1,1,1.0
ilvaluy,0,1,1,1.0
luzenac,1,0,1,0.0
grosswardein,0,1,1,1.0
bmemsnk,0,1,1,1.0
linz,0,1,1,1.0
ggcg,0,1,1,1.0
informiert,0,1,1,1.0
guss,0,1,1,1.0
oxfordshir,0,1,1,1.0
xcg,0,1,1,1.0
emgl,1,0,1,0.0
siuopthv,0,1,1,1.0
overcommit,1,0,1,0.0
uxoon,0,1,1,1.0
stockta,0,1,1,1.0
tapao,0,1,1,1.0
wcrmf,0,1,1,1.0
qbq,0,1,1,1.0
seedpearl,0,1,1,1.0
cuop,0,1,1,1.0
perro,0,1,1,1.0
ftruhina,0,1,1,1.0
wjrlaqk,0,1,1,1.0
theena,1,0,1,0.0
gasselect,1,0,1,0.0
xhbnnnq,0,1,1,1.0
songbook,0,1,1,1.0
xcqkxcacklksyuupjw,0,1,1,1.0
leena,0,1,1,1.0
siedzial,1,0,1,0.0
rgive,0,1,1,1.0
cvfwyk,0,1,1,1.0
smarmi,0,1,1,1.0
sculo,0,1,1,1.0
udnfboc,0,1,1,1.0
dnngfqkp,0,1,1,1.0
sexcam,0,1,1,1.0
lcnpsxtz,0,1,1,1.0
tummi,1,0,1,0.0
sustanci,0,1,1,1.0
finansowo,1,0,1,0.0
eworymlvr,0,1,1,1.0
believescdgt,0,1,1,1.0
fraudesl,0,1,1,1.0
blatrubr,0,1,1,1.0
tcgi,1,0,1,0.0
ajos,0,1,1,1.0
sujper,0,1,1,1.0
titleupd,0,1,1,1.0
jjyomgdncaa,0,1,1,1.0
pabigsjvo,0,1,1,1.0
vteed,0,1,1,1.0
mcndf,0,1,1,1.0
cllllum,0,1,1,1.0
deih,0,1,1,1.0
adfhijlmgc,0,1,1,1.0
versendet,0,1,1,1.0
cummerbu,0,1,1,1.0
mejd,0,1,1,1.0
njfitzgerald,1,0,1,0.0
lkrkg,0,1,1,1.0
bulletpoint,1,0,1,0.0
toimg,0,1,1,1.0
kybvfdfxu,0,1,1,1.0
kujrq,0,1,1,1.0
amsloooxvquixyv,0,1,1,1.0
applyingour,0,1,1,1.0
hnbr,0,1,1,1.0
gastran,1,0,1,0.0
delwar,1,0,1,0.0
mukhta,1,0,1,0.0
ounwjjei,0,1,1,1.0
uay,0,1,1,1.0
npac,0,1,1,1.0
lwdxo,0,1,1,1.0
rovieud,0,1,1,1.0
guara,0,1,1,1.0
successqueensland,0,1,1,1.0
cruuhb,0,1,1,1.0
wfuk,0,1,1,1.0
estev,0,1,1,1.0
qtfkbi,0,1,1,1.0
grupe,1,0,1,0.0
jerudong,0,1,1,1.0
ysleno,0,1,1,1.0
burrel,1,0,1,0.0
eup,0,1,1,1.0
blackmarlin,1,0,1,0.0
bvpaiidz,0,1,1,1.0
oivtodc,0,1,1,1.0
snarf,1,0,1,0.0
ygdrt,0,1,1,1.0
bharp,1,0,1,0.0
vguggen,1,0,1,0.0
hambrecht,1,0,1,0.0
unterstützen,0,1,1,1.0
oet,1,0,1,0.0
kunda,0,1,1,1.0
wogfxhv,0,1,1,1.0
sullenli,0,1,1,1.0
lyjc,0,1,1,1.0
lfoixhllr,0,1,1,1.0
bonsai,1,0,1,0.0
raisinet,0,1,1,1.0
bkpahyb,0,1,1,1.0
shadeslight,0,1,1,1.0
physali,0,1,1,1.0
bxfrrfpn,0,1,1,1.0
axt,0,1,1,1.0
cvkdmqbr,0,1,1,1.0
pfalz,0,1,1,1.0
horvsl,0,1,1,1.0
wspd,0,1,1,1.0
clarifican,0,1,1,1.0
nrdfpftx,0,1,1,1.0
blobburglar,0,1,1,1.0
yiobhp,0,1,1,1.0
dineoutfreetoday,0,1,1,1.0
reunieron,0,1,1,1.0
courtesv,0,1,1,1.0
czarist,0,1,1,1.0
ryqx,0,1,1,1.0
estheralanbuch,0,1,1,1.0
asbj,1,0,1,0.0
exceltremenda,0,1,1,1.0
kckwtawtzn,0,1,1,1.0
uclsxxvv,0,1,1,1.0
ygwtoxwf,0,1,1,1.0
ausenco,0,1,1,1.0
uitsluitend,0,1,1,1.0
gingen,0,1,1,1.0
cijqepx,0,1,1,1.0
ckwp,0,1,1,1.0
sdow,1,0,1,0.0
qqblci,0,1,1,1.0
dcarrol,1,0,1,0.0
dabdkfjsdfc,0,1,1,1.0
prodbuct,0,1,1,1.0
richelin,0,1,1,1.0
jvt,0,1,1,1.0
bdwnzrvjo,0,1,1,1.0
nicament,0,1,1,1.0
zabest,0,1,1,1.0
vqpohbhfc,0,1,1,1.0
gfn,1,0,1,0.0
rosenbloom,1,0,1,0.0
coqbsab,0,1,1,1.0
infrason,0,1,1,1.0
nsfyjw,0,1,1,1.0
menú,0,1,1,1.0
wittpomt,0,1,1,1.0
bffxsb,0,1,1,1.0
pkfzlfig,0,1,1,1.0
shipmp,0,1,1,1.0
aydg,0,1,1,1.0
sunnel,0,1,1,1.0
neiro,0,1,1,1.0
accod,0,1,1,1.0
grnn,0,1,1,1.0
saygýlarýmýzla,0,1,1,1.0
mazo,0,1,1,1.0
eavnmlvx,0,1,1,1.0
employlifestyl,0,1,1,1.0
wantyou,0,1,1,1.0
croi,0,1,1,1.0
regardsben,0,1,1,1.0
cistercian,0,1,1,1.0
wqcglqmh,0,1,1,1.0
duchnicki,1,0,1,0.0
caschedul,1,0,1,0.0
coit,1,0,1,0.0
auricl,0,1,1,1.0
lckq,0,1,1,1.0
sqvt,0,1,1,1.0
shipup,0,1,1,1.0
rtfseevf,0,1,1,1.0
awaitng,0,1,1,1.0
batacha,1,0,1,0.0
kalahari,0,1,1,1.0
uhamb,0,1,1,1.0
eyedrop,0,1,1,1.0
hhgci,0,1,1,1.0
aufgefallen,0,1,1,1.0
youpay,0,1,1,1.0
wiseget,0,1,1,1.0
mlk,1,0,1,0.0
siston,1,0,1,0.0
cocoahusk,0,1,1,1.0
kaao,1,0,1,0.0
ktcnml,0,1,1,1.0
ibarnhrt,1,0,1,0.0
themix,0,1,1,1.0
haskettl,1,0,1,0.0
liof,0,1,1,1.0
viwkg,0,1,1,1.0
cwgejtt,0,1,1,1.0
nmjcl,0,1,1,1.0
tytuowa,1,0,1,0.0
venz,1,0,1,0.0
jmrha,1,0,1,0.0
successs,0,1,1,1.0
przewidywania,1,0,1,0.0
brainardchevali,0,1,1,1.0
wenatche,1,0,1,0.0
lebrvz,0,1,1,1.0
kopiho,0,1,1,1.0
ndgsnpd,0,1,1,1.0
tftfgmque,0,1,1,1.0
travisfietch,0,1,1,1.0
gwze,0,1,1,1.0
deglutin,0,1,1,1.0
capiti,1,0,1,0.0
ainbow,0,1,1,1.0
gobe,0,1,1,1.0
avk,0,1,1,1.0
dueyhrvmpvkbgqu,0,1,1,1.0
yqryjv,0,1,1,1.0
wcwtnihb,0,1,1,1.0
styler,0,1,1,1.0
industr,0,1,1,1.0
mindi,0,1,1,1.0
alojarlo,0,1,1,1.0
qmfdri,0,1,1,1.0
theinsid,0,1,1,1.0
gynandr,0,1,1,1.0
arwgrjnr,0,1,1,1.0
healthnetwork,1,0,1,0.0
ailpennystock,0,1,1,1.0
oweoc,0,1,1,1.0
elsedorothi,0,1,1,1.0
potrzebowac,1,0,1,0.0
niti,0,1,1,1.0
pshcherbinin,0,1,1,1.0
elissa,0,1,1,1.0
julesag,1,0,1,0.0
medsdomain,0,1,1,1.0
financenvd,0,1,1,1.0
trvade,0,1,1,1.0
sdoykg,0,1,1,1.0
jucwalwq,0,1,1,1.0
pkpu,0,1,1,1.0
srmoxdtv,0,1,1,1.0
merecedor,0,1,1,1.0
pmltkiudc,0,1,1,1.0
osbp,0,1,1,1.0
kgcwchzpcig,0,1,1,1.0
vnvwjluclzgrra,0,1,1,1.0
ugjtbolgrd,0,1,1,1.0
ggb,0,1,1,1.0
inverstor,0,1,1,1.0
yvcgyei,0,1,1,1.0
aminarshad,0,1,1,1.0
dbclaw,1,0,1,0.0
lówest,0,1,1,1.0
turon,0,1,1,1.0
scon,0,1,1,1.0
bligatio,0,1,1,1.0
utsv,0,1,1,1.0
potashprefac,0,1,1,1.0
anypremi,0,1,1,1.0
mantenha,0,1,1,1.0
tukatenith,0,1,1,1.0
dtrjjjrqv,0,1,1,1.0
hutment,0,1,1,1.0
casbh,0,1,1,1.0
wrldowideyour,0,1,1,1.0
fgq,0,1,1,1.0
holnam,1,0,1,0.0
gobowb,0,1,1,1.0
xpgaz,0,1,1,1.0
padmount,1,0,1,0.0
sdtirolhttp,0,1,1,1.0
songchoru,0,1,1,1.0
sabul,0,1,1,1.0
melchor,0,1,1,1.0
disentitl,0,1,1,1.0
abal,0,1,1,1.0
quitemo,0,1,1,1.0
ieqjcjzp,0,1,1,1.0
kwsiurnia,0,1,1,1.0
hving,1,0,1,0.0
mrichmnd,1,0,1,0.0
salleyoo,1,0,1,0.0
carrigan,1,0,1,0.0
alguém,0,1,1,1.0
limift,0,1,1,1.0
enhajnc,0,1,1,1.0
mwlrnl,0,1,1,1.0
gsesggznj,0,1,1,1.0
limey,0,1,1,1.0
isupermal,0,1,1,1.0
wxwawla,0,1,1,1.0
milii,0,1,1,1.0
tullam,0,1,1,1.0
priiiid,0,1,1,1.0
tqlp,0,1,1,1.0
drumm,1,0,1,0.0
casualhomeward,0,1,1,1.0
rustot,0,1,1,1.0
dovizhdan,0,1,1,1.0
secretariatchalet,0,1,1,1.0
yfyuu,0,1,1,1.0
garjulo,0,1,1,1.0
vlble,0,1,1,1.0
minnoti,1,0,1,0.0
childern,0,1,1,1.0
atfdnh,0,1,1,1.0
enlo,0,1,1,1.0
papulos,0,1,1,1.0
sosh,0,1,1,1.0
khitai,0,1,1,1.0
phoenicianl,0,1,1,1.0
mnclpppnc,0,1,1,1.0
nbhf,0,1,1,1.0
gumez,0,1,1,1.0
hvygrjrcstobc,0,1,1,1.0
itqdtpt,0,1,1,1.0
posicionamiento,0,1,1,1.0
kgayz,0,1,1,1.0
muscleman,0,1,1,1.0
vcj,0,1,1,1.0
lorriep,1,0,1,0.0
carpometacarpu,0,1,1,1.0
ykehrwn,0,1,1,1.0
rdqi,0,1,1,1.0
hwigt,0,1,1,1.0
ovewrpay,0,1,1,1.0
istruct,0,1,1,1.0
aminobreakaway,0,1,1,1.0
rocck,0,1,1,1.0
yzo,0,1,1,1.0
imperium,0,1,1,1.0
desejado,0,1,1,1.0
riliti,0,1,1,1.0
nition,0,1,1,1.0
sanzxcrf,0,1,1,1.0
chaaaang,0,1,1,1.0
tú,0,1,1,1.0
unmanli,0,1,1,1.0
yivp,0,1,1,1.0
bottomlin,0,1,1,1.0
ifc,0,1,1,1.0
alphamericsaliva,0,1,1,1.0
bgkgzsbr,0,1,1,1.0
magra,0,1,1,1.0
jgascrdro,0,1,1,1.0
iiahbi,0,1,1,1.0
inexplicitbrig,0,1,1,1.0
tokio,0,1,1,1.0
yhi,0,1,1,1.0
nnad,1,0,1,0.0
ausentars,0,1,1,1.0
wrbayhndfuz,0,1,1,1.0
matematyczno,1,0,1,0.0
officeconstantinopl,0,1,1,1.0
jhydbh,0,1,1,1.0
porndvd,0,1,1,1.0
jpopmail,0,1,1,1.0
fuubbv,0,1,1,1.0
cshirley,1,0,1,0.0
mav,0,1,1,1.0
rjdx,0,1,1,1.0
whorehous,0,1,1,1.0
isivin,1,0,1,0.0
tmicha,0,1,1,1.0
ileeal,0,1,1,1.0
earthworml,0,1,1,1.0
chirolog,0,1,1,1.0
centeri,0,1,1,1.0
wcnf,0,1,1,1.0
pzepwp,0,1,1,1.0
dringenden,0,1,1,1.0
jaqb,0,1,1,1.0
fercnortheast,1,0,1,0.0
szdh,0,1,1,1.0
xxnvozhicafcr,0,1,1,1.0
gret,0,1,1,1.0
asean,0,1,1,1.0
usns,0,1,1,1.0
wegenwerken,0,1,1,1.0
palsi,0,1,1,1.0
mgazn,0,1,1,1.0
oqakmtu,0,1,1,1.0
americain,0,1,1,1.0
stoutli,0,1,1,1.0
pkgjik,0,1,1,1.0
prozentig,0,1,1,1.0
qotmwepl,0,1,1,1.0
qgguck,0,1,1,1.0
depressur,1,0,1,0.0
osiyemi,0,1,1,1.0
kqyrtmp,0,1,1,1.0
transmogrif,0,1,1,1.0
uvo,0,1,1,1.0
hypertoad,0,1,1,1.0
rvossudp,0,1,1,1.0
cushni,1,0,1,0.0
glaiv,0,1,1,1.0
preservativo,0,1,1,1.0
ontr,0,1,1,1.0
dxz,0,1,1,1.0
dgift,0,1,1,1.0
ajjxwclu,0,1,1,1.0
croissant,1,0,1,0.0
erfield,0,1,1,1.0
toppsvc,0,1,1,1.0
yeulkwzw,0,1,1,1.0
rtlzspjpkbtnt,0,1,1,1.0
saha,1,0,1,0.0
oinln,0,1,1,1.0
richsanford,0,1,1,1.0
goveror,1,0,1,0.0
bestxpoem,0,1,1,1.0
darkup,0,1,1,1.0
aufrichtig,0,1,1,1.0
donmir,0,1,1,1.0
arriaga,1,0,1,0.0
wgi,0,1,1,1.0
discreetliy,0,1,1,1.0
editaissuperseleção,0,1,1,1.0
quozaqu,0,1,1,1.0
godwindispers,0,1,1,1.0
pearlash,0,1,1,1.0
ebst,1,0,1,0.0
siegein,0,1,1,1.0
svpkpdlqpwskdqpn,0,1,1,1.0
wprowadzenia,1,0,1,0.0
planeamiento,0,1,1,1.0
rxvvpiyft,0,1,1,1.0
playbook,0,1,1,1.0
ogt,0,1,1,1.0
grewocclud,0,1,1,1.0
dldpoyg,0,1,1,1.0
nfcco,0,1,1,1.0
blpuudaou,0,1,1,1.0
lnog,0,1,1,1.0
kpdva,0,1,1,1.0
qmxe,0,1,1,1.0
colateral,0,1,1,1.0
zoster,0,1,1,1.0
kwm,0,1,1,1.0
oterritrio,0,1,1,1.0
battpasadena,0,1,1,1.0
xporn,0,1,1,1.0
epzzpf,0,1,1,1.0
yybiyig,0,1,1,1.0
ejbg,0,1,1,1.0
murielmcfarl,1,0,1,0.0
nwpuppi,0,1,1,1.0
xlh,0,1,1,1.0
antoviru,0,1,1,1.0
yhiour,0,1,1,1.0
kapipelean,0,1,1,1.0
bhjpsbdsed,0,1,1,1.0
computingoff,0,1,1,1.0
backhous,1,0,1,0.0
ejjzn,0,1,1,1.0
abwcwddnc,0,1,1,1.0
iangxsifpkvgobwlxwhvvxf,0,1,1,1.0
ofreciendo,1,0,1,0.0
galu,0,1,1,1.0
sucht,0,1,1,1.0
acclaimcatchword,0,1,1,1.0
toucher,0,1,1,1.0
inburs,0,1,1,1.0
kpa,0,1,1,1.0
ype,1,0,1,0.0
jttsb,0,1,1,1.0
fhajixtv,0,1,1,1.0
amvescap,1,0,1,0.0
dsouza,1,0,1,0.0
teslick,1,0,1,0.0
zagubiono,1,0,1,0.0
actuals,0,1,1,1.0
ldeega,0,1,1,1.0
homologado,0,1,1,1.0
baumgartn,1,0,1,0.0
ccr,0,1,1,1.0
ozaqgcf,0,1,1,1.0
attard,0,1,1,1.0
jugueteria,0,1,1,1.0
yorkshir,0,1,1,1.0
sensacion,0,1,1,1.0
brendyc,1,0,1,0.0
mvv,1,0,1,0.0
yqjxkjam,0,1,1,1.0
babana,0,1,1,1.0
sawxygefb,0,1,1,1.0
hushan,0,1,1,1.0
jqmaxco,0,1,1,1.0
fysrl,0,1,1,1.0
volljahrigkeit,0,1,1,1.0
cobrana,0,1,1,1.0
poloralphlauren,1,0,1,0.0
slickchairman,0,1,1,1.0
hatherton,0,1,1,1.0
yooung,0,1,1,1.0
gonego,0,1,1,1.0
bbzfgex,0,1,1,1.0
pute,0,1,1,1.0
davgid,1,0,1,0.0
jshadi,1,0,1,0.0
ruthq,0,1,1,1.0
embarcaderonitti,0,1,1,1.0
bznl,0,1,1,1.0
xteasfzl,0,1,1,1.0
strovecaesar,0,1,1,1.0
lfemgeo,0,1,1,1.0
hpoulenc,0,1,1,1.0
wholesalle,0,1,1,1.0
ohthi,0,1,1,1.0
fmgini,1,0,1,0.0
correduria,0,1,1,1.0
localhpharmaci,0,1,1,1.0
buchfuhrung,0,1,1,1.0
outerwear,0,1,1,1.0
capper,1,0,1,0.0
byieb,0,1,1,1.0
remooooovee,0,1,1,1.0
fknkam,0,1,1,1.0
oledo,0,1,1,1.0
topsail,0,1,1,1.0
sundac,1,0,1,0.0
nexel,1,0,1,0.0
jsfssfp,0,1,1,1.0
bolnynyz,0,1,1,1.0
pqbyxfb,0,1,1,1.0
wfz,0,1,1,1.0
ãß,0,1,1,1.0
rgnr,0,1,1,1.0
wwqymllk,0,1,1,1.0
scanlan,1,0,1,0.0
statesgcanada,0,1,1,1.0
rhame,1,0,1,0.0
ddsep,1,0,1,0.0
dfmnr,0,1,1,1.0
pociu,1,0,1,0.0
eexl,0,1,1,1.0
wrighc,1,0,1,0.0
vrant,0,1,1,1.0
wlu,0,1,1,1.0
rueben,0,1,1,1.0
essrm,0,1,1,1.0
ouwr,0,1,1,1.0
chessmast,0,1,1,1.0
contemn,0,1,1,1.0
condón,0,1,1,1.0
clarita,0,1,1,1.0
erinsneedham,1,0,1,0.0
temu,1,0,1,0.0
gul,0,1,1,1.0
mkouiqcumsqjg,0,1,1,1.0
industryheart,0,1,1,1.0
toller,1,0,1,0.0
dqgagob,0,1,1,1.0
petrinaburk,0,1,1,1.0
xisrza,0,1,1,1.0
reallynic,0,1,1,1.0
mudhoney,1,0,1,0.0
jesusdelcampo,0,1,1,1.0
cdhkeig,0,1,1,1.0
gnral,0,1,1,1.0
plfyhjbgb,0,1,1,1.0
nrutlceczm,0,1,1,1.0
fiw,0,1,1,1.0
acartagenag,0,1,1,1.0
vnjupo,0,1,1,1.0
activitieslik,0,1,1,1.0
sambonet,0,1,1,1.0
recenzj,1,0,1,0.0
chintz,0,1,1,1.0
diplostemon,0,1,1,1.0
cgnefgqd,0,1,1,1.0
risparmi,0,1,1,1.0
durablepentagon,0,1,1,1.0
cride,1,0,1,0.0
ekrw,0,1,1,1.0
ofrézcaselo,0,1,1,1.0
xkjb,0,1,1,1.0
christoparian,0,1,1,1.0
noninvert,0,1,1,1.0
tytrdwnr,0,1,1,1.0
ayerswraith,0,1,1,1.0
aktualni,1,0,1,0.0
srio,0,1,1,1.0
ififfick,1,0,1,0.0
bombasticintrus,0,1,1,1.0
preconquest,0,1,1,1.0
samotana,0,1,1,1.0
cgtmrd,0,1,1,1.0
quién,0,1,1,1.0
searchkidnap,0,1,1,1.0
hotsync,0,1,1,1.0
swsjyu,0,1,1,1.0
okwerw,0,1,1,1.0
disweb,1,0,1,0.0
hjtkye,0,1,1,1.0
hyqj,0,1,1,1.0
snodgrl,1,0,1,0.0
cnli,0,1,1,1.0
atualizada,0,1,1,1.0
jofigw,0,1,1,1.0
matici,0,1,1,1.0
wordthat,0,1,1,1.0
zamieszkania,1,0,1,0.0
specialag,0,1,1,1.0
khubfc,0,1,1,1.0
uzrpewrux,0,1,1,1.0
wlenvajc,0,1,1,1.0
ematch,0,1,1,1.0
sensic,1,0,1,0.0
brnquc,0,1,1,1.0
thisweekend,0,1,1,1.0
americancenturi,1,0,1,0.0
viiagraaaaa,0,1,1,1.0
medicw,0,1,1,1.0
rcwyez,0,1,1,1.0
sepoct,0,1,1,1.0
mechol,1,0,1,0.0
finestshowzon,0,1,1,1.0
comt,0,1,1,1.0
csmo,0,1,1,1.0
fwiyfimzz,0,1,1,1.0
dmrerd,0,1,1,1.0
pinast,0,1,1,1.0
uwyeeexa,0,1,1,1.0
byqd,0,1,1,1.0
stokk,0,1,1,1.0
avenel,1,0,1,0.0
laff,1,0,1,0.0
skbweph,0,1,1,1.0
nftiger,0,1,1,1.0
ekhigqrczsu,0,1,1,1.0
biliter,0,1,1,1.0
macvfknr,0,1,1,1.0
sitra,1,0,1,0.0
rwto,0,1,1,1.0
tdwzurba,0,1,1,1.0
rrtzmvidi,0,1,1,1.0
dephopho,0,1,1,1.0
mailsdaconsrcio,0,1,1,1.0
obvio,0,1,1,1.0
icex,1,0,1,0.0
cdâ,0,1,1,1.0
jtt,0,1,1,1.0
sado,0,1,1,1.0
mailmansnuffi,0,1,1,1.0
versiti,0,1,1,1.0
candytuft,0,1,1,1.0
partywir,0,1,1,1.0
yyl,0,1,1,1.0
xsg,0,1,1,1.0
murthi,1,0,1,0.0
shjong,1,0,1,0.0
woolf,1,0,1,0.0
aur,0,1,1,1.0
gwarzosuleng,0,1,1,1.0
alvena,0,1,1,1.0
perlmutt,1,0,1,0.0
mpz,0,1,1,1.0
nowtak,0,1,1,1.0
boutjaneiro,0,1,1,1.0
qss,0,1,1,1.0
hwkldeu,0,1,1,1.0
spqhzwtj,0,1,1,1.0
expansion,0,1,1,1.0
canet,0,1,1,1.0
bajck,0,1,1,1.0
circusceil,0,1,1,1.0
biminicemeteri,0,1,1,1.0
zralvk,0,1,1,1.0
crackup,1,0,1,0.0
ysygd,0,1,1,1.0
khigxuq,0,1,1,1.0
pozostalo,1,0,1,0.0
crapbedspr,0,1,1,1.0
jogyarq,0,1,1,1.0
rusarian,0,1,1,1.0
thechildren,0,1,1,1.0
hizmeti,0,1,1,1.0
perkinson,1,0,1,0.0
keplerlatin,0,1,1,1.0
brall,0,1,1,1.0
hoja,0,1,1,1.0
wlx,0,1,1,1.0
wrp,0,1,1,1.0
studentem,1,0,1,0.0
biggirl,0,1,1,1.0
fsne,0,1,1,1.0
volpon,1,0,1,0.0
kandaswami,1,0,1,0.0
vkohivoc,0,1,1,1.0
epsmmjzrm,0,1,1,1.0
rendezvousstrain,0,1,1,1.0
reunión,0,1,1,1.0
matxvqusdilgnfu,0,1,1,1.0
rito,0,1,1,1.0
tiredxof,0,1,1,1.0
liccens,0,1,1,1.0
jburnett,1,0,1,0.0
teletron,0,1,1,1.0
rpuxf,0,1,1,1.0
blowworldwid,0,1,1,1.0
simulador,0,1,1,1.0
diietingeat,0,1,1,1.0
gemeinschuldn,0,1,1,1.0
strongjobtran,0,1,1,1.0
grenadi,0,1,1,1.0
electrokinet,0,1,1,1.0
seasmduofq,0,1,1,1.0
itthat,0,1,1,1.0
xmglhl,0,1,1,1.0
jlewand,1,0,1,0.0
stulivo,0,1,1,1.0
tolvzev,0,1,1,1.0
balancesheet,1,0,1,0.0
comest,0,1,1,1.0
wiith,0,1,1,1.0
kfa,0,1,1,1.0
fenni,1,0,1,0.0
wzxji,0,1,1,1.0
coupledworldwid,0,1,1,1.0
meam,1,0,1,0.0
nullipara,0,1,1,1.0
mrkstqqhqyr,0,1,1,1.0
dè,0,1,1,1.0
callum,1,0,1,0.0
filoplum,0,1,1,1.0
gugleit,0,1,1,1.0
moliterno,0,1,1,1.0
doctoor,0,1,1,1.0
campanular,0,1,1,1.0
valiuim,0,1,1,1.0
appearancerais,0,1,1,1.0
seex,0,1,1,1.0
abgeordnet,0,1,1,1.0
khale,0,1,1,1.0
barryangu,0,1,1,1.0
nctrafficleagu,0,1,1,1.0
wizgd,0,1,1,1.0
descubra,0,1,1,1.0
medtrend,0,1,1,1.0
fmfteq,0,1,1,1.0
hotdog,1,0,1,0.0
olineservic,0,1,1,1.0
cprreyngf,0,1,1,1.0
mccairn,1,0,1,0.0
ruork,1,0,1,0.0
coracl,0,1,1,1.0
grtprod,0,1,1,1.0
backscreen,1,0,1,0.0
chohungbank,0,1,1,1.0
fundement,1,0,1,0.0
bvoc,0,1,1,1.0
agaain,0,1,1,1.0
jsander,1,0,1,0.0
dtaill,0,1,1,1.0
ciaili,0,1,1,1.0
professiozn,0,1,1,1.0
eurobond,1,0,1,0.0
asatisfactori,0,1,1,1.0
dooctor,0,1,1,1.0
siddiqu,1,0,1,0.0
buero,0,1,1,1.0
smhall,0,1,1,1.0
wheemacrostructur,0,1,1,1.0
rpayinqrg,0,1,1,1.0
dzldrxf,0,1,1,1.0
qndd,0,1,1,1.0
aristogenesi,0,1,1,1.0
southcentr,1,0,1,0.0
viaz,0,1,1,1.0
nesip,0,1,1,1.0
ujolk,0,1,1,1.0
arsivi,0,1,1,1.0
rsaez,0,1,1,1.0
mtiss,0,1,1,1.0
diamondtron,0,1,1,1.0
agradar,0,1,1,1.0
wedsmuck,0,1,1,1.0
evhchgf,0,1,1,1.0
mxilomtgihu,0,1,1,1.0
uue,0,1,1,1.0
aho,0,1,1,1.0
vdsl,0,1,1,1.0
everagra,0,1,1,1.0
himyou,0,1,1,1.0
levesqu,1,0,1,0.0
ntafnqlvg,0,1,1,1.0
coffeycatalina,0,1,1,1.0
holocenebarg,0,1,1,1.0
mcneali,1,0,1,0.0
hannavalentin,0,1,1,1.0
khumaduvel,0,1,1,1.0
shadrack,0,1,1,1.0
bruckm,1,0,1,0.0
domi,0,1,1,1.0
betta,0,1,1,1.0
tomnoddi,0,1,1,1.0
aror,0,1,1,1.0
ehntker,0,1,1,1.0
edsger,0,1,1,1.0
kgrlka,0,1,1,1.0
coomnollobr,0,1,1,1.0
bezzerid,0,1,1,1.0
docierali,1,0,1,0.0
estaduai,0,1,1,1.0
xaaaaaa,0,1,1,1.0
bngo,0,1,1,1.0
esrevinu,0,1,1,1.0
mbfwvzcebr,0,1,1,1.0
baphu,0,1,1,1.0
yfvi,0,1,1,1.0
fogcloud,0,1,1,1.0
ohtani,0,1,1,1.0
kmwec,0,1,1,1.0
ghztqtfcg,0,1,1,1.0
vxclx,0,1,1,1.0
ebuydc,0,1,1,1.0
verma,1,0,1,0.0
dodgerssuzuki,0,1,1,1.0
usuko,0,1,1,1.0
southeasterli,0,1,1,1.0
welavo,1,0,1,0.0
qlff,0,1,1,1.0
techo,0,1,1,1.0
pooseuulbr,0,1,1,1.0
narzeczona,1,0,1,0.0
pharmawj,0,1,1,1.0
shotbushquantico,0,1,1,1.0
adoublemartini,0,1,1,1.0
egardless,0,1,1,1.0
entiat,1,0,1,0.0
organika,1,0,1,0.0
intervoic,1,0,1,0.0
clicb,0,1,1,1.0
yuiff,0,1,1,1.0
trirflzr,0,1,1,1.0
bottomcontd,0,1,1,1.0
nnrhbfhk,0,1,1,1.0
astryk,1,0,1,0.0
llloyd,1,0,1,0.0
jbusci,0,1,1,1.0
rzfjnhdvx,0,1,1,1.0
strengthdecreas,0,1,1,1.0
totalitarnoj,0,1,1,1.0
squeezetarbel,0,1,1,1.0
elektrizitaetswerk,1,0,1,0.0
apnbsp,0,1,1,1.0
webmoney,0,1,1,1.0
lyhf,0,1,1,1.0
iterit,1,0,1,0.0
jtff,0,1,1,1.0
kcmfsj,0,1,1,1.0
notk,1,0,1,0.0
zfrvfe,0,1,1,1.0
jnpglq,0,1,1,1.0
costyou,0,1,1,1.0
chuffer,1,0,1,0.0
fuscvq,0,1,1,1.0
krasni,1,0,1,0.0
valerian,0,1,1,1.0
rdgvv,0,1,1,1.0
vkwkuyyu,0,1,1,1.0
gxxu,0,1,1,1.0
czyspk,0,1,1,1.0
whcyfm,0,1,1,1.0
accroch,0,1,1,1.0
qxjx,0,1,1,1.0
bnkruptci,0,1,1,1.0
dohf,0,1,1,1.0
krgzgl,0,1,1,1.0
valhallarevis,0,1,1,1.0
wate,0,1,1,1.0
roadi,1,0,1,0.0
healt,0,1,1,1.0
dodatkow,1,0,1,0.0
xndjaq,0,1,1,1.0
mfrgroup,1,0,1,0.0
merjl,0,1,1,1.0
lameconway,0,1,1,1.0
bombeiro,0,1,1,1.0
isinoth,0,1,1,1.0
ilev,0,1,1,1.0
pdfctt,0,1,1,1.0
sindicato,0,1,1,1.0
soho,0,1,1,1.0
katti,0,1,1,1.0
marketplaceó,0,1,1,1.0
yle,0,1,1,1.0
heig,0,1,1,1.0
rvxofbuqm,0,1,1,1.0
qygcoer,0,1,1,1.0
engineergeodet,0,1,1,1.0
netrepreneur,0,1,1,1.0
welook,0,1,1,1.0
kulick,1,0,1,0.0
poteet,1,0,1,0.0
wxubfu,0,1,1,1.0
wzmtgobosnhjud,0,1,1,1.0
youknow,0,1,1,1.0
buzzin,1,0,1,0.0
baweja,1,0,1,0.0
fsoozvkot,0,1,1,1.0
coner,1,0,1,0.0
bobbindominion,0,1,1,1.0
emnet,1,0,1,0.0
organo,1,0,1,0.0
vbxlle,0,1,1,1.0
precios,0,1,1,1.0
oucplc,0,1,1,1.0
ttfn,1,0,1,0.0
eaven,0,1,1,1.0
miasmal,0,1,1,1.0
comiendom,0,1,1,1.0
gemstong,0,1,1,1.0
sintei,0,1,1,1.0
ndustrialist,0,1,1,1.0
setzt,0,1,1,1.0
jpenlucjbr,0,1,1,1.0
slidomet,0,1,1,1.0
cutesumptu,0,1,1,1.0
jbuss,1,0,1,0.0
rlsezbjn,0,1,1,1.0
mutinysuggest,0,1,1,1.0
tknow,0,1,1,1.0
afgu,0,1,1,1.0
deqsr,0,1,1,1.0
laferla,1,0,1,0.0
ducruux,0,1,1,1.0
glorutl,0,1,1,1.0
leucoplast,0,1,1,1.0
eawdbznu,0,1,1,1.0
brboston,0,1,1,1.0
feuhn,1,0,1,0.0
psyzv,0,1,1,1.0
jprbn,0,1,1,1.0
concernedli,0,1,1,1.0
wwevvw,0,1,1,1.0
bitambr,0,1,1,1.0
apurado,0,1,1,1.0
kacb,0,1,1,1.0
devereaux,1,0,1,0.0
ksnc,0,1,1,1.0
consisteth,0,1,1,1.0
fabricación,0,1,1,1.0
dauni,1,0,1,0.0
cialgzi,0,1,1,1.0
alban,0,1,1,1.0
passlink,1,0,1,0.0
clementiu,0,1,1,1.0
slumberraid,0,1,1,1.0
avist,1,0,1,0.0
ewi,1,0,1,0.0
subscrlber,0,1,1,1.0
unwillingli,1,0,1,0.0
trpnjng,0,1,1,1.0
larchmont,0,1,1,1.0
deternim,1,0,1,0.0
revenda,0,1,1,1.0
bedbugalik,0,1,1,1.0
baijp,0,1,1,1.0
rtkenu,0,1,1,1.0
aaal,0,1,1,1.0
watchcollect,0,1,1,1.0
crossroadsoot,0,1,1,1.0
mildblimp,0,1,1,1.0
cybersho,0,1,1,1.0
demogcolorpix,0,1,1,1.0
dolnwoad,0,1,1,1.0
mediatransport,1,0,1,0.0
baezaxn,0,1,1,1.0
sestat,0,1,1,1.0
bwluab,0,1,1,1.0
odpowiadalbi,1,0,1,0.0
candit,1,0,1,0.0
mhyragtyv,0,1,1,1.0
afd,0,1,1,1.0
dum,0,1,1,1.0
daquel,0,1,1,1.0
valus,1,0,1,0.0
mvasqu,1,0,1,0.0
efj,0,1,1,1.0
mahii,1,0,1,0.0
tbudxqqd,0,1,1,1.0
pasig,0,1,1,1.0
cabela,0,1,1,1.0
koszta,1,0,1,0.0
gnosi,0,1,1,1.0
linarubin,1,0,1,0.0
kantar,0,1,1,1.0
alkaw,0,1,1,1.0
quicknav,0,1,1,1.0
dcw,0,1,1,1.0
sqwrjkoe,0,1,1,1.0
paidinto,0,1,1,1.0
delegada,0,1,1,1.0
ehgszgjb,0,1,1,1.0
catastropheinquest,0,1,1,1.0
weldwood,0,1,1,1.0
tstntitstuttounknrrrnfnk,0,1,1,1.0
himh,0,1,1,1.0
generalni,1,0,1,0.0
enriquecen,0,1,1,1.0
merovingian,0,1,1,1.0
mvchten,0,1,1,1.0
abogacia,0,1,1,1.0
syytnro,0,1,1,1.0
sciaenid,0,1,1,1.0
qvbwxq,0,1,1,1.0
amusingli,0,1,1,1.0
recommendedhad,0,1,1,1.0
caac,0,1,1,1.0
oaqrsacdnjpt,0,1,1,1.0
uindptgg,0,1,1,1.0
lëvël,0,1,1,1.0
podobalo,1,0,1,0.0
ocasio,0,1,1,1.0
qualhiulsp,0,1,1,1.0
dkdqndz,0,1,1,1.0
âßjarginin,0,1,1,1.0
rrevis,1,0,1,0.0
conce,0,1,1,1.0
spxu,1,0,1,0.0
selectioooon,0,1,1,1.0
franciscoaccord,1,0,1,0.0
sampei,1,0,1,0.0
qzvzminfq,0,1,1,1.0
iziodqt,0,1,1,1.0
beiden,1,0,1,0.0
neededno,0,1,1,1.0
zarara,1,0,1,0.0
pullic,0,1,1,1.0
evqlov,0,1,1,1.0
qeevi,0,1,1,1.0
reggreat,0,1,1,1.0
petcok,1,0,1,0.0
befoggingsnack,0,1,1,1.0
otbsgm,0,1,1,1.0
ocu,0,1,1,1.0
mortsen,0,1,1,1.0
hecfrhsg,0,1,1,1.0
sfranci,1,0,1,0.0
guio,0,1,1,1.0
tyjo,0,1,1,1.0
afk,0,1,1,1.0
yyooaard,0,1,1,1.0
sinopol,0,1,1,1.0
edis,1,0,1,0.0
iggtxa,0,1,1,1.0
merip,0,1,1,1.0
eadj,0,1,1,1.0
gnom,1,0,1,0.0
iberian,1,0,1,0.0
lrmm,1,0,1,0.0
umhkea,0,1,1,1.0
wib,0,1,1,1.0
nvar,1,0,1,0.0
iusomcc,0,1,1,1.0
pariseoboricua,0,1,1,1.0
gnomish,0,1,1,1.0
raymondbrooksl,0,1,1,1.0
removemefromlist,0,1,1,1.0
respiratorrastu,0,1,1,1.0
saaaaalut,0,1,1,1.0
iggb,0,1,1,1.0
nysgngwg,0,1,1,1.0
informixdiana,0,1,1,1.0
plhah,0,1,1,1.0
idtyibfgqq,0,1,1,1.0
marinapoliomyel,0,1,1,1.0
ztnyyi,0,1,1,1.0
