Word,Ham Count,Spam Count,Total Count,Spam Ratio
compani,14757,13969,28726,0.486
our,9614,16029,25643,0.625
com,12585,11617,24202,0.48
if,15486,8326,23812,0.35
all,10099,11604,21703,0.535
pleas,13344,7752,21096,0.367
can,10752,9552,20304,0.47
an,11652,8587,20239,0.424
ha,12444,7596,20040,0.379
wa,11780,6044,17824,0.339
ani,9166,7709,16875,0.457
me,10406,6136,16542,0.371
e,6773,9192,15965,0.576
time,9160,6671,15831,0.421
price,8316,7444,15760,0.472
would,12534,2995,15529,0.193
no,5764,9765,15529,0.629
new,9899,5375,15274,0.352
inform,6170,8864,15034,0.59
market,10042,4987,15029,0.332
more,6780,7986,14766,0.541
do,6852,7245,14097,0.514
my,5969,8016,13985,0.573
am,11467,2502,13969,0.179
busi,7801,6095,13896,0.439
but,8612,4783,13395,0.357
may,6949,6221,13170,0.472
get,6225,6921,13146,0.526
t,6673,6316,12989,0.486
need,7895,4686,12581,0.372
re,9799,2757,12556,0.22
which,7665,4755,12420,0.383
up,7308,4890,12198,0.401
thank,9385,2762,12147,0.227
about,7882,4257,12139,0.351
ga,9343,2689,12032,0.223
been,7225,4698,11923,0.394
said,10836,1049,11885,0.088
they,8003,3610,11613,0.311
report,6230,5275,11505,0.458
energi,9942,1536,11478,0.134
us,5006,6422,11428,0.562
year,7590,3829,11419,0.335
mail,4466,6942,11408,0.609
http,2392,8784,11176,0.786
email,2523,8598,11121,0.773
trade,8717,2296,11013,0.208
here,2774,8211,10985,0.747
messag,7107,3856,10963,0.352
day,6546,4312,10858,0.397
use,5273,5552,10825,0.513
deal,9607,1066,10673,0.1
other,5912,4683,10595,0.442
forward,7028,3505,10533,0.333
stock,5011,5485,10496,0.523
manag,7758,2692,10450,0.258
secur,2788,7491,10279,0.729
he,7565,2672,10237,0.261
work,6433,3640,10073,0.361
know,7284,2626,9910,0.265
servic,5471,4241,9712,0.437
their,6058,3641,9699,0.375
like,5921,3649,9570,0.381
power,8079,1485,9564,0.155
invest,3194,6352,9546,0.665
these,5224,4317,9541,0.452
product,3665,5807,9472,0.613
there,6163,3179,9342,0.34
now,3550,5737,9287,0.618
also,6315,2918,9233,0.316
look,4160,5067,9227,0.549
onli,3287,5763,9050,0.637
so,5498,3493,8991,0.388
what,5395,3365,8760,0.384
over,3960,4787,8747,0.547
provid,4170,4553,8723,0.522
go,4465,4216,8681,0.486
m,4575,4067,8642,0.471
week,6411,1974,8385,0.235
hi,4609,3764,8373,0.45
some,5887,2451,8338,0.294
d,4771,3340,8111,0.412
includ,4269,3720,7989,0.466
statement,1046,6920,7966,0.869
corp,7474,482,7956,0.061
call,6127,1789,7916,0.226
number,3586,4328,7914,0.547
want,3994,3842,7836,0.49
share,4940,2835,7775,0.365
million,4322,3445,7767,0.444
www,2346,5403,7749,0.697
receiv,3118,4608,7726,0.596
into,4371,3298,7669,0.43
meet,6789,838,7627,0.11
o,2408,5192,7600,0.683
should,5158,2426,7584,0.32
offic,4869,2694,7563,0.356
group,6217,1205,7422,0.162
just,3351,4070,7421,0.548
inc,3892,3507,7399,0.474
offer,2517,4874,7391,0.659
rate,5478,1889,7367,0.256
account,2693,4654,7347,0.633
could,4611,2733,7344,0.372
who,4472,2859,7331,0.39
list,3822,3494,7316,0.478
see,4411,2844,7255,0.392
oper,5067,2148,7215,0.298
risk,4804,2390,7194,0.332
sent,5451,1726,7177,0.24
order,2661,4504,7165,0.629
interest,3677,3403,7080,0.481
take,3905,3146,7051,0.446
p,4125,2925,7050,0.415
contact,3415,3623,7038,0.515
than,4204,2803,7007,0.4
were,5003,2001,7004,0.286
project,3831,3133,6964,0.45
had,5115,1777,6892,0.258
follow,4884,1989,6873,0.289
money,1229,5626,6855,0.821
chang,5142,1709,6851,0.249
j,6111,674,6785,0.099
when,4239,2526,6765,0.373
system,3493,3221,6714,0.48
after,4188,2361,6549,0.361
c,3850,2635,6485,0.406
let,5305,1163,6468,0.18
schedul,6335,131,6466,0.02
state,3511,2946,6457,0.456
name,2808,3634,6442,0.564
financi,4961,1430,6391,0.224
regard,4222,2166,6388,0.339
month,4007,2254,6261,0.36
through,3022,3200,6222,0.514
de,393,5815,6208,0.937
free,1452,4728,6180,0.765
origin,5398,781,6179,0.126
last,4460,1679,6139,0.273
expect,2627,3492,6119,0.571
develop,4065,2050,6115,0.335
credit,4673,1440,6113,0.236
within,1388,4707,6095,0.772
base,3383,2692,6075,0.443
next,3461,2613,6074,0.43
term,3996,2005,6001,0.334
file,4442,1542,5984,0.258
how,3019,2950,5969,0.494
current,3513,2447,5960,0.411
date,4609,1298,5907,0.22
address,1714,4175,5889,0.709
custom,2663,3202,5865,0.546
gener,3504,2360,5864,0.402
question,5082,759,5841,0.13
plan,4326,1451,5777,0.251
help,3521,2236,5757,0.388
best,2126,3508,5634,0.623
them,3510,2070,5580,0.371
today,2897,2677,5574,0.48
start,3406,2119,5525,0.384
issu,4601,870,5471,0.159
news,2409,3045,5454,0.558
veri,3097,2355,5452,0.432
l,2356,3070,5426,0.566
posit,3090,2306,5396,0.427
two,3698,1688,5386,0.313
send,2240,3113,5353,0.582
billion,4556,764,5320,0.144
right,3317,1977,5294,0.373
result,1992,3232,5224,0.619
contract,4301,914,5215,0.175
attach,4681,530,5211,0.102
program,1974,3198,5172,0.618
process,3051,2113,5164,0.409
futur,1573,3574,5147,0.694
site,1367,3779,5146,0.734
u,2211,2913,5124,0.569
bank,2209,2898,5107,0.567
th,3338,1748,5086,0.344
transact,3398,1682,5080,0.331
well,3243,1834,5077,0.361
first,3034,2024,5058,0.4
investor,3187,1868,5055,0.37
sale,2837,2200,5037,0.437
peopl,2690,2301,4991,0.461
such,2132,2856,4988,0.573
request,3896,1089,4985,0.218
requir,2885,2069,4954,0.418
click,956,3994,4950,0.807
discuss,4044,860,4904,0.175
data,4034,839,4873,0.172
dynegi,4857,0,4857,0.0
back,3287,1559,4846,0.322
kaminski,4840,0,4840,0.0
net,1733,3096,4829,0.641
befor,2192,2611,4803,0.544
softwar,607,4191,4798,0.873
complet,2673,2112,4785,0.441
review,3416,1331,4747,0.28
most,2468,2277,4745,0.48
mani,2050,2694,4744,0.568
per,2776,1912,4688,0.408
don,2495,2164,4659,0.464
made,2003,2655,4658,0.57
r,1053,3551,4604,0.771
come,2644,1935,4579,0.423
x,1920,2627,4547,0.578
cost,2957,1562,4519,0.346
intern,1827,2687,4514,0.595
onlin,909,3600,4509,0.798
b,1805,2668,4473,0.596
note,2798,1623,4421,0.367
good,2383,2033,4416,0.46
addit,3206,1206,4412,0.273
way,2144,2265,4409,0.514
industri,2439,1956,4395,0.445
hour,2735,1660,4395,0.378
perform,2204,2156,4360,0.494
continu,2945,1411,4356,0.324
line,2609,1725,4334,0.398
fund,1546,2783,4329,0.643
becaus,2367,1900,4267,0.445
commun,2963,1292,4255,0.304
research,3399,840,4239,0.198
buy,2411,1824,4235,0.431
below,2447,1773,4220,0.42
off,2887,1322,4209,0.314
think,3169,1015,4184,0.243
under,2556,1619,4175,0.388
unit,2639,1505,4144,0.363
home,1250,2879,4129,0.697
much,2360,1743,4103,0.425
close,3429,669,4098,0.163
give,2387,1701,4088,0.416
say,2870,1203,4073,0.295
save,689,3377,4066,0.831
find,2134,1927,4061,0.475
part,1847,2167,4014,0.54
valu,2835,1147,3982,0.288
present,2517,1453,3970,0.366
then,2111,1849,3960,0.467
john,3690,259,3949,0.066
own,1768,2172,3940,0.551
updat,3057,881,3938,0.224
those,2152,1766,3918,0.451
due,2025,1872,3897,0.48
jone,3710,185,3895,0.047
high,1758,2110,3868,0.546
each,2434,1433,3867,0.371
final,2903,940,3843,0.245
long,2403,1410,3813,0.37
sell,2099,1693,3792,0.446
move,2471,1311,3782,0.347
end,2762,1019,3781,0.27
asset,3120,642,3762,0.171
even,1959,1803,3762,0.479
california,3438,302,3740,0.081
team,2946,792,3738,0.212
person,1724,2003,3727,0.537
sinc,2367,1337,3704,0.361
approv,2193,1508,3701,0.407
cash,2198,1491,3689,0.404
natur,2567,1121,3688,0.304
total,1939,1715,3654,0.469
believ,1625,2025,3650,0.555
execut,2964,678,3642,0.186
increas,1767,1849,3616,0.511
option,3124,476,3600,0.132
doe,1680,1905,3585,0.531
limit,1911,1650,3561,0.463
support,2530,1028,3558,0.289
possibl,2508,1047,3555,0.295
friday,3182,356,3538,0.101
respons,2485,1039,3524,0.295
internet,1021,2501,3522,0.71
act,591,2923,3514,0.832
remov,477,3037,3514,0.864
event,1532,1976,3508,0.563
detail,2043,1464,3507,0.417
place,1784,1722,3506,0.491
financ,2454,1051,3505,0.3
agreement,2645,856,3501,0.245
world,1103,2387,3490,0.684
visit,1479,2000,3479,0.575
down,2608,867,3475,0.249
websit,595,2879,3474,0.829
set,2438,1034,3472,0.298
reserv,2599,857,3456,0.248
tri,1849,1600,3449,0.464
corpor,1932,1510,3442,0.439
pay,1894,1534,3428,0.447
dow,3212,191,3403,0.056
monday,3050,347,3397,0.102
effect,1743,1640,3383,0.485
fax,1968,1409,3377,0.417
point,2694,681,3375,0.202
announc,1853,1490,3343,0.446
employe,3155,186,3341,0.056
both,2200,1134,3334,0.34
where,1903,1419,3322,0.427
while,1919,1398,3317,0.421
technolog,934,2376,3310,0.718
ask,2443,866,3309,0.262
dollar,1032,2271,3303,0.688
analyst,3141,159,3300,0.048
claim,542,2738,3280,0.835
juli,2770,482,3252,0.148
databas,2547,700,3247,0.216
purchas,2282,964,3246,0.297
mark,2889,345,3234,0.107
problem,2269,955,3224,0.296
adob,32,3184,3216,0.99
differ,1433,1779,3212,0.554
oil,1399,1797,3196,0.562
special,872,2323,3195,0.727
co,2011,1180,3191,0.37
opportun,1708,1476,3184,0.464
form,1597,1576,3173,0.497
still,2430,728,3158,0.231
her,1493,1659,3152,0.526
she,2027,1106,3133,0.353
without,916,2215,3131,0.707
talk,2513,606,3119,0.194
volum,2700,386,3086,0.125
access,1940,1145,3085,0.371
profession,332,2738,3070,0.892
electr,2724,334,3058,0.109
ll,1628,1414,3042,0.465
model,2687,340,3027,0.112
director,2125,886,3011,0.294
fact,767,2241,3008,0.745
great,1318,1689,3007,0.562
exchang,1986,1017,3003,0.339
relat,2232,768,3000,0.256
further,1630,1347,2977,0.452
keep,1639,1331,2970,0.448
associ,2327,636,2963,0.215
america,2123,830,2953,0.281
link,872,2075,2947,0.704
presid,2171,754,2925,0.258
g,820,2100,2920,0.719
percent,2462,456,2918,0.156
web,1040,1873,2913,0.643
recent,1823,1085,2908,0.373
him,2029,864,2893,0.299
bill,2162,730,2892,0.252
concern,2265,617,2882,0.214
materi,746,2134,2880,0.741
book,2152,717,2869,0.25
must,1151,1718,2869,0.599
assist,1239,1626,2865,0.568
public,1271,1581,2852,0.554
past,1309,1542,2851,0.541
y,161,2685,2846,0.943
particip,1790,1055,2845,0.371
meter,2803,41,2844,0.014
did,2020,822,2842,0.289
releas,1131,1708,2839,0.602
creat,1848,988,2836,0.348
david,2626,203,2829,0.072
info,685,2143,2828,0.758
check,1178,1641,2819,0.582
copyright,2599,215,2814,0.076
parti,1214,1596,2810,0.568
ee,2425,357,2782,0.128
earn,1914,864,2778,0.311
involv,1201,1572,2773,0.567
again,1622,1143,2765,0.413
action,1333,1431,2764,0.518
copi,1820,932,2752,0.339
ve,1294,1457,2751,0.53
abov,1495,1255,2750,0.456
debt,2359,391,2750,0.142
few,1571,1162,2733,0.425
thing,1430,1299,2729,0.476
hope,2004,720,2724,0.264
n,636,2086,2722,0.766
confer,2512,197,2709,0.073
confirm,1859,850,2709,0.314
success,1071,1624,2695,0.603
same,1485,1208,2693,0.449
put,1964,707,2671,0.265
estim,1211,1452,2663,0.545
promot,657,2004,2661,0.753
global,2048,610,2658,0.229
full,1018,1622,2640,0.614
until,1803,834,2637,0.316
firm,2173,443,2616,0.169
partnership,2346,265,2611,0.101
control,1573,1037,2610,0.397
york,2377,227,2604,0.087
sourc,1127,1475,2602,0.567
countri,526,2067,2593,0.797
might,1547,1045,2592,0.403
contain,819,1765,2584,0.683
low,767,1815,2582,0.703
activ,1858,716,2574,0.278
trader,2426,145,2571,0.056
member,1417,1143,2560,0.446
sever,1774,784,2558,0.306
run,1952,605,2557,0.237
util,2258,291,2549,0.114
show,1512,1036,2548,0.407
wednesday,2404,142,2546,0.056
stop,495,2049,2544,0.805
feel,1215,1324,2539,0.521
dure,1826,707,2533,0.279
et,2258,267,2525,0.106
profit,1376,1146,2522,0.454
notic,1019,1494,2513,0.595
mean,811,1687,2498,0.675
howev,2007,476,2483,0.192
repli,565,1918,2483,0.772
three,1445,1036,2481,0.418
chief,2256,215,2471,0.087
repres,1117,1351,2468,0.547
section,622,1845,2467,0.748
thursday,2262,204,2466,0.083
user,1188,1277,2465,0.518
third,1508,955,2463,0.388
v,461,2001,2462,0.813
immedi,1069,1393,2462,0.566
w,1509,947,2456,0.386
everi,843,1612,2455,0.657
tuesday,2227,211,2438,0.087
applic,1232,1204,2436,0.494
life,311,2123,2434,0.872
wish,524,1898,2422,0.784
loss,1822,593,2415,0.246
between,1970,443,2413,0.184
comment,2231,182,2413,0.075
govern,1040,1365,2405,0.568
charg,1701,697,2398,0.291
import,1422,972,2394,0.406
understand,1482,912,2394,0.381
quarter,2026,361,2387,0.151
fw,2172,215,2387,0.09
level,1709,677,2386,0.284
resourc,1674,712,2386,0.298
indic,1096,1269,2365,0.537
advic,199,2166,2365,0.916
read,766,1596,2362,0.676
short,1695,651,2346,0.277
ena,2342,0,2342,0.0
texa,2074,262,2336,0.112
direct,1454,872,2326,0.375
abl,1524,801,2325,0.345
f,974,1349,2323,0.581
payment,1327,993,2320,0.428
top,1074,1241,2315,0.536
comput,622,1691,2313,0.731
propos,1708,600,2308,0.26
alreadi,1553,748,2301,0.325
robert,2108,190,2298,0.083
pill,4,2287,2291,0.998
major,1066,1219,2285,0.533
type,1401,877,2278,0.385
case,1523,753,2276,0.331
potenti,1219,1052,2271,0.463
cent,2000,269,2269,0.119
watch,422,1840,2262,0.813
anoth,1613,646,2259,0.286
onc,1201,1055,2256,0.468
open,1556,698,2254,0.31
capit,1620,634,2254,0.281
actual,1350,899,2249,0.4
plant,1991,252,2243,0.112
area,1287,952,2239,0.425
return,1191,1044,2235,0.467
design,708,1525,2233,0.683
effort,1306,926,2232,0.415
street,1782,448,2230,0.201
document,1557,672,2229,0.301
transfer,630,1598,2228,0.717
k,1343,884,2227,0.397
lead,1302,924,2226,0.415
deliveri,1510,715,2225,0.321
locat,1360,861,2221,0.388
legal,1262,952,2214,0.43
accept,959,1255,2214,0.567
north,1659,552,2211,0.25
lon,1895,306,2201,0.139
select,807,1390,2197,0.633
hold,1345,847,2192,0.386
mmbtu,2189,0,2189,0.0
sure,1504,683,2187,0.312
soon,1236,949,2185,0.434
less,1195,986,2181,0.452
center,1277,894,2171,0.412
interview,2029,139,2168,0.064
commerci,1485,682,2167,0.315
produc,1040,1126,2166,0.52
allow,1327,827,2154,0.384
ad,1208,939,2147,0.437
window,321,1823,2144,0.85
error,1363,774,2137,0.362
octob,1970,167,2137,0.078
dear,944,1193,2137,0.558
pipelin,2090,35,2125,0.016
sign,1354,768,2122,0.362
ship,367,1749,2116,0.827
too,1118,991,2109,0.47
view,1116,988,2104,0.47
london,1869,227,2096,0.108
june,1603,477,2080,0.229
april,1926,149,2075,0.072
amount,1210,860,2070,0.415
partner,942,1127,2069,0.545
regist,532,1536,2068,0.743
la,401,1665,2066,0.806
id,1093,969,2062,0.47
agre,1617,434,2051,0.212
consid,1033,1009,2042,0.494
suppli,1417,624,2041,0.306
januari,1573,465,2038,0.228
lay,1919,119,2038,0.058
enter,980,1051,2031,0.517
mike,1978,52,2030,0.026
kitchen,1996,28,2024,0.014
revenu,756,1261,2017,0.625
flow,1808,206,2014,0.102
growth,749,1264,2013,0.628
build,1246,766,2012,0.381
dbcap,2010,0,2010,0.0
size,404,1603,2007,0.799
featur,317,1690,2007,0.842
morn,1584,413,1997,0.207
target,580,1417,1997,0.71
capac,1891,99,1990,0.05
st,782,1204,1986,0.606
caus,664,1321,1985,0.665
privat,658,1321,1979,0.668
guarante,476,1503,1979,0.759
distribut,1024,954,1978,0.482
depart,1122,856,1978,0.433
version,952,1020,1972,0.517
equiti,1578,393,1971,0.199
commiss,1564,407,1971,0.206
board,1529,437,1966,0.222
better,1039,918,1957,0.469
remain,1520,435,1955,0.223
decid,769,1172,1941,0.604
medic,114,1826,1940,0.941
reason,975,965,1940,0.497
march,1615,323,1938,0.167
letter,969,966,1935,0.499
daili,1576,358,1934,0.185
individu,1203,730,1933,0.378
demand,1417,513,1930,0.266
content,554,1375,1929,0.713
qualiti,413,1515,1928,0.786
intend,943,983,1926,0.51
na,1654,272,1926,0.141
second,926,992,1918,0.517
given,1168,746,1914,0.39
chairman,1748,158,1906,0.083
confidenti,766,1139,1905,0.598
done,1383,519,1902,0.273
cd,140,1760,1900,0.926
oo,18,1872,1890,0.99
advis,828,1060,1888,0.561
thousand,125,1762,1887,0.934
lot,977,909,1886,0.482
press,867,1014,1881,0.539
august,1660,211,1871,0.113
standard,1366,498,1864,0.267
begin,1292,568,1860,0.305
advertis,132,1727,1859,0.929
iso,1455,397,1852,0.214
becom,841,1010,1851,0.546
paid,642,1207,1849,0.653
newslett,228,1620,1848,0.877
post,1473,371,1844,0.201
network,976,864,1840,0.47
h,732,1107,1839,0.602
ceo,1379,458,1837,0.249
realli,1009,828,1837,0.451
steve,1760,63,1823,0.035
late,926,896,1822,0.492
suggest,1337,479,1816,0.264
big,1001,814,1815,0.448
nation,805,1005,1810,0.555
whi,712,1095,1807,0.606
decemb,1554,252,1806,0.14
respect,658,1142,1800,0.634
write,874,922,1796,0.513
live,492,1303,1795,0.726
around,1150,636,1786,0.356
cut,1487,298,1785,0.167
accord,1149,628,1777,0.353
edu,1725,49,1774,0.028
littl,838,933,1771,0.527
jeff,1729,39,1768,0.022
novemb,1604,160,1764,0.091
shirley,1735,23,1758,0.013
refer,741,1017,1758,0.578
michael,1557,194,1751,0.111
publish,402,1346,1748,0.77
later,1128,618,1746,0.354
univers,1415,330,1745,0.189
face,764,974,1738,0.56
identifi,704,1030,1734,0.594
certain,722,1012,1734,0.584
join,1197,536,1733,0.309
hourahead,1733,0,1733,0.0
page,986,740,1726,0.429
express,484,1237,1721,0.719
desk,1515,205,1720,0.119
paper,1329,391,1720,0.227
word,531,1186,1717,0.691
microsoft,316,1400,1716,0.816
viagra,0,1716,1716,1.0
got,873,842,1715,0.491
solut,662,1053,1715,0.614
win,231,1480,1711,0.865
famili,436,1273,1709,0.745
hello,524,1184,1708,0.693
never,513,1192,1705,0.699
ticket,1213,480,1693,0.284
pro,230,1463,1693,0.864
sharehold,1197,495,1692,0.293
decis,1235,451,1686,0.267
sec,1030,656,1686,0.389
html,435,1249,1684,0.742
seek,641,1038,1679,0.618
gain,729,949,1678,0.566
organ,909,758,1667,0.455
test,987,677,1664,0.407
septemb,1476,188,1664,0.113
offici,1046,612,1658,0.369
via,718,935,1653,0.566
expens,892,760,1652,0.46
unknown,1410,240,1650,0.145
anticip,314,1335,1649,0.81
benefit,872,774,1646,0.47
wall,1424,221,1645,0.134
period,1299,344,1643,0.209
minut,542,1101,1643,0.67
experi,826,816,1642,0.497
tax,1069,570,1639,0.348
download,453,1184,1637,0.723
fee,783,853,1636,0.521
yesterday,1583,52,1635,0.032
bankruptci,1304,330,1634,0.202
bond,1511,123,1634,0.075
bring,897,736,1633,0.451
bob,1579,52,1631,0.032
william,1426,198,1624,0.122
larg,1017,606,1623,0.373
head,1123,500,1623,0.308
job,1196,426,1622,0.263
alia,1337,283,1620,0.175
statu,1326,292,1618,0.18
submit,812,805,1617,0.498
card,391,1218,1609,0.757
prior,878,730,1608,0.454
suit,657,942,1599,0.589
found,754,843,1597,0.528
thought,1184,411,1595,0.258
american,972,621,1593,0.39
structur,1295,298,1593,0.187
easi,239,1353,1592,0.85
search,187,1405,1592,0.883
averag,1099,493,1592,0.31
care,609,980,1589,0.617
profil,351,1238,1589,0.779
specif,1070,517,1587,0.326
kevin,1562,23,1585,0.015
engin,721,862,1583,0.545
canada,786,781,1567,0.498
improv,707,859,1566,0.549
ms,335,1230,1565,0.786
balanc,1359,203,1562,0.13
cours,1043,510,1553,0.328
mari,1415,133,1548,0.086
reach,857,691,1548,0.446
factor,526,1019,1545,0.66
necessari,650,895,1545,0.579
sheet,1193,347,1540,0.225
confid,976,563,1539,0.366
rememb,335,1198,1533,0.781
ever,448,1085,1533,0.708
client,658,864,1522,0.568
cover,1182,337,1519,0.222
skill,1368,149,1517,0.098
initi,1087,429,1516,0.283
etc,1005,507,1512,0.335
lower,1060,442,1502,0.294
nomin,1236,265,1501,0.177
deliv,809,691,1500,0.461
mention,912,584,1496,0.39
alway,523,972,1495,0.65
kind,541,953,1494,0.638
happen,772,721,1493,0.483
q,566,922,1488,0.62
europ,854,631,1485,0.425
turn,797,686,1483,0.463
committe,1351,130,1481,0.088
key,887,593,1480,0.401
either,1035,437,1472,0.297
negoti,1037,435,1472,0.296
agent,139,1332,1471,0.906
acquisit,567,899,1466,0.613
prefer,1039,424,1463,0.29
wait,533,930,1463,0.636
salli,1443,18,1461,0.012
matter,732,725,1457,0.498
affili,642,815,1457,0.559
hard,704,749,1453,0.515
clear,1007,446,1453,0.307
item,953,500,1453,0.344
arrang,1119,333,1452,0.229
xp,6,1445,1451,0.996
foreign,266,1184,1450,0.817
yet,970,475,1445,0.329
add,861,582,1443,0.403
learn,518,925,1443,0.641
fastow,1431,0,1431,0.0
anyth,928,502,1430,0.351
transport,1267,162,1429,0.113
revis,1336,89,1425,0.062
protect,557,864,1421,0.608
readi,470,949,1419,0.669
basi,1143,275,1418,0.194
usa,740,675,1415,0.477
smith,1267,148,1415,0.105
lose,390,1025,1415,0.724
acquir,548,866,1414,0.612
loan,663,747,1410,0.53
hand,625,784,1409,0.556
soft,108,1301,1409,0.923
yahoo,337,1072,1409,0.761
reduc,997,412,1409,0.292
staff,980,426,1406,0.303
logo,47,1357,1404,0.967
non,936,467,1403,0.333
lotteri,16,1385,1401,0.989
normal,518,883,1401,0.63
hear,914,487,1401,0.348
small,622,778,1400,0.556
font,39,1361,1400,0.972
step,808,590,1398,0.422
retail,593,804,1397,0.576
whether,1169,226,1395,0.162
ca,566,822,1388,0.592
attend,1243,145,1388,0.104
packag,501,880,1381,0.637
rais,917,464,1381,0.336
held,841,540,1381,0.391
fall,1141,239,1380,0.173
prescript,40,1339,1379,0.971
ferc,1376,0,1376,0.0
earli,1123,252,1375,0.183
feder,730,645,1375,0.469
code,674,701,1375,0.51
al,273,1101,1374,0.801
pass,788,582,1370,0.425
against,960,407,1367,0.298
exist,833,534,1367,0.391
reuter,1354,13,1367,0.01
uncertainti,322,1044,1366,0.764
togeth,1067,298,1365,0.218
west,1052,311,1363,0.228
consult,589,770,1359,0.567
someth,845,512,1357,0.377
recommend,862,493,1355,0.364
five,551,803,1354,0.593
among,699,654,1353,0.483
deposit,127,1226,1353,0.906
nov,1292,61,1353,0.045
region,898,453,1351,0.335
love,281,1070,1351,0.792
investig,963,386,1349,0.286
brand,131,1217,1348,0.903
resum,1255,87,1342,0.065
subscrib,176,1166,1342,0.869
mobil,336,1001,1337,0.749
farmer,1184,151,1335,0.113
polici,904,430,1334,0.322
nd,387,947,1334,0.71
hous,641,691,1332,0.519
grant,783,548,1331,0.412
upon,611,719,1330,0.541
edit,416,914,1330,0.687
unsubscrib,220,1105,1325,0.834
oct,1268,56,1324,0.042
jame,1185,138,1323,0.104
citi,663,655,1318,0.497
away,602,716,1318,0.543
man,207,1110,1317,0.843
answer,810,507,1317,0.385
eb,1298,18,1316,0.014
purpos,554,758,1312,0.578
prepar,889,422,1311,0.322
four,774,535,1309,0.409
titl,410,897,1307,0.686
appreci,1011,292,1303,0.224
sincer,450,851,1301,0.654
leav,958,339,1297,0.261
exampl,695,600,1295,0.463
drive,477,818,1295,0.632
wholesal,1098,196,1294,0.151
mm,1192,99,1291,0.077
properti,323,968,1291,0.75
richard,1183,107,1290,0.083
friend,395,894,1289,0.694
en,82,1206,1288,0.936
analysi,1088,200,1288,0.155
portland,1277,11,1288,0.009
school,953,334,1287,0.26
ago,865,420,1285,0.327
largest,981,302,1283,0.235
south,494,789,1283,0.615
commod,1193,89,1282,0.069
insur,594,687,1281,0.536
februari,1132,149,1281,0.116
invit,916,361,1277,0.283
play,530,745,1275,0.584
law,666,604,1270,0.476
load,975,290,1265,0.229
grow,476,788,1264,0.623
least,831,430,1261,0.341
draw,255,1004,1259,0.797
br,31,1227,1258,0.975
hundr,148,1110,1258,0.882
happi,696,561,1257,0.446
store,212,1044,1256,0.831
lo,236,1018,1254,0.812
bid,1189,65,1254,0.052
told,993,258,1251,0.206
condit,651,599,1250,0.479
fast,280,967,1247,0.775
left,883,364,1247,0.292
summer,1099,147,1246,0.118
idea,864,382,1246,0.307
doc,1211,32,1243,0.026
index,731,511,1242,0.411
xl,1170,72,1242,0.058
senior,1029,212,1241,0.171
drug,58,1182,1240,0.953
box,414,822,1236,0.665
abil,646,588,1234,0.476
appear,944,290,1234,0.235
worldwid,221,1012,1233,0.821
latest,650,582,1232,0.472
travel,591,638,1229,0.519
advanc,579,649,1228,0.529
fail,906,320,1226,0.261
health,189,1036,1225,0.846
seem,959,266,1225,0.217
yourself,139,1085,1224,0.886
discount,427,797,1224,0.651
extend,770,454,1224,0.371
draft,1094,129,1223,0.105
therefor,624,598,1222,0.489
agenc,894,327,1221,0.268
fill,400,820,1220,0.672
merger,1165,53,1218,0.044
chri,1169,47,1216,0.039
author,793,420,1213,0.346
mid,1008,204,1212,0.168
nom,1205,7,1212,0.006
deriv,1132,78,1210,0.064
org,434,775,1209,0.641
liquid,919,289,1208,0.239
class,957,251,1208,0.208
congratul,384,820,1204,0.681
ensur,821,380,1201,0.316
feedback,1130,71,1201,0.059
transmiss,1036,164,1200,0.137
ciali,0,1199,1199,1.0
everyon,797,397,1194,0.332
sold,762,429,1191,0.36
tell,606,585,1191,0.491
administr,921,270,1191,0.227
occur,432,759,1191,0.637
storag,982,208,1190,0.175
incom,595,593,1188,0.499
tomorrow,1097,89,1186,0.075
alloc,1134,51,1185,0.043
drop,905,280,1185,0.236
shop,213,972,1185,0.82
object,403,780,1183,0.659
track,642,541,1183,0.457
respond,830,351,1181,0.297
strategi,683,496,1179,0.421
forc,810,368,1178,0.312
won,463,712,1175,0.606
dr,468,704,1172,0.601
higher,724,448,1172,0.382
awar,451,717,1168,0.614
rang,435,733,1168,0.628
probabl,1014,154,1168,0.132
field,811,356,1167,0.305
far,879,288,1167,0.247
consum,616,550,1166,0.472
mw,1085,77,1162,0.066
wide,368,793,1161,0.683
commit,783,377,1160,0.325
server,360,800,1160,0.69
facil,911,247,1158,0.213
noth,370,787,1157,0.68
role,1068,89,1157,0.077
jan,761,394,1155,0.341
counterparti,1155,0,1155,0.0
integr,699,456,1155,0.395
log,971,181,1152,0.157
local,410,738,1148,0.643
prize,124,1024,1148,0.892
avoid,362,786,1148,0.685
med,14,1133,1147,0.988
opinion,339,802,1141,0.703
categori,269,871,1140,0.764
situat,785,354,1139,0.311
quick,357,781,1138,0.686
serv,811,324,1135,0.285
hot,212,923,1135,0.813
impact,860,272,1132,0.24
anyon,691,440,1131,0.389
fuel,959,170,1129,0.151
simpli,334,792,1126,0.703
mx,45,1080,1125,0.96
earlier,1035,89,1124,0.079
vice,982,136,1118,0.122
trust,416,702,1118,0.628
enough,626,492,1118,0.44
appli,602,515,1117,0.461
determin,877,240,1117,0.215
cera,1117,0,1117,0.0
room,889,227,1116,0.203
function,957,158,1115,0.142
fix,624,491,1115,0.44
someon,709,405,1114,0.364
portfolio,780,334,1114,0.3
side,720,394,1114,0.354
declin,1005,106,1111,0.095
assur,325,786,1111,0.707
connect,526,584,1110,0.526
tel,406,703,1109,0.634
signific,782,327,1109,0.295
annual,630,479,1109,0.432
sum,140,968,1108,0.874
huge,281,827,1108,0.746
longer,573,532,1105,0.481
goal,451,650,1101,0.59
econom,803,298,1101,0.271
video,346,752,1098,0.685
game,392,705,1097,0.643
old,567,524,1091,0.48
compens,300,788,1088,0.724
mind,442,646,1088,0.594
media,205,883,1088,0.812
winner,129,958,1087,0.881
td,122,965,1087,0.888
india,925,158,1083,0.146
correct,893,188,1081,0.174
est,256,825,1081,0.763
jim,1038,42,1080,0.039
se,48,1031,1079,0.956
emerg,510,569,1079,0.527
coordin,813,264,1077,0.245
curv,1041,35,1076,0.033
davi,971,105,1076,0.098
choos,257,816,1073,0.76
fyi,1057,14,1071,0.013
termin,947,124,1071,0.116
worth,466,602,1068,0.564
train,715,353,1068,0.331
computron,0,1067,1067,1.0
safe,144,918,1062,0.864
stand,394,666,1060,0.628
pc,196,862,1058,0.815
scott,998,53,1051,0.05
handl,619,431,1050,0.41
half,496,549,1045,0.525
chanc,500,544,1044,0.521
student,886,155,1041,0.149
reader,99,940,1039,0.905
attent,375,661,1036,0.638
broadband,652,384,1036,0.371
measur,706,329,1035,0.318
solicit,145,888,1033,0.86
guy,802,227,1029,0.221
break,364,664,1028,0.646
format,347,681,1028,0.662
weather,980,48,1028,0.047
andrew,925,102,1027,0.099
combin,686,341,1027,0.332
color,166,860,1026,0.838
lost,729,296,1025,0.289
tim,715,310,1025,0.302
altern,588,437,1025,0.426
physic,792,232,1024,0.227
china,98,922,1020,0.904
directli,586,434,1020,0.425
east,753,265,1018,0.26
focu,739,278,1017,0.273
rice,981,32,1013,0.032
licens,406,607,1013,0.599
voip,0,1013,1013,1.0
instruct,248,764,1012,0.755
tom,945,67,1012,0.066
brian,966,45,1011,0.045
though,679,332,1011,0.328
greg,988,21,1009,0.021
variou,576,431,1007,0.428
imag,251,755,1006,0.75
independ,523,483,1006,0.48
plu,466,539,1005,0.536
stay,674,330,1004,0.329
enhanc,318,684,1002,0.683
paul,865,135,1000,0.135
entir,435,561,996,0.563
everyth,441,555,996,0.557
fell,923,70,993,0.07
mg,329,661,990,0.668
near,547,441,988,0.446
compar,449,538,987,0.545
former,747,239,986,0.242
night,635,350,985,0.355
bloomberg,969,12,981,0.012
enjoy,436,542,978,0.554
pg,951,26,977,0.027
seen,546,430,976,0.441
delay,561,414,975,0.425
conflict,401,574,975,0.589
dave,947,27,974,0.028
approach,832,141,973,0.145
membership,243,728,971,0.75
notif,243,726,969,0.749
georg,866,102,968,0.105
excel,519,448,967,0.463
reflect,734,232,966,0.24
along,650,313,963,0.325
wi,26,934,960,0.973
explor,498,461,959,0.481
didn,717,241,958,0.252
downgrad,946,12,958,0.013
disclos,623,335,958,0.35
assum,792,162,954,0.17
known,292,661,953,0.694
sector,442,510,952,0.536
oblig,650,300,950,0.316
assumpt,217,733,950,0.772
miss,501,447,948,0.472
paso,925,21,946,0.022
tool,439,505,944,0.535
super,180,760,940,0.809
floor,814,124,938,0.132
practic,592,345,937,0.368
cap,537,400,937,0.427
men,55,880,935,0.941
cs,42,891,933,0.955
gari,895,37,932,0.04
pick,398,533,931,0.573
quot,366,565,931,0.607
six,506,423,929,0.455
summari,897,31,928,0.033
san,660,268,928,0.289
session,784,143,927,0.154
ye,485,441,926,0.476
took,649,276,925,0.298
establish,499,425,924,0.46
expand,422,500,922,0.542
weekend,656,266,922,0.289
entiti,792,130,922,0.141
cell,570,351,921,0.381
outsid,732,188,920,0.204
water,615,301,916,0.329
pre,461,455,916,0.497
martin,757,158,915,0.173
manufactur,204,710,914,0.777
ami,884,29,913,0.032
broker,352,561,913,0.614
afternoon,850,63,913,0.069
owner,316,597,913,0.654
tw,884,27,911,0.03
journal,802,108,910,0.119
regul,719,191,910,0.21
came,554,354,908,0.39
text,198,710,908,0.782
oi,3,904,907,0.997
achiev,306,599,905,0.662
exposur,810,95,905,0.105
european,552,353,905,0.39
bodi,83,821,904,0.908
appropri,735,168,903,0.186
predict,249,652,901,0.724
ook,0,900,900,1.0
ce,186,714,900,0.793
contribut,772,127,899,0.141
graphic,90,806,896,0.9
ltd,495,400,895,0.447
outstand,478,414,892,0.464
cheap,55,835,890,0.938
taken,574,315,889,0.354
advantag,247,640,887,0.722
els,624,262,886,0.296
highli,322,564,886,0.637
although,675,211,886,0.238
approxim,612,272,884,0.308
implement,767,117,884,0.132
match,502,381,883,0.431
detect,699,184,883,0.208
premier,95,784,879,0.892
doesn,551,327,878,0.372
speak,644,234,878,0.267
dvd,13,863,876,0.985
stori,408,468,876,0.534
white,509,367,876,0.419
mine,182,693,875,0.792
candid,718,157,875,0.179
critic,698,177,875,0.202
simpl,170,704,874,0.805
creativ,78,794,872,0.911
susan,833,39,872,0.045
die,76,795,871,0.913
carri,452,418,870,0.48
choic,341,528,869,0.608
age,125,743,868,0.856
maintain,560,308,868,0.355
var,833,34,867,0.039
macromedia,1,864,865,0.999
similar,464,401,865,0.464
welcom,392,473,865,0.547
es,55,809,864,0.936
sorri,601,262,863,0.304
technic,699,163,862,0.189
studio,34,828,862,0.961
studi,553,305,858,0.355
spot,705,152,857,0.177
tab,97,758,855,0.887
epmi,854,0,854,0.0
tx,751,102,853,0.12
quickli,443,407,850,0.479
air,273,577,850,0.679
histori,293,556,849,0.655
receipt,410,438,848,0.517
tabl,506,341,847,0.403
metal,640,206,846,0.243
path,674,171,845,0.202
weekli,653,188,841,0.224
alert,213,627,840,0.746
front,380,456,836,0.545
morgan,790,46,836,0.055
sex,5,829,834,0.994
voic,387,446,833,0.535
electron,537,296,833,0.355
attempt,476,357,833,0.429
mailto,647,184,831,0.221
popular,69,761,830,0.917
moodi,820,10,830,0.012
doctor,67,761,828,0.919
obtain,422,406,828,0.49
rule,558,270,828,0.326
western,499,328,827,0.397
disclosur,733,93,826,0.113
ventur,312,513,825,0.622
monthli,514,311,825,0.377
evalu,682,141,823,0.171
pain,74,746,820,0.91
quit,457,363,820,0.443
relationship,527,291,818,0.356
complianc,196,621,817,0.76
reliabl,212,604,816,0.74
varianc,816,0,816,0.0
michel,773,42,815,0.052
perfect,90,724,814,0.889
hr,622,192,814,0.236
advisor,176,638,814,0.784
equip,407,405,812,0.499
central,515,296,811,0.365
spend,436,374,810,0.462
calcul,659,151,810,0.186
que,7,801,808,0.991
conveni,346,461,807,0.571
·,0,806,806,1.0
gather,410,396,806,0.491
expir,423,381,804,0.474
across,581,223,804,0.277
specul,225,578,803,0.72
urgent,203,597,800,0.746
almost,509,291,800,0.364
ahead,648,152,800,0.19
core,680,119,799,0.149
collect,334,463,797,0.581
hedg,760,36,796,0.045
budget,556,239,795,0.301
biz,27,768,795,0.966
holiday,445,348,793,0.439
none,179,614,793,0.774
photoshop,0,791,791,1.0
dec,620,171,791,0.216
thu,476,314,790,0.397
volatil,735,55,790,0.07
kin,10,780,790,0.987
ken,772,17,789,0.022
excit,283,505,788,0.641
conduct,489,298,787,0.379
biggest,575,212,787,0.269
leader,423,364,787,0.463
enabl,202,584,786,0.743
ebay,29,756,785,0.963
feb,617,168,785,0.214
entertain,119,665,784,0.848
court,653,131,784,0.167
light,419,364,783,0.465
assign,690,93,783,0.119
pec,783,0,783,0.0
invoic,671,110,781,0.141
except,570,211,781,0.27
replac,655,126,781,0.161
doubl,268,513,781,0.657
histor,331,449,780,0.576
dealer,113,666,779,0.855
survey,543,236,779,0.303
nice,257,522,779,0.67
gold,156,622,778,0.799
corel,4,774,778,0.995
mortgag,42,734,776,0.946
nbsp,0,773,773,1.0
aol,607,166,773,0.215
africa,37,736,773,0.952
institut,554,218,772,0.282
construct,472,299,771,0.388
singl,425,345,770,0.448
spam,4,762,766,0.995
convers,565,199,764,0.26
password,555,208,763,0.273
hit,469,294,763,0.385
weight,102,657,759,0.866
employ,464,294,758,0.388
recipi,465,293,758,0.387
lisa,733,24,757,0.032
txt,737,20,757,0.026
uniqu,143,608,751,0.81
fulli,400,350,750,0.467
regulatori,658,92,750,0.123
prc,733,15,748,0.02
bit,363,385,748,0.515
align,102,642,744,0.863
para,12,731,743,0.984
neg,454,288,742,0.388
instal,340,401,741,0.541
women,272,469,741,0.633
stake,457,284,741,0.383
inciud,0,740,740,1.0
sp,215,525,740,0.709
lender,551,188,739,0.254
coupl,592,146,738,0.198
buyer,573,165,738,0.224
common,440,298,738,0.404
fortun,399,338,737,0.459
articl,592,145,737,0.197
launch,451,285,736,0.387
poor,558,178,736,0.242
rose,643,93,736,0.126
taylor,660,76,736,0.103
black,452,283,735,0.385
toward,436,299,735,0.407
english,631,104,735,0.141
rel,345,388,733,0.529
subsidiari,353,379,732,0.518
ii,576,155,731,0.212
extra,182,548,730,0.751
rank,380,350,730,0.479
con,39,691,730,0.947
instead,413,315,728,0.433
verifi,283,445,728,0.611
wysak,0,728,728,1.0
herein,41,686,727,0.944
rick,702,23,725,0.032
lowest,235,489,724,0.675
ph,270,454,724,0.627
wiil,0,724,724,1.0
rest,410,312,722,0.432
introduc,303,418,721,0.58
affect,530,189,719,0.263
usd,266,452,718,0.63
failur,446,272,718,0.379
speed,328,390,718,0.543
whole,420,297,717,0.414
technoiogi,0,716,716,1.0
duke,690,26,716,0.036
watson,660,56,716,0.078
economi,556,160,716,0.223
thoma,611,104,715,0.145
phase,643,72,715,0.101
brown,577,137,714,0.192
settlement,658,55,713,0.077
consist,482,230,712,0.323
pars,696,14,710,0.02
polit,425,285,710,0.401
grade,627,82,709,0.116
fit,369,340,709,0.48
wonder,381,328,709,0.463
saturday,654,54,708,0.076
valid,390,318,708,0.449
rather,541,167,708,0.236
rs,265,441,706,0.625
method,277,429,706,0.608
automat,256,449,705,0.637
digit,135,570,705,0.809
margin,567,138,705,0.196
extrem,327,378,705,0.536
procedur,542,162,704,0.23
rd,395,308,703,0.438
expert,259,444,703,0.632
promis,327,376,703,0.535
steven,646,56,702,0.08
qualifi,157,545,702,0.776
extens,466,235,701,0.335
spreadsheet,670,31,701,0.044
westdesk,700,0,700,0.0
sponsor,280,419,699,0.599
space,469,230,699,0.329
absolut,145,549,694,0.791
monitor,475,219,694,0.316
myself,376,317,693,0.457
recruit,621,71,692,0.103
mix,128,564,692,0.815
beck,674,17,691,0.025
joe,643,47,690,0.068
ok,516,173,689,0.251
premium,309,380,689,0.552
otc,88,600,688,0.872
young,375,313,688,0.455
forecast,555,132,687,0.192
host,303,384,687,0.559
iii,370,314,684,0.459
rm,55,628,683,0.919
audit,435,247,682,0.362
hotel,520,161,681,0.236
ur,1,679,680,0.999
constitut,95,585,680,0.86
multipl,265,414,679,0.61
previou,488,191,679,0.281
da,157,520,677,0.768
valuat,629,48,677,0.071
count,436,240,676,0.355
adjust,607,68,675,0.101
inher,28,646,674,0.958
manual,382,292,674,0.433
master,419,255,674,0.378
green,291,382,673,0.568
afford,65,608,673,0.903
intent,215,457,672,0.68
player,365,307,672,0.457
fire,416,254,670,0.379
main,440,229,669,0.342
border,215,454,669,0.679
lee,630,38,668,0.057
aep,667,0,667,0.0
delet,387,280,667,0.42
ancillari,644,21,665,0.032
girl,57,607,664,0.914
arm,113,551,664,0.83
jeffrey,642,21,663,0.032
depend,437,225,662,0.34
pictur,293,368,661,0.557
heard,415,246,661,0.372
red,271,388,659,0.589
notifi,520,139,659,0.211
met,491,167,658,0.254
edison,642,15,657,0.023
progress,546,111,657,0.169
otherwis,418,239,657,0.364
agenda,609,44,653,0.067
knowledg,398,254,652,0.39
inquiri,562,89,651,0.137
washington,533,118,651,0.181
trip,496,154,650,0.237
god,90,560,650,0.862
duti,194,454,648,0.701
em,42,605,647,0.935
went,429,217,646,0.336
definit,378,268,646,0.415
pull,478,167,645,0.259
prove,170,475,645,0.736
ed,327,318,645,0.493
crisi,557,87,644,0.135
nor,253,390,643,0.607
season,526,117,643,0.182
wind,290,352,642,0.548
jul,57,585,642,0.911
screen,313,328,641,0.512
frank,515,125,640,0.195
batch,35,605,640,0.945
un,45,595,640,0.93
aggress,228,411,639,0.643
troubl,518,121,639,0.189
throughout,320,319,639,0.499
exclus,146,493,639,0.772
capabl,343,295,638,0.462
secret,59,578,637,0.907
music,71,566,637,0.889
boost,184,452,636,0.711
door,156,480,636,0.755
educ,250,386,636,0.607
correspond,168,467,635,0.735
lunch,607,28,635,0.044
opt,80,554,634,0.874
focus,374,260,634,0.41
surpris,325,308,633,0.487
gibner,633,0,633,0.0
vacat,448,185,633,0.292
karen,621,11,632,0.017
touch,420,211,631,0.334
figur,415,216,631,0.342
proven,51,580,631,0.919
tue,135,495,630,0.786
reduct,478,152,630,0.241
understood,151,478,629,0.76
±,0,628,628,1.0
exactli,170,454,624,0.728
sound,358,265,623,0.425
prospect,257,366,623,0.587
strateg,366,256,622,0.412
favor,259,362,621,0.583
christi,596,25,621,0.04
enterpris,193,428,621,0.689
attack,384,236,620,0.381
challeng,473,147,620,0.237
park,444,175,619,0.283
appoint,316,303,619,0.489
nearli,393,225,618,0.364
explain,455,163,618,0.264
chair,548,69,617,0.112
feet,144,473,617,0.767
behalf,380,236,616,0.383
pat,593,23,616,0.037
stephen,572,43,615,0.07
height,33,582,615,0.946
wrong,287,328,615,0.533
merchant,465,150,615,0.244
wil,19,595,614,0.969
arriv,441,173,614,0.282
spread,521,92,613,0.15
bottom,279,334,613,0.545
,0,613,613,1.0
default,575,37,612,0.06
father,68,544,612,0.889
previous,478,134,612,0.219
amend,446,165,611,0.27
dilig,253,358,611,0.586
sa,287,324,611,0.53
bought,394,217,611,0.355
resuit,0,609,609,1.0
zone,168,439,607,0.723
stanford,592,15,607,0.025
campaign,234,373,607,0.614
itself,390,217,607,0.357
registr,377,229,606,0.378
spokesman,566,38,604,0.063
proceed,489,115,604,0.19
hire,533,69,602,0.115
estat,278,324,602,0.538
ten,175,427,602,0.709
pressur,475,126,601,0.21
seri,473,128,601,0.213
pr,275,325,600,0.542
languag,333,267,600,0.445
gift,184,416,600,0.693
sexual,19,581,600,0.968
width,1,599,600,0.998
treat,183,417,600,0.695
euro,122,477,599,0.796
speaker,525,74,599,0.124
url,405,193,598,0.323
melissa,585,13,598,0.022
sender,362,236,598,0.395
attorney,282,316,598,0.528
car,207,391,598,0.654
movi,75,523,598,0.875
land,260,337,597,0.564
sunday,505,91,596,0.153
prompt,353,243,596,0.408
guid,140,454,594,0.764
dinner,569,25,594,0.042
cooper,322,271,593,0.457
sap,581,11,592,0.019
accuraci,108,484,592,0.818
oem,6,586,592,0.99
wire,331,260,591,0.44
hall,554,37,591,0.063
difficult,479,112,591,0.19
ben,541,49,590,0.083
sport,104,485,589,0.823
describ,378,211,589,0.358
separ,461,126,587,0.215
lavorato,587,0,587,0.0
export,148,439,587,0.748
ew,582,4,586,0.007
dabhol,586,0,586,0.0
si,57,529,586,0.903
environ,369,216,585,0.369
true,267,318,585,0.544
su,111,473,584,0.81
instant,50,533,583,0.914
lucki,32,550,582,0.945
wast,99,482,581,0.83
platform,377,204,581,0.351
effici,341,240,581,0.413
rolex,0,581,581,1.0
dpc,581,0,581,0.0
ne,64,517,581,0.89
basic,429,152,581,0.262
ref,46,534,580,0.921
allen,533,46,579,0.079
eye,172,406,578,0.702
drew,246,331,577,0.574
encourag,418,159,577,0.276
ub,568,8,576,0.014
newswir,507,69,576,0.12
professor,518,57,575,0.099
coal,535,39,574,0.068
fine,380,194,574,0.338
paragraph,295,277,572,0.484
tr,23,548,571,0.96
href,0,571,571,1.0
roll,437,134,571,0.235
pertain,42,529,571,0.926
exercis,302,268,570,0.47
kenneth,529,41,570,0.072
competitor,240,330,570,0.579
discov,74,495,569,0.87
led,441,128,569,0.225
tap,531,37,568,0.065
goe,341,227,568,0.4
overal,450,118,568,0.208
middl,301,265,566,0.468
symbol,53,512,565,0.906
constru,64,501,565,0.887
brief,456,108,564,0.191
sept,547,17,564,0.03
substanti,331,233,564,0.413
harri,472,91,563,0.162
senat,521,39,560,0.07
tie,427,133,560,0.237
mayb,388,171,559,0.306
began,417,141,558,0.253
kim,531,27,558,0.048
cancel,404,154,558,0.276
resolv,475,83,558,0.149
descript,352,206,558,0.369
innov,261,297,558,0.532
especi,343,214,557,0.384
paypal,0,556,556,1.0
children,106,449,555,0.809
coupon,100,455,555,0.82
attract,249,305,554,0.551
rise,351,203,554,0.366
wharton,547,6,553,0.011
ident,60,493,553,0.892
sir,31,521,552,0.944
ail,38,514,552,0.931
lst,355,196,551,0.356
ann,465,86,551,0.156
sometim,333,218,551,0.396
multi,119,431,550,0.784
ene,546,3,549,0.005
privaci,57,492,549,0.896
alon,230,318,548,0.58
pharmaci,0,545,545,1.0
whose,314,231,545,0.424
topic,474,71,545,0.13
litig,237,307,544,0.564
worri,335,209,544,0.384
safeti,129,414,543,0.762
impress,214,329,543,0.606
lawsuit,515,28,543,0.052
primari,414,128,542,0.236
vote,437,105,542,0.194
seminar,423,118,541,0.218
warn,354,187,541,0.346
fear,290,250,540,0.463
wireless,170,370,540,0.685
complex,433,107,540,0.198
stream,167,372,539,0.69
input,470,69,539,0.128
desir,178,360,538,0.669
junk,472,66,538,0.123
browser,114,424,538,0.788
patent,52,485,537,0.903
maker,340,197,537,0.367
eric,497,40,537,0.074
materia,0,537,537,1.0
self,212,324,536,0.604
op,338,197,535,0.368
joint,216,318,534,0.596
entri,344,190,534,0.356
outlook,501,33,534,0.062
death,59,474,533,0.889
jump,289,244,533,0.458
southern,407,125,532,0.235
chicago,433,99,532,0.186
faith,292,240,532,0.451
auction,334,196,530,0.37
laura,507,23,530,0.043
penni,74,456,530,0.86
experienc,216,314,530,0.592
ljm,530,0,530,0.0
refin,188,341,529,0.645
moment,221,308,529,0.582
human,238,290,528,0.549
spoke,483,44,527,0.083
swap,511,16,527,0.03
zimin,527,0,527,0.0
bonu,203,324,527,0.615
familiar,341,186,527,0.353
forese,28,498,526,0.947
turbin,510,15,525,0.029
chase,461,64,525,0.122
owe,364,161,525,0.307
canadian,278,245,523,0.468
le,140,381,521,0.731
peter,412,109,521,0.209
ft,320,200,520,0.385
deadlin,489,31,520,0.06
llc,309,210,519,0.405
northwest,507,11,518,0.021
art,112,405,517,0.783
son,115,401,516,0.777
push,402,114,516,0.221
norton,15,501,516,0.971
deveiop,0,515,515,1.0
eogi,0,515,515,1.0
devic,44,469,513,0.914
finish,315,198,513,0.386
colleagu,310,203,513,0.396
calger,512,0,512,0.0
gave,378,133,511,0.26
vol,212,298,510,0.584
comfort,255,255,510,0.5
moor,463,47,510,0.092
giant,441,69,510,0.135
wrote,462,47,509,0.092
road,203,306,509,0.601
tammi,501,7,508,0.014
panel,334,174,508,0.343
expans,321,187,508,0.368
wife,101,407,508,0.801
ar,86,422,508,0.831
degre,168,340,508,0.669
particular,358,149,507,0.294
clean,308,199,507,0.393
star,235,272,507,0.536
rich,172,335,507,0.661
style,127,380,507,0.75
prioriti,259,248,507,0.489
rac,435,71,506,0.14
del,62,444,506,0.877
unabl,402,104,506,0.206
stage,289,216,505,0.428
rival,475,30,505,0.059
mb,70,434,504,0.861
miller,470,33,503,0.066
stem,94,409,503,0.813
unless,326,176,502,0.351
barri,354,148,502,0.295
war,164,337,501,0.673
remind,393,107,500,0.214
dose,4,495,499,0.992
rob,342,157,499,0.315
consolid,353,146,499,0.293
consider,348,151,499,0.303
liabil,421,78,499,0.156
logist,431,68,499,0.136
usual,325,173,498,0.347
vanc,491,6,497,0.012
christoph,445,52,497,0.105
husband,58,439,497,0.883
vehicl,314,182,496,0.367
cross,369,127,496,0.256
highest,209,286,495,0.578
greater,283,211,494,0.427
legisl,284,210,494,0.425
divis,326,168,494,0.34
consequ,162,331,493,0.671
peni,1,492,493,0.998
judg,285,208,493,0.422
machin,265,228,493,0.462
ooo,6,486,492,0.988
relief,143,349,492,0.709
sit,233,259,492,0.526
chapter,462,30,492,0.061
cfo,475,16,491,0.033
strictli,220,271,491,0.552
walk,283,208,491,0.424
tanya,477,13,490,0.027
behind,262,228,490,0.465
½,0,490,490,1.0
seven,206,284,490,0.58
lloyd,470,19,489,0.039
numer,229,260,489,0.532
lng,467,21,488,0.043
nat,131,357,488,0.732
bridg,332,156,488,0.32
assess,423,65,488,0.133
valuabl,205,283,488,0.58
spent,261,227,488,0.465
port,264,223,487,0.458
sens,354,133,487,0.273
cabl,91,394,485,0.812
ec,110,374,484,0.773
excess,308,174,482,0.361
seller,407,75,482,0.156
transit,381,101,482,0.21
pieas,0,481,481,1.0
doubt,248,232,480,0.483
bush,426,54,480,0.113
becam,337,142,479,0.296
linux,38,441,479,0.921
dale,459,19,478,0.04
brent,466,11,477,0.023
unifi,463,14,477,0.029
edward,406,71,477,0.149
supplier,324,152,476,0.319
ion,3,473,476,0.994
belief,60,414,474,0.873
zero,387,86,473,0.182
lawyer,366,106,472,0.225
seriou,187,285,472,0.604
complic,201,271,472,0.574
written,343,128,471,0.272
male,29,441,470,0.938
pend,290,180,470,0.383
socal,469,0,469,0.0
beth,456,13,469,0.028
ted,445,23,468,0.049
winter,392,76,468,0.162
nigeria,4,464,468,0.991
apolog,241,227,468,0.485
ge,174,293,467,0.627
jay,450,16,466,0.034
mile,292,173,465,0.372
netco,462,2,464,0.004
inch,57,407,464,0.877
reform,122,340,462,0.736
station,358,104,462,0.225
protocol,82,380,462,0.823
formula,146,316,462,0.684
flash,128,333,461,0.722
peak,415,46,461,0.1
japan,394,67,461,0.145
carol,445,16,461,0.035
mi,63,397,460,0.863
charset,24,436,460,0.948
petroleum,174,286,460,0.622
vp,390,69,459,0.15
sun,209,250,459,0.545
easili,128,331,459,0.721
river,231,227,458,0.496
kill,157,301,458,0.657
accomplish,332,126,458,0.275
fun,163,294,457,0.643
fred,414,43,457,0.094
directori,147,310,457,0.678
personnel,320,137,457,0.3
ali,15,441,456,0.967
teco,456,0,456,0.0
leas,246,210,456,0.461
channel,148,307,455,0.675
elimin,230,224,454,0.493
howard,414,39,453,0.086
imagin,94,359,453,0.792
heart,97,356,453,0.786
australia,196,256,452,0.566
memo,448,3,451,0.007
often,232,219,451,0.486
haven,337,113,450,0.251
jacki,432,18,450,0.04
photo,127,322,449,0.717
union,288,161,449,0.359
graduat,394,55,449,0.122
gone,237,212,449,0.472
permit,307,141,448,0.315
iri,425,23,448,0.051
shown,182,266,448,0.594
vasant,448,0,448,0.0
defin,322,125,447,0.28
paliourg,0,447,447,1.0
provis,383,64,447,0.143
perman,114,332,446,0.744
acrobat,34,412,446,0.924
tenaska,445,0,445,0.0
creditor,390,55,445,0.124
kept,205,240,445,0.539
block,269,176,445,0.396
captur,323,121,444,0.273
glad,307,137,444,0.309
andi,404,39,443,0.088
collaps,419,24,443,0.054
parent,272,171,443,0.386
perhap,361,81,442,0.183
autom,106,336,442,0.76
treatment,126,314,440,0.714
mseb,440,0,440,0.0
rto,438,1,439,0.002
extern,243,196,439,0.446
tech,256,183,439,0.417
beiiev,0,438,438,1.0
calendar,343,95,438,0.217
brad,421,17,438,0.039
yo,18,420,438,0.959
wel,0,437,437,1.0
erect,12,425,437,0.973
leadership,396,40,436,0.092
domain,120,316,436,0.725
couid,0,435,435,1.0
van,133,302,435,0.694
incred,55,380,435,0.874
z,124,311,435,0.715
calpin,433,0,433,0.0
hey,146,287,433,0.663
ext,363,70,433,0.162
ut,312,120,432,0.278
engag,298,134,432,0.31
sampl,125,306,431,0.71
pack,93,338,431,0.784
max,210,220,430,0.512
task,260,170,430,0.395
convert,277,153,430,0.356
johnson,312,118,430,0.274
prohibit,289,141,430,0.328
lack,306,123,429,0.287
northern,384,45,429,0.105
yield,291,138,429,0.322
realiz,250,179,429,0.417
sort,321,108,429,0.252
pleasur,117,311,428,0.727
neither,158,270,428,0.631
pound,154,273,427,0.639
aid,119,308,427,0.721
renew,273,154,427,0.361
spring,310,117,427,0.274
assembl,306,120,426,0.282
infrastructur,272,154,426,0.362
commerc,245,180,425,0.424
charl,301,124,425,0.292
smoke,54,370,424,0.873
dan,324,100,424,0.236
bulk,97,326,423,0.771
jr,391,32,423,0.076
sheila,416,7,423,0.017
rock,154,269,423,0.636
newsiett,0,423,423,1.0
por,13,410,423,0.969
visual,74,348,422,0.825
shipper,420,2,422,0.005
retir,312,110,422,0.261
rocket,19,402,421,0.955
indian,378,43,421,0.102
button,211,209,420,0.498
ex,125,295,420,0.702
retain,343,76,419,0.181
transwestern,419,0,419,0.0
mexico,352,67,419,0.16
crude,293,125,418,0.299
stationeri,0,418,418,1.0
restrict,307,111,418,0.266
subscript,174,244,418,0.584
prevent,260,158,418,0.378
basin,143,274,417,0.657
tv,97,319,416,0.767
congress,163,253,416,0.608
janet,401,15,416,0.036
built,223,192,415,0.463
formal,356,59,415,0.142
plung,397,17,414,0.041
lu,325,89,414,0.215
palmer,409,5,414,0.012
wyom,20,394,414,0.952
unlimit,29,385,414,0.93
pipe,350,64,414,0.155
treasuri,315,99,414,0.239
ground,191,223,414,0.539
anywher,86,328,414,0.792
relev,279,135,414,0.326
aa,225,188,413,0.455
woman,95,317,412,0.769
varieti,123,289,412,0.701
tablet,4,407,411,0.99
donna,387,24,411,0.058
proprietari,95,316,411,0.769
broadcast,21,390,411,0.949
pa,253,157,410,0.383
damag,301,109,410,0.266
isn,285,125,410,0.305
asia,136,274,410,0.668
raymond,375,35,410,0.085
wit,35,374,409,0.914
governor,372,36,408,0.088
fresh,77,331,408,0.811
msn,252,156,408,0.382
ballot,50,358,408,0.877
ld,31,377,408,0.924
maximum,173,235,408,0.576
tag,171,237,408,0.581
serial,8,400,408,0.98
wor,0,407,407,1.0
tm,117,290,407,0.713
deregul,396,10,406,0.025
lauraan,0,406,406,1.0
regular,204,202,406,0.498
whatev,226,180,406,0.443
»,0,405,405,1.0
round,257,148,405,0.365
pool,335,70,405,0.173
meyer,383,21,404,0.052
joseph,303,101,404,0.25
iv,366,38,404,0.094
privileg,305,99,404,0.245
breath,31,373,404,0.923
mmcf,375,29,404,0.072
htm,185,219,404,0.542
fourth,361,43,404,0.106
restor,308,96,404,0.238
circul,146,257,403,0.638
chart,294,109,403,0.27
background,285,118,403,0.293
tu,292,111,403,0.275
geec,0,403,403,1.0
oniin,0,402,402,1.0
minimum,214,188,402,0.468
particularli,312,90,402,0.224
sole,211,191,402,0.475
matur,218,183,401,0.456
shell,282,119,401,0.297
club,208,193,401,0.481
,0,401,401,1.0
jennif,362,39,401,0.097
drill,165,236,401,0.589
sleep,37,363,400,0.907
ny,266,134,400,0.335
optim,321,79,400,0.198
fundament,342,57,399,0.143
projecthoneypot,0,398,398,1.0
map,279,119,398,0.299
pretti,285,112,397,0.282
stuff,217,180,397,0.453
essenti,256,141,397,0.355
fat,37,360,397,0.907
im,215,182,397,0.458
andersen,379,18,397,0.045
carlo,363,34,397,0.086
wed,228,168,396,0.424
food,162,234,396,0.591
henc,82,313,395,0.792
,0,395,395,1.0
molli,375,19,394,0.048
pubiish,0,394,394,1.0
toni,350,43,393,0.109
mar,246,147,393,0.374
cindi,364,29,393,0.074
hill,297,95,392,0.242
ibm,122,270,392,0.689
li,144,248,392,0.633
fri,233,159,392,0.406
angel,231,161,392,0.411
anita,374,18,392,0.046
patrick,367,24,391,0.061
shouid,0,391,391,1.0
twenti,53,338,391,0.864
affair,264,127,391,0.325
heavi,191,199,390,0.51
trademark,35,355,390,0.91
tran,382,8,390,0.021
upgrad,222,167,389,0.429
drawn,65,324,389,0.833
plain,83,306,389,0.787
shi,62,327,389,0.841
rx,22,367,389,0.943
pursu,290,98,388,0.253
tradit,226,162,388,0.418
saw,234,154,388,0.397
kno,0,388,388,1.0
instrument,244,144,388,0.371
xanax,0,387,387,1.0
yap,0,386,386,1.0
satisfi,87,299,386,0.775
unfortun,259,126,385,0.327
adult,21,363,384,0.945
medicin,23,361,384,0.94
austin,358,26,384,0.068
conclus,149,234,383,0.611
oniy,0,383,383,1.0
portion,276,107,383,0.279
resid,159,223,382,0.584
dramat,127,255,382,0.668
grand,203,179,382,0.469
jean,357,25,382,0.065
career,255,126,381,0.331
themselv,227,154,381,0.404
blue,212,169,381,0.444
reveal,184,197,381,0.517
referenc,145,235,380,0.618
length,95,285,380,0.75
amaz,54,326,380,0.858
hospit,75,305,380,0.803
beneficiari,25,354,379,0.934
cal,311,68,379,0.179
compiet,0,378,378,1.0
relianc,83,295,378,0.78
dedic,203,175,378,0.463
coverag,241,137,378,0.362
pian,0,378,378,1.0
facilit,251,126,377,0.334
restructur,360,17,377,0.045
weil,146,231,377,0.613
bra,0,377,377,1.0
satisfact,36,341,377,0.905
baylor,363,13,376,0.035
environment,175,201,376,0.535
settl,270,106,376,0.282
invoiv,0,375,375,1.0
equal,230,145,375,0.387
remot,151,224,375,0.597
manner,142,233,375,0.621
kimberli,367,7,374,0.019
mcmahon,364,10,374,0.027
pjm,374,0,374,0.0
percentag,210,164,374,0.439
accur,240,133,373,0.357
clearli,302,71,373,0.19
recogn,255,118,373,0.316
fl,57,315,372,0.847
christian,174,198,372,0.532
dial,136,236,372,0.634
flexibl,292,80,372,0.215
elect,291,80,371,0.216
wellhead,370,1,371,0.003
despit,336,34,370,0.092
utf,0,370,370,1.0
child,117,252,369,0.683
simul,333,36,369,0.098
asap,330,39,369,0.106
enw,368,0,368,0.0
illustr,84,284,368,0.772
hotmail,221,147,368,0.399
cl,155,213,368,0.579
pep,355,12,367,0.033
pois,39,328,367,0.894
ie,91,276,367,0.752
exp,9,358,367,0.975
anjam,367,0,367,0.0
split,269,98,367,0.267
outlin,326,40,366,0.109
oxley,354,12,366,0.033
alex,332,34,366,0.093
ray,332,34,366,0.093
burn,126,240,366,0.656
wn,0,365,365,1.0
citigroup,363,2,365,0.005
amid,333,32,365,0.088
suffer,190,175,365,0.479
workshop,307,58,365,0.159
terri,337,27,364,0.074
dynam,175,189,364,0.519
collater,327,36,363,0.099
easier,157,206,363,0.567
intel,65,298,363,0.821
explos,56,307,363,0.846
bu,182,181,363,0.499
bryan,329,32,361,0.089
meant,102,259,361,0.717
mother,78,283,361,0.784
gr,5,356,361,0.986
aime,361,0,361,0.0
forth,92,269,361,0.745
significantli,243,117,360,0.325
southwest,349,11,360,0.031
slow,262,98,360,0.272
phillip,320,40,360,0.111
anti,59,300,359,0.836
cubic,70,289,359,0.805
mba,287,72,359,0.201
bn,348,11,359,0.031
interact,154,205,359,0.571
whom,226,132,358,0.369
concept,208,150,358,0.419
fight,124,233,357,0.653
aim,168,189,357,0.529
ma,109,248,357,0.695
netscap,71,285,356,0.801
roger,262,94,356,0.264
element,122,234,356,0.657
colleg,159,197,356,0.553
interconnect,352,4,356,0.011
unclaim,0,355,355,1.0
ultim,215,140,355,0.394
elizabeth,328,27,355,0.076
po,162,193,355,0.544
outag,352,2,354,0.006
soar,141,213,354,0.602
caution,77,277,354,0.782
brought,220,134,354,0.379
vi,51,302,353,0.856
potentia,0,353,353,1.0
bandwidth,332,21,353,0.059
vs,275,78,353,0.221
interfac,186,167,353,0.473
pubiic,0,353,353,1.0
refund,263,90,353,0.255
adam,200,152,352,0.432
column,321,31,352,0.088
pharmaceut,47,305,352,0.866
shut,319,32,351,0.091
internationa,0,351,351,1.0
blank,61,288,349,0.825
nyse,277,72,349,0.206
piac,0,349,349,1.0
min,48,301,349,0.862
hesit,242,106,348,0.305
vnbl,0,348,348,1.0
social,101,247,348,0.71
complaint,146,202,348,0.58
spe,9,339,348,0.974
compaq,122,226,348,0.649
edg,126,222,348,0.638
compon,253,95,348,0.273
abus,63,284,347,0.818
denni,317,30,347,0.086
onto,122,224,346,0.647
¡,0,346,346,1.0
contractor,120,226,346,0.653
airlin,277,69,346,0.199
princip,235,111,346,0.321
eight,107,239,346,0.691
verif,119,226,345,0.655
reward,152,192,344,0.558
barrel,141,203,344,0.59
grid,304,40,344,0.116
resign,319,25,344,0.073
pdf,288,56,344,0.163
wood,235,109,344,0.317
vinobl,0,343,343,1.0
subsequ,162,181,343,0.528
takeov,325,18,343,0.052
thru,273,69,342,0.202
militari,95,247,342,0.722
mutual,190,152,342,0.444
bruce,284,58,342,0.17
emerson,1,341,342,0.997
stress,155,186,341,0.545
ratio,197,144,341,0.422
comprehens,110,231,341,0.677
presto,335,6,341,0.018
observ,226,114,340,0.335
grave,284,56,340,0.165
pt,72,268,340,0.788
andmanyoth,0,340,340,1.0
till,111,229,340,0.674
matt,270,70,340,0.206
tra,0,340,340,1.0
sie,81,258,339,0.761
piec,206,133,339,0.392
boy,49,290,339,0.855
bed,44,295,339,0.87
beauti,53,285,338,0.843
drink,83,254,337,0.754
massiv,95,242,337,0.718
fallen,314,23,337,0.068
pl,163,174,337,0.516
bear,175,162,337,0.481
ongo,211,126,337,0.374
dia,14,322,336,0.958
tour,188,148,336,0.44
wasn,224,111,335,0.331
virtual,114,221,335,0.66
faster,86,249,335,0.743
preliminari,317,17,334,0.051
valium,0,334,334,1.0
replica,1,333,334,0.997
hsc,334,0,334,0.0
trial,98,236,334,0.707
bbb,284,49,333,0.147
incorpor,240,93,333,0.279
mainten,229,104,333,0.312
squirrelmail,0,333,333,1.0
patch,32,300,332,0.904
strength,218,114,332,0.343
todd,322,10,332,0.03
sat,168,163,331,0.492
linda,298,33,331,0.1
der,9,322,331,0.973
sc,265,66,331,0.199
restat,327,4,331,0.012
larger,213,118,331,0.356
decad,198,132,330,0.4
couldn,224,106,330,0.321
spur,39,291,330,0.882
cite,307,23,330,0.07
discreet,6,324,330,0.982
appar,294,36,330,0.109
struggl,174,155,329,0.471
memori,168,161,329,0.489
mwh,327,2,329,0.006
certif,145,184,329,0.559
explod,18,311,329,0.945
unsecur,253,76,329,0.231
greet,150,179,329,0.544
domest,188,141,329,0.429
megan,325,4,329,0.012
omit,30,299,329,0.909
counsel,281,47,328,0.143
ou,115,213,328,0.649
nine,197,131,328,0.399
imit,1,327,328,0.997
beyond,228,100,328,0.305
dept,200,128,328,0.39
scienc,125,203,328,0.619
remit,1,327,328,0.997
kate,315,12,327,0.037
renegoti,315,12,327,0.037
eff,41,286,327,0.875
£,0,327,327,1.0
certainli,259,68,327,0.208
maureen,315,11,326,0.034
salari,275,51,326,0.156
chines,39,287,326,0.88
imbal,317,9,326,0.028
xual,0,326,326,1.0
typic,247,79,326,0.242
apr,124,201,325,0.618
knew,108,217,325,0.668
daniel,245,80,325,0.246
mission,124,201,325,0.618
hin,0,325,325,1.0
netherland,12,313,325,0.963
allianc,226,99,325,0.305
ob,4,320,324,0.988
inventori,243,81,324,0.25
brenda,297,27,324,0.083
highlight,253,70,323,0.217
visa,184,139,323,0.43
disput,257,66,323,0.204
suspend,187,136,323,0.421
whalley,323,0,323,0.0
reli,215,108,323,0.334
specialist,207,115,322,0.357
saf,0,322,322,1.0
await,110,212,322,0.658
emai,0,322,322,1.0
cotten,322,0,322,0.0
wouldn,240,81,321,0.252
incur,119,201,320,0.628
cum,19,301,320,0.941
sensit,170,150,320,0.469
exceed,174,146,320,0.456
hewlett,101,218,319,0.683
supervisor,305,14,319,0.044
pacif,263,56,319,0.176
packard,100,219,319,0.687
quarterli,280,39,319,0.122
alleg,258,60,318,0.189
txu,318,0,318,0.0
tariff,300,18,318,0.057
lesli,303,15,318,0.047
overview,253,64,317,0.202
belden,317,0,317,0.0
ppin,0,317,317,1.0
reliant,310,7,317,0.022
confus,266,51,317,0.161
equival,118,198,316,0.627
murphi,308,8,316,0.025
diversifi,70,246,316,0.778
rien,0,315,315,1.0
brother,118,197,315,0.625
intellig,164,151,315,0.479
dell,79,236,315,0.749
swing,300,15,315,0.048
anybodi,64,251,315,0.797
unlik,253,62,315,0.197
reieas,0,314,314,1.0
aci,0,314,314,1.0
redmond,311,3,314,0.01
ls,187,127,314,0.404
difficulti,255,59,314,0.188
spokeswoman,312,2,314,0.006
seat,248,66,314,0.21
quantiti,144,170,314,0.541
worker,231,83,314,0.264
chokshi,314,0,314,0.0
town,206,107,313,0.342
ap,223,90,313,0.288
nymex,307,6,313,0.019
calgari,271,42,313,0.134
resolut,232,81,313,0.259
slide,285,28,313,0.089
egm,313,0,313,0.0
fwd,157,156,313,0.498
declar,107,206,313,0.658
hub,279,34,313,0.109
segment,138,174,312,0.558
jordan,290,22,312,0.071
mon,143,169,312,0.542
therein,10,302,312,0.968
banker,259,53,312,0.17
furthermor,57,254,311,0.817
bcf,272,39,311,0.125
catch,148,163,311,0.524
remedi,96,215,311,0.691
usag,125,186,311,0.598
gov,196,115,311,0.37
andrea,249,62,311,0.199
larri,270,40,310,0.129
repay,286,24,310,0.077
smtp,89,220,309,0.712
urg,113,196,309,0.634
perspect,270,39,309,0.126
auto,62,247,309,0.799
demonstr,199,110,309,0.356
te,5,304,309,0.984
verg,15,293,308,0.951
minist,180,128,308,0.416
tip,67,241,308,0.782
marketplac,172,135,307,0.44
mo,94,212,306,0.693
lock,194,112,306,0.366
comparison,185,121,306,0.395
televis,64,241,305,0.79
luck,110,195,305,0.639
rom,25,280,305,0.918
eas,100,205,305,0.672
thorough,50,255,305,0.836
fair,209,95,304,0.312
ire,6,298,304,0.98
king,138,166,304,0.546
fli,152,152,304,0.5
lokay,304,0,304,0.0
src,0,304,304,1.0
chevrontexaco,297,7,304,0.023
gotten,75,229,304,0.753
dream,38,266,304,0.875
anytim,61,243,304,0.799
revers,187,116,303,0.383
examin,199,104,303,0.343
bigger,115,188,303,0.62
gap,163,140,303,0.462
fitch,297,6,303,0.02
rita,292,10,302,0.033
ag,119,183,302,0.606
stone,203,99,302,0.328
vision,148,154,302,0.51
democrat,207,95,302,0.315
vkamin,301,0,301,0.0
extract,84,217,301,0.721
soma,34,267,301,0.887
depress,28,273,301,0.907
forum,233,68,301,0.226
undervalu,13,288,301,0.957
und,17,284,301,0.944
centr,162,138,300,0.46
kid,135,165,300,0.55
diseas,31,269,300,0.897
commenc,132,168,300,0.56
solv,145,155,300,0.517
shortli,194,106,300,0.353
trend,158,141,299,0.472
kindli,82,217,299,0.726
juan,271,28,299,0.094
correl,273,26,299,0.087
rebecca,276,23,299,0.077
deserv,116,183,299,0.612
float,102,197,299,0.659
blood,55,243,298,0.815
ac,76,222,298,0.745
wilson,232,66,298,0.221
proper,110,188,298,0.631
aspect,182,116,298,0.389
factual,20,277,297,0.933
professionai,0,297,297,1.0
trigger,280,17,297,0.057
coast,194,102,296,0.345
truli,107,189,296,0.639
bgcolor,0,296,296,1.0
borrow,251,45,296,0.152
recoveri,215,81,296,0.274
steel,182,114,296,0.385
guess,225,71,296,0.24
lake,141,155,296,0.524
england,211,84,295,0.285
hplc,295,0,295,0.0
shift,267,28,295,0.095
shankman,295,0,295,0.0
telecommun,141,154,295,0.522
ural,0,295,295,1.0
mistak,177,118,295,0.4
switch,247,48,295,0.163
overnight,57,238,295,0.807
techniqu,157,137,294,0.466
ger,0,294,294,1.0
clearanc,26,268,294,0.912
er,29,265,294,0.901
auditor,170,123,293,0.42
conclud,111,181,292,0.62
kristin,284,8,292,0.027
valley,238,54,292,0.185
treasur,202,89,291,0.306
berkeley,269,22,291,0.076
dpr,289,2,291,0.007
boston,265,26,291,0.089
breach,129,162,291,0.557
thr,0,290,290,1.0
ng,61,229,290,0.79
solid,111,179,290,0.617
obvious,261,29,290,0.1
compet,142,148,290,0.51
dissemin,130,160,290,0.552
interpret,96,193,289,0.668
resel,25,264,289,0.913
madam,7,282,289,0.976
nomad,1,288,289,0.997
chemic,131,158,289,0.547
jason,266,22,288,0.076
greatli,188,100,288,0.347
eastern,212,76,288,0.264
aug,219,69,288,0.24
ume,0,288,288,1.0
wysk,0,287,287,1.0
ppa,286,1,287,0.003
smart,91,196,287,0.683
il,41,246,287,0.857
lp,256,31,287,0.108
soni,39,247,286,0.864
pge,284,2,286,0.007
forget,95,191,286,0.668
sf,63,222,285,0.779
refus,169,115,284,0.405
clyne,284,0,284,0.0
kelli,253,31,284,0.109
stacey,275,9,284,0.032
vendor,183,100,283,0.353
pink,8,275,283,0.972
teach,101,182,283,0.643
impot,0,283,283,1.0
suffici,235,48,283,0.17
maharashtra,282,1,283,0.004
ministri,46,237,283,0.837
scale,190,93,283,0.329
dwr,283,0,283,0.0
presenc,131,152,283,0.537
upcom,207,75,282,0.266
primarili,190,92,282,0.326
asp,159,123,282,0.436
ice,185,97,282,0.344
british,177,105,282,0.372
discoveri,36,246,282,0.872
miliion,0,282,282,1.0
smaller,227,54,281,0.192
donald,214,67,281,0.238
dalla,217,64,281,0.228
violat,228,53,281,0.189
shanbhogu,281,0,281,0.0
currenc,160,121,281,0.431
chip,211,69,280,0.246
pinnacl,17,263,280,0.939
display,146,134,280,0.479
strongli,135,145,280,0.518
mack,278,2,280,0.007
enpow,280,0,280,0.0
conserv,171,109,280,0.389
tiscali,0,280,280,1.0
epson,4,276,280,0.986
nasdaq,212,68,280,0.243
bp,240,39,279,0.14
squar,163,116,279,0.416
ea,182,97,279,0.348
heat,195,84,279,0.301
neil,268,11,279,0.039
influenc,204,75,279,0.269
counti,175,103,278,0.371
credibl,242,35,277,0.126
canon,22,255,277,0.921
vicodin,0,277,277,1.0
beach,76,201,277,0.726
evid,223,54,277,0.195
miilion,0,276,276,1.0
gp,83,193,276,0.699
cultur,214,62,276,0.225
palo,272,4,276,0.014
bradford,259,17,276,0.062
anderson,205,70,275,0.255
artist,20,255,275,0.927
oh,86,189,275,0.687
cisco,93,182,275,0.662
destroy,168,107,275,0.389
ran,206,69,275,0.251
acknowledg,192,82,274,0.299
georgia,83,191,274,0.697
lump,38,236,274,0.861
secretari,221,52,273,0.19
dash,250,23,273,0.084
gross,158,115,273,0.421
eastran,273,0,273,0.0
rfid,0,272,272,1.0
aris,201,71,272,0.261
nick,254,18,272,0.066
vega,138,134,272,0.493
wifi,0,272,272,1.0
bless,39,232,271,0.856
desktop,167,104,271,0.384
enlarg,8,263,271,0.97
hunter,244,27,271,0.1
muscl,15,256,271,0.945
allegheni,259,12,271,0.044
brows,13,258,271,0.952
reput,104,166,270,0.615
loui,153,117,270,0.433
crash,68,201,269,0.747
adopt,178,91,269,0.338
exit,234,35,269,0.13
shot,112,157,269,0.584
ejacul,0,269,269,1.0
vl,21,248,269,0.922
franc,166,102,268,0.381
oversea,78,190,268,0.709
statist,215,53,268,0.198
apart,160,108,268,0.403
jack,134,134,268,0.5
audienc,124,143,267,0.536
argu,190,77,267,0.288
craig,216,51,267,0.191
suppos,197,70,267,0.262
pocket,62,205,267,0.768
awesom,23,244,267,0.914
oppos,198,69,267,0.258
lie,69,198,267,0.742
tongu,3,264,267,0.989
transform,147,120,267,0.449
cook,206,61,267,0.228
florida,119,147,266,0.553
sr,186,80,266,0.301
stephani,257,9,266,0.034
nobodi,80,186,266,0.699
gem,8,257,265,0.97
mime,63,202,265,0.762
exclud,179,86,265,0.325
demokrito,0,265,265,1.0
bi,91,174,265,0.657
fraud,65,199,264,0.754
morri,209,55,264,0.208
honor,134,130,264,0.492
toshiba,14,250,264,0.947
mnei,0,263,263,1.0
visitor,37,226,263,0.859
forster,261,2,263,0.008
probe,241,20,261,0.077
listen,119,142,261,0.544
ra,13,248,261,0.95
goldman,236,25,261,0.096
domin,131,130,261,0.498
prime,120,140,260,0.538
branch,50,210,260,0.808
itec,0,260,260,1.0
iit,0,260,260,1.0
modifi,190,69,259,0.266
germani,123,136,259,0.525
heather,251,8,259,0.031
patient,58,201,259,0.776
dysfunct,0,259,259,1.0
ravi,258,0,258,0.0
causey,257,1,258,0.004
matthew,227,31,258,0.12
chuck,247,10,257,0.039
cancer,49,208,257,0.809
collabor,101,156,257,0.607
rr,35,222,257,0.864
arthur,235,22,257,0.086
camp,212,45,257,0.175
spain,67,190,257,0.739
afx,256,0,256,0.0
hardwar,96,160,256,0.625
aggreg,237,19,256,0.074
kathi,237,19,256,0.074
neal,254,2,256,0.008
robot,1,255,256,0.996
weak,221,35,256,0.137
kong,103,153,256,0.598
azurix,256,0,256,0.0
unnecessari,17,239,256,0.934
colwel,256,0,256,0.0
brazil,201,54,255,0.212
movement,124,131,255,0.514
methodolog,238,17,255,0.067
scenario,234,21,255,0.082
mit,107,148,255,0.58
delainey,254,0,254,0.0
delta,198,56,254,0.22
talent,197,57,254,0.224
camera,14,240,254,0.945
citibank,121,133,254,0.524
felt,169,85,254,0.335
foundat,120,134,254,0.528
mislead,49,205,254,0.807
signatur,150,104,254,0.409
specifi,213,41,254,0.161
chronicl,232,21,253,0.083
enquiri,19,234,253,0.925
gb,15,238,253,0.941
shona,253,0,253,0.0
sh,19,234,253,0.925
rotat,176,77,253,0.304
christma,170,83,253,0.328
cold,138,115,253,0.455
extent,210,42,252,0.167
timelin,252,0,252,0.0
diamond,68,184,252,0.73
bet,170,82,252,0.325
departur,236,15,251,0.06
rout,190,61,251,0.243
puc,248,3,251,0.012
homeland,20,231,251,0.92
deceas,4,247,251,0.984
judgment,65,186,251,0.741
possess,80,170,250,0.68
differenti,208,42,250,0.168
ignor,108,142,250,0.568
strike,157,93,250,0.372
rep,160,90,250,0.36
bargain,65,185,250,0.74
ton,72,177,249,0.711
mirant,249,0,249,0.0
elig,127,122,249,0.49
ip,66,182,248,0.734
pdx,248,0,248,0.0
enforc,185,63,248,0.254
prlce,0,248,248,1.0
ine,2,246,248,0.992
ao,1,247,248,0.996
sharp,156,91,247,0.368
â,0,247,247,1.0
somehow,42,205,247,0.83
jackson,211,36,247,0.146
motion,86,161,247,0.652
healthcar,21,226,247,0.915
ideal,106,140,246,0.569
ciick,0,246,246,1.0
disclaim,31,215,246,0.874
traffic,105,141,246,0.573
philipp,206,40,246,0.163
composit,210,35,245,0.143
migrat,239,6,245,0.024
majordomo,41,204,245,0.833
tournament,81,164,245,0.669
tire,20,225,245,0.918
doug,217,28,245,0.114
expertis,156,89,245,0.363
lend,168,77,245,0.314
gtc,245,0,245,0.0
chat,100,145,245,0.592
relax,33,212,245,0.865
accumul,60,185,245,0.755
rapid,127,117,244,0.48
downtown,231,13,244,0.053
defens,100,144,244,0.59
audio,90,154,244,0.631
hong,112,132,244,0.541
affiiiat,0,244,244,1.0
ron,222,22,244,0.09
hank,233,11,244,0.045
coastal,225,19,244,0.078
ave,20,223,243,0.918
bait,3,240,243,0.988
creation,149,94,243,0.387
aren,187,56,243,0.23
royal,168,75,243,0.309
francisco,181,62,243,0.255
bc,183,60,243,0.247
noon,219,24,243,0.099
leverag,162,81,243,0.333
output,192,51,243,0.21
dowjon,243,0,243,0.0
danger,80,163,243,0.671
flat,155,87,242,0.36
donat,143,99,242,0.409
offset,153,89,242,0.368
vincent,224,18,242,0.074
absenc,204,38,242,0.157
deep,105,137,242,0.566
katherin,224,17,241,0.071
ing,26,215,241,0.892
bind,152,89,241,0.369
paulo,229,12,241,0.05
eim,222,19,241,0.079
mechan,165,76,241,0.315
schopp,240,0,240,0.0
kernel,6,234,240,0.975
lotto,0,240,240,1.0
blackberri,228,12,240,0.05
hyatt,236,4,240,0.017
saav,0,240,240,1.0
scope,215,25,240,0.104
ps,127,113,240,0.471
genuin,25,214,239,0.895
gc,222,17,239,0.071
porn,1,238,239,0.996
diet,5,234,239,0.979
golden,160,78,238,0.328
maii,0,238,238,1.0
doorstep,194,44,238,0.185
proce,178,60,238,0.252
republican,230,8,238,0.034
webb,234,4,238,0.017
reject,164,74,238,0.311
dog,73,165,238,0.693
guest,196,42,238,0.176
film,28,210,238,0.882
orgasm,0,237,237,1.0
insight,199,38,237,0.16
offshor,80,157,237,0.662
accessori,4,233,237,0.983
bb,55,182,237,0.768
otcbb,0,237,237,1.0
nt,55,182,237,0.768
toll,130,107,237,0.451
sarah,192,45,237,0.19
anyway,175,62,237,0.262
debbi,205,32,237,0.135
gra,1,236,237,0.996
stabil,160,77,237,0.325
internship,237,0,237,0.0
va,31,206,237,0.869
louisiana,152,85,237,0.359
asid,82,154,236,0.653
carrier,107,129,236,0.547
div,2,234,236,0.992
cynthia,222,14,236,0.059
permiss,102,134,236,0.568
eel,226,9,235,0.038
threat,111,124,235,0.528
microcap,0,235,235,1.0
mill,200,35,235,0.149
britain,186,49,235,0.209
jun,120,115,235,0.489
profii,0,234,234,1.0
folk,199,35,234,0.15
ourselv,69,165,234,0.705
transpar,193,41,234,0.175
texaco,221,12,233,0.052
foot,114,119,233,0.511
cec,230,3,233,0.013
academ,166,67,233,0.288
shape,121,112,233,0.481
ladi,80,153,233,0.657
minim,144,88,232,0.379
henri,176,56,232,0.241
aquila,222,10,232,0.043
thompson,194,37,231,0.16
surviv,140,91,231,0.394
tonight,128,103,231,0.446
bag,113,118,231,0.511
introduct,156,74,230,0.322
laptop,79,151,230,0.657
montana,84,146,230,0.635
recov,181,49,230,0.213
continent,196,34,230,0.148
honest,52,178,230,0.774
celebr,108,122,230,0.53
decreas,155,75,230,0.326
headquart,149,81,230,0.352
counter,169,61,230,0.265
farm,38,191,229,0.834
radar,28,201,229,0.878
encod,16,213,229,0.93
bio,74,155,229,0.677
ford,197,32,229,0.14
inject,195,34,229,0.148
ill,83,145,228,0.636
marshal,209,19,228,0.083
margaret,219,9,228,0.039
cambridg,208,20,228,0.088
calm,177,51,228,0.224
sea,63,165,228,0.724
plc,103,124,227,0.546
baxter,214,13,227,0.057
hurt,152,75,227,0.33
alcohol,4,223,227,0.982
hydro,211,16,227,0.07
mailer,46,181,227,0.797
island,94,133,227,0.586
discret,66,161,227,0.709
intervent,219,7,226,0.031
ab,139,87,226,0.385
wynn,218,8,226,0.035
qf,219,7,226,0.031
mathemat,215,11,226,0.049
guidanc,155,71,226,0.314
republ,39,186,225,0.827
printer,82,143,225,0.636
jebel,0,225,225,1.0
organiz,224,1,225,0.004
denn,218,7,225,0.031
filter,48,176,224,0.786
tiger,143,81,224,0.362
cpuc,224,0,224,0.0
additiona,0,224,224,1.0
hplno,224,0,224,0.0
,0,223,223,1.0
tadalafil,0,223,223,1.0
aiso,0,223,223,1.0
mailbox,90,133,223,0.596
ride,131,92,223,0.413
upenn,223,0,223,0.0
cool,74,149,223,0.668
exact,95,128,223,0.574
lannou,223,0,223,0.0
chariti,27,196,223,0.879
upward,33,190,223,0.852
sandeep,217,6,223,0.027
brochur,122,100,222,0.45
forev,27,195,222,0.878
tremend,105,117,222,0.527
driver,128,94,222,0.423
babi,93,129,222,0.581
clayton,208,14,222,0.063
entitl,134,88,222,0.396
corei,0,222,222,1.0
teen,7,215,222,0.968
buyback,222,0,222,0.0
regardless,137,85,222,0.383
mass,101,121,222,0.545
stronger,73,149,222,0.671
harbor,58,163,221,0.738
heaven,13,208,221,0.941
mrha,221,0,221,0.0
duran,218,3,221,0.014
natura,0,221,221,1.0
piper,215,6,221,0.027
phd,125,96,221,0.434
keith,210,11,221,0.05
properli,161,60,221,0.271
beat,111,110,221,0.498
homeown,5,216,221,0.977
masson,221,0,221,0.0
cartridg,5,216,221,0.977
mailwisconsin,0,220,220,1.0
ball,101,119,220,0.541
anim,25,195,220,0.886
webmast,138,82,220,0.373
plane,94,126,220,0.573
authent,3,217,220,0.986
clark,165,55,220,0.25
tamarchenko,220,0,220,0.0
sai,12,208,220,0.945
controversi,159,60,219,0.274
clarifi,195,24,219,0.11
rodriguez,206,13,219,0.059
dri,82,137,219,0.626
sierra,45,174,219,0.795
civil,42,177,219,0.808
campu,205,14,219,0.064
sub,119,99,218,0.454
rc,178,40,218,0.183
toner,9,209,218,0.959
mailman,53,165,218,0.757
librari,111,107,218,0.491
rescu,143,75,218,0.344
temporari,156,62,218,0.284
steff,217,0,217,0.0
signal,147,70,217,0.323
sustain,123,94,217,0.433
bottl,17,200,217,0.922
hair,29,188,217,0.866
shoot,94,122,216,0.565
radio,25,191,216,0.884
succeed,86,130,216,0.602
warranti,31,185,216,0.856
enrol,171,45,216,0.208
kati,199,17,216,0.079
holder,135,81,216,0.375
charli,194,22,216,0.102
stuart,208,7,215,0.033
sue,197,18,215,0.084
maria,175,40,215,0.186
supplement,99,116,215,0.54
surg,133,82,215,0.381
physician,14,201,215,0.935
evp,213,2,215,0.009
tripl,98,117,215,0.544
shiip,0,215,215,1.0
impli,140,75,215,0.349
bpa,214,0,214,0.0
peggi,203,11,214,0.051
silver,55,159,214,0.743
fifti,36,178,214,0.832
micro,12,202,214,0.944
fda,2,212,214,0.991
undu,10,204,214,0.953
specui,0,213,213,1.0
increment,195,18,213,0.085
nelson,194,19,213,0.089
approx,175,38,213,0.178
darren,208,5,213,0.023
bundl,49,164,213,0.77
fernley,213,0,213,0.0
coo,192,21,213,0.099
buyout,203,10,213,0.047
circumst,143,69,212,0.325
patti,197,15,212,0.071
stanley,198,14,212,0.066
greatest,83,129,212,0.608
unwarr,6,206,212,0.972
emir,4,208,212,0.981
cb,115,97,212,0.458
telecom,95,117,212,0.552
®,0,212,212,1.0
dont,41,171,212,0.807
imposs,89,122,211,0.578
nationa,0,211,211,1.0
mkt,210,1,211,0.005
md,132,79,211,0.374
economist,165,46,211,0.218
ubsw,211,0,211,0.0
ring,105,105,210,0.5
orient,112,98,210,0.467
logic,145,65,210,0.31
underli,190,20,210,0.095
richter,207,3,210,0.014
casino,2,208,210,0.99
christin,186,24,210,0.114
dragon,3,207,210,0.986
alberta,82,128,210,0.61
distributor,34,176,210,0.838
convinc,130,80,210,0.381
implic,162,48,210,0.229
aerofoam,0,209,209,1.0
thirti,31,178,209,0.852
earth,33,176,209,0.842
compil,112,97,209,0.464
matrix,109,100,209,0.478
revolutionari,9,200,209,0.957
superior,80,129,209,0.617
transcript,46,163,209,0.78
volunt,200,9,209,0.043
interrupt,124,84,208,0.404
como,4,204,208,0.981
hat,29,179,208,0.861
feed,146,62,208,0.298
cheryl,194,13,207,0.063
truth,38,169,207,0.816
divers,71,136,207,0.657
adapt,38,169,207,0.816
repair,129,78,207,0.377
barbara,185,22,207,0.106
attn,13,194,207,0.937
megawatt,202,5,207,0.024
sempra,207,0,207,0.0
eu,141,66,207,0.319
dc,87,120,207,0.58
pk,2,205,207,0.99
tree,80,126,206,0.612
accommod,155,51,206,0.248
eventu,139,67,206,0.325
dead,56,150,206,0.728
exampi,0,206,206,1.0
gco,202,4,206,0.019
attende,180,26,206,0.126
hp,59,147,206,0.714
ct,100,105,205,0.512
medium,52,153,205,0.746
belong,59,146,205,0.712
clarif,180,25,205,0.122
dispatch,109,96,205,0.468
minor,153,52,205,0.254
favorit,80,125,205,0.61
blvd,40,165,205,0.805
slightli,187,18,205,0.088
hourli,198,7,205,0.034
waha,204,0,204,0.0
asian,143,61,204,0.299
crystal,55,149,204,0.73
gateway,33,171,204,0.838
deem,75,129,204,0.632
una,1,203,204,0.995
submiss,88,116,204,0.569
adequ,174,30,204,0.147
rnd,0,204,204,1.0
label,53,151,204,0.74
residenti,81,122,203,0.601
sherriff,203,0,203,0.0
peer,169,34,203,0.167
bia,14,189,203,0.931
meg,131,72,203,0.355
withdraw,137,65,202,0.322
sight,38,164,202,0.812
russel,184,18,202,0.089
krishnarao,202,0,202,0.0
legislatur,195,7,202,0.035
forma,90,112,202,0.554
northeast,154,48,202,0.238
backup,95,107,202,0.53
anymor,48,154,202,0.762
norma,176,25,201,0.124
vari,92,109,201,0.542
german,82,119,201,0.592
retent,173,28,201,0.139
unusu,121,80,201,0.398
infus,183,18,201,0.09
abroad,15,186,201,0.925
expenditur,112,89,201,0.443
customerservic,8,193,201,0.96
instanc,137,64,201,0.318
deni,164,37,201,0.184
victor,175,25,200,0.125
weissman,198,2,200,0.01
maxim,101,99,200,0.495
brec,0,200,200,1.0
cox,143,57,200,0.285
marri,36,164,200,0.82
gulf,161,39,200,0.195
cruis,49,151,200,0.755
everybodi,120,80,200,0.4
alan,180,20,200,0.1
erectil,0,200,200,1.0
versu,150,49,199,0.246
woe,193,6,199,0.03
koch,191,8,199,0.04
cp,184,15,199,0.075
pef,198,1,199,0.005
mitig,185,14,199,0.07
lanc,184,15,199,0.075
opposit,113,86,199,0.432
lynch,185,14,199,0.07
deterior,147,51,198,0.258
ingredi,3,195,198,0.985
herod,198,0,198,0.0
folder,156,42,198,0.212
consent,125,73,198,0.369
restaur,88,110,198,0.556
remitt,2,196,198,0.99
identif,43,155,198,0.783
liz,192,5,197,0.025
chain,91,106,197,0.538
repeat,116,81,197,0.411
atlanta,108,89,197,0.452
payout,47,150,197,0.761
recept,160,37,197,0.188
artwork,3,194,197,0.985
mac,25,172,197,0.873
freedom,36,161,197,0.817
batteri,15,182,197,0.924
lewi,179,18,197,0.091
­,0,197,197,1.0
scientif,24,173,197,0.878
tape,67,130,197,0.66
virginia,150,46,196,0.235
climb,98,98,196,0.5
fraction,43,153,196,0.781
grace,153,43,196,0.219
formerli,144,52,196,0.265
inflat,132,64,196,0.327
worst,144,51,195,0.262
avenu,116,79,195,0.405
yr,115,80,195,0.41
symantec,0,195,195,1.0
afraid,58,137,195,0.703
french,38,157,195,0.805
anthoni,130,65,195,0.333
penetr,16,179,195,0.918
qmail,0,195,195,1.0
newspap,129,66,195,0.338
motor,88,107,195,0.549
currentiy,0,195,195,1.0
fr,43,152,195,0.779
terrorist,143,51,194,0.263
publicli,113,81,194,0.418
³,0,194,194,1.0
hottest,9,185,194,0.954
kean,193,1,194,0.005
wealth,38,155,193,0.803
xanaax,0,193,193,1.0
daughter,25,168,193,0.87
regali,0,192,192,1.0
fii,0,192,192,1.0
crawler,187,5,192,0.026
defend,118,74,192,0.385
meanwhil,156,36,192,0.188
district,127,65,192,0.339
oust,187,5,192,0.026
incent,136,56,192,0.292
mount,105,87,192,0.453
flag,118,74,192,0.385
reev,179,12,191,0.063
walker,164,27,191,0.141
stack,182,9,191,0.047
warburg,191,0,191,0.0
ram,73,118,191,0.618
inexpens,16,175,191,0.916
hea,189,2,191,0.01
bln,191,0,191,0.0
intuit,36,155,191,0.812
olson,180,11,191,0.058
faculti,185,6,191,0.031
rapidli,70,121,191,0.634
certifi,55,136,191,0.712
wili,2,189,191,0.99
lobbi,181,9,190,0.047
hang,98,92,190,0.484
quantit,177,13,190,0.068
consumpt,79,111,190,0.584
broad,129,61,190,0.321
jon,172,18,190,0.095
payrol,158,32,190,0.168
boss,88,102,190,0.537
hplo,190,0,190,0.0
exempt,158,31,189,0.164
fed,159,30,189,0.159
sean,165,24,189,0.127
fifteen,11,178,189,0.942
benchmark,160,29,189,0.153
jpg,61,128,189,0.677
iferc,189,0,189,0.0
login,92,97,189,0.513
alt,52,137,189,0.725
advers,126,62,188,0.33
dispos,65,123,188,0.654
disappoint,105,83,188,0.441
actua,0,188,188,1.0
maya,7,181,188,0.963
eat,51,137,188,0.729
notch,171,17,188,0.09
postal,36,152,188,0.809
wild,66,122,188,0.649
brokerag,115,73,188,0.388
dick,114,74,188,0.394
intens,86,102,188,0.543
outsourc,132,56,188,0.298
bennett,154,33,187,0.176
hoid,0,187,187,1.0
builder,24,163,187,0.872
patricia,172,15,187,0.08
wear,39,148,187,0.791
gray,157,30,187,0.16
lynn,167,20,187,0.107
cycl,133,54,187,0.289
driven,121,66,187,0.353
milnthorp,186,0,186,0.0
offsit,186,0,186,0.0
shock,83,103,186,0.554
sharehoid,0,186,186,1.0
mountain,99,87,186,0.468
acr,31,155,186,0.833
oregon,141,45,186,0.242
marc,175,11,186,0.059
apc,1,185,186,0.995
notebook,13,172,185,0.93
wholli,44,141,185,0.762
optic,107,78,185,0.422
collin,165,20,185,0.108
aopen,0,185,185,1.0
analyz,109,76,185,0.411
correctli,164,21,185,0.114
abandon,128,57,185,0.308
singapor,155,30,185,0.162
marlin,178,7,185,0.038
depth,93,92,185,0.497
commentari,110,75,185,0.405
inde,126,58,184,0.315
gif,18,166,184,0.902
ver,4,180,184,0.978
virus,82,102,184,0.554
tight,128,56,184,0.304
parker,166,18,184,0.098
writer,120,64,184,0.348
visibl,63,121,184,0.658
somewhat,159,24,183,0.131
inconveni,61,122,183,0.667
pledg,156,27,183,0.148
ypil,0,183,183,1.0
hasn,163,20,183,0.109
payabl,157,26,183,0.142
au,44,139,183,0.76
marin,112,71,183,0.388
cotton,150,33,183,0.18
oasi,170,13,183,0.071
antiviru,5,178,183,0.973
organis,142,41,183,0.224
divid,131,52,183,0.284
empresa,2,180,182,0.989
corner,98,84,182,0.462
distanc,70,112,182,0.615
dreamweav,0,182,182,1.0
nl,14,168,182,0.923
lorrain,172,10,182,0.055
ck,1,181,182,0.995
entex,182,0,182,0.0
peac,50,132,182,0.725
distinct,43,139,182,0.764
toronto,119,63,182,0.346
friendli,59,122,181,0.674
phentermin,0,181,181,1.0
admit,123,58,181,0.32
jeremi,139,42,181,0.232
bowen,168,13,181,0.072
dth,179,2,181,0.011
mont,115,66,181,0.365
kick,149,32,181,0.177
foster,161,20,181,0.11
prudenti,168,13,181,0.072
iomega,2,179,181,0.989
femal,37,144,181,0.796
viewson,0,181,181,1.0
editor,91,90,181,0.497
enclos,137,44,181,0.243
kingdom,36,145,181,0.801
dean,151,29,180,0.161
levitra,0,180,180,1.0
ks,20,160,180,0.889
embarrass,45,135,180,0.75
fastest,22,158,180,0.878
penalti,137,43,180,0.239
amsterdam,41,139,180,0.772
albrecht,167,13,180,0.072
pager,179,1,180,0.006
battl,107,73,180,0.406
¬,1,179,180,0.994
lifetim,42,137,179,0.765
citizen,59,120,179,0.67
hate,45,134,179,0.749
acceler,122,57,179,0.318
hl,60,119,179,0.665
accordingli,137,42,179,0.235
terror,80,99,179,0.553
spike,140,39,179,0.218
reg,33,146,179,0.816
motiv,85,94,179,0.525
regret,43,136,179,0.76
merril,165,14,179,0.078
conting,158,21,179,0.117
nationwid,52,126,178,0.708
fontfont,0,178,178,1.0
sheri,172,6,178,0.034
attribut,128,50,178,0.281
pioneer,74,104,178,0.584
ercot,178,0,178,0.0
appl,8,170,178,0.955
biank,0,178,178,1.0
targu,0,178,178,1.0
cure,37,141,178,0.792
born,47,131,178,0.736
alter,86,91,177,0.514
cheapest,7,170,177,0.96
medica,1,176,177,0.994
intellinet,0,177,177,1.0
modul,140,37,177,0.209
caiso,177,0,177,0.0
miner,20,157,177,0.887
arial,10,167,177,0.944
lone,95,82,177,0.463
intranet,165,12,177,0.068
preserv,93,84,177,0.475
surfac,76,101,177,0.571
sweet,23,154,177,0.87
surround,139,38,177,0.215
cheer,109,68,177,0.384
darrel,162,14,176,0.08
mogi,0,176,176,1.0
lt,31,145,176,0.824
zip,56,120,176,0.682
dutch,140,36,176,0.205
programm,80,96,176,0.545
prozac,1,175,176,0.994
shore,137,39,176,0.222
analyt,153,23,176,0.131
leppard,176,0,176,0.0
deleg,135,41,176,0.233
enorm,89,87,176,0.494
revamp,13,163,176,0.926
carl,134,42,176,0.239
legitim,14,162,176,0.92
spanish,32,143,175,0.817
pilot,116,59,175,0.337
img,0,175,175,1.0
cm,116,59,175,0.337
accus,105,70,175,0.4
cri,41,134,175,0.766
expedit,63,112,175,0.64
painter,2,173,175,0.989
uae,7,167,174,0.96
constant,72,102,174,0.586
sherlyn,174,0,174,0.0
petroieum,0,174,174,1.0
dupont,143,31,174,0.178
spoken,153,21,174,0.121
audrey,153,21,174,0.121
bonus,85,89,174,0.511
shmuel,169,5,174,0.029
updatel,174,0,174,0.0
vocalscap,0,174,174,1.0
nativ,31,143,174,0.822
suspens,61,113,174,0.649
equistar,174,0,174,0.0
twice,101,73,174,0.42
harder,75,99,174,0.569
sharpli,130,43,173,0.249
vibrat,3,170,173,0.983
ranch,167,6,173,0.035
wolf,136,37,173,0.214
ae,135,38,173,0.22
palestinian,15,158,173,0.913
proud,78,95,173,0.549
apach,157,16,173,0.092
argentina,109,64,173,0.37
np,161,12,173,0.069
popul,73,100,173,0.578
fairli,157,16,173,0.092
diagnost,5,167,172,0.971
stimul,39,133,172,0.773
convent,100,72,172,0.419
lauri,156,16,172,0.093
confiict,0,172,172,1.0
realiti,89,83,172,0.483
sandi,150,22,172,0.128
soiution,0,172,172,1.0
nanci,151,21,172,0.122
smooth,65,107,172,0.622
stabl,101,71,172,0.413
closer,137,34,171,0.199
proof,48,123,171,0.719
henwood,171,0,171,0.0
prnewswir,48,123,171,0.719
ot,127,44,171,0.257
xga,0,171,171,1.0
outcom,148,23,171,0.135
momentum,49,122,171,0.713
sql,77,93,170,0.547
ic,126,44,170,0.259
spirit,52,118,170,0.694
mitchel,126,44,170,0.259
philip,102,68,170,0.4
templ,0,170,170,1.0
begun,95,75,170,0.441
seu,0,170,170,1.0
luce,170,0,170,0.0
ser,2,168,170,0.988
increasingli,138,32,170,0.188
bridgelin,170,0,170,0.0
sydney,159,11,170,0.065
glover,163,6,169,0.036
garp,169,0,169,0.0
meantim,157,12,169,0.071
seventh,36,133,169,0.787
emiss,136,33,169,0.195
sick,42,127,169,0.751
mou,161,8,169,0.047
nesa,169,0,169,0.0
angela,148,21,169,0.124
represent,80,89,169,0.527
gordon,148,21,169,0.124
dozen,105,64,169,0.379
crore,169,0,169,0.0
dawn,155,13,168,0.077
vaiue,0,168,168,1.0
gtv,168,0,168,0.0
catalog,22,146,168,0.869
dietrich,156,12,168,0.071
robertson,155,13,168,0.077
buck,41,127,168,0.756
traci,150,18,168,0.107
frequent,109,59,168,0.351
ci,20,148,168,0.881
robinson,151,17,168,0.101
tion,2,166,168,0.988
accid,41,126,167,0.754
peopi,0,167,167,1.0
compris,86,81,167,0.485
score,115,52,167,0.311
curri,151,16,167,0.096
tess,160,7,167,0.042
cn,44,123,167,0.737
forest,102,65,167,0.389
claus,144,23,167,0.138
xx,129,38,167,0.228
complimentari,19,148,167,0.886
pure,102,65,167,0.389
tina,145,22,167,0.132
quark,8,159,167,0.952
solmonson,167,0,167,0.0
hector,158,9,167,0.054
criteria,110,57,167,0.341
sevil,160,6,166,0.036
charlen,164,2,166,0.012
corrupt,93,73,166,0.44
sister,38,128,166,0.771
recognit,71,95,166,0.572
glass,70,96,166,0.578
dilut,123,43,166,0.259
joke,25,141,166,0.849
annuiti,76,90,166,0.542
frustrat,83,83,166,0.5
sander,118,48,166,0.289
merg,132,34,166,0.205
mead,161,5,166,0.03
chevron,142,24,166,0.145
compromis,86,80,166,0.482
dark,57,109,166,0.657
clem,166,0,166,0.0
tower,109,57,166,0.343
shouldn,69,96,165,0.582
ambien,0,165,165,1.0
garden,76,89,165,0.539
command,61,104,165,0.63
os,19,146,165,0.885
bulletin,48,117,165,0.709
zimbabw,0,165,165,1.0
bullet,120,45,165,0.273
ryan,148,17,165,0.103
wallet,14,151,165,0.915
strengthen,97,68,165,0.412
hodg,153,12,165,0.073
stick,101,64,165,0.388
pic,31,133,164,0.811
labor,102,62,164,0.378
exxon,155,9,164,0.055
metric,157,7,164,0.043
deficit,35,129,164,0.787
shlpplng,0,164,164,1.0
incept,78,86,164,0.524
ilug,0,164,164,1.0
breakfast,102,62,164,0.378
raw,22,142,164,0.866
haedick,164,0,164,0.0
archiv,76,88,164,0.537
quest,19,145,164,0.884
warm,78,85,163,0.521
dougla,141,22,163,0.135
©,0,163,163,1.0
forgot,142,21,163,0.129
race,77,86,163,0.528
pulp,151,12,163,0.074
habit,23,140,163,0.859
¨,0,163,163,1.0
sach,151,12,163,0.074
perlman,163,0,163,0.0
healthi,40,123,163,0.755
ciall,0,163,163,1.0
modif,136,27,163,0.166
jenni,134,28,162,0.173
eog,161,1,162,0.006
okay,130,32,162,0.198
cdrw,0,162,162,1.0
hess,150,12,162,0.074
sm,39,123,162,0.759
ronn,92,70,162,0.432
explan,132,30,162,0.185
templat,141,21,162,0.13
cornhusk,162,0,162,0.0
agricultur,59,103,162,0.636
threaten,125,37,162,0.228
oz,13,148,161,0.919
pet,11,150,161,0.932
sperm,0,161,161,1.0
laid,70,91,161,0.565
mgmt,161,0,161,0.0
hook,75,86,161,0.534
african,11,150,161,0.932
crazi,25,136,161,0.845
graph,149,12,161,0.075
sky,18,143,161,0.888
preced,57,103,160,0.644
redeliveri,160,0,160,0.0
utexa,160,0,160,0.0
gen,54,106,160,0.662
commission,153,7,160,0.044
cfm,137,23,160,0.144
ant,8,152,160,0.95
testimoni,26,134,160,0.838
reiat,0,160,160,1.0
aireadi,0,160,160,1.0
plaintiff,151,9,160,0.056
ro,9,151,160,0.944
°,0,160,160,1.0
phil,148,11,159,0.069
proposit,40,119,159,0.748
devon,149,10,159,0.063
mega,18,141,159,0.887
societi,71,88,159,0.553
ebl,158,1,159,0.006
borland,2,157,159,0.987
pinnamaneni,159,0,159,0.0
fiscal,113,46,159,0.289
salomon,159,0,159,0.0
handheld,133,26,159,0.164
sofftwaar,0,158,158,1.0
suspect,117,41,158,0.259
millennium,20,138,158,0.873
zonedubai,0,158,158,1.0
passport,34,124,158,0.785
congest,117,41,158,0.259
enrj,158,0,158,0.0
skin,5,153,158,0.968
val,35,123,158,0.778
exhibit,89,69,158,0.437
barclay,86,72,158,0.456
stoc,0,158,158,1.0
hugh,126,32,158,0.203
reimburs,126,32,158,0.203
ordin,84,74,158,0.468
reorgan,157,1,158,0.006
stewart,142,16,158,0.101
serious,81,76,157,0.484
pagemak,1,156,157,0.994
sav,0,157,157,1.0
sam,129,28,157,0.178
golf,121,36,157,0.229
esta,1,156,157,0.994
aeor,0,157,157,1.0
sought,124,33,157,0.21
vlagra,0,157,157,1.0
cast,71,86,157,0.548
krishna,154,3,157,0.019
besid,72,85,157,0.541
witer,0,157,157,1.0
methanol,135,22,157,0.14
extraordinari,73,84,157,0.535
sobr,2,155,157,0.987
japanes,125,31,156,0.199
proxi,90,66,156,0.423
barney,143,13,156,0.083
authoris,142,14,156,0.09
midcon,156,0,156,0.0
superti,156,0,156,0.0
upsid,87,69,156,0.442
jacobi,152,4,156,0.026
oren,156,0,156,0.0
shortag,133,23,156,0.147
beliz,1,155,156,0.994
arnold,142,14,156,0.09
frame,103,53,156,0.34
viru,25,131,156,0.84
deduct,91,65,156,0.417
brett,142,13,155,0.084
warrant,88,67,155,0.432
columbia,112,43,155,0.277
duplic,79,76,155,0.49
sep,124,31,155,0.2
acton,144,11,155,0.071
kay,137,18,155,0.116
shipment,65,90,155,0.581
colorado,91,64,155,0.413
mandat,58,97,155,0.626
sin,22,133,155,0.858
wrap,86,69,155,0.445
villarr,154,1,155,0.006
rahil,154,0,154,0.0
lesson,104,50,154,0.325
nigerian,2,152,154,0.987
moder,78,76,154,0.494
perri,129,25,154,0.162
fx,110,44,154,0.286
setup,87,67,154,0.435
midwest,143,11,154,0.071
ceil,25,129,154,0.838
utmost,4,150,154,0.974
recess,117,37,154,0.24
disk,36,117,153,0.765
unauthor,100,53,153,0.346
bl,40,113,153,0.739
hidden,28,125,153,0.817
burton,137,16,153,0.105
loo,0,153,153,1.0
thinkgeek,0,153,153,1.0
earl,137,16,153,0.105
rub,105,48,153,0.314
spark,113,39,152,0.257
invok,49,103,152,0.678
russia,38,114,152,0.75
burst,25,127,152,0.836
harvard,129,23,152,0.151
illinoi,103,49,152,0.322
loqo,0,152,152,1.0
copper,79,73,152,0.48
nero,0,152,152,1.0
remark,74,78,152,0.513
crown,67,85,152,0.559
iraq,67,85,152,0.559
reaction,135,17,152,0.112
staf,131,21,152,0.138
pace,107,45,152,0.296
antonio,90,62,152,0.408
instantli,14,138,152,0.908
cf,8,143,151,0.947
zhiyong,151,0,151,0.0
refil,9,142,151,0.94
jo,98,53,151,0.351
pe,10,141,151,0.934
inclus,101,50,151,0.331
sb,133,18,151,0.119
hurri,26,125,151,0.828
loos,55,96,151,0.636
admin,124,27,151,0.179
youth,13,138,151,0.914
trace,21,130,151,0.861
beaumont,140,11,151,0.073
ibuyit,150,0,150,0.0
perceiv,45,105,150,0.7
tent,131,19,150,0.127
row,95,55,150,0.367
mln,146,4,150,0.027
somebodi,70,80,150,0.533
ql,116,34,150,0.227
dlr,150,0,150,0.0
killen,149,1,150,0.007
centuri,42,108,150,0.72
spell,66,84,150,0.56
jinbaek,150,0,150,0.0
blame,132,18,150,0.12
frevert,150,0,150,0.0
,0,150,150,1.0
dissolv,29,121,150,0.807
bo,81,69,150,0.46
wors,122,27,149,0.181
newli,102,47,149,0.315
diploma,8,141,149,0.946
piay,0,149,149,1.0
soul,7,142,149,0.953
gpgfin,149,0,149,0.0
promo,8,141,149,0.946
headcount,149,0,149,0.0
twelv,15,134,149,0.899
techlit,0,148,148,1.0
muller,51,97,148,0.655
ross,128,20,148,0.135
diego,95,53,148,0.358
appeal,82,66,148,0.446
ba,55,93,148,0.628
beverli,113,35,148,0.236
jose,94,54,148,0.365
walton,136,12,148,0.081
twa,11,137,148,0.926
lou,102,46,148,0.311
ua,75,73,148,0.493
provinc,20,128,148,0.865
ya,44,104,148,0.703
pension,131,17,148,0.115
cartier,1,147,148,0.993
fashion,71,77,148,0.52
vger,0,148,148,1.0
rsvp,138,10,148,0.068
temperatur,103,44,147,0.299
suzann,135,12,147,0.082
ethic,91,56,147,0.381
slip,111,36,147,0.245
fellow,71,76,147,0.517
lindberg,137,10,147,0.068
charlott,116,31,147,0.211
classic,46,101,147,0.687
pour,13,133,146,0.911
patienc,92,54,146,0.37
theresa,142,4,146,0.027
deploy,79,67,146,0.459
edt,102,44,146,0.301
earliest,89,57,146,0.39
§,0,145,145,1.0
creek,106,39,145,0.269
tooi,0,145,145,1.0
mc,24,121,145,0.834
exec,138,7,145,0.048
tk,129,16,145,0.11
unsolicit,9,136,145,0.938
contractu,106,39,145,0.269
underwrit,125,20,145,0.138
realist,53,92,145,0.634
rumor,113,32,145,0.221
sweeney,140,5,145,0.034
gambl,30,115,145,0.793
variabl,116,29,145,0.2
parson,132,13,145,0.09
schneider,142,3,145,0.021
spamassassin,0,145,145,1.0
hamilton,103,41,144,0.285
bright,76,68,144,0.472
correo,1,143,144,0.993
ward,133,11,144,0.076
ralli,124,20,144,0.139
den,31,113,144,0.785
demo,93,51,144,0.354
lf,0,144,144,1.0
bailout,140,4,144,0.028
ink,14,130,144,0.903
cst,138,6,144,0.042
recur,52,92,144,0.639
boom,43,101,144,0.701
gear,43,101,144,0.701
queri,113,31,144,0.215
wise,41,103,144,0.715
doliar,0,143,143,1.0
shortfal,129,14,143,0.098
drag,83,60,143,0.42
autodesk,0,143,143,1.0
anonym,53,90,143,0.629
bell,54,89,143,0.622
dividend,82,61,143,0.427
celest,134,9,143,0.063
anxieti,15,128,143,0.895
modem,32,111,143,0.776
gmt,127,16,143,0.112
rental,81,62,143,0.434
favour,48,95,143,0.664
plummet,140,3,143,0.021
worid,0,143,143,1.0
nv,27,116,143,0.811
sophist,95,48,143,0.336
ss,16,127,143,0.888
furnish,26,117,143,0.818
recal,127,16,143,0.112
thuraisingham,142,0,142,0.0
llp,138,4,142,0.028
prof,106,36,142,0.254
deffner,142,0,142,0.0
ast,0,142,142,1.0
mirror,109,33,142,0.232
manipul,81,61,142,0.43
steadi,74,68,142,0.479
carthag,132,10,142,0.07
kal,142,0,142,0.0
desper,86,56,142,0.394
procur,91,51,142,0.359
turnaround,44,98,142,0.69
loop,114,28,142,0.197
scan,26,116,142,0.817
cat,32,110,142,0.775
cholesterol,1,141,142,0.993
rio,93,49,142,0.345
santa,40,102,142,0.718
walter,115,27,142,0.19
song,24,118,142,0.831
vain,0,142,142,1.0
addresse,116,26,142,0.183
interst,121,20,141,0.142
architect,18,123,141,0.872
conoco,133,8,141,0.057
tough,101,40,141,0.284
alp,112,29,141,0.206
cgi,63,78,141,0.553
mage,124,17,141,0.121
fulfil,77,64,141,0.454
transmit,69,72,141,0.511
isc,141,0,141,0.0
footbal,63,78,141,0.553
insist,115,26,141,0.184
abb,116,25,141,0.177
randi,127,14,141,0.099
mouth,14,127,141,0.901
wave,76,65,141,0.461
mcconnel,135,6,141,0.043
atleast,2,139,141,0.986
lb,47,94,141,0.667
destin,41,100,141,0.709
ni,30,111,141,0.787
carter,135,6,141,0.043
depot,39,101,140,0.721
expos,71,69,140,0.493
sideback,0,140,140,1.0
shive,140,0,140,0.0
heidi,140,0,140,0.0
vlt,136,4,140,0.029
dyson,140,0,140,0.0
clair,121,19,140,0.136
jp,85,55,140,0.393
fluctuat,79,61,140,0.436
framework,94,46,140,0.329
reportedli,139,1,140,0.007
profess,26,114,140,0.814
sel,4,136,140,0.971
invis,5,135,140,0.964
fare,118,22,140,0.157
soiicit,0,140,140,1.0
everyday,45,95,140,0.679
cv,107,33,140,0.236
btu,127,13,140,0.093
sullivan,126,14,140,0.1
stretch,82,58,140,0.414
somewher,91,48,139,0.345
interim,123,16,139,0.115
lin,124,15,139,0.108
lotu,129,10,139,0.072
disc,12,127,139,0.914
church,46,93,139,0.669
swift,78,61,139,0.439
tast,7,132,139,0.95
jodi,74,65,139,0.468
,0,139,139,1.0
jill,129,10,139,0.072
elena,121,18,139,0.129
portabl,10,129,139,0.928
professiona,0,139,139,1.0
swiss,24,115,139,0.827
shelli,138,1,139,0.007
fitzpatrick,132,7,139,0.05
chonawe,138,0,138,0.0
fifth,123,15,138,0.109
jonathan,119,19,138,0.138
bmxg,0,138,138,1.0
forthcom,81,57,138,0.413
goai,0,138,138,1.0
behavior,107,31,138,0.225
vital,52,86,138,0.623
bay,46,92,138,0.667
jess,108,30,138,0.217
ban,34,104,138,0.754
precis,32,106,138,0.768
dl,57,81,138,0.587
philadelphia,119,19,138,0.138
baker,100,37,137,0.27
sooner,72,65,137,0.474
grown,58,79,137,0.577
pari,85,52,137,0.38
vike,6,131,137,0.956
uma,0,137,137,1.0
wake,95,42,137,0.307
defer,83,54,137,0.394
xpp,0,137,137,1.0
mt,83,54,137,0.394
grew,82,55,137,0.401
peaker,137,0,137,0.0
victoria,80,57,137,0.416
powder,23,114,137,0.832
argument,90,47,137,0.343
abiiiti,0,137,137,1.0
dy,114,23,137,0.168
googl,0,137,137,1.0
bobbi,80,57,137,0.416
globe,81,55,136,0.404
anshuman,136,0,136,0.0
girlfriend,2,134,136,0.985
stranger,107,29,136,0.213
wheel,65,71,136,0.522
ei,99,37,136,0.272
bg,125,11,136,0.081
erm,112,24,136,0.176
lucr,48,88,136,0.647
hotlist,60,76,136,0.559
ose,9,127,136,0.934
halt,111,25,136,0.184
zealand,13,123,136,0.904
weigh,116,20,136,0.147
reassur,128,8,136,0.059
diabet,21,115,136,0.846
formul,45,91,136,0.669
quicken,9,127,136,0.934
briefli,132,4,136,0.029
frequenc,68,68,136,0.5
cheaper,39,97,136,0.713
oliv,92,44,136,0.324
accredit,5,131,136,0.963
schumack,135,0,135,0.0
bug,77,58,135,0.43
pattern,77,58,135,0.43
upstream,131,4,135,0.03
rocki,122,13,135,0.096
par,73,62,135,0.459
amitava,135,0,135,0.0
accompani,90,45,135,0.333
epe,134,1,135,0.007
tumbl,133,2,135,0.015
webmail,0,135,135,1.0
roughli,128,7,135,0.052
cr,47,88,135,0.652
mostli,110,25,135,0.185
listinfo,0,135,135,1.0
highiy,0,135,135,1.0
lago,1,134,135,0.993
wade,121,14,135,0.104
presum,98,37,135,0.274
vcsc,0,135,135,1.0
rewrit,30,105,135,0.778
systemwork,0,135,135,1.0
plenti,81,54,135,0.4
emot,24,110,134,0.821
cnn,17,117,134,0.873
charter,111,23,134,0.172
charact,38,96,134,0.716
champion,38,96,134,0.716
theori,116,18,134,0.134
vest,65,69,134,0.515
coach,65,69,134,0.515
slot,71,63,134,0.47
trillion,41,93,134,0.694
iron,48,86,134,0.642
therapi,3,131,134,0.978
symbo,0,134,134,1.0
pennsylvania,97,37,134,0.276
russian,48,86,134,0.642
ste,48,86,134,0.642
reloc,95,39,134,0.291
tommi,116,17,133,0.128
alumni,62,71,133,0.534
truck,79,54,133,0.406
newpow,133,0,133,0.0
omega,1,132,133,0.992
vicker,132,1,133,0.008
di,21,112,133,0.842
elsewher,97,36,133,0.271
wrongfu,0,133,133,1.0
fertil,22,111,133,0.835
fort,57,76,133,0.571
plll,0,133,133,1.0
municip,87,46,133,0.346
cia,5,128,133,0.962
escap,67,66,133,0.496
mhz,22,111,133,0.835
dot,92,41,133,0.308
protest,93,40,133,0.301
consumm,17,116,133,0.872
nguyen,123,9,132,0.068
conjunct,67,65,132,0.492
franci,104,28,132,0.212
compressor,126,6,132,0.045
wiii,0,132,132,1.0
headlin,61,71,132,0.538
partial,85,47,132,0.356
loi,33,99,132,0.75
mini,34,98,132,0.742
tune,69,63,132,0.477
biospher,0,132,132,1.0
leg,57,75,132,0.568
ear,27,105,132,0.795
shlpp,0,132,132,1.0
delight,77,55,132,0.417
valero,132,0,132,0.0
vast,57,75,132,0.568
throw,54,78,132,0.591
shed,110,22,132,0.167
kern,125,7,132,0.053
quickbook,0,131,131,1.0
thanksgiv,120,11,131,0.084
justic,89,42,131,0.321
shapiro,128,3,131,0.023
voicemail,124,7,131,0.053
oklahoma,71,60,131,0.458
calif,84,47,131,0.359
winston,73,58,131,0.443
modern,30,101,131,0.771
jacob,86,45,131,0.344
stood,47,84,131,0.641
interchang,125,6,131,0.046
routin,68,63,131,0.481
gate,63,68,131,0.519
denver,100,31,131,0.237
pam,101,30,131,0.229
yard,47,84,131,0.641
toy,29,102,131,0.779
prematur,21,109,130,0.838
baumbach,130,0,130,0.0
reinhardt,130,0,130,0.0
isp,13,117,130,0.9
rig,38,92,130,0.708
presentiy,0,130,130,1.0
jane,103,27,130,0.208
satellit,57,73,130,0.562
monica,63,67,130,0.515
luong,130,0,130,0.0
vioxx,0,130,130,1.0
ho,35,95,130,0.731
jerri,111,19,130,0.146
spec,97,33,130,0.254
syslync,0,130,130,1.0
dual,55,74,129,0.574
plug,63,66,129,0.512
dyn,126,3,129,0.023
reservoir,37,92,129,0.713
arena,80,49,129,0.38
endors,72,57,129,0.442
craft,41,88,129,0.682
billi,94,35,129,0.271
rare,55,74,129,0.574
kindal,129,0,129,0.0
wouid,0,129,129,1.0
ocean,54,75,129,0.581
mp,25,104,129,0.806
ist,1,128,129,0.992
justifi,109,20,129,0.155
tycholiz,129,0,129,0.0
envelop,30,99,129,0.767
dana,114,15,129,0.116
sysiync,0,129,129,1.0
distributorjebel,0,129,129,1.0
cow,48,81,129,0.628
illeg,47,82,129,0.636
notion,118,10,128,0.078
skeptic,75,53,128,0.414
appetit,32,96,128,0.75
chosen,71,57,128,0.445
shirt,57,71,128,0.555
scheme,84,44,128,0.344
rough,108,20,128,0.156
glisan,128,0,128,0.0
millionair,13,115,128,0.898
carson,113,15,128,0.117
confisc,5,123,128,0.961
odd,66,62,128,0.484
brennan,117,11,128,0.086
underway,72,56,128,0.438
absorb,52,76,128,0.594
pose,71,56,127,0.441
castillo,8,119,127,0.937
pair,56,71,127,0.559
harrison,94,33,127,0.26
chamber,26,101,127,0.795
incomplet,92,35,127,0.276
iaagra,0,127,127,1.0
summar,125,2,127,0.016
arizona,58,69,127,0.543
compress,76,51,127,0.402
abacha,0,127,127,1.0
menu,87,40,127,0.315
oversight,125,1,126,0.008
fuller,93,33,126,0.262
stan,118,8,126,0.063
coat,70,56,126,0.444
clip,32,94,126,0.746
wayn,100,26,126,0.206
exotica,118,8,126,0.063
fa,70,56,126,0.444
lsk,123,3,126,0.024
buiider,0,126,126,1.0
paula,120,6,126,0.048
mlm,8,118,126,0.937
plastic,42,84,126,0.667
dreamwav,0,126,126,1.0
reciev,25,101,126,0.802
bounc,66,59,125,0.472
rw,9,116,125,0.928
unsuit,0,125,125,1.0
bull,44,81,125,0.648
miiiion,0,125,125,1.0
wing,15,110,125,0.88
overse,109,16,125,0.128
ioqo,0,125,125,1.0
sensor,5,120,125,0.96
historica,0,125,125,1.0
pig,99,26,125,0.208
warehous,38,87,125,0.696
clinic,14,111,125,0.888
discios,0,125,125,1.0
scene,49,76,125,0.608
papayoti,125,0,125,0.0
mentor,30,95,125,0.76
heavili,104,21,125,0.168
ahmad,121,4,125,0.032
hansen,114,11,125,0.088
wrongfuili,0,125,125,1.0
vou,24,101,125,0.808
dian,97,27,124,0.218
zyban,0,124,124,1.0
bye,21,103,124,0.831
lord,45,79,124,0.637
baron,99,25,124,0.202
ado,0,124,124,1.0
prom,6,118,124,0.952
powerquest,0,124,124,1.0
duffi,117,7,124,0.056
contest,64,60,124,0.484
remaind,114,10,124,0.081
hole,54,70,124,0.565
cargo,56,68,124,0.548
debat,90,34,124,0.274
mode,42,82,124,0.661
suitabl,71,53,124,0.427
cellpad,0,124,124,1.0
lamphier,124,0,124,0.0
hide,80,43,123,0.35
portal,55,68,123,0.553
cloth,29,94,123,0.764
scrutini,110,13,123,0.106
jersey,74,49,123,0.398
smile,34,89,123,0.724
kirste,123,0,123,0.0
impos,84,39,123,0.317
discrep,106,17,123,0.138
helo,0,123,123,1.0
suddenli,65,58,123,0.472
nw,68,55,123,0.447
consign,3,120,123,0.976
inter,76,46,122,0.377
hplnl,122,0,122,0.0
clay,99,23,122,0.189
osprey,112,10,122,0.082
financia,4,118,122,0.967
cumul,101,21,122,0.172
jedi,121,1,122,0.008
disappear,53,69,122,0.566
grab,34,88,122,0.721
disast,61,61,122,0.5
sharon,111,11,122,0.09
µ,0,122,122,1.0
kyle,112,10,122,0.082
zu,3,119,122,0.975
disrupt,84,38,122,0.311
minu,111,11,122,0.09
founder,59,63,122,0.516
seil,0,122,122,1.0
disqualifi,2,120,122,0.984
council,82,39,121,0.322
stockhold,72,49,121,0.405
fea,100,21,121,0.174
cialii,0,121,121,1.0
shalesh,121,0,121,0.0
compel,39,82,121,0.678
compart,0,121,121,1.0
amazon,72,49,121,0.405
conform,30,91,121,0.752
dori,106,15,121,0.124
fate,84,37,121,0.306
gossett,121,0,121,0.0
palm,59,62,121,0.512
eddi,83,38,121,0.314
warner,108,13,121,0.107
materialiy,0,121,121,1.0
eprm,121,0,121,0.0
ia,27,94,121,0.777
mcf,111,10,121,0.083
geograph,71,50,121,0.413
softtab,0,121,121,1.0
sacramento,110,11,121,0.091
irvin,96,24,120,0.2
slash,74,46,120,0.383
curtail,109,11,120,0.092
infect,9,111,120,0.925
throughput,112,8,120,0.067
crunch,94,26,120,0.217
gwyn,117,3,120,0.025
mere,49,71,120,0.592
pp,40,80,120,0.667
hassl,16,104,120,0.867
ashley,99,21,120,0.175
basket,88,32,120,0.267
availabi,0,120,120,1.0
stella,110,10,120,0.083
lcd,12,108,120,0.9
teresa,117,3,120,0.025
dj,16,104,120,0.867
lodg,44,76,120,0.633
monterrey,98,22,120,0.183
weren,101,19,120,0.158
ipp,118,2,120,0.017
baa,117,3,120,0.025
hors,21,99,120,0.825
poland,68,52,120,0.433
persist,62,58,120,0.483
von,8,112,120,0.933
avaiiabl,0,119,119,1.0
evan,95,24,119,0.202
summit,68,51,119,0.429
nineti,7,112,119,0.941
piil,0,119,119,1.0
ein,19,100,119,0.84
lx,24,95,119,0.798
unscrupul,0,119,119,1.0
secondari,71,48,119,0.403
danni,99,20,119,0.168
discontinu,40,79,119,0.664
meaning,104,15,119,0.126
intra,119,0,119,0.0
distress,73,46,119,0.387
barrett,103,16,119,0.134
admir,41,77,118,0.653
gonzalez,100,18,118,0.153
confidentiai,0,118,118,1.0
spywar,1,117,118,0.992
vkaminski,118,0,118,0.0
sugar,27,91,118,0.771
alium,0,118,118,1.0
perfectli,33,85,118,0.72
complain,71,47,118,0.398
dsl,13,105,118,0.89
mtg,105,13,118,0.11
concur,86,32,118,0.271
bin,47,71,118,0.602
du,16,102,118,0.864
bound,48,70,118,0.593
gregori,105,12,117,0.103
circl,44,73,117,0.624
dfarmer,117,0,117,0.0
leon,29,88,117,0.752
picker,109,8,117,0.068
resort,79,38,117,0.325
ep,64,53,117,0.453
victim,56,61,117,0.521
ehud,117,0,117,0.0
sampi,0,117,117,1.0
rush,60,57,117,0.487
beiief,0,117,117,1.0
luncheon,105,12,117,0.103
lea,23,94,117,0.803
ise,9,108,117,0.923
junior,54,63,117,0.538
mason,97,20,117,0.171
clock,27,90,117,0.769
architectur,43,74,117,0.632
viewer,79,37,116,0.319
compat,24,92,116,0.793
arbitr,99,17,116,0.147
consensu,90,26,116,0.224
bold,63,53,116,0.457
bird,26,90,116,0.776
inquir,66,50,116,0.431
wisdom,14,102,116,0.879
compli,77,39,116,0.336
riley,110,6,116,0.052
paint,43,73,116,0.629
sand,25,91,116,0.784
bernard,80,36,116,0.31
issler,116,0,116,0.0
boat,24,92,116,0.793
meridia,1,115,116,0.991
fiber,85,31,116,0.267
fantast,27,89,116,0.767
josey,116,0,116,0.0
cwtd,0,116,116,1.0
context,67,49,116,0.422
sherri,99,17,116,0.147
carnegi,102,14,116,0.121
rolet,0,116,116,1.0
mellon,103,13,116,0.112
cam,7,109,116,0.94
blast,36,79,115,0.687
processor,28,87,115,0.757
rent,86,29,115,0.252
gzo,0,115,115,1.0
huang,112,3,115,0.026
ich,6,109,115,0.948
coffe,71,44,115,0.383
simon,88,27,115,0.235
tier,84,31,115,0.27
ow,3,112,115,0.974
cart,41,74,115,0.643
successful,2,113,115,0.983
atlant,72,43,115,0.374
cheat,16,99,115,0.861
strip,84,31,115,0.27
humbl,35,80,115,0.696
doilar,0,115,115,1.0
yellow,30,85,115,0.739
header,51,64,115,0.557
cleburn,114,0,114,0.0
bankrupt,91,23,114,0.202
comp,83,31,114,0.272
holm,103,11,114,0.096
temporarili,82,32,114,0.281
cathi,93,21,114,0.184
lab,54,60,114,0.526
younger,15,99,114,0.868
kent,105,9,114,0.079
cpr,114,0,114,0.0
brook,75,39,114,0.342
nuclear,75,39,114,0.342
enemi,13,101,114,0.886
constraint,102,12,114,0.105
embed,79,35,114,0.307
pi,5,109,114,0.956
issuanc,104,9,113,0.08
boa,95,18,113,0.159
unwind,112,1,113,0.009
laugh,17,96,113,0.85
botan,0,113,113,1.0
visuai,0,113,113,1.0
devot,46,67,113,0.593
paperwork,38,75,113,0.664
poorman,113,0,113,0.0
disqualif,0,113,113,1.0
obviou,77,36,113,0.319
overst,111,2,113,0.018
obes,1,112,113,0.991
sim,7,106,113,0.938
injuri,10,103,113,0.912
optimist,82,31,113,0.274
seiect,0,113,113,1.0
moreov,65,48,113,0.425
eott,112,0,112,0.0
richardson,101,11,112,0.098
bnp,89,23,112,0.205
carolina,32,80,112,0.714
jafri,112,0,112,0.0
patterson,103,9,112,0.08
ir,50,62,112,0.554
crucial,88,24,112,0.214
gm,92,20,112,0.179
fo,24,88,112,0.786
gg,10,102,112,0.911
bryce,98,14,112,0.125
russ,107,5,112,0.045
surbey,112,0,112,0.0
faq,29,83,112,0.741
disposit,93,19,112,0.17
omaha,92,20,112,0.179
specialti,18,94,112,0.839
grati,8,104,112,0.929
weaken,105,7,112,0.062
eugenio,111,1,112,0.009
dress,45,66,111,0.595
famiiiar,0,111,111,1.0
modal,2,109,111,0.982
suiss,111,0,111,0.0
cater,37,74,111,0.667
ronald,81,30,111,0.27
jaim,102,9,111,0.081
soldier,7,104,111,0.937
disord,1,110,111,0.991
anna,72,39,111,0.351
centrinol,0,111,111,1.0
barrei,0,111,111,1.0
ong,10,101,111,0.91
laser,5,106,111,0.955
stadium,99,12,111,0.108
stupid,18,93,111,0.838
kristen,111,0,111,0.0
necessarili,90,21,111,0.189
coffey,96,15,111,0.135
prod,95,16,111,0.144
gamma,96,15,111,0.135
satisfactori,71,40,111,0.36
sj,104,7,111,0.063
willing,76,35,111,0.315
franchis,59,52,111,0.468
reiter,109,2,111,0.018
brain,35,76,111,0.685
riski,77,34,111,0.306
cli,0,111,111,1.0
metabol,0,110,110,1.0
mad,23,87,110,0.791
guard,63,47,110,0.427
avon,96,14,110,0.127
herbal,0,110,110,1.0
fallon,107,3,110,0.027
inspect,56,54,110,0.491
hop,6,104,110,0.945
wherebi,60,50,110,0.455
mccoy,102,8,110,0.073
sudden,50,60,110,0.545
desiqn,0,110,110,1.0
fanci,19,91,110,0.827
pastoria,110,0,110,0.0
territori,58,52,110,0.473
prescrib,8,102,110,0.927
disburs,23,87,110,0.791
wine,24,86,110,0.782
roxio,0,110,110,1.0
residu,73,37,110,0.336
gandi,110,0,110,0.0
ment,3,107,110,0.973
retriev,53,57,110,0.518
excius,0,110,110,1.0
undervaiu,0,110,110,1.0
ega,33,77,110,0.7
lehman,105,5,110,0.045
kit,17,92,109,0.844
gail,104,5,109,0.046
ocat,0,109,109,1.0
flood,79,30,109,0.275
sutton,105,4,109,0.037
heartwarm,2,107,109,0.982
dormant,3,106,109,0.972
bomb,44,65,109,0.596
antidot,1,108,109,0.991
australian,71,38,109,0.349
acadia,0,109,109,1.0
itc,25,84,109,0.771
perez,100,9,109,0.083
itali,61,48,109,0.44
wipe,57,52,109,0.477
ta,19,90,109,0.826
nurs,11,98,109,0.899
taught,30,79,109,0.725
troy,104,5,109,0.046
ere,0,109,109,1.0
nowaday,7,102,109,0.936
excus,44,65,109,0.596
hickerson,109,0,109,0.0
comic,4,105,109,0.963
petrochem,68,41,109,0.376
latin,67,42,109,0.385
waco,106,3,109,0.028
quicker,26,82,108,0.759
drvg,0,108,108,1.0
therebi,65,43,108,0.398
postcard,1,107,108,0.991
modular,2,106,108,0.981
jet,47,61,108,0.565
framemak,0,108,108,1.0
lim,86,22,108,0.204
strang,56,52,108,0.481
ticker,39,69,108,0.639
curso,0,108,108,1.0
coral,80,28,108,0.259
carr,103,5,108,0.046
xph,0,108,108,1.0
miilennium,0,108,108,1.0
simultan,67,41,108,0.38
athlet,5,103,108,0.954
hay,58,50,108,0.463
thick,15,93,108,0.861
breakthrough,15,93,108,0.861
encrypt,22,86,108,0.796
convey,69,39,108,0.361
reqard,0,108,108,1.0
alli,27,81,108,0.75
handset,12,95,107,0.888
random,35,72,107,0.673
deutsch,77,30,107,0.28
aircraft,70,37,107,0.346
eileen,96,11,107,0.103
fish,30,77,107,0.72
conni,97,10,107,0.093
encount,43,64,107,0.598
marcu,89,18,107,0.168
regularli,71,36,107,0.336
xara,0,107,107,1.0
root,44,63,107,0.589
gilbert,89,18,107,0.168
pursuant,68,39,107,0.364
expior,0,107,107,1.0
wither,100,7,107,0.065
eiement,0,107,107,1.0
intrast,107,0,107,0.0
insert,52,55,107,0.514
colspan,0,107,107,1.0
storm,75,31,106,0.292
madrid,6,100,106,0.943
contin,41,65,106,0.613
woridwid,0,106,106,1.0
bother,53,53,106,0.5
syme,106,0,106,0.0
powerpoint,88,18,106,0.17
htmlimg,0,106,106,1.0
revert,42,64,106,0.604
pin,44,62,106,0.585
derek,90,16,106,0.151
mom,46,60,106,0.566
decor,20,86,106,0.811
nbc,21,85,106,0.802
cernosek,106,0,106,0.0
lindi,106,0,106,0.0
chemist,0,106,106,1.0
phoenix,37,69,106,0.651
bone,13,93,106,0.877
marketinq,0,106,106,1.0
isra,17,89,106,0.84
ead,18,88,106,0.83
herndon,105,1,106,0.009
sponsorship,48,58,106,0.547
fiduciari,50,56,106,0.528
contend,60,46,106,0.434
danc,21,85,106,0.802
riqht,0,106,106,1.0
fi,50,56,106,0.528
newest,24,82,106,0.774
petit,81,25,106,0.236
covet,27,79,106,0.745
arrest,13,93,106,0.877
italian,27,78,105,0.743
lme,105,0,105,0.0
pued,0,105,105,1.0
abstract,74,31,105,0.295
yourseif,0,105,105,1.0
fran,91,14,105,0.133
pariba,105,0,105,0.0
sd,41,64,105,0.61
meredith,96,9,105,0.086
promptli,58,47,105,0.448
buffett,55,50,105,0.476
lagrasta,105,0,105,0.0
firework,2,103,105,0.981
showcas,23,82,105,0.781
diiigenc,0,105,105,1.0
burlington,92,13,105,0.124
apollo,94,11,105,0.105
lsp,105,0,105,0.0
kohli,105,0,105,0.0
mcdonald,92,13,105,0.124
impair,69,36,105,0.343
fuck,0,105,105,1.0
immigr,51,54,105,0.514
graham,77,27,104,0.26
io,78,26,104,0.25
passion,18,86,104,0.827
nich,13,91,104,0.875
expiod,0,104,104,1.0
freeman,47,57,104,0.548
durat,75,29,104,0.279
unsuccess,18,86,104,0.827
judi,97,7,104,0.067
magnitud,44,60,104,0.577
dig,37,67,104,0.644
ricki,85,19,104,0.183
whenev,49,55,104,0.529
tokyo,96,8,104,0.077
tend,86,18,104,0.173
lang,17,87,104,0.837
sha,2,102,104,0.981
becki,93,11,104,0.106
christina,87,17,104,0.163
ehronlin,104,0,104,0.0
medz,0,104,104,1.0
revolv,67,37,104,0.356
rev,68,36,104,0.346
evolv,76,28,104,0.269
webcam,0,104,104,1.0
pv,103,1,104,0.01
joann,87,16,103,0.155
seal,48,55,103,0.534
complementari,12,91,103,0.883
hernandez,100,3,103,0.029
warren,67,36,103,0.35
bureau,46,57,103,0.553
eg,66,37,103,0.359
permian,92,11,103,0.107
slump,93,10,103,0.097
henderson,94,9,103,0.087
aiway,0,103,103,1.0
joy,26,77,103,0.748
andr,81,22,103,0.214
intercept,82,21,103,0.204
tagg,103,0,103,0.0
attitud,61,42,103,0.408
badli,45,58,103,0.563
brackett,103,0,103,0.0
paramet,94,9,103,0.087
freez,54,49,103,0.476
fs,15,88,103,0.854
buiid,0,103,103,1.0
reliev,36,67,103,0.65
miliennium,0,103,103,1.0
famou,19,84,103,0.816
navig,56,47,103,0.456
vicki,73,30,103,0.291
relay,33,70,103,0.68
bs,31,72,103,0.699
oprah,56,47,103,0.456
cock,7,96,103,0.932
amongst,10,92,102,0.902
ol,38,64,102,0.627
worksheet,91,11,102,0.108
escrow,62,40,102,0.392
cordial,43,59,102,0.578
materiaili,0,102,102,1.0
fruit,26,76,102,0.745
rem,4,98,102,0.961
laboratori,28,74,102,0.725
bidder,93,9,102,0.088
princeton,87,15,102,0.147
beleagu,102,0,102,0.0
pierc,91,11,102,0.108
strongest,41,61,102,0.598
drift,82,20,102,0.196
buddi,57,45,102,0.441
hazard,16,86,102,0.843
rhythm,10,92,102,0.902
liber,51,51,102,0.5
kathryn,100,2,102,0.02
whiie,0,101,101,1.0
¦,0,101,101,1.0
samuel,56,45,101,0.446
climat,64,37,101,0.366
expedia,93,8,101,0.079
homesit,0,101,101,1.0
finger,37,64,101,0.634
freight,77,24,101,0.238
bal,94,7,101,0.069
hsb,101,0,101,0.0
fatal,13,88,101,0.871
unavail,88,13,101,0.129
crave,3,98,101,0.97
woodland,83,18,101,0.178
exot,90,11,101,0.109
shah,89,12,101,0.119
viaqra,0,101,101,1.0
speech,72,29,101,0.287
upset,67,34,101,0.337
lc,83,18,101,0.178
koehler,100,1,101,0.01
enserch,101,0,101,0.0
fan,52,49,101,0.485
sweepstak,7,94,101,0.931
wang,65,36,101,0.356
vernon,89,12,101,0.119
accru,36,65,101,0.644
yen,84,17,101,0.168
uauthor,0,101,101,1.0
pray,38,63,101,0.624
shine,20,81,101,0.802
michigan,73,28,101,0.277
bore,21,80,101,0.792
icon,71,30,101,0.297
digest,39,62,101,0.614
bellami,95,6,101,0.059
pride,31,69,100,0.69
optout,0,100,100,1.0
cole,64,36,100,0.36
inbox,24,76,100,0.76
breakdown,73,27,100,0.27
ti,37,63,100,0.63
contemporari,4,96,100,0.96
riverdeep,0,100,100,1.0
ust,0,100,100,1.0
avaiiabi,0,100,100,1.0
amateur,7,93,100,0.93
noneedl,0,100,100,1.0
robin,86,14,100,0.14
parallel,71,29,100,0.29
wei,91,9,100,0.09
disolv,0,100,100,1.0
acheiv,4,96,100,0.96
delphi,19,81,100,0.81
verbal,84,16,100,0.16
restart,93,7,100,0.07
scholarship,71,29,100,0.29
eta,91,9,100,0.09
earnest,80,20,100,0.2
valign,0,100,100,1.0
thermal,67,33,100,0.33
burden,76,24,100,0.24
inherit,7,93,100,0.93
fool,17,83,100,0.83
heal,33,67,100,0.67
svc,84,16,100,0.16
abel,68,31,99,0.313
skyrocket,28,71,99,0.717
goodby,8,91,99,0.919
aiert,0,99,99,1.0
mckay,96,3,99,0.03
hereto,70,29,99,0.293
finest,5,94,99,0.949
pad,21,78,99,0.788
cloud,54,45,99,0.455
sheridan,92,7,99,0.071
spl,68,31,99,0.313
seattl,74,25,99,0.253
jm,23,76,99,0.768
incorrect,89,10,99,0.101
strive,10,89,99,0.899
prayer,56,43,99,0.434
wscc,99,0,99,0.0
tank,29,70,99,0.707
router,15,84,99,0.848
hunt,59,40,99,0.404
tenni,5,94,99,0.949
downward,77,22,99,0.222
rabbit,3,96,99,0.97
teja,99,0,99,0.0
centrino,0,99,99,1.0
hedstrom,99,0,99,0.0
costli,54,45,99,0.455
weli,0,99,99,1.0
cabinet,70,29,99,0.293
suppress,17,82,99,0.828
cel,6,93,99,0.939
emphas,71,28,99,0.283
ds,42,57,99,0.576
martha,89,10,99,0.101
oft,1,98,99,0.99
older,31,68,99,0.687
aliv,36,62,98,0.633
unclear,96,2,98,0.02
hitchcock,93,5,98,0.051
ilan,8,90,98,0.918
importantli,65,33,98,0.337
java,71,27,98,0.276
refinanc,19,79,98,0.806
converg,43,55,98,0.561
embattl,91,7,98,0.071
biilion,0,98,98,1.0
crimin,42,56,98,0.571
mcloughlin,98,0,98,0.0
invent,26,72,98,0.735
cinergi,98,0,98,0.0
miami,24,74,98,0.755
reap,61,37,98,0.378
capabii,0,98,98,1.0
glenn,74,24,98,0.245
copier,73,25,98,0.255
cord,46,52,98,0.531
fro,7,91,98,0.929
catherin,43,55,98,0.561
cor,9,89,98,0.908
koi,0,98,98,1.0
chad,86,12,98,0.122
mugab,0,98,98,1.0
affirm,54,44,98,0.449
blond,2,96,98,0.98
cigarett,5,93,98,0.949
ware,6,92,98,0.939
diffus,39,59,98,0.602
indiana,31,67,98,0.684
edgar,5,93,98,0.949
compiianc,0,98,98,1.0
aig,95,2,97,0.021
poi,87,10,97,0.103
ws,2,95,97,0.979
aepin,97,0,97,0.0
jurisdict,66,31,97,0.32
errrectlon,0,97,97,1.0
eiectric,0,97,97,1.0
yaman,96,1,97,0.01
cherri,70,27,97,0.278
needl,84,13,97,0.134
cassandra,92,5,97,0.052
trick,18,79,97,0.814
ihr,6,91,97,0.938
anger,36,61,97,0.629
tail,52,45,97,0.464
convini,1,96,97,0.99
broader,86,11,97,0.113
supervis,70,27,97,0.278
delhi,75,22,97,0.227
dad,22,75,97,0.773
merit,82,15,97,0.155
pbx,1,96,97,0.99
aqui,0,97,97,1.0
celebrex,0,97,97,1.0
sage,71,26,97,0.268
fox,65,32,97,0.33
wanda,97,0,97,0.0
armstrong,71,26,97,0.268
vmware,0,97,97,1.0
band,32,64,96,0.667
platinum,6,90,96,0.938
captain,11,85,96,0.885
sho,0,96,96,1.0
fedex,29,67,96,0.698
labguard,0,96,96,1.0
osman,96,0,96,0.0
trustworthi,7,89,96,0.927
coleman,69,27,96,0.281
entergi,96,0,96,0.0
mfc,0,96,96,1.0
simiiar,0,96,96,1.0
trevino,95,1,96,0.01
countriesw,0,96,96,1.0
carefui,0,96,96,1.0
blackout,69,27,96,0.281
usernam,80,16,96,0.167
bibi,96,0,96,0.0
qualif,56,40,96,0.417
newco,96,0,96,0.0
roxxi,0,96,96,1.0
pitt,78,18,96,0.188
unsubscript,0,96,96,1.0
merci,27,69,96,0.719
fletcher,62,34,96,0.354
cunningham,84,12,96,0.125
crack,48,48,96,0.5
jen,66,30,96,0.312
macrmedia,0,96,96,1.0
cheaap,0,96,96,1.0
ml,48,48,96,0.5
leach,74,22,96,0.229
analys,77,19,96,0.198
glen,80,16,96,0.167
thur,96,0,96,0.0
ragga,0,95,95,1.0
allevi,32,63,95,0.663
lien,55,40,95,0.421
preciou,29,66,95,0.695
ambieen,0,95,95,1.0
vancouv,17,78,95,0.821
hgh,0,95,95,1.0
polic,34,61,95,0.642
variant,8,87,95,0.916
lean,28,67,95,0.705
script,35,60,95,0.632
garcia,79,16,95,0.168
dagga,0,95,95,1.0
wir,7,88,95,0.926
empir,48,47,95,0.495
boundari,42,53,95,0.558
propecia,0,95,95,1.0
mitch,93,2,95,0.021
preschedul,95,0,95,0.0
rebound,87,8,95,0.084
factua,0,95,95,1.0
lan,24,71,95,0.747
banner,36,59,95,0.621
strickland,92,3,95,0.032
duan,81,14,95,0.147
delux,0,95,95,1.0
miracl,13,82,95,0.863
paxil,0,94,94,1.0
antitrust,94,0,94,0.0
stagger,18,76,94,0.809
eprofil,94,0,94,0.0
cdgt,0,94,94,1.0
jeani,92,2,94,0.021
justin,80,14,94,0.149
darial,0,94,94,1.0
sing,22,72,94,0.766
mandatori,61,33,94,0.351
lifestyl,20,74,94,0.787
pda,5,89,94,0.947
postpon,86,8,94,0.085
int,24,70,94,0.745
hormon,0,94,94,1.0
julia,79,15,94,0.16
martinez,69,25,94,0.266
advoc,70,24,94,0.255
math,85,9,94,0.096
scribner,87,7,94,0.074
taiwan,56,38,94,0.404
grate,53,41,94,0.436
jefferi,92,2,94,0.021
seekercent,0,94,94,1.0
perm,88,6,94,0.064
staci,77,17,94,0.181
ore,18,76,94,0.809
gua,0,94,94,1.0
frazier,86,8,94,0.085
benefici,49,45,94,0.479
hydrocodon,0,93,93,1.0
sw,65,28,93,0.301
consortium,51,42,93,0.452
rid,23,70,93,0.753
mumbai,87,6,93,0.065
lamadrid,93,0,93,0.0
gpg,93,0,93,0.0
diplomat,8,85,93,0.914
hardi,82,11,93,0.118
servant,2,91,93,0.978
viabl,53,40,93,0.43
oe,3,90,93,0.968
bubbl,50,43,93,0.462
smallest,12,81,93,0.871
sokolov,93,0,93,0.0
koepk,93,0,93,0.0
puls,60,33,93,0.355
,0,93,93,1.0
kc,90,3,93,0.032
imceanot,93,0,93,0.0
tara,85,8,93,0.086
sentenc,54,39,93,0.419
rl,37,56,93,0.602
harvey,75,18,93,0.194
undiscov,2,91,93,0.978
programa,0,93,93,1.0
lohman,93,0,93,0.0
johannesburg,0,93,93,1.0
nng,92,1,93,0.011
orlando,68,25,93,0.269
scre,0,93,93,1.0
perkin,81,11,92,0.12
landscap,21,71,92,0.772
multimedia,21,71,92,0.772
orig,92,0,92,0.0
adventur,17,75,92,0.815
oak,58,34,92,0.37
crew,34,58,92,0.63
portcalc,92,0,92,0.0
wessex,92,0,92,0.0
stat,27,65,92,0.707
sandra,71,21,92,0.228
jaeger,10,82,92,0.891
ate,17,75,92,0.815
reluct,82,10,92,0.109
miningnew,0,92,92,1.0
refresh,74,18,92,0.196
kathleen,76,16,92,0.174
deng,91,1,92,0.011
capita,2,90,92,0.978
wigg,92,0,92,0.0
fre,0,92,92,1.0
exxonmobil,29,63,92,0.685
planet,4,88,92,0.957
keyboard,10,82,92,0.891
ciaii,0,92,92,1.0
attain,20,72,92,0.783
intro,14,78,92,0.848
piazz,92,0,92,0.0
hardcor,1,91,92,0.989
hanson,74,18,92,0.196
colleen,92,0,92,0.0
deer,51,41,92,0.446
empti,42,50,92,0.543
bachelor,23,69,92,0.75
cara,91,1,92,0.011
topock,92,0,92,0.0
adipren,0,92,92,1.0
sectionl,0,92,92,1.0
sharad,92,0,92,0.0
quantifi,78,14,92,0.152
virgin,9,83,92,0.902
lane,54,37,91,0.407
sabra,79,12,91,0.132
tock,0,91,91,1.0
itinerari,75,16,91,0.176
wee,3,88,91,0.967
intim,16,75,91,0.824
neighbor,42,49,91,0.538
nj,47,44,91,0.484
eyewear,0,91,91,1.0
iogo,0,91,91,1.0
killer,5,86,91,0.945
ontario,37,54,91,0.593
albani,76,15,91,0.165
custodi,7,84,91,0.923
teacher,29,62,91,0.681
thomson,82,9,91,0.099
festiv,51,40,91,0.44
switzerland,32,59,91,0.648
mainli,78,13,91,0.143
reschedul,90,1,91,0.011
tani,90,1,91,0.011
surgeri,18,73,91,0.802
fork,4,87,91,0.956
zipper,78,13,91,0.143
classifi,13,78,91,0.857
panda,35,56,91,0.615
biotech,6,85,91,0.934
rod,61,30,91,0.33
stoxo,0,91,91,1.0
avila,89,2,91,0.022
seiz,32,59,91,0.648
plate,22,68,90,0.756
db,37,53,90,0.589
forrest,18,72,90,0.8
rlyc,0,90,90,1.0
israel,52,38,90,0.422
knight,64,26,90,0.289
recollect,14,76,90,0.844
murray,89,1,90,0.011
storey,88,2,90,0.022
luxuri,10,80,90,0.889
mileston,38,52,90,0.578
breitl,0,90,90,1.0
liter,15,75,90,0.833
gdvi,0,90,90,1.0
davidson,77,13,90,0.144
moscoso,90,0,90,0.0
hakemack,90,0,90,0.0
equat,49,41,90,0.456
turkey,63,27,90,0.3
ordinari,32,58,90,0.644
calc,89,1,90,0.011
hike,81,9,90,0.1
downstream,76,14,90,0.156
cliff,76,14,90,0.156
viaspac,0,90,90,1.0
bare,40,50,90,0.556
cbm,12,78,90,0.867
roster,31,59,90,0.656
waiv,77,13,90,0.144
spin,52,38,90,0.422
endeavor,33,57,90,0.633
mous,24,66,90,0.733
ass,29,61,90,0.678
catalogu,10,80,90,0.889
giusepp,87,3,90,0.033
dip,64,26,90,0.289
wan,16,74,90,0.822
forti,23,67,90,0.744
donoho,90,0,90,0.0
percept,54,36,90,0.4
widespread,51,38,89,0.427
contributor,71,18,89,0.202
unsuitabi,0,89,89,1.0
savita,89,0,89,0.0
mhi,89,0,89,0.0
cola,42,47,89,0.528
helen,65,24,89,0.27
breakout,41,48,89,0.539
conceal,29,60,89,0.674
campo,74,15,89,0.169
wont,9,80,89,0.899
astro,89,0,89,0.0
gentl,21,68,89,0.764
ridg,59,30,89,0.337
upper,62,27,89,0.303
arab,23,66,89,0.742
nyc,68,21,89,0.236
biliion,0,89,89,1.0
fawcett,89,0,89,0.0
trave,0,89,89,1.0
martinj,89,0,89,0.0
replic,20,69,89,0.775
agra,3,86,89,0.966
clickathom,89,0,89,0.0
reliantenergi,89,0,89,0.0
characterist,64,24,88,0.273
shoe,40,48,88,0.545
wmb,9,79,88,0.898
workstat,37,51,88,0.58
dribbl,2,86,88,0.977
honesti,6,82,88,0.932
engr,11,77,88,0.875
herrera,88,0,88,0.0
ff,16,72,88,0.818
tee,66,22,88,0.25
easttexa,88,0,88,0.0
capillari,0,88,88,1.0
classroom,9,79,88,0.898
cocktail,73,15,88,0.17
bradley,73,15,88,0.17
boe,60,28,88,0.318
litti,0,88,88,1.0
keen,70,18,88,0.205
ciso,88,0,88,0.0
configur,40,48,88,0.545
alaska,36,52,88,0.591
gay,50,38,88,0.432
caribbean,25,63,88,0.716
lex,65,23,88,0.261
reiianc,0,88,88,1.0
scare,63,25,88,0.284
transco,88,0,88,0.0
politician,55,33,88,0.375
albert,50,38,88,0.432
weapon,10,78,88,0.886
cdnow,88,0,88,0.0
cellular,46,42,88,0.477
broke,47,40,87,0.46
eei,86,1,87,0.011
oth,3,84,87,0.966
sterl,20,67,87,0.77
roy,52,35,87,0.402
birthday,54,33,87,0.379
nova,24,63,87,0.724
brazilian,72,15,87,0.172
ellen,72,15,87,0.172
pwc,87,0,87,0.0
esmtp,63,24,87,0.276
retroact,84,3,87,0.034
rodney,75,12,87,0.138
debit,16,71,87,0.816
ascii,23,64,87,0.736
guaranti,69,18,87,0.207
dismiss,75,12,87,0.138
enymex,87,0,87,0.0
ch,14,73,87,0.839
casual,41,46,87,0.529
harm,36,51,87,0.586
auf,7,80,87,0.92
timothi,79,8,87,0.092
stoke,74,13,87,0.149
abidjan,0,87,87,1.0
medlcat,0,87,87,1.0
pcg,47,40,87,0.46
hesco,87,0,87,0.0
urgenc,31,56,87,0.644
esteem,8,79,87,0.908
keyword,24,63,87,0.724
wound,15,72,87,0.828
rabi,85,2,87,0.023
myer,72,15,87,0.172
atp,0,87,87,1.0
buzz,18,69,87,0.793
inspir,23,64,87,0.736
hull,79,7,86,0.081
virtu,7,79,86,0.919
sce,86,0,86,0.0
ieor,86,0,86,0.0
misiead,0,86,86,1.0
potent,4,82,86,0.953
confront,23,63,86,0.733
tramadol,0,86,86,1.0
horni,0,86,86,1.0
fin,52,34,86,0.395
keynot,78,8,86,0.093
carolin,69,17,86,0.198
gentlemen,62,24,86,0.279
deliber,38,48,86,0.558
fidel,71,15,86,0.174
revel,66,20,86,0.233
lexi,85,1,86,0.012
opec,70,16,86,0.186
pct,86,0,86,0.0
genera,0,86,86,1.0
omiss,65,21,86,0.244
chose,44,42,86,0.488
veteran,21,65,86,0.756
baseload,86,0,86,0.0
belt,15,71,86,0.826
cantekin,86,0,86,0.0
feasibl,63,23,86,0.267
zufferli,86,0,86,0.0
pierr,78,8,86,0.093
fleischer,86,0,86,0.0
iwc,0,86,86,1.0
ecommerc,78,8,86,0.093
quiet,43,42,85,0.494
sym,0,85,85,1.0
mic,0,85,85,1.0
synergi,48,37,85,0.435
wsj,85,0,85,0.0
tudor,0,85,85,1.0
gun,26,59,85,0.694
acni,0,85,85,1.0
contempl,52,33,85,0.388
asylum,1,84,85,0.988
hurrican,71,14,85,0.165
lv,32,53,85,0.624
neutral,68,17,85,0.2
mccarti,82,3,85,0.035
eve,8,77,85,0.906
packet,78,7,85,0.082
bullish,63,22,85,0.259
conferenc,43,42,85,0.494
quaiiti,0,85,85,1.0
trail,60,25,85,0.294
csfb,85,0,85,0.0
roman,58,27,85,0.318
react,59,26,85,0.306
cluster,64,21,85,0.247
bcc,84,1,85,0.012
aluminum,48,37,85,0.435
wgr,6,79,85,0.929
conf,61,24,85,0.282
hell,31,54,85,0.635
dosag,2,83,85,0.976
pnm,85,0,85,0.0
hewitt,77,8,85,0.094
sour,54,31,85,0.365
beer,26,59,85,0.694
cali,22,62,84,0.738
streamlin,61,23,84,0.274
 ,0,84,84,1.0
lsu,84,0,84,0.0
desd,4,80,84,0.952
guangdong,0,84,84,1.0
enthusiast,56,28,84,0.333
genethera,0,84,84,1.0
stochast,80,4,84,0.048
catchi,2,82,84,0.976
photograph,44,40,84,0.476
murder,2,82,84,0.976
sentiment,63,21,84,0.25
franklin,55,29,84,0.345
incid,32,52,84,0.619
wxga,0,84,84,1.0
karpenkov,0,84,84,1.0
nloa,0,84,84,1.0
ennium,0,84,84,1.0
saudi,63,21,84,0.25
exvg,0,84,84,1.0
rain,25,59,84,0.702
bail,62,22,84,0.262
mop,76,8,84,0.095
inabl,67,17,84,0.202
ord,0,84,84,1.0
nois,58,26,84,0.31
naveen,84,0,84,0.0
blake,43,41,84,0.488
algorithm,48,36,84,0.429
randal,73,11,84,0.131
rebel,7,77,84,0.917
durabl,14,70,84,0.833
vgn,0,84,84,1.0
carolyn,69,15,84,0.179
yvett,79,5,84,0.06
massey,52,32,84,0.381
thin,31,53,84,0.631
vspc,0,84,84,1.0
sanction,48,36,84,0.429
campbel,66,18,84,0.214
jana,79,5,84,0.06
vanessa,45,39,84,0.464
placement,46,38,84,0.452
oral,21,63,84,0.75
drove,44,40,84,0.476
bolster,74,9,83,0.108
barrier,48,35,83,0.422
household,37,46,83,0.554
bambo,83,0,83,0.0
tini,8,75,83,0.904
floppi,12,71,83,0.855
thereof,28,55,83,0.663
geoff,81,2,83,0.024
closur,49,34,83,0.41
wow,15,68,83,0.819
bammel,83,0,83,0.0
courag,8,75,83,0.904
escal,62,21,83,0.253
questionnair,67,16,83,0.193
hawkin,78,5,83,0.06
blackston,78,5,83,0.06
mult,1,82,83,0.988
brinq,0,83,83,1.0
bod,76,7,83,0.084
gt,12,71,83,0.855
deshmukh,83,0,83,0.0
realloc,81,2,83,0.024
carrol,64,19,83,0.229
accrual,70,13,83,0.157
debra,67,16,83,0.193
unbeliev,10,73,83,0.88
xxx,3,80,83,0.964
narrow,67,16,83,0.193
allan,68,15,83,0.181
stomach,7,76,83,0.916
janu,76,7,83,0.084
curt,56,27,83,0.325
donahu,71,12,83,0.145
xm,54,29,83,0.349
tribun,57,26,83,0.313
heim,79,4,83,0.048
cayman,77,6,83,0.072
longhorn,14,68,82,0.829
bjorn,82,0,82,0.0
ble,0,82,82,1.0
tata,82,0,82,0.0
prepay,81,1,82,0.012
iraqi,26,56,82,0.683
ration,57,25,82,0.305
parquet,80,2,82,0.024
magic,24,58,82,0.707
suck,10,72,82,0.878
ecom,81,1,82,0.012
priic,0,82,82,1.0
bse,73,9,82,0.11
armi,41,41,82,0.5
hiv,0,82,82,1.0
olsen,75,7,82,0.085
annoy,18,64,82,0.78
roundtabl,80,2,82,0.024
avai,0,82,82,1.0
frontier,31,51,82,0.622
bowl,63,19,82,0.232
debacl,48,34,82,0.415
bailey,74,8,82,0.098
diana,63,19,82,0.232
prosper,18,64,82,0.78
shelley,70,12,82,0.146
span,34,48,82,0.585
mtm,82,0,82,0.0
ulead,0,82,82,1.0
sv,6,76,82,0.927
flower,19,63,82,0.768
disciplin,57,25,82,0.305
latter,48,34,82,0.415
cob,73,9,82,0.11
uncov,29,53,82,0.646
marketpoint,81,0,81,0.0
phrase,32,49,81,0.605
commerzbank,81,0,81,0.0
diagnos,12,69,81,0.852
godbol,81,0,81,0.0
jefferson,69,12,81,0.148
stwbom,81,0,81,0.0
joel,65,16,81,0.198
grigsbi,81,0,81,0.0
comtex,1,80,81,0.988
fourteen,22,59,81,0.728
toda,0,81,81,1.0
allergi,3,78,81,0.963
lawrenc,56,25,81,0.309
lorna,81,0,81,0.0
rove,48,33,81,0.407
dump,62,19,81,0.235
ess,8,73,81,0.901
geek,3,78,81,0.963
slone,81,0,81,0.0
entrepreneur,27,54,81,0.667
versionsfeatur,0,81,81,1.0
wsrm,0,81,81,1.0
bvlgari,0,81,81,1.0
spous,26,55,81,0.679
semi,29,52,81,0.642
pac,79,2,81,0.025
liberia,0,81,81,1.0
undertak,44,37,81,0.457
recycl,34,47,81,0.58
om,11,70,81,0.864
persona,5,76,81,0.938
funni,37,44,81,0.543
randomli,12,69,81,0.852
meal,49,32,81,0.395
clall,0,81,81,1.0
irish,2,79,81,0.975
sy,26,55,81,0.679
eva,45,36,81,0.444
pil,0,81,81,1.0
cyber,6,75,81,0.926
nuke,0,81,81,1.0
elev,57,24,81,0.296
widen,68,13,81,0.16
az,31,50,81,0.617
repurchas,73,7,80,0.087
unser,3,77,80,0.963
intrigu,37,43,80,0.537
bd,23,57,80,0.713
pinion,66,14,80,0.175
horn,53,27,80,0.338
nile,71,9,80,0.113
gerald,69,11,80,0.138
ought,32,48,80,0.6
mall,15,65,80,0.812
comm,52,28,80,0.35
samer,80,0,80,0.0
embrac,21,59,80,0.738
oba,79,1,80,0.013
inact,42,38,80,0.475
tout,50,30,80,0.375
heuer,0,80,80,1.0
viastar,0,80,80,1.0
successfu,0,80,80,1.0
mover,33,47,80,0.588
ceas,34,46,80,0.575
alarm,38,42,80,0.525
vallum,0,80,80,1.0
swnm,0,80,80,1.0
gioba,0,80,80,1.0
xom,0,80,80,1.0
pearl,7,73,80,0.912
empow,35,45,80,0.562
kari,74,6,80,0.075
mexican,58,22,80,0.275
mensaj,4,76,80,0.95
fu,8,72,80,0.9
reconcili,76,4,80,0.05
intellectu,48,32,80,0.4
wendi,65,15,80,0.188
gisb,80,0,80,0.0
divestitur,68,12,80,0.15
gore,76,4,80,0.05
nesbitt,74,6,80,0.075
wagner,73,7,80,0.087
admiss,45,35,80,0.438
herebi,41,39,80,0.487
nicht,4,76,80,0.95
creditworthi,79,1,80,0.013
ze,54,26,80,0.325
hilton,44,36,80,0.45
arthriti,11,68,79,0.861
baughman,79,0,79,0.0
marriag,22,57,79,0.722
nuy,1,78,79,0.987
villag,15,64,79,0.81
lucent,77,2,79,0.025
nervou,51,28,79,0.354
meta,0,79,79,1.0
stipul,22,57,79,0.722
wti,76,3,79,0.038
iali,0,79,79,1.0
wrongfuliy,0,79,79,1.0
tft,1,78,79,0.987
xenic,0,79,79,1.0
regain,37,42,79,0.532
wlndow,0,79,79,1.0
supatgiat,79,0,79,0.0
crow,54,25,79,0.316
lui,45,34,79,0.43
overlook,37,42,79,0.532
rachel,56,23,79,0.291
calibr,62,17,79,0.215
precipit,64,15,79,0.19
nrg,72,7,79,0.089
sof,0,79,79,1.0
onward,18,61,79,0.772
factori,17,62,79,0.785
plot,31,48,79,0.608
curiou,34,45,79,0.57
clara,67,12,79,0.152
outperform,27,52,79,0.658
stamina,1,78,79,0.987
approximateiy,0,79,79,1.0
bonanza,7,72,79,0.911
guarantee,0,79,79,1.0
chapman,62,17,79,0.215
theme,56,23,79,0.291
charm,51,28,79,0.354
tone,35,44,79,0.557
circuit,42,37,79,0.468
blair,64,15,79,0.19
sma,2,76,78,0.974
memorandum,66,12,78,0.154
betray,9,69,78,0.885
salt,33,45,78,0.577
gdp,72,6,78,0.077
tennesse,61,17,78,0.218
engi,78,0,78,0.0
etter,4,74,78,0.949
levi,43,35,78,0.449
amoco,72,6,78,0.077
bike,49,29,78,0.372
occup,13,65,78,0.833
lew,69,9,78,0.115
barrist,1,77,78,0.987
marathon,75,3,78,0.038
whitew,78,0,78,0.0
startup,54,24,78,0.308
scrambl,64,14,78,0.179
savvi,10,68,78,0.872
loser,58,20,78,0.256
methan,11,67,78,0.859
connor,63,15,78,0.192
ralph,63,15,78,0.192
rudi,75,3,78,0.038
nevertheless,61,17,78,0.218
explicit,31,47,78,0.603
fiorina,78,0,78,0.0
promin,57,21,78,0.269
favorabi,0,78,78,1.0
administ,41,37,78,0.474
subpoena,74,4,78,0.051
harass,51,27,78,0.346
df,41,37,78,0.474
elliott,70,8,78,0.103
lydeck,78,0,78,0.0
reconcil,68,10,78,0.128
gro,74,4,78,0.051
debug,24,54,78,0.692
embassi,14,64,78,0.821
secretli,4,74,78,0.949
kopper,73,5,78,0.064
evergreen,69,9,78,0.115
disturb,23,55,78,0.705
quant,78,0,78,0.0
vault,17,61,78,0.782
render,27,50,77,0.649
bombay,68,9,77,0.117
sager,76,1,77,0.013
gome,77,0,77,0.0
ponton,77,0,77,0.0
hc,69,8,77,0.104
exploit,37,40,77,0.519
monetari,35,42,77,0.545
album,5,72,77,0.935
concord,2,75,77,0.974
tetco,77,0,77,0.0
desert,23,54,77,0.701
contrast,45,32,77,0.416
horton,71,6,77,0.078
lal,53,24,77,0.312
kerri,45,32,77,0.416
severson,77,0,77,0.0
bedroom,28,49,77,0.636
dorothi,50,27,77,0.351
biolog,6,71,77,0.922
jabber,0,77,77,1.0
rebat,39,38,77,0.494
wincenti,77,0,77,0.0
destruct,25,52,77,0.675
dare,5,72,77,0.935
turmoil,63,14,77,0.182
raptor,69,8,77,0.104
nee,1,76,77,0.987
truste,47,30,77,0.39
array,19,58,77,0.753
espeak,77,0,77,0.0
compliant,12,65,77,0.844
merchandis,15,62,77,0.805
sixth,62,15,77,0.195
kenni,70,7,77,0.091
willi,65,12,77,0.156
overhead,55,22,77,0.286
pete,56,21,77,0.273
nic,7,70,77,0.909
wright,59,17,76,0.224
biometr,0,76,76,1.0
²,0,76,76,1.0
layer,39,37,76,0.487
leth,0,76,76,1.0
icens,0,76,76,1.0
dhar,76,0,76,0.0
forb,56,20,76,0.263
fals,35,41,76,0.539
herba,0,76,76,1.0
enerfin,76,0,76,0.0
cios,0,76,76,1.0
combat,10,66,76,0.868
multilanguag,0,76,76,1.0
concert,41,35,76,0.461
knock,46,30,76,0.395
demon,5,71,76,0.934
mgusa,76,0,76,0.0
pursuit,16,60,76,0.789
rebuild,63,13,76,0.171
era,45,31,76,0.408
beg,20,56,76,0.737
beaver,51,25,76,0.329
birth,35,41,76,0.539
refuge,2,74,76,0.974
immun,16,60,76,0.789
av,19,57,76,0.75
sic,61,15,76,0.197
sqnc,0,76,76,1.0
hitch,16,60,76,0.789
griebl,76,0,76,0.0
mtbe,76,0,76,0.0
coca,28,48,76,0.632
prescripiton,0,76,76,1.0
recharg,4,71,75,0.947
lover,2,73,75,0.973
nommensen,75,0,75,0.0
fallout,69,6,75,0.08
substitut,59,16,75,0.213
unchang,73,2,75,0.027
lpx,1,74,75,0.987
freewar,2,73,75,0.973
sharewar,0,75,75,1.0
shal,0,75,75,1.0
ain,21,54,75,0.72
civilian,3,72,75,0.96
tisdal,75,0,75,0.0
primezon,5,70,75,0.933
sua,0,75,75,1.0
shail,0,75,75,1.0
concius,0,75,75,1.0
marti,67,8,75,0.107
imm,0,75,75,1.0
weightloss,0,75,75,1.0
initia,0,75,75,1.0
ramp,60,15,75,0.2
terribl,35,40,75,0.533
risktrac,75,0,75,0.0
superb,8,67,75,0.893
reed,53,22,75,0.293
downturn,67,8,75,0.107
creas,0,75,75,1.0
neon,75,0,75,0.0
stud,3,72,75,0.96
donovan,56,19,75,0.253
intraday,72,3,75,0.04
concurr,50,25,75,0.333
clal,0,75,75,1.0
aw,21,54,75,0.72
cail,0,75,75,1.0
smail,0,75,75,1.0
shepherd,59,16,75,0.213
deliver,61,14,75,0.187
oneok,75,0,75,0.0
informacin,0,75,75,1.0
titman,75,0,75,0.0
cline,75,0,75,0.0
sail,26,49,75,0.653
unpreced,27,48,75,0.64
roof,19,56,75,0.747
valor,4,71,75,0.947
exhaust,41,34,75,0.453
compliment,14,61,75,0.813
shoulder,22,53,75,0.707
schultz,65,10,75,0.133
wet,10,64,74,0.865
breguet,0,74,74,1.0
muiti,0,74,74,1.0
joyc,60,14,74,0.189
kansa,53,21,74,0.284
entr,11,63,74,0.851
divert,31,43,74,0.581
het,0,74,74,1.0
costo,0,74,74,1.0
philosophi,32,42,74,0.568
ey,5,69,74,0.932
struck,58,16,74,0.216
pharm,3,71,74,0.959
specia,0,74,74,1.0
scrap,43,31,74,0.419
mor,1,73,74,0.986
smal,0,74,74,1.0
tender,30,44,74,0.595
deli,3,71,74,0.959
distinguish,39,35,74,0.473
consecut,43,31,74,0.419
substanc,25,49,74,0.662
messeng,41,33,74,0.446
rt,34,40,74,0.541
leagu,44,30,74,0.405
gerri,68,6,74,0.081
ffffff,0,74,74,1.0
travi,64,10,74,0.135
netnoteinc,0,74,74,1.0
dunn,62,12,74,0.162
jitter,18,56,74,0.757
pearc,61,13,74,0.176
slowli,40,34,74,0.459
certicom,0,74,74,1.0
pen,26,48,74,0.649
cmu,74,0,74,0.0
walsh,71,3,74,0.041
plaza,46,28,74,0.378
utah,36,38,74,0.514
wt,42,32,74,0.432
deloitt,72,2,74,0.027
practition,52,22,74,0.297
xa,0,74,74,1.0
involuntari,73,1,74,0.014
hrgovcic,74,0,74,0.0
powerhous,40,34,74,0.459
proport,29,45,74,0.608
tear,14,60,74,0.811
lacima,73,0,73,0.0
hora,1,72,73,0.986
pal,13,60,73,0.822
chronic,5,68,73,0.932
intensifi,34,39,73,0.534
avert,14,59,73,0.808
rainbow,1,72,73,0.986
lectur,60,13,73,0.178
prevail,60,13,73,0.178
revolut,24,49,73,0.671
clariti,48,25,73,0.342
kabila,0,73,73,1.0
panelist,68,5,73,0.068
,0,73,73,1.0
zenith,1,72,73,0.986
fountain,41,32,73,0.438
driil,0,73,73,1.0
chewco,73,0,73,0.0
moopid,0,73,73,1.0
medlcatlon,0,73,73,1.0
strict,33,40,73,0.548
pcx,73,0,73,0.0
dominion,56,17,73,0.233
referr,42,31,73,0.425
surplu,58,15,73,0.205
fgt,73,0,73,0.0
modest,48,25,73,0.342
libido,0,73,73,1.0
partli,63,10,73,0.137
adipex,0,72,72,1.0
biotechnolog,19,53,72,0.736
prospectu,40,32,72,0.444
crowd,28,44,72,0.611
pri,13,59,72,0.819
troop,17,55,72,0.764
claudia,59,13,72,0.181
gene,51,21,72,0.292
dispens,5,67,72,0.931
anthrax,72,0,72,0.0
,0,72,72,1.0
bechtel,65,7,72,0.097
halal,0,72,72,1.0
constantli,34,38,72,0.528
ike,0,72,72,1.0
fioricet,0,72,72,1.0
disregard,51,21,72,0.292
onl,0,72,72,1.0
uncertain,70,2,72,0.028
exim,1,71,72,0.986
introductori,17,55,72,0.764
enabi,0,72,72,1.0
ngo,71,1,72,0.014
longest,12,60,72,0.833
baltic,3,69,72,0.958
feygin,72,0,72,0.0
southeast,56,16,72,0.222
probat,6,66,72,0.917
disney,39,33,72,0.458
ay,1,71,72,0.986
interchg,72,0,72,0.0
ronni,52,20,72,0.278
bust,38,34,72,0.472
blend,20,52,72,0.722
neuweil,72,0,72,0.0
seyfri,72,0,72,0.0
writedown,72,0,72,0.0
environmenta,0,72,72,1.0
influenti,23,49,72,0.681
trailer,8,64,72,0.889
stakehold,72,0,72,0.0
archer,59,13,72,0.181
pan,53,18,71,0.254
theoret,63,8,71,0.113
inkjet,0,71,71,1.0
prison,4,67,71,0.944
silent,24,47,71,0.662
fargo,26,45,71,0.634
powel,61,10,71,0.141
surf,11,60,71,0.845
nc,23,48,71,0.676
accumui,0,71,71,1.0
dictat,30,41,71,0.577
counterpart,51,20,71,0.282
basebal,46,25,71,0.352
fewer,54,17,71,0.239
bondhold,62,9,71,0.127
unaccount,70,1,71,0.014
clerk,52,19,71,0.268
preview,30,41,71,0.577
ineffici,58,13,71,0.183
wive,5,66,71,0.93
cass,71,0,71,0.0
hier,0,71,71,1.0
ohio,44,27,71,0.38
goliv,0,71,71,1.0
egan,59,12,71,0.169
nuestra,1,70,71,0.986
copano,71,0,71,0.0
disabl,34,37,71,0.521
breast,9,62,71,0.873
dispers,12,59,71,0.831
isv,0,71,71,1.0
necess,26,45,71,0.634
nax,0,71,71,1.0
egal,0,71,71,1.0
diebold,59,12,71,0.169
teiecommun,0,71,71,1.0
onshor,22,49,71,0.69
whoever,46,25,71,0.352
mysteri,29,42,71,0.592
mara,69,2,71,0.028
aucoin,71,0,71,0.0
nm,40,31,71,0.437
ubswenergi,71,0,71,0.0
swerzbin,71,0,71,0.0
cornfield,62,9,71,0.127
forgiv,25,46,71,0.648
melinda,66,4,70,0.057
diminish,50,20,70,0.286
daffin,70,0,70,0.0
edi,67,3,70,0.043
tn,10,60,70,0.857
ix,16,54,70,0.771
firstcal,4,66,70,0.943
stimulu,64,6,70,0.086
spinnak,66,4,70,0.057
grass,28,42,70,0.6
devil,45,25,70,0.357
owen,39,31,70,0.443
afp,67,3,70,0.043
pogo,65,5,70,0.071
dental,23,47,70,0.671
faciiiti,0,70,70,1.0
een,0,70,70,1.0
sanchez,54,16,70,0.229
adv,0,70,70,1.0
arg,0,70,70,1.0
smell,16,54,70,0.771
reproduct,17,53,70,0.757
wizard,6,64,70,0.914
rail,42,28,70,0.4
depreci,47,23,70,0.329
scientist,18,52,70,0.743
mercantil,61,9,70,0.129
aof,0,70,70,1.0
tufco,70,0,70,0.0
gina,54,16,70,0.229
grp,3,67,70,0.957
multipli,35,35,70,0.5
flaw,49,21,70,0.3
minnesota,23,47,70,0.671
gd,62,8,70,0.114
sl,20,50,70,0.714
fold,40,29,69,0.42
evil,5,64,69,0.928
caida,68,1,69,0.014
nex,0,69,69,1.0
georgeann,69,0,69,0.0
pavel,68,1,69,0.014
mcgregor,67,2,69,0.029
letsyou,0,69,69,1.0
checkour,0,69,69,1.0
helpdesk,52,17,69,0.246
bert,62,7,69,0.101
sash,0,69,69,1.0
loom,38,31,69,0.449
fap,69,0,69,0.0
signup,9,60,69,0.87
pserc,69,0,69,0.0
surethat,0,69,69,1.0
invalu,17,52,69,0.754
crdito,0,69,69,1.0
patek,0,69,69,1.0
csiko,69,0,69,0.0
walli,64,5,69,0.072
reviv,48,21,69,0.304
adr,61,8,69,0.116
cannon,52,17,69,0.246
brazo,69,0,69,0.0
solo,7,62,69,0.899
liberti,36,33,69,0.478
void,30,39,69,0.565
hancock,61,8,69,0.116
pma,68,1,69,0.014
timet,56,13,69,0.188
visualident,0,69,69,1.0
newsroom,69,0,69,0.0
judici,33,36,69,0.522
sexi,1,68,69,0.986
patel,68,1,69,0.014
aeopublish,0,69,69,1.0
theater,15,54,69,0.783
alto,53,16,69,0.232
mpc,66,3,69,0.043
mktg,69,0,69,0.0
pussi,0,69,69,1.0
secreci,9,60,69,0.87
fiduci,0,69,69,1.0
hotat,0,69,69,1.0
endlogo,0,69,69,1.0
unheard,4,65,69,0.942
pkg,66,3,69,0.043
brink,52,17,69,0.246
shawn,55,14,69,0.203
marjori,52,17,69,0.246
amp,12,56,68,0.824
cowboy,54,14,68,0.206
eras,18,50,68,0.735
strap,29,39,68,0.574
infin,26,42,68,0.618
arbitrag,61,7,68,0.103
schoolcraft,68,0,68,0.0
aiberta,0,68,68,1.0
emphasi,46,22,68,0.324
southwestern,15,53,68,0.779
exponenti,10,58,68,0.853
huntington,55,13,68,0.191
panenergi,68,0,68,0.0
obsf,68,0,68,0.0
skip,37,31,68,0.456
venu,41,27,68,0.397
slim,19,49,68,0.721
od,27,41,68,0.603
layoff,60,8,68,0.118
maryland,34,34,68,0.5
deborah,49,19,68,0.279
aftermath,35,33,68,0.485
verizon,10,58,68,0.853
interfer,29,39,68,0.574
snow,27,41,68,0.603
suppiy,0,68,68,1.0
koenig,59,9,68,0.132
zoloft,0,68,68,1.0
epsc,68,0,68,0.0
bypass,36,32,68,0.471
ty,9,59,68,0.868
app,32,36,68,0.529
má,0,68,68,1.0
xpress,14,54,68,0.794
adsl,0,68,68,1.0
drama,10,58,68,0.853
iot,0,68,68,1.0
conced,50,18,68,0.265
artifici,52,16,68,0.235
pakistan,8,60,68,0.882
xent,0,68,68,1.0
insurancemail,0,68,68,1.0
nasd,5,63,68,0.926
scientech,68,0,68,0.0
vera,38,30,68,0.441
listmast,0,68,68,1.0
shannon,51,17,68,0.25
undercollect,68,0,68,0.0
spa,45,23,68,0.338
greif,68,0,68,0.0
wari,54,14,68,0.206
cup,7,61,68,0.897
ganjoo,68,0,68,0.0
deeper,34,33,67,0.493
evento,0,67,67,1.0
ngpl,66,1,67,0.015
sen,56,11,67,0.164
ambiien,0,67,67,1.0
chicken,31,36,67,0.537
worsen,65,2,67,0.03
vip,8,59,67,0.881
ian,45,22,67,0.328
surprisingli,30,37,67,0.552
exam,29,38,67,0.567
gaza,5,62,67,0.925
valadez,67,0,67,0.0
coincid,42,25,67,0.373
renewabi,0,67,67,1.0
speedi,15,52,67,0.776
marketwatch,53,14,67,0.209
mil,26,41,67,0.612
lopez,21,46,67,0.687
legaci,25,42,67,0.627
rex,53,14,67,0.209
stein,59,8,67,0.119
fiona,62,5,67,0.075
robust,44,23,67,0.343
exxonmobii,0,67,67,1.0
erwin,58,9,67,0.134
porter,55,12,67,0.179
newcom,59,8,67,0.119
alexand,40,27,67,0.403
haga,0,67,67,1.0
sur,13,54,67,0.806
jcc,67,0,67,0.0
hydroelectr,60,7,67,0.104
assert,41,26,67,0.388
gregg,63,4,67,0.06
winfrey,65,2,67,0.03
ridicul,30,37,67,0.552
barn,27,40,67,0.597
veronica,57,10,67,0.149
hammer,44,23,67,0.343
deepen,44,23,67,0.343
princ,19,48,67,0.716
intercontinent,57,10,67,0.149
laurel,55,12,67,0.179
dirti,7,60,67,0.896
venturato,67,0,67,0.0
je,6,61,67,0.91
marcello,65,2,67,0.03
tux,1,66,67,0.985
epgt,67,0,67,0.0
cavern,15,52,67,0.776
garven,67,0,67,0.0
nepool,67,0,67,0.0
holli,57,10,67,0.149
fue,4,63,67,0.94
kerr,54,13,67,0.194
prosecut,30,37,67,0.552
scroll,22,45,67,0.672
sultan,2,64,66,0.97
ppl,57,9,66,0.136
cliqu,0,66,66,1.0
chen,55,11,66,0.167
disagre,57,9,66,0.136
sezgen,66,0,66,0.0
scanner,7,59,66,0.894
skinner,60,6,66,0.091
esther,61,5,66,0.076
eeo,66,0,66,0.0
vuitton,0,66,66,1.0
lori,62,4,66,0.061
intercompani,64,2,66,0.03
soccer,35,31,66,0.47
rakesh,66,0,66,0.0
envis,62,4,66,0.061
ignit,6,60,66,0.909
prototyp,24,42,66,0.636
conglomer,16,50,66,0.758
betsi,51,15,66,0.227
strategist,58,8,66,0.121
ns,5,61,66,0.924
complement,32,34,66,0.515
shult,66,0,66,0.0
buri,13,53,66,0.803
belgium,17,49,66,0.742
quilkey,66,0,66,0.0
bang,9,57,66,0.864
exe,45,21,66,0.318
simplifi,32,34,66,0.515
siteguaarante,0,66,66,1.0
crm,27,39,66,0.591
mental,14,52,66,0.788
paycheck,47,19,66,0.288
lasal,6,60,66,0.909
ruth,49,17,66,0.258
highway,25,41,66,0.621
elsa,65,1,66,0.015
bestow,4,62,66,0.939
ebook,0,66,66,1.0
deed,12,54,66,0.818
brandywin,57,9,66,0.136
entrust,10,56,66,0.848
cautiou,50,16,66,0.242
eo,27,39,66,0.591
coloni,11,55,66,0.833
slid,59,7,66,0.106
utilicorp,66,0,66,0.0
benin,1,65,66,0.985
verdana,0,66,66,1.0
govt,59,7,66,0.106
lkml,0,66,66,1.0
chocol,14,52,66,0.788
allot,15,51,66,0.773
fraudul,9,57,66,0.864
lega,0,66,66,1.0
hel,58,8,66,0.121
ultram,0,65,65,1.0
slate,52,13,65,0.2
easter,46,19,65,0.292
silenc,26,39,65,0.6
reiiabl,0,65,65,1.0
spencer,55,10,65,0.154
vocaiscap,0,65,65,1.0
fm,21,44,65,0.677
indesign,0,65,65,1.0
pgp,4,61,65,0.938
abn,44,21,65,0.323
synthet,42,23,65,0.354
wo,12,53,65,0.815
tota,0,65,65,1.0
motley,55,10,65,0.154
pst,35,30,65,0.462
midstream,59,6,65,0.092
neariy,0,65,65,1.0
ceraweek,65,0,65,0.0
muitipl,0,65,65,1.0
everywher,18,47,65,0.723
wrinkl,2,63,65,0.969
watt,4,61,65,0.938
dir,17,48,65,0.738
echo,35,30,65,0.462
valeri,47,18,65,0.277
idbi,65,0,65,0.0
lengthi,41,24,65,0.369
dealbench,65,0,65,0.0
discreetli,1,64,65,0.985
upto,13,52,65,0.8
capsul,2,63,65,0.969
fossil,11,54,65,0.831
seed,15,50,65,0.769
tin,8,57,65,0.877
kiss,10,55,65,0.846
heighten,53,12,65,0.185
burner,10,55,65,0.846
tl,13,52,65,0.8
egg,23,42,65,0.646
forgotten,31,34,65,0.523
shrink,43,22,65,0.338
jaesoo,65,0,65,0.0
slut,0,65,65,1.0
apprais,16,49,65,0.754
norri,49,16,65,0.246
payback,60,5,65,0.077
refineri,48,17,65,0.262
persuad,55,10,65,0.154
lag,37,28,65,0.431
vaccin,31,34,65,0.523
evolut,42,23,65,0.354
torrey,65,0,65,0.0
sylvia,58,6,64,0.094
knle,0,64,64,1.0
awhil,18,46,64,0.719
incident,33,31,64,0.484
harsh,25,39,64,0.609
sorenson,64,0,64,0.0
tobi,55,9,64,0.141
fleme,61,3,64,0.047
shaw,43,21,64,0.328
ubswarburg,64,0,64,0.0
nb,10,54,64,0.844
swm,0,64,64,1.0
carbon,9,55,64,0.859
piaget,0,64,64,1.0
whitman,61,3,64,0.047
companion,3,61,64,0.953
winfre,64,0,64,0.0
angri,26,38,64,0.594
caller,34,30,64,0.469
kara,60,4,64,0.062
threshold,51,13,64,0.203
yanowski,64,0,64,0.0
vladimir,42,22,64,0.344
beta,44,20,64,0.312
bergstrom,53,11,64,0.172
machineri,9,55,64,0.859
catastroph,36,28,64,0.438
hydrocarbon,50,14,64,0.219
cnbc,56,8,64,0.125
ultra,5,59,64,0.922
klein,29,35,64,0.547
moham,3,61,64,0.953
emma,31,33,64,0.516
steam,36,28,64,0.438
variat,30,34,64,0.531
voluntari,50,14,64,0.219
acid,1,63,64,0.984
hype,26,38,64,0.594
clickpap,64,0,64,0.0
premis,48,16,64,0.25
rgsa,0,64,64,1.0
chilkina,64,0,64,0.0
popt,0,64,64,1.0
nowlan,64,0,64,0.0
redeem,43,21,64,0.328
fma,64,0,64,0.0
ortho,0,64,64,1.0
poll,41,23,64,0.359
checkout,22,42,64,0.656
psycholog,35,29,64,0.453
analog,16,48,64,0.75
richmond,56,8,64,0.125
hood,44,20,64,0.312
calper,64,0,64,0.0
thode,64,0,64,0.0
bibl,14,50,64,0.781
nerc,63,0,63,0.0
svp,56,7,63,0.111
arthurandersen,63,0,63,0.0
leno,63,0,63,0.0
julio,0,63,63,1.0
esq,22,41,63,0.651
pili,0,63,63,1.0
mtr,60,3,63,0.048
oga,0,63,63,1.0
undisclos,59,4,63,0.063
contrari,34,29,63,0.46
certainti,30,33,63,0.524
queen,30,33,63,0.524
¶,0,63,63,1.0
trim,43,20,63,0.317
unemploy,40,23,63,0.365
defici,57,6,63,0.095
dasovich,63,0,63,0.0
mahoney,61,2,63,0.032
caso,0,63,63,1.0
rado,0,63,63,1.0
tonn,15,48,63,0.762
resend,54,9,63,0.143
reinsur,50,13,63,0.206
wong,50,13,63,0.206
docket,55,8,63,0.127
perfmgmt,63,0,63,0.0
dynergi,63,0,63,0.0
ndin,0,63,63,1.0
multipart,20,43,63,0.683
protoco,0,63,63,1.0
nickel,19,44,63,0.698
uh,56,7,63,0.111
shane,58,5,63,0.079
automobil,2,61,63,0.968
extel,63,0,63,0.0
salvag,54,9,63,0.143
elabor,47,16,63,0.254
unix,46,17,63,0.27
ata,1,62,63,0.984
condens,32,31,63,0.492
chanel,0,63,63,1.0
jung,58,5,63,0.079
mess,53,10,63,0.159
gaap,51,12,63,0.19
paramount,4,59,63,0.937
meltdown,56,7,63,0.111
wash,19,44,63,0.698
karla,61,2,63,0.032
syndic,41,22,63,0.349
cultiv,25,38,63,0.603
taablet,0,62,62,1.0
snapshot,50,12,62,0.194
precautionari,7,55,62,0.887
inevit,49,13,62,0.21
cote,9,53,62,0.855
gasolin,49,13,62,0.21
contributeto,0,62,62,1.0
bow,25,37,62,0.597
deepli,37,25,62,0.403
cu,21,41,62,0.661
monet,59,3,62,0.048
ffffffstrongfont,0,62,62,1.0
kirk,42,20,62,0.323
footer,27,35,62,0.565
injur,11,51,62,0.823
debtor,34,28,62,0.452
detaii,0,62,62,1.0
regress,39,23,62,0.371
gl,33,29,62,0.468
retrofit,6,56,62,0.903
gloria,41,21,62,0.339
notabl,45,17,62,0.274
oss,22,40,62,0.645
paradigm,35,27,62,0.435
encompass,18,44,62,0.71
ky,19,43,62,0.694
hoc,57,5,62,0.081
giobal,0,62,62,1.0
likelihood,62,0,62,0.0
flake,4,58,62,0.935
krapel,62,0,62,0.0
waiver,59,3,62,0.048
trap,10,52,62,0.839
mesa,46,16,62,0.258
risen,44,18,62,0.29
estabiish,0,62,62,1.0
gil,53,9,62,0.145
moon,24,38,62,0.613
surcharg,59,3,62,0.048
autumn,25,37,62,0.597
bland,52,10,62,0.161
oc,34,28,62,0.452
hardli,42,20,62,0.323
nearbi,27,35,62,0.565
ahm,9,53,62,0.855
sweep,30,32,62,0.516
radic,27,35,62,0.565
petrona,62,0,62,0.0
pelo,0,61,61,1.0
cohen,41,20,61,0.328
anniversari,46,15,61,0.246
jake,56,5,61,0.082
pittsburgh,48,13,61,0.213
afghanistan,51,10,61,0.164
pamela,50,11,61,0.18
widow,0,61,61,1.0
creator,12,49,61,0.803
vertic,24,37,61,0.607
trtd,0,61,61,1.0
recibir,0,61,61,1.0
movado,0,61,61,1.0
hertzberg,61,0,61,0.0
oracl,40,21,61,0.344
dat,27,34,61,0.557
connel,50,11,61,0.18
linger,44,17,61,0.279
isy,61,0,61,0.0
ight,0,61,61,1.0
swaption,61,0,61,0.0
rf,1,60,61,0.984
costa,14,47,61,0.77
apparel,2,59,61,0.967
daiiy,0,61,61,1.0
malaysia,15,46,61,0.754
religi,19,42,61,0.689
wider,46,15,61,0.246
steal,18,43,61,0.705
iain,55,6,61,0.098
crosstex,61,0,61,0.0
millenium,9,52,61,0.852
reveffo,61,0,61,0.0
imperi,40,21,61,0.344
horizon,33,28,61,0.459
vitro,57,4,61,0.066
bass,40,21,61,0.344
clali,0,61,61,1.0
atmospher,25,36,61,0.59
adobb,0,61,61,1.0
berney,61,0,61,0.0
firewal,13,48,61,0.787
footnot,57,4,61,0.066
bueno,23,38,61,0.623
cryogen,1,60,61,0.984
spray,4,57,61,0.934
hillari,61,0,61,0.0
symposium,57,4,61,0.066
vaughn,51,10,61,0.164
collar,45,16,61,0.262
ppt,60,1,61,0.016
envi,14,47,61,0.77
stall,44,17,61,0.279
marta,58,3,61,0.049
alpha,17,44,61,0.721
deplet,25,36,61,0.59
pizza,9,52,61,0.852
string,32,29,61,0.475
corey,48,13,61,0.213
majeur,61,0,61,0.0
nuestro,0,61,61,1.0
homepag,24,37,61,0.607
massachusett,26,35,61,0.574
cooi,0,61,61,1.0
reinforc,35,26,61,0.426
pitch,42,19,61,0.311
tailor,26,35,61,0.574
ski,27,34,61,0.557
likewis,32,29,61,0.475
residentia,0,61,61,1.0
rider,25,36,61,0.59
chao,27,34,61,0.557
eml,55,6,61,0.098
valv,56,5,61,0.082
diagram,37,24,61,0.393
griffin,55,6,61,0.098
voter,30,30,60,0.5
derrick,42,18,60,0.3
macintosh,0,60,60,1.0
pleasant,22,38,60,0.633
anxiou,25,35,60,0.583
alisav,0,60,60,1.0
delray,0,60,60,1.0
intact,35,25,60,0.417
brbr,0,60,60,1.0
sanjay,60,0,60,0.0
overwhelm,31,29,60,0.483
auch,6,54,60,0.9
chopard,0,60,60,1.0
huifeng,0,60,60,1.0
ngx,60,0,60,0.0
babe,1,59,60,0.983
mn,10,50,60,0.833
lonestar,60,0,60,0.0
ibrahim,5,55,60,0.917
smuggl,0,60,60,1.0
screw,18,42,60,0.7
stsw,60,0,60,0.0
mcmichael,60,0,60,0.0
degrad,17,43,60,0.717
gottlob,60,0,60,0.0
shari,44,16,60,0.267
episod,12,48,60,0.8
shiiip,0,60,60,1.0
dyer,43,17,60,0.283
cream,12,48,60,0.8
purport,15,45,60,0.75
workspac,23,37,60,0.617
estoppel,60,0,60,0.0
hast,25,35,60,0.583
ciear,0,60,60,1.0
sturm,60,0,60,0.0
nath,60,0,60,0.0
angelid,60,0,60,0.0
hebert,60,0,60,0.0
occupi,34,26,60,0.433
impii,0,60,60,1.0
vista,5,55,60,0.917
amalgam,15,45,60,0.75
mensagem,0,60,60,1.0
augment,17,43,60,0.717
jami,39,21,60,0.35
longin,0,60,60,1.0
eighti,22,38,60,0.633
visibi,0,60,60,1.0
wireiess,0,60,60,1.0
intercours,0,60,60,1.0
bacteria,0,60,60,1.0
regim,13,47,60,0.783
garner,43,17,60,0.283
applianc,21,39,60,0.65
ts,19,41,60,0.683
hdpe,0,60,60,1.0
angl,26,34,60,0.567
choral,0,60,60,1.0
dubai,14,46,60,0.767
condemn,7,53,60,0.883
stockl,0,60,60,1.0
hilli,55,5,60,0.083
centana,60,0,60,0.0
mayor,24,36,60,0.6
shippi,0,60,60,1.0
shield,40,20,60,0.333
esp,24,36,60,0.6
issuealert,60,0,60,0.0
honour,24,36,60,0.6
sistema,0,60,60,1.0
eleven,9,51,60,0.85
backgammon,0,60,60,1.0
coalit,42,18,60,0.3
overcom,43,16,59,0.271
hs,10,49,59,0.831
publishinq,0,59,59,1.0
squeez,51,8,59,0.136
disconnect,42,17,59,0.288
berri,41,18,59,0.305
tissu,1,58,59,0.983
sylvan,3,56,59,0.949
prestigi,8,51,59,0.864
ivoir,0,59,59,1.0
wg,49,10,59,0.169
youcheckk,0,59,59,1.0
postfix,1,58,59,0.983
encina,59,0,59,0.0
sad,24,35,59,0.593
overdu,48,11,59,0.186
gh,36,23,59,0.39
demis,35,24,59,0.407
manhattan,40,19,59,0.322
hamper,48,11,59,0.186
malin,59,0,59,0.0
narg,59,0,59,0.0
joan,43,16,59,0.271
distil,51,8,59,0.136
brilliant,27,32,59,0.542
rfp,56,3,59,0.051
pepper,3,56,59,0.949
gucci,0,59,59,1.0
exactiy,0,59,59,1.0
aviat,18,41,59,0.695
iagra,0,59,59,1.0
cpa,39,20,59,0.339
sashok,0,59,59,1.0
ammunit,10,49,59,0.831
greek,21,38,59,0.644
frankfurt,36,23,59,0.39
semest,55,4,59,0.068
appiic,0,59,59,1.0
swell,4,55,59,0.932
rollout,53,6,59,0.102
shopp,0,59,59,1.0
tea,6,53,59,0.898
editori,36,23,59,0.39
hanov,58,1,59,0.017
incorrectli,55,4,59,0.068
werden,3,56,59,0.949
daw,51,8,59,0.136
mastercard,5,54,59,0.915
distort,27,32,59,0.542
invisibi,0,59,59,1.0
dimens,16,43,59,0.729
compra,0,59,59,1.0
garland,53,6,59,0.102
orang,12,47,59,0.797
stun,39,20,59,0.339
bv,3,56,59,0.949
leak,46,12,58,0.207
cashflow,50,8,58,0.138
vo,25,33,58,0.569
kinder,54,4,58,0.069
royalti,34,24,58,0.414
goliad,58,0,58,0.0
benedict,42,16,58,0.276
tenur,22,36,58,0.621
pinpoint,10,48,58,0.828
fabric,14,44,58,0.759
forwardlook,0,58,58,1.0
pgpu,0,58,58,1.0
insolv,44,14,58,0.241
devast,40,18,58,0.31
amex,20,38,58,0.655
beneath,11,47,58,0.81
autocad,1,57,58,0.983
sophi,50,8,58,0.138
teeth,15,43,58,0.741
dolphin,48,10,58,0.172
annua,0,58,58,1.0
upload,23,35,58,0.603
coven,37,21,58,0.362
superviagra,0,58,58,1.0
angi,35,23,58,0.397
sacrific,15,43,58,0.741
pentium,6,52,58,0.897
wealthi,8,50,58,0.862
einer,3,55,58,0.948
cdt,58,0,58,0.0
tension,20,38,58,0.655
nineteen,0,58,58,1.0
carli,53,5,58,0.086
freee,0,58,58,1.0
erol,58,0,58,0.0
cheney,42,16,58,0.276
worthwhil,32,26,58,0.448
prop,20,38,58,0.655
dudley,45,13,58,0.224
lumber,53,5,58,0.086
endur,25,33,58,0.569
sousa,38,20,58,0.345
downsid,41,17,58,0.293
advantaq,0,58,58,1.0
fake,2,56,58,0.966
silicon,26,32,58,0.552
deputi,29,29,58,0.5
oretech,0,58,58,1.0
seventi,0,58,58,1.0
severa,0,58,58,1.0
eclips,2,56,58,0.966
beverag,25,33,58,0.569
checklist,37,21,58,0.362
norman,46,12,58,0.207
hass,57,1,58,0.017
recours,54,4,58,0.069
arora,57,1,58,0.017
hack,4,54,58,0.931
essenc,24,34,58,0.586
monopoli,48,10,58,0.172
forefront,12,46,58,0.793
ratepay,48,9,57,0.158
doyl,49,8,57,0.14
juno,48,9,57,0.158
contempt,43,14,57,0.246
djinteract,57,0,57,0.0
orderinq,0,57,57,1.0
bryson,56,1,57,0.018
tactic,42,15,57,0.263
ceremoni,15,42,57,0.737
foam,4,53,57,0.93
jesu,38,19,57,0.333
mauric,10,47,57,0.825
ramona,57,0,57,0.0
beati,56,1,57,0.018
inv,20,37,57,0.649
dingel,57,0,57,0.0
gissin,0,57,57,1.0
incumb,25,32,57,0.561
sind,6,51,57,0.895
tawney,57,0,57,0.0
metro,42,15,57,0.263
eagl,24,33,57,0.579
forfeit,14,43,57,0.754
desea,0,57,57,1.0
afxnew,57,0,57,0.0
desmond,26,31,57,0.544
leap,23,34,57,0.596
fe,15,42,57,0.737
unpaid,32,25,57,0.439
hemispher,37,20,57,0.351
peco,49,8,57,0.14
ftp,47,10,57,0.175
unhappi,34,23,57,0.404
undermin,52,5,57,0.088
ation,3,54,57,0.947
possib,1,56,57,0.982
ach,10,47,57,0.825
stuck,37,20,57,0.351
apwl,0,57,57,1.0
barr,18,39,57,0.684
medssno,0,57,57,1.0
imper,29,28,57,0.491
oxygen,3,54,57,0.947
loyalti,20,37,57,0.649
cousino,57,0,57,0.0
elliot,27,30,57,0.526
ireland,10,47,57,0.825
presidenti,31,26,57,0.456
tighten,36,21,57,0.368
blanco,54,3,57,0.053
mscf,57,0,57,0.0
commut,22,35,57,0.614
predecessor,42,15,57,0.263
longtim,48,9,57,0.158
blanc,2,55,57,0.965
rj,23,34,57,0.596
motorola,18,39,57,0.684
gmbh,3,54,57,0.947
servicio,3,54,57,0.947
jessica,36,21,57,0.368
panerai,0,57,57,1.0
afxpress,57,0,57,0.0
leff,57,0,57,0.0
goa,0,57,57,1.0
vm,36,21,57,0.368
pena,56,1,57,0.018
ri,0,57,57,1.0
insuffici,35,22,57,0.386
argest,0,57,57,1.0
amonq,0,57,57,1.0
teievis,0,57,57,1.0
commercia,0,57,57,1.0
ggt,0,57,57,1.0
comn,56,1,57,0.018
embargo,2,54,56,0.964
berger,48,8,56,0.143
rli,49,7,56,0.125
easiest,12,44,56,0.786
kw,46,10,56,0.179
unexpect,44,12,56,0.214
courtesi,30,26,56,0.464
mcclellan,50,6,56,0.107
votr,0,56,56,1.0
passeng,22,34,56,0.607
mcmill,56,0,56,0.0
guardian,35,21,56,0.375
gu,18,38,56,0.679
chick,15,41,56,0.732
pact,46,10,56,0.179
keohan,56,0,56,0.0
osborn,11,45,56,0.804
spare,27,29,56,0.518
dashboard,16,40,56,0.714
amita,56,0,56,0.0
molecular,5,51,56,0.911
giga,0,56,56,1.0
vita,29,27,56,0.482
manhood,1,55,56,0.982
npng,56,0,56,0.0
broaden,36,20,56,0.357
consol,13,43,56,0.768
melodick,56,0,56,0.0
seaman,53,3,56,0.054
gage,5,51,56,0.911
ghz,0,56,56,1.0
ium,0,56,56,1.0
theft,9,47,56,0.839
bbl,52,4,56,0.071
cellspac,0,56,56,1.0
tod,38,18,56,0.321
orlean,41,15,56,0.268
connecticut,29,27,56,0.482
diesel,39,17,56,0.304
targer,0,56,56,1.0
uri,1,55,56,0.982
ambul,0,56,56,1.0
nfl,7,49,56,0.875
lavo,56,0,56,0.0
rusti,39,17,56,0.304
cbyi,0,56,56,1.0
dislik,6,50,56,0.893
guadalup,51,5,56,0.089
ruf,50,6,56,0.107
hotlin,46,10,56,0.179
triliion,0,56,56,1.0
baal,56,0,56,0.0
ame,31,25,56,0.446
batter,51,5,56,0.089
laurent,6,50,56,0.893
steer,44,12,56,0.214
pagan,47,9,56,0.161
tunnel,18,38,56,0.679
steadili,40,16,56,0.286
hostil,15,41,56,0.732
globa,0,56,56,1.0
afterward,25,31,56,0.554
«,0,56,56,1.0
casualti,18,38,56,0.679
concret,16,40,56,0.714
ipo,32,24,56,0.429
furnitur,27,29,56,0.518
pfizer,22,34,56,0.607
bolivia,32,24,56,0.429
scream,16,40,56,0.714
ozzi,56,0,56,0.0
lowri,51,5,56,0.089
cartwheel,46,10,56,0.179
carlson,37,19,56,0.339
justif,50,6,56,0.107
tirr,0,56,56,1.0
gbp,49,7,56,0.125
flu,39,16,55,0.291
ssmb,55,0,55,0.0
safeguard,20,35,55,0.636
mediat,45,10,55,0.182
harvest,10,45,55,0.818
duncan,34,21,55,0.382
shaft,2,53,55,0.964
egf,55,0,55,0.0
bucket,22,33,55,0.6
apprehens,1,54,55,0.982
clinton,29,26,55,0.473
ter,2,53,55,0.964
attl,55,0,55,0.0
constrain,40,15,55,0.273
indefinit,21,34,55,0.618
dealt,42,13,55,0.236
miscellan,22,33,55,0.6
ambiti,32,23,55,0.418
dolor,45,10,55,0.182
herself,11,44,55,0.8
buckley,49,6,55,0.109
nasti,21,34,55,0.618
ive,3,52,55,0.945
mtnu,0,55,55,1.0
dn,14,41,55,0.745
lipitor,1,54,55,0.982
formosa,51,4,55,0.073
thestreet,53,2,55,0.036
dieser,0,55,55,1.0
carey,39,16,55,0.291
arrog,25,30,55,0.545
blind,14,41,55,0.745
marquez,51,4,55,0.073
unproduct,4,51,55,0.927
drgv,0,55,55,1.0
romano,44,11,55,0.2
gatekeep,4,51,55,0.927
braband,55,0,55,0.0
uc,40,15,55,0.273
prais,22,33,55,0.6
fault,25,30,55,0.545
lung,19,36,55,0.655
enthusiasm,37,18,55,0.327
propel,29,26,55,0.473
egypt,6,49,55,0.891
inadequ,46,9,55,0.164
steep,42,13,55,0.236
col,4,51,55,0.927
tutori,21,34,55,0.618
surgic,1,54,55,0.982
congrat,42,13,55,0.236
marvin,40,15,55,0.273
slight,41,14,55,0.255
brutal,14,41,55,0.745
bruceg,0,55,55,1.0
foremost,7,48,55,0.873
shake,32,23,55,0.418
clue,35,20,55,0.364
judgement,35,20,55,0.364
bane,30,25,55,0.455
lincoln,23,32,55,0.582
semiconductor,46,9,55,0.164
cummin,42,13,55,0.236
pfont,0,55,55,1.0
fc,31,24,55,0.436
buoy,16,39,55,0.709
partid,0,55,55,1.0
nasa,9,46,55,0.836
mainlin,53,2,55,0.036
dp,46,9,55,0.164
liabl,25,30,55,0.545
spokesperson,50,4,54,0.074
pornostar,0,54,54,1.0
materiai,0,54,54,1.0
calor,0,54,54,1.0
nichola,48,6,54,0.111
shipman,52,2,54,0.037
federa,0,54,54,1.0
texoma,54,0,54,0.0
dynegydirect,54,0,54,0.0
officia,0,54,54,1.0
paqemak,0,54,54,1.0
malcolm,43,11,54,0.204
byron,32,22,54,0.407
ov,0,54,54,1.0
lindley,54,0,54,0.0
eager,37,17,54,0.315
nwwv,0,54,54,1.0
robertwalt,54,0,54,0.0
cibr,0,54,54,1.0
nicol,39,15,54,0.278
committ,22,32,54,0.593
tripi,0,54,54,1.0
nutraceut,0,54,54,1.0
fossum,54,0,54,0.0
sixti,7,47,54,0.87
bonni,37,17,54,0.315
intermedi,49,5,54,0.093
brendan,20,34,54,0.63
profound,8,46,54,0.852
lnternet,0,54,54,1.0
earthquak,13,41,54,0.759
dakota,12,42,54,0.778
sn,1,53,54,0.981
spectrum,26,28,54,0.519
poullain,54,0,54,0.0
chile,15,39,54,0.722
wpt,0,54,54,1.0
moorer,54,0,54,0.0
stamp,16,38,54,0.704
nail,28,26,54,0.481
removemepleas,0,54,54,1.0
alot,27,27,54,0.5
erhc,0,54,54,1.0
geman,54,0,54,0.0
boulevard,3,51,54,0.944
unbeat,0,54,54,1.0
rcpt,2,52,54,0.963
payn,46,8,54,0.148
bernstein,44,10,54,0.185
bump,39,15,54,0.278
aquí,0,54,54,1.0
personn,1,53,54,0.981
istorag,0,54,54,1.0
cope,27,27,54,0.5
parkhil,54,0,54,0.0
mazowita,54,0,54,0.0
tailgat,53,1,54,0.019
heya,0,54,54,1.0
acquaint,11,43,54,0.796
nascar,3,51,54,0.944
ambl,1,53,54,0.981
bleed,16,38,54,0.704
att,28,26,54,0.481
jolli,48,6,54,0.111
ciean,0,54,54,1.0
melani,43,11,54,0.204
cooki,15,39,54,0.722
benson,26,28,54,0.519
poker,2,51,53,0.962
absent,29,24,53,0.453
ounc,15,38,53,0.717
cogen,53,0,53,0.0
detmer,53,0,53,0.0
diann,37,16,53,0.302
deai,0,53,53,1.0
shepperd,53,0,53,0.0
gorni,53,0,53,0.0
whilst,32,21,53,0.396
booklet,7,46,53,0.868
flip,32,21,53,0.396
smoker,2,51,53,0.962
hawaii,17,36,53,0.679
shiji,53,0,53,0.0
qui,0,53,53,1.0
berkshir,39,14,53,0.264
elit,7,46,53,0.868
halliburton,52,1,53,0.019
cognit,1,52,53,0.981
erc,50,3,53,0.057
bath,14,39,53,0.736
franck,0,53,53,1.0
fade,24,29,53,0.547
cypru,36,17,53,0.321
zinc,12,41,53,0.774
deviat,44,9,53,0.17
boast,13,40,53,0.755
tricoli,53,0,53,0.0
downioad,0,53,53,1.0
tragedi,32,21,53,0.396
shadow,22,31,53,0.585
ongc,53,0,53,0.0
stroke,5,48,53,0.906
volumetr,51,2,53,0.038
cpu,9,44,53,0.83
marlen,48,5,53,0.094
possibi,0,53,53,1.0
headach,13,40,53,0.755
circuiat,0,53,53,1.0
xan,0,53,53,1.0
interv,28,25,53,0.472
stern,37,16,53,0.302
apex,17,36,53,0.679
philippin,29,24,53,0.453
logodent,0,53,53,1.0
portfoiio,0,53,53,1.0
vt,5,48,53,0.906
ption,0,53,53,1.0
butt,29,24,53,0.453
subsidi,36,17,53,0.321
nuevo,6,47,53,0.887
magnet,8,45,53,0.849
passag,30,23,53,0.434
greenhous,0,53,53,1.0
lauderdal,2,51,53,0.962
courier,2,51,53,0.962
cute,9,44,53,0.83
cada,0,53,53,1.0
uncondit,5,48,53,0.906
wallac,42,11,53,0.208
sequoia,1,52,53,0.981
hero,25,28,53,0.528
midday,46,7,53,0.132
montreal,36,17,53,0.321
astound,1,52,53,0.981
seeker,2,51,53,0.962
dd,15,38,53,0.717
hadn,38,15,53,0.283
ethink,53,0,53,0.0
kroll,53,0,53,0.0
butler,39,14,53,0.264
amro,44,9,53,0.17
romeo,45,8,53,0.151
lauren,43,10,53,0.189
needsand,0,53,53,1.0
za,14,39,53,0.736
categor,20,32,52,0.615
viabil,47,5,52,0.096
sherman,43,9,52,0.173
realiy,0,52,52,1.0
accomod,48,4,52,0.077
bunch,32,20,52,0.385
ofth,0,52,52,1.0
viagr,0,52,52,1.0
simpson,39,13,52,0.25
wisconsin,37,15,52,0.288
rip,7,45,52,0.865
caiifornia,0,52,52,1.0
jg,47,5,52,0.096
nombr,0,52,52,1.0
shorter,43,9,52,0.173
mart,21,31,52,0.596
teler,52,0,52,0.0
gss,51,1,52,0.019
eytl,0,52,52,1.0
tibco,52,0,52,0.0
mgltd,52,0,52,0.0
hobbi,7,45,52,0.865
foward,9,43,52,0.827
herm,4,48,52,0.923
mxico,0,52,52,1.0
congression,37,15,52,0.288
caffein,5,47,52,0.904
amus,5,47,52,0.904
certificao,0,52,52,1.0
mild,22,30,52,0.577
dubui,0,52,52,1.0
mann,40,12,52,0.231
abraham,19,33,52,0.635
discomfort,4,48,52,0.923
glanc,26,26,52,0.5
pga,22,30,52,0.577
strand,44,8,52,0.154
benjamin,39,13,52,0.25
bengalla,52,0,52,0.0
passiv,38,14,52,0.269
christ,6,46,52,0.885
humor,30,22,52,0.423
oaxaca,0,52,52,1.0
burk,37,15,52,0.288
withhold,43,9,52,0.173
qerman,0,52,52,1.0
isda,52,0,52,0.0
longview,52,0,52,0.0
poison,4,48,52,0.923
amblen,0,52,52,1.0
erod,38,14,52,0.269
kinsey,52,0,52,0.0
emin,16,36,52,0.692
iti,0,52,52,1.0
deiiveri,0,52,52,1.0
cumshot,0,52,52,1.0
srp,52,0,52,0.0
unregul,52,0,52,0.0
punish,37,15,52,0.288
marcelo,51,1,52,0.019
ugli,29,23,52,0.442
rat,5,47,52,0.904
sich,3,49,52,0.942
outlet,18,34,52,0.654
eiben,52,0,52,0.0
postag,3,49,52,0.942
marilyn,37,15,52,0.288
spi,11,41,52,0.788
erni,29,23,52,0.442
firstli,12,40,52,0.769
sticker,11,41,52,0.788
abbott,37,15,52,0.288
swamp,21,31,52,0.596
coc,7,45,52,0.865
ano,0,52,52,1.0
stare,4,48,52,0.923
powerisk,52,0,52,0.0
wherea,35,17,52,0.327
compact,8,44,52,0.846
uid,0,52,52,1.0
umbrella,44,8,52,0.154
xerox,34,18,52,0.346
logon,45,7,52,0.135
gabriel,32,20,52,0.385
iist,0,51,51,1.0
amanda,45,6,51,0.118
inconsist,45,6,51,0.118
nebraska,32,19,51,0.373
darl,34,17,51,0.333
mcnulti,49,2,51,0.039
isol,35,16,51,0.314
repeatedli,46,5,51,0.098
immin,35,16,51,0.314
heir,9,42,51,0.824
aforement,24,27,51,0.529
tblload,51,0,51,0.0
luca,24,27,51,0.529
cocoa,29,22,51,0.431
ginger,43,8,51,0.157
abdomin,0,51,51,1.0
credenti,6,45,51,0.882
weiss,41,10,51,0.196
whatsoev,16,35,51,0.686
haben,1,50,51,0.98
griffith,46,5,51,0.098
gadd,51,0,51,0.0
crime,5,46,51,0.902
commerciai,0,51,51,1.0
sri,15,36,51,0.706
sg,25,26,51,0.51
westbrook,51,0,51,0.0
dodson,41,10,51,0.196
brave,22,29,51,0.569
bouillion,51,0,51,0.0
fabul,16,35,51,0.686
mate,5,46,51,0.902
evelyn,42,9,51,0.176
constel,44,7,51,0.137
bite,18,33,51,0.647
reactionsnet,51,0,51,0.0
cousin,9,42,51,0.824
goodpastur,51,0,51,0.0
curran,32,19,51,0.373
handi,10,41,51,0.804
forbid,0,51,51,1.0
turner,36,15,51,0.294
ebiz,50,1,51,0.02
museum,33,18,51,0.353
pgev,51,0,51,0.0
badg,29,22,51,0.431
innoc,5,46,51,0.902
canva,2,49,51,0.961
prudent,35,16,51,0.314
semen,0,51,51,1.0
hannon,51,0,51,0.0
eastman,41,10,51,0.196
blachman,51,0,51,0.0
ana,19,32,51,0.627
msnbc,3,48,51,0.941
enqin,0,51,51,1.0
alamo,42,9,51,0.176
undergradu,38,13,51,0.255
gaug,41,10,51,0.196
antiqu,1,50,51,0.98
driscol,46,5,51,0.098
yeah,33,18,51,0.353
successor,40,11,51,0.216
footprint,6,44,50,0.88
frankli,38,12,50,0.24
herbert,18,32,50,0.64
lozano,49,1,50,0.02
pollut,26,24,50,0.48
perscript,0,50,50,1.0
projector,25,25,50,0.5
ef,17,33,50,0.66
fenc,35,15,50,0.3
mumford,43,7,50,0.14
removido,0,50,50,1.0
zivley,50,0,50,0.0
recap,48,2,50,0.04
¤,0,50,50,1.0
optimum,5,45,50,0.9
confess,12,38,50,0.76
elli,35,15,50,0.3
joani,48,2,50,0.04
dam,38,12,50,0.24
pwr,50,0,50,0.0
corman,50,0,50,0.0
theriot,50,0,50,0.0
idaho,10,40,50,0.8
uiead,0,50,50,1.0
virgo,48,2,50,0.04
kysa,50,0,50,0.0
earthlink,31,19,50,0.38
boot,18,32,50,0.64
ramesh,50,0,50,0.0
schole,50,0,50,0.0
amor,1,49,50,0.98
dust,17,33,50,0.66
bread,4,46,50,0.92
nicolay,50,0,50,0.0
houstonenergi,50,0,50,0.0
abi,7,43,50,0.86
oceania,0,50,50,1.0
dent,16,34,50,0.68
concess,36,14,50,0.28
occurr,15,35,50,0.7
conven,35,15,50,0.3
reiiabi,0,50,50,1.0
voor,1,49,50,0.98
surpass,17,33,50,0.66
vb,24,26,50,0.52
contamin,5,45,50,0.9
atianta,0,50,50,1.0
descend,1,49,50,0.98
ai,0,50,50,1.0
gi,32,18,50,0.36
poiici,0,50,50,1.0
entouch,50,0,50,0.0
helvetica,4,46,50,0.92
distant,8,42,50,0.84
holden,45,5,50,0.1
leaf,24,26,50,0.52
gradual,36,14,50,0.28
hillier,48,2,50,0.04
mortar,3,47,50,0.94
´,0,50,50,1.0
thoreau,44,6,50,0.12
systemat,31,19,50,0.38
telegraph,35,15,50,0.3
turnkey,8,42,50,0.84
lillian,34,16,50,0.32
cription,0,50,50,1.0
ax,3,47,50,0.94
citc,0,50,50,1.0
thorn,41,9,50,0.18
automot,22,28,50,0.56
mbd,48,2,50,0.04
belov,3,47,50,0.94
redund,28,22,50,0.44
gentleman,28,22,50,0.44
outright,42,8,50,0.16
kh,31,18,49,0.367
nowher,17,32,49,0.653
vic,4,45,49,0.918
trabajo,0,49,49,1.0
hb,33,16,49,0.327
elain,34,15,49,0.306
stylish,1,48,49,0.98
enov,49,0,49,0.0
mario,33,16,49,0.327
stumbl,40,9,49,0.184
une,0,49,49,1.0
salmon,48,1,49,0.02
derecskey,49,0,49,0.0
expios,0,49,49,1.0
helsinki,45,4,49,0.082
multin,27,22,49,0.449
yale,14,35,49,0.714
tien,0,49,49,1.0
tai,33,16,49,0.327
erisk,49,0,49,0.0
jewel,27,22,49,0.449
corn,22,27,49,0.551
seminario,0,49,49,1.0
bloodstream,0,49,49,1.0
aurora,36,13,49,0.265
madison,25,24,49,0.49
shout,22,27,49,0.551
wm,3,46,49,0.939
commoditylog,49,0,49,0.0
pdt,33,16,49,0.327
reid,40,9,49,0.184
seventeen,2,47,49,0.959
tall,4,45,49,0.918
inn,34,15,49,0.306
nathan,38,11,49,0.224
radisson,39,10,49,0.204
ori,0,49,49,1.0
iter,38,11,49,0.224
yukon,3,46,49,0.939
feldman,40,9,49,0.184
abort,16,33,49,0.673
herb,6,43,49,0.878
lnterest,0,49,49,1.0
pha,6,43,49,0.878
standpoint,43,6,49,0.122
cafe,24,25,49,0.51
gwen,43,6,49,0.122
secondli,36,13,49,0.265
ngi,47,2,49,0.041
gaskil,49,0,49,0.0
inappropri,40,9,49,0.184
sup,2,47,49,0.959
terra,11,38,49,0.776
dior,0,49,49,1.0
eber,49,0,49,0.0
cheddar,49,0,49,0.0
reliabi,0,49,49,1.0
bench,38,11,49,0.224
pornstar,0,49,49,1.0
reef,3,46,49,0.939
eros,31,18,49,0.367
gang,25,24,49,0.49
pie,10,39,49,0.796
netcoonlin,49,0,49,0.0
maggi,41,8,49,0.163
hu,15,34,49,0.694
rofr,49,0,49,0.0
norm,27,22,49,0.449
loyal,10,39,49,0.796
mighti,26,23,49,0.469
cartwright,49,0,49,0.0
arous,1,48,49,0.98
wheeler,47,2,49,0.041
soussan,49,0,49,0.0
motil,0,49,49,1.0
infocast,49,0,49,0.0
lawmak,47,2,49,0.041
downlin,0,49,49,1.0
mitsubishi,37,12,49,0.245
astonish,7,42,49,0.857
williamson,39,10,49,0.204
eli,28,21,49,0.429
cant,8,41,49,0.837
lexmark,0,49,49,1.0
zach,49,0,49,0.0
fuil,0,49,49,1.0
powerlin,2,47,49,0.959
perpetu,5,44,49,0.898
completo,0,49,49,1.0
wc,35,14,49,0.286
shanghai,5,44,49,0.898
tang,42,7,49,0.143
meteor,1,48,49,0.98
constantin,4,45,49,0.918
bulgaria,5,44,49,0.898
jigget,0,48,48,1.0
levitt,42,6,48,0.125
ln,28,20,48,0.417
bilater,29,19,48,0.396
cairn,40,8,48,0.167
brooklyn,30,18,48,0.375
valentin,24,24,48,0.5
wage,30,18,48,0.375
compass,9,39,48,0.812
xana,0,48,48,1.0
,0,48,48,1.0
hagelmann,48,0,48,0.0
nearest,13,35,48,0.729
feroc,1,47,48,0.979
seismic,17,31,48,0.646
thoroughli,38,10,48,0.208
potenc,0,48,48,1.0
castro,34,14,48,0.292
noun,0,48,48,1.0
resent,27,21,48,0.438
thesi,38,10,48,0.208
behav,22,26,48,0.542
whitak,40,8,48,0.167
garrick,45,3,48,0.062
grapevin,8,40,48,0.833
mtv,40,8,48,0.167
fowler,36,12,48,0.25
calvin,12,36,48,0.75
sear,33,15,48,0.312
drili,0,48,48,1.0
dalton,31,17,48,0.354
helm,26,22,48,0.458
spill,37,11,48,0.229
pertin,28,20,48,0.417
jsp,22,26,48,0.542
han,11,37,48,0.771
mug,28,20,48,0.417
ivvo,0,48,48,1.0
centro,0,48,48,1.0
compos,21,27,48,0.562
forg,17,31,48,0.646
uncl,7,41,48,0.854
shame,13,35,48,0.729
suspici,19,29,48,0.604
rp,38,10,48,0.208
victori,23,25,48,0.521
guenter,9,39,48,0.812
requisit,30,18,48,0.375
shawna,48,0,48,0.0
happili,3,45,48,0.938
polish,24,24,48,0.5
monster,8,40,48,0.833
optl,0,48,48,1.0
soid,0,48,48,1.0
avg,28,20,48,0.417
floyd,42,6,48,0.125
sincereiy,0,48,48,1.0
webslt,0,48,48,1.0
hk,7,41,48,0.854
imaq,0,48,48,1.0
mbp,0,48,48,1.0
agrra,0,48,48,1.0
ject,0,48,48,1.0
zhang,47,1,48,0.021
sunni,14,34,48,0.708
tiffani,8,40,48,0.833
regenc,46,2,48,0.042
eugen,25,23,48,0.479
token,31,17,48,0.354
bci,1,47,48,0.979
hplnol,48,0,48,0.0
gase,4,44,48,0.917
muitipi,0,48,48,1.0
duck,8,40,48,0.833
ambigu,21,27,48,0.562
colour,7,41,48,0.854
printabl,9,39,48,0.812
cio,44,4,48,0.083
congo,0,48,48,1.0
speciaili,0,48,48,1.0
amelia,39,9,48,0.188
westinghous,42,6,48,0.125
ddsr,0,47,47,1.0
honestli,17,30,47,0.638
sixteen,9,38,47,0.809
quarante,0,47,47,1.0
significantiy,0,47,47,1.0
dang,9,38,47,0.809
sto,1,46,47,0.979
cashout,42,5,47,0.106
dismantl,28,19,47,0.404
straddl,38,9,47,0.191
mir,38,9,47,0.191
mccall,36,11,47,0.234
exce,30,17,47,0.362
government,13,34,47,0.723
trey,42,5,47,0.106
pixel,0,47,47,1.0
multipi,0,47,47,1.0
jest,40,7,47,0.149
quota,10,37,47,0.787
epa,14,33,47,0.702
straightforward,35,12,47,0.255
nur,10,37,47,0.787
beli,1,46,47,0.979
newav,0,47,47,1.0
doti,45,2,47,0.043
businessweek,37,10,47,0.213
mcgee,37,10,47,0.213
dunhil,0,47,47,1.0
appendix,28,19,47,0.404
laden,36,11,47,0.234
eyo,0,47,47,1.0
aaa,19,28,47,0.596
plz,0,47,47,1.0
carlsbad,32,15,47,0.319
julian,44,3,47,0.064
fond,5,42,47,0.894
highstar,47,0,47,0.0
janel,45,2,47,0.043
flynn,42,5,47,0.106
untap,3,44,47,0.936
clewlow,47,0,47,0.0
roch,37,10,47,0.213
enouqh,0,47,47,1.0
simmon,42,5,47,0.106
schwartz,35,12,47,0.255
dies,3,44,47,0.936
compendia,0,47,47,1.0
stark,36,11,47,0.234
garag,29,18,47,0.383
morrow,33,14,47,0.298
zipter,47,0,47,0.0
janeiro,20,27,47,0.574
prolif,3,44,47,0.936
dive,26,21,47,0.447
dissert,42,5,47,0.106
gsm,0,47,47,1.0
worn,4,43,47,0.915
aram,47,0,47,0.0
aros,20,27,47,0.574
detent,1,46,47,0.979
sheep,4,43,47,0.915
unus,35,12,47,0.255
luckyday,0,47,47,1.0
bate,20,27,47,0.574
launer,47,0,47,0.0
adwar,0,47,47,1.0
laserjet,0,47,47,1.0
aiesec,47,0,47,0.0
banc,47,0,47,0.0
neuner,47,0,47,0.0
yoursit,0,47,47,1.0
funer,10,37,47,0.787
devis,24,23,47,0.489
dome,17,30,47,0.638
triilion,0,47,47,1.0
nepco,47,0,47,0.0
cone,30,17,47,0.362
ancient,1,46,47,0.979
johnston,43,4,47,0.085
unveil,26,21,47,0.447
utiiiz,0,47,47,1.0
marku,42,5,47,0.106
backoffic,47,0,47,0.0
choat,47,0,47,0.0
sti,2,45,47,0.957
workforc,34,13,47,0.277
ove,0,47,47,1.0
hurdl,35,12,47,0.255
algeria,3,44,47,0.936
schwab,45,2,47,0.043
teenag,7,40,47,0.851
cedar,27,20,47,0.426
powerfui,0,47,47,1.0
distract,36,11,47,0.234
georgann,46,0,46,0.0
ent,7,39,46,0.848
navi,25,21,46,0.457
epc,46,0,46,0.0
salv,22,24,46,0.522
oslo,39,7,46,0.152
eshop,0,46,46,1.0
arc,15,31,46,0.674
encyclopedia,0,46,46,1.0
rgd,44,2,46,0.043
friendship,12,34,46,0.739
vacanc,19,27,46,0.587
tex,28,18,46,0.391
encarta,0,46,46,1.0
blockbust,33,13,46,0.283
fontbr,0,46,46,1.0
notar,0,46,46,1.0
efficaci,6,40,46,0.87
buehler,42,4,46,0.087
muslim,6,40,46,0.87
flore,39,7,46,0.152
mcgowan,42,4,46,0.087
tracker,23,23,46,0.5
important,0,46,46,1.0
mood,20,26,46,0.565
ez,0,46,46,1.0
thlt,0,46,46,1.0
pleu,46,0,46,0.0
lecoultr,0,46,46,1.0
atm,14,32,46,0.696
backward,20,26,46,0.565
edmund,3,43,46,0.935
mone,0,46,46,1.0
geniu,7,39,46,0.848
cdyv,0,46,46,1.0
ftar,0,46,46,1.0
anchor,25,21,46,0.457
ectstsw,46,0,46,0.0
galleri,4,42,46,0.913
mariam,0,46,46,1.0
shelbi,40,6,46,0.13
coke,9,37,46,0.804
blown,18,28,46,0.609
hefti,40,6,46,0.13
kmv,46,0,46,0.0
exploratori,31,15,46,0.326
walt,33,13,46,0.283
assimil,26,20,46,0.435
becker,34,12,46,0.261
bitt,0,46,46,1.0
schoolyard,8,38,46,0.826
unwil,44,2,46,0.043
homebuild,1,45,46,0.978
alabama,8,38,46,0.826
tg,28,18,46,0.391
obstacl,29,17,46,0.37
aitern,0,46,46,1.0
insta,0,46,46,1.0
exelon,46,0,46,0.0
puerto,29,17,46,0.37
ytd,44,2,46,0.043
adlpex,0,46,46,1.0
portug,8,38,46,0.826
nosso,0,46,46,1.0
torr,8,38,46,0.826
dock,12,34,46,0.739
tale,30,16,46,0.348
invas,2,44,46,0.957
gister,0,46,46,1.0
intl,32,14,46,0.304
spite,24,22,46,0.478
iam,4,42,46,0.913
keno,0,46,46,1.0
suprem,30,16,46,0.348
gatech,46,0,46,0.0
annex,37,9,46,0.196
foss,38,8,46,0.174
verd,41,5,46,0.109
heritag,5,41,46,0.891
chequ,13,33,46,0.717
montagu,33,13,46,0.283
ghana,0,46,46,1.0
tc,14,32,46,0.696
assassin,1,45,46,0.978
profitabi,0,46,46,1.0
blancpain,0,46,46,1.0
aruba,0,46,46,1.0
korea,19,27,46,0.587
aninher,0,46,46,1.0
teiecom,0,46,46,1.0
literatur,24,22,46,0.478
merri,32,14,46,0.304
ning,9,37,46,0.804
adress,10,36,46,0.783
edmondson,40,6,46,0.13
shale,2,44,46,0.957
peyton,45,1,46,0.022
evel,0,46,46,1.0
discourag,41,5,46,0.109
ativan,0,46,46,1.0
slowdown,44,1,45,0.022
enlighten,26,19,45,0.422
brunei,0,45,45,1.0
nothank,0,45,45,1.0
endeavour,1,44,45,0.978
ly,7,38,45,0.844
hol,41,4,45,0.089
tractebel,45,0,45,0.0
buchanan,34,11,45,0.244
atom,5,40,45,0.889
iogn,0,45,45,1.0
abacu,34,11,45,0.244
cpn,44,1,45,0.022
fla,3,42,45,0.933
lh,5,40,45,0.889
prabhu,45,0,45,0.0
jd,40,5,45,0.111
applaud,30,15,45,0.333
bash,22,23,45,0.511
scalabl,18,27,45,0.6
inclin,24,21,45,0.467
vessel,28,17,45,0.378
splash,30,15,45,0.333
threw,16,29,45,0.644
greenspan,43,2,45,0.044
ege,43,2,45,0.044
moni,20,25,45,0.556
closet,16,29,45,0.644
lg,5,40,45,0.889
cornel,26,19,45,0.422
bradi,23,22,45,0.489
casa,5,40,45,0.889
adio,1,44,45,0.978
ieader,0,45,45,1.0
ello,0,45,45,1.0
aga,44,1,45,0.022
piastic,0,45,45,1.0
karl,26,19,45,0.422
followup,43,2,45,0.044
pnr,45,0,45,0.0
displac,35,10,45,0.222
fascin,17,28,45,0.622
indulg,6,39,45,0.867
plagu,27,18,45,0.4
amort,35,10,45,0.222
naomi,35,10,45,0.222
emili,35,10,45,0.222
backlog,6,39,45,0.867
candi,6,39,45,0.867
valtrex,0,45,45,1.0
poster,25,20,45,0.444
hgm,44,1,45,0.022
dish,5,40,45,0.889
hug,18,27,45,0.6
astronom,2,43,45,0.956
thx,33,12,45,0.267
afflict,5,40,45,0.889
carla,37,8,45,0.178
etcheverri,45,0,45,0.0
bend,8,37,45,0.822
repos,0,45,45,1.0
assunto,0,45,45,1.0
oooo,45,0,45,0.0
fluid,33,12,45,0.267
symptom,11,34,45,0.756
whitsel,45,0,45,0.0
goos,39,6,45,0.133
producto,0,45,45,1.0
decent,25,20,45,0.444
diversif,33,12,45,0.267
penil,0,45,45,1.0
sweden,29,16,45,0.356
coe,45,0,45,0.0
spectacular,22,23,45,0.511
mucho,2,43,45,0.956
keg,2,43,45,0.956
wid,1,44,45,0.978
lyn,39,6,45,0.133
esa,41,4,45,0.089
alphabet,23,22,45,0.489
jointli,29,16,45,0.356
invalid,19,26,45,0.578
helton,43,2,45,0.044
warwick,35,10,45,0.222
nalin,45,0,45,0.0
nahou,45,0,45,0.0
shove,10,35,45,0.778
interven,35,10,45,0.222
goddard,33,12,45,0.267
hare,30,15,45,0.333
columbu,27,18,45,0.4
wrist,3,42,45,0.933
ursula,35,10,45,0.222
pb,33,12,45,0.267
tobacco,18,27,45,0.6
ricardo,10,35,45,0.778
zisman,45,0,45,0.0
deadli,4,41,45,0.911
erot,0,45,45,1.0
def,42,3,45,0.067
backbon,29,15,44,0.341
anatol,36,8,44,0.182
kbp,7,37,44,0.841
diamant,0,44,44,1.0
simplic,4,40,44,0.909
pham,43,1,44,0.023
massag,12,32,44,0.727
shatter,15,29,44,0.659
ihnen,9,35,44,0.795
healthier,0,44,44,1.0
courtney,30,14,44,0.318
considerado,0,44,44,1.0
socalehr,44,0,44,0.0
mst,33,11,44,0.25
pencil,11,33,44,0.75
nacion,13,31,44,0.705
facekey,0,44,44,1.0
egmnom,44,0,44,0.0
pepsi,1,43,44,0.977
sohn,0,44,44,1.0
gorbea,0,44,44,1.0
suresh,44,0,44,0.0
livelink,44,0,44,0.0
bei,7,37,44,0.841
ebb,30,14,44,0.318
quantum,13,31,44,0.705
centerfont,0,44,44,1.0
temper,25,19,44,0.432
brainstorm,30,14,44,0.318
thrown,19,25,44,0.568
lip,11,33,44,0.75
pentagon,31,13,44,0.295
testifi,34,10,44,0.227
inland,39,5,44,0.114
exacerb,37,7,44,0.159
zadorozhni,44,0,44,0.0
welch,38,6,44,0.136
mariann,27,17,44,0.386
mckinsey,44,0,44,0.0
donnelli,29,15,44,0.341
midst,28,16,44,0.364
interior,15,29,44,0.659
expatri,32,12,44,0.273
yanke,13,31,44,0.705
alport,44,0,44,0.0
lightn,9,35,44,0.795
marvel,7,37,44,0.841
nina,37,7,44,0.159
futureev,0,44,44,1.0
ebitda,23,21,44,0.477
corum,0,44,44,1.0
khan,7,37,44,0.841
shutdown,33,11,44,0.25
hung,23,21,44,0.477
revisit,43,1,44,0.023
prescri,0,44,44,1.0
aaron,27,17,44,0.386
loudspeak,0,44,44,1.0
deaier,0,44,44,1.0
phar,0,44,44,1.0
thread,5,39,44,0.886
trunk,7,37,44,0.841
fleet,27,17,44,0.386
eariy,0,44,44,1.0
aiia,0,44,44,1.0
apachi,44,0,44,0.0
apel,44,0,44,0.0
cplex,44,0,44,0.0
etop,44,0,44,0.0
mismo,1,43,44,0.977
bluetooth,0,44,44,1.0
rpi,44,0,44,0.0
cach,16,28,44,0.636
modelo,13,31,44,0.705
creatur,2,42,44,0.955
rxmed,0,44,44,1.0
realnetwork,0,44,44,1.0
lindsay,32,12,44,0.273
bowman,31,13,44,0.295
socaltop,44,0,44,0.0
hplr,44,0,44,0.0
tdtd,0,44,44,1.0
sandwich,19,25,44,0.568
tribolet,44,0,44,0.0
hav,1,43,44,0.977
devri,44,0,44,0.0
jackpot,3,41,44,0.932
alison,31,13,44,0.295
tba,39,5,44,0.114
thresa,44,0,44,0.0
alongsid,18,26,44,0.591
technomarin,0,44,44,1.0
lindsey,36,8,44,0.182
drastic,17,27,44,0.614
darron,42,2,44,0.045
upfront,32,12,44,0.273
unravel,42,2,44,0.045
luci,34,10,44,0.227
thatexpress,0,44,44,1.0
obscur,25,19,44,0.432
adjac,20,24,44,0.545
electrnico,0,44,44,1.0
dentist,6,38,44,0.864
rico,26,18,44,0.409
offfer,1,43,44,0.977
diverg,10,34,44,0.773
affin,1,43,44,0.977
fendi,0,44,44,1.0
mansfield,7,37,44,0.841
illiquid,42,2,44,0.045
oma,21,23,44,0.523
freehand,0,44,44,1.0
arabia,20,24,44,0.545
retreat,38,6,44,0.136
instinct,17,27,44,0.614
dorsey,44,0,44,0.0
gut,19,25,44,0.568
jaquet,44,0,44,0.0
tube,10,34,44,0.773
severai,0,43,43,1.0
iowa,15,28,43,0.651
rh,21,22,43,0.512
erik,30,13,43,0.302
debut,14,29,43,0.674
missouri,21,22,43,0.512
damn,9,34,43,0.791
refurb,0,43,43,1.0
lieuten,8,35,43,0.814
dato,0,43,43,1.0
eur,7,36,43,0.837
searcher,0,43,43,1.0
iquid,0,43,43,1.0
eh,9,34,43,0.791
conscienc,9,34,43,0.791
ruin,20,23,43,0.535
sequenc,13,30,43,0.698
carniv,20,23,43,0.535
carisoprodol,0,43,43,1.0
hayden,31,12,43,0.279
traditiona,0,43,43,1.0
thome,43,0,43,0.0
daddi,4,39,43,0.907
elba,26,17,43,0.395
equiv,2,41,43,0.953
delano,34,9,43,0.209
voium,0,43,43,1.0
closest,30,13,43,0.302
churn,35,8,43,0.186
boca,0,43,43,1.0
dietert,43,0,43,0.0
convict,6,37,43,0.86
ah,17,26,43,0.605
blaze,12,31,43,0.721
fixtur,1,42,43,0.977
allegedli,33,10,43,0.233
locker,35,8,43,0.186
som,1,42,43,0.977
ftworth,43,0,43,0.0
yanni,43,0,43,0.0
colett,34,9,43,0.209
dba,40,3,43,0.07
reaili,0,43,43,1.0
anyhow,22,21,43,0.488
oven,0,43,43,1.0
abet,8,35,43,0.814
fisher,30,13,43,0.302
neck,11,32,43,0.744
loqodent,0,43,43,1.0
lncreas,0,43,43,1.0
bent,8,35,43,0.814
postmast,23,20,43,0.465
tobia,42,1,43,0.023
panhandl,41,2,43,0.047
highland,21,22,43,0.512
marina,28,15,43,0.349
allison,28,15,43,0.349
idiot,11,32,43,0.744
arrow,12,31,43,0.721
insul,20,23,43,0.535
realis,32,11,43,0.256
snack,28,15,43,0.349
fingerprint,1,42,43,0.977
lick,5,38,43,0.884
barnett,13,30,43,0.698
grm,43,0,43,0.0
bro,11,32,43,0.744
ina,37,6,43,0.14
azimuth,0,43,43,1.0
loa,7,36,43,0.837
hib,41,2,43,0.047
carpent,12,31,43,0.721
brick,19,24,43,0.558
overwhich,0,43,43,1.0
keeley,43,0,43,0.0
boyfriend,8,35,43,0.814
malibu,0,43,43,1.0
nugget,21,22,43,0.512
ripley,33,10,43,0.233
tropic,26,17,43,0.395
rned,0,43,43,1.0
ampl,19,24,43,0.558
poem,4,39,43,0.907
eleg,1,42,43,0.977
embroideri,0,43,43,1.0
discern,12,31,43,0.721
representacion,0,43,43,1.0
nake,0,43,43,1.0
paig,37,6,43,0.14
meteorolog,33,10,43,0.233
iast,0,43,43,1.0
geneva,15,28,43,0.651
batcheld,11,32,43,0.744
beef,18,25,43,0.581
quadrupl,8,35,43,0.814
walla,0,43,43,1.0
caterpillar,21,22,43,0.512
pavlou,43,0,43,0.0
similarli,40,3,43,0.07
avi,14,29,43,0.674
weaker,40,3,43,0.07
onondaga,40,3,43,0.07
transcanada,43,0,43,0.0
kingerski,43,0,43,0.0
lion,14,29,43,0.674
berman,22,21,43,0.488
shopper,8,35,43,0.814
alvarez,29,14,43,0.326
cial,0,43,43,1.0
hut,0,43,43,1.0
appris,23,20,43,0.465
hampshir,16,27,43,0.628
punit,34,9,43,0.209
stephan,30,13,43,0.302
brandon,29,14,43,0.326
nou,0,43,43,1.0
nsf,40,3,43,0.07
remi,42,1,43,0.023
juic,9,34,43,0.791
shorelin,34,9,43,0.209
lieu,29,14,43,0.326
gomez,41,2,43,0.047
eesi,7,36,43,0.837
neglect,17,26,43,0.605
accret,25,18,43,0.419
osdn,0,43,43,1.0
berlin,13,30,43,0.698
bmw,5,38,43,0.884
assay,0,42,42,1.0
eyeforenergi,42,0,42,0.0
lar,13,29,42,0.69
phenomen,14,28,42,0.667
ambit,15,27,42,0.643
staley,33,9,42,0.214
seemingli,34,8,42,0.19
sleev,32,10,42,0.238
fantasi,2,40,42,0.952
macro,24,18,42,0.429
fitzgerald,33,9,42,0.214
llcens,0,42,42,1.0
suqgest,0,42,42,1.0
unbeiiv,0,42,42,1.0
kenton,7,35,42,0.833
dexter,5,37,42,0.881
wavefront,0,42,42,1.0
theatr,34,8,42,0.19
lpm,42,0,42,0.0
dt,24,18,42,0.429
baltimor,18,24,42,0.571
emf,42,0,42,0.0
prick,3,39,42,0.929
reel,21,21,42,0.5
californian,36,6,42,0.143
discretionari,19,23,42,0.548
budweis,0,42,42,1.0
degeneraci,0,42,42,1.0
nordic,42,0,42,0.0
winfax,0,42,42,1.0
ivori,2,40,42,0.952
scsi,3,39,42,0.929
rxdrug,0,42,42,1.0
revolution,14,28,42,0.667
wnbra,0,42,42,1.0
middlewar,0,42,42,1.0
mv,6,36,42,0.857
dietz,28,14,42,0.333
deton,0,42,42,1.0
kodak,34,8,42,0.19
unsub,1,41,42,0.976
timefram,37,5,42,0.119
catalyst,16,26,42,0.619
althea,30,12,42,0.286
thanx,34,8,42,0.19
cur,1,41,42,0.976
consemiu,42,0,42,0.0
questar,42,0,42,0.0
shun,16,26,42,0.619
benoit,35,7,42,0.167
teessid,42,0,42,0.0
alcoa,28,14,42,0.333
keyston,13,29,42,0.69
kuehl,42,0,42,0.0
toma,29,13,42,0.31
sloan,35,7,42,0.167
gonzal,31,11,42,0.262
patriot,19,23,42,0.548
dev,36,6,42,0.143
rode,31,11,42,0.262
slice,19,23,42,0.548
coop,26,16,42,0.381
articul,29,13,42,0.31
czech,5,37,42,0.881
clicck,0,42,42,1.0
hellman,40,2,42,0.048
darpa,0,42,42,1.0
wp,33,9,42,0.214
sank,31,11,42,0.262
diamet,9,33,42,0.786
urban,17,25,42,0.595
msg,13,29,42,0.69
kulatilaka,42,0,42,0.0
fatah,0,42,42,1.0
occasion,32,10,42,0.238
haul,29,13,42,0.31
goldberg,29,13,42,0.31
alien,9,33,42,0.786
harlan,36,6,42,0.143
mfi,2,40,42,0.952
backdrop,15,27,42,0.643
listbot,42,0,42,0.0
syivan,0,42,42,1.0
bearish,29,13,42,0.31
baseboard,2,40,42,0.952
missil,30,12,42,0.286
footag,1,41,42,0.976
nec,5,37,42,0.881
pluto,39,3,42,0.071
keller,37,5,42,0.119
replay,40,2,42,0.048
countrii,0,42,42,1.0
aspir,6,36,42,0.857
empioye,0,42,42,1.0
inaugur,28,14,42,0.333
cabi,0,42,42,1.0
melba,41,1,42,0.024
mundo,1,41,42,0.976
rhode,25,17,42,0.405
gratuit,0,42,42,1.0
appeas,12,30,42,0.714
titan,23,19,42,0.452
dun,31,11,42,0.262
purg,13,29,42,0.69
giron,42,0,42,0.0
curriculum,26,16,42,0.381
speckel,42,0,42,0.0
gcp,42,0,42,0.0
wink,2,40,42,0.952
conceiv,14,28,42,0.667
hindu,39,3,42,0.071
vilasrao,42,0,42,0.0
tan,12,29,41,0.707
energ,14,27,41,0.659
overrid,38,3,41,0.073
misti,30,11,41,0.268
bazaar,0,41,41,1.0
hm,27,14,41,0.341
defect,8,33,41,0.805
dude,7,34,41,0.829
codin,0,41,41,1.0
rollov,36,5,41,0.122
cottonwood,4,37,41,0.902
nome,16,25,41,0.61
buspar,0,41,41,1.0
hungri,11,30,41,0.732
dayzer,0,41,41,1.0
ballroom,29,12,41,0.293
cuenta,0,41,41,1.0
kein,0,41,41,1.0
chunk,26,15,41,0.366
softab,0,41,41,1.0
sake,19,22,41,0.537
marla,38,3,41,0.073
tangibl,24,17,41,0.415
jere,35,6,41,0.146
loretta,36,5,41,0.122
shuttl,33,8,41,0.195
snap,21,20,41,0.488
cilco,41,0,41,0.0
bewar,11,30,41,0.732
ayer,8,33,41,0.805
dictionari,13,28,41,0.683
harmon,26,15,41,0.366
offlc,0,41,41,1.0
bonnevil,27,14,41,0.341
lambert,22,19,41,0.463
horribl,19,22,41,0.537
wird,0,41,41,1.0
discrimin,15,26,41,0.634
marg,20,21,41,0.512
binari,12,29,41,0.707
handler,0,41,41,1.0
islam,5,36,41,0.878
aye,26,15,41,0.366
cibc,35,6,41,0.146
lista,0,41,41,1.0
nicki,38,3,41,0.073
copacabana,0,41,41,1.0
dg,16,25,41,0.61
heizenrad,41,0,41,0.0
inlet,27,14,41,0.341
lydia,29,12,41,0.293
ffo,3,38,41,0.927
dialogu,25,16,41,0.39
portray,23,18,41,0.439
eco,7,34,41,0.829
bbc,0,41,41,1.0
lamb,34,7,41,0.171
harold,29,12,41,0.293
novosel,41,0,41,0.0
trash,30,11,41,0.268
khodorkovski,0,41,41,1.0
avid,3,38,41,0.927
unsur,37,4,41,0.098
penn,32,9,41,0.22
prolong,22,19,41,0.463
cdn,33,8,41,0.195
claal,0,41,41,1.0
humphrey,37,4,41,0.098
aerospac,16,25,41,0.61
oscar,23,18,41,0.439
allah,0,41,41,1.0
flame,15,26,41,0.634
ace,28,13,41,0.317
smoothli,37,4,41,0.098
judith,27,14,41,0.341
crippl,27,14,41,0.341
donnel,31,10,41,0.244
recip,7,34,41,0.829
spiral,33,8,41,0.195
breslau,40,1,41,0.024
chairperson,31,10,41,0.244
ksb,0,41,41,1.0
vigor,17,24,41,0.585
acef,0,41,41,1.0
vector,26,15,41,0.366
appal,6,35,41,0.854
multilingu,0,41,41,1.0
hover,24,17,41,0.415
layout,20,21,41,0.512
flnd,0,41,41,1.0
cpi,21,20,41,0.488
indirectli,34,7,41,0.171
jimmi,25,16,41,0.39
feng,37,4,41,0.098
fbi,15,26,41,0.634
tva,33,8,41,0.195
erectlon,0,41,41,1.0
creatinq,0,41,41,1.0
vail,23,18,41,0.439
journey,3,38,41,0.927
sar,4,37,41,0.902
topica,41,0,41,0.0
dhttp,0,41,41,1.0
trtrtd,0,41,41,1.0
pai,26,15,41,0.366
megola,0,41,41,1.0
rbl,1,40,41,0.976
quietli,14,27,41,0.659
opm,41,0,41,0.0
saddl,20,21,41,0.512
codi,30,11,41,0.268
rippl,34,6,40,0.15
monk,16,24,40,0.6
urs,0,40,40,1.0
bien,8,32,40,0.8
cardiac,5,35,40,0.875
dummi,28,12,40,0.3
cy,20,20,40,0.5
piayer,0,40,40,1.0
grupo,18,22,40,0.55
efm,40,0,40,0.0
redirect,35,5,40,0.125
amr,38,2,40,0.05
controi,0,40,40,1.0
bartlett,27,13,40,0.325
nomina,0,40,40,1.0
aion,0,40,40,1.0
mulligan,30,10,40,0.25
liquefi,33,7,40,0.175
reopen,33,7,40,0.175
schwarz,40,0,40,0.0
olymp,26,14,40,0.35
comedi,8,32,40,0.8
segreg,25,15,40,0.375
licenc,20,20,40,0.5
yzaguirr,40,0,40,0.0
despot,0,40,40,1.0
timber,12,28,40,0.7
overlap,39,1,40,0.025
girard,0,40,40,1.0
orissa,40,0,40,0.0
ibxg,0,40,40,1.0
null,15,25,40,0.625
cement,16,24,40,0.6
whitt,40,0,40,0.0
raytheon,36,4,40,0.1
dea,12,28,40,0.7
seneg,1,39,40,0.975
rehear,40,0,40,0.0
dine,15,25,40,0.625
ney,0,40,40,1.0
corros,21,19,40,0.475
crop,9,31,40,0.775
donor,17,23,40,0.575
offens,24,16,40,0.4
bean,22,18,40,0.45
node,31,9,40,0.225
kg,8,32,40,0.8
iead,0,40,40,1.0
continuo,0,40,40,1.0
helyett,40,0,40,0.0
tipo,0,40,40,1.0
ambient,3,37,40,0.925
alain,1,39,40,0.975
eighteen,2,38,40,0.95
instructor,26,14,40,0.35
nyu,31,9,40,0.225
glow,4,36,40,0.9
annal,3,37,40,0.925
tana,40,0,40,0.0
textil,10,30,40,0.75
cad,28,12,40,0.3
ru,2,38,40,0.95
revoiutionari,0,40,40,1.0
miniatur,1,39,40,0.975
km,18,22,40,0.55
hockey,15,25,40,0.625
sob,0,40,40,1.0
invers,12,28,40,0.7
industria,1,39,40,0.975
inactiv,32,8,40,0.2
taliban,40,0,40,0.0
boil,26,14,40,0.35
trigeorgi,40,0,40,0.0
contro,0,40,40,1.0
fiak,0,40,40,1.0
paus,5,35,40,0.875
christensen,25,15,40,0.375
cokino,40,0,40,0.0
curti,31,9,40,0.225
costco,1,39,40,0.975
realmoney,40,0,40,0.0
hathaway,34,6,40,0.15
hama,0,40,40,1.0
norway,23,17,40,0.425
ciudad,0,40,40,1.0
crosoft,0,40,40,1.0
charla,37,3,40,0.075
scoop,9,31,40,0.775
restrain,20,20,40,0.5
woo,31,9,40,0.225
ipd,0,40,40,1.0
tulsa,27,13,40,0.325
leve,1,39,40,0.975
collector,2,38,40,0.95
quo,10,30,40,0.75
aoffa,0,40,40,1.0
thou,0,40,40,1.0
hilliard,40,0,40,0.0
strain,24,16,40,0.4
dire,28,12,40,0.3
medifi,0,40,40,1.0
multitud,10,30,40,0.75
cabin,9,31,40,0.775
basketbal,25,15,40,0.375
nie,33,7,40,0.175
emov,0,40,40,1.0
chronoswiss,0,40,40,1.0
divest,29,11,40,0.275
affidavit,1,39,40,0.975
decreto,0,40,40,1.0
wherev,14,26,40,0.65
conrad,22,18,40,0.45
panic,21,19,40,0.475
adjourn,29,11,40,0.275
glori,7,33,40,0.825
writeoff,40,0,40,0.0
destini,6,34,40,0.85
horoscop,1,38,39,0.974
briley,39,0,39,0.0
iran,10,29,39,0.744
swain,27,12,39,0.308
perus,17,22,39,0.564
lockhe,24,15,39,0.385
prudenc,39,0,39,0.0
xml,6,33,39,0.846
garrett,27,12,39,0.308
consciou,8,31,39,0.795
broomcorn,0,39,39,1.0
anal,5,34,39,0.872
whomev,36,3,39,0.077
juri,25,14,39,0.359
mammoth,3,36,39,0.923
riskcalc,39,0,39,0.0
oder,7,32,39,0.821
jewelri,7,32,39,0.821
taxpay,37,2,39,0.051
cdwr,39,0,39,0.0
spotlight,19,20,39,0.513
apap,0,39,39,1.0
sizabl,27,12,39,0.308
iou,38,1,39,0.026
vineyard,0,39,39,1.0
biochem,0,39,39,1.0
hirl,39,0,39,0.0
character,35,4,39,0.103
guilti,5,34,39,0.872
uniimit,0,39,39,1.0
peg,21,18,39,0.462
clearer,34,5,39,0.128
tanker,39,0,39,0.0
pond,33,6,39,0.154
sink,30,9,39,0.231
lama,39,0,39,0.0
hollywood,13,26,39,0.667
hijack,14,25,39,0.641
oan,0,39,39,1.0
hyperlink,18,21,39,0.538
slower,38,1,39,0.026
rhonda,31,8,39,0.205
gs,14,25,39,0.641
lesbian,0,39,39,1.0
elektro,36,3,39,0.077
mikhail,4,35,39,0.897
hart,32,7,39,0.179
shlpped,0,39,39,1.0
piu,0,39,39,1.0
arni,39,0,39,0.0
chavez,34,5,39,0.128
shorten,26,13,39,0.333
bracket,19,20,39,0.513
tema,4,35,39,0.897
mojav,39,0,39,0.0
emit,3,36,39,0.923
cnnfn,39,0,39,0.0
syndrom,4,35,39,0.897
turnov,34,5,39,0.128
terrif,22,17,39,0.436
entireti,19,20,39,0.513
lent,28,11,39,0.282
suitor,36,3,39,0.077
luckili,8,31,39,0.795
greed,17,22,39,0.564
apt,19,20,39,0.513
seizur,6,33,39,0.846
fsa,39,0,39,0.0
mccarthi,27,12,39,0.308
startl,5,34,39,0.872
grumbl,5,34,39,0.872
spun,27,12,39,0.308
evacu,13,26,39,0.667
charit,13,26,39,0.667
colombia,23,16,39,0.41
dialog,16,23,39,0.59
moi,0,39,39,1.0
acc,22,17,39,0.436
hdd,4,35,39,0.897
ferri,19,20,39,0.513
intimid,14,25,39,0.641
hawk,11,28,39,0.718
abbrevi,25,14,39,0.359
imer,0,39,39,1.0
erequest,39,0,39,0.0
dilemma,16,23,39,0.59
mehta,38,1,39,0.026
swbell,37,2,39,0.051
len,5,34,39,0.872
documento,0,39,39,1.0
outbound,10,29,39,0.744
tcf,27,12,39,0.308
medi,0,39,39,1.0
utter,4,35,39,0.897
catalytica,39,0,39,0.0
trisha,38,1,39,0.026
booth,25,14,39,0.359
doubletre,38,1,39,0.026
etern,4,35,39,0.897
magna,28,11,39,0.282
sweeter,0,39,39,1.0
doubi,0,39,39,1.0
technician,27,12,39,0.308
unfold,23,16,39,0.41
goiiv,0,39,39,1.0
pti,32,7,39,0.179
ase,33,6,39,0.154
notwithstand,32,7,39,0.179
rigor,29,10,39,0.256
ipi,0,39,39,1.0
conner,28,11,39,0.282
pu,3,36,39,0.923
mae,31,8,39,0.205
proactiv,35,4,39,0.103
puthigai,39,0,39,0.0
conciliatori,0,39,39,1.0
conquer,2,37,39,0.949
magnifi,3,36,39,0.923
centrifug,1,38,39,0.974
alum,12,27,39,0.692
breakup,18,21,39,0.538
influenza,1,38,39,0.974
adrian,19,20,39,0.513
watchdog,36,3,39,0.077
indirect,30,9,39,0.231
alexi,22,17,39,0.436
marriott,14,24,38,0.632
pave,23,15,38,0.395
zwallet,0,38,38,1.0
srr,37,1,38,0.026
npl,37,1,38,0.026
haa,32,6,38,0.158
carbid,26,12,38,0.316
ber,1,37,38,0.974
onlook,1,37,38,0.974
finland,24,14,38,0.368
comstock,38,0,38,0.0
ping,1,37,38,0.974
spradlin,38,0,38,0.0
unsatisfi,4,34,38,0.895
fame,8,30,38,0.789
enviado,4,34,38,0.895
hq,6,32,38,0.842
westlb,38,0,38,0.0
chan,30,8,38,0.211
xim,0,38,38,1.0
mccomb,37,1,38,0.026
mauricio,22,16,38,0.421
bryant,29,9,38,0.237
erp,2,36,38,0.947
effectu,5,33,38,0.868
bharati,38,0,38,0.0
evapor,31,7,38,0.184
greec,17,21,38,0.553
leisur,7,31,38,0.816
btamail,0,38,38,1.0
amonqth,0,38,38,1.0
teleconfer,36,2,38,0.053
notr,12,26,38,0.684
safer,7,31,38,0.816
eassey,38,0,38,0.0
yasheng,0,38,38,1.0
qtr,38,0,38,0.0
schuler,38,0,38,0.0
orderli,34,4,38,0.105
kaufman,36,2,38,0.053
eecc,38,0,38,0.0
waterproof,0,38,38,1.0
calib,12,26,38,0.684
nobl,13,25,38,0.658
tortur,3,35,38,0.921
gkh,37,1,38,0.026
bizarr,15,23,38,0.605
puerco,38,0,38,0.0
ple,8,30,38,0.789
tem,10,28,38,0.737
zimbabwean,0,38,38,1.0
ppv,0,38,38,1.0
yearli,19,19,38,0.5
edith,29,9,38,0.237
icap,36,2,38,0.053
sprint,15,23,38,0.605
itoy,0,38,38,1.0
ekrapel,38,0,38,0.0
kam,36,2,38,0.053
mesmer,1,37,38,0.974
miguel,27,11,38,0.289
static,25,13,38,0.342
conductor,1,37,38,0.974
rear,5,33,38,0.868
suspicion,25,13,38,0.342
oney,0,38,38,1.0
outrag,13,25,38,0.658
stil,0,38,38,1.0
pagina,0,38,38,1.0
cosmet,6,32,38,0.842
visio,1,37,38,0.974
stanc,33,5,38,0.132
slack,29,9,38,0.237
giveaway,8,30,38,0.789
stronq,0,38,38,1.0
pasadena,28,10,38,0.263
bezel,0,38,38,1.0
curvatur,0,38,38,1.0
ascertain,24,14,38,0.368
samson,24,14,38,0.368
versa,14,24,38,0.632
quebec,19,19,38,0.5
usgt,38,0,38,0.0
fossi,0,38,38,1.0
scandal,27,11,38,0.289
baldwin,20,18,38,0.474
statloneri,0,38,38,1.0
tram,1,37,38,0.974
impend,19,19,38,0.5
knudsen,31,7,38,0.184
bldg,35,3,38,0.079
handsom,12,26,38,0.684
qoil,0,38,38,1.0
unparallel,7,31,38,0.816
nigel,37,1,38,0.026
slam,18,20,38,0.526
psa,10,28,38,0.737
vir,0,38,38,1.0
saloonkeep,0,38,38,1.0
homebuy,0,38,38,1.0
lyondel,38,0,38,0.0
platt,30,8,38,0.211
tot,18,20,38,0.526
dcenter,0,38,38,1.0
qwest,34,4,38,0.105
mellencamp,38,0,38,0.0
vajpaye,38,0,38,0.0
sewag,9,29,38,0.763
gardner,23,15,38,0.395
rug,3,35,38,0.921
ko,5,33,38,0.868
gibson,19,19,38,0.5
sidelin,29,9,38,0.237
rodrigo,37,1,38,0.026
geologist,13,25,38,0.658
vacheron,0,38,38,1.0
scholar,29,9,38,0.237
subcommitte,38,0,38,0.0
beman,0,38,38,1.0
socalga,38,0,38,0.0
meat,18,20,38,0.526
rees,32,6,38,0.158
viewpoint,7,31,38,0.816
irregular,16,22,38,0.579
theta,13,25,38,0.658
roberto,23,15,38,0.395
thesepowerfui,0,37,37,1.0
ldc,37,0,37,0.0
teiephon,0,37,37,1.0
vacant,28,9,37,0.243
generlc,0,37,37,1.0
alik,15,22,37,0.595
extravaganza,3,34,37,0.919
haymarket,35,2,37,0.054
plata,35,2,37,0.054
trebuchet,0,37,37,1.0
fortney,37,0,37,0.0
hairi,1,36,37,0.973
aqu,0,37,37,1.0
altogeth,18,19,37,0.514
luther,25,12,37,0.324
mercier,0,37,37,1.0
derail,21,16,37,0.432
statutori,5,32,37,0.865
groom,3,34,37,0.919
idl,19,18,37,0.486
lockyer,37,0,37,0.0
lilli,26,11,37,0.297
turbotax,36,1,37,0.027
sorrow,0,37,37,1.0
clobber,2,35,37,0.946
denot,6,31,37,0.838
santiago,21,16,37,0.432
culmin,21,16,37,0.432
sta,11,26,37,0.703
novo,5,32,37,0.865
lessen,18,19,37,0.514
seneca,31,6,37,0.162
bhlp,37,0,37,0.0
sud,25,12,37,0.324
hip,8,29,37,0.784
bishop,6,31,37,0.838
endless,11,26,37,0.703
enrico,32,5,37,0.135
unanim,20,17,37,0.459
underperform,35,2,37,0.054
ction,0,37,37,1.0
schemat,29,8,37,0.216
preclud,30,7,37,0.189
aliow,0,37,37,1.0
cushion,28,9,37,0.243
arkansa,20,17,37,0.459
ecc,37,0,37,0.0
mgr,27,10,37,0.27
curricular,5,32,37,0.865
grad,27,10,37,0.27
thruway,0,37,37,1.0
nose,16,21,37,0.568
lq,25,12,37,0.324
grasp,27,10,37,0.27
incest,1,36,37,0.973
nude,0,37,37,1.0
immens,19,18,37,0.486
insuranceiq,0,37,37,1.0
cartoon,4,33,37,0.892
styllsh,0,37,37,1.0
mich,11,26,37,0.703
deter,11,26,37,0.703
hei,1,36,37,0.973
ling,22,15,37,0.405
savag,19,18,37,0.486
herman,21,16,37,0.432
rethink,33,4,37,0.108
ignacio,35,2,37,0.054
bootstrap,9,28,37,0.757
domino,11,26,37,0.703
albeit,30,7,37,0.189
wal,19,18,37,0.486
homeiand,0,37,37,1.0
novelti,2,35,37,0.946
asham,6,31,37,0.838
dialup,3,34,37,0.919
maxwel,26,11,37,0.297
sensibl,17,20,37,0.541
wu,17,20,37,0.541
guilt,3,34,37,0.919
entrepreneuri,29,8,37,0.216
solicitor,9,28,37,0.757
chann,0,37,37,1.0
vc,27,10,37,0.27
vanish,23,14,37,0.378
seper,31,6,37,0.162
surbl,0,37,37,1.0
novel,19,18,37,0.486
hybrid,15,22,37,0.595
poder,0,37,37,1.0
exagger,11,26,37,0.703
infer,12,25,37,0.676
genet,10,27,37,0.73
berni,19,18,37,0.486
hogan,26,11,37,0.297
sanford,29,8,37,0.216
netfon,0,37,37,1.0
tog,0,37,37,1.0
coin,4,33,37,0.892
warrior,18,19,37,0.514
poiand,0,37,37,1.0
grief,2,35,37,0.946
nerv,27,10,37,0.27
rec,32,5,37,0.135
sapphir,1,36,37,0.973
withdrawn,32,5,37,0.135
¯,0,37,37,1.0
freshest,0,37,37,1.0
balfour,21,16,37,0.432
hendrick,0,37,37,1.0
vladi,37,0,37,0.0
drum,6,31,37,0.838
goher,0,37,37,1.0
reck,34,3,37,0.081
daytona,0,37,37,1.0
lodgepol,0,37,37,1.0
heel,19,18,37,0.486
adoni,30,7,37,0.189
bronco,0,37,37,1.0
fruitless,1,36,37,0.973
mallori,27,10,37,0.27
signoff,36,0,36,0.0
hubbard,29,7,36,0.194
violenc,4,32,36,0.889
substantia,0,36,36,1.0
hsbc,21,15,36,0.417
bahama,11,25,36,0.694
airway,19,17,36,0.472
underground,16,20,36,0.556
endow,14,22,36,0.611
shower,8,28,36,0.778
ui,8,28,36,0.778
ell,0,36,36,1.0
friedman,27,9,36,0.25
seng,5,31,36,0.861
ock,1,35,36,0.972
piggyback,7,29,36,0.806
carryov,30,6,36,0.167
oranjestad,0,36,36,1.0
previousiy,0,36,36,1.0
headset,0,36,36,1.0
pile,17,19,36,0.528
lightli,12,24,36,0.667
rao,35,1,36,0.028
piant,1,35,36,0.972
swallow,15,21,36,0.583
pearson,30,6,36,0.167
intrins,25,11,36,0.306
addict,4,32,36,0.889
standalon,9,27,36,0.75
spacer,0,36,36,1.0
sao,27,9,36,0.25
registri,10,26,36,0.722
hutchinson,29,7,36,0.194
repriev,24,12,36,0.333
fiow,0,36,36,1.0
hayward,1,35,36,0.972
thindata,0,36,36,1.0
tholan,36,0,36,0.0
denis,26,10,36,0.278
disadvantag,27,9,36,0.25
phenomenon,3,33,36,0.917
agua,31,5,36,0.139
eng,8,28,36,0.778
aiiti,0,36,36,1.0
appointe,26,10,36,0.278
dispar,9,27,36,0.75
montgomeri,15,21,36,0.583
dub,7,29,36,0.806
incluy,0,36,36,1.0
enviar,0,36,36,1.0
facial,2,34,36,0.944
perish,5,31,36,0.861
yourselv,15,21,36,0.583
sabin,28,8,36,0.222
camden,23,13,36,0.361
caddi,0,36,36,1.0
tick,25,11,36,0.306
connevey,36,0,36,0.0
teijin,36,0,36,0.0
eletrnico,0,36,36,1.0
chandeli,0,36,36,1.0
protein,0,36,36,1.0
gram,10,26,36,0.722
clout,31,5,36,0.139
heip,0,36,36,1.0
elector,2,34,36,0.944
bpl,1,35,36,0.972
ric,5,31,36,0.861
ornament,0,36,36,1.0
rutger,35,1,36,0.028
cradl,1,35,36,0.972
siam,32,4,36,0.111
honey,11,25,36,0.694
coalb,4,32,36,0.889
breed,11,25,36,0.694
solidifi,11,25,36,0.694
coton,1,35,36,0.972
earmark,16,20,36,0.556
slaughter,16,20,36,0.556
divin,4,32,36,0.889
dincerl,36,0,36,0.0
flanagan,26,10,36,0.278
boon,12,24,36,0.667
wiliiam,0,36,36,1.0
civic,23,13,36,0.361
uranium,0,36,36,1.0
depositor,3,33,36,0.917
tonk,5,31,36,0.861
outdoor,14,22,36,0.611
goodwil,21,15,36,0.417
betti,21,15,36,0.417
ucla,26,10,36,0.278
jv,30,6,36,0.167
specialiy,0,36,36,1.0
someday,6,30,36,0.833
revok,16,20,36,0.556
assort,9,27,36,0.75
cmo,6,30,36,0.833
milwauke,25,11,36,0.306
pd,17,19,36,0.528
instabl,12,24,36,0.667
expressli,22,14,36,0.389
forego,19,17,36,0.472
bender,0,36,36,1.0
datacent,0,36,36,1.0
é,0,36,36,1.0
sack,24,12,36,0.333
rodeo,23,13,36,0.361
shelton,14,22,36,0.611
hyde,26,10,36,0.278
heartland,36,0,36,0.0
cecil,22,14,36,0.389
clifford,25,11,36,0.306
voltag,20,16,36,0.444
resultado,0,36,36,1.0
pastor,5,31,36,0.861
gruesen,36,0,36,0.0
cation,0,36,36,1.0
recoup,35,1,36,0.028
autonom,8,28,36,0.778
cobra,11,25,36,0.694
lnl,19,17,36,0.472
attest,5,31,36,0.861
cyclist,0,36,36,1.0
alm,1,35,36,0.972
torch,32,4,36,0.111
banist,3,33,36,0.917
outstandinq,0,36,36,1.0
outdat,28,8,36,0.222
takriti,36,0,36,0.0
kennedi,16,20,36,0.556
tor,7,29,36,0.806
esourc,35,1,36,0.028
drain,22,14,36,0.389
crandal,27,9,36,0.25
freeli,17,19,36,0.528
homestead,20,16,36,0.444
binder,33,3,36,0.083
hoffman,26,10,36,0.278
proletariat,0,36,36,1.0
heath,24,12,36,0.333
voc,2,34,36,0.944
induc,17,19,36,0.528
shelf,13,23,36,0.639
beij,5,31,36,0.861
replenish,5,31,36,0.861
inadvert,24,12,36,0.333
huber,24,12,36,0.333
fundrais,22,14,36,0.389
hunger,6,30,36,0.833
wenn,6,30,36,0.833
grim,30,6,36,0.167
valeria,35,1,36,0.028
bee,11,25,36,0.694
homework,11,25,36,0.694
uso,0,36,36,1.0
charybdi,0,36,36,1.0
unbundl,35,0,35,0.0
dublin,15,20,35,0.571
wk,9,26,35,0.743
flee,20,15,35,0.429
bravo,21,14,35,0.4
año,0,35,35,1.0
bureaucrat,17,18,35,0.514
werner,24,11,35,0.314
argentin,34,1,35,0.029
activist,31,4,35,0.114
mccullough,31,4,35,0.114
canopi,1,34,35,0.971
casey,23,12,35,0.343
crook,23,12,35,0.343
chummi,1,34,35,0.971
marketpiac,0,35,35,1.0
taker,12,23,35,0.657
boyl,25,10,35,0.286
celeron,0,35,35,1.0
watcher,20,15,35,0.429
ewc,35,0,35,0.0
ctc,31,4,35,0.114
heretofor,1,34,35,0.971
isguit,0,35,35,1.0
invstment,0,35,35,1.0
igt,0,35,35,1.0
dreyfuss,0,35,35,1.0
pharma,4,31,35,0.886
comcast,9,26,35,0.743
convuls,0,35,35,1.0
pex,0,35,35,1.0
virtualiy,0,35,35,1.0
ici,3,32,35,0.914
ebit,34,1,35,0.029
oberg,35,0,35,0.0
lap,14,21,35,0.6
información,0,35,35,1.0
mcgraw,29,6,35,0.171
pple,0,35,35,1.0
cleveland,15,20,35,0.571
twist,19,16,35,0.457
pope,15,20,35,0.571
scotland,14,21,35,0.6
amigo,0,35,35,1.0
lara,31,4,35,0.114
zonal,6,29,35,0.829
racicot,35,0,35,0.0
dime,7,28,35,0.8
dayao,35,0,35,0.0
haircut,26,9,35,0.257
naphtha,35,0,35,0.0
baptist,6,29,35,0.829
msp,4,31,35,0.886
mbit,0,35,35,1.0
hoop,17,18,35,0.514
leather,6,29,35,0.829
shrivastava,35,0,35,0.0
dirt,5,30,35,0.857
amadeu,23,12,35,0.343
vanderbilt,30,5,35,0.143
etrex,0,35,35,1.0
cattl,2,33,35,0.943
priorit,35,0,35,0.0
fiction,22,13,35,0.371
odonnel,34,1,35,0.029
falcon,17,18,35,0.514
cascad,22,13,35,0.371
kl,9,26,35,0.743
confin,9,26,35,0.743
scratch,15,20,35,0.571
tempt,13,22,35,0.629
johnni,17,18,35,0.514
outing,26,9,35,0.257
telfono,0,35,35,1.0
aunt,2,33,35,0.943
scari,22,13,35,0.371
milk,15,20,35,0.571
superfast,0,35,35,1.0
samantha,32,3,35,0.086
cochran,2,33,35,0.943
stride,29,6,35,0.171
crib,2,33,35,0.943
colin,30,5,35,0.143
meteorologist,35,0,35,0.0
carlton,22,13,35,0.371
jeopard,24,11,35,0.314
linden,28,7,35,0.2
parra,33,2,35,0.057
preston,21,14,35,0.4
fp,19,16,35,0.457
gramm,29,6,35,0.171
avec,0,35,35,1.0
offend,13,22,35,0.629
fanni,22,13,35,0.371
brambl,0,35,35,1.0
nesanet,35,0,35,0.0
mlcro,0,35,35,1.0
sara,22,13,35,0.371
fraser,32,3,35,0.086
cloudburst,0,35,35,1.0
hydrogen,9,26,35,0.743
hectic,27,8,35,0.229
sprang,1,34,35,0.971
zhendong,35,0,35,0.0
cheyenn,5,30,35,0.857
darden,33,2,35,0.057
centera,0,35,35,1.0
viewstori,35,0,35,0.0
vf,15,20,35,0.571
forestri,4,31,35,0.886
alatorr,35,0,35,0.0
designe,35,0,35,0.0
abut,1,34,35,0.971
manuel,11,24,35,0.686
sailor,1,34,35,0.971
sigma,16,19,35,0.543
esto,0,35,35,1.0
imperson,0,35,35,1.0
philosoph,4,31,35,0.886
mercuri,25,10,35,0.286
pico,35,0,35,0.0
kumar,35,0,35,0.0
cloak,6,29,35,0.829
opaqu,31,4,35,0.114
securitiesact,0,35,35,1.0
qood,0,35,35,1.0
grey,12,23,35,0.657
maruti,35,0,35,0.0
realtor,6,29,35,0.829
bingo,2,33,35,0.943
baselin,11,24,35,0.686
gender,3,32,35,0.914
parkway,29,6,35,0.171
mu,8,27,35,0.771
sovereign,26,9,35,0.257
ul,1,34,35,0.971
silberstein,0,35,35,1.0
rand,2,33,35,0.943
aphrodisia,0,35,35,1.0
consuit,0,35,35,1.0
bm,24,11,35,0.314
gloss,10,25,35,0.714
spear,14,21,35,0.6
schroeder,32,3,35,0.086
derecho,0,35,35,1.0
uhc,32,3,35,0.086
invad,1,34,35,0.971
fieid,0,35,35,1.0
halv,18,17,35,0.486
scotia,14,21,35,0.6
kingsley,26,8,34,0.235
buffet,16,18,34,0.529
souza,32,2,34,0.059
packaq,0,34,34,1.0
scout,20,14,34,0.412
zodiac,0,34,34,1.0
arroyo,1,33,34,0.971
rica,3,31,34,0.912
geller,34,0,34,0.0
biota,0,34,34,1.0
ravag,0,34,34,1.0
enviada,0,34,34,1.0
misunderstand,13,21,34,0.618
diflucan,0,34,34,1.0
hacer,0,34,34,1.0
ak,5,29,34,0.853
ikenberri,34,0,34,0.0
workplac,27,7,34,0.206
eex,33,1,34,0.029
peso,24,10,34,0.294
nnpc,0,34,34,1.0
oquinn,34,0,34,0.0
speck,2,32,34,0.941
tradestar,0,34,34,1.0
securit,30,4,34,0.118
direccion,0,34,34,1.0
baitic,0,34,34,1.0
lnstant,0,34,34,1.0
dass,3,31,34,0.912
gym,6,28,34,0.824
synchron,7,27,34,0.794
luv,2,32,34,0.941
oferta,0,34,34,1.0
platelet,4,30,34,0.882
abnorm,7,27,34,0.794
rfc,25,9,34,0.265
doveki,0,34,34,1.0
alfr,10,24,34,0.706
iacut,0,34,34,1.0
longz,0,34,34,1.0
abruptli,31,3,34,0.088
hcl,0,34,34,1.0
saint,10,24,34,0.706
handout,29,5,34,0.147
lemmon,31,3,34,0.088
huntley,1,33,34,0.971
mcnamara,32,2,34,0.059
soil,4,30,34,0.882
nokia,24,10,34,0.294
cockcrow,0,34,34,1.0
denomin,18,16,34,0.471
orphanag,0,34,34,1.0
isquit,0,34,34,1.0
adobechoos,0,34,34,1.0
fcc,5,29,34,0.853
cop,7,27,34,0.794
kilowatt,25,9,34,0.265
cleanup,15,19,34,0.559
needham,0,34,34,1.0
bentley,24,10,34,0.294
canaan,0,34,34,1.0
issuer,24,10,34,0.294
ashcroft,34,0,34,0.0
robe,1,33,34,0.971
alicia,17,17,34,0.5
,34,0,34,0.0
acumen,12,22,34,0.647
ju,0,34,34,1.0
wf,14,20,34,0.588
emil,0,34,34,1.0
irm,6,28,34,0.824
dismal,21,13,34,0.382
grill,20,14,34,0.412
nueva,0,34,34,1.0
vida,0,34,34,1.0
recurso,0,34,34,1.0
bt,12,22,34,0.647
subsid,31,3,34,0.088
recreat,13,21,34,0.618
goto,3,31,34,0.912
youyi,34,0,34,0.0
benifit,4,30,34,0.882
downfal,22,12,34,0.353
butalbit,0,34,34,1.0
agav,26,8,34,0.235
afro,0,34,34,1.0
weldon,32,2,34,0.059
quanta,23,11,34,0.324
jez,33,1,34,0.029
vlagr,0,34,34,1.0
prolifer,24,10,34,0.294
microsoftchoos,0,34,34,1.0
jog,17,17,34,0.5
dentur,0,34,34,1.0
virtuaiiy,0,34,34,1.0
clash,13,21,34,0.618
bellow,5,29,34,0.853
swaziland,0,34,34,1.0
cheerlead,13,21,34,0.618
arafat,2,32,34,0.941
crania,0,34,34,1.0
creditwatch,34,0,34,0.0
supp,32,2,34,0.059
committeemen,0,34,34,1.0
captiv,15,19,34,0.559
stolen,19,15,34,0.441
valdez,34,0,34,0.0
bodybuild,0,34,34,1.0
lindholm,32,2,34,0.059
gpcm,34,0,34,0.0
boyd,20,14,34,0.412
groceri,17,17,34,0.5
timeinc,34,0,34,0.0
bul,0,34,34,1.0
burnham,26,8,34,0.235
tit,2,32,34,0.941
punch,19,15,34,0.441
lisst,0,34,34,1.0
bray,13,21,34,0.618
mejor,0,34,34,1.0
coulter,12,22,34,0.647
overdyk,34,0,34,0.0
lmb,0,34,34,1.0
crankcas,0,34,34,1.0
connot,5,29,34,0.853
rag,10,24,34,0.706
smelter,32,2,34,0.059
buss,22,12,34,0.353
greenfield,24,10,34,0.294
rockhard,0,34,34,1.0
sharron,32,2,34,0.059
ite,2,32,34,0.941
insan,3,31,34,0.912
innogi,34,0,34,0.0
illumin,2,32,34,0.941
coffer,13,21,34,0.618
vintag,25,9,34,0.265
lling,0,34,34,1.0
aliuum,0,34,34,1.0
isva,0,34,34,1.0
tsunami,0,34,34,1.0
lndesiqn,0,34,34,1.0
galveston,28,6,34,0.176
greenberg,21,13,34,0.382
rascal,0,34,34,1.0
enact,24,10,34,0.294
probiem,0,34,34,1.0
indoor,15,19,34,0.559
kn,20,14,34,0.412
pharmacist,0,34,34,1.0
alberto,17,17,34,0.5
tenth,19,15,34,0.441
greedi,2,32,34,0.941
qu,0,34,34,1.0
fn,10,24,34,0.706
dwarf,17,17,34,0.5
keiser,34,0,34,0.0
handbag,0,34,34,1.0
acintosh,0,34,34,1.0
scam,10,24,34,0.706
dusk,0,34,34,1.0
ciaalii,0,34,34,1.0
abat,5,29,34,0.853
junctur,6,28,34,0.824
unresolv,34,0,34,0.0
kristina,32,2,34,0.059
cyberhand,0,34,34,1.0
reproduc,14,19,33,0.576
anecdot,11,22,33,0.667
abhor,1,32,33,0.97
unawar,23,10,33,0.303
bakk,33,0,33,0.0
godpar,0,33,33,1.0
djcustomclip,33,0,33,0.0
spni,0,33,33,1.0
amatu,0,33,33,1.0
newport,12,21,33,0.636
entail,23,10,33,0.303
stub,29,4,33,0.121
cauley,33,0,33,0.0
coaib,0,33,33,1.0
chanq,0,33,33,1.0
janic,24,9,33,0.273
conoc,0,33,33,1.0
offr,0,33,33,1.0
facsimil,23,10,33,0.303
dulc,33,0,33,0.0
nh,7,26,33,0.788
doldrum,7,26,33,0.788
notat,17,16,33,0.485
concis,14,19,33,0.576
mane,7,26,33,0.788
kaiser,28,5,33,0.152
deb,27,6,33,0.182
confrer,0,33,33,1.0
lpt,0,33,33,1.0
shortcut,8,25,33,0.758
overtim,31,2,33,0.061
ree,2,31,33,0.939
sureti,26,7,33,0.212
burdock,0,33,33,1.0
mei,22,11,33,0.333
sbc,33,0,33,0.0
herald,13,20,33,0.606
skel,0,33,33,1.0
normativa,0,33,33,1.0
ming,31,2,33,0.061
mcauliff,33,0,33,0.0
decre,3,30,33,0.909
dod,4,29,33,0.879
brex,0,33,33,1.0
utterli,2,31,33,0.939
ding,23,10,33,0.303
ballet,12,21,33,0.636
owa,33,0,33,0.0
calori,0,33,33,1.0
decim,9,24,33,0.727
brm,33,0,33,0.0
detroit,14,19,33,0.576
hint,16,17,33,0.515
hayslett,33,0,33,0.0
wester,22,11,33,0.333
padr,19,14,33,0.424
piguet,0,33,33,1.0
rosemari,18,15,33,0.455
arco,29,4,33,0.121
milli,18,15,33,0.455
cryobank,0,33,33,1.0
soli,20,13,33,0.394
handicap,11,22,33,0.667
rosenfield,33,0,33,0.0
brandi,20,13,33,0.394
condon,9,24,33,0.727
fur,0,33,33,1.0
sweeten,3,30,33,0.909
solar,18,15,33,0.455
biographi,18,15,33,0.455
telephoni,16,17,33,0.515
overflow,29,4,33,0.121
felicia,25,8,33,0.242
bud,6,27,33,0.818
nave,4,29,33,0.879
iva,0,33,33,1.0
speciaiiz,0,33,33,1.0
burberri,13,20,33,0.606
cyclen,0,33,33,1.0
ciss,0,33,33,1.0
euridyc,0,33,33,1.0
swim,6,27,33,0.818
ide,2,31,33,0.939
yh,0,33,33,1.0
liaison,26,7,33,0.212
temp,21,12,33,0.364
crumbl,25,8,33,0.242
refurbish,7,26,33,0.788
salaam,0,33,33,1.0
mozilla,21,12,33,0.364
ecf,33,0,33,0.0
nonetheless,22,11,33,0.333
mer,15,18,33,0.545
jail,11,22,33,0.667
kri,24,9,33,0.273
cameron,16,17,33,0.515
buildinq,0,33,33,1.0
equit,20,13,33,0.394
druzbik,33,0,33,0.0
medzon,0,33,33,1.0
crush,13,20,33,0.606
phi,27,6,33,0.182
ballpark,32,1,33,0.03
indonesia,9,24,33,0.727
ngl,33,0,33,0.0
grubman,33,0,33,0.0
garrison,26,7,33,0.212
afa,3,30,33,0.909
pretend,6,27,33,0.818
kmi,33,0,33,0.0
ccffo,0,33,33,1.0
covari,12,21,33,0.636
impati,23,10,33,0.303
castaneda,32,1,33,0.03
repeal,24,9,33,0.273
harden,9,24,33,0.727
gort,33,0,33,0.0
celeb,0,33,33,1.0
sniffex,0,33,33,1.0
perfor,1,32,33,0.97
refrain,22,11,33,0.333
department,23,10,33,0.303
audemar,0,33,33,1.0
conceptu,19,14,33,0.424
wsmi,0,33,33,1.0
codein,0,33,33,1.0
viper,0,33,33,1.0
melhor,0,33,33,1.0
cnt,33,0,33,0.0
cbn,0,33,33,1.0
tt,10,23,33,0.697
engel,26,7,33,0.212
stox,0,33,33,1.0
univ,30,3,33,0.091
unrecogn,0,33,33,1.0
edf,33,0,33,0.0
finder,4,29,33,0.879
wellbutrin,0,33,33,1.0
din,0,33,33,1.0
busca,0,33,33,1.0
otro,0,33,33,1.0
bamako,0,33,33,1.0
sooma,0,33,33,1.0
realtim,32,1,33,0.03
clement,16,17,33,0.515
wellesley,30,3,33,0.091
rodger,20,13,33,0.394
nbp,33,0,33,0.0
tide,17,16,33,0.485
reconsid,28,5,33,0.152
tlapek,33,0,33,0.0
esaibo,33,0,33,0.0
labour,12,21,33,0.636
rein,11,22,33,0.667
shave,17,16,33,0.485
vagu,21,12,33,0.364
twin,8,25,33,0.758
zajac,33,0,33,0.0
yu,14,19,33,0.576
mpr,32,1,33,0.03
vinobi,0,33,33,1.0
ja,11,22,33,0.667
sk,22,11,33,0.333
akin,17,16,33,0.485
ev,4,29,33,0.879
sehr,7,26,33,0.788
clinch,5,28,33,0.848
unidentifi,33,0,33,0.0
wildfir,0,33,33,1.0
salut,14,19,33,0.576
ruan,33,0,33,0.0
depriv,11,22,33,0.667
regan,32,1,33,0.03
reflnanc,0,33,33,1.0
energycentr,33,0,33,0.0
thee,1,32,33,0.97
parachut,18,15,33,0.455
doctrin,13,20,33,0.606
ammonia,26,7,33,0.212
gsb,32,0,32,0.0
wh,8,24,32,0.75
lana,26,6,32,0.188
fusion,19,13,32,0.406
kj,0,32,32,1.0
petri,29,3,32,0.094
filenam,24,8,32,0.25
regi,9,23,32,0.719
yea,0,32,32,1.0
explicitli,29,3,32,0.094
mccracken,26,6,32,0.188
discard,7,25,32,0.781
schwieger,32,0,32,0.0
pit,18,14,32,0.438
vaniqa,0,32,32,1.0
beard,15,17,32,0.531
vicent,31,1,32,0.031
shebanow,0,32,32,1.0
toss,13,19,32,0.594
sensat,4,28,32,0.875
spice,3,29,32,0.906
rosen,31,1,32,0.031
prescrlption,0,32,32,1.0
elder,7,25,32,0.781
pid,2,30,32,0.938
spp,32,0,32,0.0
discharg,19,13,32,0.406
moran,28,4,32,0.125
moval,0,32,32,1.0
duel,16,16,32,0.5
transmitt,4,28,32,0.875
landmark,11,21,32,0.656
refid,5,27,32,0.844
nezi,32,0,32,0.0
af,1,31,32,0.969
vvatch,0,32,32,1.0
portrait,6,26,32,0.812
undergo,17,15,32,0.469
raul,24,8,32,0.25
ewe,3,29,32,0.906
colonel,0,32,32,1.0
emb,6,26,32,0.812
spiritu,4,28,32,0.875
aboard,14,18,32,0.562
orbit,11,21,32,0.656
abdv,0,32,32,1.0
fischer,25,7,32,0.219
ghost,5,27,32,0.844
fioat,0,32,32,1.0
supposedli,28,4,32,0.125
suarez,27,5,32,0.156
diari,19,13,32,0.406
forex,10,22,32,0.688
wy,9,23,32,0.719
bookstor,6,26,32,0.812
swept,21,11,32,0.344
famvir,0,32,32,1.0
fist,3,29,32,0.906
estrada,15,17,32,0.531
demagnifi,0,32,32,1.0
levin,15,17,32,0.531
informationto,0,32,32,1.0
carlyl,17,15,32,0.469
rubbl,3,29,32,0.906
fulton,12,20,32,0.625
thumb,20,12,32,0.375
fia,0,32,32,1.0
avers,6,26,32,0.812
precio,1,31,32,0.969
remuner,3,29,32,0.906
tsl,0,32,32,1.0
bitter,22,10,32,0.312
gradi,25,7,32,0.219
mat,13,19,32,0.594
omar,31,1,32,0.031
puzzl,13,19,32,0.594
windfal,24,8,32,0.25
sip,0,32,32,1.0
fiuctuat,0,32,32,1.0
fragil,14,18,32,0.562
ww,4,28,32,0.875
zanaflex,0,32,32,1.0
thesepow,0,32,32,1.0
wefa,32,0,32,0.0
esai,32,0,32,0.0
smallcap,0,32,32,1.0
heavyweight,18,14,32,0.438
ash,4,28,32,0.875
participant,1,31,32,0.969
questionair,7,25,32,0.781
improp,26,6,32,0.188
vlgr,0,32,32,1.0
elsb,32,0,32,0.0
roar,7,25,32,0.781
roi,1,31,32,0.969
extractor,0,32,32,1.0
amic,19,13,32,0.406
vdg,0,32,32,1.0
mmcfd,30,2,32,0.062
ratifi,7,25,32,0.781
harper,13,19,32,0.594
completa,0,32,32,1.0
stink,13,19,32,0.594
iook,0,32,32,1.0
westminst,0,32,32,1.0
reassign,29,3,32,0.094
ffa,0,32,32,1.0
econometr,22,10,32,0.312
gdi,27,5,32,0.156
jealou,7,25,32,0.781
angola,0,32,32,1.0
unchristian,0,32,32,1.0
informa,0,32,32,1.0
amit,29,3,32,0.094
cla,6,26,32,0.812
simpler,23,9,32,0.281
workload,26,6,32,0.188
metr,6,26,32,0.812
oportunidad,0,32,32,1.0
crescent,4,28,32,0.875
rivera,26,6,32,0.188
sdsnom,32,0,32,0.0
coher,3,29,32,0.906
seba,32,0,32,0.0
analges,0,32,32,1.0
bloomfield,24,8,32,0.25
subordin,32,0,32,0.0
uit,0,32,32,1.0
zigzag,1,31,32,0.969
exil,0,32,32,1.0
sdg,31,1,32,0.031
cynic,10,22,32,0.688
instail,0,32,32,1.0
cyclobenzaprin,0,32,32,1.0
finalis,30,2,32,0.062
girth,0,32,32,1.0
hudson,26,6,32,0.188
overweight,6,26,32,0.812
emshwil,32,0,32,0.0
defeat,12,20,32,0.625
embark,8,24,32,0.75
erica,28,4,32,0.125
wick,3,29,32,0.906
utilis,30,2,32,0.062
overpay,11,21,32,0.656
chest,7,25,32,0.781
doll,9,23,32,0.719
queue,19,13,32,0.406
chalcocit,0,32,32,1.0
ackerman,21,11,32,0.344
cowtrap,32,0,32,0.0
faiz,32,0,32,0.0
nexium,0,32,32,1.0
capitol,25,7,32,0.219
geoffrey,11,21,32,0.656
cellulit,0,32,32,1.0
acyclovir,0,32,32,1.0
tiempo,0,32,32,1.0
assault,11,21,32,0.656
carn,24,8,32,0.25
nod,8,24,32,0.75
barnard,26,6,32,0.188
nx,4,28,32,0.875
stepp,1,31,32,0.969
legend,19,13,32,0.406
canm,0,32,32,1.0
miieston,0,32,32,1.0
mordaunt,32,0,32,0.0
irrit,6,26,32,0.812
preço,0,32,32,1.0
exodu,23,9,32,0.281
noch,1,31,32,0.969
darin,29,3,32,0.094
bootleg,1,31,32,0.969
mainstream,6,26,32,0.812
merck,20,12,32,0.375
hasta,0,32,32,1.0
vent,19,12,31,0.387
softnet,0,31,31,1.0
playback,18,13,31,0.419
sybas,27,4,31,0.129
fuer,16,15,31,0.484
theodor,24,7,31,0.226
gerent,0,31,31,1.0
candl,6,25,31,0.806
hearst,27,4,31,0.129
skelaxin,0,31,31,1.0
undeliver,2,29,31,0.935
cleans,5,26,31,0.839
etring,31,0,31,0.0
surveil,8,23,31,0.742
baum,19,12,31,0.387
zzzz,0,31,31,1.0
apac,1,30,31,0.968
tenant,10,21,31,0.677
contigu,7,24,31,0.774
blanch,2,29,31,0.935
trainer,17,14,31,0.452
kwi,31,0,31,0.0
calumni,1,30,31,0.968
milan,2,29,31,0.935
bello,1,30,31,0.968
comprehend,2,29,31,0.935
wirelessli,0,31,31,1.0
zum,7,24,31,0.774
furnac,0,31,31,1.0
bupropion,0,31,31,1.0
proxim,13,18,31,0.581
apapl,0,31,31,1.0
piraci,0,31,31,1.0
haunt,14,17,31,0.548
knox,23,8,31,0.258
rlce,0,31,31,1.0
counselor,5,26,31,0.839
cashier,1,30,31,0.968
airplan,13,18,31,0.581
alstom,31,0,31,0.0
countless,7,24,31,0.774
semperg,31,0,31,0.0
domingo,8,23,31,0.742
guarant,0,31,31,1.0
rave,10,21,31,0.677
scholt,31,0,31,0.0
resili,26,5,31,0.161
dispel,10,21,31,0.677
habe,0,31,31,1.0
jeanett,23,8,31,0.258
playoff,4,27,31,0.871
yang,26,5,31,0.161
fd,8,23,31,0.742
lj,8,23,31,0.742
ari,15,16,31,0.516
esgic,0,31,31,1.0
siguient,0,31,31,1.0
eav,0,31,31,1.0
detach,5,26,31,0.839
nettelton,31,0,31,0.0
nest,12,19,31,0.613
outstandlng,0,31,31,1.0
dupe,0,31,31,1.0
hacker,7,24,31,0.774
ort,0,31,31,1.0
pacificorp,31,0,31,0.0
sheer,7,24,31,0.774
lazi,1,30,31,0.968
harmoni,1,30,31,0.968
tussioneex,0,31,31,1.0
npv,31,0,31,0.0
sideeffect,0,31,31,1.0
wie,0,31,31,1.0
blackjack,1,30,31,0.968
irremov,0,31,31,1.0
ley,3,28,31,0.903
substant,28,3,31,0.097
datren,31,0,31,0.0
rowspan,0,31,31,1.0
bakersfield,13,18,31,0.581
zebut,0,31,31,1.0
reza,10,21,31,0.677
mcclure,25,6,31,0.194
gottesdien,31,0,31,0.0
panama,17,14,31,0.452
quartz,0,31,31,1.0
oxford,20,11,31,0.355
brag,8,23,31,0.742
withheld,16,15,31,0.484
lyric,3,28,31,0.903
communic,0,31,31,1.0
lpplng,0,31,31,1.0
evra,0,31,31,1.0
impass,5,26,31,0.839
hopeless,3,28,31,0.903
lastli,20,11,31,0.355
acquiesc,3,28,31,0.903
xll,28,3,31,0.097
foreman,1,30,31,0.968
baptism,1,30,31,0.968
deiiver,0,31,31,1.0
surrend,7,24,31,0.774
payoff,18,13,31,0.419
realign,29,2,31,0.065
santo,8,23,31,0.742
ete,6,25,31,0.806
flextra,0,31,31,1.0
nathaniel,0,31,31,1.0
ptc,3,28,31,0.903
oval,2,29,31,0.935
colgat,13,18,31,0.581
urbanek,31,0,31,0.0
cove,23,8,31,0.258
pine,25,6,31,0.194
sera,22,9,31,0.29
flexeril,0,31,31,1.0
polem,0,31,31,1.0
hugo,17,14,31,0.452
burgeon,8,23,31,0.742
triphasil,0,31,31,1.0
alley,15,16,31,0.516
amongth,0,31,31,1.0
decommiss,22,9,31,0.29
anax,0,31,31,1.0
tenuat,0,31,31,1.0
unti,2,29,31,0.935
beginn,5,26,31,0.839
overhaul,29,2,31,0.065
gbm,31,0,31,0.0
conceito,0,31,31,1.0
arlen,7,24,31,0.774
ionamin,0,31,31,1.0
bardzo,31,0,31,0.0
eavesdrop,1,30,31,0.968
obsolet,12,19,31,0.613
turk,1,30,31,0.968
unservic,0,31,31,1.0
wolak,31,0,31,0.0
firmli,14,17,31,0.548
focuss,21,10,31,0.323
ocal,0,31,31,1.0
broadway,13,18,31,0.581
cab,13,18,31,0.581
nal,0,31,31,1.0
rack,17,14,31,0.452
overload,25,6,31,0.194
gilli,29,2,31,0.065
lauer,31,0,31,0.0
varou,0,31,31,1.0
adequaci,18,13,31,0.419
pellecchia,31,0,31,0.0
meritocraci,31,0,31,0.0
nu,13,18,31,0.581
beng,0,31,31,1.0
cutler,22,9,31,0.29
sunshin,19,12,31,0.387
nevil,31,0,31,0.0
quickest,6,25,31,0.806
businessman,5,26,31,0.839
jacket,9,22,31,0.71
annul,0,31,31,1.0
vitamin,1,30,31,0.968
fay,18,13,31,0.419
collegi,8,23,31,0.742
cyberspac,4,27,31,0.871
leo,11,20,31,0.645
blew,12,19,31,0.613
heap,14,17,31,0.548
equivil,0,31,31,1.0
tackl,22,9,31,0.29
kaplan,25,6,31,0.194
kenn,31,0,31,0.0
redeploy,27,4,31,0.129
popup,5,26,31,0.839
sunris,14,17,31,0.548
kraft,22,9,31,0.29
infring,13,18,31,0.581
enfant,0,31,31,1.0
nayan,31,0,31,0.0
redhead,0,31,31,1.0
hooser,31,0,31,0.0
kilgor,23,8,31,0.258
knee,6,25,31,0.806
irv,13,18,31,0.581
sfx,0,31,31,1.0
deiray,0,31,31,1.0
congresso,0,31,31,1.0
embedd,0,31,31,1.0
vulner,23,8,31,0.258
tragic,19,12,31,0.387
booster,6,25,31,0.806
intermediari,16,15,31,0.484
dimitri,11,20,31,0.645
constitu,18,13,31,0.419
murki,23,8,31,0.258
notebookplu,0,31,31,1.0
falter,20,11,31,0.355
indianapoli,5,26,31,0.839
diaz,23,8,31,0.258
dattani,31,0,31,0.0
ghosh,31,0,31,0.0
ture,1,30,31,0.968
mxl,0,31,31,1.0
xiao,29,2,31,0.065
eot,30,1,31,0.032
eis,0,31,31,1.0
saguaro,24,7,31,0.226
dole,2,28,30,0.933
xi,1,29,30,0.967
xavier,1,29,30,0.967
zapata,29,1,30,0.033
washbowl,0,30,30,1.0
whitehead,22,8,30,0.267
cethr,0,30,30,1.0
pickup,4,26,30,0.867
ireand,0,30,30,1.0
equilibrium,21,9,30,0.3
citrat,0,30,30,1.0
cryptogram,0,30,30,1.0
scarc,15,15,30,0.5
canyon,13,17,30,0.567
underscor,29,1,30,0.033
badeer,30,0,30,0.0
biliana,30,0,30,0.0
orphan,5,25,30,0.833
pinnaci,0,30,30,1.0
ditch,13,17,30,0.567
trevor,28,2,30,0.067
sund,30,0,30,0.0
ldwi,0,30,30,1.0
greas,2,28,30,0.933
myrrh,0,30,30,1.0
impuls,4,26,30,0.867
slap,26,4,30,0.133
shook,9,21,30,0.7
tuition,17,13,30,0.433
eetim,0,30,30,1.0
aec,30,0,30,0.0
shrug,20,10,30,0.333
loud,8,22,30,0.733
overli,24,6,30,0.2
thailand,5,25,30,0.833
skype,0,30,30,1.0
mississippi,17,13,30,0.433
objetivo,0,30,30,1.0
eyebrow,8,22,30,0.733
gwit,0,30,30,1.0
dem,10,20,30,0.667
bathtub,0,30,30,1.0
gallant,0,30,30,1.0
debrief,14,16,30,0.533
championship,26,4,30,0.133
coursework,13,17,30,0.567
stockbrok,8,22,30,0.733
peterson,14,16,30,0.533
neglig,14,16,30,0.533
nomine,22,8,30,0.267
canal,13,17,30,0.567
heck,9,21,30,0.7
cig,24,6,30,0.2
cogener,30,0,30,0.0
miertschin,30,0,30,0.0
hackney,21,9,30,0.3
serif,0,30,30,1.0
excerpt,14,16,30,0.533
ador,7,23,30,0.767
peek,9,21,30,0.7
hamburg,10,20,30,0.667
evidenc,27,3,30,0.1
almighti,1,29,30,0.967
disdain,9,21,30,0.7
aluminium,21,9,30,0.3
eslon,0,30,30,1.0
dyndn,0,30,30,1.0
fac,22,8,30,0.267
workflow,9,21,30,0.7
deshi,0,30,30,1.0
ppi,30,0,30,0.0
rope,8,22,30,0.733
dodg,8,22,30,0.733
everett,22,8,30,0.267
umebi,0,30,30,1.0
instil,21,9,30,0.3
mend,16,14,30,0.467
marit,2,28,30,0.933
defraud,17,13,30,0.433
willow,26,4,30,0.133
pryor,30,0,30,0.0
lpga,0,30,30,1.0
singh,28,2,30,0.067
boatload,0,30,30,1.0
coil,5,25,30,0.833
toxic,1,29,30,0.967
cleaner,11,19,30,0.633
nutrit,2,28,30,0.933
instali,0,30,30,1.0
jazz,11,19,30,0.633
bergwat,0,30,30,1.0
antibiot,0,30,30,1.0
lubric,0,30,30,1.0
multibillion,24,6,30,0.2
bricklay,0,30,30,1.0
formato,0,30,30,1.0
alic,11,19,30,0.633
nut,7,23,30,0.767
pseg,30,0,30,0.0
mohan,27,3,30,0.1
grandma,6,24,30,0.8
deacero,30,0,30,0.0
conspir,3,27,30,0.9
expel,4,26,30,0.867
shelter,7,23,30,0.767
geror,0,30,30,1.0
shen,29,1,30,0.033
coreldraw,0,30,30,1.0
westcoast,30,0,30,0.0
correio,0,30,30,1.0
kk,4,26,30,0.867
nemec,30,0,30,0.0
hd,5,25,30,0.833
sooth,12,18,30,0.6
mig,0,30,30,1.0
nomor,0,30,30,1.0
curios,4,26,30,0.867
cao,25,5,30,0.167
riversid,21,9,30,0.3
accentu,2,28,30,0.933
atkin,7,23,30,0.767
meridian,13,17,30,0.567
scotti,23,7,30,0.233
yof,0,30,30,1.0
favourit,5,25,30,0.833
eliabl,0,30,30,1.0
novak,1,29,30,0.967
recyci,0,30,30,1.0
gimmecredit,30,0,30,0.0
nosi,0,30,30,1.0
xuald,0,30,30,1.0
hopkin,25,5,30,0.167
disco,2,28,30,0.933
janett,29,1,30,0.033
muni,29,1,30,0.033
neill,23,7,30,0.233
laci,22,8,30,0.267
dietari,3,27,30,0.9
pretax,30,0,30,0.0
beemer,28,2,30,0.067
yosemit,27,3,30,0.1
tampon,0,30,30,1.0
kewl,0,30,30,1.0
darialfont,0,30,30,1.0
codifi,4,26,30,0.867
bretz,30,0,30,0.0
antenna,0,30,30,1.0
renda,26,4,30,0.133
thrive,17,13,30,0.433
quasar,0,30,30,1.0
korean,11,19,30,0.633
housewif,0,30,30,1.0
mathew,14,16,30,0.533
trickl,20,10,30,0.333
ndow,0,30,30,1.0
subtot,30,0,30,0.0
,6,24,30,0.8
deeff,0,30,30,1.0
irrat,18,12,30,0.4
schema,23,7,30,0.233
capacit,0,30,30,1.0
jar,2,28,30,0.933
unbelivabi,0,30,30,1.0
tci,2,28,30,0.933
intrus,2,28,30,0.933
quentin,29,1,30,0.033
nike,8,22,30,0.733
jetzt,1,29,30,0.967
anthropomorph,0,30,30,1.0
shaken,18,12,30,0.4
incon,0,30,30,1.0
unlaw,23,7,30,0.233
poten,30,0,30,0.0
benefic,0,30,30,1.0
ecr,28,2,30,0.067
donni,23,7,30,0.233
interpol,19,11,30,0.367
withdrew,20,10,30,0.333
ttowel,0,30,30,1.0
paleologo,30,0,30,0.0
gosalia,30,0,30,0.0
gwih,0,30,30,1.0
signer,23,7,30,0.233
bancorp,30,0,30,0.0
mulong,30,0,30,0.0
negat,11,19,30,0.633
inaccuraci,15,15,30,0.5
electrolyt,0,30,30,1.0
reilli,28,2,30,0.067
disguis,19,11,30,0.367
beiow,0,30,30,1.0
aspermont,0,30,30,1.0
linear,21,9,30,0.3
powerex,30,0,30,0.0
overa,0,30,30,1.0
coincident,17,13,30,0.433
rmvol,0,30,30,1.0
rovar,30,0,30,0.0
concierg,3,27,30,0.9
prefac,20,10,30,0.333
sonar,0,30,30,1.0
wrigley,1,29,30,0.967
sarco,30,0,30,0.0
harwood,30,0,30,0.0
bonn,9,21,30,0.7
erland,30,0,30,0.0
crtc,0,30,30,1.0
dataset,30,0,30,0.0
ecn,29,1,30,0.033
immediateiy,0,30,30,1.0
welfar,4,26,30,0.867
abbi,13,17,30,0.567
grain,17,13,30,0.433
lm,13,17,30,0.567
riek,30,0,30,0.0
stengel,30,0,30,0.0
unreason,29,1,30,0.033
puget,29,1,30,0.033
bing,7,23,30,0.767
customari,15,15,30,0.5
frantic,12,18,30,0.6
hottlist,0,30,30,1.0
rohauer,30,0,30,0.0
reprint,24,6,30,0.2
moscow,9,21,30,0.7
rosenberg,16,14,30,0.467
burchfield,30,0,30,0.0
broadli,26,4,30,0.133
uraland,0,30,30,1.0
agora,13,17,30,0.567
ug,3,27,30,0.9
rework,26,3,29,0.103
alla,5,24,29,0.828
gagliardi,29,0,29,0.0
hangov,1,28,29,0.966
potter,25,4,29,0.138
sdgl,28,1,29,0.034
chano,29,0,29,0.0
infinit,11,18,29,0.621
absurd,12,17,29,0.586
gallup,24,5,29,0.172
bansal,29,0,29,0.0
felip,27,2,29,0.069
dim,12,17,29,0.586
jenkin,20,9,29,0.31
aii,0,29,29,1.0
lebeau,29,0,29,0.0
shebl,29,0,29,0.0
bauer,21,8,29,0.276
geir,29,0,29,0.0
lintner,0,29,29,1.0
nichol,19,10,29,0.345
supervisori,23,6,29,0.207
midsess,29,0,29,0.0
gustafson,24,5,29,0.172
elementari,16,13,29,0.448
janin,28,1,29,0.034
exert,14,15,29,0.517
portz,29,0,29,0.0
westin,29,0,29,0.0
profici,10,19,29,0.655
karin,24,5,29,0.172
pharmacia,29,0,29,0.0
shit,6,23,29,0.793
chm,0,29,29,1.0
predomin,2,27,29,0.931
thrill,11,18,29,0.621
blanchard,17,12,29,0.414
uncomfort,25,4,29,0.138
emeet,29,0,29,0.0
cough,9,20,29,0.69
tgobk,0,29,29,1.0
excis,2,27,29,0.931
freelotto,0,29,29,1.0
josh,10,19,29,0.655
ascend,5,24,29,0.828
erin,26,3,29,0.103
agel,0,29,29,1.0
amt,19,10,29,0.345
cruz,10,19,29,0.655
tilney,29,0,29,0.0
mock,14,15,29,0.517
lengthen,2,27,29,0.931
havinq,0,29,29,1.0
fled,12,17,29,0.586
graand,0,29,29,1.0
biood,0,29,29,1.0
mesh,8,21,29,0.724
handheldm,0,29,29,1.0
pronounc,15,14,29,0.483
opera,13,16,29,0.552
asst,24,5,29,0.172
amerada,21,8,29,0.276
timepiec,0,29,29,1.0
bog,11,18,29,0.621
stodgi,24,5,29,0.172
dakar,0,29,29,1.0
,29,0,29,0.0
hometown,25,4,29,0.138
whistl,4,25,29,0.862
ejaculaton,0,29,29,1.0
inflict,11,18,29,0.621
brasil,1,28,29,0.966
cecilia,13,16,29,0.552
disciplinari,12,17,29,0.586
gladli,11,18,29,0.621
cordless,0,29,29,1.0
dll,18,11,29,0.379
redlin,29,0,29,0.0
natali,16,13,29,0.448
dlp,1,28,29,0.966
logan,10,19,29,0.655
aba,3,26,29,0.897
isomorph,0,29,29,1.0
ltc,1,28,29,0.966
ereect,0,29,29,1.0
nortel,29,0,29,0.0
fragment,9,20,29,0.69
lyon,24,5,29,0.172
principai,0,29,29,1.0
arsen,4,25,29,0.862
cbsmarketwatch,29,0,29,0.0
peniss,0,29,29,1.0
busiest,19,10,29,0.345
horizont,9,20,29,0.69
parad,8,21,29,0.724
kentucki,6,23,29,0.793
alpin,18,11,29,0.379
groundbreak,1,28,29,0.966
aronowitz,29,0,29,0.0
fuli,0,29,29,1.0
acryl,0,29,29,1.0
collat,5,24,29,0.828
veget,3,26,29,0.897
moussa,0,29,29,1.0
messi,18,11,29,0.379
garment,0,29,29,1.0
vastli,11,18,29,0.621
certificado,0,29,29,1.0
roland,6,23,29,0.793
directiy,0,29,29,1.0
rab,28,1,29,0.034
demur,1,28,29,0.966
stm,1,28,29,0.966
stair,2,27,29,0.931
burgher,13,16,29,0.552
midway,21,8,29,0.276
dora,14,15,29,0.517
munk,29,0,29,0.0
centernbsp,0,29,29,1.0
firefight,11,18,29,0.621
ninth,22,7,29,0.241
manera,3,26,29,0.897
bayport,10,19,29,0.655
darrin,25,4,29,0.138
ranger,26,3,29,0.103
busch,3,26,29,0.897
britt,19,10,29,0.345
iost,0,29,29,1.0
togo,0,29,29,1.0
richest,3,26,29,0.897
nonsens,2,27,29,0.931
bout,7,22,29,0.759
dtomi,0,29,29,1.0
crawford,19,10,29,0.345
schmidt,13,16,29,0.552
enzym,0,29,29,1.0
ledger,27,2,29,0.069
wserv,29,0,29,0.0
plank,21,8,29,0.276
claudio,15,14,29,0.483
combo,9,20,29,0.69
bluish,0,29,29,1.0
receb,0,29,29,1.0
bitch,0,29,29,1.0
balloon,13,16,29,0.552
radiat,7,22,29,0.759
provinci,5,24,29,0.828
nica,2,27,29,0.931
ethanol,3,26,29,0.897
mlcrosoft,0,29,29,1.0
abound,9,20,29,0.69
dauphin,20,9,29,0.31
montovano,29,0,29,0.0
rosi,16,13,29,0.448
goid,0,29,29,1.0
vcd,0,29,29,1.0
gappi,29,0,29,0.0
fasb,29,0,29,0.0
magnific,6,23,29,0.793
disposa,0,29,29,1.0
lli,0,29,29,1.0
bookkeep,21,8,29,0.276
amer,8,21,29,0.724
bernardo,10,19,29,0.655
pub,20,9,29,0.31
repris,17,12,29,0.414
axe,2,27,29,0.931
belinda,26,3,29,0.103
maci,1,28,29,0.966
optra,0,29,29,1.0
dlscreet,0,29,29,1.0
pliant,0,29,29,1.0
sitio,0,29,29,1.0
llodra,29,0,29,0.0
pinto,23,6,29,0.207
aquagen,0,29,29,1.0
entrepreneurship,28,1,29,0.034
eyewar,0,29,29,1.0
myriad,19,10,29,0.345
wrongdo,20,9,29,0.31
adip,0,29,29,1.0
mask,19,10,29,0.345
hawthorn,11,18,29,0.621
happenst,0,29,29,1.0
hdtv,0,29,29,1.0
trauma,0,29,29,1.0
polymeras,0,29,29,1.0
sva,0,29,29,1.0
stead,0,29,29,1.0
cake,12,17,29,0.586
recover,8,21,29,0.724
stealth,13,16,29,0.552
antioch,19,10,29,0.345
conn,19,10,29,0.345
invidi,0,29,29,1.0
casari,29,0,29,0.0
lateiy,0,29,29,1.0
kendal,24,5,29,0.172
gillespi,19,10,29,0.345
sturdi,6,23,29,0.793
teamwork,25,4,29,0.138
tessi,29,0,29,0.0
twit,0,29,29,1.0
dann,2,27,29,0.931
hidalgo,22,7,29,0.241
artpric,0,29,29,1.0
doze,1,28,29,0.966
abreast,14,15,29,0.517
athen,16,13,29,0.448
ipod,0,29,29,1.0
muito,0,29,29,1.0
religion,4,25,29,0.862
locust,22,7,29,0.241
ethan,10,19,29,0.655
abu,12,17,29,0.586
drought,18,11,29,0.379
icici,29,0,29,0.0
eneh,29,0,29,0.0
compuls,1,28,29,0.966
vandenberg,0,29,29,1.0
petti,16,13,29,0.448
guangzhou,0,29,29,1.0
despond,0,29,29,1.0
shortiy,0,29,29,1.0
bedim,0,29,29,1.0
dinari,29,0,29,0.0
inflow,17,12,29,0.414
antoinett,16,13,29,0.448
breathtak,6,23,29,0.793
misl,21,7,28,0.25
redeliv,28,0,28,0.0
illus,7,21,28,0.75
romanc,2,26,28,0.929
jacquelin,16,12,28,0.429
pplng,0,28,28,1.0
eldest,0,28,28,1.0
plea,9,19,28,0.679
timesheet,28,0,28,0.0
kemp,24,4,28,0.143
embodi,8,20,28,0.714
strictest,2,26,28,0.929
mischiev,0,28,28,1.0
divorc,4,24,28,0.857
marco,6,22,28,0.786
broderick,20,8,28,0.286
deferr,12,16,28,0.571
leari,25,3,28,0.107
alamac,28,0,28,0.0
eduardo,15,13,28,0.464
libor,28,0,28,0.0
buil,0,28,28,1.0
infant,7,21,28,0.75
dampen,16,12,28,0.429
bartend,0,28,28,1.0
resco,28,0,28,0.0
trochta,28,0,28,0.0
frost,11,17,28,0.607
smartmortgageusa,0,28,28,1.0
odor,4,24,28,0.857
timberland,3,25,28,0.893
workabl,23,5,28,0.179
flew,4,24,28,0.857
sprl,0,28,28,1.0
decept,5,23,28,0.821
bussel,28,0,28,0.0
spadea,0,28,28,1.0
preformat,0,28,28,1.0
scardino,28,0,28,0.0
custo,0,28,28,1.0
roldana,0,28,28,1.0
barkley,28,0,28,0.0
sore,9,19,28,0.679
wesley,24,4,28,0.143
ecthou,28,0,28,0.0
dmitri,26,2,28,0.071
fffont,0,28,28,1.0
regal,3,25,28,0.893
shlppl,0,28,28,1.0
tenor,24,4,28,0.143
uncommon,6,22,28,0.786
undeliv,1,27,28,0.964
cod,8,20,28,0.714
pcmcia,0,28,28,1.0
climax,0,28,28,1.0
prioritis,28,0,28,0.0
vinson,22,6,28,0.214
jiri,0,28,28,1.0
neural,16,12,28,0.429
useless,7,21,28,0.75
rutin,0,28,28,1.0
biotec,0,28,28,1.0
siemen,15,13,28,0.464
mcfarland,24,4,28,0.143
iaf,28,0,28,0.0
dowel,18,10,28,0.357
diaper,6,22,28,0.786
quando,0,28,28,1.0
dpi,5,23,28,0.821
omw,7,21,28,0.75
nikki,19,9,28,0.321
ving,0,28,28,1.0
rejuven,0,28,28,1.0
weari,7,21,28,0.75
geophys,12,16,28,0.571
rwe,28,0,28,0.0
amber,10,18,28,0.643
russo,20,8,28,0.286
sttc,0,28,28,1.0
dowlnoad,0,28,28,1.0
prosaic,0,28,28,1.0
abund,9,19,28,0.679
einfach,0,28,28,1.0
mal,1,27,28,0.964
anthem,11,17,28,0.607
aunch,0,28,28,1.0
retai,0,28,28,1.0
speciaiti,0,28,28,1.0
dewpoint,28,0,28,0.0
lozeng,0,28,28,1.0
cid,0,28,28,1.0
wbu,0,28,28,1.0
gallantri,0,28,28,1.0
clitori,0,28,28,1.0
deck,11,17,28,0.607
agil,2,26,28,0.929
brush,9,19,28,0.679
carpet,4,24,28,0.857
newton,12,16,28,0.571
nag,19,9,28,0.321
ader,28,0,28,0.0
kenya,0,28,28,1.0
unrel,24,4,28,0.143
austria,6,22,28,0.786
demarc,15,13,28,0.464
barcelona,6,22,28,0.786
presentabi,0,28,28,1.0
unaccept,28,0,28,0.0
precari,24,4,28,0.143
à,0,28,28,1.0
sani,0,28,28,1.0
makeup,18,10,28,0.357
mpeg,1,27,28,0.964
seppi,28,0,28,0.0
rangel,28,0,28,0.0
nicotin,0,28,28,1.0
keel,18,10,28,0.357
transalta,28,0,28,0.0
cedric,19,9,28,0.321
medio,1,27,28,0.964
costilla,28,0,28,0.0
cheeap,0,28,28,1.0
alvin,10,18,28,0.643
nui,26,2,28,0.071
commonwealth,18,10,28,0.357
astronaut,0,28,28,1.0
shrinkag,19,9,28,0.321
wavefrtl,0,28,28,1.0
iceberg,10,18,28,0.643
quirt,0,28,28,1.0
awaken,2,26,28,0.929
novv,0,28,28,1.0
bodisen,0,28,28,1.0
patrol,5,23,28,0.821
suicid,6,22,28,0.786
paradis,4,24,28,0.857
ihrer,0,28,28,1.0
departamento,0,28,28,1.0
shelv,21,7,28,0.25
nitrat,0,28,28,1.0
sdfuoisduf,0,28,28,1.0
rn,6,22,28,0.786
aesthet,0,28,28,1.0
balk,17,11,28,0.393
webpag,6,22,28,0.786
bantu,0,28,28,1.0
creoleart,0,28,28,1.0
gottspon,28,0,28,0.0
lat,7,21,28,0.75
finalist,10,18,28,0.643
coup,6,22,28,0.786
plight,14,14,28,0.5
boo,3,25,28,0.893
yf,15,13,28,0.464
barbar,0,28,28,1.0
shtml,0,28,28,1.0
nicknam,21,7,28,0.25
sogomonian,28,0,28,0.0
nkiy,0,28,28,1.0
bridgett,26,2,28,0.071
taxat,12,16,28,0.571
pant,6,22,28,0.786
defil,0,28,28,1.0
tempo,0,28,28,1.0
spradl,28,0,28,0.0
setback,18,10,28,0.357
keenan,16,12,28,0.429
workbook,19,9,28,0.321
diatom,0,28,28,1.0
lgb,1,27,28,0.964
tyson,18,10,28,0.357
banco,6,22,28,0.786
eronn,28,0,28,0.0
deflat,6,22,28,0.786
statesmen,0,28,28,1.0
houstonian,28,0,28,0.0
fernando,17,11,28,0.393
colon,0,28,28,1.0
depioy,0,28,28,1.0
hopley,28,0,28,0.0
cumberland,12,16,28,0.571
writ,12,16,28,0.571
eix,28,0,28,0.0
epng,28,0,28,0.0
iren,22,6,28,0.214
lesser,14,14,28,0.5
kishkil,28,0,28,0.0
ukrain,3,25,28,0.893
brussel,5,23,28,0.821
drugstor,2,26,28,0.929
martina,24,4,28,0.143
pronghorn,28,0,28,0.0
incap,8,20,28,0.714
shl,0,28,28,1.0
texan,25,3,28,0.107
teeter,16,12,28,0.429
crap,6,22,28,0.786
glo,24,4,28,0.143
terceiro,0,28,28,1.0
hail,10,18,28,0.643
milit,2,26,28,0.929
dwell,3,25,28,0.893
swaim,28,0,28,0.0
cargil,19,9,28,0.321
carv,11,17,28,0.607
textbook,17,11,28,0.393
cpm,9,19,28,0.679
raton,1,27,28,0.964
mec,28,0,28,0.0
underlin,25,3,28,0.107
rim,2,26,28,0.929
epl,0,28,28,1.0
chill,9,19,28,0.679
inhabit,3,25,28,0.893
hlavati,28,0,28,0.0
hookup,0,27,27,1.0
ccprod,20,7,27,0.259
rupe,22,5,27,0.185
levenson,27,0,27,0.0
fore,7,20,27,0.741
bebop,0,27,27,1.0
postion,16,11,27,0.407
elsi,13,14,27,0.519
donato,25,2,27,0.074
mip,27,0,27,0.0
blink,12,15,27,0.556
str,8,19,27,0.704
reaffirm,27,0,27,0.0
costello,17,10,27,0.37
tweak,19,8,27,0.296
zurich,13,14,27,0.519
gecko,0,27,27,1.0
deboisblanc,27,0,27,0.0
unreal,13,14,27,0.519
seb,25,2,27,0.074
dickinson,5,22,27,0.815
aton,1,26,27,0.963
doom,8,19,27,0.704
unstabl,11,16,27,0.593
emap,0,27,27,1.0
zuma,0,27,27,1.0
frenzi,9,18,27,0.667
schlesing,22,5,27,0.185
biotechnoiogi,0,27,27,1.0
soap,6,21,27,0.778
pci,2,25,27,0.926
oppel,27,0,27,0.0
laud,15,12,27,0.444
benevid,27,0,27,0.0
laughter,2,25,27,0.926
myway,0,27,27,1.0
quickset,0,27,27,1.0
payperview,0,27,27,1.0
sizzl,2,25,27,0.926
morningstar,27,0,27,0.0
allay,15,12,27,0.444
mathwork,27,0,27,0.0
aprovado,0,27,27,1.0
pf,3,24,27,0.889
resembl,11,16,27,0.593
crane,15,12,27,0.444
steinberg,16,11,27,0.407
freddi,6,21,27,0.778
arch,2,25,27,0.926
syring,0,27,27,1.0
tabloidez,0,27,27,1.0
invite,22,5,27,0.185
xenlcal,0,27,27,1.0
delect,0,27,27,1.0
rene,18,9,27,0.333
vor,5,22,27,0.815
submarin,4,23,27,0.852
straighten,4,23,27,0.852
extol,1,26,27,0.963
ipe,27,0,27,0.0
tapti,27,0,27,0.0
uecker,27,0,27,0.0
majesti,1,26,27,0.963
tj,16,11,27,0.407
dwight,14,13,27,0.481
solomon,10,17,27,0.63
primariiy,0,27,27,1.0
riskwat,27,0,27,0.0
nanc,20,7,27,0.259
rattl,17,10,27,0.37
windsor,14,13,27,0.481
tidi,6,21,27,0.778
heaithi,0,27,27,1.0
applaus,4,23,27,0.852
devalu,24,3,27,0.111
plead,13,14,27,0.519
katz,19,8,27,0.296
sheryl,23,4,27,0.148
redistribut,20,7,27,0.259
alland,27,0,27,0.0
oa,13,14,27,0.519
allium,0,27,27,1.0
medcom,0,27,27,1.0
psco,26,1,27,0.037
gget,0,27,27,1.0
spontan,3,24,27,0.889
weathereffect,27,0,27,0.0
signifi,7,20,27,0.741
wrangl,24,3,27,0.111
prodigi,15,12,27,0.444
nn,2,25,27,0.926
callahan,16,11,27,0.407
tweed,20,7,27,0.259
castleman,27,0,27,0.0
drn,27,0,27,0.0
horario,0,27,27,1.0
diamondflo,0,27,27,1.0
repel,2,25,27,0.926
aicohol,0,27,27,1.0
guru,10,17,27,0.63
clic,0,27,27,1.0
artemi,13,14,27,0.519
erction,0,27,27,1.0
fcdh,0,27,27,1.0
pluperfect,0,27,27,1.0
keyspan,27,0,27,0.0
accra,0,27,27,1.0
elbow,3,24,27,0.889
carib,1,26,27,0.963
wv,0,27,27,1.0
cooler,22,5,27,0.185
praveen,27,0,27,0.0
listserv,27,0,27,0.0
reguiatori,0,27,27,1.0
sunk,16,11,27,0.407
localhost,4,23,27,0.852
tdp,0,27,27,1.0
clyatt,27,0,27,0.0
foley,18,9,27,0.333
dickerson,11,16,27,0.593
che,0,27,27,1.0
flavor,3,24,27,0.889
stumpag,0,27,27,1.0
librarian,1,26,27,0.963
labb,27,0,27,0.0
advert,5,22,27,0.815
reievant,0,27,27,1.0
rder,0,27,27,1.0
qualit,21,6,27,0.222
stripe,14,13,27,0.481
pol,0,27,27,1.0
esquir,23,4,27,0.148
aborigin,1,26,27,0.963
leann,26,1,27,0.037
awak,5,22,27,0.815
implor,0,27,27,1.0
imparti,7,20,27,0.741
avistar,27,0,27,0.0
durrel,0,27,27,1.0
rey,25,2,27,0.074
handbook,5,22,27,0.815
indict,1,26,27,0.963
hwi,16,11,27,0.407
noe,26,1,27,0.037
buttock,0,27,27,1.0
geof,27,0,27,0.0
chef,5,22,27,0.815
maisonett,0,27,27,1.0
attir,20,7,27,0.259
miser,3,24,27,0.889
usp,1,26,27,0.963
energet,7,20,27,0.741
untim,2,25,27,0.926
cfe,27,0,27,0.0
eop,25,2,27,0.074
misrepres,24,3,27,0.111
hick,23,4,27,0.148
strenuou,0,27,27,1.0
intang,19,8,27,0.296
astut,3,24,27,0.889
vlaagrra,0,27,27,1.0
dread,5,22,27,0.815
marqu,14,13,27,0.481
ttulo,0,27,27,1.0
beau,17,10,27,0.37
veloc,11,16,27,0.593
siratu,0,27,27,1.0
ifhsc,27,0,27,0.0
cualquier,0,27,27,1.0
contrit,3,24,27,0.889
remarket,25,2,27,0.074
dua,0,27,27,1.0
taint,7,20,27,0.741
duli,2,25,27,0.926
grossli,10,17,27,0.63
tonnag,13,14,27,0.519
petro,25,2,27,0.074
barg,14,13,27,0.481
dizzi,4,23,27,0.852
garza,26,1,27,0.037
nightli,16,11,27,0.407
transplant,6,21,27,0.778
sunset,8,19,27,0.704
reciproc,11,16,27,0.593
lit,6,21,27,0.778
detriment,14,13,27,0.481
delici,2,25,27,0.926
trivia,5,22,27,0.815
exemplifi,11,16,27,0.593
legislao,0,27,27,1.0
hbo,2,25,27,0.926
sze,26,1,27,0.037
cincinnati,11,16,27,0.593
propag,0,27,27,1.0
brace,15,12,27,0.444
rage,9,18,27,0.667
dull,12,15,27,0.556
sword,9,18,27,0.667
chanley,27,0,27,0.0
foilow,0,27,27,1.0
bowc,0,27,27,1.0
sarmiento,27,0,27,0.0
calvert,11,16,27,0.593
baton,22,5,27,0.185
delic,11,16,27,0.593
amen,12,15,27,0.556
nopr,27,0,27,0.0
ttc,21,6,27,0.222
kellih,27,0,27,0.0
loc,22,5,27,0.185
veto,23,4,27,0.148
kristi,23,4,27,0.148
rozen,27,0,27,0.0
ulyss,0,27,27,1.0
superflu,6,21,27,0.778
elpaso,27,0,27,0.0
vacuum,4,23,27,0.852
mileag,9,18,27,0.667
bridegroom,0,27,27,1.0
dna,5,22,27,0.815
sympathi,11,16,27,0.593
resal,22,5,27,0.185
lauvergeon,26,0,26,0.0
eleph,11,15,26,0.577
sunwin,0,26,26,1.0
bastard,9,17,26,0.654
survivor,13,13,26,0.5
discriminatori,9,17,26,0.654
instinet,26,0,26,0.0
anglo,8,18,26,0.692
smi,26,0,26,0.0
loophol,10,16,26,0.615
oftwar,0,26,26,1.0
genentech,26,0,26,0.0
centrica,26,0,26,0.0
adhes,5,21,26,0.808
hershey,1,25,26,0.962
demit,0,26,26,1.0
ecp,18,8,26,0.308
tele,7,19,26,0.731
cuba,6,20,26,0.769
steiner,22,4,26,0.154
sigh,14,12,26,0.462
internacionai,0,26,26,1.0
newel,13,13,26,0.5
contacto,0,26,26,1.0
annum,11,15,26,0.577
fuili,0,26,26,1.0
barbizet,26,0,26,0.0
pervers,2,24,26,0.923
ellinghau,26,0,26,0.0
tsung,26,0,26,0.0
cathol,6,20,26,0.769
asthma,0,26,26,1.0
afor,0,26,26,1.0
lec,1,25,26,0.962
moshou,26,0,26,0.0
railway,18,8,26,0.308
nell,18,8,26,0.308
digniti,3,23,26,0.885
bluecom,0,26,26,1.0
conjectur,6,20,26,0.769
ziplip,26,0,26,0.0
workout,11,15,26,0.577
wpd,26,0,26,0.0
vh,7,19,26,0.731
skew,24,2,26,0.077
reset,23,3,26,0.115
gaylard,26,0,26,0.0
hng,25,1,26,0.038
haarder,0,26,26,1.0
redraft,26,0,26,0.0
plauch,26,0,26,0.0
backlash,15,11,26,0.423
mese,1,25,26,0.962
mull,22,4,26,0.154
goldeditor,0,26,26,1.0
hilari,9,17,26,0.654
optinrealbig,0,26,26,1.0
hilgert,26,0,26,0.0
kines,0,26,26,1.0
ool,0,26,26,1.0
shade,16,10,26,0.385
necessit,13,13,26,0.5
beaten,13,13,26,0.5
nashvil,4,22,26,0.846
loca,0,26,26,1.0
buik,0,26,26,1.0
dazzl,4,22,26,0.846
altavista,1,25,26,0.962
percel,26,0,26,0.0
siriu,1,25,26,0.962
ranabir,26,0,26,0.0
credul,0,26,26,1.0
cobb,14,12,26,0.462
provok,16,10,26,0.385
congratulatori,1,25,26,0.962
carmen,8,18,26,0.692
pheromon,0,26,26,1.0
bakken,0,26,26,1.0
additionai,1,25,26,0.962
harsher,26,0,26,0.0
apologis,8,18,26,0.692
candac,11,15,26,0.577
kwh,26,0,26,0.0
panna,26,0,26,0.0
linha,0,26,26,1.0
idg,21,5,26,0.192
nighthawk,0,26,26,1.0
brooker,26,0,26,0.0
takeoff,1,25,26,0.962
tf,12,14,26,0.538
chung,20,6,26,0.231
xanaa,0,26,26,1.0
erupt,8,18,26,0.692
rectiion,0,26,26,1.0
economia,0,26,26,1.0
viiagrra,0,26,26,1.0
sunsail,26,0,26,0.0
peril,16,10,26,0.385
cco,5,21,26,0.808
tickl,0,26,26,1.0
pana,26,0,26,0.0
suburb,11,15,26,0.577
kono,26,0,26,0.0
jl,14,12,26,0.462
larre,26,0,26,0.0
ceg,22,4,26,0.154
melt,6,20,26,0.769
tray,18,8,26,0.308
tranni,15,11,26,0.423
pilewort,0,26,26,1.0
tionlimit,0,26,26,1.0
fingertip,9,17,26,0.654
abid,12,14,26,0.538
janzen,26,0,26,0.0
cz,1,25,26,0.962
entrega,0,26,26,1.0
antisemit,0,26,26,1.0
samsung,3,23,26,0.885
pricess,0,26,26,1.0
astigmat,0,26,26,1.0
plng,0,26,26,1.0
netmus,0,26,26,1.0
actor,2,24,26,0.923
safeway,26,0,26,0.0
awkward,8,18,26,0.692
haber,18,8,26,0.308
bighorn,1,25,26,0.962
amplifi,0,26,26,1.0
gratitud,4,22,26,0.846
aggi,26,0,26,0.0
soda,5,21,26,0.808
hing,9,17,26,0.654
arfsten,26,0,26,0.0
bertil,26,0,26,0.0
luggag,4,22,26,0.846
wholiy,0,26,26,1.0
dempsey,17,9,26,0.346
mdq,26,0,26,0.0
quier,0,26,26,1.0
nam,17,9,26,0.346
neuro,0,26,26,1.0
flw,18,8,26,0.308
fininvest,26,0,26,0.0
creditsight,26,0,26,0.0
infra,5,21,26,0.808
openli,16,10,26,0.385
circumv,4,22,26,0.846
neat,17,9,26,0.346
cllick,0,26,26,1.0
tark,26,0,26,0.0
bicycl,4,22,26,0.846
dobbin,5,21,26,0.808
stubblefield,24,2,26,0.077
cmiller,26,0,26,0.0
claud,11,15,26,0.577
saie,0,26,26,1.0
meridiia,0,26,26,1.0
albuquerqu,19,7,26,0.269
includinq,0,26,26,1.0
spearhead,23,3,26,0.115
ful,0,26,26,1.0
bess,10,16,26,0.615
polo,4,22,26,0.846
ccd,0,26,26,1.0
muehlstein,0,26,26,1.0
nort,4,22,26,0.846
cartel,15,11,26,0.423
,0,26,26,1.0
reai,23,3,26,0.115
neighborhood,11,15,26,0.577
disgust,10,16,26,0.615
unwound,25,1,26,0.038
vivendi,26,0,26,0.0
shlp,0,26,26,1.0
dreamt,2,24,26,0.923
unexpectedli,25,1,26,0.038
varga,26,0,26,0.0
tbg,26,0,26,0.0
esophag,0,26,26,1.0
weird,13,13,26,0.5
sena,22,4,26,0.154
stronach,26,0,26,0.0
areva,26,0,26,0.0
accustom,6,20,26,0.769
clint,16,10,26,0.385
kahn,16,10,26,0.385
aqua,4,22,26,0.846
yeow,26,0,26,0.0
plli,0,26,26,1.0
guaaraante,0,26,26,1.0
retali,14,12,26,0.462
agn,14,12,26,0.462
gloomi,19,7,26,0.269
flex,13,13,26,0.5
pancanadian,26,0,26,0.0
roper,24,2,26,0.077
filthi,0,26,26,1.0
worthless,20,6,26,0.231
rectifi,13,13,26,0.5
eiko,26,0,26,0.0
lk,1,25,26,0.962
avant,3,23,26,0.885
putnam,22,4,26,0.154
deform,1,25,26,0.962
tori,13,13,26,0.5
ambi,0,26,26,1.0
carrington,26,0,26,0.0
uy,1,25,26,0.962
bermuda,8,18,26,0.692
winni,12,14,26,0.538
hierarchi,20,6,26,0.231
whitney,9,17,26,0.654
systcom,0,26,26,1.0
behaviour,13,13,26,0.5
niamh,26,0,26,0.0
lugar,0,26,26,1.0
fiorida,0,26,26,1.0
partir,0,26,26,1.0
soup,15,11,26,0.423
levltrra,0,26,26,1.0
nonparticip,0,26,26,1.0
seks,26,0,26,0.0
pamphlet,0,26,26,1.0
divulg,11,15,26,0.577
unfair,19,7,26,0.269
misplac,23,3,26,0.115
lagomasino,26,0,26,0.0
shlppln,0,26,26,1.0
clog,6,20,26,0.769
ieee,5,21,26,0.808
freed,12,14,26,0.538
belli,10,16,26,0.615
meadow,10,16,26,0.615
fpl,26,0,26,0.0
pale,7,19,26,0.731
regina,16,10,26,0.385
joanni,26,0,26,0.0
acrimoni,3,23,26,0.885
embanet,26,0,26,0.0
ale,17,9,26,0.346
geld,0,26,26,1.0
francesconi,26,0,26,0.0
methodist,19,7,26,0.269
junction,11,15,26,0.577
newsstand,18,8,26,0.308
siaou,26,0,26,0.0
denial,20,6,26,0.231
obra,0,26,26,1.0
hyster,0,26,26,1.0
abe,0,26,26,1.0
manageri,20,6,26,0.231
afl,25,1,26,0.038
refriger,16,10,26,0.385
manuscript,9,17,26,0.654
autocrat,0,26,26,1.0
arti,0,26,26,1.0
humili,8,18,26,0.692
não,0,26,26,1.0
beset,2,24,26,0.923
pedro,10,16,26,0.615
envio,0,26,26,1.0
automaticaliy,0,26,26,1.0
walc,26,0,26,0.0
anheus,2,24,26,0.923
berlusconi,26,0,26,0.0
saludo,0,26,26,1.0
nivert,26,0,26,0.0
suffic,11,15,26,0.577
wasaff,26,0,26,0.0
bruno,10,16,26,0.615
kb,4,22,26,0.846
dobe,0,26,26,1.0
cakewalk,0,26,26,1.0
dove,6,20,26,0.769
oec,26,0,26,0.0
odin,0,26,26,1.0
dichotom,0,26,26,1.0
overvalu,25,1,26,0.038
saber,1,25,26,0.962
joao,23,3,26,0.115
corpu,13,13,26,0.5
mehr,0,26,26,1.0
uol,0,26,26,1.0
romin,26,0,26,0.0
worm,2,24,26,0.923
mao,20,6,26,0.231
ella,12,14,26,0.538
passcod,26,0,26,0.0
dee,6,20,26,0.769
nox,23,3,26,0.115
genierc,0,26,26,1.0
deput,2,24,26,0.923
inlin,14,12,26,0.462
guatemala,4,22,26,0.846
pvr,25,1,26,0.038
ira,11,15,26,0.577
coilect,0,26,26,1.0
throat,7,19,26,0.731
conscript,0,26,26,1.0
steilmann,26,0,26,0.0
pediatr,2,23,25,0.92
ribbon,10,15,25,0.6
jeopardi,19,6,25,0.24
tal,1,24,25,0.96
chronolog,11,14,25,0.56
convalesc,0,25,25,1.0
hamlin,19,6,25,0.24
fetch,12,13,25,0.52
tga,0,25,25,1.0
playboy,6,19,25,0.76
bir,0,25,25,1.0
britta,25,0,25,0.0
harrington,19,6,25,0.24
zimmerman,15,10,25,0.4
bloodi,4,21,25,0.84
drexel,17,8,25,0.32
digimedia,0,25,25,1.0
tol,2,23,25,0.92
blanket,15,10,25,0.4
lnk,0,25,25,1.0
breadth,15,10,25,0.4
curdl,0,25,25,1.0
energycast,25,0,25,0.0
standaion,0,25,25,1.0
ark,12,13,25,0.52
sate,2,23,25,0.92
itsp,0,25,25,1.0
crawl,5,20,25,0.8
livestock,14,11,25,0.44
cogniz,4,21,25,0.84
gahn,25,0,25,0.0
polk,12,13,25,0.52
cyclic,12,13,25,0.52
titoni,0,25,25,1.0
development,14,11,25,0.44
phentermln,0,25,25,1.0
fiexibl,0,25,25,1.0
decrement,12,13,25,0.52
unbeliv,0,25,25,1.0
hardship,19,6,25,0.24
vez,0,25,25,1.0
mercado,2,23,25,0.92
baun,0,25,25,1.0
burnt,5,20,25,0.8
valnek,25,0,25,0.0
bottleneck,20,5,25,0.2
buggi,2,23,25,0.92
tissto,0,25,25,1.0
decrypt,2,23,25,0.92
dkni,0,25,25,1.0
aliium,0,25,25,1.0
ssl,3,22,25,0.88
davenport,6,19,25,0.76
experiment,17,8,25,0.32
versac,0,25,25,1.0
tow,16,9,25,0.36
tyler,17,8,25,0.32
agnihotri,25,0,25,0.0
,1,24,25,0.96
bvgari,0,25,25,1.0
purpl,3,22,25,0.88
produto,0,25,25,1.0
aristocrat,0,25,25,1.0
yasser,1,24,25,0.96
vall,6,19,25,0.76
anomali,10,15,25,0.6
psp,1,24,25,0.96
sharma,25,0,25,0.0
howald,25,0,25,0.0
zy,1,24,25,0.96
scada,25,0,25,0.0
thelma,0,25,25,1.0
rena,14,11,25,0.44
entrant,20,5,25,0.2
dupr,25,0,25,0.0
agaln,0,25,25,1.0
saver,13,12,25,0.48
enl,15,10,25,0.4
stimuiat,0,25,25,1.0
dina,20,5,25,0.2
rtp,22,3,25,0.12
repatri,3,22,25,0.88
enrich,13,12,25,0.48
bori,5,20,25,0.8
partisan,17,8,25,0.32
olusegun,0,25,25,1.0
bf,5,20,25,0.8
soonest,4,21,25,0.84
coliect,0,25,25,1.0
sci,10,15,25,0.6
galvan,15,10,25,0.4
uacp,0,25,25,1.0
gratifi,1,24,25,0.96
limp,8,17,25,0.68
seo,0,25,25,1.0
specificaili,0,25,25,1.0
concili,16,9,25,0.36
swli,22,3,25,0.12
renam,20,5,25,0.2
dane,7,18,25,0.72
prerequisit,18,7,25,0.28
milton,5,20,25,0.8
stiff,7,18,25,0.72
mendoza,20,5,25,0.2
martial,0,25,25,1.0
viaagrra,0,25,25,1.0
supersed,14,11,25,0.44
beig,9,16,25,0.64
disastr,13,12,25,0.48
candlestick,10,15,25,0.6
ema,3,22,25,0.88
croatia,14,11,25,0.44
woodward,0,25,25,1.0
alexei,8,17,25,0.68
obi,8,17,25,0.68
iaiiti,0,25,25,1.0
gracia,0,25,25,1.0
allur,6,19,25,0.76
strait,16,9,25,0.36
conduit,4,21,25,0.84
echol,24,1,25,0.04
ponder,14,11,25,0.44
saunder,17,8,25,0.32
wiley,8,17,25,0.68
filtrat,1,24,25,0.96
marrow,5,20,25,0.8
safeharbor,0,25,25,1.0
misstat,25,0,25,0.0
bangalor,17,8,25,0.32
kuwait,0,25,25,1.0
keoni,25,0,25,0.0
slinger,25,0,25,0.0
kowalk,25,0,25,0.0
dendrit,0,25,25,1.0
gw,3,22,25,0.88
roosevelt,8,17,25,0.68
sid,22,3,25,0.12
ement,0,25,25,1.0
burnett,14,11,25,0.44
mcallist,0,25,25,1.0
cinm,0,25,25,1.0
elbertson,25,0,25,0.0
vjestika,0,25,25,1.0
webisit,0,25,25,1.0
coco,0,25,25,1.0
joshua,13,12,25,0.48
sunbeam,23,2,25,0.08
dixi,8,17,25,0.68
memor,9,16,25,0.64
befit,0,25,25,1.0
pot,11,14,25,0.56
rankin,11,14,25,0.56
airfar,14,11,25,0.44
allegra,0,25,25,1.0
buiit,0,25,25,1.0
foothil,15,10,25,0.4
assinatura,0,25,25,1.0
mob,0,25,25,1.0
registro,1,24,25,0.96
brass,4,21,25,0.84
carriag,2,23,25,0.92
iconfer,25,0,25,0.0
sculptur,7,18,25,0.72
wiiliam,0,25,25,1.0
yoder,24,1,25,0.04
choi,21,4,25,0.16
koolrx,0,25,25,1.0
epow,15,10,25,0.4
cheng,16,9,25,0.36
actuari,12,13,25,0.52
videoconfer,25,0,25,0.0
deanna,10,15,25,0.6
precaut,11,14,25,0.56
gmm,25,0,25,0.0
felix,18,7,25,0.28
palavra,0,25,25,1.0
tkpt,0,25,25,1.0
oop,11,14,25,0.56
vers,11,14,25,0.56
ejecutivo,0,25,25,1.0
fuzzi,15,10,25,0.4
rue,5,20,25,0.8
persuas,5,20,25,0.8
washingtonpost,25,0,25,0.0
beam,2,23,25,0.92
arctic,8,17,25,0.68
dcp,0,25,25,1.0
heinrich,18,7,25,0.28
rtg,19,6,25,0.24
andrzej,25,0,25,0.0
lighter,9,16,25,0.64
louisa,0,25,25,1.0
vowel,0,25,25,1.0
prosaka,0,25,25,1.0
newsprint,25,0,25,0.0
msa,23,2,25,0.08
defunct,6,19,25,0.76
lse,23,2,25,0.08
hein,16,9,25,0.36
proceso,0,25,25,1.0
webcast,25,0,25,0.0
wrestl,5,20,25,0.8
indign,2,23,25,0.92
woodwork,8,17,25,0.68
happier,1,24,25,0.96
wtc,20,5,25,0.2
parrot,18,7,25,0.28
vet,10,15,25,0.6
dond,0,25,25,1.0
bauli,25,0,25,0.0
mitra,22,3,25,0.12
leland,16,9,25,0.36
presc,0,25,25,1.0
gilley,25,0,25,0.0
farther,9,16,25,0.64
pivot,11,14,25,0.56
yokel,0,25,25,1.0
gsia,25,0,25,0.0
decomposit,11,14,25,0.56
bowsher,25,0,25,0.0
bedford,2,23,25,0.92
buddha,0,25,25,1.0
aiarm,0,25,25,1.0
atlanti,0,25,25,1.0
operatorship,23,2,25,0.08
yeager,20,5,25,0.2
confidentiaii,0,25,25,1.0
kelley,12,13,25,0.52
alfonso,10,15,25,0.6
cougar,10,15,25,0.6
hypertens,0,25,25,1.0
pgt,24,1,25,0.04
ebel,0,25,25,1.0
agosto,0,25,25,1.0
absorpt,3,22,25,0.88
vat,3,22,25,0.88
bundi,0,25,25,1.0
sulfur,13,12,25,0.48
forbear,16,9,25,0.36
foto,3,22,25,0.88
unidirect,2,23,25,0.92
concepto,0,25,25,1.0
malici,5,20,25,0.8
hoy,1,24,25,0.96
mercurio,0,25,25,1.0
cual,1,24,25,0.96
checksum,0,25,25,1.0
wgo,23,2,25,0.08
mukta,25,0,25,0.0
benefactor,2,23,25,0.92
nikkei,25,0,25,0.0
franz,4,21,25,0.84
quadrant,0,25,25,1.0
gbn,20,5,25,0.2
awe,2,23,25,0.92
nazareth,17,8,25,0.32
propon,19,6,25,0.24
proje,0,25,25,1.0
brunett,0,25,25,1.0
renov,7,18,25,0.72
borrett,0,25,25,1.0
whichev,12,13,25,0.52
grove,18,7,25,0.28
cellar,0,25,25,1.0
computer,5,20,25,0.8
forbidden,3,22,25,0.88
edmond,14,11,25,0.44
decay,7,18,25,0.72
apx,25,0,25,0.0
bliss,1,24,25,0.96
repuls,0,25,25,1.0
parish,0,25,25,1.0
degen,1,24,25,0.96
barrag,11,14,25,0.56
byzantin,9,16,25,0.64
shallow,10,15,25,0.6
babysit,2,23,25,0.92
poet,1,24,25,0.96
beit,0,25,25,1.0
pnbsp,0,25,25,1.0
aberr,0,25,25,1.0
appendic,7,17,24,0.708
ohn,0,24,24,1.0
hoard,19,5,24,0.208
wichai,24,0,24,0.0
cnnest,0,24,24,1.0
upbeat,22,2,24,0.083
kukkonen,0,24,24,1.0
haley,13,11,24,0.458
brew,11,13,24,0.542
tingleaf,24,0,24,0.0
agreeabl,15,9,24,0.375
friction,7,17,24,0.708
roseman,24,0,24,0.0
lousi,13,11,24,0.458
cramer,15,9,24,0.375
europa,0,24,24,1.0
confirmlog,24,0,24,0.0
circular,12,12,24,0.5
riesgo,0,24,24,1.0
monthiy,0,24,24,1.0
vagra,0,24,24,1.0
dank,4,20,24,0.833
tre,1,23,24,0.958
blatant,1,23,24,0.958
dame,14,10,24,0.417
vigil,12,12,24,0.5
oca,0,24,24,1.0
restraint,13,11,24,0.458
soie,0,24,24,1.0
frighten,5,19,24,0.792
digress,2,22,24,0.917
conduc,3,21,24,0.875
ostdiek,24,0,24,0.0
,0,24,24,1.0
xia,17,7,24,0.292
endang,22,2,24,0.083
dumb,13,11,24,0.458
loraazepam,0,24,24,1.0
luvu,0,24,24,1.0
brbrbrbr,0,24,24,1.0
estado,0,24,24,1.0
yuko,3,21,24,0.875
inroad,7,17,24,0.708
clutter,2,22,24,0.917
seksan,24,0,24,0.0
fidget,0,24,24,1.0
medsal,0,24,24,1.0
spector,20,4,24,0.167
noncor,24,0,24,0.0
outro,0,24,24,1.0
stricken,9,15,24,0.625
dominiqu,14,10,24,0.417
emori,10,14,24,0.583
abdul,4,20,24,0.833
amino,0,24,24,1.0
howel,18,6,24,0.25
wechsler,24,0,24,0.0
yuan,22,2,24,0.083
carton,0,24,24,1.0
iq,1,23,24,0.958
deiay,0,24,24,1.0
eda,7,17,24,0.708
specifica,0,24,24,1.0
ferrel,24,0,24,0.0
buffalo,12,12,24,0.5
uno,0,24,24,1.0
aoa,0,24,24,1.0
hal,16,8,24,0.333
ripe,14,10,24,0.417
vla,0,24,24,1.0
amnm,0,24,24,1.0
pathway,0,24,24,1.0
frontlin,18,6,24,0.25
cobalt,3,21,24,0.875
heathman,22,2,24,0.083
barton,16,8,24,0.333
burch,0,24,24,1.0
wachovia,14,10,24,0.417
anew,5,19,24,0.792
baggag,6,18,24,0.75
anxious,7,17,24,0.708
tattoo,7,17,24,0.708
talli,17,7,24,0.292
lunat,1,23,24,0.958
bw,8,16,24,0.667
ig,13,11,24,0.458
fratern,7,17,24,0.708
busbi,23,1,24,0.042
palac,7,17,24,0.708
perfectiy,0,24,24,1.0
aloud,1,23,24,0.958
guam,9,15,24,0.625
btc,0,24,24,1.0
fray,9,15,24,0.625
acquit,0,24,24,1.0
dodd,9,15,24,0.625
ht,0,24,24,1.0
dickson,16,8,24,0.333
crater,13,11,24,0.458
centra,0,24,24,1.0
priicc,0,24,24,1.0
billow,0,24,24,1.0
canopu,0,24,24,1.0
sol,6,18,24,0.75
wager,2,22,24,0.917
mcsherri,24,0,24,0.0
leonardo,15,9,24,0.375
perfum,0,24,24,1.0
vaiuabl,0,24,24,1.0
blade,3,21,24,0.875
loughridg,24,0,24,0.0
ztop,0,24,24,1.0
woertz,24,0,24,0.0
runshi,0,24,24,1.0
addendum,16,8,24,0.333
chahal,24,0,24,0.0
lenart,24,0,24,0.0
req,8,16,24,0.667
tramadool,0,24,24,1.0
czi,24,0,24,0.0
marion,20,4,24,0.167
repetit,3,21,24,0.875
loterij,0,24,24,1.0
err,4,20,24,0.833
dm,10,14,24,0.583
isa,14,10,24,0.417
liverpool,4,20,24,0.833
lium,0,24,24,1.0
daschl,24,0,24,0.0
queensland,14,10,24,0.417
envisag,16,8,24,0.333
bjk,0,24,24,1.0
annuaiiz,0,24,24,1.0
kilmer,24,0,24,0.0
jam,7,17,24,0.708
sher,8,16,24,0.667
tapscott,24,0,24,0.0
beckman,0,24,24,1.0
biochemistri,0,24,24,1.0
ambllen,0,24,24,1.0
teb,23,1,24,0.042
gestur,12,12,24,0.5
bulwark,0,24,24,1.0
caall,0,24,24,1.0
slave,4,20,24,0.833
blueprint,10,14,24,0.583
denud,0,24,24,1.0
sq,11,13,24,0.542
xo,10,14,24,0.583
swisher,23,1,24,0.042
fervent,3,21,24,0.875
heaithcar,0,24,24,1.0
narcot,1,23,24,0.958
jensen,14,10,24,0.417
ankara,0,24,24,1.0
femi,0,24,24,1.0
needless,13,11,24,0.458
redesign,13,11,24,0.458
lndesign,0,24,24,1.0
flowgat,24,0,24,0.0
irrespect,15,9,24,0.375
alprazzolam,0,24,24,1.0
chop,10,14,24,0.583
causat,1,23,24,0.958
qa,10,14,24,0.583
melbourn,9,15,24,0.625
vivian,17,7,24,0.292
yana,23,1,24,0.042
combust,7,17,24,0.708
nytim,21,3,24,0.125
wowgao,0,24,24,1.0
dossier,12,12,24,0.5
ondernem,0,24,24,1.0
caliph,0,24,24,1.0
nrmm,0,24,24,1.0
bayou,17,7,24,0.292
perturb,3,21,24,0.875
deport,0,24,24,1.0
jin,23,1,24,0.042
procod,0,24,24,1.0
pervas,16,8,24,0.333
everthyth,1,23,24,0.958
asymptot,0,24,24,1.0
assuag,16,8,24,0.333
delc,0,24,24,1.0
romania,5,19,24,0.792
honeywel,4,20,24,0.833
iona,11,13,24,0.542
anadarko,21,3,24,0.125
acut,9,15,24,0.625
omnipag,0,24,24,1.0
exud,1,23,24,0.958
drown,3,21,24,0.875
brietil,0,24,24,1.0
thirteen,3,21,24,0.875
plnnacl,0,24,24,1.0
nylon,0,24,24,1.0
redefin,16,8,24,0.333
clever,4,20,24,0.833
phylli,14,10,24,0.417
aerosol,1,23,24,0.958
darlen,17,7,24,0.292
rndmtn,24,0,24,0.0
acceso,0,24,24,1.0
tougher,23,1,24,0.042
olivi,2,22,24,0.917
gccc,0,24,24,1.0
thompsonvil,24,0,24,0.0
hubco,24,0,24,0.0
razor,1,23,24,0.958
peripher,8,16,24,0.667
cactu,3,21,24,0.875
pleasantli,1,23,24,0.958
chin,7,17,24,0.708
poston,24,0,24,0.0
aluum,0,24,24,1.0
shan,9,15,24,0.625
semana,0,24,24,1.0
eaton,14,10,24,0.417
blocker,1,23,24,0.958
chandler,7,17,24,0.708
mire,16,8,24,0.333
indow,0,24,24,1.0
vein,3,21,24,0.875
espacio,0,24,24,1.0
twain,5,19,24,0.792
lebroc,24,0,24,0.0
jelli,0,24,24,1.0
misc,22,2,24,0.083
entellig,24,0,24,0.0
ivanho,16,8,24,0.333
stab,13,11,24,0.458
fog,1,23,24,0.958
bat,7,17,24,0.708
huaguang,0,24,24,1.0
rdi,23,1,24,0.042
decompress,0,24,24,1.0
lassen,5,19,24,0.792
ifsl,0,24,24,1.0
sag,15,9,24,0.375
worldcom,21,3,24,0.125
commend,7,17,24,0.708
emptiv,23,1,24,0.042
convolut,9,15,24,0.625
oy,0,24,24,1.0
stellar,10,14,24,0.583
kitagawa,24,0,24,0.0
unseren,0,24,24,1.0
voluntarili,24,0,24,0.0
cesar,2,22,24,0.917
ruptur,16,8,24,0.333
bleak,15,9,24,0.375
starv,6,18,24,0.75
eubank,5,19,24,0.792
krish,24,0,24,0.0
ego,8,16,24,0.667
darn,4,20,24,0.833
newer,17,7,24,0.292
inflamm,0,24,24,1.0
llgra,0,24,24,1.0
brake,9,15,24,0.625
merldlla,0,24,24,1.0
improperli,17,7,24,0.292
xiguan,0,24,24,1.0
ctg,24,0,24,0.0
mort,0,24,24,1.0
diphtheria,0,24,24,1.0
audaci,15,9,24,0.375
microphon,10,14,24,0.583
gigant,3,21,24,0.875
srivastav,24,0,24,0.0
elut,0,24,24,1.0
dye,2,22,24,0.917
manfr,13,11,24,0.458
leigh,15,9,24,0.375
ud,0,24,24,1.0
tome,15,9,24,0.375
towel,10,13,23,0.565
pela,0,23,23,1.0
usta,23,0,23,0.0
amass,6,17,23,0.739
seamless,14,9,23,0.391
pekisko,0,23,23,1.0
chaperon,1,22,23,0.957
appr,0,23,23,1.0
dunton,22,1,23,0.043
almeida,23,0,23,0.0
riskmetr,23,0,23,0.0
subtract,16,7,23,0.304
caneum,0,23,23,1.0
sock,3,20,23,0.87
mandatorili,23,0,23,0.0
hz,1,22,23,0.957
diffeomorph,0,23,23,1.0
elisabeth,11,12,23,0.522
basil,0,23,23,1.0
sialkot,0,23,23,1.0
eogresourc,23,0,23,0.0
ortiz,20,3,23,0.13
apodaca,23,0,23,0.0
anterior,0,23,23,1.0
moyez,23,0,23,0.0
alhaji,0,23,23,1.0
datelin,2,21,23,0.913
realizar,0,23,23,1.0
maestra,0,23,23,1.0
susi,14,9,23,0.391
reinstat,16,7,23,0.304
chew,6,17,23,0.739
poetri,3,20,23,0.87
apposit,0,23,23,1.0
backpack,1,22,23,0.957
discon,0,23,23,1.0
lax,10,13,23,0.565
bribe,5,18,23,0.783
indispens,6,17,23,0.739
burleson,23,0,23,0.0
hutchin,16,7,23,0.304
kingwood,23,0,23,0.0
coiorado,0,23,23,1.0
proportion,13,10,23,0.435
chi,10,13,23,0.565
northrop,16,7,23,0.304
fina,2,21,23,0.913
buffer,5,18,23,0.783
alonso,23,0,23,0.0
increase,0,23,23,1.0
maynard,14,9,23,0.391
prepaid,5,18,23,0.783
arteri,0,23,23,1.0
binomi,14,9,23,0.391
evt,23,0,23,0.0
tiaiiti,0,23,23,1.0
fmc,17,6,23,0.261
parliament,8,15,23,0.652
antoin,4,19,23,0.826
chromium,0,23,23,1.0
blaster,0,23,23,1.0
higgin,12,11,23,0.478
coker,9,14,23,0.609
contenti,14,9,23,0.391
qin,0,23,23,1.0
nach,0,23,23,1.0
durham,7,16,23,0.696
lamar,20,3,23,0.13
valet,14,9,23,0.391
mmc,20,3,23,0.13
clare,8,15,23,0.652
marsh,14,9,23,0.391
journalist,22,1,23,0.043
fritz,10,13,23,0.565
fsd,3,20,23,0.87
yell,8,15,23,0.652
dessert,12,11,23,0.478
confiden,0,23,23,1.0
negro,2,21,23,0.913
ramif,20,3,23,0.13
gepl,23,0,23,0.0
nyt,23,0,23,0.0
cretin,0,23,23,1.0
rosevil,23,0,23,0.0
ferrou,17,6,23,0.261
brant,10,13,23,0.565
tussl,0,23,23,1.0
tentacl,5,18,23,0.783
fiie,0,23,23,1.0
smack,3,20,23,0.87
cling,5,18,23,0.783
jacquelyn,23,0,23,0.0
gran,4,19,23,0.826
roug,20,3,23,0.13
ssa,0,23,23,1.0
octan,15,8,23,0.348
ineffect,11,12,23,0.522
burrough,7,16,23,0.696
ablaz,0,23,23,1.0
bronx,2,21,23,0.913
comport,1,22,23,0.957
enmax,23,0,23,0.0
undertaken,13,10,23,0.435
jpl,0,23,23,1.0
appel,3,20,23,0.87
inner,6,17,23,0.739
bjp,22,1,23,0.043
seldom,4,19,23,0.826
mannheim,22,1,23,0.043
afiliado,0,23,23,1.0
biject,0,23,23,1.0
railroad,13,10,23,0.435
eme,11,12,23,0.522
weekday,13,10,23,0.435
jessi,16,7,23,0.304
censu,2,21,23,0.913
yvonn,18,5,23,0.217
decontrol,0,23,23,1.0
paradox,4,19,23,0.826
miranda,10,13,23,0.565
flatul,0,23,23,1.0
referendum,21,2,23,0.087
doiiar,0,23,23,1.0
fosdick,23,0,23,0.0
sourceforg,0,23,23,1.0
axi,11,12,23,0.522
urin,1,22,23,0.957
,20,3,23,0.13
sede,0,23,23,1.0
consul,4,19,23,0.826
crcommun,23,0,23,0.0
ero,14,9,23,0.391
fujitsu,5,18,23,0.783
envo,0,23,23,1.0
amazingli,5,18,23,0.783
westport,9,14,23,0.609
trylogo,0,23,23,1.0
grubert,23,0,23,0.0
downtim,16,7,23,0.304
wakefield,22,1,23,0.043
fourti,0,23,23,1.0
despis,1,22,23,0.957
adolesc,1,22,23,0.957
eighth,16,7,23,0.304
tbodi,0,23,23,1.0
bimetal,0,23,23,1.0
grape,4,19,23,0.826
befog,0,23,23,1.0
malowney,23,0,23,0.0
bj,5,18,23,0.783
leonard,12,11,23,0.478
ellenberg,23,0,23,0.0
colt,6,17,23,0.739
earthmov,0,23,23,1.0
abbey,12,11,23,0.478
worldexpo,0,23,23,1.0
cheesi,1,22,23,0.957
maneuv,17,6,23,0.261
reservado,0,23,23,1.0
photosh,0,23,23,1.0
dixon,14,9,23,0.391
caltech,2,21,23,0.913
platter,17,6,23,0.261
lester,17,6,23,0.261
ddr,1,22,23,0.957
waterhous,3,20,23,0.87
medzonlin,0,23,23,1.0
shortest,10,13,23,0.565
puma,0,23,23,1.0
rmb,0,23,23,1.0
brownsvil,23,0,23,0.0
mli,0,23,23,1.0
darveaux,23,0,23,0.0
hacienda,0,23,23,1.0
fob,16,7,23,0.304
summaris,23,0,23,0.0
fresco,0,23,23,1.0
statem,0,23,23,1.0
concoct,0,23,23,1.0
virtuaili,0,23,23,1.0
rash,4,19,23,0.826
junip,17,6,23,0.261
curs,3,20,23,0.87
bern,2,21,23,0.913
xaanax,0,23,23,1.0
kidwarm,0,23,23,1.0
ry,0,23,23,1.0
daytim,6,17,23,0.739
externa,0,23,23,1.0
har,9,14,23,0.609
tutor,11,12,23,0.522
generos,12,11,23,0.478
clarissa,23,0,23,0.0
advocaci,15,8,23,0.348
adjunct,5,18,23,0.783
stearn,18,5,23,0.217
ting,1,22,23,0.957
phot,0,23,23,1.0
furrow,16,7,23,0.304
winhundr,0,23,23,1.0
cw,11,12,23,0.522
soften,12,11,23,0.478
collong,23,0,23,0.0
circu,5,18,23,0.783
microbi,0,23,23,1.0
dsp,3,20,23,0.87
jak,21,2,23,0.087
hennessi,23,0,23,0.0
imped,11,12,23,0.522
brees,23,0,23,0.0
accent,1,22,23,0.957
hinder,18,5,23,0.217
coalesc,0,23,23,1.0
nicosia,18,5,23,0.217
für,0,23,23,1.0
renown,6,17,23,0.739
garri,14,9,23,0.391
grandson,4,19,23,0.826
opp,7,16,23,0.696
rubber,10,13,23,0.565
gon,9,14,23,0.609
churchil,4,19,23,0.826
commer,19,4,23,0.174
ermi,23,0,23,0.0
pyramid,1,22,23,0.957
quotat,3,20,23,0.87
asphalt,7,16,23,0.696
livermor,19,4,23,0.174
lutz,16,7,23,0.304
shippinq,0,23,23,1.0
codeiin,0,23,23,1.0
grossman,12,11,23,0.478
muy,0,23,23,1.0
sildenafil,0,23,23,1.0
reminisc,10,13,23,0.565
segurana,0,23,23,1.0
brien,18,5,23,0.217
strauss,21,2,23,0.087
roth,8,15,23,0.652
kiodex,23,0,23,0.0
motsing,23,0,23,0.0
sfa,23,0,23,0.0
fer,1,22,23,0.957
depict,12,11,23,0.478
retak,1,22,23,0.957
identiai,0,23,23,1.0
elicit,8,15,23,0.652
jani,20,3,23,0.13
rosman,23,0,23,0.0
outfit,17,6,23,0.261
lokey,22,1,23,0.043
optimis,19,4,23,0.174
pigment,0,23,23,1.0
ellipsoid,0,23,23,1.0
amarillo,12,11,23,0.478
lightweight,3,20,23,0.87
clasp,0,23,23,1.0
deceiv,3,20,23,0.87
recaptur,6,17,23,0.739
clamp,3,20,23,0.87
fallback,15,8,23,0.348
artichok,5,18,23,0.783
powergen,23,0,23,0.0
inteliig,0,23,23,1.0
vittal,23,0,23,0.0
gimmick,8,15,23,0.652
vinay,23,0,23,0.0
postur,17,6,23,0.261
informacion,0,23,23,1.0
exhibitor,7,16,23,0.696
castl,1,22,23,0.957
lure,18,5,23,0.217
violent,4,19,23,0.826
biddi,7,16,23,0.696
powerbal,0,23,23,1.0
gleason,15,8,23,0.348
crescendo,18,5,23,0.217
iwon,20,3,23,0.13
auth,20,3,23,0.13
crise,9,14,23,0.609
hydroxyl,0,23,23,1.0
comptrol,9,14,23,0.609
mcgrath,21,2,23,0.087
abba,0,23,23,1.0
speci,8,15,23,0.652
abigail,18,5,23,0.217
proudli,3,20,23,0.87
thai,7,16,23,0.696
guild,2,21,23,0.913
oatt,23,0,23,0.0
opic,21,2,23,0.087
vivo,0,23,23,1.0
webi,22,1,23,0.043
kmo,0,23,23,1.0
whourli,23,0,23,0.0
incub,2,21,23,0.913
unlist,8,15,23,0.652
aguilar,15,8,23,0.348
verb,0,23,23,1.0
toolbar,7,16,23,0.696
softphon,0,23,23,1.0
abram,6,17,23,0.739
dart,3,20,23,0.87
kinneman,23,0,23,0.0
spoil,0,23,23,1.0
forgo,18,5,23,0.217
cowork,9,14,23,0.609
lmp,23,0,23,0.0
ratnala,23,0,23,0.0
gaseou,0,23,23,1.0
sycamor,17,6,23,0.261
irda,0,23,23,1.0
cautionari,15,8,23,0.348
fide,6,17,23,0.739
fairway,10,13,23,0.565
loung,8,15,23,0.652
nline,0,23,23,1.0
citat,4,19,23,0.826
siva,19,4,23,0.174
luke,4,19,23,0.826
howdi,6,16,22,0.727
hereinaft,0,22,22,1.0
artista,0,22,22,1.0
biomed,0,22,22,1.0
gallagh,7,15,22,0.682
emboss,0,22,22,1.0
unbeiivabi,0,22,22,1.0
safekeep,0,22,22,1.0
draper,16,6,22,0.273
pragmat,12,10,22,0.455
unoffici,19,3,22,0.136
tmxt,0,22,22,1.0
stiil,0,22,22,1.0
ke,0,22,22,1.0
uni,11,11,22,0.5
deliquesc,0,22,22,1.0
ftr,22,0,22,0.0
minneapoli,12,10,22,0.455
alec,10,12,22,0.545
foriegn,0,22,22,1.0
reggi,11,11,22,0.5
ang,1,21,22,0.955
hammond,4,18,22,0.818
nightmar,13,9,22,0.409
avril,19,3,22,0.136
eyefon,0,22,22,1.0
baja,15,7,22,0.318
butch,5,17,22,0.773
vai,0,22,22,1.0
seit,0,22,22,1.0
betancourt,22,0,22,0.0
argonn,17,5,22,0.227
foolish,1,21,22,0.955
quadrupi,0,22,22,1.0
controversia,0,22,22,1.0
oppon,14,8,22,0.364
herp,0,22,22,1.0
fuliy,0,22,22,1.0
dialect,0,22,22,1.0
commensur,4,18,22,0.818
undergon,7,15,22,0.682
magnesium,0,22,22,1.0
rata,17,5,22,0.227
requestor,22,0,22,0.0
herd,10,12,22,0.545
fdiebold,22,0,22,0.0
dari,14,8,22,0.364
bunni,2,20,22,0.909
grandmoth,4,18,22,0.818
anchorit,0,22,22,1.0
banburi,0,22,22,1.0
teologa,0,22,22,1.0
rearrang,22,0,22,0.0
caveat,9,13,22,0.591
rivkin,22,0,22,0.0
hath,0,22,22,1.0
durant,3,19,22,0.864
thinkpad,2,20,22,0.909
emerald,4,18,22,0.818
roe,11,11,22,0.5
westmoreland,22,0,22,0.0
picl,22,0,22,0.0
fraught,6,16,22,0.727
viacut,0,22,22,1.0
multilevel,0,22,22,1.0
kyoto,6,16,22,0.727
confound,6,16,22,0.727
pob,19,3,22,0.136
hostag,9,13,22,0.591
inhibit,1,21,22,0.955
ibp,21,1,22,0.045
rebekah,19,3,22,0.136
dado,3,19,22,0.864
muse,15,7,22,0.318
conceit,0,22,22,1.0
slew,17,5,22,0.227
borneo,0,22,22,1.0
generalist,22,0,22,0.0
goug,22,0,22,0.0
rtgage,0,22,22,1.0
ministerio,0,22,22,1.0
telefon,2,20,22,0.909
dtd,0,22,22,1.0
hipaa,0,22,22,1.0
overcharg,22,0,22,0.0
bienenstock,22,0,22,0.0
mckinney,15,7,22,0.318
dirk,10,12,22,0.545
ferromagnet,0,22,22,1.0
ander,7,15,22,0.682
uplift,4,18,22,0.818
flirt,5,17,22,0.773
boatman,11,11,22,0.5
rawhid,15,7,22,0.318
wapa,22,0,22,0.0
niet,0,22,22,1.0
golosko,0,22,22,1.0
dogmat,0,22,22,1.0
scription,0,22,22,1.0
tdimg,0,22,22,1.0
lvlt,1,21,22,0.955
lamin,2,20,22,0.909
indel,0,22,22,1.0
wakeham,22,0,22,0.0
angei,0,22,22,1.0
bestddeal,0,22,22,1.0
oyster,1,21,22,0.955
gn,7,15,22,0.682
hassan,0,22,22,1.0
speedway,4,18,22,0.818
rede,15,7,22,0.318
outgo,13,9,22,0.409
lrc,22,0,22,0.0
heartfelt,5,17,22,0.773
inaccur,9,13,22,0.591
equiva,22,0,22,0.0
adsero,0,22,22,1.0
ada,3,19,22,0.864
freeway,18,4,22,0.182
rmm,0,22,22,1.0
wner,0,22,22,1.0
porqu,0,22,22,1.0
staab,22,0,22,0.0
conspiraci,5,17,22,0.773
ahora,0,22,22,1.0
coward,1,21,22,0.955
emc,20,2,22,0.091
colder,22,0,22,0.0
bulldoz,3,19,22,0.864
windowxp,0,22,22,1.0
tecnologia,0,22,22,1.0
mihalik,22,0,22,0.0
qpix,0,22,22,1.0
bauxit,0,22,22,1.0
shdh,22,0,22,0.0
adsorpt,0,22,22,1.0
visionari,18,4,22,0.182
suttl,22,0,22,0.0
actividad,0,22,22,1.0
worldnet,22,0,22,0.0
daisi,2,20,22,0.909
hydra,0,22,22,1.0
jeann,13,9,22,0.409
caucu,14,8,22,0.364
chap,6,16,22,0.727
bark,6,16,22,0.727
tb,1,21,22,0.955
bookbind,0,22,22,1.0
hannah,10,12,22,0.545
seli,0,22,22,1.0
armm,0,22,22,1.0
physica,0,22,22,1.0
kellogg,14,8,22,0.364
profitabii,0,22,22,1.0
deze,0,22,22,1.0
viiagra,0,22,22,1.0
learnt,12,10,22,0.455
administracin,0,22,22,1.0
geographi,8,14,22,0.636
qb,0,22,22,1.0
areaway,0,22,22,1.0
whip,11,11,22,0.5
fiim,0,22,22,1.0
tglo,22,0,22,0.0
athena,10,12,22,0.545
dubili,22,0,22,0.0
retire,16,6,22,0.273
swiftli,11,11,22,0.5
lame,5,17,22,0.773
brigg,11,11,22,0.5
imprison,0,22,22,1.0
schafer,14,8,22,0.364
commonli,11,11,22,0.5
fujita,22,0,22,0.0
noninvest,22,0,22,0.0
interoffic,21,1,22,0.045
acm,1,21,22,0.955
induct,2,20,22,0.909
oiivier,0,22,22,1.0
rosalinda,20,2,22,0.091
pregnant,3,19,22,0.864
ciacut,0,22,22,1.0
meson,0,22,22,1.0
purif,0,22,22,1.0
andrei,8,14,22,0.636
isoverwheim,0,22,22,1.0
silva,18,4,22,0.182
ridia,0,22,22,1.0
propuls,0,22,22,1.0
hardest,7,15,22,0.682
blacklist,0,22,22,1.0
champ,7,15,22,0.682
fierc,3,19,22,0.864
joanna,13,9,22,0.409
recit,4,18,22,0.818
grado,0,22,22,1.0
visiongain,0,22,22,1.0
offload,12,10,22,0.455
newark,11,11,22,0.5
bco,0,22,22,1.0
hippa,0,22,22,1.0
moneyback,0,22,22,1.0
intestin,2,20,22,0.909
spoon,1,21,22,0.955
ericsson,6,16,22,0.727
comor,0,22,22,1.0
jia,21,1,22,0.045
realm,8,14,22,0.636
wheat,12,10,22,0.455
cowan,10,12,22,0.545
yy,9,13,22,0.591
annuaili,0,22,22,1.0
newsweek,5,17,22,0.773
wgm,22,0,22,0.0
injunct,9,13,22,0.591
servidor,0,22,22,1.0
danmark,0,22,22,1.0
neubauer,22,0,22,0.0
genex,0,22,22,1.0
sith,22,0,22,0.0
predic,8,14,22,0.636
xeril,0,22,22,1.0
petrochemica,0,22,22,1.0
centert,0,22,22,1.0
dissoci,1,21,22,0.955
spsc,0,22,22,1.0
cutback,14,8,22,0.364
oling,21,1,22,0.045
anni,11,11,22,0.5
nnm,21,1,22,0.045
durch,0,22,22,1.0
pharmaceuticai,0,22,22,1.0
mankind,0,22,22,1.0
backwat,3,19,22,0.864
gallon,11,11,22,0.5
dcenterfont,0,22,22,1.0
dit,2,20,22,0.909
kidnap,0,22,22,1.0
sugqest,0,22,22,1.0
nota,0,22,22,1.0
dsi,21,1,22,0.045
crt,5,17,22,0.773
vaiium,0,22,22,1.0
critica,1,21,22,0.955
monument,12,10,22,0.455
getaway,6,16,22,0.727
defiant,16,6,22,0.273
relinquish,7,15,22,0.682
jare,11,11,22,0.5
geolog,0,22,22,1.0
cushman,10,12,22,0.545
isoverwhelminq,0,22,22,1.0
singer,8,14,22,0.636
egpfc,22,0,22,0.0
prorat,19,3,22,0.136
aquariu,0,22,22,1.0
annualiy,0,22,22,1.0
proverb,2,20,22,0.909
codon,0,22,22,1.0
vie,4,18,22,0.818
craze,1,21,22,0.955
bilberri,22,0,22,0.0
entic,9,13,22,0.591
otto,11,11,22,0.5
midpoint,18,4,22,0.182
reassess,22,0,22,0.0
dk,0,22,22,1.0
alhambra,8,14,22,0.636
bitten,0,22,22,1.0
debar,0,22,22,1.0
breastplat,0,22,22,1.0
costum,3,19,22,0.864
matrimoni,0,22,22,1.0
nba,3,19,22,0.864
camino,2,20,22,0.909
socket,4,18,22,0.818
impetu,8,14,22,0.636
necesario,0,22,22,1.0
tzamourani,22,0,22,0.0
deadlock,5,17,22,0.773
aliacut,0,22,22,1.0
prone,6,16,22,0.727
flagship,14,8,22,0.364
vargo,22,0,22,0.0
guerrero,19,3,22,0.136
alguno,0,22,22,1.0
polar,0,22,22,1.0
marsha,16,6,22,0.273
spit,4,18,22,0.818
mailpound,0,22,22,1.0
pn,1,21,22,0.955
cave,9,13,22,0.591
softswitch,0,22,22,1.0
stir,12,10,22,0.455
debe,0,22,22,1.0
blain,6,16,22,0.727
spu,4,18,22,0.818
behold,0,22,22,1.0
lace,10,12,22,0.545
ipaq,11,11,22,0.5
millon,0,22,22,1.0
extraordinarili,16,6,22,0.273
zap,0,22,22,1.0
grandchildren,2,20,22,0.909
taxi,12,10,22,0.455
licensor,12,10,22,0.455
anbsp,0,22,22,1.0
indent,1,21,22,0.955
insulin,7,15,22,0.682
layla,22,0,22,0.0
scriptur,2,20,22,0.909
neighbour,5,17,22,0.773
solder,0,22,22,1.0
cassett,0,22,22,1.0
piecem,19,3,22,0.136
isaac,3,19,22,0.864
yate,16,6,22,0.273
oxid,0,22,22,1.0
tttp,0,22,22,1.0
reboot,12,10,22,0.455
sunncomm,0,22,22,1.0
decompos,5,17,22,0.773
epi,22,0,22,0.0
nate,5,17,22,0.773
atft,0,22,22,1.0
batik,0,22,22,1.0
bom,22,0,22,0.0
nixon,9,13,22,0.591
boreali,8,14,22,0.636
oxi,20,2,22,0.091
vu,15,7,22,0.318
riot,10,12,22,0.545
dorcheu,22,0,22,0.0
finess,0,22,22,1.0
obsess,3,19,22,0.864
diagnosi,1,21,22,0.955
upw,0,22,22,1.0
intersect,14,8,22,0.364
sddp,22,0,22,0.0
cain,4,18,22,0.818
churchyard,0,22,22,1.0
charger,1,21,22,0.955
mitosi,0,21,21,1.0
bower,17,4,21,0.19
daugherti,10,11,21,0.524
gretchen,11,10,21,0.476
astrophys,1,20,21,0.952
decision,2,19,21,0.905
salesperson,13,8,21,0.381
tp,1,20,21,0.952
ethernet,1,20,21,0.952
pavilion,11,10,21,0.476
pvc,5,16,21,0.762
juliet,13,8,21,0.381
ister,0,21,21,1.0
mcluca,21,0,21,0.0
reinhard,0,21,21,1.0
chrome,4,17,21,0.81
fiala,21,0,21,0.0
starter,16,5,21,0.238
mj,12,9,21,0.429
petersburg,8,13,21,0.619
gillett,11,10,21,0.476
lawn,7,14,21,0.667
improvis,0,21,21,1.0
larson,11,10,21,0.476
hoff,16,5,21,0.238
phenomena,4,17,21,0.81
martel,21,0,21,0.0
robbin,8,13,21,0.619
therapeut,2,19,21,0.905
cheung,1,20,21,0.952
cleric,6,15,21,0.714
symanntec,0,21,21,1.0
hermann,10,11,21,0.524
planner,12,9,21,0.429
,0,21,21,1.0
oscil,10,11,21,0.524
chemistri,4,17,21,0.81
elc,20,1,21,0.048
crawfish,21,0,21,0.0
ajello,21,0,21,0.0
brim,0,21,21,1.0
acyc,0,21,21,1.0
afforest,0,21,21,1.0
intak,4,17,21,0.81
improprieti,10,11,21,0.524
emperor,3,18,21,0.857
redempt,11,10,21,0.476
rational,16,5,21,0.238
prada,0,21,21,1.0
inclui,0,21,21,1.0
husain,21,0,21,0.0
ansi,6,15,21,0.714
vika,21,0,21,0.0
karima,21,0,21,0.0
holocaust,9,12,21,0.571
qsl,0,21,21,1.0
bereav,0,21,21,1.0
pardon,1,20,21,0.952
insult,7,14,21,0.667
salisburi,17,4,21,0.19
brighten,2,19,21,0.905
backout,21,0,21,0.0
koo,10,11,21,0.524
chalk,7,14,21,0.667
sapsford,21,0,21,0.0
dtoi,0,21,21,1.0
lpg,21,0,21,0.0
specificaliy,0,21,21,1.0
paz,16,5,21,0.238
impel,0,21,21,1.0
deceit,3,18,21,0.857
kidney,4,17,21,0.81
eyefontm,0,21,21,1.0
venezuela,11,10,21,0.476
minn,17,4,21,0.19
scaiabi,0,21,21,1.0
anaheim,4,17,21,0.81
eke,9,12,21,0.571
foo,20,1,21,0.048
einstein,0,21,21,1.0
fcv,21,0,21,0.0
gull,1,20,21,0.952
gerard,11,10,21,0.476
bpub,20,1,21,0.048
ernest,11,10,21,0.476
metropolitan,11,10,21,0.476
agentl,0,21,21,1.0
alden,2,19,21,0.905
entiaiiti,0,21,21,1.0
repaid,17,4,21,0.19
motorcycl,5,16,21,0.762
knife,3,18,21,0.857
dystrophi,4,17,21,0.81
synopsi,12,9,21,0.429
inciudinq,0,21,21,1.0
dynast,0,21,21,1.0
sway,14,7,21,0.333
xinhua,0,21,21,1.0
dobb,11,10,21,0.476
bart,8,13,21,0.619
clyde,5,16,21,0.762
geil,0,21,21,1.0
profesion,0,21,21,1.0
chug,0,21,21,1.0
genco,21,0,21,0.0
algebra,2,19,21,0.905
brunch,5,16,21,0.762
kurt,7,14,21,0.667
whirligig,0,21,21,1.0
rui,0,21,21,1.0
oakland,13,8,21,0.381
datecod,0,21,21,1.0
mallik,21,0,21,0.0
ced,2,19,21,0.905
pago,0,21,21,1.0
alga,0,21,21,1.0
anglican,0,21,21,1.0
antena,0,21,21,1.0
freeport,16,5,21,0.238
cognat,0,21,21,1.0
sketch,10,11,21,0.524
jathon,21,0,21,0.0
iptv,21,0,21,0.0
wireiessli,0,21,21,1.0
mesquita,21,0,21,0.0
demurrag,0,21,21,1.0
konto,2,19,21,0.905
tampa,8,13,21,0.619
hari,19,2,21,0.095
confi,0,21,21,1.0
transpiant,0,21,21,1.0
timekeep,21,0,21,0.0
hindranc,4,17,21,0.81
goat,1,20,21,0.952
cybernet,0,21,21,1.0
subvert,2,19,21,0.905
epri,21,0,21,0.0
itseif,0,21,21,1.0
chantel,19,2,21,0.095
dearth,3,18,21,0.857
showroom,3,18,21,0.857
uss,0,21,21,1.0
uniform,11,10,21,0.476
jungl,4,17,21,0.81
bajo,0,21,21,1.0
fest,4,17,21,0.81
homolog,0,21,21,1.0
vivid,1,20,21,0.952
brash,7,14,21,0.667
surfer,3,18,21,0.857
hardcopi,19,2,21,0.095
ecth,21,0,21,0.0
sludg,0,21,21,1.0
newyork,19,2,21,0.095
cosst,0,21,21,1.0
bestsel,3,18,21,0.857
guatemaia,0,21,21,1.0
choru,6,15,21,0.714
vv,5,16,21,0.762
piti,6,15,21,0.714
rourk,16,5,21,0.238
lament,5,16,21,0.762
uniprim,21,0,21,0.0
witch,11,10,21,0.476
lazaru,15,6,21,0.286
lipiitor,0,21,21,1.0
monkey,10,11,21,0.524
offsystem,21,0,21,0.0
preach,12,9,21,0.429
prrice,0,21,21,1.0
nev,1,20,21,0.952
mayo,5,16,21,0.762
hostess,4,17,21,0.81
xt,2,19,21,0.905
sengupta,20,1,21,0.048
cleco,21,0,21,0.0
antispam,0,21,21,1.0
bicep,0,21,21,1.0
chaney,20,1,21,0.048
scuttl,14,7,21,0.333
turbul,17,4,21,0.19
gop,17,4,21,0.19
cursor,1,20,21,0.952
hepburn,2,19,21,0.905
augustin,5,16,21,0.762
guzman,21,0,21,0.0
fret,12,9,21,0.429
classif,11,10,21,0.476
blanca,18,3,21,0.143
psalm,16,5,21,0.238
pirat,4,17,21,0.81
vy,9,12,21,0.571
implod,15,6,21,0.286
parcel,4,17,21,0.81
fy,5,16,21,0.762
usman,0,21,21,1.0
kouri,21,0,21,0.0
recentiy,0,21,21,1.0
aso,4,17,21,0.81
aspirin,2,19,21,0.905
adsorb,0,21,21,1.0
rickard,2,19,21,0.905
incredul,0,21,21,1.0
jingm,21,0,21,0.0
ack,5,16,21,0.762
ham,6,15,21,0.714
shakeout,21,0,21,0.0
invari,2,19,21,0.905
reactiv,8,13,21,0.619
playstat,3,18,21,0.857
ianquag,0,21,21,1.0
boardroom,18,3,21,0.143
avow,0,21,21,1.0
mintz,21,0,21,0.0
oom,13,8,21,0.381
ainsley,21,0,21,0.0
landown,13,8,21,0.381
unpredict,14,7,21,0.333
aver,1,20,21,0.952
accident,10,11,21,0.524
tarzan,1,20,21,0.952
avalanch,5,16,21,0.762
nce,0,21,21,1.0
wrapup,18,3,21,0.143
eea,13,8,21,0.381
glucophag,0,21,21,1.0
preprint,21,0,21,0.0
ji,7,14,21,0.667
midwestern,15,6,21,0.286
brogan,21,0,21,0.0
abey,6,15,21,0.714
gag,2,19,21,0.905
tamara,20,1,21,0.048
macrom,0,21,21,1.0
sese,0,21,21,1.0
aggressor,1,20,21,0.952
corral,4,17,21,0.81
glashut,0,21,21,1.0
daylight,6,15,21,0.714
aka,14,7,21,0.333
unforeseen,15,6,21,0.286
aqgi,0,21,21,1.0
homogen,2,19,21,0.905
cll,0,21,21,1.0
assidu,4,17,21,0.81
galleria,21,0,21,0.0
predica,7,14,21,0.667
yourman,21,0,21,0.0
youngberg,21,0,21,0.0
newsl,3,18,21,0.857
cerebr,0,21,21,1.0
wyndham,19,2,21,0.095
kuo,21,0,21,0.0
sari,13,8,21,0.381
capston,2,19,21,0.905
glitch,11,10,21,0.476
imprint,1,20,21,0.952
deirdr,17,4,21,0.19
freebsd,4,17,21,0.81
assail,4,17,21,0.81
tranch,20,1,21,0.048
mellacheruvu,21,0,21,0.0
sukali,21,0,21,0.0
dentiaiiti,0,21,21,1.0
bogdan,21,0,21,0.0
antipod,0,21,21,1.0
bel,1,20,21,0.952
insignific,15,6,21,0.286
darwin,7,14,21,0.667
solberg,21,0,21,0.0
unilater,17,4,21,0.19
overpr,19,2,21,0.095
rofession,0,21,21,1.0
ipanema,0,21,21,1.0
patsi,13,8,21,0.381
poverti,5,16,21,0.762
fpa,16,5,21,0.238
flush,9,12,21,0.571
unter,0,21,21,1.0
clearinghous,21,0,21,0.0
specialis,12,9,21,0.429
foliow,0,21,21,1.0
tycoon,2,19,21,0.905
forens,5,16,21,0.762
plil,0,21,21,1.0
barbado,0,21,21,1.0
wsi,20,1,21,0.048
personai,0,21,21,1.0
mould,1,20,21,0.952
delin,10,11,21,0.524
pea,0,21,21,1.0
karthik,21,0,21,0.0
derbi,3,18,21,0.857
tonya,16,5,21,0.238
curb,9,12,21,0.571
armor,4,17,21,0.81
upland,0,21,21,1.0
voyag,6,15,21,0.714
shipplng,0,21,21,1.0
contradistinct,0,21,21,1.0
stingray,8,13,21,0.619
brownel,14,7,21,0.333
bequest,0,21,21,1.0
tighter,12,9,21,0.429
duct,2,19,21,0.905
tao,4,17,21,0.81
wilkinson,15,6,21,0.286
vestment,0,21,21,1.0
prey,1,20,21,0.952
burglar,0,21,21,1.0
juliu,4,17,21,0.81
nuhan,0,21,21,1.0
dilat,0,21,21,1.0
bedsid,0,21,21,1.0
synergist,1,20,21,0.952
insead,21,0,21,0.0
cyru,14,7,21,0.333
toolkit,7,14,21,0.667
williston,7,14,21,0.667
recognis,13,8,21,0.381
guillermo,16,5,21,0.238
giovannini,21,0,21,0.0
dewar,4,17,21,0.81
titi,0,21,21,1.0
wangfa,21,0,21,0.0
bald,0,21,21,1.0
languish,7,14,21,0.667
cierp,0,21,21,1.0
mold,4,17,21,0.81
canfield,9,12,21,0.571
spenc,17,4,21,0.19
karri,21,0,21,0.0
sneak,5,16,21,0.762
circumcis,0,21,21,1.0
anc,9,12,21,0.571
kneisley,21,0,21,0.0
manifest,7,14,21,0.667
bowi,3,18,21,0.857
vpn,16,5,21,0.238
irrelev,8,13,21,0.619
phantom,7,14,21,0.667
turkish,13,8,21,0.381
merced,11,10,21,0.476
ost,0,21,21,1.0
doesnt,1,20,21,0.952
tucson,6,15,21,0.714
endocrin,0,21,21,1.0
autonomi,3,18,21,0.857
sculpt,0,21,21,1.0
campion,2,19,21,0.905
stereo,2,19,21,0.905
kilduff,21,0,21,0.0
hy,7,14,21,0.667
birefring,0,21,21,1.0
cush,13,8,21,0.381
benni,2,19,21,0.905
retrospect,18,3,21,0.143
sequenti,11,10,21,0.476
hoecker,21,0,21,0.0
bestir,0,21,21,1.0
stamer,21,0,21,0.0
lind,2,19,21,0.905
inflex,8,13,21,0.619
procrastin,6,15,21,0.714
ernst,12,9,21,0.429
cartograph,0,21,21,1.0
dew,10,11,21,0.524
snore,1,20,21,0.952
arbitrari,13,8,21,0.381
rehabilit,3,18,21,0.857
workgroup,3,18,21,0.857
maior,0,21,21,1.0
flicker,21,0,21,0.0
statut,16,5,21,0.238
mcmullen,17,4,21,0.19
bev,19,2,21,0.095
balli,1,20,21,0.952
dwindl,11,10,21,0.476
lvc,16,5,21,0.238
thesecur,0,21,21,1.0
userid,11,10,21,0.476
loft,6,15,21,0.714
auxiliari,10,11,21,0.524
dleftfont,0,21,21,1.0
emilio,8,13,21,0.619
festa,3,18,21,0.857
breathitt,21,0,21,0.0
dyke,5,16,21,0.762
eia,17,4,21,0.19
lft,20,1,21,0.048
cram,1,20,21,0.952
cantrel,20,1,21,0.048
calam,1,20,21,0.952
prosz,21,0,21,0.0
tumultu,17,4,21,0.19
frusco,21,0,21,0.0
pode,0,21,21,1.0
pepco,21,0,21,0.0
exl,21,0,21,0.0
gaze,4,17,21,0.81
mum,6,15,21,0.714
foresaw,4,17,21,0.81
abridg,5,16,21,0.762
cretac,0,21,21,1.0
emigr,0,20,20,1.0
amput,1,19,20,0.95
rtfm,20,0,20,0.0
sarimah,20,0,20,0.0
sportak,0,20,20,1.0
abomin,0,20,20,1.0
squeal,0,20,20,1.0
ghastli,0,20,20,1.0
hastili,16,4,20,0.2
reyna,18,2,20,0.1
boiler,19,1,20,0.05
gelber,20,0,20,0.0
kmart,12,8,20,0.4
withstand,8,12,20,0.6
retard,12,8,20,0.4
reconfirm,19,1,20,0.05
satisfactorili,8,12,20,0.6
trafficmagnet,0,20,20,1.0
eor,0,20,20,1.0
ambler,20,0,20,0.0
reaiiz,0,20,20,1.0
temo,0,20,20,1.0
infom,14,6,20,0.3
pargrafo,0,20,20,1.0
pepsico,16,4,20,0.2
caress,0,20,20,1.0
barb,16,4,20,0.2
mcnic,20,0,20,0.0
direccin,0,20,20,1.0
dahl,9,11,20,0.55
toe,6,14,20,0.7
cust,2,18,20,0.9
matheson,17,3,20,0.15
outcri,20,0,20,0.0
butan,1,19,20,0.95
scar,5,15,20,0.75
stapl,7,13,20,0.65
barrow,11,9,20,0.45
feerick,20,0,20,0.0
farrel,10,10,20,0.5
pacheco,18,2,20,0.1
iess,0,20,20,1.0
finaiist,0,20,20,1.0
gorgeou,4,16,20,0.8
deepa,20,0,20,0.0
drafte,0,20,20,1.0
soldstart,0,20,20,1.0
cavil,0,20,20,1.0
bose,5,15,20,0.75
northwestern,16,4,20,0.2
grandpa,2,18,20,0.9
gdfx,0,20,20,1.0
bronz,8,12,20,0.6
mcdowel,11,9,20,0.45
cannib,2,18,20,0.9
pike,2,18,20,0.9
rb,3,17,20,0.85
embroil,6,14,20,0.7
mcdevitt,20,0,20,0.0
marijuana,0,20,20,1.0
arbor,2,18,20,0.9
venta,0,20,20,1.0
ceram,1,19,20,0.95
vinyl,6,14,20,0.7
worden,0,20,20,1.0
onlinegenericshop,0,20,20,1.0
allus,3,17,20,0.85
heroin,0,20,20,1.0
schoolchildren,1,19,20,0.95
accentur,20,0,20,0.0
decod,4,16,20,0.8
mov,0,20,20,1.0
siz,0,20,20,1.0
wildest,1,19,20,0.95
tambm,0,20,20,1.0
irresist,2,18,20,0.9
cadr,5,15,20,0.75
peanut,4,16,20,0.8
cheek,1,19,20,0.95
cle,3,17,20,0.85
prvb,0,20,20,1.0
cilck,0,20,20,1.0
gigabyt,4,16,20,0.8
afterthought,3,17,20,0.85
lao,2,18,20,0.9
wd,5,15,20,0.75
rhyme,2,18,20,0.9
bossier,2,18,20,0.9
efecto,0,20,20,1.0
melodi,1,19,20,0.95
puritan,0,20,20,1.0
easyadpost,0,20,20,1.0
bragg,3,17,20,0.85
expiri,13,7,20,0.35
reciept,7,13,20,0.65
tread,11,9,20,0.45
bankofamerica,2,18,20,0.9
bitterroot,1,19,20,0.95
prri,0,20,20,1.0
letterhead,8,12,20,0.6
gel,3,17,20,0.85
costless,12,8,20,0.4
donaldson,5,15,20,0.75
ramo,11,9,20,0.45
garbag,8,12,20,0.6
bole,7,13,20,0.65
sift,11,9,20,0.45
arithmet,4,16,20,0.8
dvr,0,20,20,1.0
hlh,20,0,20,0.0
unload,12,8,20,0.4
unquestion,6,14,20,0.7
fondren,20,0,20,0.0
inbound,13,7,20,0.35
braid,0,20,20,1.0
cdtd,0,20,20,1.0
reveng,3,17,20,0.85
drip,5,15,20,0.75
purcel,14,6,20,0.3
nata,0,20,20,1.0
pinksheet,0,20,20,1.0
icq,1,19,20,0.95
firma,1,19,20,0.95
alumna,0,20,20,1.0
effloresc,0,20,20,1.0
suppii,0,20,20,1.0
itcapp,20,0,20,0.0
gustavo,18,2,20,0.1
fetish,1,19,20,0.95
beatric,7,13,20,0.65
hubri,14,6,20,0.3
dhabol,20,0,20,0.0
comet,5,15,20,0.75
temptat,8,12,20,0.6
tsb,3,17,20,0.85
documentari,5,15,20,0.75
telescop,0,20,20,1.0
seko,0,20,20,1.0
arguabl,20,0,20,0.0
kaminiski,20,0,20,0.0
novic,3,17,20,0.85
zesto,0,20,20,1.0
stain,13,7,20,0.35
microsystem,17,3,20,0.15
mythic,1,19,20,0.95
humid,8,12,20,0.6
selloff,20,0,20,0.0
devolva,0,20,20,1.0
sorrel,14,6,20,0.3
emeritu,9,11,20,0.55
vastar,20,0,20,0.0
seminari,2,18,20,0.9
arialy,0,20,20,1.0
arialretail,0,20,20,1.0
annett,10,10,20,0.5
ltda,3,17,20,0.85
toledo,3,17,20,0.85
adelaid,3,17,20,0.85
oldest,8,12,20,0.6
opil,0,20,20,1.0
anilin,0,20,20,1.0
emaillink,20,0,20,0.0
gosnel,20,0,20,0.0
delus,0,20,20,1.0
buse,10,10,20,0.5
leopold,15,5,20,0.25
hagen,14,6,20,0.3
presumpt,2,18,20,0.9
unnam,20,0,20,0.0
scmi,0,20,20,1.0
trident,3,17,20,0.85
phelp,10,10,20,0.5
byte,7,13,20,0.65
mint,0,20,20,1.0
seguro,0,20,20,1.0
rite,7,13,20,0.65
deduc,3,17,20,0.85
eiectron,0,20,20,1.0
provision,10,10,20,0.5
abazi,0,20,20,1.0
lacey,18,2,20,0.1
authorit,7,13,20,0.65
qti,16,4,20,0.2
bristow,20,0,20,0.0
cre,12,8,20,0.4
crumb,0,20,20,1.0
problemat,15,5,20,0.25
sting,3,17,20,0.85
particl,5,15,20,0.75
scrutin,18,2,20,0.1
neutraceut,0,20,20,1.0
dixieland,0,20,20,1.0
dh,10,10,20,0.5
swung,8,12,20,0.6
doomsday,9,11,20,0.55
wax,5,15,20,0.75
ccprivacypolici,20,0,20,0.0
zoo,2,18,20,0.9
couch,6,14,20,0.7
depositari,4,16,20,0.8
firstcail,0,20,20,1.0
birk,0,20,20,1.0
silvia,17,3,20,0.15
jitteri,12,8,20,0.4
spawn,15,5,20,0.25
gig,7,13,20,0.65
bombard,3,17,20,0.85
rockwel,5,15,20,0.75
repent,1,19,20,0.95
cape,0,20,20,1.0
financiero,0,20,20,1.0
camil,10,10,20,0.5
wavescrib,0,20,20,1.0
straw,13,7,20,0.35
accompiish,0,20,20,1.0
keeney,20,0,20,0.0
brande,20,0,20,0.0
ida,2,18,20,0.9
idc,4,16,20,0.8
tdtrtd,0,20,20,1.0
tangl,15,5,20,0.25
cj,3,17,20,0.85
wheelabr,20,0,20,0.0
bav,20,0,20,0.0
padron,17,3,20,0.15
ivan,3,17,20,0.85
cordon,0,20,20,1.0
dibbl,0,20,20,1.0
poli,7,13,20,0.65
clemon,18,2,20,0.1
transpir,7,13,20,0.65
brock,11,9,20,0.45
embarass,1,19,20,0.95
mein,1,19,20,0.95
eixo,0,20,20,1.0
gotshal,20,0,20,0.0
avion,3,17,20,0.85
addida,0,20,20,1.0
giancola,20,0,20,0.0
insect,3,17,20,0.85
hpp,0,20,20,1.0
ecours,0,20,20,1.0
ama,1,19,20,0.95
kpmg,16,4,20,0.2
soiid,0,20,20,1.0
claremont,6,14,20,0.7
dolan,4,16,20,0.8
lactam,0,20,20,1.0
snyder,16,4,20,0.2
csnet,0,20,20,1.0
gte,20,0,20,0.0
qbmjpvsh,0,20,20,1.0
kdv,0,20,20,1.0
gulati,0,20,20,1.0
iif,19,1,20,0.05
ffaoa,0,20,20,1.0
middleman,13,7,20,0.35
orchestr,6,14,20,0.7
cathod,0,20,20,1.0
ription,0,20,20,1.0
viripot,0,20,20,1.0
siqnificantli,0,20,20,1.0
flashlight,0,20,20,1.0
workday,12,8,20,0.4
dallman,20,0,20,0.0
thinkbank,20,0,20,0.0
standbi,14,6,20,0.3
kline,17,3,20,0.15
busp,0,20,20,1.0
jorg,14,6,20,0.3
executor,0,20,20,1.0
maac,20,0,20,0.0
underst,18,2,20,0.1
photooshop,0,20,20,1.0
pui,0,20,20,1.0
lebo,20,0,20,0.0
rapidiy,0,20,20,1.0
foreclosur,1,19,20,0.95
hst,0,20,20,1.0
worship,10,10,20,0.5
feld,20,0,20,0.0
infodel,0,20,20,1.0
pest,3,17,20,0.85
estrategia,0,20,20,1.0
musician,3,17,20,0.85
sommer,20,0,20,0.0
rri,15,5,20,0.25
ailow,0,20,20,1.0
forthright,11,9,20,0.45
liu,13,7,20,0.35
seam,14,6,20,0.3
dawson,12,8,20,0.4
sein,0,20,20,1.0
firstenergi,20,0,20,0.0
actress,1,19,20,0.95
kirkpatrick,19,1,20,0.05
einen,0,20,20,1.0
lrcj,0,20,20,1.0
estudio,0,20,20,1.0
verleg,20,0,20,0.0
stretcher,0,20,20,1.0
kr,4,16,20,0.8
jointpain,0,20,20,1.0
shiv,18,2,20,0.1
miyai,20,0,20,0.0
vienna,8,12,20,0.6
statur,7,13,20,0.65
columnist,19,1,20,0.05
mixer,20,0,20,0.0
sweeti,1,19,20,0.95
denigr,3,17,20,0.85
emi,16,4,20,0.2
spokesmen,16,4,20,0.2
bernic,10,10,20,0.5
counterflow,0,20,20,1.0
isl,1,19,20,0.95
enquir,1,19,20,0.95
fairi,2,18,20,0.9
vuchetich,20,0,20,0.0
hazel,1,19,20,0.95
thunder,6,14,20,0.7
juvenil,12,8,20,0.4
ier,0,20,20,1.0
waterloo,18,2,20,0.1
snider,17,3,20,0.15
cipro,3,17,20,0.85
cna,2,18,20,0.9
doorkeep,0,20,20,1.0
beacon,3,17,20,0.85
altra,18,2,20,0.1
comerci,0,20,20,1.0
godfrey,17,3,20,0.15
youll,0,20,20,1.0
penal,14,6,20,0.3
mcfadden,11,9,20,0.45
copel,20,0,20,0.0
submitt,15,5,20,0.25
wander,7,13,20,0.65
lobbyist,20,0,20,0.0
gsa,12,8,20,0.4
bulb,11,9,20,0.45
discouunt,0,20,20,1.0
bale,2,18,20,0.9
fighter,8,12,20,0.6
ceilular,0,20,20,1.0
ghirardelli,0,20,20,1.0
bloomer,20,0,20,0.0
exterior,2,18,20,0.9
telegeographi,0,20,20,1.0
antagonist,6,14,20,0.7
bridget,10,10,20,0.5
explic,0,20,20,1.0
alimoni,0,20,20,1.0
nebulaeroad,0,20,20,1.0
harshbarg,20,0,20,0.0
minow,20,0,20,0.0
atc,20,0,20,0.0
mendelsohn,20,0,20,0.0
gmx,0,20,20,1.0
spurt,4,16,20,0.8
sacrament,0,20,20,1.0
bona,6,14,20,0.7
banana,6,14,20,0.7
abdulla,0,20,20,1.0
stringent,3,17,20,0.85
mackenzi,15,5,20,0.25
mindspr,18,2,20,0.1
fadi,0,20,20,1.0
fromact,0,20,20,1.0
bluff,10,10,20,0.5
countrywid,0,20,20,1.0
amd,1,19,20,0.95
weld,4,16,20,0.8
firewir,0,20,20,1.0
salad,14,6,20,0.3
foi,0,20,20,1.0
webseit,0,20,20,1.0
faulti,12,8,20,0.4
cozi,5,15,20,0.75
selfish,2,18,20,0.9
geynil,20,0,20,0.0
refere,2,18,20,0.9
juliann,20,0,20,0.0
arialour,0,20,20,1.0
angelika,20,0,20,0.0
stockman,20,0,20,0.0
centertrtd,0,20,20,1.0
outweigh,19,1,20,0.05
pow,3,17,20,0.85
unl,9,11,20,0.55
feast,6,14,20,0.7
censori,0,20,20,1.0
underestim,15,5,20,0.25
gri,19,1,20,0.05
curtain,10,10,20,0.5
cornelia,1,19,20,0.95
drawback,10,10,20,0.5
desarrollo,0,20,20,1.0
sofya,20,0,20,0.0
ikoyi,0,20,20,1.0
embroid,0,20,20,1.0
markham,8,12,20,0.6
gv,0,20,20,1.0
nippon,11,9,20,0.45
salesman,4,16,20,0.8
pablo,10,10,20,0.5
propound,1,19,20,0.95
bradshaw,1,19,20,0.95
nascent,8,12,20,0.6
puppi,13,7,20,0.35
tackett,18,2,20,0.1
arialba,0,20,20,1.0
bellweth,13,7,20,0.35
treati,5,15,20,0.75
complac,6,14,20,0.7
blog,0,20,20,1.0
lucia,3,17,20,0.85
anod,0,20,20,1.0
shoemak,10,10,20,0.5
nowbuy,0,20,20,1.0
applebi,8,12,20,0.6
detest,0,20,20,1.0
staid,14,6,20,0.3
baromet,7,13,20,0.65
statewid,16,4,20,0.2
skittish,20,0,20,0.0
efa,20,0,20,0.0
brow,0,20,20,1.0
caption,11,9,20,0.45
paln,0,20,20,1.0
glitter,5,15,20,0.75
wwwl,7,13,20,0.65
crisp,3,17,20,0.85
connector,3,17,20,0.85
aicohoi,0,20,20,1.0
frontera,20,0,20,0.0
jh,1,18,19,0.947
cowri,0,19,19,1.0
harmless,9,10,19,0.526
biock,0,19,19,1.0
presenta,0,19,19,1.0
aquisit,8,11,19,0.579
pilgrim,8,11,19,0.579
aerofoammet,0,19,19,1.0
diferent,0,19,19,1.0
loot,0,19,19,1.0
interperson,19,0,19,0.0
delicti,0,19,19,1.0
businessmen,5,14,19,0.737
sheppard,12,7,19,0.368
mandamu,1,18,19,0.947
bannersgomlm,0,19,19,1.0
pinnaclegli,0,19,19,1.0
afield,3,16,19,0.842
slava,19,0,19,0.0
startinq,0,19,19,1.0
dsm,11,8,19,0.421
bilinear,0,19,19,1.0
bigfoot,16,3,19,0.158
pennystock,0,19,19,1.0
blunder,3,16,19,0.842
drainag,4,15,19,0.789
mation,1,18,19,0.947
edna,5,14,19,0.737
ubsenergi,19,0,19,0.0
stevenson,14,5,19,0.263
ensembl,12,7,19,0.368
worrisom,16,3,19,0.158
roiex,0,19,19,1.0
daten,12,7,19,0.368
averi,3,16,19,0.842
roo,17,2,19,0.105
elast,6,13,19,0.684
kallipoleo,18,1,19,0.053
prefix,2,17,19,0.895
ofrec,0,19,19,1.0
impenetr,8,11,19,0.579
sooftwar,0,19,19,1.0
snfx,0,19,19,1.0
cologn,7,12,19,0.632
chais,0,19,19,1.0
infor,1,18,19,0.947
avoc,0,19,19,1.0
xe,0,19,19,1.0
sordo,19,0,19,0.0
sem,1,18,19,0.947
ala,2,17,19,0.895
infact,1,18,19,0.947
acción,0,19,19,1.0
toil,7,12,19,0.632
isabel,9,10,19,0.526
dar,0,19,19,1.0
enviabl,1,18,19,0.947
anaiysi,0,19,19,1.0
aithough,0,19,19,1.0
romant,8,11,19,0.579
coexist,2,17,19,0.895
heller,15,4,19,0.211
rust,11,8,19,0.421
poorli,16,3,19,0.158
euphoria,5,14,19,0.737
snowmobil,1,18,19,0.947
vom,6,13,19,0.684
blackburn,4,15,19,0.789
literaci,15,4,19,0.211
oscilloscop,0,19,19,1.0
fdic,1,18,19,0.947
yanzhou,0,19,19,1.0
apiec,8,11,19,0.579
pedido,0,19,19,1.0
simou,19,0,19,0.0
lallani,19,0,19,0.0
cardiovascular,0,19,19,1.0
sina,9,10,19,0.526
racial,14,5,19,0.263
srm,19,0,19,0.0
zocor,0,19,19,1.0
cornwal,0,19,19,1.0
affluent,2,17,19,0.895
prilosec,0,19,19,1.0
ned,10,9,19,0.474
xtreme,0,19,19,1.0
darken,2,17,19,0.895
mjg,19,0,19,0.0
overail,0,19,19,1.0
compay,1,18,19,0.947
humil,0,19,19,1.0
grecian,0,19,19,1.0
pare,13,6,19,0.316
essex,2,17,19,0.895
fellowship,13,6,19,0.316
slope,9,10,19,0.526
rome,8,11,19,0.579
emphat,3,16,19,0.842
barefoot,0,19,19,1.0
ensid,19,0,19,0.0
nosotro,0,19,19,1.0
egyptian,2,17,19,0.895
eprocur,19,0,19,0.0
gould,11,8,19,0.421
cherub,0,19,19,1.0
mujica,19,0,19,0.0
psi,13,6,19,0.316
amtrak,2,17,19,0.895
tug,6,13,19,0.684
blumenth,7,12,19,0.632
alma,8,11,19,0.579
coloss,7,12,19,0.632
soffttwar,0,19,19,1.0
holi,1,18,19,0.947
tha,7,12,19,0.632
guerriero,19,0,19,0.0
chanceri,5,14,19,0.737
hanna,1,18,19,0.947
acclam,0,19,19,1.0
raleigh,11,8,19,0.421
elk,1,18,19,0.947
ravish,0,19,19,1.0
aromat,1,18,19,0.947
damit,1,18,19,0.947
suntrust,7,12,19,0.632
gal,0,19,19,1.0
gf,6,13,19,0.684
bonsay,0,19,19,1.0
singi,0,19,19,1.0
unpleas,16,3,19,0.158
cigar,2,17,19,0.895
witter,18,1,19,0.053
balkan,1,18,19,0.947
quarto,0,19,19,1.0
breech,0,19,19,1.0
tylenol,0,19,19,1.0
yuni,0,19,19,1.0
psychic,0,19,19,1.0
defi,8,11,19,0.579
sofftware,0,19,19,1.0
fatima,0,19,19,1.0
inf,0,19,19,1.0
sabbat,10,9,19,0.474
commissariat,1,18,19,0.947
ibc,0,19,19,1.0
exult,0,19,19,1.0
acctg,19,0,19,0.0
ingest,0,19,19,1.0
tcp,16,3,19,0.158
raghavan,19,0,19,0.0
viicodin,0,19,19,1.0
danielson,10,9,19,0.474
neve,13,6,19,0.316
servio,0,19,19,1.0
lima,5,14,19,0.737
madra,0,19,19,1.0
berti,3,16,19,0.842
angelo,8,11,19,0.579
shaki,11,8,19,0.421
serviço,0,19,19,1.0
marca,3,16,19,0.842
nossa,0,19,19,1.0
germin,0,19,19,1.0
apartamento,0,19,19,1.0
pharmaceutica,0,19,19,1.0
beforehand,12,7,19,0.368
prophet,1,18,19,0.947
centric,5,14,19,0.737
muzzi,19,0,19,0.0
wholesalebyu,0,19,19,1.0
basalt,0,19,19,1.0
internacion,0,19,19,1.0
infecti,0,19,19,1.0
usr,2,17,19,0.895
automorph,0,19,19,1.0
alphanumer,2,17,19,0.895
wentworth,1,18,19,0.947
pickl,9,10,19,0.526
obasanjo,0,19,19,1.0
lev,4,15,19,0.789
rae,13,6,19,0.316
ching,14,5,19,0.263
finch,0,19,19,1.0
sba,0,19,19,1.0
boyc,2,17,19,0.895
riskpubl,19,0,19,0.0
cane,2,17,19,0.895
unnerv,19,0,19,0.0
realti,15,4,19,0.211
malais,12,7,19,0.368
raanan,0,19,19,1.0
sheriff,7,12,19,0.632
iilustr,0,19,19,1.0
þ,0,19,19,1.0
contour,0,19,19,1.0
dynamit,0,19,19,1.0
anlisi,0,19,19,1.0
gpi,17,2,19,0.105
jayant,19,0,19,0.0
angu,7,12,19,0.632
acerb,0,19,19,1.0
shockwav,12,7,19,0.368
pilar,14,5,19,0.263
vincejkaminski,19,0,19,0.0
laboratorio,0,19,19,1.0
brine,10,9,19,0.474
caviar,1,18,19,0.947
pak,7,12,19,0.632
inanc,1,18,19,0.947
diagrammat,14,5,19,0.263
leschber,19,0,19,0.0
dewi,0,19,19,1.0
lightfoot,19,0,19,0.0
crest,2,17,19,0.895
hash,7,12,19,0.632
claret,0,19,19,1.0
bobcat,1,18,19,0.947
oeuvr,7,12,19,0.632
pverd,19,0,19,0.0
overs,5,14,19,0.737
chromat,0,19,19,1.0
visioson,0,19,19,1.0
erron,6,13,19,0.684
iov,0,19,19,1.0
oppress,0,19,19,1.0
flesh,4,15,19,0.789
cg,6,13,19,0.684
lumin,6,13,19,0.684
fiat,0,19,19,1.0
muchacho,0,19,19,1.0
frederick,2,17,19,0.895
cogentrix,19,0,19,0.0
trigon,18,1,19,0.053
roan,18,1,19,0.053
contravent,2,17,19,0.895
sundanc,12,7,19,0.368
buuyi,0,19,19,1.0
cardhold,10,9,19,0.474
sme,4,15,19,0.789
cep,0,19,19,1.0
tack,9,10,19,0.526
tbd,19,0,19,0.0
ape,0,19,19,1.0
hte,3,16,19,0.842
ballard,9,10,19,0.526
vacuna,0,19,19,1.0
lever,11,8,19,0.421
echterhoff,19,0,19,0.0
crank,6,13,19,0.684
eletrobolt,19,0,19,0.0
dartmouth,6,13,19,0.684
larsen,16,3,19,0.158
southeastern,16,3,19,0.158
patric,6,13,19,0.684
rasmussen,16,3,19,0.158
spout,0,19,19,1.0
abzt,0,19,19,1.0
stricter,14,5,19,0.263
indesiqn,0,19,19,1.0
processo,0,19,19,1.0
subscr,0,19,19,1.0
canvass,3,16,19,0.842
vitra,0,19,19,1.0
combinatori,12,7,19,0.368
downsiz,9,10,19,0.526
axl,3,16,19,0.842
individua,0,19,19,1.0
botch,7,12,19,0.632
polska,19,0,19,0.0
cano,0,19,19,1.0
entireiy,0,19,19,1.0
fsp,19,0,19,0.0
acock,19,0,19,0.0
blur,1,18,19,0.947
flavin,19,0,19,0.0
essay,12,7,19,0.368
astray,3,16,19,0.842
noisi,0,19,19,1.0
abaixo,0,19,19,1.0
majorwitz,19,0,19,0.0
pgtt,19,0,19,0.0
carmin,12,7,19,0.368
pieza,0,19,19,1.0
panason,7,12,19,0.632
mang,14,5,19,0.263
rahaim,19,0,19,0.0
trailblaz,18,1,19,0.053
krishnaswami,19,0,19,0.0
lore,9,10,19,0.526
arb,18,1,19,0.053
dewey,5,14,19,0.737
grayish,0,19,19,1.0
vermont,2,17,19,0.895
cohes,6,13,19,0.684
kunkel,19,0,19,0.0
dens,6,13,19,0.684
usbo,0,19,19,1.0
acl,3,16,19,0.842
terman,19,0,19,0.0
azor,17,2,19,0.105
voyeur,0,19,19,1.0
crocodil,4,15,19,0.789
faint,3,16,19,0.842
delphin,1,18,19,0.947
metaphor,4,15,19,0.789
rafah,0,19,19,1.0
eldridg,19,0,19,0.0
shotgun,12,7,19,0.368
shortcom,14,5,19,0.263
aslg,0,19,19,1.0
gaylord,0,19,19,1.0
disposabi,0,19,19,1.0
margot,17,2,19,0.105
vietnam,11,8,19,0.421
benton,3,16,19,0.842
saxet,19,0,19,0.0
tener,0,19,19,1.0
catapult,5,14,19,0.737
surgeon,7,12,19,0.632
ferragamo,0,19,19,1.0
escada,0,19,19,1.0
sibl,2,17,19,0.895
widest,2,17,19,0.895
yzc,0,19,19,1.0
cuccia,19,0,19,0.0
cerberu,3,16,19,0.842
cabbag,0,19,19,1.0
cunfingham,0,19,19,1.0
expertfind,19,0,19,0.0
vìagra,0,19,19,1.0
canfibr,19,0,19,0.0
penl,0,19,19,1.0
citizenship,7,12,19,0.632
childhood,1,18,19,0.947
bnppariba,19,0,19,0.0
compo,0,19,19,1.0
rampant,4,15,19,0.789
theolog,0,19,19,1.0
pessimist,14,5,19,0.263
maloney,14,5,19,0.263
nash,7,12,19,0.632
facto,6,13,19,0.684
grammi,17,2,19,0.105
advent,8,11,19,0.579
multilater,16,3,19,0.158
mk,9,10,19,0.526
nutrient,0,19,19,1.0
aber,0,19,19,1.0
bakeri,0,19,19,1.0
insecur,0,19,19,1.0
rescind,9,10,19,0.526
entrada,0,19,19,1.0
dreyfu,19,0,19,0.0
fuii,0,19,19,1.0
squat,2,17,19,0.895
ue,8,11,19,0.579
merlin,15,4,19,0.211
crump,8,11,19,0.579
derat,13,6,19,0.316
vlagrra,0,19,19,1.0
ile,7,12,19,0.632
narongwanich,19,0,19,0.0
uw,1,18,19,0.947
guthri,10,9,19,0.474
johann,9,10,19,0.526
ttmt,0,19,19,1.0
telemarket,0,19,19,1.0
freetown,0,19,19,1.0
oneself,4,15,19,0.789
damon,4,15,19,0.789
ramsey,10,9,19,0.474
grammar,7,12,19,0.632
greeneri,3,16,19,0.842
rijswijk,0,19,19,1.0
abrog,2,17,19,0.895
propan,14,5,19,0.263
jacqu,9,10,19,0.526
hilcorp,19,0,19,0.0
collag,0,19,19,1.0
copeland,6,13,19,0.684
amtk,0,19,19,1.0
buychepm,0,19,19,1.0
counten,0,19,19,1.0
bookcas,4,15,19,0.789
ativ,0,19,19,1.0
crossbar,0,19,19,1.0
bipartisan,8,11,19,0.579
foray,9,10,19,0.526
lessar,19,0,19,0.0
mansoor,19,0,19,0.0
libr,2,17,19,0.895
foust,19,0,19,0.0
greenbelt,0,19,19,1.0
aeronaut,5,14,19,0.737
cefer,19,0,19,0.0
ondarza,19,0,19,0.0
cork,0,19,19,1.0
luigic,19,0,19,0.0
publi,0,19,19,1.0
snake,3,16,19,0.842
volatii,0,19,19,1.0
caminu,19,0,19,0.0
finalsmok,0,19,19,1.0
negocio,0,19,19,1.0
mackintosh,0,19,19,1.0
cybershop,0,19,19,1.0
wildli,15,4,19,0.211
krausz,19,0,19,0.0
gossip,6,13,19,0.684
ler,0,19,19,1.0
lexington,8,11,19,0.579
unavoid,13,6,19,0.316
blossom,0,19,19,1.0
toolset,2,17,19,0.895
winokur,19,0,19,0.0
fluent,12,7,19,0.368
cvx,19,0,19,0.0
needi,3,16,19,0.842
australi,0,19,19,1.0
piscina,0,19,19,1.0
sleek,1,18,19,0.947
hydrolog,13,6,19,0.316
eliminar,0,19,19,1.0
perpetr,3,16,19,0.842
petersen,17,2,19,0.105
powerpack,0,19,19,1.0
bosien,19,0,19,0.0
gent,8,11,19,0.579
biograph,11,8,19,0.421
actin,0,19,19,1.0
dragstor,0,19,19,1.0
hid,7,11,18,0.611
addi,1,17,18,0.944
secretariat,0,18,18,1.0
laport,18,0,18,0.0
villanueva,18,0,18,0.0
pref,1,17,18,0.944
admonit,1,17,18,0.944
implant,3,15,18,0.833
flagstaff,12,6,18,0.333
raid,10,8,18,0.444
grandfath,8,10,18,0.556
ofici,0,18,18,1.0
secular,0,18,18,1.0
nadia,4,14,18,0.778
congressman,9,9,18,0.5
aduitstem,0,18,18,1.0
coliectiveiy,0,18,18,1.0
belat,6,12,18,0.667
thrust,5,13,18,0.722
dice,2,16,18,0.889
greasi,0,18,18,1.0
vay,0,18,18,1.0
medit,1,17,18,0.944
thunderbird,13,5,18,0.278
amherst,2,16,18,0.889
recalcul,17,1,18,0.056
fletch,9,9,18,0.5
chlorin,0,18,18,1.0
nap,9,9,18,0.5
spate,14,4,18,0.222
frree,0,18,18,1.0
mta,8,10,18,0.556
mclaughlin,11,7,18,0.389
assigne,5,13,18,0.722
peach,9,9,18,0.5
enbridg,18,0,18,0.0
kicker,15,3,18,0.167
lyco,1,17,18,0.944
wildlif,3,15,18,0.833
typeset,8,10,18,0.556
nord,18,0,18,0.0
eagerli,6,12,18,0.667
peru,6,12,18,0.667
prev,7,11,18,0.611
instantan,7,11,18,0.611
omer,1,17,18,0.944
dmfcc,0,18,18,1.0
mobutu,0,18,18,1.0
cult,3,15,18,0.833
darialbr,0,18,18,1.0
jarrett,15,3,18,0.167
hue,2,16,18,0.889
sweat,6,12,18,0.667
easement,18,0,18,0.0
orator,0,18,18,1.0
xma,10,8,18,0.444
portugues,1,17,18,0.944
adel,0,18,18,1.0
debri,11,7,18,0.389
academi,4,14,18,0.778
crowfoot,0,18,18,1.0
tricia,17,1,18,0.056
yeo,18,0,18,0.0
bunsen,0,18,18,1.0
corona,3,15,18,0.833
expediti,3,15,18,0.833
brogli,0,18,18,1.0
surgica,0,18,18,1.0
electro,2,16,18,0.889
criterion,10,8,18,0.444
degiacinto,18,0,18,0.0
maze,10,8,18,0.444
ej,3,15,18,0.833
kaolin,0,18,18,1.0
confldenti,0,18,18,1.0
defac,0,18,18,1.0
suntan,0,18,18,1.0
patton,6,12,18,0.667
bodywrap,0,18,18,1.0
robhatah,0,18,18,1.0
chatham,5,13,18,0.722
fabl,11,7,18,0.389
culver,3,15,18,0.833
pole,5,13,18,0.722
inequ,2,16,18,0.889
arci,18,0,18,0.0
huh,4,14,18,0.778
gala,9,9,18,0.5
culprit,5,13,18,0.722
swinger,0,18,18,1.0
banish,0,18,18,1.0
banquet,3,15,18,0.833
gilchrist,13,5,18,0.278
downplay,10,8,18,0.444
deve,0,18,18,1.0
solubl,0,18,18,1.0
trinomi,18,0,18,0.0
clk,0,18,18,1.0
prescrlptlonneed,0,18,18,1.0
punctual,2,16,18,0.889
cryptic,5,13,18,0.722
retouch,0,18,18,1.0
felton,15,3,18,0.167
handshak,13,5,18,0.278
bathroom,0,18,18,1.0
circumstanti,5,13,18,0.722
nardin,0,18,18,1.0
egep,18,0,18,0.0
pud,3,15,18,0.833
dwide,0,18,18,1.0
babel,2,16,18,0.889
pert,1,17,18,0.944
hog,4,14,18,0.778
blay,18,0,18,0.0
crossroad,7,11,18,0.611
corrobor,6,12,18,0.667
loosen,11,7,18,0.389
dutt,18,0,18,0.0
bk,0,18,18,1.0
laps,9,9,18,0.5
mccabe,10,8,18,0.444
rural,5,13,18,0.722
turbopark,18,0,18,0.0
scottish,10,8,18,0.444
boudreaux,16,2,18,0.111
munich,6,12,18,0.667
georgetown,13,5,18,0.278
cdc,7,11,18,0.611
anvil,0,18,18,1.0
wyatt,11,7,18,0.389
coddl,3,15,18,0.833
dbsj,0,18,18,1.0
lifelin,13,5,18,0.278
roxann,1,17,18,0.944
glove,8,10,18,0.556
erhalten,3,15,18,0.833
uv,0,18,18,1.0
snoop,2,16,18,0.889
barron,13,5,18,0.278
wanadoo,0,18,18,1.0
rosa,8,10,18,0.556
scrub,10,8,18,0.444
despair,1,17,18,0.944
profissionai,0,18,18,1.0
breaker,14,4,18,0.222
burt,6,12,18,0.667
barker,15,3,18,0.167
conniv,0,18,18,1.0
pse,15,3,18,0.167
abras,4,14,18,0.778
estockquest,0,18,18,1.0
onfidentiai,0,18,18,1.0
piso,1,17,18,0.944
dcent,0,18,18,1.0
butadien,0,18,18,1.0
fredericksburg,0,18,18,1.0
heavier,3,15,18,0.833
automaticaiiy,0,18,18,1.0
dengi,18,0,18,0.0
vpp,18,0,18,0.0
hpll,18,0,18,0.0
springer,3,15,18,0.833
soeldner,18,0,18,0.0
claustrophob,0,18,18,1.0
bluebonnet,8,10,18,0.556
transfus,0,18,18,1.0
moan,2,16,18,0.889
bridesmaid,1,17,18,0.944
chees,3,15,18,0.833
centenni,7,11,18,0.611
jig,2,16,18,0.889
cleav,0,18,18,1.0
pdo,15,3,18,0.167
inheritor,0,18,18,1.0
cacophonist,0,18,18,1.0
geni,12,6,18,0.333
fsb,0,18,18,1.0
roommat,8,10,18,0.556
deactiv,7,11,18,0.611
shankster,18,0,18,0.0
caiendar,0,18,18,1.0
boland,16,2,18,0.111
obli,0,18,18,1.0
musclerelax,0,18,18,1.0
oman,4,14,18,0.778
weep,1,17,18,0.944
southtrust,0,18,18,1.0
overnlght,0,18,18,1.0
futuro,0,18,18,1.0
dolli,1,17,18,0.944
sido,0,18,18,1.0
urquhart,18,0,18,0.0
convivi,0,18,18,1.0
synonym,2,16,18,0.889
pesticid,0,18,18,1.0
lordship,0,18,18,1.0
airfoil,0,18,18,1.0
vanguard,8,10,18,0.556
hstj,0,18,18,1.0
stanton,13,5,18,0.278
befal,0,18,18,1.0
deforest,0,18,18,1.0
gemston,0,18,18,1.0
situ,0,18,18,1.0
napoleon,0,18,18,1.0
torrent,5,13,18,0.722
clad,1,17,18,0.944
carta,0,18,18,1.0
birmingham,6,12,18,0.667
isoverwheiminq,0,18,18,1.0
sedex,0,18,18,1.0
chimney,7,11,18,0.611
nurit,18,0,18,0.0
append,13,5,18,0.278
ihren,0,18,18,1.0
molecul,9,9,18,0.5
netblah,0,18,18,1.0
annemari,14,4,18,0.222
decker,8,10,18,0.556
ukrainian,1,17,18,0.944
dreadnought,0,18,18,1.0
pani,16,2,18,0.111
levei,0,18,18,1.0
contracept,0,18,18,1.0
latinmail,0,18,18,1.0
desleigh,18,0,18,0.0
osseous,0,18,18,1.0
zuli,18,0,18,0.0
blith,6,12,18,0.667
penman,17,1,18,0.056
cockpit,4,14,18,0.778
housewar,4,14,18,0.778
jamaica,0,18,18,1.0
reverber,9,9,18,0.5
revolt,7,11,18,0.611
shenzhen,0,18,18,1.0
epm,10,8,18,0.444
sprawl,4,14,18,0.778
edinburgh,4,14,18,0.778
condominium,3,15,18,0.833
appolog,6,12,18,0.667
cypress,13,5,18,0.278
sidel,18,0,18,0.0
lurk,13,5,18,0.278
berg,4,14,18,0.778
effac,0,18,18,1.0
intrest,1,17,18,0.944
capricorn,4,14,18,0.778
medicatlon,0,18,18,1.0
vow,10,8,18,0.444
apartheid,0,18,18,1.0
coi,18,0,18,0.0
astral,0,18,18,1.0
amin,5,13,18,0.722
mansion,3,15,18,0.833
annihil,4,14,18,0.778
lovver,0,18,18,1.0
britannica,4,14,18,0.778
crea,0,18,18,1.0
hola,1,17,18,0.944
cobbl,7,11,18,0.611
emitt,0,18,18,1.0
barbitur,0,18,18,1.0
exactseek,0,18,18,1.0
archetyp,0,18,18,1.0
blinn,0,18,18,1.0
nanni,10,8,18,0.444
betsey,0,18,18,1.0
youngest,6,12,18,0.667
dvisor,0,18,18,1.0
oyl,0,18,18,1.0
irma,12,6,18,0.333
sunglass,0,18,18,1.0
insomnia,0,18,18,1.0
dx,2,16,18,0.889
behest,5,13,18,0.722
puff,0,18,18,1.0
persecut,0,18,18,1.0
degum,0,18,18,1.0
asteroid,0,18,18,1.0
chaplainci,0,18,18,1.0
dinnertim,0,18,18,1.0
hungari,6,12,18,0.667
citgo,18,0,18,0.0
pereira,16,2,18,0.111
carcinogen,0,18,18,1.0
lili,4,14,18,0.778
epitom,2,16,18,0.889
rodessa,18,0,18,0.0
weaver,10,8,18,0.444
mortal,2,16,18,0.889
corundum,0,18,18,1.0
pllu,18,0,18,0.0
obdp,0,18,18,1.0
codicil,0,18,18,1.0
layni,18,0,18,0.0
bertrand,0,18,18,1.0
dusti,3,15,18,0.833
gation,0,18,18,1.0
drench,0,18,18,1.0
aisha,13,5,18,0.278
proyecto,1,17,18,0.944
chow,8,10,18,0.556
ezin,0,18,18,1.0
alta,0,18,18,1.0
usdl,2,16,18,0.889
abscissa,0,18,18,1.0
popkin,18,0,18,0.0
tribe,3,15,18,0.833
abrupt,7,11,18,0.611
indecis,11,7,18,0.389
dylan,1,17,18,0.944
autograph,7,11,18,0.611
sou,6,12,18,0.667
rejtman,18,0,18,0.0
ecol,7,11,18,0.611
ingenu,4,14,18,0.778
yc,0,18,18,1.0
dcl,5,13,18,0.722
techno,3,15,18,0.833
absente,2,16,18,0.889
daub,0,18,18,1.0
peng,13,5,18,0.278
coy,1,17,18,0.944
subsidari,18,0,18,0.0
bustl,3,15,18,0.833
exalt,0,18,18,1.0
capitul,5,13,18,0.722
megj,0,18,18,1.0
beep,11,7,18,0.389
thor,11,7,18,0.389
mclean,10,8,18,0.444
djia,14,4,18,0.222
maiiss,0,18,18,1.0
dutton,6,12,18,0.667
bombast,1,17,18,0.944
xil,0,18,18,1.0
borg,3,15,18,0.833
abstain,2,16,18,0.889
discl,0,18,18,1.0
intrud,1,17,18,0.944
gordo,0,18,18,1.0
dishwash,3,15,18,0.833
imagereadi,0,18,18,1.0
saga,12,6,18,0.333
befuddl,0,18,18,1.0
churchgo,0,18,18,1.0
tommorrow,17,1,18,0.056
logitech,1,17,18,0.944
piii,0,18,18,1.0
spinner,17,1,18,0.056
orn,11,7,18,0.389
merciless,1,17,18,0.944
dz,3,15,18,0.833
eureka,1,17,18,0.944
prestig,4,14,18,0.778
moin,11,7,18,0.389
contradict,5,13,18,0.722
corpora,0,18,18,1.0
freak,6,12,18,0.667
gavin,6,12,18,0.667
bake,6,12,18,0.667
carlisl,0,18,18,1.0
emm,0,18,18,1.0
suwn,0,18,18,1.0
mixtur,8,10,18,0.556
hlpplng,0,18,18,1.0
vocal,10,8,18,0.444
repercuss,17,1,18,0.056
gupta,18,0,18,0.0
financewis,18,0,18,0.0
quell,14,4,18,0.222
armload,0,18,18,1.0
consequenti,3,15,18,0.833
inja,18,0,18,0.0
rentabilidad,0,18,18,1.0
unlock,2,16,18,0.889
nudg,6,12,18,0.667
conflagr,0,18,18,1.0
guinea,1,17,18,0.944
atal,17,1,18,0.056
schoolgirl,0,18,18,1.0
neurolog,0,18,18,1.0
underwood,17,1,18,0.056
hangzhou,0,18,18,1.0
staffer,17,1,18,0.056
noel,7,11,18,0.611
nutshel,10,8,18,0.444
nutcrack,14,4,18,0.222
teas,6,12,18,0.667
wastewat,9,9,18,0.5
lans,16,2,18,0.111
unto,1,17,18,0.944
pbr,3,15,18,0.833
cormier,17,1,18,0.056
flexibi,0,18,18,1.0
greensboro,1,17,18,0.944
enero,0,18,18,1.0
pero,0,18,18,1.0
cett,0,18,18,1.0
diem,4,14,18,0.778
leaden,0,18,18,1.0
comrad,0,18,18,1.0
dest,0,18,18,1.0
kmp,17,1,18,0.056
ctfg,0,18,18,1.0
afforrd,0,18,18,1.0
denmark,3,15,18,0.833
jj,0,18,18,1.0
patalganga,18,0,18,0.0
goven,0,18,18,1.0
vãlium,0,18,18,1.0
censur,0,18,18,1.0
anteat,0,18,18,1.0
worl,0,18,18,1.0
panacea,7,11,18,0.611
consulta,0,18,18,1.0
marvia,18,0,18,0.0
vald,18,0,18,0.0
castor,0,18,18,1.0
immort,2,16,18,0.889
banqu,5,13,18,0.722
delimit,0,18,18,1.0
doherti,2,16,18,0.889
groundwork,5,13,18,0.722
slant,11,7,18,0.389
bedspread,0,18,18,1.0
freenet,0,18,18,1.0
fig,7,11,18,0.611
maffett,18,0,18,0.0
delv,7,11,18,0.611
gillian,17,1,18,0.056
homicid,0,18,18,1.0
especialiy,0,18,18,1.0
quien,0,18,18,1.0
clase,0,18,18,1.0
readili,14,4,18,0.222
stockwatch,18,0,18,0.0
nonprofit,18,0,18,0.0
blush,2,16,18,0.889
oner,9,9,18,0.5
hillh,18,0,18,0.0
scaie,0,18,18,1.0
matson,10,8,18,0.444
denunci,0,18,18,1.0
constantcontact,18,0,18,0.0
ku,9,9,18,0.5
dagger,0,18,18,1.0
cautious,9,9,18,0.5
bacon,6,12,18,0.667
hypoderm,0,18,18,1.0
fimat,18,0,18,0.0
barber,6,12,18,0.667
powersel,0,18,18,1.0
bum,5,13,18,0.722
catalyt,1,17,18,0.944
refug,3,15,18,0.833
jewish,5,13,18,0.722
brevet,0,18,18,1.0
porto,1,17,18,0.944
annular,0,18,18,1.0
hajia,0,18,18,1.0
vlsa,0,18,18,1.0
crab,0,18,18,1.0
anr,18,0,18,0.0
nww,18,0,18,0.0
shark,7,11,18,0.611
nlm,0,18,18,1.0
rohrback,18,0,18,0.0
kv,10,8,18,0.444
continua,0,18,18,1.0
eri,0,18,18,1.0
hurley,3,15,18,0.833
expend,4,14,18,0.778
clientel,1,17,18,0.944
outflow,17,1,18,0.056
priicew,0,18,18,1.0
aron,18,0,18,0.0
ness,1,17,18,0.944
dthe,0,18,18,1.0
ith,1,17,18,0.944
confucian,0,18,18,1.0
asdi,0,18,18,1.0
exclusivo,0,18,18,1.0
princess,1,17,18,0.944
zonewww,0,18,18,1.0
upturn,6,12,18,0.667
dever,9,9,18,0.5
uu,2,16,18,0.889
keypad,12,6,18,0.333
auctionliquid,0,18,18,1.0
eurold,18,0,18,0.0
beleiv,8,10,18,0.556
callu,1,16,17,0.941
extradit,2,15,17,0.882
vegetarian,7,10,17,0.588
curat,0,17,17,1.0
conocimiento,0,17,17,1.0
thomsen,17,0,17,0.0
sonat,8,9,17,0.529
simpliest,0,17,17,1.0
liberalis,16,1,17,0.059
daze,4,13,17,0.765
msica,0,17,17,1.0
allud,6,11,17,0.647
glamor,3,14,17,0.824
bloodsh,0,17,17,1.0
aspx,3,14,17,0.824
shakespear,2,15,17,0.882
acreag,5,12,17,0.706
alumnu,1,16,17,0.941
expuls,10,7,17,0.412
reynoid,0,17,17,1.0
stint,13,4,17,0.235
pecorp,17,0,17,0.0
hum,4,13,17,0.765
covington,10,7,17,0.412
labei,0,17,17,1.0
reunion,6,11,17,0.647
clone,6,11,17,0.647
syllabl,3,14,17,0.824
orderr,0,17,17,1.0
carfar,0,17,17,1.0
hone,7,10,17,0.588
rait,0,17,17,1.0
fatigu,0,17,17,1.0
tment,0,17,17,1.0
rigid,11,6,17,0.353
trembl,0,17,17,1.0
chime,2,15,17,0.882
trojan,3,14,17,0.824
atav,0,17,17,1.0
edwin,6,11,17,0.647
elv,6,11,17,0.647
midland,8,9,17,0.529
sweitzer,17,0,17,0.0
chateaux,0,17,17,1.0
powermarket,17,0,17,0.0
imi,1,16,17,0.941
aimost,0,17,17,1.0
ailment,5,12,17,0.706
malcom,1,16,17,0.941
mcdonnel,11,6,17,0.353
inspector,5,12,17,0.706
solitud,0,17,17,1.0
gale,10,7,17,0.412
rape,1,16,17,0.941
corkscrew,0,17,17,1.0
mcaliist,0,17,17,1.0
conten,0,17,17,1.0
perregaux,0,17,17,1.0
milken,17,0,17,0.0
crosstown,17,0,17,0.0
caveman,0,17,17,1.0
cartographi,1,16,17,0.941
providian,17,0,17,0.0
powermatch,17,0,17,0.0
belgian,9,8,17,0.471
gorilla,8,9,17,0.529
stationari,7,10,17,0.588
lockout,0,17,17,1.0
imprecis,1,16,17,0.941
kpn,12,5,17,0.294
truckload,14,3,17,0.176
missionari,6,11,17,0.647
pymt,17,0,17,0.0
augur,0,17,17,1.0
tristan,16,1,17,0.059
igsupd,17,0,17,0.0
aden,2,15,17,0.882
haag,3,14,17,0.824
hatch,8,9,17,0.529
shea,11,6,17,0.353
marten,12,5,17,0.294
botox,0,17,17,1.0
können,0,17,17,1.0
cryptanalyt,0,17,17,1.0
womack,17,0,17,0.0
esoter,6,11,17,0.647
posey,11,6,17,0.353
anaiyst,0,17,17,1.0
dolomit,0,17,17,1.0
maxin,9,8,17,0.471
attrit,8,9,17,0.529
gordian,8,9,17,0.529
tagheuer,0,17,17,1.0
firsthand,7,10,17,0.588
brainchild,4,13,17,0.765
denton,8,9,17,0.529
woodrow,7,10,17,0.588
karma,2,15,17,0.882
hereund,4,13,17,0.765
chiropractor,0,17,17,1.0
lucio,0,17,17,1.0
vindict,1,16,17,0.941
renaiss,2,15,17,0.882
fundi,17,0,17,0.0
cabdriv,0,17,17,1.0
prosecutor,9,8,17,0.471
prentic,10,7,17,0.412
mq,0,17,17,1.0
cobol,0,17,17,1.0
iliustr,0,17,17,1.0
trajectori,13,4,17,0.235
proj,8,9,17,0.529
reson,4,13,17,0.765
succes,3,14,17,0.824
diddl,0,17,17,1.0
biblic,1,16,17,0.941
handspr,14,3,17,0.176
agoni,0,17,17,1.0
dichotomi,3,14,17,0.824
identifiabi,0,17,17,1.0
unt,2,15,17,0.882
mcclain,10,7,17,0.412
imbroglio,10,7,17,0.412
vga,0,17,17,1.0
impacto,0,17,17,1.0
notari,0,17,17,1.0
beal,13,4,17,0.235
lobo,14,3,17,0.176
hor,9,8,17,0.471
juggin,17,0,17,0.0
refi,0,17,17,1.0
butyl,3,14,17,0.824
chastiti,0,17,17,1.0
syb,0,17,17,1.0
checkerberri,0,17,17,1.0
sieek,0,17,17,1.0
sulphur,6,11,17,0.647
mccurley,17,0,17,0.0
homemad,2,15,17,0.882
beplast,0,17,17,1.0
idol,2,15,17,0.882
formid,12,5,17,0.294
guarantor,13,4,17,0.235
cashew,0,17,17,1.0
cpc,12,5,17,0.294
evaiuat,0,17,17,1.0
immateri,15,2,17,0.118
chevi,2,15,17,0.882
schiller,13,4,17,0.235
kickoff,13,4,17,0.235
aeco,17,0,17,0.0
sateliit,0,17,17,1.0
heid,0,17,17,1.0
adkin,6,11,17,0.647
adroit,0,17,17,1.0
cosponsor,1,16,17,0.941
nddc,0,17,17,1.0
larrissa,17,0,17,0.0
meinel,17,0,17,0.0
elm,8,9,17,0.529
svga,0,17,17,1.0
tens,9,8,17,0.471
jonalan,17,0,17,0.0
bellsouth,3,14,17,0.824
bba,11,6,17,0.353
sergeev,17,0,17,0.0
snail,3,14,17,0.824
declaratori,5,12,17,0.706
erika,14,3,17,0.176
valencia,11,6,17,0.353
reinvent,17,0,17,0.0
loon,10,7,17,0.412
hf,1,16,17,0.941
artisan,0,17,17,1.0
nf,6,11,17,0.647
giop,0,17,17,1.0
conservatori,0,17,17,1.0
incompet,9,8,17,0.471
maar,0,17,17,1.0
indi,0,17,17,1.0
kann,0,17,17,1.0
glycerin,0,17,17,1.0
fioric,0,17,17,1.0
gregor,9,8,17,0.471
yaron,17,0,17,0.0
ica,1,16,17,0.941
jaguar,0,17,17,1.0
errat,6,11,17,0.647
num,0,17,17,1.0
alguna,1,16,17,0.941
hydrostat,12,5,17,0.294
nora,9,8,17,0.471
rie,10,7,17,0.412
christen,0,17,17,1.0
dielectr,0,17,17,1.0
dimension,12,5,17,0.294
zoom,3,14,17,0.824
deoxyribonucl,0,17,17,1.0
claritin,0,17,17,1.0
testament,6,11,17,0.647
pesquisa,0,17,17,1.0
hendrickson,9,8,17,0.471
telefono,0,17,17,1.0
tenia,0,17,17,1.0
ideolog,8,9,17,0.529
fil,5,12,17,0.706
baytown,17,0,17,0.0
lr,0,17,17,1.0
nr,0,17,17,1.0
fallaci,1,16,17,0.941
uneas,17,0,17,0.0
fingernail,0,17,17,1.0
remiss,2,15,17,0.882
afoot,1,16,17,0.941
eleanor,0,17,17,1.0
vit,0,17,17,1.0
intimaci,0,17,17,1.0
dunham,2,15,17,0.882
mii,0,17,17,1.0
duplex,3,14,17,0.824
mourn,4,13,17,0.765
baneberri,0,17,17,1.0
indigen,4,13,17,0.765
collagen,0,17,17,1.0
stainless,1,16,17,0.941
briefcas,3,14,17,0.824
megapixel,0,17,17,1.0
sudan,2,15,17,0.882
warmer,14,3,17,0.176
maddox,10,7,17,0.412
ippm,17,0,17,0.0
tabolt,17,0,17,0.0
gasto,0,17,17,1.0
stuffthatworkd,0,17,17,1.0
duet,2,15,17,0.882
juanita,5,12,17,0.706
nervous,8,9,17,0.529
heckl,13,4,17,0.235
zachari,11,6,17,0.353
sharpiy,0,17,17,1.0
antarct,0,17,17,1.0
foe,2,15,17,0.882
jude,7,10,17,0.588
traffick,0,17,17,1.0
lineofcredit,0,17,17,1.0
alliter,0,17,17,1.0
vvg,0,17,17,1.0
epg,17,0,17,0.0
herramienta,0,17,17,1.0
alcohoi,0,17,17,1.0
mvl,0,17,17,1.0
ib,6,11,17,0.647
isyj,0,17,17,1.0
danish,1,16,17,0.941
digsound,0,17,17,1.0
schield,17,0,17,0.0
viarga,0,17,17,1.0
bon,3,14,17,0.824
chigger,1,16,17,0.941
lllustrat,0,17,17,1.0
launder,2,15,17,0.882
contenido,0,17,17,1.0
puppet,0,17,17,1.0
rusk,13,4,17,0.235
aida,2,15,17,0.882
triumph,5,12,17,0.706
madhav,17,0,17,0.0
effet,0,17,17,1.0
dublon,17,0,17,0.0
apresentar,0,17,17,1.0
flatiron,10,7,17,0.412
tightli,11,6,17,0.353
agit,2,15,17,0.882
webmod,17,0,17,0.0
misus,3,14,17,0.824
marx,2,15,17,0.882
cuddl,0,17,17,1.0
colloquium,5,12,17,0.706
rumsfeld,17,0,17,0.0
mapl,10,7,17,0.412
reccomend,1,16,17,0.941
iastat,17,0,17,0.0
prefectur,11,6,17,0.353
antar,0,17,17,1.0
edibl,0,17,17,1.0
gockerman,17,0,17,0.0
sentri,0,17,17,1.0
vlcod,0,17,17,1.0
probabilist,9,8,17,0.471
toilet,7,10,17,0.588
philanthrop,1,16,17,0.941
talon,11,6,17,0.353
bluestock,0,17,17,1.0
diomed,16,1,17,0.059
perci,0,17,17,1.0
bourn,3,14,17,0.824
epitaxi,0,17,17,1.0
beckon,0,17,17,1.0
comercio,0,17,17,1.0
psc,12,5,17,0.294
overtur,12,5,17,0.294
keenli,16,1,17,0.059
stonebridg,0,17,17,1.0
diamagnet,0,17,17,1.0
pathogen,0,17,17,1.0
demianenko,17,0,17,0.0
einem,3,14,17,0.824
contradictori,3,14,17,0.824
etv,16,1,17,0.059
tknight,17,0,17,0.0
copenhagen,2,15,17,0.882
housekeep,4,13,17,0.765
reign,5,12,17,0.706
fascicul,0,17,17,1.0
segundo,3,14,17,0.824
guia,0,17,17,1.0
abbot,0,17,17,1.0
froze,12,5,17,0.294
gayl,16,1,17,0.059
alluum,0,17,17,1.0
lust,1,16,17,0.941
inflam,5,12,17,0.706
exclusivereward,0,17,17,1.0
nurtur,4,13,17,0.765
repliica,0,17,17,1.0
armhol,0,17,17,1.0
addison,4,13,17,0.765
bolton,6,11,17,0.647
straightway,0,17,17,1.0
lain,11,6,17,0.353
angelica,1,16,17,0.941
alloy,5,12,17,0.706
día,0,17,17,1.0
graphit,0,17,17,1.0
decoy,0,17,17,1.0
heartandsoul,0,17,17,1.0
integ,14,3,17,0.176
cellulos,0,17,17,1.0
dwyer,3,14,17,0.824
kourtney,17,0,17,0.0
brigadi,2,15,17,0.882
baucu,17,0,17,0.0
trouser,0,17,17,1.0
freshwat,8,9,17,0.529
factura,0,17,17,1.0
imagen,0,17,17,1.0
nourish,0,17,17,1.0
analogu,0,17,17,1.0
bigg,5,12,17,0.706
econ,8,9,17,0.529
nestl,7,10,17,0.588
hydrotherapi,1,16,17,0.941
sow,7,10,17,0.588
updateprofil,0,17,17,1.0
sasha,8,9,17,0.529
ajar,0,17,17,1.0
descrambl,0,17,17,1.0
barnstorm,4,13,17,0.765
implicit,11,6,17,0.353
mke,17,0,17,0.0
contato,0,17,17,1.0
fte,13,4,17,0.235
wooden,3,14,17,0.824
mepr,17,0,17,0.0
amelior,1,16,17,0.941
weller,15,2,17,0.118
afghan,11,6,17,0.353
bronzi,0,17,17,1.0
jerk,1,16,17,0.941
gleam,4,13,17,0.765
wlrk,17,0,17,0.0
dvdxcopi,0,17,17,1.0
poni,7,10,17,0.588
corridor,6,11,17,0.647
newsdesk,17,0,17,0.0
blusteri,0,17,17,1.0
asist,10,7,17,0.412
aniseikon,0,17,17,1.0
charley,1,16,17,0.941
grosvenor,7,10,17,0.588
paradi,17,0,17,0.0
disrespect,15,2,17,0.118
stump,7,10,17,0.588
acclaim,5,12,17,0.706
glimmer,8,9,17,0.529
descriptor,6,11,17,0.647
archipelago,1,16,17,0.941
flea,2,15,17,0.882
videotap,11,6,17,0.353
spider,4,13,17,0.765
weatherdelta,17,0,17,0.0
bloodbath,0,17,17,1.0
pretoria,0,17,17,1.0
ownershp,0,17,17,1.0
anatomi,1,16,17,0.941
cumbersom,7,10,17,0.588
pharmon,0,17,17,1.0
shrunk,11,6,17,0.353
doughnut,3,14,17,0.824
humanitarian,0,17,17,1.0
backer,16,1,17,0.059
skid,16,1,17,0.059
contagion,4,13,17,0.765
stempel,17,0,17,0.0
emul,11,6,17,0.353
viz,3,14,17,0.824
tester,4,13,17,0.765
timescal,17,0,17,0.0
campsit,2,15,17,0.882
cllck,0,17,17,1.0
wamu,0,17,17,1.0
comb,8,9,17,0.529
descent,6,11,17,0.647
overseen,15,2,17,0.118
riskier,17,0,17,0.0
wireiessiy,0,17,17,1.0
plano,8,9,17,0.529
bidweek,17,0,17,0.0
renshi,17,0,17,0.0
clicktrip,17,0,17,0.0
peevey,17,0,17,0.0
creep,4,13,17,0.765
centerpiec,5,12,17,0.706
greenland,0,17,17,1.0
diplomaci,6,11,17,0.647
ndp,17,0,17,0.0
lacroix,1,16,17,0.941
capitalist,11,6,17,0.353
amiss,0,17,17,1.0
trumpet,8,9,17,0.529
shipbuild,8,9,17,0.529
nolt,17,0,17,0.0
alkaloid,0,17,17,1.0
knit,5,12,17,0.706
bewitch,1,16,17,0.941
mainzer,17,0,17,0.0
holloway,16,1,17,0.059
clearwat,3,14,17,0.824
whoili,0,17,17,1.0
viel,0,17,17,1.0
arisen,8,9,17,0.529
ofo,17,0,17,0.0
arrear,10,7,17,0.412
odo,0,17,17,1.0
hanley,11,6,17,0.353
mea,4,13,17,0.765
appercept,0,17,17,1.0
technion,8,9,17,0.529
magnum,4,13,17,0.765
asleep,2,15,17,0.882
kiatsupaibul,17,0,17,0.0
colossu,8,9,17,0.529
destabil,6,11,17,0.647
slopi,0,17,17,1.0
raven,7,10,17,0.588
flock,8,9,17,0.529
christendom,0,17,17,1.0
doreen,3,14,17,0.824
coachmen,0,17,17,1.0
warmest,10,7,17,0.412
muddl,10,7,17,0.412
sendgreatoff,0,17,17,1.0
hickey,4,13,17,0.765
estilo,0,17,17,1.0
cathedr,7,10,17,0.588
itaiian,0,17,17,1.0
prejudic,5,12,17,0.706
effus,0,17,17,1.0
clockwork,4,13,17,0.765
travers,1,16,17,0.941
buildup,2,15,17,0.882
regent,6,11,17,0.647
himendra,17,0,17,0.0
shrank,13,4,17,0.235
circa,10,7,17,0.412
chromatograph,9,8,17,0.471
jie,17,0,17,0.0
kalotay,17,0,17,0.0
ascent,6,11,17,0.647
cba,17,0,17,0.0
buoyant,1,16,17,0.941
ooc,17,0,17,0.0
caraway,0,17,17,1.0
constrict,0,17,17,1.0
ljml,17,0,17,0.0
backtest,17,0,17,0.0
cyndi,17,0,17,0.0
praxair,17,0,17,0.0
coset,0,17,17,1.0
tidbit,4,13,17,0.765
dcpi,0,17,17,1.0
bespeak,0,17,17,1.0
uneth,5,12,17,0.706
amoeba,0,17,17,1.0
rogroup,17,0,17,0.0
dali,1,16,17,0.941
bridgeport,4,13,17,0.765
ejrhxw,0,17,17,1.0
rufu,0,17,17,1.0
coron,0,17,17,1.0
babylon,0,17,17,1.0
goldstein,7,10,17,0.588
quinn,7,10,17,0.588
fg,0,17,17,1.0
linkag,3,14,17,0.824
blitz,5,12,17,0.706
seco,0,17,17,1.0
limbo,14,3,17,0.176
newsgroup,0,17,17,1.0
bookmark,7,10,17,0.588
arduou,1,16,17,0.941
missi,8,9,17,0.529
epidem,1,16,17,0.941
capella,3,14,17,0.824
napoleonvil,17,0,17,0.0
wale,6,11,17,0.647
tokia,0,17,17,1.0
abject,0,17,17,1.0
aybar,17,0,17,0.0
capaci,0,17,17,1.0
asunto,0,17,17,1.0
dairi,4,13,17,0.765
mistransmiss,17,0,17,0.0
sheehan,17,0,17,0.0
illimit,0,17,17,1.0
chic,3,14,17,0.824
ogg,17,0,17,0.0
graci,16,1,17,0.059
pur,0,17,17,1.0
constantiy,0,17,17,1.0
transcolorado,17,0,17,0.0
handwrit,2,15,17,0.882
reckon,11,6,17,0.353
cairo,1,16,17,0.941
cutoff,13,4,17,0.235
rubi,8,9,17,0.529
goron,17,0,17,0.0
kirkland,6,11,17,0.647
extremeiy,0,17,17,1.0
xbox,9,8,17,0.471
conjug,0,17,17,1.0
angelina,2,15,17,0.882
cheri,5,12,17,0.706
delinqu,4,13,17,0.765
albanian,0,17,17,1.0
clemson,0,17,17,1.0
beast,4,13,17,0.765
halloween,8,9,17,0.529
harbour,10,7,17,0.412
blister,4,13,17,0.765
jw,7,10,17,0.588
allemand,0,17,17,1.0
panorama,0,17,17,1.0
proprieti,4,13,17,0.765
crete,3,14,17,0.824
tun,2,15,17,0.882
myron,9,8,17,0.471
bisqu,0,17,17,1.0
sunjay,17,0,17,0.0
prix,14,3,17,0.176
registrar,6,11,17,0.647
taho,13,4,17,0.235
tarl,17,0,17,0.0
ectiv,0,17,17,1.0
mcginni,6,11,17,0.647
brittani,1,16,17,0.941
antidepress,1,16,17,0.941
dentro,0,17,17,1.0
carrion,0,17,17,1.0
rss,0,17,17,1.0
cwhite,17,0,17,0.0
eggleston,17,0,17,0.0
steak,8,9,17,0.529
trang,16,1,17,0.059
implos,14,3,17,0.176
homer,8,9,17,0.529
encuentro,0,17,17,1.0
snippet,1,16,17,0.941
standstil,11,6,17,0.353
hump,9,8,17,0.471
myth,2,15,17,0.882
qualquer,0,17,17,1.0
pore,10,7,17,0.412
uo,2,15,17,0.882
stca,17,0,17,0.0
seltzer,7,10,17,0.588
planetari,0,17,17,1.0
porno,0,17,17,1.0
rawal,17,0,17,0.0
devilish,0,17,17,1.0
superink,0,17,17,1.0
silli,5,12,17,0.706
vvant,0,17,17,1.0
melli,17,0,17,0.0
mayer,4,13,17,0.765
psf,1,16,17,0.941
loteria,0,17,17,1.0
adulter,0,17,17,1.0
tcl,13,4,17,0.235
mel,7,10,17,0.588
bassi,3,14,17,0.824
citicorp,6,11,17,0.647
depositori,12,5,17,0.294
bolkiah,0,17,17,1.0
gush,0,17,17,1.0
mcailist,0,17,17,1.0
undoubtedli,6,11,17,0.647
inhal,4,13,17,0.765
bedazzl,1,16,17,0.941
mockup,8,9,17,0.529
decoupl,10,7,17,0.412
desc,17,0,17,0.0
volt,2,15,17,0.882
efcu,17,0,17,0.0
bonham,17,0,17,0.0
uproar,6,11,17,0.647
diverso,3,14,17,0.824
ila,11,6,17,0.353
ora,1,16,17,0.941
greig,17,0,17,0.0
mgt,14,3,17,0.176
tocquevil,16,0,16,0.0
audiotap,2,14,16,0.875
cadet,0,16,16,1.0
basidiomycet,0,16,16,1.0
commemor,3,13,16,0.812
reconven,16,0,16,0.0
putpeel,0,16,16,1.0
butterfli,3,13,16,0.812
grip,9,7,16,0.438
tatar,0,16,16,1.0
qua,0,16,16,1.0
earphon,0,16,16,1.0
doctyp,0,16,16,1.0
terminolog,7,9,16,0.562
kleindorf,16,0,16,0.0
choir,6,10,16,0.625
internetstor,0,16,16,1.0
barlow,4,12,16,0.75
seib,16,0,16,0.0
sal,5,11,16,0.688
xandmanyoth,0,16,16,1.0
rahul,16,0,16,0.0
abo,2,14,16,0.875
veil,6,10,16,0.625
chatterton,16,0,16,0.0
hatr,0,16,16,1.0
complais,0,16,16,1.0
gujarat,13,3,16,0.188
masayuki,16,0,16,0.0
tempor,2,14,16,0.875
pacha,0,16,16,1.0
patina,1,15,16,0.938
corri,16,0,16,0.0
genit,0,16,16,1.0
stairway,1,15,16,0.938
stu,13,3,16,0.188
overpromis,16,0,16,0.0
prelud,7,9,16,0.562
miracleburn,0,16,16,1.0
ascrib,1,15,16,0.938
beachhead,0,16,16,1.0
atkinson,8,8,16,0.5
tourist,0,16,16,1.0
ethel,2,14,16,0.875
treason,0,16,16,1.0
coastlin,7,9,16,0.562
gui,13,3,16,0.188
shenanigan,14,2,16,0.125
deterr,2,14,16,0.875
disquietud,0,16,16,1.0
reinvest,8,8,16,0.5
irrig,5,11,16,0.688
tantalum,0,16,16,1.0
lenient,3,13,16,0.812
vpopmail,0,16,16,1.0
dynagi,16,0,16,0.0
cohn,2,14,16,0.875
herbac,0,16,16,1.0
blob,2,14,16,0.875
ther,1,15,16,0.938
brewer,15,1,16,0.062
falta,0,16,16,1.0
mainoemstor,0,16,16,1.0
suppiier,0,16,16,1.0
electrónico,0,16,16,1.0
geecf,0,16,16,1.0
ldwide,0,16,16,1.0
paskin,16,0,16,0.0
sankoh,0,16,16,1.0
wbom,16,0,16,0.0
universidad,0,16,16,1.0
terrain,5,11,16,0.688
eurovis,0,16,16,1.0
eeoc,1,15,16,0.938
middleton,4,12,16,0.75
dinero,0,16,16,1.0
lifelong,5,11,16,0.688
atroph,0,16,16,1.0
braveri,0,16,16,1.0
ampli,1,15,16,0.938
almagest,0,16,16,1.0
buzzard,0,16,16,1.0
cdtc,0,16,16,1.0
styren,13,3,16,0.188
pharmacybymail,0,16,16,1.0
countriess,0,16,16,1.0
nsl,0,16,16,1.0
nz,0,16,16,1.0
responda,0,16,16,1.0
baccarat,0,16,16,1.0
academia,7,9,16,0.562
breckenridg,16,0,16,0.0
confut,0,16,16,1.0
weed,3,13,16,0.812
bedtim,1,15,16,0.938
jeremiah,6,10,16,0.625
dey,4,12,16,0.75
bothersom,1,15,16,0.938
lancer,8,8,16,0.5
officialis,16,0,16,0.0
anton,0,16,16,1.0
absolv,1,15,16,0.938
steroid,0,16,16,1.0
polym,7,9,16,0.562
swarm,6,10,16,0.625
bekommen,0,16,16,1.0
wobbl,6,10,16,0.625
impolit,1,15,16,0.938
corrod,1,15,16,0.938
batavia,0,16,16,1.0
showgood,0,16,16,1.0
fortnight,6,10,16,0.625
soak,3,13,16,0.812
bangkok,1,15,16,0.938
accompanist,0,16,16,1.0
mbao,16,0,16,0.0
anaiog,0,16,16,1.0
piedmont,9,7,16,0.438
landlord,6,10,16,0.625
motg,0,16,16,1.0
mimic,12,4,16,0.25
crp,0,16,16,1.0
halalmortgag,0,16,16,1.0
palmol,13,3,16,0.188
loow,0,16,16,1.0
mimi,4,12,16,0.75
hrweb,16,0,16,0.0
qi,5,11,16,0.688
wildcard,2,14,16,0.875
ortgag,0,16,16,1.0
erst,12,4,16,0.25
lund,6,10,16,0.625
qw,4,12,16,0.75
rldwide,0,16,16,1.0
tile,8,8,16,0.5
solvent,12,4,16,0.25
clamber,1,15,16,0.938
teller,7,9,16,0.562
aloha,2,14,16,0.875
commot,0,16,16,1.0
cpe,11,5,16,0.312
sprinkl,6,10,16,0.625
chock,1,15,16,0.938
baghdad,7,9,16,0.562
drunk,1,15,16,0.938
augol,16,0,16,0.0
sbp,6,10,16,0.625
cfa,16,0,16,0.0
theu,0,16,16,1.0
booki,0,16,16,1.0
kxxjn,0,16,16,1.0
rajnish,16,0,16,0.0
nit,1,15,16,0.938
lockup,6,10,16,0.625
instig,11,5,16,0.312
boutiqu,0,16,16,1.0
cheeri,3,13,16,0.812
quickiy,0,16,16,1.0
wndow,0,16,16,1.0
staatsloterij,0,16,16,1.0
sanitari,1,15,16,0.938
sellersl,0,16,16,1.0
mightier,13,3,16,0.188
doggon,0,16,16,1.0
acromedia,0,16,16,1.0
eaten,0,16,16,1.0
exclaim,3,13,16,0.812
ridden,11,5,16,0.312
sioux,8,8,16,0.5
dugout,4,12,16,0.75
iscsi,0,16,16,1.0
cómo,0,16,16,1.0
disgruntl,7,9,16,0.562
allegi,0,16,16,1.0
alright,12,4,16,0.25
basem,0,16,16,1.0
iab,16,0,16,0.0
dubiou,6,10,16,0.625
receeiv,0,16,16,1.0
gratif,3,13,16,0.812
monarch,1,15,16,0.938
infrequ,6,10,16,0.625
abacustech,16,0,16,0.0
lanier,15,1,16,0.062
oversuppli,11,5,16,0.312
titulo,0,16,16,1.0
boucher,0,16,16,1.0
chuckl,6,10,16,0.625
ox,1,15,16,0.938
borosil,0,16,16,1.0
awok,0,16,16,1.0
laundri,2,14,16,0.875
automaticaili,0,16,16,1.0
arachnid,0,16,16,1.0
bluster,0,16,16,1.0
wreck,3,13,16,0.812
schaffler,16,0,16,0.0
mccain,15,1,16,0.062
resendez,16,0,16,0.0
malign,5,11,16,0.688
xceler,16,0,16,0.0
rossman,0,16,16,1.0
barricad,1,15,16,0.938
distaff,0,16,16,1.0
proz,0,16,16,1.0
nikita,12,4,16,0.25
gemini,4,12,16,0.75
kaf,15,1,16,0.062
seoul,10,6,16,0.375
qc,1,15,16,0.938
caesar,6,10,16,0.625
toyota,10,6,16,0.375
prefabr,0,16,16,1.0
landi,7,9,16,0.562
culpa,4,12,16,0.75
expropri,10,6,16,0.375
airborn,4,12,16,0.75
pmb,1,15,16,0.938
afterimag,0,16,16,1.0
beggari,0,16,16,1.0
nfo,0,16,16,1.0
fetid,0,16,16,1.0
cackl,0,16,16,1.0
ssc,15,1,16,0.062
cookbook,1,15,16,0.938
dol,1,15,16,0.938
alkalin,0,16,16,1.0
absentmind,0,16,16,1.0
howe,14,2,16,0.125
daryl,10,6,16,0.375
mcfd,16,0,16,0.0
cornerston,9,7,16,0.438
iness,0,16,16,1.0
southbound,8,8,16,0.5
crocu,0,16,16,1.0
doppler,0,16,16,1.0
seiner,3,13,16,0.812
deris,2,14,16,0.875
buster,3,13,16,0.812
dmc,0,16,16,1.0
sabina,4,12,16,0.75
crilli,16,0,16,0.0
mash,2,14,16,0.875
roller,7,9,16,0.562
edwardin,0,16,16,1.0
pacesett,4,12,16,0.75
creed,1,15,16,0.938
astm,0,16,16,1.0
eman,2,14,16,0.875
coventri,3,13,16,0.812
remond,16,0,16,0.0
backstop,9,7,16,0.438
antwerp,0,16,16,1.0
turbonet,0,16,16,1.0
connoisseur,0,16,16,1.0
tranquil,0,16,16,1.0
gtt,2,14,16,0.875
alsatian,0,16,16,1.0
altair,0,16,16,1.0
bannedcd,0,16,16,1.0
synfuel,16,0,16,0.0
drab,2,14,16,0.875
collectiveiy,0,16,16,1.0
dab,1,15,16,0.938
clinica,0,16,16,1.0
anchorag,0,16,16,1.0
structura,0,16,16,1.0
continuum,1,15,16,0.938
liver,1,15,16,0.938
lousiana,16,0,16,0.0
acf,12,4,16,0.25
garibaldi,0,16,16,1.0
northridg,0,16,16,1.0
corali,16,0,16,0.0
nitrogen,10,6,16,0.375
eno,0,16,16,1.0
marker,9,7,16,0.438
futil,0,16,16,1.0
tcnica,0,16,16,1.0
politi,5,11,16,0.688
mortem,2,14,16,0.875
lowel,9,7,16,0.438
wiretap,0,16,16,1.0
traumat,3,13,16,0.812
cheeapal,0,16,16,1.0
harley,4,12,16,0.75
atla,4,12,16,0.75
cardin,1,15,16,0.938
phelim,16,0,16,0.0
radiolog,0,16,16,1.0
flanigan,11,5,16,0.312
mediocr,3,13,16,0.812
anchovi,0,16,16,1.0
agnew,5,11,16,0.688
crimp,1,15,16,0.938
craftsperson,0,16,16,1.0
coliform,0,16,16,1.0
didact,0,16,16,1.0
clamor,6,10,16,0.625
ectop,0,16,16,1.0
bogi,1,15,16,0.938
tumor,6,10,16,0.625
etat,0,16,16,1.0
axxxmovi,0,16,16,1.0
bylin,4,12,16,0.75
cellphon,8,8,16,0.5
denounc,3,13,16,0.812
remnant,3,13,16,0.812
aprend,0,16,16,1.0
chesapeak,1,15,16,0.938
pstemari,16,0,16,0.0
kaixo,0,16,16,1.0
zo,0,16,16,1.0
kuykendal,16,0,16,0.0
unmet,15,1,16,0.062
cx,2,14,16,0.875
mingl,4,12,16,0.75
barbecu,1,15,16,0.938
direito,0,16,16,1.0
faucheaux,16,0,16,0.0
resumpt,13,3,16,0.188
dein,1,15,16,0.938
sondag,0,16,16,1.0
diatrib,0,16,16,1.0
assemblyman,14,2,16,0.125
ruben,1,15,16,0.938
deciph,4,12,16,0.75
linnel,16,0,16,0.0
encapsul,2,14,16,0.875
incluyendo,0,16,16,1.0
agglomer,0,16,16,1.0
usl,12,4,16,0.25
wellb,0,16,16,1.0
crosshatch,0,16,16,1.0
prostat,2,14,16,0.875
northland,11,5,16,0.312
onlinesuppli,0,16,16,1.0
metoy,16,0,16,0.0
arcan,2,14,16,0.875
pagamento,0,16,16,1.0
wolv,0,16,16,1.0
reveai,0,16,16,1.0
hush,0,16,16,1.0
mkm,16,0,16,0.0
sidestep,3,13,16,0.812
lotsonet,0,16,16,1.0
corneliu,2,14,16,0.875
audiovisu,3,13,16,0.812
skyscrap,10,6,16,0.375
ptsize,0,16,16,1.0
azminab,16,0,16,0.0
harbgn,16,0,16,0.0
douglass,7,9,16,0.562
pw,7,9,16,0.562
ppm,2,14,16,0.875
gom,16,0,16,0.0
depsito,0,16,16,1.0
prlc,0,16,16,1.0
bracken,0,16,16,1.0
iiti,0,16,16,1.0
riskcar,16,0,16,0.0
dalli,1,15,16,0.938
grumman,7,9,16,0.562
clan,2,14,16,0.875
heinz,5,11,16,0.688
soc,9,7,16,0.438
leroy,2,14,16,0.875
belco,16,0,16,0.0
bookend,0,16,16,1.0
kori,13,3,16,0.188
nope,3,13,16,0.812
persian,6,10,16,0.625
javelin,0,16,16,1.0
frog,1,15,16,0.938
sinkman,16,0,16,0.0
berat,3,13,16,0.812
aker,5,11,16,0.688
rolx,0,16,16,1.0
highcholesterol,0,16,16,1.0
symphoni,10,6,16,0.375
bracelet,2,14,16,0.875
rotten,2,14,16,0.875
hllf,0,16,16,1.0
jmason,0,16,16,1.0
buddhism,0,16,16,1.0
columbiaga,16,0,16,0.0
curl,2,14,16,0.875
vmi,14,2,16,0.125
gretan,0,16,16,1.0
repackag,4,12,16,0.75
juici,8,8,16,0.5
cuisin,3,13,16,0.812
sauc,6,10,16,0.625
dismay,16,0,16,0.0
checker,3,13,16,0.812
meaningless,16,0,16,0.0
convoc,0,16,16,1.0
liberian,0,16,16,1.0
genr,2,14,16,0.875
woulf,16,0,16,0.0
hispan,5,11,16,0.688
fad,1,15,16,0.938
scour,7,9,16,0.562
astroworld,16,0,16,0.0
pitfal,10,6,16,0.375
kiev,0,16,16,1.0
mimesweep,16,0,16,0.0
beloit,0,16,16,1.0
iah,15,1,16,0.062
ionfin,0,16,16,1.0
mbi,1,15,16,0.938
exquisit,0,16,16,1.0
cassel,16,0,16,0.0
whiten,0,16,16,1.0
giveth,0,16,16,1.0
cantera,16,0,16,0.0
glut,11,5,16,0.312
demean,3,13,16,0.812
llo,0,16,16,1.0
nun,3,13,16,0.812
somma,0,16,16,1.0
disneyland,1,15,16,0.938
reseda,0,16,16,1.0
ferguson,7,9,16,0.562
chili,8,8,16,0.5
vialog,0,16,16,1.0
exceedingli,0,16,16,1.0
whey,0,16,16,1.0
fon,1,15,16,0.938
atroc,0,16,16,1.0
roku,16,0,16,0.0
constanc,5,11,16,0.688
officin,0,16,16,1.0
bandit,4,12,16,0.75
confere,0,16,16,1.0
totem,1,15,16,0.938
hobb,5,11,16,0.688
pwcglobal,7,9,16,0.562
whoop,5,11,16,0.688
hgpl,16,0,16,0.0
pping,0,16,16,1.0
traffc,0,16,16,1.0
fortuit,1,15,16,0.938
popcorn,6,10,16,0.625
tungsten,0,16,16,1.0
alejandro,3,13,16,0.812
bolt,7,9,16,0.562
atheist,1,15,16,0.938
tomczyk,16,0,16,0.0
alaskan,12,4,16,0.25
falluja,0,16,16,1.0
bilder,0,16,16,1.0
pharmac,0,16,16,1.0
despoil,0,16,16,1.0
ower,0,16,16,1.0
cashion,16,0,16,0.0
ianguag,0,16,16,1.0
spyro,16,0,16,0.0
telia,13,3,16,0.188
azur,5,11,16,0.688
linder,16,0,16,0.0
alexandria,2,14,16,0.875
eloqu,0,16,16,1.0
cyanat,0,16,16,1.0
guadarrama,16,0,16,0.0
screenshot,2,14,16,0.875
ont,3,13,16,0.812
masterdisk,0,16,16,1.0
pntermin,0,16,16,1.0
dain,16,0,16,0.0
espionag,3,13,16,0.812
kt,2,14,16,0.875
pellagra,0,16,16,1.0
primitiva,0,16,16,1.0
dejesu,15,1,16,0.062
dte,4,12,16,0.75
claw,0,16,16,1.0
mccaffrey,16,0,16,0.0
boswel,5,11,16,0.688
bruis,6,10,16,0.625
versicolor,0,16,16,1.0
appian,0,16,16,1.0
deign,0,16,16,1.0
searchtengin,0,16,16,1.0
ntmt,0,16,16,1.0
spruce,9,7,16,0.438
stave,9,7,16,0.438
bertram,8,8,16,0.5
northeastern,8,8,16,0.5
boogi,0,16,16,1.0
reguiat,0,16,16,1.0
yl,3,13,16,0.812
dition,0,16,16,1.0
bouquet,1,15,16,0.938
bucol,0,16,16,1.0
scovil,16,0,16,0.0
remanufactur,0,16,16,1.0
narasim,16,0,16,0.0
bloom,7,9,16,0.562
archibald,0,16,16,1.0
unmatch,2,14,16,0.875
nay,9,7,16,0.438
orion,11,5,16,0.312
sang,9,7,16,0.438
overrun,16,0,16,0.0
holcomb,9,7,16,0.438
churchillian,0,16,16,1.0
tallahasse,9,7,16,0.438
outgrowth,2,14,16,0.875
ade,1,15,16,0.938
correctament,0,16,16,1.0
boobi,0,16,16,1.0
fasten,0,16,16,1.0
morenewslett,0,16,16,1.0
dealspric,0,16,16,1.0
fling,0,16,16,1.0
deepwat,16,0,16,0.0
undergroundcd,0,16,16,1.0
wb,5,11,16,0.688
cllcck,0,16,16,1.0
derm,0,16,16,1.0
mcafe,2,14,16,0.875
exclam,0,16,16,1.0
beim,0,16,16,1.0
stockhoid,0,16,16,1.0
tribut,7,9,16,0.562
awri,8,8,16,0.5
manifold,4,12,16,0.75
vgr,0,16,16,1.0
migrain,2,14,16,0.875
scatter,6,10,16,0.625
anguish,0,16,16,1.0
nasal,3,13,16,0.812
teknecon,16,0,16,0.0
sched,16,0,16,0.0
detal,1,15,16,0.938
pathstar,16,0,16,0.0
ganapathi,16,0,16,0.0
halfway,2,14,16,0.875
sinn,0,16,16,1.0
coffman,2,14,16,0.875
palladium,6,10,16,0.625
boul,0,16,16,1.0
indebt,8,8,16,0.5
perder,0,16,16,1.0
chisel,0,16,16,1.0
jgsm,16,0,16,0.0
asexma,0,16,16,1.0
sarasota,2,14,16,0.875
esoft,0,16,16,1.0
stamford,11,5,16,0.312
sympathet,6,10,16,0.625
freud,1,15,16,0.938
ultimatum,0,16,16,1.0
attic,1,15,16,0.938
theatric,1,15,16,0.938
cavali,3,13,16,0.812
camilla,1,15,16,0.938
tarnish,11,5,16,0.312
potato,3,13,16,0.812
egress,2,14,16,0.875
fleurier,0,16,16,1.0
irrevoc,8,8,16,0.5
dissatisfi,2,14,16,0.875
bistabl,0,16,16,1.0
ehpc,0,16,16,1.0
emmanuel,2,14,16,0.875
cordag,0,16,16,1.0
brcc,16,0,16,0.0
ual,9,7,16,0.438
inscripcion,0,16,16,1.0
counterproduct,6,10,16,0.625
invulner,0,16,16,1.0
springfield,1,15,16,0.938
quadra,0,16,16,1.0
scottsdal,0,16,16,1.0
boyish,1,15,16,0.938
osteoporosi,0,16,16,1.0
bilingu,5,11,16,0.688
asilomar,0,16,16,1.0
yho,16,0,16,0.0
hypothet,9,7,16,0.438
peel,4,12,16,0.75
episcop,3,13,16,0.812
preferenti,6,10,16,0.625
unmanag,0,16,16,1.0
clitor,0,16,16,1.0
brute,0,16,16,1.0
pregnanc,3,13,16,0.812
jargon,10,6,16,0.375
ivia,0,16,16,1.0
occult,0,16,16,1.0
inhuman,0,16,16,1.0
turnston,9,7,16,0.438
público,0,16,16,1.0
slab,4,12,16,0.75
camel,0,16,16,1.0
hallo,0,16,16,1.0
complementar,0,16,16,1.0
sx,0,16,16,1.0
caryatid,0,16,16,1.0
stockholm,13,3,16,0.188
delud,2,14,16,0.875
presympath,0,16,16,1.0
pblico,0,16,16,1.0
kasaru,16,0,16,0.0
mcdermott,5,11,16,0.688
coyot,7,9,16,0.562
yb,0,16,16,1.0
glossari,8,8,16,0.5
picnick,0,16,16,1.0
globo,13,3,16,0.188
bulkhead,0,16,16,1.0
spanbr,0,16,16,1.0
sig,14,2,16,0.125
pronunci,0,16,16,1.0
ih,1,15,16,0.938
bbo,15,1,16,0.062
township,3,13,16,0.812
genia,16,0,16,0.0
hereaft,0,16,16,1.0
planck,13,3,16,0.188
despain,16,0,16,0.0
nepel,0,16,16,1.0
salvador,8,8,16,0.5
dynamo,0,16,16,1.0
qian,16,0,16,0.0
turf,10,6,16,0.375
baird,3,13,16,0.812
wilder,4,12,16,0.75
errol,10,6,16,0.375
canoga,0,16,16,1.0
parasit,1,15,16,0.938
xk,0,16,16,1.0
burrow,4,12,16,0.75
viss,16,0,16,0.0
titlepric,0,16,16,1.0
delilah,0,16,16,1.0
punt,5,11,16,0.688
sharpen,3,13,16,0.812
weigelt,16,0,16,0.0
burial,0,16,16,1.0
nhvp,0,16,16,1.0
auster,2,14,16,0.875
bade,0,16,16,1.0
transarea,16,0,16,0.0
gambil,0,16,16,1.0
salina,5,11,16,0.688
ventura,4,12,16,0.75
arboretum,5,11,16,0.688
eci,14,2,16,0.125
bronchiol,0,16,16,1.0
fftabl,0,16,16,1.0
hg,5,11,16,0.688
refut,5,11,16,0.688
utilizar,0,16,16,1.0
eldon,0,16,16,1.0
lounghrid,16,0,16,0.0
quaintanc,16,0,16,0.0
jinx,4,12,16,0.75
deepest,5,11,16,0.688
contriv,2,14,16,0.875
brindl,7,9,16,0.562
supris,2,14,16,0.875
newcastl,3,13,16,0.812
professi,0,16,16,1.0
imprud,4,11,15,0.733
armata,0,15,15,1.0
ritz,9,6,15,0.4
energydesk,15,0,15,0.0
copperi,0,15,15,1.0
mete,7,8,15,0.533
limb,5,10,15,0.667
heartstat,0,15,15,1.0
cityg,15,0,15,0.0
cavemen,0,15,15,1.0
atr,15,0,15,0.0
foreplay,0,15,15,1.0
geo,2,13,15,0.867
escript,0,15,15,1.0
pbfont,0,15,15,1.0
chariot,0,15,15,1.0
hindsight,8,7,15,0.467
nim,3,12,15,0.8
wheez,0,15,15,1.0
dunkirk,1,14,15,0.933
satisfactiionnss,0,15,15,1.0
sfo,15,0,15,0.0
jester,15,0,15,0.0
niec,3,12,15,0.8
commonplac,5,10,15,0.667
ficha,0,15,15,1.0
culbertson,2,13,15,0.867
guadalajara,6,9,15,0.6
filmmak,0,15,15,1.0
fiasco,10,5,15,0.333
tat,4,11,15,0.733
bucknel,6,9,15,0.6
provoc,0,15,15,1.0
liais,8,7,15,0.467
buttress,3,12,15,0.8
birch,6,9,15,0.6
longev,0,15,15,1.0
gall,1,14,15,0.933
sarzyna,15,0,15,0.0
kodroff,15,0,15,0.0
maillist,0,15,15,1.0
ambleen,0,15,15,1.0
abei,0,15,15,1.0
allegor,0,15,15,1.0
sheraton,9,6,15,0.4
broom,4,11,15,0.733
stratton,8,7,15,0.467
offrr,0,15,15,1.0
lockhart,9,6,15,0.4
coney,0,15,15,1.0
gorelick,15,0,15,0.0
catalano,15,0,15,0.0
indecipher,7,8,15,0.533
aleck,5,10,15,0.667
walkway,15,0,15,0.0
macminn,15,0,15,0.0
sportswrit,0,15,15,1.0
cresswort,0,15,15,1.0
congressmen,5,10,15,0.667
coarsen,0,15,15,1.0
corrent,0,15,15,1.0
concurso,0,15,15,1.0
knirel,15,0,15,0.0
aprox,1,14,15,0.933
hqrzbxevgbf,0,15,15,1.0
undoctrin,0,15,15,1.0
pueden,0,15,15,1.0
paloma,13,2,15,0.133
elijah,0,15,15,1.0
weblink,15,0,15,0.0
agl,14,1,15,0.067
libro,0,15,15,1.0
cession,0,15,15,1.0
ssn,6,9,15,0.6
amulet,0,15,15,1.0
supra,4,11,15,0.733
individuai,0,15,15,1.0
xyz,11,4,15,0.267
cavi,0,15,15,1.0
anarch,0,15,15,1.0
vii,4,11,15,0.733
seduc,3,12,15,0.8
deemphas,0,15,15,1.0
incis,0,15,15,1.0
darryl,13,2,15,0.133
britten,1,14,15,0.933
aristotelian,0,15,15,1.0
cannist,0,15,15,1.0
skirt,5,10,15,0.667
drummond,5,10,15,0.667
rejoic,2,13,15,0.867
wavefrontl,0,15,15,1.0
ygdc,0,15,15,1.0
turret,9,6,15,0.4
domicil,1,14,15,0.933
gautam,14,1,15,0.067
bravado,3,12,15,0.8
bign,0,15,15,1.0
rheumat,0,15,15,1.0
armenian,0,15,15,1.0
salin,0,15,15,1.0
glashutt,0,15,15,1.0
ashevil,0,15,15,1.0
heroic,5,10,15,0.667
alderman,0,15,15,1.0
benz,4,11,15,0.733
cellophan,0,15,15,1.0
axon,0,15,15,1.0
kang,12,3,15,0.2
leukemia,1,14,15,0.933
nighttim,4,11,15,0.733
aan,0,15,15,1.0
bemoan,1,14,15,0.933
cerulean,0,15,15,1.0
psig,15,0,15,0.0
xu,8,7,15,0.467
ypi,0,15,15,1.0
blackbird,2,13,15,0.867
derr,15,0,15,0.0
peskisko,0,15,15,1.0
managerlpc,0,15,15,1.0
emailremov,0,15,15,1.0
ballerina,0,15,15,1.0
manganes,0,15,15,1.0
bicker,0,15,15,1.0
cinnabar,0,15,15,1.0
dril,0,15,15,1.0
ensu,14,1,15,0.067
barbo,15,0,15,0.0
antagon,0,15,15,1.0
espinoza,15,0,15,0.0
intemper,0,15,15,1.0
necx,0,15,15,1.0
shadowi,10,5,15,0.333
byroad,0,15,15,1.0
hasti,6,9,15,0.6
cereal,0,15,15,1.0
nederland,0,15,15,1.0
burl,3,12,15,0.8
reclam,0,15,15,1.0
khumalo,0,15,15,1.0
ibit,15,0,15,0.0
effectiveiy,0,15,15,1.0
truong,15,0,15,0.0
mcgurti,15,0,15,0.0
wail,0,15,15,1.0
altruist,0,15,15,1.0
gspm,0,15,15,1.0
ramon,10,5,15,0.333
aztec,4,11,15,0.733
woodi,10,5,15,0.333
eid,1,14,15,0.933
informao,0,15,15,1.0
dariu,0,15,15,1.0
fisherman,0,15,15,1.0
relentless,11,4,15,0.267
tilt,5,10,15,0.667
brahm,0,15,15,1.0
calv,2,13,15,0.867
dahomey,0,15,15,1.0
gelatin,0,15,15,1.0
riskl,15,0,15,0.0
clink,0,15,15,1.0
aucun,6,9,15,0.6
seeth,0,15,15,1.0
unicorn,0,15,15,1.0
privi,6,9,15,0.6
sanni,0,15,15,1.0
adirondack,0,15,15,1.0
borak,15,0,15,0.0
bergen,5,10,15,0.667
voucher,9,6,15,0.4
fidentiai,0,15,15,1.0
exorbit,7,8,15,0.533
chibang,0,15,15,1.0
estar,0,15,15,1.0
arcsin,0,15,15,1.0
barter,0,15,15,1.0
unsuspect,15,0,15,0.0
voiatiiiti,0,15,15,1.0
capitolin,0,15,15,1.0
ppfont,0,15,15,1.0
scaiabl,0,15,15,1.0
saxon,7,8,15,0.533
yyyi,0,15,15,1.0
medsrealcheap,0,15,15,1.0
ional,0,15,15,1.0
swkd,0,15,15,1.0
comdisco,15,0,15,0.0
avocet,0,15,15,1.0
convoy,0,15,15,1.0
bonnet,0,15,15,1.0
friabl,0,15,15,1.0
manpow,11,4,15,0.267
gutierrez,11,4,15,0.267
dingo,0,15,15,1.0
unbetray,0,15,15,1.0
disagr,14,1,15,0.067
crappi,0,15,15,1.0
rumour,15,0,15,0.0
regiment,0,15,15,1.0
lash,3,12,15,0.8
dunk,2,13,15,0.867
misfortun,5,10,15,0.667
airtight,2,13,15,0.867
unaffili,5,10,15,0.667
wisvest,15,0,15,0.0
blot,1,14,15,0.933
guaarantee,0,15,15,1.0
basetxt,0,15,15,1.0
alcott,0,15,15,1.0
concerto,0,15,15,1.0
alyssum,0,15,15,1.0
amphetamin,0,15,15,1.0
buzzword,5,10,15,0.667
cabinetri,0,15,15,1.0
rosario,5,10,15,0.667
maquina,13,2,15,0.133
markey,15,0,15,0.0
wombat,0,15,15,1.0
antiquarian,0,15,15,1.0
luecht,15,0,15,0.0
pedagogu,0,15,15,1.0
bours,14,1,15,0.067
placat,3,12,15,0.8
penc,9,6,15,0.4
nvidia,13,2,15,0.133
bungl,2,13,15,0.867
suv,8,7,15,0.467
weaponri,4,11,15,0.733
moreland,10,5,15,0.333
cin,15,0,15,0.0
yol,0,15,15,1.0
burdensom,2,13,15,0.867
urmi,15,0,15,0.0
eq,1,14,15,0.933
glorifi,3,12,15,0.8
bekeng,15,0,15,0.0
butku,15,0,15,0.0
sincerest,10,5,15,0.333
trueli,1,14,15,0.933
ordain,0,15,15,1.0
contrariwis,0,15,15,1.0
patholog,2,13,15,0.867
deja,1,14,15,0.933
xxxx,2,13,15,0.867
prima,4,11,15,0.733
jlpnymex,15,0,15,0.0
badinag,0,15,15,1.0
vlcodln,0,15,15,1.0
roulett,0,15,15,1.0
lyonnai,15,0,15,0.0
ppp,8,7,15,0.467
amb,1,14,15,0.933
jerald,12,3,15,0.2
irrespons,4,11,15,0.733
inhibitor,2,13,15,0.867
narrowli,15,0,15,0.0
chimiqu,0,15,15,1.0
croft,0,15,15,1.0
kwbt,0,15,15,1.0
nita,15,0,15,0.0
edmiston,15,0,15,0.0
cauliflow,1,14,15,0.933
orthograph,0,15,15,1.0
csgt,15,0,15,0.0
gridsouth,15,0,15,0.0
muscular,6,9,15,0.6
rainfal,11,4,15,0.267
coolidg,5,10,15,0.667
antelop,10,5,15,0.333
companhia,14,1,15,0.067
totalment,0,15,15,1.0
sandov,13,2,15,0.133
mucha,0,15,15,1.0
espous,4,11,15,0.733
firmer,5,10,15,0.667
homeomorph,0,15,15,1.0
tocuh,0,15,15,1.0
croydon,0,15,15,1.0
earthi,3,12,15,0.8
conclav,0,15,15,1.0
igtt,0,15,15,1.0
baroni,0,15,15,1.0
acuerdo,0,15,15,1.0
kinki,0,15,15,1.0
sulphid,0,15,15,1.0
almond,2,13,15,0.867
enel,15,0,15,0.0
sparkl,1,14,15,0.933
glasglow,0,15,15,1.0
fever,4,11,15,0.733
desist,5,10,15,0.667
collus,8,7,15,0.467
upstair,9,6,15,0.4
repiica,0,15,15,1.0
pharmonlin,0,15,15,1.0
saskatchewan,5,10,15,0.667
precess,0,15,15,1.0
aqueou,0,15,15,1.0
rebutt,11,4,15,0.267
lipscomb,6,9,15,0.6
oficina,0,15,15,1.0
allex,15,0,15,0.0
laxiti,2,13,15,0.867
churrasco,12,3,15,0.2
butyr,0,15,15,1.0
fuifil,0,15,15,1.0
chord,0,15,15,1.0
bantam,0,15,15,1.0
abash,0,15,15,1.0
peptid,0,15,15,1.0
telex,1,14,15,0.933
glenda,5,10,15,0.667
puller,1,14,15,0.933
rjf,15,0,15,0.0
limerick,4,11,15,0.733
chairwoman,7,8,15,0.533
rulemak,15,0,15,0.0
pocketop,0,15,15,1.0
neuron,0,15,15,1.0
belittl,5,10,15,0.667
jour,1,14,15,0.933
agnomen,0,15,15,1.0
calculu,3,12,15,0.8
vali,0,15,15,1.0
flexur,0,15,15,1.0
betel,0,15,15,1.0
pastich,0,15,15,1.0
mixup,3,12,15,0.8
ambianc,0,15,15,1.0
pinch,4,11,15,0.733
pratt,10,5,15,0.333
mca,0,15,15,1.0
fullest,1,14,15,0.933
mutil,0,15,15,1.0
chun,15,0,15,0.0
arhat,0,15,15,1.0
mystic,9,6,15,0.4
hardwood,0,15,15,1.0
valeur,0,15,15,1.0
jornada,5,10,15,0.667
orthoped,1,14,15,0.933
virtua,0,15,15,1.0
hade,6,9,15,0.6
dustin,9,6,15,0.4
adag,0,15,15,1.0
circumvent,0,15,15,1.0
circumspect,0,15,15,1.0
desejar,0,15,15,1.0
cypriot,0,15,15,1.0
drugsl,0,15,15,1.0
cannel,0,15,15,1.0
hun,1,14,15,0.933
cablefilterz,0,15,15,1.0
ktu,0,15,15,1.0
mnie,15,0,15,0.0
bialystok,0,15,15,1.0
gospel,1,14,15,0.933
foyer,6,9,15,0.6
greenroom,15,0,15,0.0
zijn,0,15,15,1.0
tec,12,3,15,0.2
codebreak,0,15,15,1.0
consanguin,0,15,15,1.0
citizensr,0,15,15,1.0
cube,8,7,15,0.467
climact,0,15,15,1.0
rajesh,15,0,15,0.0
completeth,0,15,15,1.0
nelsen,4,11,15,0.733
partiaili,0,15,15,1.0
dai,4,11,15,0.733
clutch,3,12,15,0.8
schult,15,0,15,0.0
conscienti,1,14,15,0.933
huahao,0,15,15,1.0
hypocrit,1,14,15,0.933
vicodln,0,15,15,1.0
lux,1,14,15,0.933
dumpti,0,15,15,1.0
nacey,15,0,15,0.0
aux,6,9,15,0.6
tek,0,15,15,1.0
elkhart,0,15,15,1.0
daley,2,13,15,0.867
abr,1,14,15,0.933
versatil,7,8,15,0.533
flagler,0,15,15,1.0
ibe,0,15,15,1.0
yan,14,1,15,0.067
affianc,0,15,15,1.0
tweiv,0,15,15,1.0
balustrad,0,15,15,1.0
blah,8,7,15,0.467
renaud,15,0,15,0.0
starz,0,15,15,1.0
franki,0,15,15,1.0
prowl,9,6,15,0.4
grandpar,4,11,15,0.733
arcad,2,13,15,0.867
freeserv,3,12,15,0.8
fritolay,15,0,15,0.0
karpo,0,15,15,1.0
gpa,14,1,15,0.067
untyr,0,15,15,1.0
unbias,8,7,15,0.467
tate,6,9,15,0.6
dorn,15,0,15,0.0
rothschild,7,8,15,0.533
hampton,6,9,15,0.6
hejka,15,0,15,0.0
jt,1,14,15,0.933
fatten,2,13,15,0.867
rerun,13,2,15,0.133
spar,8,7,15,0.467
bugl,1,14,15,0.933
tene,0,15,15,1.0
lutheran,8,7,15,0.467
typo,8,7,15,0.467
drone,0,15,15,1.0
simplici,0,15,15,1.0
daigl,15,0,15,0.0
ankl,3,12,15,0.8
dicken,0,15,15,1.0
classmat,6,9,15,0.6
balconi,2,13,15,0.867
cathleen,14,1,15,0.067
harmonlin,0,15,15,1.0
valiumxanaxciali,0,15,15,1.0
pennwel,15,0,15,0.0
garnet,0,15,15,1.0
boulder,7,8,15,0.533
backfil,4,11,15,0.733
alo,0,15,15,1.0
perplex,4,11,15,0.733
birthright,0,15,15,1.0
focal,7,8,15,0.533
litani,11,4,15,0.267
vaniti,0,15,15,1.0
blasphem,0,15,15,1.0
tych,5,10,15,0.667
imelda,15,0,15,0.0
chlordan,0,15,15,1.0
halligan,11,4,15,0.267
davit,0,15,15,1.0
rinard,15,0,15,0.0
ciilck,0,15,15,1.0
mcevoy,15,0,15,0.0
biak,0,15,15,1.0
unten,12,3,15,0.2
stad,2,13,15,0.867
augusta,5,10,15,0.667
milind,15,0,15,0.0
abysm,4,11,15,0.733
brisk,3,12,15,0.8
frayr,15,0,15,0.0
explanatori,8,7,15,0.467
airi,0,15,15,1.0
drank,7,8,15,0.533
yhe,0,15,15,1.0
copiou,4,11,15,0.733
cyclon,4,11,15,0.733
arap,8,7,15,0.467
abstrus,2,13,15,0.867
unpath,15,0,15,0.0
ecomog,1,14,15,0.933
mesmo,0,15,15,1.0
adm,10,5,15,0.333
jupit,4,11,15,0.733
outer,8,7,15,0.467
dragnet,2,13,15,0.867
montblanc,0,15,15,1.0
ammet,0,15,15,1.0
mamma,0,15,15,1.0
suma,15,0,15,0.0
cull,1,14,15,0.933
imput,6,9,15,0.6
glamour,4,11,15,0.733
engulf,12,3,15,0.2
triangl,0,15,15,1.0
imposit,6,9,15,0.6
apathi,0,15,15,1.0
socit,0,15,15,1.0
destinatario,0,15,15,1.0
aveng,2,13,15,0.867
rmv,0,15,15,1.0
coronado,4,11,15,0.733
conklin,2,13,15,0.867
hereof,5,10,15,0.667
adultstem,0,15,15,1.0
orgi,0,15,15,1.0
hollomon,15,0,15,0.0
timeout,0,15,15,1.0
moosq,0,15,15,1.0
bambi,5,10,15,0.667
detract,5,10,15,0.667
orchid,3,12,15,0.8
verac,11,4,15,0.267
rmaci,0,15,15,1.0
albright,0,15,15,1.0
bodyguard,0,15,15,1.0
peretsman,15,0,15,0.0
atop,4,11,15,0.733
hereinabov,0,15,15,1.0
sinu,5,10,15,0.667
isotop,0,15,15,1.0
predat,3,12,15,0.8
ectstca,15,0,15,0.0
gloom,6,9,15,0.6
preschool,2,13,15,0.867
mcgovern,13,2,15,0.133
facet,4,11,15,0.733
starbuck,7,8,15,0.533
terrifi,1,14,15,0.933
tinker,9,6,15,0.4
ciail,0,15,15,1.0
prce,0,15,15,1.0
adiprenl,0,15,15,1.0
begrudg,0,15,15,1.0
eastbound,4,11,15,0.733
bock,2,13,15,0.867
bernadin,0,15,15,1.0
exisit,3,12,15,0.8
hoog,13,2,15,0.133
aerob,3,12,15,0.8
shikhar,15,0,15,0.0
suburban,15,0,15,0.0
beget,0,15,15,1.0
bowel,0,15,15,1.0
plasma,2,13,15,0.867
elaps,2,13,15,0.867
dorchest,0,15,15,1.0
wesco,15,0,15,0.0
mrm,15,0,15,0.0
qatar,12,3,15,0.2
desperado,0,15,15,1.0
agustin,13,2,15,0.133
nikko,3,12,15,0.8
president,1,14,15,0.933
infomerci,0,15,15,1.0
spiller,15,0,15,0.0
kholodnyi,15,0,15,0.0
hornet,1,14,15,0.933
mose,2,13,15,0.867
trough,8,7,15,0.467
shaun,1,14,15,0.933
valliuum,0,15,15,1.0
valari,13,2,15,0.133
mooney,12,3,15,0.2
bedridden,0,15,15,1.0
molest,0,15,15,1.0
unfamiliar,14,1,15,0.067
rous,3,12,15,0.8
bois,2,13,15,0.867
corinthian,3,12,15,0.8
payday,7,8,15,0.533
filling,15,0,15,0.0
schranner,0,15,15,1.0
brainard,0,15,15,1.0
underpin,14,1,15,0.067
bmcp,0,15,15,1.0
usdollar,7,8,15,0.533
chopin,0,15,15,1.0
arraign,1,14,15,0.933
rever,0,15,15,1.0
pemex,13,2,15,0.133
msl,15,0,15,0.0
quiz,12,3,15,0.2
egalitarian,0,15,15,1.0
cheshir,1,14,15,0.933
broth,0,15,15,1.0
bingaman,15,0,15,0.0
buena,0,15,15,1.0
cboe,15,0,15,0.0
flexiril,0,15,15,1.0
distriga,15,0,15,0.0
blazon,0,15,15,1.0
kristal,15,0,15,0.0
capuc,15,0,15,0.0
culpabl,6,9,15,0.6
rude,4,11,15,0.733
veja,0,15,15,1.0
dimpl,0,15,15,1.0
energa,15,0,15,0.0
crosswort,0,15,15,1.0
countersunk,0,15,15,1.0
rhetor,10,5,15,0.333
pillori,8,7,15,0.467
lubrizol,15,0,15,0.0
unisi,14,1,15,0.067
payer,6,9,15,0.6
ammo,1,14,15,0.933
diminut,2,13,15,0.867
particuiariy,0,15,15,1.0
chadwick,0,15,15,1.0
donkey,6,9,15,0.6
acct,9,6,15,0.4
cadillac,2,13,15,0.867
kathmandu,0,15,15,1.0
financiera,1,14,15,0.933
grime,9,6,15,0.4
wag,1,14,15,0.933
churchmen,0,15,15,1.0
zur,3,12,15,0.8
reshap,14,1,15,0.067
brbrbrbrbrbrbrbr,0,15,15,1.0
redhat,0,15,15,1.0
outspoken,13,2,15,0.133
auspic,4,11,15,0.733
adjut,0,15,15,1.0
liar,2,13,15,0.867
azerbaijan,2,13,15,0.867
coralberri,0,15,15,1.0
chancellor,1,14,15,0.933
hexagon,0,15,15,1.0
olsson,15,0,15,0.0
morrel,15,0,15,0.0
ahn,15,0,15,0.0
procedimiento,0,15,15,1.0
bingham,2,13,15,0.867
laan,0,15,15,1.0
doorway,2,13,15,0.867
rabin,9,6,15,0.4
dsc,0,15,15,1.0
duong,15,0,15,0.0
spoof,1,14,15,0.933
etcmor,0,15,15,1.0
corollari,1,14,15,0.933
altruism,0,15,15,1.0
rieker,15,0,15,0.0
compuserv,15,0,15,0.0
gerratt,15,0,15,0.0
oversold,12,3,15,0.2
ese,0,15,15,1.0
weston,6,9,15,0.6
proiific,0,15,15,1.0
unfairli,13,2,15,0.133
hose,5,10,15,0.667
gentli,3,12,15,0.8
fb,8,7,15,0.467
sumatra,2,13,15,0.867
twentieth,3,12,15,0.8
sheik,0,15,15,1.0
bevel,0,15,15,1.0
condo,13,2,15,0.133
wwp,14,1,15,0.067
roadblock,11,4,15,0.267
iqbal,15,0,15,0.0
pork,8,7,15,0.467
higg,0,15,15,1.0
decertifi,0,15,15,1.0
defray,2,13,15,0.867
christa,12,3,15,0.2
dealmak,15,0,15,0.0
ream,8,7,15,0.467
bison,3,12,15,0.8
abuja,0,15,15,1.0
clot,0,15,15,1.0
newman,11,4,15,0.267
cacao,0,15,15,1.0
otra,0,15,15,1.0
grownup,0,15,15,1.0
burp,0,15,15,1.0
antimoni,0,15,15,1.0
zair,0,15,15,1.0
khairuddin,15,0,15,0.0
componentri,0,15,15,1.0
guin,1,14,15,0.933
stratford,6,9,15,0.6
bewild,3,12,15,0.8
shearer,2,13,15,0.867
freder,3,12,15,0.8
eavi,15,0,15,0.0
chromic,0,15,15,1.0
operacion,0,15,15,1.0
canc,0,15,15,1.0
gouranga,0,15,15,1.0
rap,9,6,15,0.4
bereft,0,15,15,1.0
xd,1,14,15,0.933
rpm,2,13,15,0.867
litton,12,3,15,0.2
precursor,6,9,15,0.6
rubin,7,8,15,0.533
crossbil,0,15,15,1.0
colonist,0,15,15,1.0
doubleclick,7,8,15,0.533
morrison,7,8,15,0.533
poltica,0,15,15,1.0
whhf,15,0,15,0.0
nowa,15,0,15,0.0
scorecard,8,7,15,0.467
tabbouleh,0,15,15,1.0
aimon,15,0,15,0.0
phen,0,15,15,1.0
baffl,1,14,15,0.933
budg,3,12,15,0.8
dewdrop,0,15,15,1.0
unauthoris,12,3,15,0.2
blous,1,14,15,0.933
ascript,0,15,15,1.0
mainland,3,12,15,0.8
imperil,5,10,15,0.667
cnl,15,0,15,0.0
unitedway,15,0,15,0.0
revalu,15,0,15,0.0
excav,2,13,15,0.867
vetter,15,0,15,0.0
incomprehens,3,12,15,0.8
glacier,3,12,15,0.8
patron,1,14,15,0.933
pagenet,15,0,15,0.0
walnut,9,6,15,0.4
nella,15,0,15,0.0
archangel,0,15,15,1.0
malina,15,0,15,0.0
hoge,3,12,15,0.8
complexion,2,13,15,0.867
corpsman,0,15,15,1.0
mud,5,10,15,0.667
sphere,3,12,15,0.8
shunda,0,15,15,1.0
leasehold,2,13,15,0.867
lop,2,13,15,0.867
duval,15,0,15,0.0
til,7,8,15,0.533
souad,15,0,15,0.0
immor,2,13,15,0.867
occident,8,7,15,0.467
dservl,15,0,15,0.0
dushinsk,15,0,15,0.0
overstock,0,15,15,1.0
mclarney,15,0,15,0.0
invensi,14,1,15,0.067
lackey,4,11,15,0.733
vivienda,0,15,15,1.0
mercur,11,4,15,0.267
checkpoint,4,11,15,0.733
chlorid,6,9,15,0.6
deciin,0,15,15,1.0
maid,6,9,15,0.6
traceabl,0,15,15,1.0
tasti,0,15,15,1.0
suncor,15,0,15,0.0
countdown,3,12,15,0.8
ftc,14,1,15,0.067
corset,0,15,15,1.0
solicitud,0,15,15,1.0
csjj,0,15,15,1.0
natal,0,15,15,1.0
dahlia,0,15,15,1.0
bowdoin,1,14,15,0.933
critter,1,14,15,0.933
clockwis,0,15,15,1.0
permut,4,10,14,0.714
aquina,0,14,14,1.0
benzen,6,8,14,0.571
dade,1,13,14,0.929
baffin,0,14,14,1.0
mccormack,14,0,14,0.0
deregulatori,2,12,14,0.857
invigor,3,11,14,0.786
zoosporocyst,0,14,14,1.0
zyrtec,0,14,14,1.0
physiolog,0,14,14,1.0
arlington,5,9,14,0.643
greengroc,0,14,14,1.0
lowerr,0,14,14,1.0
folli,1,13,14,0.929
oke,4,10,14,0.714
discoid,0,14,14,1.0
atchison,2,12,14,0.857
boggi,1,13,14,0.929
aggriev,3,11,14,0.786
anastasia,0,14,14,1.0
cosec,0,14,14,1.0
calculi,0,14,14,1.0
elucid,2,12,14,0.857
cockleshel,0,14,14,1.0
cocklebur,0,14,14,1.0
profesional,0,14,14,1.0
gim,14,0,14,0.0
fredrick,0,14,14,1.0
unblock,0,14,14,1.0
agrarian,0,14,14,1.0
revit,8,6,14,0.429
irena,14,0,14,0.0
license,11,3,14,0.214
bonfir,4,10,14,0.714
cuti,1,13,14,0.929
firebal,1,13,14,0.929
canna,0,14,14,1.0
cinderella,1,13,14,0.929
viciou,9,5,14,0.357
anabaptist,0,14,14,1.0
autocollim,0,14,14,1.0
chess,2,12,14,0.857
geodes,0,14,14,1.0
partak,2,12,14,0.857
burnout,1,13,14,0.929
mcvicker,14,0,14,0.0
cuff,2,12,14,0.857
ntpc,14,0,14,0.0
piazzet,14,0,14,0.0
seguridad,0,14,14,1.0
efi,1,13,14,0.929
inferior,2,12,14,0.857
tomato,0,14,14,1.0
autr,0,14,14,1.0
vivi,0,14,14,1.0
prl,5,9,14,0.643
ilog,14,0,14,0.0
bong,3,11,14,0.786
helium,0,14,14,1.0
switchboard,11,3,14,0.214
duckl,0,14,14,1.0
bloc,4,10,14,0.714
superced,9,5,14,0.357
jitterbug,0,14,14,1.0
natasha,12,2,14,0.143
newsclip,14,0,14,0.0
admixtur,0,14,14,1.0
glee,0,14,14,1.0
thier,5,9,14,0.643
tejon,14,0,14,0.0
dutiabl,0,14,14,1.0
milstein,14,0,14,0.0
camaraderi,1,13,14,0.929
bystand,1,13,14,0.929
antic,1,13,14,0.929
bacteri,0,14,14,1.0
anomal,3,11,14,0.786
rama,1,13,14,0.929
,0,14,14,1.0
greenish,4,10,14,0.714
orat,2,12,14,0.857
brazen,3,11,14,0.786
purs,4,10,14,0.714
raffl,6,8,14,0.571
sorb,0,14,14,1.0
kudo,4,10,14,0.714
detector,2,12,14,0.857
adclick,0,14,14,1.0
retract,5,9,14,0.643
dope,5,9,14,0.643
coconut,6,8,14,0.571
fruition,7,7,14,0.5
companc,14,0,14,0.0
divisor,0,14,14,1.0
spook,9,5,14,0.357
rivotri,0,14,14,1.0
ashen,0,14,14,1.0
chilean,3,11,14,0.786
vanadium,0,14,14,1.0
ionaalphonso,14,0,14,0.0
organizacion,0,14,14,1.0
scrimmag,7,7,14,0.5
estamo,0,14,14,1.0
lil,3,11,14,0.786
adquirir,0,14,14,1.0
heartbreak,0,14,14,1.0
photographi,1,13,14,0.929
agon,3,11,14,0.786
cayuga,0,14,14,1.0
ortega,1,13,14,0.929
orel,0,14,14,1.0
barth,8,6,14,0.429
freeler,0,14,14,1.0
corrector,0,14,14,1.0
flurri,11,3,14,0.214
brenner,1,13,14,0.929
atrium,1,13,14,0.929
backiog,0,14,14,1.0
draftsperson,0,14,14,1.0
diorit,0,14,14,1.0
mientra,0,14,14,1.0
decal,1,13,14,0.929
cyril,2,12,14,0.857
davila,14,0,14,0.0
larva,0,14,14,1.0
backyard,3,11,14,0.786
dorm,2,12,14,0.857
spiit,0,14,14,1.0
sala,2,12,14,0.857
incompat,9,5,14,0.357
aran,0,14,14,1.0
repertori,2,12,14,0.857
corteselli,14,0,14,0.0
nyiso,14,0,14,0.0
calip,0,14,14,1.0
csv,10,4,14,0.286
zeu,0,14,14,1.0
hepat,0,14,14,1.0
ecclesiast,0,14,14,1.0
dirg,0,14,14,1.0
abernathi,1,13,14,0.929
bosom,0,14,14,1.0
enrondirect,14,0,14,0.0
sustaita,14,0,14,0.0
ashman,2,12,14,0.857
freundlichen,1,13,14,0.929
cardboard,8,6,14,0.429
headway,3,11,14,0.786
unopen,4,10,14,0.714
wrench,10,4,14,0.286
birthplac,1,13,14,0.929
folgend,3,11,14,0.786
dv,2,12,14,0.857
frivol,0,14,14,1.0
sitescoop,0,14,14,1.0
conectiv,14,0,14,0.0
interject,8,6,14,0.429
oppd,14,0,14,0.0
anhydrit,0,14,14,1.0
naughti,0,14,14,1.0
pitney,11,3,14,0.214
silic,0,14,14,1.0
brunt,5,9,14,0.643
scrimshaw,14,0,14,0.0
gobel,14,0,14,0.0
hind,7,7,14,0.5
argon,0,14,14,1.0
baboon,0,14,14,1.0
endereo,0,14,14,1.0
elektronik,0,14,14,1.0
coni,0,14,14,1.0
dreami,0,14,14,1.0
dollop,0,14,14,1.0
metz,14,0,14,0.0
pobox,2,12,14,0.857
dysprosium,0,14,14,1.0
hither,0,14,14,1.0
gigawatt,2,12,14,0.857
página,0,14,14,1.0
surrey,4,10,14,0.714
norberto,12,2,14,0.143
bakar,10,4,14,0.286
igent,0,14,14,1.0
js,1,13,14,0.929
rightli,6,8,14,0.571
colza,0,14,14,1.0
gaddi,14,0,14,0.0
benitez,13,1,14,0.071
envoy,4,10,14,0.714
bead,1,13,14,0.929
coffin,1,13,14,0.929
barrack,0,14,14,1.0
perrino,14,0,14,0.0
apocryph,0,14,14,1.0
windmil,6,8,14,0.571
cot,1,13,14,0.929
opportunist,9,5,14,0.357
calcagno,14,0,14,0.0
brumidi,0,14,14,1.0
truprev,0,14,14,1.0
catv,0,14,14,1.0
fizz,14,0,14,0.0
flo,2,12,14,0.857
carous,1,13,14,0.929
reclaim,4,10,14,0.714
nhyf,0,14,14,1.0
deuteron,0,14,14,1.0
polypropylen,0,14,14,1.0
travail,2,12,14,0.857
clam,3,11,14,0.786
ngc,14,0,14,0.0
swag,12,2,14,0.143
quicksilv,10,4,14,0.286
adieu,0,14,14,1.0
berra,0,14,14,1.0
kleberg,14,0,14,0.0
fruehauf,3,11,14,0.786
mortg,1,13,14,0.929
rocco,9,5,14,0.357
serialnumb,0,14,14,1.0
cyberzon,1,13,14,0.929
frbnyrmagl,14,0,14,0.0
goodmorn,14,0,14,0.0
fledg,4,10,14,0.714
tricki,8,6,14,0.429
ttch,0,14,14,1.0
seulement,0,14,14,1.0
mmsr,0,14,14,1.0
chevrolet,2,12,14,0.857
leed,6,8,14,0.571
peculiar,3,11,14,0.786
ember,0,14,14,1.0
bila,14,0,14,0.0
pingchuan,0,14,14,1.0
pdci,14,0,14,0.0
asistencia,0,14,14,1.0
flop,7,7,14,0.5
mediccationn,0,14,14,1.0
custodian,1,13,14,0.929
simpiic,0,14,14,1.0
clow,14,0,14,0.0
cliffhang,0,14,14,1.0
stalem,10,4,14,0.286
shahi,14,0,14,0.0
argentino,0,14,14,1.0
mia,5,9,14,0.643
glide,0,14,14,1.0
lawner,14,0,14,0.0
eclipt,0,14,14,1.0
hoover,7,7,14,0.5
capitai,0,14,14,1.0
onseek,0,14,14,1.0
braun,6,8,14,0.571
heali,6,8,14,0.571
airflow,1,13,14,0.929
juz,9,5,14,0.357
subtl,7,7,14,0.5
minuto,0,14,14,1.0
offf,0,14,14,1.0
avogadro,0,14,14,1.0
internorth,14,0,14,0.0
oligarchi,0,14,14,1.0
uoi,0,14,14,1.0
grt,0,14,14,1.0
acronym,6,8,14,0.571
wooddi,14,0,14,0.0
argiv,0,14,14,1.0
youa,0,14,14,1.0
picnic,7,7,14,0.5
fermat,0,14,14,1.0
rochest,1,13,14,0.929
thiev,2,12,14,0.857
memoria,1,13,14,0.929
crumpl,0,14,14,1.0
coeditor,0,14,14,1.0
pear,1,13,14,0.929
injustic,0,14,14,1.0
pretens,0,14,14,1.0
janousek,14,0,14,0.0
ruba,0,14,14,1.0
hairmag,0,14,14,1.0
gill,7,7,14,0.5
pollock,4,10,14,0.714
prog,3,11,14,0.786
howl,3,11,14,0.786
toast,7,7,14,0.5
horsepow,8,6,14,0.429
díaz,0,14,14,1.0
ctr,14,0,14,0.0
ferreira,4,10,14,0.714
pped,0,14,14,1.0
weir,9,5,14,0.357
antoni,0,14,14,1.0
wilmer,14,0,14,0.0
ecumen,0,14,14,1.0
hausfeld,14,0,14,0.0
codeinn,0,14,14,1.0
mobipocket,0,14,14,1.0
jpmorgan,14,0,14,0.0
rook,1,13,14,0.929
enlist,12,2,14,0.143
autocorrel,5,9,14,0.643
shipp,1,13,14,0.929
nuanc,8,6,14,0.429
scalabi,0,14,14,1.0
decri,4,10,14,0.714
avenida,0,14,14,1.0
repath,14,0,14,0.0
vela,13,1,14,0.071
cluj,0,14,14,1.0
chorin,0,14,14,1.0
aq,4,10,14,0.714
cappelletto,14,0,14,0.0
bidirect,3,11,14,0.786
frontal,1,13,14,0.929
ministeri,0,14,14,1.0
amorph,0,14,14,1.0
tulli,12,2,14,0.143
prizemama,0,14,14,1.0
egret,0,14,14,1.0
ejym,0,14,14,1.0
aao,0,14,14,1.0
postman,0,14,14,1.0
sanguin,5,9,14,0.643
crosspoint,0,14,14,1.0
quirk,7,7,14,0.5
bundoora,0,14,14,1.0
regrett,9,5,14,0.357
egti,0,14,14,1.0
estrang,3,11,14,0.786
forwa,0,14,14,1.0
bayley,14,0,14,0.0
brawner,14,0,14,0.0
latim,4,10,14,0.714
adjectiv,0,14,14,1.0
cmd,0,14,14,1.0
cabrera,11,3,14,0.214
alistair,3,11,14,0.786
endgam,1,13,14,0.929
lafayett,3,11,14,0.786
venita,2,12,14,0.857
eastland,0,14,14,1.0
astoria,3,11,14,0.786
aftab,14,0,14,0.0
gq,0,14,14,1.0
succ,0,14,14,1.0
barbel,1,13,14,0.929
boson,0,14,14,1.0
melendrez,14,0,14,0.0
binghamton,3,11,14,0.786
qq,0,14,14,1.0
pgina,0,14,14,1.0
rebut,3,11,14,0.786
moulton,3,11,14,0.786
scarifi,0,14,14,1.0
shire,12,2,14,0.143
slain,0,14,14,1.0
elmsford,0,14,14,1.0
pod,5,9,14,0.643
simper,7,7,14,0.5
hamel,14,0,14,0.0
bursiti,0,14,14,1.0
tnpc,14,0,14,0.0
headi,9,5,14,0.357
ecti,2,12,14,0.857
irrepress,0,14,14,1.0
ductil,0,14,14,1.0
amidst,5,9,14,0.643
stole,2,12,14,0.857
embrittl,0,14,14,1.0
stuf,4,10,14,0.714
bsc,2,12,14,0.857
claimant,2,12,14,0.857
clich,3,11,14,0.786
sxga,0,14,14,1.0
mcintyr,7,7,14,0.5
fuent,1,13,14,0.929
fontain,8,6,14,0.429
crotch,0,14,14,1.0
hace,0,14,14,1.0
gk,2,12,14,0.857
embolden,0,14,14,1.0
coars,3,11,14,0.786
pickel,9,5,14,0.357
nutraceuticai,0,14,14,1.0
huntsvil,4,10,14,0.714
adulthood,0,14,14,1.0
arrowroot,0,14,14,1.0
lilustr,0,14,14,1.0
cring,0,14,14,1.0
anthropolog,0,14,14,1.0
relaunch,13,1,14,0.071
noma,13,1,14,0.071
sluggish,9,5,14,0.357
coriolanu,0,14,14,1.0
siegel,10,4,14,0.286
critiqu,2,12,14,0.857
verit,1,13,14,0.929
restiv,3,11,14,0.786
purpa,14,0,14,0.0
loath,2,12,14,0.857
misunderstood,7,7,14,0.5
sbgx,0,14,14,1.0
handicraft,0,14,14,1.0
maritim,8,6,14,0.429
avaric,0,14,14,1.0
bangl,2,12,14,0.857
bandwagon,1,13,14,0.929
azalea,0,14,14,1.0
baht,3,11,14,0.786
mistress,0,14,14,1.0
glean,8,6,14,0.429
imr,13,1,14,0.071
elgin,0,14,14,1.0
adolph,0,14,14,1.0
bypath,0,14,14,1.0
yhgg,0,14,14,1.0
calkin,2,12,14,0.857
bub,0,14,14,1.0
callabl,14,0,14,0.0
namin,0,14,14,1.0
rafael,2,12,14,0.857
shuffl,6,8,14,0.571
adjoin,1,13,14,0.929
ainda,0,14,14,1.0
chalcedoni,0,14,14,1.0
especiaili,0,14,14,1.0
affection,3,11,14,0.786
excret,0,14,14,1.0
anurag,14,0,14,0.0
bihari,14,0,14,0.0
couvillon,14,0,14,0.0
neta,14,0,14,0.0
frown,2,12,14,0.857
greatcoat,0,14,14,1.0
ik,0,14,14,1.0
dialysi,3,11,14,0.786
brighter,7,7,14,0.5
dugan,2,12,14,0.857
ebusi,12,2,14,0.143
pplweb,14,0,14,0.0
chicaneri,2,12,14,0.857
erudit,2,12,14,0.857
ballyhoo,4,10,14,0.714
durango,2,12,14,0.857
incens,6,8,14,0.571
yowman,14,0,14,0.0
wagon,7,7,14,0.5
perfus,0,14,14,1.0
boustrophedon,0,14,14,1.0
mata,11,3,14,0.214
nunez,12,2,14,0.143
conson,1,13,14,0.929
anathema,0,14,14,1.0
buerkl,14,0,14,0.0
mex,14,0,14,0.0
anif,0,14,14,1.0
renounc,2,12,14,0.857
kingston,3,11,14,0.786
stingi,10,4,14,0.286
prospector,0,14,14,1.0
wore,3,11,14,0.786
howenstin,14,0,14,0.0
gum,1,13,14,0.929
ki,0,14,14,1.0
browbeaten,0,14,14,1.0
reforma,1,13,14,0.929
pandasoftwar,0,14,14,1.0
plumb,9,5,14,0.357
finnegan,0,14,14,1.0
bimini,0,14,14,1.0
cruel,5,9,14,0.643
ô,0,14,14,1.0
apoge,0,14,14,1.0
gladi,3,11,14,0.786
minhplno,14,0,14,0.0
imitrex,0,14,14,1.0
oeol,0,14,14,1.0
bluebird,0,14,14,1.0
diffract,0,14,14,1.0
pessoa,0,14,14,1.0
vex,8,6,14,0.429
acoust,2,12,14,0.857
astart,0,14,14,1.0
cosmic,0,14,14,1.0
webscr,0,14,14,1.0
incluido,0,14,14,1.0
consoiid,0,14,14,1.0
pessim,7,7,14,0.5
cont,9,5,14,0.357
wrath,0,14,14,1.0
beseech,0,14,14,1.0
pallmera,0,14,14,1.0
fav,0,14,14,1.0
afterglow,0,14,14,1.0
gravit,2,12,14,0.857
slogan,0,14,14,1.0
wifimicrosoft,0,14,14,1.0
actinolit,0,14,14,1.0
gesehen,0,14,14,1.0
schon,4,10,14,0.714
chiffon,0,14,14,1.0
constructor,0,14,14,1.0
txmo,14,0,14,0.0
teammat,3,11,14,0.786
mier,14,0,14,0.0
aiong,0,14,14,1.0
cozen,0,14,14,1.0
rerout,3,11,14,0.786
component,0,14,14,1.0
augustu,0,14,14,1.0
cattlemen,0,14,14,1.0
lw,0,14,14,1.0
wiidcard,0,14,14,1.0
sentinel,12,2,14,0.143
tamera,12,2,14,0.143
slumber,0,14,14,1.0
etin,0,14,14,1.0
jug,0,14,14,1.0
tsp,13,1,14,0.071
scandium,0,14,14,1.0
beguil,0,14,14,1.0
complin,0,14,14,1.0
cofactor,0,14,14,1.0
carney,1,13,14,0.929
zenegra,0,14,14,1.0
dipol,1,13,14,0.929
purgatori,0,14,14,1.0
handwritten,3,11,14,0.786
cyberfr,0,14,14,1.0
obfusc,9,5,14,0.357
tauzin,14,0,14,0.0
rhonna,14,0,14,0.0
aphelion,0,14,14,1.0
basel,2,12,14,0.857
celia,1,13,14,0.929
valoracin,0,14,14,1.0
hacet,0,14,14,1.0
sansom,14,0,14,0.0
defector,2,12,14,0.857
vivac,0,14,14,1.0
jkoutsi,0,14,14,1.0
rundown,9,5,14,0.357
ascens,3,11,14,0.786
hain,8,6,14,0.429
perimet,3,11,14,0.786
tum,0,14,14,1.0
consultor,0,14,14,1.0
chide,6,8,14,0.571
treadmil,5,9,14,0.643
fissur,1,13,14,0.929
abbanat,14,0,14,0.0
javier,8,6,14,0.429
cub,1,13,14,0.929
depres,0,14,14,1.0
rockey,14,0,14,0.0
dpri,0,14,14,1.0
reconnect,5,9,14,0.643
doodl,0,14,14,1.0
dyspept,0,14,14,1.0
pacwest,14,0,14,0.0
diatomac,0,14,14,1.0
archaic,1,13,14,0.929
chloroform,0,14,14,1.0
bequeath,1,13,14,0.929
ope,4,10,14,0.714
strife,3,11,14,0.786
vibrant,10,4,14,0.286
asbesto,4,10,14,0.714
carmichael,2,12,14,0.857
informtica,0,14,14,1.0
guyana,0,14,14,1.0
exmar,14,0,14,0.0
celtic,0,14,14,1.0
easiiy,0,14,14,1.0
ltci,0,14,14,1.0
libel,1,13,14,0.929
unsubscribenow,0,14,14,1.0
strawberri,1,13,14,0.929
hadix,14,0,14,0.0
singular,2,12,14,0.857
vanquish,1,13,14,0.929
henenberg,14,0,14,0.0
cern,9,5,14,0.357
daydream,0,14,14,1.0
remitent,0,14,14,1.0
rapoport,14,0,14,0.0
bol,0,14,14,1.0
ersten,0,14,14,1.0
scorn,1,13,14,0.929
ddeal,0,14,14,1.0
jumpstartlovelif,0,14,14,1.0
lantern,0,14,14,1.0
blizzard,3,11,14,0.786
gibb,8,6,14,0.429
alewif,0,14,14,1.0
dissip,3,11,14,0.786
casket,0,14,14,1.0
frigat,0,14,14,1.0
directo,4,10,14,0.714
ergonom,0,14,14,1.0
crimson,1,13,14,0.929
colloc,0,14,14,1.0
preemptiv,1,13,14,0.929
doi,0,14,14,1.0
gilt,5,9,14,0.643
manu,0,14,14,1.0
svajian,14,0,14,0.0
crri,14,0,14,0.0
escort,10,4,14,0.286
darkl,0,14,14,1.0
hearti,1,13,14,0.929
recount,12,2,14,0.143
brianna,0,14,14,1.0
chois,0,14,14,1.0
villain,3,11,14,0.786
mccauley,8,6,14,0.429
weighti,2,12,14,0.857
waterway,2,12,14,0.857
grievanc,10,4,14,0.286
coliseum,6,8,14,0.571
indemnifi,7,7,14,0.5
blowfish,0,14,14,1.0
communicast,14,0,14,0.0
choke,6,8,14,0.571
meeker,13,1,14,0.071
degradedli,0,14,14,1.0
caldwel,1,13,14,0.929
worthington,7,7,14,0.5
caiif,0,14,14,1.0
joey,8,6,14,0.429
pkl,0,14,14,1.0
pronto,2,12,14,0.857
suport,0,14,14,1.0
mem,0,14,14,1.0
blym,0,14,14,1.0
albumin,0,14,14,1.0
tertiari,6,8,14,0.571
andromeda,8,6,14,0.429
phrm,0,14,14,1.0
ugh,11,3,14,0.214
rachael,2,12,14,0.857
topsit,0,14,14,1.0
lagoon,0,14,14,1.0
pharmonli,0,14,14,1.0
citadel,2,12,14,0.857
kamp,14,0,14,0.0
ectiveiy,0,14,14,1.0
statistician,8,6,14,0.429
ramirez,11,3,14,0.214
cataract,0,14,14,1.0
crac,14,0,14,0.0
ka,4,10,14,0.714
predetermin,6,8,14,0.571
democraci,6,8,14,0.571
jockey,7,7,14,0.5
ceramium,0,14,14,1.0
persever,3,11,14,0.786
alexandra,4,10,14,0.714
ambrosia,0,14,14,1.0
leblon,0,14,14,1.0
linen,2,12,14,0.857
yi,4,10,14,0.714
heed,1,13,14,0.929
aguirr,8,6,14,0.429
comparabiy,0,14,14,1.0
profund,3,11,14,0.786
aliphat,0,14,14,1.0
dharma,0,14,14,1.0
ruie,0,14,14,1.0
dune,1,13,14,0.929
kilchrist,14,0,14,0.0
caw,0,14,14,1.0
contagi,1,13,14,0.929
uar,0,14,14,1.0
whirlpool,2,12,14,0.857
intermod,14,0,14,0.0
cingular,13,1,14,0.071
wurd,0,14,14,1.0
liken,7,7,14,0.5
asoci,2,12,14,0.857
agnost,2,12,14,0.857
fir,0,14,14,1.0
enumer,3,11,14,0.786
toppl,6,8,14,0.571
kao,11,3,14,0.214
extric,3,11,14,0.786
alj,14,0,14,0.0
vora,14,0,14,0.0
academician,4,10,14,0.714
sattler,2,12,14,0.857
breve,0,14,14,1.0
qs,2,12,14,0.857
atwat,0,14,14,1.0
noah,4,10,14,0.714
yieid,0,14,14,1.0
dicta,0,14,14,1.0
loren,10,4,14,0.286
esco,0,14,14,1.0
twprodol,14,0,14,0.0
dietician,0,14,14,1.0
indemn,7,7,14,0.5
electra,0,14,14,1.0
salvia,0,14,14,1.0
annouc,14,0,14,0.0
seaport,1,13,14,0.929
haz,0,14,14,1.0
slo,0,14,14,1.0
primp,0,14,14,1.0
xieti,0,14,14,1.0
snag,8,6,14,0.429
interrog,0,14,14,1.0
fizzl,8,6,14,0.429
castig,2,12,14,0.857
demolish,1,13,14,0.929
kirbi,10,4,14,0.286
lofton,14,0,14,0.0
ecolog,2,12,14,0.857
donotemail,14,0,14,0.0
delaney,6,8,14,0.571
cilai,0,14,14,1.0
rtf,13,1,14,0.071
pj,4,10,14,0.714
customhous,0,14,14,1.0
reachabl,12,2,14,0.143
reconstruct,7,7,14,0.5
ivi,10,4,14,0.286
vale,2,12,14,0.857
undertook,7,7,14,0.5
delug,2,12,14,0.857
liza,12,2,14,0.143
dysplasia,0,14,14,1.0
greenwich,7,7,14,0.5
topo,2,12,14,0.857
arsystem,14,0,14,0.0
elois,1,13,14,0.929
hurl,3,11,14,0.786
priceless,2,12,14,0.857
ura,0,14,14,1.0
ncph,14,0,14,0.0
elud,4,10,14,0.714
parmigiani,0,14,14,1.0
pushkar,14,0,14,0.0
luigi,14,0,14,0.0
gannett,1,13,14,0.929
earthshak,0,14,14,1.0
boldli,2,12,14,0.857
cpillc,0,14,14,1.0
choosi,2,12,14,0.857
goddess,1,13,14,0.929
etr,12,2,14,0.143
bordeaux,0,14,14,1.0
roc,9,5,14,0.357
heurist,3,11,14,0.786
diskett,9,5,14,0.357
ake,1,13,14,0.929
burglarproof,0,14,14,1.0
chernist,0,14,14,1.0
aham,12,2,14,0.143
checkbook,0,14,14,1.0
hoagi,0,14,14,1.0
ial,0,14,14,1.0
codeword,0,14,14,1.0
cameramen,1,13,14,0.929
blodget,14,0,14,0.0
demograph,3,11,14,0.786
cometh,1,13,14,0.929
luu,14,0,14,0.0
hartford,1,13,14,0.929
vlsit,0,14,14,1.0
pvt,3,11,14,0.786
decorum,1,13,14,0.929
itcentr,14,0,14,0.0
lovv,0,14,14,1.0
guido,8,6,14,0.429
intreset,0,14,14,1.0
courtier,0,14,14,1.0
utopia,0,14,14,1.0
satur,1,13,14,0.929
transcend,2,12,14,0.857
perspir,0,14,14,1.0
outnumb,12,2,14,0.143
demount,0,14,14,1.0
saleem,14,0,14,0.0
inst,6,8,14,0.571
ditzel,0,14,14,1.0
declassifi,1,13,14,0.929
coccidiosi,0,14,14,1.0
coax,0,14,14,1.0
tooth,1,13,14,0.929
impart,3,11,14,0.786
collard,1,13,14,0.929
uitr,0,14,14,1.0
ancestri,1,13,14,0.929
melamin,0,14,14,1.0
eigenfunct,0,14,14,1.0
juev,1,13,14,0.929
messr,12,2,14,0.143
wehr,13,1,14,0.071
corteg,0,14,14,1.0
clown,2,12,14,0.857
luminesc,0,14,14,1.0
innovis,14,0,14,0.0
crossov,8,6,14,0.429
boardinghous,0,14,14,1.0
repack,0,14,14,1.0
omnimedia,13,1,14,0.071
chu,6,8,14,0.571
namazý,0,14,14,1.0
objet,0,14,14,1.0
hollweck,14,0,14,0.0
astrophysicist,1,13,14,0.929
flourish,6,8,14,0.571
cavazo,14,0,14,0.0
reichardt,14,0,14,0.0
gamut,2,12,14,0.857
wolff,6,8,14,0.571
folsom,13,1,14,0.071
hrnoc,0,14,14,1.0
pneumotomi,0,14,14,1.0
rodriquez,14,0,14,0.0
intramonth,14,0,14,0.0
whop,8,6,14,0.429
swirl,13,1,14,0.071
ecosystem,4,10,14,0.714
turnout,9,5,14,0.357
goldsmith,3,11,14,0.786
cervix,0,14,14,1.0
cloudi,3,11,14,0.786
emphasis,11,3,14,0.214
roil,8,6,14,0.429
sync,10,4,14,0.286
madden,6,8,14,0.571
laszlo,9,5,14,0.357
vea,1,13,14,0.929
cheroke,0,14,14,1.0
horror,5,9,14,0.643
mice,3,11,14,0.786
illicitli,2,12,14,0.857
viadimir,0,14,14,1.0
gisel,8,6,14,0.429
carnag,2,12,14,0.857
slug,4,10,14,0.714
asparagin,0,14,14,1.0
audioaudit,0,14,14,1.0
bucharest,1,13,14,0.929
uribl,0,14,14,1.0
grandios,6,8,14,0.571
carrot,0,14,14,1.0
burli,1,13,14,0.929
crockett,5,9,14,0.643
fazer,0,14,14,1.0
airspe,0,14,14,1.0
thame,9,5,14,0.357
hurst,4,10,14,0.714
jenson,14,0,14,0.0
bard,0,14,14,1.0
icann,0,14,14,1.0
pta,1,13,14,0.929
viril,0,14,14,1.0
conjunctur,0,14,14,1.0
cottrel,0,14,14,1.0
undetermin,12,2,14,0.143
edmonton,0,14,14,1.0
elegi,0,14,14,1.0
emv,8,6,14,0.429
cartilag,0,14,14,1.0
nepal,1,13,14,0.929
vasut,14,0,14,0.0
fractur,0,14,14,1.0
kidd,3,11,14,0.786
caleb,1,13,14,0.929
stig,14,0,14,0.0
villa,5,9,14,0.643
sawyer,7,7,14,0.5
footpath,0,14,14,1.0
fiesta,3,11,14,0.786
sticki,4,10,14,0.714
chungk,0,14,14,1.0
iin,0,14,14,1.0
raft,10,4,14,0.286
farmhous,0,14,14,1.0
blight,0,14,14,1.0
circumferenti,0,14,14,1.0
cessat,4,10,14,0.714
homecom,2,12,14,0.857
archivo,0,13,13,1.0
crucifixion,0,13,13,1.0
implaus,6,7,13,0.538
marma,13,0,13,0.0
appalachia,2,11,13,0.846
revoiution,0,13,13,1.0
primer,3,10,13,0.769
waist,1,12,13,0.923
graciou,5,8,13,0.615
msc,1,12,13,0.923
echelon,3,10,13,0.769
mimeol,8,5,13,0.385
surnam,1,12,13,0.923
sunil,13,0,13,0.0
ablut,0,13,13,1.0
photocopi,2,11,13,0.846
ziya,0,13,13,1.0
fright,3,10,13,0.769
boxcar,0,13,13,1.0
percentil,8,5,13,0.385
vulgar,4,9,13,0.692
unstung,0,13,13,1.0
agat,0,13,13,1.0
unseen,10,3,13,0.231
hlp,4,9,13,0.692
dunde,0,13,13,1.0
lyell,1,12,13,0.923
cdrom,2,11,13,0.846
pccare,0,13,13,1.0
sportswear,1,12,13,0.923
siderurgica,13,0,13,0.0
broadsid,0,13,13,1.0
rudiment,2,11,13,0.846
sifert,13,0,13,0.0
conley,2,11,13,0.846
strategicaliy,0,13,13,1.0
ymca,11,2,13,0.154
cutesi,0,13,13,1.0
cme,13,0,13,0.0
disquisit,0,13,13,1.0
asd,0,13,13,1.0
ciinic,0,13,13,1.0
vairga,0,13,13,1.0
colossi,0,13,13,1.0
truiy,0,13,13,1.0
ikon,13,0,13,0.0
curi,0,13,13,1.0
shihong,13,0,13,0.0
alexio,13,0,13,0.0
defus,2,11,13,0.846
postbank,0,13,13,1.0
springboard,2,11,13,0.846
classi,0,13,13,1.0
furs,13,0,13,0.0
fleshlight,0,13,13,1.0
bedfast,0,13,13,1.0
otcliv,0,13,13,1.0
pornographi,1,12,13,0.923
ditti,2,11,13,0.846
clau,4,9,13,0.692
marzo,0,13,13,1.0
enviou,4,9,13,0.692
accultur,0,13,13,1.0
lewent,13,0,13,0.0
valiu,0,13,13,1.0
alabast,0,13,13,1.0
triton,2,11,13,0.846
wenyao,13,0,13,0.0
autobiographi,0,13,13,1.0
baroqu,0,13,13,1.0
optima,0,13,13,1.0
ecoelectrica,13,0,13,0.0
ripoff,0,13,13,1.0
crinkl,0,13,13,1.0
lawbreak,0,13,13,1.0
foul,5,8,13,0.615
maor,13,0,13,0.0
dehydr,1,12,13,0.923
punto,0,13,13,1.0
bergman,4,9,13,0.692
hoodia,0,13,13,1.0
johan,13,0,13,0.0
riddl,8,5,13,0.385
marlow,7,6,13,0.462
aiken,6,7,13,0.538
nighter,0,13,13,1.0
bioscienc,0,13,13,1.0
midtex,13,0,13,0.0
kabul,6,7,13,0.538
rawson,13,0,13,0.0
messagelab,1,12,13,0.923
walmart,1,12,13,0.923
vivienn,13,0,13,0.0
notehold,13,0,13,0.0
chairmen,4,9,13,0.692
diesem,0,13,13,1.0
dockyard,0,13,13,1.0
subset,13,0,13,0.0
omni,6,7,13,0.538
acorn,0,13,13,1.0
bavaria,0,13,13,1.0
mxo,0,13,13,1.0
communion,0,13,13,1.0
sergio,1,12,13,0.923
lzevaw,0,13,13,1.0
basemen,0,13,13,1.0
moot,10,3,13,0.231
klussmann,13,0,13,0.0
coercibl,0,13,13,1.0
procter,8,5,13,0.385
singleton,4,9,13,0.692
catkin,0,13,13,1.0
jitendra,13,0,13,0.0
shu,7,6,13,0.462
flaunt,0,13,13,1.0
deflector,0,13,13,1.0
ripen,0,13,13,1.0
farmland,0,13,13,1.0
inward,3,10,13,0.769
retirar,0,13,13,1.0
dubreuil,13,0,13,0.0
protector,0,13,13,1.0
plunder,0,13,13,1.0
clubhous,0,13,13,1.0
desuetud,0,13,13,1.0
sei,0,13,13,1.0
lenni,6,7,13,0.538
galbreath,0,13,13,1.0
indiffer,2,11,13,0.846
vagira,0,13,13,1.0
dionysian,0,13,13,1.0
electrician,1,12,13,0.923
excercis,6,7,13,0.538
densiti,9,4,13,0.308
indutri,13,0,13,0.0
nada,0,13,13,1.0
helicopt,2,11,13,0.846
haw,2,11,13,0.846
austrian,9,4,13,0.308
bedevil,2,11,13,0.846
kidwai,13,0,13,0.0
mendel,4,9,13,0.692
olaf,6,7,13,0.538
compendium,0,13,13,1.0
menopaus,0,13,13,1.0
thwack,0,13,13,1.0
colosseum,0,13,13,1.0
timeli,11,2,13,0.154
bellman,0,13,13,1.0
antigorit,0,13,13,1.0
diacrit,0,13,13,1.0
phonemail,13,0,13,0.0
mercaldo,13,0,13,0.0
dhabi,2,11,13,0.846
amphioxi,0,13,13,1.0
rnedic,0,13,13,1.0
tyndal,0,13,13,1.0
landau,3,10,13,0.769
ahmedabad,3,10,13,0.769
petrol,1,12,13,0.923
adenin,0,13,13,1.0
aval,2,11,13,0.846
binuclear,0,13,13,1.0
experienceenron,13,0,13,0.0
gianna,13,0,13,0.0
wheelock,13,0,13,0.0
bullyboy,0,13,13,1.0
limitless,1,12,13,0.923
lott,6,7,13,0.538
brahmsian,0,13,13,1.0
dodecahedr,0,13,13,1.0
tourain,13,0,13,0.0
layman,5,8,13,0.615
nausea,1,12,13,0.923
docksid,0,13,13,1.0
infest,0,13,13,1.0
chortl,0,13,13,1.0
freedman,1,12,13,0.923
vigara,0,13,13,1.0
catchword,0,13,13,1.0
hartso,13,0,13,0.0
micha,0,13,13,1.0
ntsb,11,2,13,0.154
tomi,13,0,13,0.0
amygdaloid,0,13,13,1.0
daskalaki,13,0,13,0.0
aquilla,13,0,13,0.0
guar,0,13,13,1.0
transpos,0,13,13,1.0
ahorra,0,13,13,1.0
wallstreet,0,13,13,1.0
cracker,2,11,13,0.846
tropospher,3,10,13,0.769
saldana,12,1,13,0.077
ambuscad,0,13,13,1.0
miseri,1,12,13,0.923
stronghold,1,12,13,0.923
buttercup,0,13,13,1.0
pegasu,10,3,13,0.231
qo,4,9,13,0.692
drunkard,0,13,13,1.0
steamtight,0,13,13,1.0
soy,0,13,13,1.0
impract,1,12,13,0.923
umber,0,13,13,1.0
junel,13,0,13,0.0
adul,0,13,13,1.0
mulcahi,13,0,13,0.0
communiqu,4,9,13,0.692
peep,2,11,13,0.846
execr,0,13,13,1.0
clifton,1,12,13,0.923
peachtre,7,6,13,0.462
colloqui,0,13,13,1.0
preo,0,13,13,1.0
raspberri,0,13,13,1.0
ether,3,10,13,0.769
dadaist,0,13,13,1.0
glare,4,9,13,0.692
indigest,1,12,13,0.923
bonito,0,13,13,1.0
couturi,0,13,13,1.0
dairymen,0,13,13,1.0
kempston,13,0,13,0.0
herr,5,8,13,0.615
bunk,0,13,13,1.0
segunda,1,12,13,0.923
boar,0,13,13,1.0
heron,4,9,13,0.692
ceba,13,0,13,0.0
dyrvik,13,0,13,0.0
crystallographi,0,13,13,1.0
apologia,0,13,13,1.0
changeabl,0,13,13,1.0
emancip,0,13,13,1.0
kodansha,13,0,13,0.0
braill,0,13,13,1.0
ellips,0,13,13,1.0
classificatori,0,13,13,1.0
viola,10,3,13,0.231
navajo,10,3,13,0.231
balm,0,13,13,1.0
afir,1,12,13,0.923
coagul,0,13,13,1.0
disjunct,0,13,13,1.0
blutwurst,0,13,13,1.0
bupa,13,0,13,0.0
bodic,0,13,13,1.0
palmitin,0,13,13,1.0
cryo,0,13,13,1.0
airspac,2,11,13,0.846
adorn,1,12,13,0.923
fortitud,2,11,13,0.846
marbl,5,8,13,0.615
malocclus,0,13,13,1.0
korbi,13,0,13,0.0
yoxal,13,0,13,0.0
mre,0,13,13,1.0
hilt,0,13,13,1.0
clarkston,13,0,13,0.0
moneymak,4,9,13,0.692
jurdica,0,13,13,1.0
carbonac,0,13,13,1.0
xq,0,13,13,1.0
decliv,0,13,13,1.0
dactyl,0,13,13,1.0
buckwheat,0,13,13,1.0
customiz,4,9,13,0.692
npi,12,1,13,0.077
paramont,13,0,13,0.0
captainci,0,13,13,1.0
btl,1,12,13,0.923
stoness,13,0,13,0.0
bloomington,0,13,13,1.0
marluc,13,0,13,0.0
meghan,12,1,13,0.077
abolish,3,10,13,0.769
swinney,13,0,13,0.0
granit,0,13,13,1.0
paolo,5,8,13,0.615
blk,9,4,13,0.308
lalita,13,0,13,0.0
paain,0,13,13,1.0
nocturn,0,13,13,1.0
edificio,0,13,13,1.0
settel,13,0,13,0.0
berth,0,13,13,1.0
pyle,2,11,13,0.846
demot,2,11,13,0.846
dictatori,1,12,13,0.923
supersav,0,13,13,1.0
bestsellerdom,13,0,13,0.0
conspicu,3,10,13,0.769
berkeland,13,0,13,0.0
evinc,8,5,13,0.385
airpark,0,13,13,1.0
navroz,13,0,13,0.0
bromid,0,13,13,1.0
berardino,13,0,13,0.0
vaughan,8,5,13,0.385
holman,6,7,13,0.538
highiight,0,13,13,1.0
diehard,0,13,13,1.0
removem,0,13,13,1.0
troubleshoot,8,5,13,0.385
secgov,0,13,13,1.0
rake,2,11,13,0.846
armaceut,0,13,13,1.0
hisd,13,0,13,0.0
destitut,1,12,13,0.923
ellison,7,6,13,0.462
tomaski,13,0,13,0.0
giro,0,13,13,1.0
ashleybaxt,13,0,13,0.0
chauffeur,0,13,13,1.0
crossarm,0,13,13,1.0
anachron,0,13,13,1.0
gupt,13,0,13,0.0
snr,3,10,13,0.769
banca,5,8,13,0.615
algier,0,13,13,1.0
guerrilla,0,13,13,1.0
outlaw,7,6,13,0.462
ensign,0,13,13,1.0
czar,3,10,13,0.769
opillsl,0,13,13,1.0
mather,13,0,13,0.0
burnsid,0,13,13,1.0
murmur,0,13,13,1.0
backplan,0,13,13,1.0
bustard,0,13,13,1.0
hubei,0,13,13,1.0
mercenari,5,8,13,0.615
overdon,13,0,13,0.0
camcord,3,10,13,0.769
burkina,0,13,13,1.0
charta,0,13,13,1.0
emblazon,2,11,13,0.846
amo,3,10,13,0.769
cede,2,11,13,0.846
articulatori,0,13,13,1.0
adverb,0,13,13,1.0
hiccup,4,9,13,0.692
viacel,0,13,13,1.0
surject,0,13,13,1.0
upheav,6,7,13,0.538
prava,13,0,13,0.0
delicatessen,0,13,13,1.0
cordiess,0,13,13,1.0
datum,0,13,13,1.0
allerg,1,12,13,0.923
rainier,13,0,13,0.0
polaroid,10,3,13,0.231
blyth,0,13,13,1.0
gust,0,13,13,1.0
intricaci,7,6,13,0.462
ved,0,13,13,1.0
audac,2,11,13,0.846
kzll,0,13,13,1.0
joyner,13,0,13,0.0
solu,0,13,13,1.0
impiement,0,13,13,1.0
ukuk,0,13,13,1.0
morass,3,10,13,0.769
bookout,13,0,13,0.0
stif,0,13,13,1.0
akron,3,10,13,0.769
christmass,0,13,13,1.0
raj,8,5,13,0.385
galia,13,0,13,0.0
adenosin,0,13,13,1.0
graywack,0,13,13,1.0
leakag,3,10,13,0.769
rho,8,5,13,0.385
archenemi,0,13,13,1.0
filler,0,13,13,1.0
kunden,0,13,13,1.0
gradat,4,9,13,0.692
equipo,0,13,13,1.0
holyok,9,4,13,0.308
prov,9,4,13,0.308
madelin,3,10,13,0.769
gangl,0,13,13,1.0
constern,0,13,13,1.0
autor,1,12,13,0.923
convex,0,13,13,1.0
cantilev,1,12,13,0.923
omelet,4,9,13,0.692
evict,1,12,13,0.923
ingersol,5,8,13,0.615
byproduct,4,9,13,0.692
habiba,13,0,13,0.0
shrimp,3,10,13,0.769
addr,2,11,13,0.846
awl,0,13,13,1.0
getti,4,9,13,0.692
burgundi,2,11,13,0.846
desorpt,0,13,13,1.0
timeshar,2,11,13,0.846
abyssinia,0,13,13,1.0
aspen,2,11,13,0.846
palat,1,12,13,0.923
bfl,6,7,13,0.538
shinohara,13,0,13,0.0
fairley,13,0,13,0.0
angiosperm,0,13,13,1.0
soo,7,6,13,0.462
slc,7,6,13,0.462
firstca,0,13,13,1.0
lamp,1,12,13,0.923
whirl,3,10,13,0.769
karolina,13,0,13,0.0
homeostasi,0,13,13,1.0
omin,6,7,13,0.538
katen,13,0,13,0.0
bun,1,12,13,0.923
silverman,10,3,13,0.231
athiet,0,13,13,1.0
bam,1,12,13,0.923
bamboo,0,13,13,1.0
nuciear,0,13,13,1.0
testat,0,13,13,1.0
copra,0,13,13,1.0
affluenc,0,13,13,1.0
ascet,0,13,13,1.0
daimler,3,10,13,0.769
mors,8,5,13,0.385
aff,0,13,13,1.0
tomb,3,10,13,0.769
brunswick,4,9,13,0.692
creami,0,13,13,1.0
confuciu,6,7,13,0.538
edelweiss,0,13,13,1.0
retrogress,0,13,13,1.0
tardi,11,2,13,0.154
coloratura,0,13,13,1.0
lac,5,8,13,0.615
kasemervisz,13,0,13,0.0
napm,13,0,13,0.0
genu,0,13,13,1.0
booz,0,13,13,1.0
haywood,13,0,13,0.0
misconduct,13,0,13,0.0
py,0,13,13,1.0
combinator,0,13,13,1.0
dominick,0,13,13,1.0
lch,13,0,13,0.0
clemen,2,11,13,0.846
rut,0,13,13,1.0
leumi,13,0,13,0.0
granddaught,1,12,13,0.923
ester,2,11,13,0.846
mam,10,3,13,0.231
caiil,0,13,13,1.0
punctuat,4,9,13,0.692
abduct,0,13,13,1.0
blackmail,0,13,13,1.0
cromwel,2,11,13,0.846
cointreau,13,0,13,0.0
bedrock,0,13,13,1.0
julib,13,0,13,0.0
verifl,0,13,13,1.0
rotunda,0,13,13,1.0
eisenhow,0,13,13,1.0
caith,13,0,13,0.0
shambl,8,5,13,0.385
panther,8,5,13,0.385
convect,0,13,13,1.0
duopolist,0,13,13,1.0
ambulatori,0,13,13,1.0
lifont,0,13,13,1.0
motto,1,12,13,0.923
nodal,2,11,13,0.846
parenthes,6,7,13,0.538
buzzi,0,13,13,1.0
lediesnight,0,13,13,1.0
lic,0,13,13,1.0
brasilia,1,12,13,0.923
licenciatura,0,13,13,1.0
psychoanalyt,0,13,13,1.0
alpenstock,0,13,13,1.0
harpo,13,0,13,0.0
certiorari,0,13,13,1.0
nebula,0,13,13,1.0
genesi,9,4,13,0.308
halakah,0,13,13,1.0
confeder,1,12,13,0.923
dubinski,13,0,13,0.0
circumscrib,0,13,13,1.0
heriard,13,0,13,0.0
matric,6,7,13,0.538
sideway,3,10,13,0.769
fv,1,12,13,0.923
albatross,0,13,13,1.0
parsimoni,1,12,13,0.923
warmth,1,12,13,0.923
bounti,1,12,13,0.923
boi,0,13,13,1.0
faber,5,8,13,0.615
shasta,8,5,13,0.385
bangor,0,13,13,1.0
czerniak,0,13,13,1.0
contraband,0,13,13,1.0
barnyard,0,13,13,1.0
creak,0,13,13,1.0
stylu,1,12,13,0.923
rci,11,2,13,0.154
hemorrhag,3,10,13,0.769
coattail,0,13,13,1.0
crevic,0,13,13,1.0
limo,10,3,13,0.231
terraso,13,0,13,0.0
wiggin,12,1,13,0.077
giggl,1,12,13,0.923
veterinari,0,13,13,1.0
ttcm,0,13,13,1.0
josephin,5,8,13,0.615
ellipt,0,13,13,1.0
hasten,3,10,13,0.769
breez,2,11,13,0.846
salarich,13,0,13,0.0
corsag,2,11,13,0.846
cmara,0,13,13,1.0
aubrey,2,11,13,0.846
milbank,13,0,13,0.0
orchard,3,10,13,0.769
poe,6,7,13,0.538
provincia,0,13,13,1.0
cupboard,0,13,13,1.0
holsworth,13,0,13,0.0
angelova,13,0,13,0.0
coxcomb,0,13,13,1.0
calvari,0,13,13,1.0
bast,0,13,13,1.0
unmark,4,9,13,0.692
dornan,13,0,13,0.0
adler,7,6,13,0.462
antholog,0,13,13,1.0
planta,0,13,13,1.0
opal,6,7,13,0.538
riti,0,13,13,1.0
schulden,0,13,13,1.0
exceptiona,0,13,13,1.0
dickcissel,0,13,13,1.0
stationar,4,9,13,0.692
larregui,13,0,13,0.0
chateau,0,13,13,1.0
mathematica,12,1,13,0.077
allianz,5,8,13,0.615
abstractor,0,13,13,1.0
repubi,0,13,13,1.0
lci,0,13,13,1.0
dorado,0,13,13,1.0
fastlan,13,0,13,0.0
basto,13,0,13,0.0
yachtmast,0,13,13,1.0
industrialist,0,13,13,1.0
abhay,13,0,13,0.0
noit,0,13,13,1.0
arbeit,0,13,13,1.0
ammerman,0,13,13,1.0
csl,0,13,13,1.0
belliger,3,10,13,0.769
cilia,1,12,13,0.923
donner,0,13,13,1.0
infantil,0,13,13,1.0
cocain,3,10,13,0.769
thine,0,13,13,1.0
anion,0,13,13,1.0
classlawy,13,0,13,0.0
cloakroom,0,13,13,1.0
onboard,5,8,13,0.615
chinachem,13,0,13,0.0
katijah,13,0,13,0.0
ideaglob,13,0,13,0.0
ffice,0,13,13,1.0
skylin,8,5,13,0.385
problema,0,13,13,1.0
eichmann,13,0,13,0.0
cuellar,13,0,13,0.0
trammel,10,3,13,0.231
diva,0,13,13,1.0
electrocardiograph,0,13,13,1.0
wl,3,10,13,0.769
verbascos,0,13,13,1.0
proforma,12,1,13,0.077
bennington,1,12,13,0.923
judd,8,5,13,0.385
pli,0,13,13,1.0
tendenc,9,4,13,0.308
welsh,3,10,13,0.769
itm,3,10,13,0.769
homeless,6,7,13,0.538
adept,6,7,13,0.538
gibbon,1,12,13,0.923
realplay,2,11,13,0.846
coulomb,0,13,13,1.0
indra,13,0,13,0.0
espn,13,0,13,0.0
retic,5,8,13,0.615
brethren,0,13,13,1.0
nassau,0,13,13,1.0
italiam,0,13,13,1.0
aloft,0,13,13,1.0
mausoleum,0,13,13,1.0
ranjan,13,0,13,0.0
froma,0,13,13,1.0
cotyledon,0,13,13,1.0
pristin,7,6,13,0.462
eigenvector,0,13,13,1.0
derogatori,2,11,13,0.846
unproportion,0,13,13,1.0
sandler,13,0,13,0.0
rudolph,7,6,13,0.462
catharsi,0,13,13,1.0
cyprian,0,13,13,1.0
northward,3,10,13,0.769
preambl,3,10,13,0.769
breweri,2,11,13,0.846
sequel,4,9,13,0.692
coachwork,0,13,13,1.0
loftu,13,0,13,0.0
butterfield,0,13,13,1.0
heterogen,3,10,13,0.769
cucumb,0,13,13,1.0
mistaken,10,3,13,0.231
apatit,0,13,13,1.0
artimi,13,0,13,0.0
warez,0,13,13,1.0
herewith,6,7,13,0.538
sacr,0,13,13,1.0
cuando,0,13,13,1.0
spielen,0,13,13,1.0
garfield,2,11,13,0.846
bazhayev,0,13,13,1.0
antioxid,0,13,13,1.0
tradespark,13,0,13,0.0
youngblood,12,1,13,0.077
nooyi,13,0,13,0.0
char,0,13,13,1.0
decatherm,13,0,13,0.0
percol,0,13,13,1.0
betrag,0,13,13,1.0
greta,4,9,13,0.692
barbit,0,13,13,1.0
kite,2,11,13,0.846
skim,3,10,13,0.769
lenght,0,13,13,1.0
phoenician,0,13,13,1.0
succe,5,8,13,0.615
blocki,0,13,13,1.0
belmont,4,9,13,0.692
foresight,4,9,13,0.692
jae,12,1,13,0.077
honeymoon,1,12,13,0.923
bali,0,13,13,1.0
groov,0,13,13,1.0
parochi,3,10,13,0.769
aberdeen,1,12,13,0.923
zeigham,13,0,13,0.0
detractor,5,8,13,0.615
ikepod,0,13,13,1.0
indubit,0,13,13,1.0
shovel,1,12,13,0.923
chairwomen,0,13,13,1.0
beauregard,0,13,13,1.0
papua,0,13,13,1.0
cardamom,1,12,13,0.923
yank,5,8,13,0.615
coadjutor,0,13,13,1.0
moffett,13,0,13,0.0
athabascan,0,13,13,1.0
nonsmok,4,9,13,0.692
tractor,3,10,13,0.769
barmanbek,13,0,13,0.0
cervant,1,12,13,0.923
unrestrict,4,9,13,0.692
extrins,7,6,13,0.462
dla,9,4,13,0.308
pituitari,0,13,13,1.0
prowess,3,10,13,0.769
autorout,0,13,13,1.0
decompil,1,12,13,0.923
amc,8,5,13,0.385
cai,0,13,13,1.0
marietta,0,13,13,1.0
waterfal,0,13,13,1.0
cocki,2,11,13,0.846
scribbl,3,10,13,0.769
telefonica,1,12,13,0.923
apport,1,12,13,0.923
bladder,0,13,13,1.0
etiquett,0,13,13,1.0
armoir,0,13,13,1.0
mot,0,13,13,1.0
staud,12,1,13,0.077
dtr,1,12,13,0.923
micheal,2,11,13,0.846
elol,13,0,13,0.0
bryn,0,13,13,1.0
kux,13,0,13,0.0
celesti,0,13,13,1.0
brighton,1,12,13,0.923
sarban,1,12,13,0.923
adiabat,0,13,13,1.0
surreptiti,0,13,13,1.0
feat,4,9,13,0.692
dredg,4,9,13,0.692
reagan,9,4,13,0.308
scandinavia,9,4,13,0.308
unregist,1,12,13,0.923
norwegian,5,8,13,0.615
jarod,10,3,13,0.231
twelfth,0,13,13,1.0
stainlesssteel,0,13,13,1.0
vagina,1,12,13,0.923
putin,1,12,13,0.923
anastigmat,0,13,13,1.0
venda,0,13,13,1.0
xc,0,13,13,1.0
dickey,0,13,13,1.0
conway,1,12,13,0.923
cambric,0,13,13,1.0
adrienn,3,10,13,0.769
cari,5,8,13,0.615
twilight,2,11,13,0.846
chivalri,0,13,13,1.0
onetim,8,5,13,0.385
obey,0,13,13,1.0
rhone,13,0,13,0.0
ruffer,13,0,13,0.0
eph,0,13,13,1.0
legg,13,0,13,0.0
cavort,0,13,13,1.0
aprobado,0,13,13,1.0
desolat,0,13,13,1.0
jdz,0,13,13,1.0
infight,0,13,13,1.0
mening,5,8,13,0.615
backstag,1,12,13,0.923
petruno,13,0,13,0.0
plural,2,11,13,0.846
tempstaff,13,0,13,0.0
jkm,4,9,13,0.692
ection,0,13,13,1.0
taskpan,0,13,13,1.0
pragmatist,0,13,13,1.0
superstor,0,13,13,1.0
instalación,0,13,13,1.0
unreserv,3,10,13,0.769
draftsmen,0,13,13,1.0
jackrabbit,1,12,13,0.923
cassani,13,0,13,0.0
boynton,13,0,13,0.0
bauhau,0,13,13,1.0
lad,6,7,13,0.538
upstart,6,7,13,0.538
jpeg,2,11,13,0.846
rz,1,12,13,0.923
citrokn,13,0,13,0.0
condom,2,11,13,0.846
orldwid,0,13,13,1.0
minter,13,0,13,0.0
chilli,3,10,13,0.769
delek,0,13,13,1.0
canvasback,0,13,13,1.0
morley,3,10,13,0.769
liiustrat,0,13,13,1.0
attglob,12,1,13,0.077
aitken,1,12,13,0.923
dorca,0,13,13,1.0
bengal,3,10,13,0.769
prelim,13,0,13,0.0
debentur,0,13,13,1.0
hobbl,6,7,13,0.538
xw,0,13,13,1.0
anp,13,0,13,0.0
bidden,0,13,13,1.0
ncpa,13,0,13,0.0
cctv,0,13,13,1.0
drake,2,11,13,0.846
catatonia,0,13,13,1.0
bylo,13,0,13,0.0
lizzi,2,11,13,0.846
motherboard,0,13,13,1.0
tulika,13,0,13,0.0
lukewarm,5,8,13,0.615
unverifi,12,1,13,0.077
babysat,0,13,13,1.0
adrenalin,4,9,13,0.692
katrina,13,0,13,0.0
galassini,13,0,13,0.0
expenc,0,13,13,1.0
corbett,7,6,13,0.462
sprecher,13,0,13,0.0
catcal,0,13,13,1.0
haney,2,11,13,0.846
alleyway,0,13,13,1.0
sensual,0,13,13,1.0
copperfield,1,12,13,0.923
quash,5,8,13,0.615
revoiut,0,13,13,1.0
colonnad,4,9,13,0.692
superstar,5,8,13,0.615
boggl,0,13,13,1.0
yoshiko,13,0,13,0.0
bilk,1,12,13,0.923
sandmanyoth,0,13,13,1.0
cochin,0,13,13,1.0
crusad,1,12,13,0.923
aileen,0,13,13,1.0
comwww,0,13,13,1.0
delor,12,1,13,0.077
extrus,0,13,13,1.0
quem,0,13,13,1.0
angelopoulo,13,0,13,0.0
prcc,0,13,13,1.0
wodnicki,13,0,13,0.0
estrutura,0,13,13,1.0
elisha,0,13,13,1.0
dogma,0,13,13,1.0
fie,0,13,13,1.0
kd,5,8,13,0.615
feedstock,5,8,13,0.615
muehistein,0,13,13,1.0
bruit,0,13,13,1.0
sawako,13,0,13,0.0
stout,2,11,13,0.846
buttonwe,0,13,13,1.0
hamachi,13,0,13,0.0
apartmentt,0,13,13,1.0
sinha,13,0,13,0.0
livecam,0,13,13,1.0
nicola,6,7,13,0.538
chimpanze,0,13,13,1.0
cicero,2,11,13,0.846
betroth,0,13,13,1.0
choppi,5,8,13,0.615
ould,1,12,13,0.923
omprella,0,13,13,1.0
chuckwalla,0,13,13,1.0
cherish,2,11,13,0.846
coffeecup,0,13,13,1.0
dissens,0,13,13,1.0
sycamorenet,13,0,13,0.0
intox,3,10,13,0.769
truncat,2,11,13,0.846
demark,0,13,13,1.0
infirm,7,6,13,0.462
coioni,0,13,13,1.0
chastis,1,12,13,0.923
hackett,2,11,13,0.846
boyhood,0,13,13,1.0
charnley,13,0,13,0.0
textur,1,12,13,0.923
disparag,10,3,13,0.231
oilfield,7,6,13,0.462
drier,0,13,13,1.0
gbr,0,13,13,1.0
rajan,13,0,13,0.0
multifunct,0,13,13,1.0
birla,13,0,13,0.0
exerccio,0,13,13,1.0
expat,13,0,13,0.0
polyest,9,4,13,0.308
dud,1,12,13,0.923
lingeri,1,12,13,0.923
sanjeev,13,0,13,0.0
hurd,5,8,13,0.615
momento,0,13,13,1.0
grata,3,10,13,0.769
passov,4,9,13,0.692
cherylen,13,0,13,0.0
margarita,8,5,13,0.385
mora,13,0,13,0.0
venezuelan,12,1,13,0.077
eland,0,13,13,1.0
centilli,13,0,13,0.0
mabo,0,13,13,1.0
candlewick,0,13,13,1.0
vaiuabi,0,13,13,1.0
danburi,0,13,13,1.0
prairi,6,7,13,0.538
arcturu,0,13,13,1.0
simplest,2,11,13,0.846
cadenza,0,13,13,1.0
siebel,11,2,13,0.154
sondstrom,0,13,13,1.0
tenet,7,6,13,0.462
tortois,7,6,13,0.462
edgi,3,10,13,0.769
lepor,13,0,13,0.0
yengeni,0,13,13,1.0
arambruzabala,13,0,13,0.0
dru,0,13,13,1.0
dobson,4,9,13,0.692
itra,0,13,13,1.0
heartburn,2,11,13,0.846
headroom,6,7,13,0.538
bader,13,0,13,0.0
revet,0,13,13,1.0
cusp,0,13,13,1.0
cruelti,0,13,13,1.0
doj,12,1,13,0.077
bundestag,0,13,13,1.0
thumba,0,13,13,1.0
anyplac,1,12,13,0.923
dramatist,0,13,13,1.0
antarctica,0,13,13,1.0
ym,0,13,13,1.0
nibbl,0,13,13,1.0
unjust,10,3,13,0.231
miracul,0,13,13,1.0
roadster,1,12,13,0.923
minnick,13,0,13,0.0
argo,0,13,13,1.0
yoho,13,0,13,0.0
eipl,13,0,13,0.0
bizopp,0,13,13,1.0
medal,1,12,13,0.923
morelo,1,12,13,0.923
colloid,0,13,13,1.0
qanta,13,0,13,0.0
peoplefind,13,0,13,0.0
wherein,3,10,13,0.769
ethnic,1,12,13,0.923
fastidi,0,13,13,1.0
capric,0,13,13,1.0
quip,2,11,13,0.846
unpunish,0,13,13,1.0
segev,12,1,13,0.077
teresita,13,0,13,0.0
ironi,8,5,13,0.385
wart,0,13,13,1.0
loadshap,13,0,13,0.0
eigenvalu,4,9,13,0.692
avuncular,0,13,13,1.0
beryllium,0,13,13,1.0
bushwhack,0,13,13,1.0
atlantica,0,13,13,1.0
juego,0,13,13,1.0
fatti,0,13,13,1.0
elis,4,9,13,0.692
unserem,0,13,13,1.0
chester,7,6,13,0.462
visualizar,0,13,13,1.0
loibl,13,0,13,0.0
emblem,1,12,13,0.923
zingal,13,0,13,0.0
shafer,6,7,13,0.538
neatli,7,6,13,0.462
magda,13,0,13,0.0
cluck,0,13,13,1.0
aeschylu,0,13,13,1.0
artemisia,0,13,13,1.0
amnesia,0,13,13,1.0
therefrom,6,7,13,0.538
blather,0,13,13,1.0
brawl,0,13,13,1.0
baldauf,13,0,13,0.0
celanes,7,6,13,0.462
magner,13,0,13,0.0
clothier,1,12,13,0.923
felic,0,13,13,1.0
abdmoulai,13,0,13,0.0
huan,13,0,13,0.0
expositori,0,13,13,1.0
incess,0,13,13,1.0
bhadravati,13,0,13,0.0
cartesian,0,13,13,1.0
cantones,0,13,13,1.0
canaver,1,12,13,0.923
brotherhood,5,8,13,0.615
signatori,12,1,13,0.077
peta,13,0,13,0.0
catfish,1,12,13,0.923
suza,0,13,13,1.0
vaunt,9,4,13,0.308
tufano,13,0,13,0.0
ltl,13,0,13,0.0
cea,11,2,13,0.154
plaster,0,13,13,1.0
adventiti,0,13,13,1.0
daniei,0,13,13,1.0
chive,0,13,13,1.0
descuento,0,13,13,1.0
alluvium,0,13,13,1.0
saviour,5,8,13,0.615
chiver,13,0,13,0.0
bode,8,5,13,0.385
overturn,8,5,13,0.385
werd,0,13,13,1.0
indetermin,0,13,13,1.0
seymour,6,7,13,0.538
beowulf,0,13,13,1.0
richtig,0,13,13,1.0
yifei,13,0,13,0.0
ermin,0,13,13,1.0
repons,9,4,13,0.308
glamouri,0,13,13,1.0
malik,12,1,13,0.077
qj,0,13,13,1.0
sublim,0,13,13,1.0
sonia,9,4,13,0.308
vldeo,0,13,13,1.0
nil,4,9,13,0.692
ogilvi,13,0,13,0.0
asuncisn,13,0,13,0.0
afresh,3,10,13,0.769
elsevi,0,13,13,1.0
hakeem,13,0,13,0.0
sacrif,6,7,13,0.538
misappropri,2,11,13,0.846
lubbock,7,6,13,0.462
dogan,13,0,13,0.0
medzonli,0,13,13,1.0
remors,0,13,13,1.0
delia,0,13,13,1.0
quigley,13,0,13,0.0
dearborn,3,10,13,0.769
argot,0,13,13,1.0
pharmacourt,0,13,13,1.0
grebe,0,13,13,1.0
brest,0,13,13,1.0
cavuto,13,0,13,0.0
madman,0,13,13,1.0
inet,0,13,13,1.0
marci,3,10,13,0.769
suepr,0,13,13,1.0
uq,9,4,13,0.308
spraggin,13,0,13,0.0
talisman,3,10,13,0.769
gee,3,10,13,0.769
acropoli,0,13,13,1.0
savi,0,13,13,1.0
perfidi,0,13,13,1.0
griev,0,13,13,1.0
virgaa,0,13,13,1.0
lexic,0,13,13,1.0
branney,13,0,13,0.0
bolshevik,0,13,13,1.0
euromoneyplc,13,0,13,0.0
cheapgener,0,13,13,1.0
citron,0,13,13,1.0
banta,13,0,13,0.0
cog,0,13,13,1.0
vibe,2,11,13,0.846
goldendal,13,0,13,0.0
brinkley,13,0,13,0.0
naina,13,0,13,0.0
spuer,0,13,13,1.0
kiosk,2,11,13,0.846
agu,0,13,13,1.0
uf,8,5,13,0.385
assessor,0,13,13,1.0
esquel,13,0,13,0.0
ostens,5,8,13,0.615
addenda,0,13,13,1.0
mayday,0,13,13,1.0
evidentiari,13,0,13,0.0
tamu,13,0,13,0.0
pittarelli,13,0,13,0.0
netrisk,13,0,13,0.0
rapaczynksi,13,0,13,0.0
spaniard,0,12,12,1.0
abajo,0,12,12,1.0
emanuel,2,10,12,0.833
ruddi,3,9,12,0.75
hertz,5,7,12,0.583
spool,0,12,12,1.0
cholinesteras,0,12,12,1.0
defianc,12,0,12,0.0
agglutin,0,12,12,1.0
cbot,12,0,12,0.0
grudg,5,7,12,0.583
lowpric,0,12,12,1.0
tedow,0,12,12,1.0
,0,12,12,1.0
aliquot,0,12,12,1.0
spearman,12,0,12,0.0
astr,1,11,12,0.917
stiver,12,0,12,0.0
redneck,1,11,12,0.917
collis,4,8,12,0.667
ianguaq,0,12,12,1.0
cemeteri,1,11,12,0.917
credenza,3,9,12,0.75
tripp,10,2,12,0.167
plateau,5,7,12,0.583
krol,12,0,12,0.0
redi,0,12,12,1.0
oua,0,12,12,1.0
beautifi,0,12,12,1.0
chaff,1,11,12,0.917
emeri,4,8,12,0.667
adz,0,12,12,1.0
admiralti,0,12,12,1.0
shred,1,11,12,0.917
eunic,4,8,12,0.667
aussi,0,12,12,1.0
congentrix,12,0,12,0.0
bluedolphin,12,0,12,0.0
ailianc,0,12,12,1.0
abyss,3,9,12,0.75
freephon,5,7,12,0.583
helmerich,12,0,12,0.0
benien,12,0,12,0.0
trizechahn,12,0,12,0.0
scalar,4,8,12,0.667
reactionarist,0,12,12,1.0
chowder,1,11,12,0.917
syntax,6,6,12,0.5
larkin,2,10,12,0.833
gover,1,11,12,0.917
bugaboo,0,12,12,1.0
brushi,0,12,12,1.0
hangout,1,11,12,0.917
okla,7,5,12,0.417
tijerina,12,0,12,0.0
badland,0,12,12,1.0
oyi,0,12,12,1.0
runyuan,0,12,12,1.0
fenton,6,6,12,0.5
bilgi,0,12,12,1.0
fortifi,2,10,12,0.833
carrel,3,9,12,0.75
cantor,6,6,12,0.5
catchup,1,11,12,0.917
hearten,11,1,12,0.083
clench,0,12,12,1.0
gambia,0,12,12,1.0
zinest,0,12,12,1.0
asa,7,5,12,0.417
derang,0,12,12,1.0
readjust,9,3,12,0.25
flang,3,9,12,0.75
actinid,0,12,12,1.0
weakest,10,2,12,0.167
jf,1,11,12,0.917
dishwat,0,12,12,1.0
newlin,9,3,12,0.25
damsel,0,12,12,1.0
rti,2,10,12,0.833
unrol,6,6,12,0.5
andesit,0,12,12,1.0
someplac,5,7,12,0.583
blatz,0,12,12,1.0
xpmc,0,12,12,1.0
assyria,0,12,12,1.0
hospic,0,12,12,1.0
teamster,10,2,12,0.167
responc,2,10,12,0.833
corusc,0,12,12,1.0
duo,2,10,12,0.833
amba,0,12,12,1.0
pointer,5,7,12,0.583
lnfo,0,12,12,1.0
aerodynam,0,12,12,1.0
hoornwijck,0,12,12,1.0
derid,0,12,12,1.0
cfc,11,1,12,0.083
rowdi,5,7,12,0.583
gorg,0,12,12,1.0
clergymen,0,12,12,1.0
undevelop,6,6,12,0.5
personag,2,10,12,0.833
sven,12,0,12,0.0
zorp,0,12,12,1.0
cdo,11,1,12,0.083
areawid,0,12,12,1.0
comorsend,0,12,12,1.0
chauncey,1,11,12,0.917
stubb,12,0,12,0.0
mute,8,4,12,0.333
fishermen,1,11,12,0.917
globemedia,12,0,12,0.0
auditorium,4,8,12,0.667
deutschland,0,12,12,1.0
cafeteria,4,8,12,0.667
artific,0,12,12,1.0
caricatur,0,12,12,1.0
militarist,0,12,12,1.0
cialaprenn,0,12,12,1.0
haug,12,0,12,0.0
propupa,0,12,12,1.0
arcadia,0,12,12,1.0
armatur,0,12,12,1.0
mollifi,4,8,12,0.667
katayama,12,0,12,0.0
mushroom,6,6,12,0.5
lifesav,3,9,12,0.75
playground,2,10,12,0.833
scarborough,9,3,12,0.25
cappiello,12,0,12,0.0
ainu,0,12,12,1.0
nimmo,12,0,12,0.0
tyranni,1,11,12,0.917
buteo,0,12,12,1.0
usher,3,9,12,0.75
über,0,12,12,1.0
cnet,0,12,12,1.0
expressead,0,12,12,1.0
bremsstrahlung,0,12,12,1.0
lynx,2,10,12,0.833
ldkno,0,12,12,1.0
clod,0,12,12,1.0
geben,0,12,12,1.0
lid,4,8,12,0.667
dclr,0,12,12,1.0
retin,0,12,12,1.0
smida,12,0,12,0.0
crudeapo,12,0,12,0.0
forthwith,1,11,12,0.917
gracey,12,0,12,0.0
bacth,0,12,12,1.0
inanim,0,12,12,1.0
electrica,1,11,12,0.917
tad,3,9,12,0.75
forsyth,6,6,12,0.5
lesotho,0,12,12,1.0
predatori,6,6,12,0.5
etog,0,12,12,1.0
cleft,0,12,12,1.0
mrel,0,12,12,1.0
hklmbefgi,0,12,12,1.0
poetic,1,11,12,0.917
iroquoi,3,9,12,0.75
discredit,2,10,12,0.833
vamp,0,12,12,1.0
iconoclasm,0,12,12,1.0
delphinu,0,12,12,1.0
dandi,1,11,12,0.917
integridad,0,12,12,1.0
hanukkah,0,12,12,1.0
brig,0,12,12,1.0
conquest,0,12,12,1.0
autopilot,0,12,12,1.0
ladder,7,5,12,0.417
investorprotect,12,0,12,0.0
denumer,0,12,12,1.0
fiexibi,0,12,12,1.0
loney,0,12,12,1.0
kurla,12,0,12,0.0
praia,0,12,12,1.0
hillard,12,0,12,0.0
clio,0,12,12,1.0
dryblow,0,12,12,1.0
mediterranean,8,4,12,0.333
centrist,1,11,12,0.917
latitud,9,3,12,0.25
mangel,4,8,12,0.667
dainti,0,12,12,1.0
yusuf,2,10,12,0.833
granari,0,12,12,1.0
ionam,0,12,12,1.0
skeleton,4,8,12,0.667
contra,1,11,12,0.917
grandeur,0,12,12,1.0
cottonse,0,12,12,1.0
underdevelop,0,12,12,1.0
flier,5,7,12,0.583
generc,0,12,12,1.0
langfield,12,0,12,0.0
wankhad,12,0,12,0.0
xf,0,12,12,1.0
mwor,0,12,12,1.0
arpa,1,11,12,0.917
spectroradiometri,0,12,12,1.0
aristotl,0,12,12,1.0
alfredo,2,10,12,0.833
pricelist,0,12,12,1.0
duress,0,12,12,1.0
kodachrom,0,12,12,1.0
firstnam,10,2,12,0.167
bogey,1,11,12,0.917
sheldrak,0,12,12,1.0
ssp,10,2,12,0.167
loughrid,12,0,12,0.0
ivonn,12,0,12,0.0
bhalla,12,0,12,0.0
schleimer,12,0,12,0.0
broach,2,10,12,0.833
goback,0,12,12,1.0
srl,2,10,12,0.833
ijjp,0,12,12,1.0
jaideep,12,0,12,0.0
backord,1,11,12,0.917
balboa,0,12,12,1.0
halebian,12,0,12,0.0
glri,0,12,12,1.0
proffitt,12,0,12,0.0
techonlin,0,12,12,1.0
gerencia,0,12,12,1.0
pharmonl,0,12,12,1.0
defocu,0,12,12,1.0
bolshevist,0,12,12,1.0
reacquir,12,0,12,0.0
perch,6,6,12,0.5
cinco,4,8,12,0.667
tfre,0,12,12,1.0
moseley,10,2,12,0.167
inteilig,0,12,12,1.0
fdd,0,12,12,1.0
adolphu,0,12,12,1.0
eucalyptu,0,12,12,1.0
imai,12,0,12,0.0
curvac,0,12,12,1.0
chutney,0,12,12,1.0
graco,8,4,12,0.333
randolph,3,9,12,0.75
caravan,0,12,12,1.0
ube,1,11,12,0.917
jn,0,12,12,1.0
cheiyabinsk,0,12,12,1.0
doctorado,0,12,12,1.0
dipak,12,0,12,0.0
webmak,0,12,12,1.0
milberg,12,0,12,0.0
estor,1,11,12,0.917
lawgiv,0,12,12,1.0
dwhite,0,12,12,1.0
dtowa,0,12,12,1.0
thinker,7,5,12,0.417
drawl,0,12,12,1.0
chink,3,9,12,0.75
roundtrip,11,1,12,0.083
deu,0,12,12,1.0
presentación,0,12,12,1.0
polanco,12,0,12,0.0
evok,5,7,12,0.583
introvers,0,12,12,1.0
benedikt,0,12,12,1.0
carob,0,12,12,1.0
cassadi,12,0,12,0.0
elwood,10,2,12,0.167
chautauqua,2,10,12,0.833
gape,2,10,12,0.833
josef,4,8,12,0.667
pdp,0,12,12,1.0
radaruol,0,12,12,1.0
banach,0,12,12,1.0
inexpns,0,12,12,1.0
hypnot,0,12,12,1.0
inscrio,0,12,12,1.0
chana,12,0,12,0.0
subcontract,2,10,12,0.833
pper,0,12,12,1.0
stoop,3,9,12,0.75
chinaman,0,12,12,1.0
anwm,0,12,12,1.0
leticia,10,2,12,0.167
brobeck,12,0,12,0.0
mcdaniel,11,1,12,0.083
ean,0,12,12,1.0
maket,11,1,12,0.083
assent,2,10,12,0.833
parri,8,4,12,0.333
stifl,1,11,12,0.917
veneto,0,12,12,1.0
algerian,0,12,12,1.0
housew,0,12,12,1.0
clc,4,8,12,0.667
melinchon,12,0,12,0.0
granul,0,12,12,1.0
aileron,1,11,12,0.917
ical,0,12,12,1.0
essen,2,10,12,0.833
cue,1,11,12,0.917
dappl,0,12,12,1.0
gaston,0,12,12,1.0
diod,1,11,12,0.917
grimac,0,12,12,1.0
groin,0,12,12,1.0
rescript,0,12,12,1.0
epf,12,0,12,0.0
srivastava,12,0,12,0.0
aventin,0,12,12,1.0
bayesian,1,11,12,0.917
disincent,12,0,12,0.0
contextu,0,12,12,1.0
cogit,0,12,12,1.0
unreli,10,2,12,0.167
hayn,11,1,12,0.083
dominican,3,9,12,0.75
barley,0,12,12,1.0
boudreau,12,0,12,0.0
bocklog,0,12,12,1.0
vlink,0,12,12,1.0
jjulefnplsjupt,0,12,12,1.0
arsin,0,12,12,1.0
fleenor,11,1,12,0.083
qk,0,12,12,1.0
braggart,0,12,12,1.0
searchabl,3,9,12,0.75
anglophobia,0,12,12,1.0
masturb,0,12,12,1.0
swiber,12,0,12,0.0
biogener,0,12,12,1.0
vmac,12,0,12,0.0
booti,2,10,12,0.833
albania,1,11,12,0.917
ghriskey,12,0,12,0.0
bryozoa,0,12,12,1.0
külli,0,12,12,1.0
angelc,0,12,12,1.0
ccel,0,12,12,1.0
headbodi,0,12,12,1.0
idyl,0,12,12,1.0
shackleton,8,4,12,0.333
derefer,0,12,12,1.0
draftsman,0,12,12,1.0
wilki,6,6,12,0.5
hallmark,9,3,12,0.25
pq,0,12,12,1.0
doff,0,12,12,1.0
kai,0,12,12,1.0
humanoid,0,12,12,1.0
wane,11,1,12,0.083
generex,0,12,12,1.0
coaster,7,5,12,0.417
outpac,10,2,12,0.167
mzo,0,12,12,1.0
potentialiy,0,12,12,1.0
audubon,1,11,12,0.917
hagu,1,11,12,0.917
mlp,11,1,12,0.083
immers,7,5,12,0.417
diner,5,7,12,0.583
pocketbook,3,9,12,0.75
aforethought,0,12,12,1.0
danzig,0,12,12,1.0
wilma,8,4,12,0.333
thorp,2,10,12,0.833
smartbal,0,12,12,1.0
calcit,0,12,12,1.0
velvet,1,11,12,0.917
notori,6,6,12,0.5
exig,3,9,12,0.75
keyway,0,12,12,1.0
discomfit,0,12,12,1.0
unhealthi,4,8,12,0.667
dreamer,0,12,12,1.0
dowag,0,12,12,1.0
rollinginthedough,0,12,12,1.0
bib,0,12,12,1.0
yolanda,11,1,12,0.083
ntvi,0,12,12,1.0
clamshel,0,12,12,1.0
ick,0,12,12,1.0
airfram,0,12,12,1.0
bohr,0,12,12,1.0
destia,12,0,12,0.0
wand,3,9,12,0.75
actuat,1,11,12,0.917
epistl,0,12,12,1.0
broussard,12,0,12,0.0
hippi,0,12,12,1.0
legitimaci,4,8,12,0.667
medford,1,11,12,0.917
ballast,0,12,12,1.0
concour,0,12,12,1.0
bleach,0,12,12,1.0
mieco,12,0,12,0.0
ajay,9,3,12,0.25
bayonet,0,12,12,1.0
federico,12,0,12,0.0
inscript,0,12,12,1.0
panesar,0,12,12,1.0
ardent,0,12,12,1.0
barracuda,0,12,12,1.0
senft,12,0,12,0.0
cerium,2,10,12,0.833
barnacl,0,12,12,1.0
gracious,9,3,12,0.25
rja,12,0,12,0.0
chgi,0,12,12,1.0
obe,0,12,12,1.0
palindrom,0,12,12,1.0
crouch,3,9,12,0.75
expati,0,12,12,1.0
anthropogen,0,12,12,1.0
coaxial,0,12,12,1.0
hedland,0,12,12,1.0
tombston,0,12,12,1.0
cantidad,0,12,12,1.0
conant,1,11,12,0.917
wip,12,0,12,0.0
catskil,0,12,12,1.0
dqe,12,0,12,0.0
seguint,0,12,12,1.0
conch,2,10,12,0.833
wr,2,10,12,0.833
glycerophosphor,0,12,12,1.0
contumaci,0,12,12,1.0
groovi,1,11,12,0.917
dogtooth,0,12,12,1.0
linguist,0,12,12,1.0
doberman,0,12,12,1.0
policymak,12,0,12,0.0
upheld,5,7,12,0.583
militia,0,12,12,1.0
gerber,7,5,12,0.417
detain,1,11,12,0.917
declam,0,12,12,1.0
brandei,0,12,12,1.0
eaasl,0,12,12,1.0
hollist,4,8,12,0.667
gasm,0,12,12,1.0
prostitut,0,12,12,1.0
motoroia,0,12,12,1.0
yannello,12,0,12,0.0
haugen,0,12,12,1.0
erskin,2,10,12,0.833
beatifi,0,12,12,1.0
rika,12,0,12,0.0
lyman,1,11,12,0.917
sargent,3,9,12,0.75
msof,0,12,12,1.0
granular,6,6,12,0.5
battleground,4,8,12,0.667
backstitch,0,12,12,1.0
confirmatori,4,8,12,0.667
overlay,10,2,12,0.167
pomlaw,12,0,12,0.0
webtsit,0,12,12,1.0
smyth,4,8,12,0.667
crewcut,0,12,12,1.0
airlock,0,12,12,1.0
neonat,1,11,12,0.917
sadler,6,6,12,0.5
amphibol,0,12,12,1.0
latina,0,12,12,1.0
purger,0,12,12,1.0
scuba,3,9,12,0.75
clumsi,2,10,12,0.833
consecr,0,12,12,1.0
glynn,9,3,12,0.25
coram,12,0,12,0.0
debutant,0,12,12,1.0
blevin,10,2,12,0.167
froth,0,12,12,1.0
jaw,3,9,12,0.75
sclerosi,8,4,12,0.333
chum,0,12,12,1.0
ito,2,10,12,0.833
textual,3,9,12,0.75
carbondal,4,8,12,0.667
dropout,1,11,12,0.917
taxabl,8,4,12,0.333
ien,0,12,12,1.0
aolmemb,0,12,12,1.0
canterel,0,12,12,1.0
puke,6,6,12,0.5
cyclop,1,11,12,0.917
bakhtiari,0,12,12,1.0
topolog,4,8,12,0.667
byword,1,11,12,0.917
sanctimoni,1,11,12,0.917
underschedul,12,0,12,0.0
elmer,0,12,12,1.0
beatitud,0,12,12,1.0
besot,0,12,12,1.0
kan,1,11,12,0.917
ozma,0,12,12,1.0
kruger,0,12,12,1.0
deject,3,9,12,0.75
bleeker,0,12,12,1.0
riverfront,1,11,12,0.917
alder,6,6,12,0.5
nephew,2,10,12,0.833
arrowhead,0,12,12,1.0
ckher,0,12,12,1.0
bewail,0,12,12,1.0
folosko,0,12,12,1.0
ephedrin,0,12,12,1.0
crotcheti,0,12,12,1.0
vcr,4,8,12,0.667
liveri,0,12,12,1.0
compot,0,12,12,1.0
cromwellian,0,12,12,1.0
doucet,12,0,12,0.0
ren,8,4,12,0.333
otcasino,0,12,12,1.0
mrtgg,0,12,12,1.0
estructura,1,11,12,0.917
lotterij,0,12,12,1.0
botani,0,12,12,1.0
guzzl,0,12,12,1.0
biconnect,0,12,12,1.0
varma,12,0,12,0.0
byrn,2,10,12,0.833
eastward,2,10,12,0.833
alkan,0,12,12,1.0
belvider,0,12,12,1.0
maen,0,12,12,1.0
robbi,3,9,12,0.75
extrapol,4,8,12,0.667
flaki,8,4,12,0.333
schott,12,0,12,0.0
postmark,0,12,12,1.0
spline,4,8,12,0.667
astrid,0,12,12,1.0
poss,2,10,12,0.833
barschki,12,0,12,0.0
famil,0,12,12,1.0
soiidifi,0,12,12,1.0
halo,0,12,12,1.0
kunreuth,12,0,12,0.0
scattiest,0,12,12,1.0
zeb,0,12,12,1.0
quahog,0,12,12,1.0
grosset,0,12,12,1.0
dw,6,6,12,0.5
ipl,0,12,12,1.0
holst,10,2,12,0.167
alejandra,8,4,12,0.333
asterisk,1,11,12,0.917
artifact,0,12,12,1.0
palpabl,0,12,12,1.0
walium,0,12,12,1.0
bromin,0,12,12,1.0
kenney,1,11,12,0.917
dayvault,12,0,12,0.0
findal,0,12,12,1.0
kp,2,10,12,0.833
achromat,0,12,12,1.0
chalki,0,12,12,1.0
meyn,12,0,12,0.0
cheapst,0,12,12,1.0
ece,5,7,12,0.583
rendez,12,0,12,0.0
encontro,0,12,12,1.0
strongbuy,0,12,12,1.0
modesti,1,11,12,0.917
votari,0,12,12,1.0
historian,3,9,12,0.75
loyd,10,2,12,0.167
cannabi,0,12,12,1.0
petrobra,12,0,12,0.0
keili,12,0,12,0.0
dryden,0,12,12,1.0
botanist,2,10,12,0.833
ratingsdirect,12,0,12,0.0
rill,0,12,12,1.0
lira,11,1,12,0.083
exposit,3,9,12,0.75
swan,2,10,12,0.833
grund,0,12,12,1.0
overhang,7,5,12,0.417
arbitrageur,12,0,12,0.0
convolv,0,12,12,1.0
trac,12,0,12,0.0
remembr,5,7,12,0.583
ghostli,0,12,12,1.0
cadaver,0,12,12,1.0
lilian,0,12,12,1.0
cohort,1,11,12,0.917
freon,0,12,12,1.0
alva,1,11,12,0.917
cottag,0,12,12,1.0
inscrut,3,9,12,0.75
xraymedia,0,12,12,1.0
bela,0,12,12,1.0
bullhid,0,12,12,1.0
wockhardt,12,0,12,0.0
weiter,0,12,12,1.0
ati,1,11,12,0.917
pntv,0,12,12,1.0
netwerk,0,12,12,1.0
cutthroat,2,10,12,0.833
cyclopean,0,12,12,1.0
ahoy,2,10,12,0.833
bolivian,8,4,12,0.333
wrongli,6,6,12,0.5
infuri,2,10,12,0.833
etol,8,4,12,0.333
hadley,5,7,12,0.583
jobless,12,0,12,0.0
taffi,2,10,12,0.833
belch,1,11,12,0.917
judson,0,12,12,1.0
bowfin,1,11,12,0.917
arkana,0,12,12,1.0
duluth,1,11,12,0.917
hauser,12,0,12,0.0
lesley,10,2,12,0.167
thicken,1,11,12,0.917
drawbridg,0,12,12,1.0
unafford,3,9,12,0.75
ianc,0,12,12,1.0
diachron,0,12,12,1.0
celiular,0,12,12,1.0
lucid,1,11,12,0.917
contemptu,4,8,12,0.667
trena,12,0,12,0.0
audibl,0,12,12,1.0
ddeli,0,12,12,1.0
zanu,0,12,12,1.0
portent,0,12,12,1.0
volcan,0,12,12,1.0
tregar,12,0,12,0.0
champaign,0,12,12,1.0
empathi,1,11,12,0.917
robina,12,0,12,0.0
untemper,0,12,12,1.0
ikbefl,0,12,12,1.0
pigeon,3,9,12,0.75
foundri,5,7,12,0.583
jolt,8,4,12,0.333
bnin,0,12,12,1.0
raetta,12,0,12,0.0
coplanar,0,12,12,1.0
electromagnet,1,11,12,0.917
bumper,1,11,12,0.917
kmt,12,0,12,0.0
abalon,0,12,12,1.0
plse,2,10,12,0.833
getitbest,0,12,12,1.0
blacken,1,11,12,0.917
graze,0,12,12,1.0
dimichel,12,0,12,0.0
mala,1,11,12,0.917
obviat,4,8,12,0.667
kochind,12,0,12,0.0
wpl,0,12,12,1.0
alveolar,0,12,12,1.0
hj,0,12,12,1.0
swivel,0,12,12,1.0
sona,1,11,12,0.917
vysi,12,0,12,0.0
tic,0,12,12,1.0
todayworldwid,0,12,12,1.0
wiggl,8,4,12,0.333
telefonu,0,12,12,1.0
vicod,0,12,12,1.0
hem,3,9,12,0.75
acreditado,0,12,12,1.0
decentr,11,1,12,0.083
morpholog,0,12,12,1.0
csg,11,1,12,0.083
abdic,0,12,12,1.0
furtiv,3,9,12,0.75
shrewd,5,7,12,0.583
frv,0,12,12,1.0
cisnero,12,0,12,0.0
cctvcamera,0,12,12,1.0
philanthropist,0,12,12,1.0
shanna,12,0,12,0.0
voltair,1,11,12,0.917
cocavessi,12,0,12,0.0
hon,0,12,12,1.0
guernsey,3,9,12,0.75
vidal,11,1,12,0.083
glu,1,11,12,0.917
acto,0,12,12,1.0
roughleg,0,12,12,1.0
doabl,8,4,12,0.333
golar,12,0,12,0.0
dutchess,0,12,12,1.0
milici,0,12,12,1.0
rbx,0,12,12,1.0
encor,1,11,12,0.917
scorpion,0,12,12,1.0
pspl,3,9,12,0.75
argent,3,9,12,0.75
tatum,3,9,12,0.75
cmgi,10,2,12,0.167
bucketful,0,12,12,1.0
kremp,0,12,12,1.0
usurio,0,12,12,1.0
inexor,3,9,12,0.75
drawer,10,2,12,0.167
celluiar,0,12,12,1.0
hustl,3,9,12,0.75
oreo,0,12,12,1.0
knapp,7,5,12,0.417
daishowa,12,0,12,0.0
rino,0,12,12,1.0
caicuiat,0,12,12,1.0
dom,10,2,12,0.167
longstand,7,5,12,0.417
mana,0,12,12,1.0
rambl,2,10,12,0.833
hurray,1,11,12,0.917
purch,12,0,12,0.0
cryptanalyz,0,12,12,1.0
amperag,0,12,12,1.0
garcyco,0,12,12,1.0
apologet,1,11,12,0.917
handier,0,12,12,1.0
schaefer,7,5,12,0.417
gambi,0,12,12,1.0
informix,0,12,12,1.0
nextel,8,4,12,0.333
retransmiss,9,3,12,0.25
buff,0,12,12,1.0
cahoot,0,12,12,1.0
pblica,0,12,12,1.0
buckey,0,12,12,1.0
incurr,3,9,12,0.75
yip,1,11,12,0.917
cotta,0,12,12,1.0
vpl,0,12,12,1.0
whisper,2,10,12,0.833
priest,2,10,12,0.833
fend,6,6,12,0.5
hetti,0,12,12,1.0
havoc,5,7,12,0.583
satan,1,11,12,0.917
iho,0,12,12,1.0
desol,0,12,12,1.0
dolc,0,12,12,1.0
zipcod,2,10,12,0.833
zona,0,12,12,1.0
carpathia,0,12,12,1.0
knapsack,1,11,12,0.917
billboard,0,12,12,1.0
androgen,0,12,12,1.0
cac,8,4,12,0.333
sceptic,4,8,12,0.667
chaplain,0,12,12,1.0
mezzanin,6,6,12,0.5
gist,2,10,12,0.833
mismanag,8,4,12,0.333
cesium,0,12,12,1.0
whelp,0,12,12,1.0
calcifi,0,12,12,1.0
og,0,12,12,1.0
moss,11,1,12,0.083
iswl,0,12,12,1.0
anaplasmosi,0,12,12,1.0
boolean,0,12,12,1.0
poke,2,10,12,0.833
roadmap,5,7,12,0.583
ntelx,0,12,12,1.0
sutherland,6,6,12,0.5
encroach,4,8,12,0.667
centimet,0,12,12,1.0
mutter,2,10,12,0.833
somm,0,12,12,1.0
macmillan,11,1,12,0.083
delmarva,1,11,12,0.917
excelent,0,12,12,1.0
maniac,0,12,12,1.0
cetera,1,11,12,0.917
plywood,0,12,12,1.0
chemica,0,12,12,1.0
hutton,9,3,12,0.25
dramaturgi,0,12,12,1.0
pall,5,7,12,0.583
coval,0,12,12,1.0
wsr,0,12,12,1.0
bylaw,2,10,12,0.833
brfont,0,12,12,1.0
compagni,1,11,12,0.917
decil,0,12,12,1.0
rink,0,12,12,1.0
flask,0,12,12,1.0
hemo,0,12,12,1.0
didnt,5,7,12,0.583
carrara,0,12,12,1.0
lorazeepam,0,12,12,1.0
chou,0,12,12,1.0
bedlam,0,12,12,1.0
scarecrow,0,12,12,1.0
bryophyt,0,12,12,1.0
breastwork,0,12,12,1.0
riskcent,12,0,12,0.0
valverd,12,0,12,0.0
germicid,0,12,12,1.0
surmis,7,5,12,0.417
armpit,0,12,12,1.0
castanet,0,12,12,1.0
scent,0,12,12,1.0
lorena,0,12,12,1.0
coilectiveiy,0,12,12,1.0
olsom,0,12,12,1.0
septic,1,11,12,0.917
wristwatch,0,12,12,1.0
infal,2,10,12,0.833
fontnbsp,0,12,12,1.0
bran,0,12,12,1.0
wad,1,11,12,0.917
qult,0,12,12,1.0
oam,0,12,12,1.0
inton,0,12,12,1.0
thesam,0,12,12,1.0
courthous,2,10,12,0.833
promiscu,2,10,12,0.833
ocl,12,0,12,0.0
dooley,0,12,12,1.0
vanai,0,12,12,1.0
atyp,0,12,12,1.0
kilomet,7,5,12,0.417
absinth,0,12,12,1.0
intellifax,0,12,12,1.0
frigi,0,12,12,1.0
wrigiey,0,12,12,1.0
roensch,12,0,12,0.0
ffff,0,12,12,1.0
demurr,0,12,12,1.0
durer,0,12,12,1.0
trinidad,3,9,12,0.75
compa,0,12,12,1.0
candidaci,4,8,12,0.667
cylindr,0,12,12,1.0
beigium,0,12,12,1.0
curfew,0,12,12,1.0
katchemack,0,12,12,1.0
basu,12,0,12,0.0
fnytqua,0,12,12,1.0
ili,1,11,12,0.917
chickwe,0,12,12,1.0
bertha,0,12,12,1.0
guei,0,12,12,1.0
rescuer,10,2,12,0.167
turtl,5,7,12,0.583
onal,0,12,12,1.0
drudg,0,12,12,1.0
witti,3,9,12,0.75
gossam,0,12,12,1.0
auburn,1,11,12,0.917
befoul,0,12,12,1.0
colbi,1,11,12,0.917
direcway,0,12,12,1.0
calcin,0,12,12,1.0
reclass,12,0,12,0.0
khairuddinbmjaafar,12,0,12,0.0
bandra,12,0,12,0.0
shroud,5,7,12,0.583
gat,2,10,12,0.833
butterbal,0,12,12,1.0
alveoli,0,12,12,1.0
inocul,4,8,12,0.667
placa,0,12,12,1.0
jingl,0,12,12,1.0
promocion,0,12,12,1.0
lipas,0,12,12,1.0
pisc,0,12,12,1.0
bureaucraci,4,8,12,0.667
transakt,0,12,12,1.0
nao,6,6,12,0.5
bh,4,8,12,0.667
seth,8,4,12,0.333
aggrav,2,10,12,0.833
boylston,0,12,12,1.0
wriggl,5,7,12,0.583
genom,1,11,12,0.917
coerciv,0,12,12,1.0
excperi,0,12,12,1.0
embouchur,0,12,12,1.0
thicker,0,12,12,1.0
wooler,0,12,12,1.0
inl,3,9,12,0.75
durasoft,12,0,12,0.0
syllabi,0,12,12,1.0
saul,1,11,12,0.917
clandestin,0,12,12,1.0
dirac,0,12,12,1.0
hutch,8,4,12,0.333
acetylen,0,12,12,1.0
picofarad,0,12,12,1.0
agg,12,0,12,0.0
babysitt,2,10,12,0.833
cyclotom,0,12,12,1.0
plavix,0,12,12,1.0
bagatel,0,12,12,1.0
horsemen,1,11,12,0.917
repudi,5,7,12,0.583
inert,1,11,12,0.917
movl,0,12,12,1.0
carven,0,12,12,1.0
sandef,12,0,12,0.0
snatch,2,10,12,0.833
aback,0,12,12,1.0
spectacl,0,12,12,1.0
lei,2,10,12,0.833
comprador,0,12,12,1.0
datbas,0,12,12,1.0
pastri,8,4,12,0.333
downhil,1,11,12,0.917
livegraph,12,0,12,0.0
breadfruit,0,12,12,1.0
caruso,7,5,12,0.417
cutlet,0,12,12,1.0
haden,12,0,12,0.0
consort,0,12,12,1.0
creeksid,0,12,12,1.0
crowbait,0,12,12,1.0
valedictori,0,12,12,1.0
clck,0,12,12,1.0
jacobsen,9,3,12,0.25
immediatli,0,12,12,1.0
natga,12,0,12,0.0
codfish,0,12,12,1.0
korn,12,0,12,0.0
snowbal,4,8,12,0.667
ufrj,0,12,12,1.0
brookhaven,0,12,12,1.0
helpless,1,11,12,0.917
jacksonvil,3,9,12,0.75
mcnair,12,0,12,0.0
adqueen,0,12,12,1.0
thornton,4,8,12,0.667
soto,9,3,12,0.25
kamat,12,0,12,0.0
eocen,3,9,12,0.75
borrough,0,12,12,1.0
sriram,12,0,12,0.0
aphrodit,0,12,12,1.0
corni,4,8,12,0.667
colombiana,0,12,12,1.0
freedombuild,0,12,12,1.0
backspac,0,12,12,1.0
allocat,12,0,12,0.0
peruvian,5,7,12,0.583
imperfect,6,6,12,0.5
andromach,0,12,12,1.0
directrix,0,12,12,1.0
fuei,0,12,12,1.0
chkbemij,0,12,12,1.0
bellini,0,12,12,1.0
bogu,1,11,12,0.917
marago,12,0,12,0.0
inorgan,0,12,12,1.0
swoop,6,6,12,0.5
simplist,7,5,12,0.417
furi,0,12,12,1.0
ephedra,0,12,12,1.0
ish,9,3,12,0.25
declan,12,0,12,0.0
dmm,0,12,12,1.0
lunchtim,8,4,12,0.333
geehrter,3,9,12,0.75
stockpil,5,7,12,0.583
boister,1,11,12,0.917
prank,1,11,12,0.917
limeston,0,12,12,1.0
bac,5,7,12,0.583
binderi,0,12,12,1.0
guesswork,1,11,12,0.917
magellan,8,4,12,0.333
andesin,0,12,12,1.0
vk,6,6,12,0.5
superbl,2,10,12,0.833
lliustrat,0,12,12,1.0
stamped,5,7,12,0.583
fastbizonlin,0,12,12,1.0
siurek,12,0,12,0.0
insurg,0,12,12,1.0
uir,0,12,12,1.0
chipmak,12,0,12,0.0
paracodin,0,12,12,1.0
epimedium,0,12,12,1.0
eyesight,0,12,12,1.0
distinto,0,12,12,1.0
hound,4,8,12,0.667
midlothian,12,0,12,0.0
rainer,9,3,12,0.25
xla,10,2,12,0.167
councilwoman,0,12,12,1.0
dicat,0,12,12,1.0
sumner,11,1,12,0.083
bianco,1,11,12,0.917
eyebal,4,8,12,0.667
bumptiou,1,11,12,0.917
acced,0,12,12,1.0
ellsworth,0,12,12,1.0
contedo,0,12,12,1.0
ksforc,0,12,12,1.0
brbrbrbrbr,0,12,12,1.0
probusi,12,0,12,0.0
genaro,12,0,12,0.0
blowback,4,8,12,0.667
haiti,0,12,12,1.0
dater,0,12,12,1.0
viccoddin,0,12,12,1.0
vlcodin,0,12,12,1.0
advi,0,12,12,1.0
della,0,12,12,1.0
impeach,2,10,12,0.833
betelgeus,0,12,12,1.0
ofoth,0,12,12,1.0
noo,0,12,12,1.0
kuldeep,12,0,12,0.0
sofort,0,12,12,1.0
ranel,12,0,12,0.0
davison,0,12,12,1.0
offal,0,12,12,1.0
eficcia,0,12,12,1.0
aphasia,0,12,12,1.0
salvat,3,9,12,0.75
bivalv,0,12,12,1.0
wochen,0,12,12,1.0
arbit,1,11,12,0.917
crosbi,2,10,12,0.833
dinnerwar,0,12,12,1.0
texto,0,12,12,1.0
cleansweep,0,12,12,1.0
orin,0,12,12,1.0
alexu,12,0,12,0.0
voila,1,11,12,0.917
boilerpl,12,0,12,0.0
codeln,0,12,12,1.0
smarter,4,8,12,0.667
confect,0,12,12,1.0
bandgap,0,12,12,1.0
chromatographi,0,12,12,1.0
arkansan,0,12,12,1.0
jett,12,0,12,0.0
dearli,4,8,12,0.667
carp,7,5,12,0.417
nan,1,11,12,0.917
dflf,0,12,12,1.0
técnico,0,12,12,1.0
descant,0,12,12,1.0
terr,6,6,12,0.5
chubb,12,0,12,0.0
handhold,2,10,12,0.833
trump,1,11,12,0.917
chamomil,0,12,12,1.0
aviari,0,12,12,1.0
chalklin,0,12,12,1.0
softtwar,0,12,12,1.0
cranford,0,12,12,1.0
bunkmat,0,12,12,1.0
becuas,2,10,12,0.833
debilit,1,11,12,0.917
bayonn,2,10,12,0.833
nimbl,6,6,12,0.5
bleforimm,0,12,12,1.0
bowlin,0,12,12,1.0
benedictin,0,12,12,1.0
meiner,1,11,12,0.917
plv,12,0,12,0.0
prothrombin,0,12,12,1.0
graa,0,12,12,1.0
bittersweet,1,11,12,0.917
hoosier,1,11,12,0.917
qh,0,12,12,1.0
trw,2,10,12,0.833
andov,0,12,12,1.0
bandi,4,8,12,0.667
jona,4,8,12,0.667
irrevers,1,11,12,0.917
sino,0,12,12,1.0
criss,0,12,12,1.0
pgm,0,12,12,1.0
asant,12,0,12,0.0
swollen,3,9,12,0.75
pyrimidin,0,12,12,1.0
holeabl,0,12,12,1.0
bitumin,0,12,12,1.0
lolita,0,12,12,1.0
cotoneast,0,12,12,1.0
proscrib,0,12,12,1.0
ctor,0,12,12,1.0
flank,2,10,12,0.833
holster,0,12,12,1.0
famin,1,11,12,0.917
vitrella,12,0,12,0.0
graviti,6,6,12,0.5
sati,0,12,12,1.0
cabal,0,12,12,1.0
quantinleap,12,0,12,0.0
extracurricular,1,11,12,0.917
frill,4,8,12,0.667
philharmon,0,12,12,1.0
coland,0,12,12,1.0
roebuck,7,5,12,0.417
banal,0,12,12,1.0
intric,5,7,12,0.583
yushchenko,0,12,12,1.0
kenyon,10,2,12,0.167
eariier,0,12,12,1.0
ezmlm,0,12,12,1.0
igor,0,12,12,1.0
calendr,0,12,12,1.0
cialli,0,12,12,1.0
gauch,3,9,12,0.75
overfund,12,0,12,0.0
extinct,3,9,12,0.75
sateilit,0,12,12,1.0
octagon,0,12,12,1.0
adenoma,0,12,12,1.0
knoxvil,4,8,12,0.667
studebak,3,9,12,0.75
btw,7,5,12,0.417
falsifi,0,12,12,1.0
geoe,0,12,12,1.0
wallpap,2,10,12,0.833
hgkkdc,0,12,12,1.0
auerbach,0,12,12,1.0
vx,2,10,12,0.833
brazzavil,0,12,12,1.0
pampa,5,7,12,0.583
chisholm,0,12,12,1.0
halstead,7,5,12,0.417
clemmon,10,2,12,0.167
junho,0,12,12,1.0
jammewu,0,12,12,1.0
pompano,0,12,12,1.0
dusenburi,0,12,12,1.0
rancho,3,9,12,0.75
champlain,0,12,12,1.0
eccentr,0,12,12,1.0
btriev,12,0,12,0.0
bowstr,0,12,12,1.0
área,0,12,12,1.0
dysenteri,0,12,12,1.0
rderdrug,0,12,12,1.0
qualitec,12,0,12,0.0
adamson,4,8,12,0.667
kollaro,12,0,12,0.0
pathet,4,8,12,0.667
thebestpc,0,12,12,1.0
bey,0,12,12,1.0
seric,0,12,12,1.0
interviewe,9,3,12,0.25
colombo,0,12,12,1.0
alphamer,0,12,12,1.0
downright,5,7,12,0.583
onger,0,12,12,1.0
sexton,8,4,12,0.333
efilmonlin,0,12,12,1.0
moze,12,0,12,0.0
instep,0,12,12,1.0
barbi,9,3,12,0.25
mick,11,1,12,0.083
embryon,0,12,12,1.0
gnu,3,9,12,0.75
clearhead,0,12,12,1.0
mbe,0,12,12,1.0
centenari,0,12,12,1.0
australit,0,12,12,1.0
plump,1,11,12,0.917
biblioteca,0,12,12,1.0
onset,8,4,12,0.333
puchalla,12,0,12,0.0
attenu,1,11,12,0.917
elmira,0,12,12,1.0
darvocet,0,12,12,1.0
lam,6,6,12,0.5
vlcodd,0,12,12,1.0
laryng,0,12,12,1.0
antler,0,12,12,1.0
goofi,1,11,12,0.917
vand,12,0,12,0.0
anastomosi,0,12,12,1.0
wheatear,0,12,12,1.0
chestnut,1,11,12,0.917
chrysolit,0,12,12,1.0
ambros,1,11,12,0.917
wakey,0,12,12,1.0
,8,4,12,0.333
balmi,0,12,12,1.0
drpt,0,12,12,1.0
stool,3,9,12,0.75
westward,8,4,12,0.333
billfold,0,12,12,1.0
eudora,12,0,12,0.0
candic,9,3,12,0.25
plenipotentiari,0,12,12,1.0
bondsmen,0,12,12,1.0
caraca,1,11,12,0.917
tamal,5,7,12,0.583
moulinex,12,0,12,0.0
amphibian,0,12,12,1.0
bodnar,12,0,12,0.0
doge,0,12,12,1.0
uphil,3,9,12,0.75
crucifi,0,12,12,1.0
vexati,0,12,12,1.0
wooster,0,12,12,1.0
lotion,0,12,12,1.0
aphas,0,12,12,1.0
congreg,2,10,12,0.833
cashman,12,0,12,0.0
powersrc,12,0,12,0.0
deced,0,12,12,1.0
seminol,4,7,11,0.636
sleepingdisord,0,11,11,1.0
indiginet,0,11,11,1.0
cossack,0,11,11,1.0
schubert,0,11,11,1.0
asymmetri,1,10,11,0.909
pun,2,9,11,0.818
chokeberri,0,11,11,1.0
ursin,0,11,11,1.0
ambassador,5,6,11,0.545
brquiacut,0,11,11,1.0
guardia,5,6,11,0.545
maui,5,6,11,0.545
blest,0,11,11,1.0
leventh,11,0,11,0.0
tar,1,10,11,0.909
carrizo,10,1,11,0.091
entidad,0,11,11,1.0
armaci,0,11,11,1.0
unconfirm,9,2,11,0.182
evei,0,11,11,1.0
cantabrigian,0,11,11,1.0
opportunit,7,4,11,0.364
ven,0,11,11,1.0
dementia,0,11,11,1.0
corcoran,0,11,11,1.0
transportadora,11,0,11,0.0
desecrat,0,11,11,1.0
unimagin,2,9,11,0.818
roadsid,0,11,11,1.0
sabotag,6,5,11,0.455
caf,3,8,11,0.727
sown,4,7,11,0.636
chit,0,11,11,1.0
nder,0,11,11,1.0
monlin,0,11,11,1.0
carborundum,0,11,11,1.0
zen,1,10,11,0.909
alpheratz,0,11,11,1.0
askew,0,11,11,1.0
salsa,8,3,11,0.273
ridder,7,4,11,0.364
confidentia,0,11,11,1.0
inoper,1,10,11,0.909
breadwinn,0,11,11,1.0
pierson,3,8,11,0.727
merriam,0,11,11,1.0
monterey,0,11,11,1.0
sinusoid,0,11,11,1.0
fastmail,0,11,11,1.0
amman,0,11,11,1.0
inducte,1,10,11,0.909
nonartist,0,11,11,1.0
cnr,7,4,11,0.364
medss,0,11,11,1.0
cohosh,0,11,11,1.0
segovia,1,10,11,0.909
monfan,11,0,11,0.0
affront,0,11,11,1.0
grabstald,11,0,11,0.0
yeung,11,0,11,0.0
tomcat,11,0,11,0.0
liquor,0,11,11,1.0
tuscani,1,10,11,0.909
epistemolog,0,11,11,1.0
crisscross,1,10,11,0.909
duster,0,11,11,1.0
alumin,0,11,11,1.0
iccodiin,0,11,11,1.0
arava,0,11,11,1.0
bungalow,0,11,11,1.0
eliot,0,11,11,1.0
canton,0,11,11,1.0
cinema,1,10,11,0.909
villevald,11,0,11,0.0
limelight,0,11,11,1.0
supplant,6,5,11,0.455
spree,5,6,11,0.545
liquit,0,11,11,1.0
getthatpil,0,11,11,1.0
siden,7,4,11,0.364
infiat,0,11,11,1.0
scel,11,0,11,0.0
econnect,11,0,11,0.0
cohomolog,0,11,11,1.0
auberg,0,11,11,1.0
bellmen,0,11,11,1.0
rapp,11,0,11,0.0
roam,5,6,11,0.545
dacca,0,11,11,1.0
layton,4,7,11,0.636
bastion,1,10,11,0.909
saldivar,11,0,11,0.0
kalman,11,0,11,0.0
cranni,0,11,11,1.0
cowpox,0,11,11,1.0
exhum,0,11,11,1.0
inelig,2,9,11,0.818
aconcagua,11,0,11,0.0
thug,0,11,11,1.0
armchair,0,11,11,1.0
expound,6,5,11,0.455
gloriou,0,11,11,1.0
flux,4,7,11,0.636
reorg,11,0,11,0.0
temptationless,0,11,11,1.0
dandelion,0,11,11,1.0
brucellosi,0,11,11,1.0
concertina,0,11,11,1.0
pocketwarm,0,11,11,1.0
impiou,1,10,11,0.909
lahor,0,11,11,1.0
handel,1,10,11,0.909
mitro,11,0,11,0.0
imt,0,11,11,1.0
chronograph,0,11,11,1.0
bowmen,0,11,11,1.0
silk,0,11,11,1.0
middlemen,6,5,11,0.455
dreamboat,0,11,11,1.0
deodor,1,10,11,0.909
expedi,3,8,11,0.727
shackl,3,8,11,0.727
lakesid,5,6,11,0.545
chrysler,6,5,11,0.455
drippi,0,11,11,1.0
beheld,0,11,11,1.0
bvjkiu,0,11,11,1.0
technoiog,0,11,11,1.0
yvan,11,0,11,0.0
barren,0,11,11,1.0
appendag,1,10,11,0.909
lifo,2,9,11,0.818
jernigan,9,2,11,0.182
incarcer,0,11,11,1.0
orgin,10,1,11,0.091
oj,0,11,11,1.0
bilg,0,11,11,1.0
wontt,0,11,11,1.0
congoles,0,11,11,1.0
centerpfont,0,11,11,1.0
velshi,11,0,11,0.0
bisexu,0,11,11,1.0
sanderson,4,7,11,0.636
lpjsjfv,0,11,11,1.0
airlift,0,11,11,1.0
hardwork,1,10,11,0.909
elderli,4,7,11,0.636
volleybal,6,5,11,0.455
bulldog,0,11,11,1.0
xg,0,11,11,1.0
musa,0,11,11,1.0
ourseiv,0,11,11,1.0
apostl,3,8,11,0.727
microelectron,0,11,11,1.0
chippendal,0,11,11,1.0
sphl,11,0,11,0.0
outward,4,7,11,0.636
hh,5,6,11,0.545
downstat,3,8,11,0.727
flammabl,7,4,11,0.364
byrd,4,7,11,0.636
mirob,11,0,11,0.0
finit,3,8,11,0.727
reptil,0,11,11,1.0
smash,4,7,11,0.636
disembowel,0,11,11,1.0
cadent,0,11,11,1.0
medicar,3,8,11,0.727
desideratum,0,11,11,1.0
supramax,0,11,11,1.0
dvdrewrit,0,11,11,1.0
weinberg,5,6,11,0.545
evenli,9,2,11,0.182
hee,3,8,11,0.727
porta,4,7,11,0.636
obscen,2,9,11,0.818
inconsider,0,11,11,1.0
palazzi,7,4,11,0.364
vultur,4,7,11,0.636
beresford,1,10,11,0.909
gasifi,0,11,11,1.0
headphon,0,11,11,1.0
spamcop,0,11,11,1.0
suscept,4,7,11,0.636
arson,0,11,11,1.0
softbal,1,10,11,0.909
offpeak,11,0,11,0.0
semiautomat,0,11,11,1.0
collier,2,9,11,0.818
arteriolosclerosi,0,11,11,1.0
dhl,2,9,11,0.818
dik,5,6,11,0.545
eightieth,0,11,11,1.0
infosourc,5,6,11,0.545
hydrat,3,8,11,0.727
acrid,0,11,11,1.0
macdonald,5,6,11,0.545
ivhm,11,0,11,0.0
radiant,0,11,11,1.0
downey,2,9,11,0.818
airmass,0,11,11,1.0
boeotian,0,11,11,1.0
lumpur,2,9,11,0.818
innocu,5,6,11,0.545
crosswalk,0,11,11,1.0
inattent,0,11,11,1.0
backhand,0,11,11,1.0
fgh,0,11,11,1.0
beak,0,11,11,1.0
crust,0,11,11,1.0
beethoven,0,11,11,1.0
diaton,0,11,11,1.0
dissembl,0,11,11,1.0
lqgcibz,0,11,11,1.0
keeper,8,3,11,0.273
encuentra,0,11,11,1.0
westhong,0,11,11,1.0
pedestrian,3,8,11,0.727
footlock,10,1,11,0.091
mgu,11,0,11,0.0
doit,6,5,11,0.455
waller,9,2,11,0.182
meld,4,7,11,0.636
rotorsoft,0,11,11,1.0
julep,0,11,11,1.0
amiti,0,11,11,1.0
detour,1,10,11,0.909
metai,0,11,11,1.0
krasner,11,0,11,0.0
ß,0,11,11,1.0
vr,0,11,11,1.0
templeton,8,3,11,0.273
fontpfont,0,11,11,1.0
westex,11,0,11,0.0
artculo,0,11,11,1.0
frontpag,2,9,11,0.818
armillaria,0,11,11,1.0
sew,6,5,11,0.455
sst,6,5,11,0.455
wellsfargo,5,6,11,0.545
bateman,1,10,11,0.909
nonundulatori,0,11,11,1.0
uryasev,11,0,11,0.0
mensur,0,11,11,1.0
eisel,11,0,11,0.0
aimfund,11,0,11,0.0
stapley,10,1,11,0.091
assemblag,0,11,11,1.0
krakow,0,11,11,1.0
oui,0,11,11,1.0
painful,0,11,11,1.0
aquat,0,11,11,1.0
publiciy,0,11,11,1.0
ectstnw,11,0,11,0.0
diabol,1,10,11,0.909
manchest,4,7,11,0.636
copywrit,1,10,11,0.909
carbohydr,0,11,11,1.0
troublesom,6,5,11,0.455
addend,0,11,11,1.0
papa,1,10,11,0.909
cabo,3,8,11,0.727
untangl,11,0,11,0.0
ambidextr,0,11,11,1.0
multa,0,11,11,1.0
tpa,11,0,11,0.0
dist,3,8,11,0.727
ril,1,10,11,0.909
dilapid,0,11,11,1.0
aimemail,11,0,11,0.0
acet,0,11,11,1.0
edic,0,11,11,1.0
apena,0,11,11,1.0
officehold,1,10,11,0.909
natsourc,11,0,11,0.0
titanium,0,11,11,1.0
excurs,1,10,11,0.909
mantrap,0,11,11,1.0
hubbi,0,11,11,1.0
markovian,6,5,11,0.455
irresolut,0,11,11,1.0
portsmouth,7,4,11,0.364
yeverino,11,0,11,0.0
choreograph,0,11,11,1.0
administratrix,0,11,11,1.0
gshebl,11,0,11,0.0
carbonyl,0,11,11,1.0
guggenheim,3,8,11,0.727
percuss,0,11,11,1.0
ruthless,8,3,11,0.273
marketpointinc,11,0,11,0.0
tango,1,10,11,0.909
heathenish,0,11,11,1.0
jnr,0,11,11,1.0
cliquez,0,11,11,1.0
calisthen,0,11,11,1.0
accipit,0,11,11,1.0
entrench,10,1,11,0.091
gbic,0,11,11,1.0
shiacut,0,11,11,1.0
dervish,0,11,11,1.0
unrealist,10,1,11,0.091
incharg,1,10,11,0.909
transistor,0,11,11,1.0
embezzl,0,11,11,1.0
nieuwsbrief,0,11,11,1.0
wardl,11,0,11,0.0
alink,0,11,11,1.0
rumbl,3,8,11,0.727
nutraceutica,0,11,11,1.0
battaglia,11,0,11,0.0
elastom,3,8,11,0.727
connal,1,10,11,0.909
edific,0,11,11,1.0
downwind,0,11,11,1.0
compassion,2,9,11,0.818
baccalaur,0,11,11,1.0
administrativa,0,11,11,1.0
jarek,11,0,11,0.0
denizen,0,11,11,1.0
reformat,9,2,11,0.182
palestin,1,10,11,0.909
inflammatori,0,11,11,1.0
lisv,0,11,11,1.0
restroom,0,11,11,1.0
ranen,11,0,11,0.0
headhunt,11,0,11,0.0
namesak,8,3,11,0.273
hydromorph,0,11,11,1.0
sheffield,2,9,11,0.818
congresswoman,0,11,11,1.0
francois,0,11,11,1.0
bernoulli,0,11,11,1.0
cockey,0,11,11,1.0
dur,0,11,11,1.0
zeit,0,11,11,1.0
guaranté,0,11,11,1.0
illicit,4,7,11,0.636
feira,0,11,11,1.0
reiniti,10,1,11,0.091
uiar,0,11,11,1.0
pontif,0,11,11,1.0
diathermi,0,11,11,1.0
axial,0,11,11,1.0
pehlivanova,11,0,11,0.0
bred,2,9,11,0.818
teck,1,10,11,0.909
méxico,0,11,11,1.0
anteced,0,11,11,1.0
cccccc,1,10,11,0.909
huddl,2,9,11,0.818
rosebud,3,8,11,0.727
confidentiaiit,0,11,11,1.0
tulan,8,3,11,0.273
comodidad,0,11,11,1.0
bmg,0,11,11,1.0
painkil,0,11,11,1.0
bcp,11,0,11,0.0
predispos,3,8,11,0.727
rockefel,4,7,11,0.636
florenc,2,9,11,0.818
fallow,0,11,11,1.0
chelsea,6,5,11,0.455
terminado,0,11,11,1.0
sucesso,0,11,11,1.0
kdsc,0,11,11,1.0
condemnatori,0,11,11,1.0
ambrosi,0,11,11,1.0
calcar,0,11,11,1.0
diacut,0,11,11,1.0
viet,3,8,11,0.727
berghart,0,11,11,1.0
medusa,1,10,11,0.909
pullback,4,7,11,0.636
netgear,0,11,11,1.0
rhubarb,0,11,11,1.0
sso,6,5,11,0.455
bagpip,0,11,11,1.0
asynchron,0,11,11,1.0
cankerworm,0,11,11,1.0
stitch,3,8,11,0.727
carbin,0,11,11,1.0
publicidad,0,11,11,1.0
vindic,2,9,11,0.818
recherch,0,11,11,1.0
formulario,0,11,11,1.0
seul,0,11,11,1.0
bulletproof,2,9,11,0.818
fahrenheit,6,5,11,0.455
sui,0,11,11,1.0
banshe,0,11,11,1.0
paramagnet,0,11,11,1.0
atropo,0,11,11,1.0
ronh,11,0,11,0.0
yourst,0,11,11,1.0
custer,0,11,11,1.0
mailin,0,11,11,1.0
woke,7,4,11,0.364
crag,0,11,11,1.0
mayappl,0,11,11,1.0
courteou,0,11,11,1.0
repric,11,0,11,0.0
shear,4,7,11,0.636
estn,0,11,11,1.0
csa,11,0,11,0.0
radiu,5,6,11,0.545
strut,3,8,11,0.727
zilch,3,8,11,0.727
felon,0,11,11,1.0
limitedd,0,11,11,1.0
cgiusa,11,0,11,0.0
bedspr,0,11,11,1.0
catsup,0,11,11,1.0
confectioneri,3,8,11,0.727
overwt,0,11,11,1.0
damascu,1,10,11,0.909
ocd,0,11,11,1.0
urib,11,0,11,0.0
neb,10,1,11,0.091
deerskin,0,11,11,1.0
brunin,11,0,11,0.0
qofwnuz,0,11,11,1.0
vicin,4,7,11,0.636
wheatston,0,11,11,1.0
brandish,1,10,11,0.909
regroup,11,0,11,0.0
ourso,11,0,11,0.0
demigod,0,11,11,1.0
culvert,1,10,11,0.909
worldwiacut,0,11,11,1.0
childcar,7,4,11,0.364
priori,0,11,11,1.0
donnybrook,0,11,11,1.0
tejan,0,11,11,1.0
basilar,0,11,11,1.0
angebot,0,11,11,1.0
division,2,9,11,0.818
hom,1,10,11,0.909
zol,0,11,11,1.0
homili,0,11,11,1.0
przi,11,0,11,0.0
starwood,7,4,11,0.364
fairfax,4,7,11,0.636
porou,0,11,11,1.0
wagstaff,11,0,11,0.0
biomass,5,6,11,0.545
warsaw,8,3,11,0.273
centerimg,0,11,11,1.0
appt,10,1,11,0.091
amerig,0,11,11,1.0
lorelei,1,10,11,0.909
pnterm,0,11,11,1.0
prenat,0,11,11,1.0
dumpi,0,11,11,1.0
leibert,11,0,11,0.0
conjur,0,11,11,1.0
grin,2,9,11,0.818
hitschel,11,0,11,0.0
grind,5,6,11,0.545
champagn,4,7,11,0.636
fifo,2,9,11,0.818
skytel,11,0,11,0.0
trait,2,9,11,0.818
pauli,0,11,11,1.0
apron,0,11,11,1.0
earsplit,0,11,11,1.0
hymnarium,0,11,11,1.0
digitali,0,11,11,1.0
feather,1,10,11,0.909
você,0,11,11,1.0
feroci,2,9,11,0.818
crackl,0,11,11,1.0
bestsoftwareshop,0,11,11,1.0
certitud,0,11,11,1.0
stygian,0,11,11,1.0
selll,0,11,11,1.0
domenico,0,11,11,1.0
aft,2,9,11,0.818
bella,3,8,11,0.727
gustav,0,11,11,1.0
edwardian,0,11,11,1.0
cherubim,0,11,11,1.0
monkish,0,11,11,1.0
horrifi,0,11,11,1.0
arri,9,2,11,0.182
sportsman,0,11,11,1.0
reconoc,0,11,11,1.0
ava,7,4,11,0.364
trendsett,0,11,11,1.0
inertia,1,10,11,0.909
spay,2,9,11,0.818
condol,3,8,11,0.727
roast,4,7,11,0.636
jestem,11,0,11,0.0
abolit,0,11,11,1.0
brbrbrbrbrbra,0,11,11,1.0
nicholson,4,7,11,0.636
barbarian,2,9,11,0.818
protoplasm,0,11,11,1.0
cori,9,2,11,0.182
quiver,1,10,11,0.909
pedest,4,7,11,0.636
jed,7,4,11,0.364
podem,0,11,11,1.0
dyne,0,11,11,1.0
caiiber,0,11,11,1.0
pont,2,9,11,0.818
eden,1,10,11,0.909
maladapt,0,11,11,1.0
cryptographi,0,11,11,1.0
blacktabl,0,11,11,1.0
vien,0,11,11,1.0
medallion,5,6,11,0.545
arteriosclerosi,0,11,11,1.0
seren,1,10,11,0.909
torn,4,7,11,0.636
waysid,6,5,11,0.455
abscess,0,11,11,1.0
suc,0,11,11,1.0
wolverin,2,9,11,0.818
wite,0,11,11,1.0
chatter,7,4,11,0.364
penultim,5,6,11,0.545
flute,0,11,11,1.0
atroci,4,7,11,0.636
ogunbunmi,11,0,11,0.0
memorabilia,3,8,11,0.727
arturo,0,11,11,1.0
paratroop,0,11,11,1.0
edo,0,11,11,1.0
tnray,11,0,11,0.0
steeli,2,9,11,0.818
hawaiian,3,8,11,0.727
angrili,3,8,11,0.727
everag,0,11,11,1.0
autotransform,0,11,11,1.0
indiatim,0,11,11,1.0
nearer,4,7,11,0.636
snare,2,9,11,0.818
insurmount,2,9,11,0.818
melvil,0,11,11,1.0
bookish,0,11,11,1.0
abelian,0,11,11,1.0
ecuador,3,8,11,0.727
richer,3,8,11,0.727
corps,0,11,11,1.0
watersid,7,4,11,0.364
chesterton,0,11,11,1.0
freshman,2,9,11,0.818
iu,1,10,11,0.909
clapboard,0,11,11,1.0
alfalfa,0,11,11,1.0
geometr,10,1,11,0.091
wollen,0,11,11,1.0
seduct,0,11,11,1.0
bach,0,11,11,1.0
jetlow,0,11,11,1.0
burglari,0,11,11,1.0
contactar,0,11,11,1.0
semit,0,11,11,1.0
heublein,0,11,11,1.0
está,0,11,11,1.0
hellosoft,0,11,11,1.0
bett,1,10,11,0.909
mccarran,11,0,11,0.0
paw,2,9,11,0.818
usf,11,0,11,0.0
expung,1,10,11,0.909
transmut,0,11,11,1.0
erisa,9,2,11,0.182
asynchroni,0,11,11,1.0
concours,1,10,11,0.909
neff,3,8,11,0.727
saferenew,11,0,11,0.0
meagan,10,1,11,0.091
estella,0,11,11,1.0
shamefac,0,11,11,1.0
driveway,6,5,11,0.455
propaganda,5,6,11,0.545
aphid,0,11,11,1.0
deiti,0,11,11,1.0
coma,0,11,11,1.0
bifoc,0,11,11,1.0
oilman,4,7,11,0.636
palabra,0,11,11,1.0
hine,7,4,11,0.364
interf,6,5,11,0.455
bristl,0,11,11,1.0
miriam,6,5,11,0.455
caramail,0,11,11,1.0
kindr,0,11,11,1.0
simmer,1,10,11,0.909
axiom,1,10,11,0.909
bret,9,2,11,0.182
ferraz,11,0,11,0.0
mortga,0,11,11,1.0
repblica,0,11,11,1.0
indigo,1,10,11,0.909
beret,1,10,11,0.909
piqu,4,7,11,0.636
benelux,0,11,11,1.0
caramel,0,11,11,1.0
hahn,7,4,11,0.364
ailanthu,0,11,11,1.0
dwarv,0,11,11,1.0
chrissi,9,2,11,0.182
hartfield,11,0,11,0.0
deprecatori,0,11,11,1.0
chairladi,0,11,11,1.0
bonifac,0,11,11,1.0
yashwant,11,0,11,0.0
hierarch,1,10,11,0.909
bordello,0,11,11,1.0
parenthood,8,3,11,0.273
societ,4,7,11,0.636
cogent,0,11,11,1.0
smirk,0,11,11,1.0
brweekend,0,11,11,1.0
det,0,11,11,1.0
fastermail,0,11,11,1.0
supplic,3,8,11,0.727
malform,0,11,11,1.0
imping,3,8,11,0.727
alibi,0,11,11,1.0
itti,0,11,11,1.0
clung,0,11,11,1.0
indomit,0,11,11,1.0
provo,3,8,11,0.727
helfrich,11,0,11,0.0
mckillop,11,0,11,0.0
temporada,0,11,11,1.0
beneficio,0,11,11,1.0
duk,11,0,11,0.0
overreact,10,1,11,0.091
juke,0,11,11,1.0
childer,10,1,11,0.091
psinet,11,0,11,0.0
judaism,0,11,11,1.0
timetrp,0,11,11,1.0
rca,0,11,11,1.0
bolsa,0,11,11,1.0
fffbf,0,11,11,1.0
splendid,1,10,11,0.909
noaa,9,2,11,0.182
hubbub,4,7,11,0.636
propiti,0,11,11,1.0
stainlessteel,0,11,11,1.0
astramowicz,11,0,11,0.0
defrock,0,11,11,1.0
morton,6,5,11,0.455
salim,0,11,11,1.0
draperi,0,11,11,1.0
hellen,0,11,11,1.0
nobel,2,9,11,0.818
supposedto,0,11,11,1.0
camelot,0,11,11,1.0
whittak,7,4,11,0.364
receptor,0,11,11,1.0
udv,0,11,11,1.0
batw,0,11,11,1.0
blurri,1,10,11,0.909
lapel,1,10,11,0.909
incant,0,11,11,1.0
ungodli,0,11,11,1.0
orwellian,0,11,11,1.0
nsm,7,4,11,0.364
cumulu,0,11,11,1.0
anarchi,2,9,11,0.818
maven,0,11,11,1.0
agamemnon,0,11,11,1.0
inordin,3,8,11,0.727
horseplay,0,11,11,1.0
ophthalm,0,11,11,1.0
bronchiolar,0,11,11,1.0
comité,0,11,11,1.0
typograph,0,11,11,1.0
timer,7,4,11,0.364
rogu,7,4,11,0.364
xochitl,11,0,11,0.0
kreb,6,5,11,0.455
powderi,2,9,11,0.818
diploidi,0,11,11,1.0
acolyt,0,11,11,1.0
chafe,0,11,11,1.0
informativo,0,11,11,1.0
jahr,0,11,11,1.0
efilm,0,11,11,1.0
eickenroht,11,0,11,0.0
writeup,10,1,11,0.091
mano,0,11,11,1.0
bract,0,11,11,1.0
ohmic,0,11,11,1.0
kerch,11,0,11,0.0
siqnificantiy,0,11,11,1.0
crossword,0,11,11,1.0
heavenli,1,10,11,0.909
counterattack,0,11,11,1.0
thinli,2,9,11,0.818
intermitt,6,5,11,0.455
recapit,6,5,11,0.455
americana,0,11,11,1.0
battel,0,11,11,1.0
canist,0,11,11,1.0
quartet,3,8,11,0.727
christiana,0,11,11,1.0
bonz,0,11,11,1.0
buten,0,11,11,1.0
michot,11,0,11,0.0
lug,0,11,11,1.0
discipl,0,11,11,1.0
flour,0,11,11,1.0
benthic,0,11,11,1.0
bearberri,0,11,11,1.0
tame,0,11,11,1.0
cuddli,0,11,11,1.0
difluorid,0,11,11,1.0
technologist,11,0,11,0.0
anu,0,11,11,1.0
mariah,3,8,11,0.727
impedi,6,5,11,0.455
dachshund,0,11,11,1.0
martyr,0,11,11,1.0
goodrich,2,9,11,0.818
katamail,0,11,11,1.0
burmes,0,11,11,1.0
crossbow,0,11,11,1.0
anticitap,0,11,11,1.0
awash,2,9,11,0.818
builetin,0,11,11,1.0
gilmor,6,5,11,0.455
niger,0,11,11,1.0
vlaggra,0,11,11,1.0
jpm,11,0,11,0.0
thief,0,11,11,1.0
ababa,0,11,11,1.0
gilmer,11,0,11,0.0
galile,0,11,11,1.0
hmsabcz,0,11,11,1.0
astraddl,0,11,11,1.0
elton,0,11,11,1.0
blackboard,2,9,11,0.818
lofti,4,7,11,0.636
batten,1,10,11,0.909
rosser,11,0,11,0.0
bibliophil,0,11,11,1.0
crystallit,0,11,11,1.0
corpul,0,11,11,1.0
remington,1,10,11,0.909
quintana,10,1,11,0.091
autorho,11,0,11,0.0
bolomet,0,11,11,1.0
tact,2,9,11,0.818
byargeon,11,0,11,0.0
cask,0,11,11,1.0
cupid,0,11,11,1.0
shuck,2,9,11,0.818
chast,0,11,11,1.0
calliop,0,11,11,1.0
hepatica,0,11,11,1.0
clime,0,11,11,1.0
también,0,11,11,1.0
alchemi,0,11,11,1.0
bunt,0,11,11,1.0
underpr,0,11,11,1.0
paik,11,0,11,0.0
vieira,10,1,11,0.091
talki,0,11,11,1.0
backtrack,4,7,11,0.636
exhal,0,11,11,1.0
magenta,3,8,11,0.727
einsteinian,0,11,11,1.0
marcia,5,6,11,0.545
conjoint,2,9,11,0.818
lovvpric,0,11,11,1.0
dellaca,0,11,11,1.0
downcast,0,11,11,1.0
burlesqu,0,11,11,1.0
boomerang,3,8,11,0.727
amok,0,11,11,1.0
iep,8,3,11,0.273
binocular,0,11,11,1.0
elid,0,11,11,1.0
alb,0,11,11,1.0
apostroph,0,11,11,1.0
savv,0,11,11,1.0
maroon,4,7,11,0.636
buckaroo,0,11,11,1.0
airstrip,0,11,11,1.0
bestsoftshop,0,11,11,1.0
inconceiv,4,7,11,0.636
gasper,11,0,11,0.0
protract,4,7,11,0.636
compulsori,1,10,11,0.909
aastrom,0,11,11,1.0
sungard,11,0,11,0.0
walru,1,10,11,0.909
nq,2,9,11,0.818
receptacl,0,11,11,1.0
spaciou,2,9,11,0.818
tru,6,5,11,0.455
lorenz,9,2,11,0.182
baseman,0,11,11,1.0
habibi,11,0,11,0.0
incluya,0,11,11,1.0
berlioz,0,11,11,1.0
inferno,1,10,11,0.909
fiddl,1,10,11,0.909
ellingson,11,0,11,0.0
braniff,0,11,11,1.0
cuckoo,0,11,11,1.0
aeneid,0,11,11,1.0
lithium,0,11,11,1.0
gershenson,11,0,11,0.0
eawtlq,0,11,11,1.0
specal,0,11,11,1.0
ppnbsp,0,11,11,1.0
bayer,10,1,11,0.091
tenderloin,5,6,11,0.545
bergson,6,5,11,0.455
tantawi,0,11,11,1.0
cantaloup,0,11,11,1.0
doubleton,0,11,11,1.0
vw,1,10,11,0.909
solutiacut,0,11,11,1.0
strangl,5,6,11,0.545
congreso,0,11,11,1.0
affix,2,9,11,0.818
aret,0,11,11,1.0
catawba,3,8,11,0.727
escape,0,11,11,1.0
daha,0,11,11,1.0
pueblo,0,11,11,1.0
citywid,3,8,11,0.727
energyinstitut,7,4,11,0.364
alkali,0,11,11,1.0
escrito,0,11,11,1.0
dirección,0,11,11,1.0
iceland,0,11,11,1.0
dabei,3,8,11,0.727
earthworm,0,11,11,1.0
pozdrawiam,6,5,11,0.455
berberian,11,0,11,0.0
impala,1,10,11,0.909
monrovia,0,11,11,1.0
birdi,1,10,11,0.909
gto,1,10,11,0.909
calf,1,10,11,0.909
eader,0,11,11,1.0
webster,4,7,11,0.636
earthsat,11,0,11,0.0
shiver,6,5,11,0.455
chianti,0,11,11,1.0
mettl,0,11,11,1.0
denouement,0,11,11,1.0
gaia,0,11,11,1.0
phenol,0,11,11,1.0
cuttlebon,0,11,11,1.0
electrabel,11,0,11,0.0
tewsom,0,11,11,1.0
carelessli,0,11,11,1.0
summon,4,7,11,0.636
lull,5,6,11,0.545
bolk,11,0,11,0.0
bristol,6,5,11,0.455
internacional,0,11,11,1.0
playgoer,0,11,11,1.0
tago,11,0,11,0.0
foreseeabi,0,11,11,1.0
flung,4,7,11,0.636
hecat,0,11,11,1.0
lanquaq,0,11,11,1.0
crept,1,10,11,0.909
blat,0,11,11,1.0
velocidad,0,11,11,1.0
salerno,2,9,11,0.818
generaili,0,11,11,1.0
tcm,7,4,11,0.364
phoni,5,6,11,0.545
perl,1,10,11,0.909
lynda,11,0,11,0.0
prazo,0,11,11,1.0
ineleg,0,11,11,1.0
immatur,0,11,11,1.0
tabul,4,7,11,0.636
pcp,7,4,11,0.364
hirsch,4,7,11,0.636
brovvs,0,11,11,1.0
diction,0,11,11,1.0
swg,10,1,11,0.091
delous,0,11,11,1.0
neue,0,11,11,1.0
greenbriar,1,10,11,0.909
sheiklik,0,11,11,1.0
entangl,8,3,11,0.273
functionari,1,10,11,0.909
brocad,2,9,11,0.818
begonia,0,11,11,1.0
craftsmen,0,11,11,1.0
fitzwat,11,0,11,0.0
allel,0,11,11,1.0
nightclub,0,11,11,1.0
brbryour,0,11,11,1.0
racket,1,10,11,0.909
duff,3,8,11,0.727
jab,4,7,11,0.636
requisito,0,11,11,1.0
lefta,0,11,11,1.0
theres,10,1,11,0.091
kingpin,2,9,11,0.818
watkin,5,6,11,0.545
meritenergi,11,0,11,0.0
dolar,1,10,11,0.909
tranc,0,11,11,1.0
volley,0,11,11,1.0
lineman,4,7,11,0.636
guildhal,0,11,11,1.0
hesinet,11,0,11,0.0
conundrum,1,10,11,0.909
medianli,0,11,11,1.0
blueberri,3,8,11,0.727
easternmost,0,11,11,1.0
brownish,1,10,11,0.909
mbr,10,1,11,0.091
leeri,5,6,11,0.545
perfectrsoft,0,11,11,1.0
bassel,11,0,11,0.0
seafar,0,11,11,1.0
chiefli,6,5,11,0.455
elysian,0,11,11,1.0
pais,5,6,11,0.545
animadvers,0,11,11,1.0
gland,1,10,11,0.909
feloni,0,11,11,1.0
trifl,0,11,11,1.0
ahem,0,11,11,1.0
vasudevan,11,0,11,0.0
calpx,11,0,11,0.0
brigham,8,3,11,0.273
calcutta,0,11,11,1.0
wallumrod,11,0,11,0.0
pmibnn,0,11,11,1.0
walpol,0,11,11,1.0
jk,0,11,11,1.0
flatb,2,9,11,0.818
teddi,6,5,11,0.455
xh,2,9,11,0.818
adema,0,11,11,1.0
probabi,0,11,11,1.0
macpherson,2,9,11,0.818
blenheim,0,11,11,1.0
braini,0,11,11,1.0
alacr,0,11,11,1.0
incr,0,11,11,1.0
samu,0,11,11,1.0
ioc,10,1,11,0.091
maryam,3,8,11,0.727
haffenreff,11,0,11,0.0
delft,0,11,11,1.0
battlefield,2,9,11,0.818
necesita,0,11,11,1.0
wallst,0,11,11,1.0
myreq,11,0,11,0.0
hatfield,3,8,11,0.727
ffffo,0,11,11,1.0
isnt,4,7,11,0.636
oax,0,11,11,1.0
aldrich,0,11,11,1.0
croni,1,10,11,0.909
burgess,4,7,11,0.636
fferenc,0,11,11,1.0
ipc,11,0,11,0.0
walkup,10,1,11,0.091
blunt,6,5,11,0.455
coeduc,0,11,11,1.0
lingo,8,3,11,0.273
laurenc,6,5,11,0.455
salazar,7,4,11,0.364
philipson,11,0,11,0.0
mueller,7,4,11,0.364
eberhard,0,11,11,1.0
mantra,3,8,11,0.727
doorbel,0,11,11,1.0
ond,0,11,11,1.0
economictim,11,0,11,0.0
mantua,11,0,11,0.0
harasin,11,0,11,0.0
mckesson,4,7,11,0.636
gmat,11,0,11,0.0
wurden,0,11,11,1.0
lastnam,10,1,11,0.091
profus,0,11,11,1.0
swanson,5,6,11,0.545
clap,0,11,11,1.0
winkler,9,2,11,0.182
steelmak,7,4,11,0.364
elsinor,0,11,11,1.0
psych,3,8,11,0.727
mahogani,5,6,11,0.545
rebook,11,0,11,0.0
moreno,6,5,11,0.455
deviant,0,11,11,1.0
aquiiino,0,11,11,1.0
rxsite,0,11,11,1.0
blackbodi,0,11,11,1.0
cobertura,0,11,11,1.0
tubulu,0,11,11,1.0
bloop,0,11,11,1.0
hydraul,4,7,11,0.636
alba,1,10,11,0.909
ancestr,0,11,11,1.0
conagra,11,0,11,0.0
phonat,0,11,11,1.0
ldap,0,11,11,1.0
genx,0,11,11,1.0
avandia,0,11,11,1.0
deft,1,10,11,0.909
bloodlin,0,11,11,1.0
crowberri,0,11,11,1.0
lancast,2,9,11,0.818
lowesst,0,11,11,1.0
theyknowit,0,11,11,1.0
bipartit,0,11,11,1.0
ietf,11,0,11,0.0
dogberri,0,11,11,1.0
callou,0,11,11,1.0
henceforth,1,10,11,0.909
flatter,9,2,11,0.182
mildew,0,11,11,1.0
sine,0,11,11,1.0
savior,8,3,11,0.273
babson,11,0,11,0.0
aegean,0,11,11,1.0
frenchman,0,11,11,1.0
catlik,0,11,11,1.0
coerc,2,9,11,0.818
beatnik,0,11,11,1.0
reveri,0,11,11,1.0
christoffel,0,11,11,1.0
doctrinair,0,11,11,1.0
niki,6,5,11,0.455
morphism,0,11,11,1.0
sharper,6,5,11,0.455
ij,0,11,11,1.0
unfal,0,11,11,1.0
vanilla,7,4,11,0.364
mickey,4,7,11,0.636
armada,3,8,11,0.727
opl,11,0,11,0.0
carboxyl,0,11,11,1.0
langhornn,0,11,11,1.0
arbutu,0,11,11,1.0
plantat,1,10,11,0.909
futher,6,5,11,0.455
hodgepodg,0,11,11,1.0
lulu,0,11,11,1.0
debas,0,11,11,1.0
everyy,0,11,11,1.0
clarenc,1,10,11,0.909
dillard,9,2,11,0.182
mayfield,10,1,11,0.091
quik,0,11,11,1.0
corvett,0,11,11,1.0
cattail,0,11,11,1.0
bracewel,11,0,11,0.0
trek,3,8,11,0.727
varzim,0,11,11,1.0
jurdico,0,11,11,1.0
nah,0,11,11,1.0
underwritten,2,9,11,0.818
barkeep,0,11,11,1.0
cere,0,11,11,1.0
skadden,11,0,11,0.0
citizenri,0,11,11,1.0
broadloom,0,11,11,1.0
sullen,0,11,11,1.0
loomi,5,6,11,0.545
waltz,2,9,11,0.818
derog,4,7,11,0.636
brownian,8,3,11,0.273
graphem,0,11,11,1.0
expnmail,0,11,11,1.0
phosphor,0,11,11,1.0
cotti,0,11,11,1.0
digram,0,11,11,1.0
cowherd,0,11,11,1.0
csdn,0,11,11,1.0
lovin,0,11,11,1.0
needn,3,8,11,0.727
servo,0,11,11,1.0
liverpudlian,0,11,11,1.0
chapel,0,11,11,1.0
isso,0,11,11,1.0
tou,0,11,11,1.0
migden,11,0,11,0.0
chinook,0,11,11,1.0
thankyou,9,2,11,0.182
mahuang,0,11,11,1.0
willingli,2,9,11,0.818
growl,0,11,11,1.0
buckshot,0,11,11,1.0
sceneri,1,10,11,0.909
bulli,2,9,11,0.818
chlorophyl,0,11,11,1.0
enfett,0,11,11,1.0
exc,1,10,11,0.909
tutelag,0,11,11,1.0
plenari,5,6,11,0.545
lod,0,11,11,1.0
eider,0,11,11,1.0
mccormick,6,5,11,0.455
youv,0,11,11,1.0
guerdon,0,11,11,1.0
rectangular,1,10,11,0.909
brittl,0,11,11,1.0
demagogu,0,11,11,1.0
sábado,0,11,11,1.0
paschal,5,6,11,0.545
compost,0,11,11,1.0
energia,9,2,11,0.182
cyclorama,0,11,11,1.0
rune,3,8,11,0.727
chert,0,11,11,1.0
besieg,4,7,11,0.636
orthodontist,0,11,11,1.0
chuff,0,11,11,1.0
misfaith,0,11,11,1.0
connelli,11,0,11,0.0
circuitri,0,11,11,1.0
effectsbr,0,11,11,1.0
haberman,0,11,11,1.0
blurt,0,11,11,1.0
aiiment,0,11,11,1.0
watchword,0,11,11,1.0
goodman,3,8,11,0.727
dernier,0,11,11,1.0
golfboxx,11,0,11,0.0
tifi,0,11,11,1.0
astrolog,0,11,11,1.0
wiz,1,10,11,0.909
dillon,0,11,11,1.0
meager,3,8,11,0.727
canterburi,0,11,11,1.0
aliianc,0,11,11,1.0
nstar,11,0,11,0.0
bangura,0,11,11,1.0
colloquy,0,11,11,1.0
lifespan,0,11,11,1.0
compatriot,1,10,11,0.909
wer,1,10,11,0.909
lenin,1,10,11,0.909
jc,6,5,11,0.455
remova,0,11,11,1.0
coun,0,11,11,1.0
funnel,7,4,11,0.364
bellum,0,11,11,1.0
ellipsi,0,11,11,1.0
maximilian,1,10,11,0.909
geodet,0,11,11,1.0
superdealsl,0,11,11,1.0
spacecraft,0,11,11,1.0
abhorr,0,11,11,1.0
anwar,11,0,11,0.0
unsettl,9,2,11,0.182
pendant,0,11,11,1.0
carpocephalum,0,11,11,1.0
carder,0,11,11,1.0
trophi,3,8,11,0.727
calico,0,11,11,1.0
stomer,0,11,11,1.0
steeplebush,0,11,11,1.0
andean,1,10,11,0.909
oppenheim,0,11,11,1.0
gad,3,8,11,0.727
protrud,0,11,11,1.0
á,0,11,11,1.0
crucibl,0,11,11,1.0
mach,0,11,11,1.0
lanka,0,11,11,1.0
lombardi,10,1,11,0.091
gy,0,11,11,1.0
screwbean,0,11,11,1.0
gunther,5,6,11,0.545
amplitud,0,11,11,1.0
thibodeaux,11,0,11,0.0
resin,0,11,11,1.0
aftereffect,1,10,11,0.909
rebellion,1,10,11,0.909
bulki,1,10,11,0.909
hubert,4,7,11,0.636
newsmen,0,11,11,1.0
autolearn,0,11,11,1.0
braddock,6,5,11,0.455
gobierno,0,11,11,1.0
offenc,3,8,11,0.727
skate,1,10,11,0.909
cick,0,11,11,1.0
coronet,0,11,11,1.0
headwal,0,11,11,1.0
nivel,0,11,11,1.0
inasmuch,2,9,11,0.818
dill,0,11,11,1.0
faa,5,6,11,0.545
rubidium,0,11,11,1.0
dscottl,11,0,11,0.0
anl,9,2,11,0.182
quarkxpress,0,11,11,1.0
cani,0,11,11,1.0
antaeu,0,11,11,1.0
cataclysm,0,11,11,1.0
redo,7,4,11,0.364
cosmo,0,11,11,1.0
floodgat,0,11,11,1.0
tyrant,0,11,11,1.0
dwelt,0,11,11,1.0
schlumberg,5,6,11,0.545
aster,0,11,11,1.0
cauchi,0,11,11,1.0
eardrum,0,11,11,1.0
cowbel,0,11,11,1.0
ind,6,5,11,0.455
osama,8,3,11,0.273
zhongguo,0,11,11,1.0
priacut,0,11,11,1.0
bbbl,10,1,11,0.091
pcr,0,11,11,1.0
suha,0,11,11,1.0
courtroom,2,9,11,0.818
mediagroup,0,11,11,1.0
phenteermin,0,11,11,1.0
matern,5,6,11,0.545
paraleg,10,1,11,0.091
usabl,5,6,11,0.545
fought,7,4,11,0.364
apost,0,11,11,1.0
smsmobil,0,11,11,1.0
arachn,0,11,11,1.0
dortmund,0,11,11,1.0
eisner,0,11,11,1.0
ek,4,7,11,0.636
slacken,2,9,11,0.818
astronomi,0,11,11,1.0
extrasystol,0,11,11,1.0
aziz,9,2,11,0.182
gogh,1,10,11,0.909
realizado,0,11,11,1.0
fianc,0,11,11,1.0
collet,0,11,11,1.0
addl,1,10,11,0.909
fabian,4,7,11,0.636
flounder,5,6,11,0.545
voiatil,0,11,11,1.0
cylind,1,10,11,0.909
fuse,5,6,11,0.545
vesicoclysi,0,11,11,1.0
deplor,1,10,11,0.909
despotat,0,11,11,1.0
pollard,4,7,11,0.636
aarhu,0,11,11,1.0
naval,5,6,11,0.545
highcholesterin,0,11,11,1.0
deporte,0,11,11,1.0
gao,1,10,11,0.909
scrawl,0,11,11,1.0
baleen,0,11,11,1.0
absa,1,10,11,0.909
bowditch,0,11,11,1.0
nol,7,4,11,0.364
whim,1,10,11,0.909
mattress,3,8,11,0.727
tendr,0,11,11,1.0
marlboro,2,9,11,0.818
stove,3,8,11,0.727
dusseldorf,1,10,11,0.909
dalzel,0,11,11,1.0
roundup,4,7,11,0.636
alight,0,11,11,1.0
beaux,0,11,11,1.0
unimpass,0,11,11,1.0
romanian,0,11,11,1.0
evangel,2,9,11,0.818
bamberg,0,11,11,1.0
shipwreck,0,11,11,1.0
comedian,0,11,11,1.0
bedbug,0,11,11,1.0
asuncion,0,11,11,1.0
perth,1,10,11,0.909
panegyr,0,11,11,1.0
xgal,0,11,11,1.0
apocalypt,0,11,11,1.0
conservat,2,9,11,0.818
utiiiti,0,11,11,1.0
balines,0,11,11,1.0
tomer,1,10,11,0.909
equa,0,11,11,1.0
dobl,0,11,11,1.0
beltsvil,0,11,11,1.0
supper,3,8,11,0.727
tuck,6,5,11,0.455
motivo,0,11,11,1.0
hyperbol,1,10,11,0.909
sneez,1,10,11,0.909
presa,11,0,11,0.0
athenian,0,11,11,1.0
caper,3,8,11,0.727
worldw,0,11,11,1.0
mauritiu,2,9,11,0.818
mesquit,3,8,11,0.727
anselm,0,11,11,1.0
berenic,0,11,11,1.0
hookah,0,11,11,1.0
energynewsl,11,0,11,0.0
daredevil,3,8,11,0.727
arian,0,11,11,1.0
dejar,0,11,11,1.0
pde,10,1,11,0.091
fait,1,10,11,0.909
conestoga,2,9,11,0.818
dentistri,0,11,11,1.0
activo,0,11,11,1.0
panick,10,1,11,0.091
deoxyribos,0,11,11,1.0
batt,0,11,11,1.0
baldpat,0,11,11,1.0
chevali,0,11,11,1.0
beyer,11,0,11,0.0
celibaci,0,11,11,1.0
tgage,0,11,11,1.0
dant,2,9,11,0.818
rrc,7,4,11,0.364
cruddi,0,11,11,1.0
drc,1,10,11,0.909
vov,0,11,11,1.0
panicki,6,5,11,0.455
gj,2,9,11,0.818
babcock,3,8,11,0.727
riskop,11,0,11,0.0
droopi,0,11,11,1.0
parenthesi,3,8,11,0.727
mfg,10,1,11,0.091
videoconferenc,11,0,11,0.0
mckeever,11,0,11,0.0
illustri,3,8,11,0.727
precept,0,11,11,1.0
cornflow,0,11,11,1.0
cobranza,0,11,11,1.0
vnf,11,0,11,0.0
ferret,5,6,11,0.545
wallow,2,9,11,0.818
xr,0,11,11,1.0
opin,6,5,11,0.455
dissuad,3,8,11,0.727
epic,6,5,11,0.455
partit,2,9,11,0.818
deviou,0,11,11,1.0
fontainebleau,0,11,11,1.0
haughton,11,0,11,0.0
intract,3,8,11,0.727
canticl,0,11,11,1.0
figueroa,9,2,11,0.182
boudar,11,0,11,0.0
windowsxp,0,11,11,1.0
elinor,0,11,11,1.0
freemen,1,10,11,0.909
hmo,3,8,11,0.727
roz,0,11,11,1.0
garrisonian,0,11,11,1.0
jumpi,5,6,11,0.545
daunt,7,4,11,0.364
semin,6,5,11,0.455
expn,0,11,11,1.0
relent,2,9,11,0.818
lemon,4,7,11,0.636
boatmen,0,11,11,1.0
lighten,9,2,11,0.182
ceris,0,11,11,1.0
rv,4,7,11,0.636
stepmoth,0,11,11,1.0
bifurc,1,10,11,0.909
resurrect,9,2,11,0.182
seguir,0,11,11,1.0
dote,0,11,11,1.0
illinova,11,0,11,0.0
honk,0,11,11,1.0
camber,0,11,11,1.0
needlework,0,11,11,1.0
jaffray,11,0,11,0.0
konstantin,11,0,11,0.0
dionysu,0,11,11,1.0
nfidentiai,0,11,11,1.0
gbdvd,0,11,11,1.0
feeder,7,4,11,0.364
asson,0,11,11,1.0
peoria,6,5,11,0.455
bobolink,0,11,11,1.0
mcpherson,3,8,11,0.727
potentiaili,0,11,11,1.0
suzana,1,9,10,0.9
subsist,0,10,10,1.0
diluent,0,10,10,1.0
pearlit,0,10,10,1.0
bernet,0,10,10,1.0
francin,0,10,10,1.0
folksi,1,9,10,0.9
violet,1,9,10,0.9
godwit,0,10,10,1.0
feller,9,1,10,0.1
budd,2,8,10,0.8
applejack,0,10,10,1.0
subdu,6,4,10,0.4
dadaism,0,10,10,1.0
encumb,6,4,10,0.4
nectar,0,10,10,1.0
damp,1,9,10,0.9
raman,4,6,10,0.6
sli,1,9,10,0.9
beliv,2,8,10,0.8
arden,0,10,10,1.0
hypoact,0,10,10,1.0
offtak,10,0,10,0.0
bullfrog,0,10,10,1.0
mwnf,0,10,10,1.0
tak,6,4,10,0.4
soybean,7,3,10,0.3
rustl,1,9,10,0.9
prrogram,0,10,10,1.0
leech,2,8,10,0.8
hoars,0,10,10,1.0
cornucopia,1,9,10,0.9
doublet,0,10,10,1.0
billiken,0,10,10,1.0
styo,0,10,10,1.0
quadro,0,10,10,1.0
ascetic,0,10,10,1.0
iss,2,8,10,0.8
toothpast,2,8,10,0.8
putt,4,6,10,0.6
cothran,10,0,10,0.0
raini,2,8,10,0.8
decarlo,10,0,10,0.0
courtesan,0,10,10,1.0
zadow,10,0,10,0.0
quicki,2,8,10,0.8
berthold,10,0,10,0.0
mino,0,10,10,1.0
overwhelmingli,8,2,10,0.2
maestro,0,10,10,1.0
indivis,0,10,10,1.0
fibr,8,2,10,0.2
demolit,0,10,10,1.0
sed,0,10,10,1.0
nullifi,5,5,10,0.5
turboexcit,0,10,10,1.0
ampex,0,10,10,1.0
pantherish,0,10,10,1.0
balki,0,10,10,1.0
soignet,10,0,10,0.0
abdallat,0,10,10,1.0
cycad,0,10,10,1.0
projeto,0,10,10,1.0
hv,1,9,10,0.9
coskin,0,10,10,1.0
zillion,1,9,10,0.9
visualinformatica,0,10,10,1.0
tonsil,1,9,10,0.9
careworn,0,10,10,1.0
malleabl,0,10,10,1.0
rection,0,10,10,1.0
erb,0,10,10,1.0
careless,4,6,10,0.6
dieti,0,10,10,1.0
bonnard,10,0,10,0.0
bnycp,10,0,10,0.0
vener,1,9,10,0.9
blocklist,0,10,10,1.0
inductor,0,10,10,1.0
hiya,0,10,10,1.0
segura,6,4,10,0.4
impun,1,9,10,0.9
ghent,0,10,10,1.0
treinamento,0,10,10,1.0
attun,0,10,10,1.0
canaco,0,10,10,1.0
sonra,0,10,10,1.0
muddlehead,0,10,10,1.0
faltinsen,10,0,10,0.0
gainer,8,2,10,0.2
kpc,2,8,10,0.8
gripe,2,8,10,0.8
winn,6,4,10,0.4
ctb,0,10,10,1.0
ajax,3,7,10,0.7
termit,0,10,10,1.0
disinclin,6,4,10,0.4
hmn,0,10,10,1.0
committeewomen,0,10,10,1.0
spurn,3,7,10,0.7
rosale,10,0,10,0.0
xualpow,0,10,10,1.0
bayda,0,10,10,1.0
grimaldi,0,10,10,1.0
therxshop,0,10,10,1.0
backplat,0,10,10,1.0
homosexu,1,9,10,0.9
umpir,0,10,10,1.0
xpbrprofession,0,10,10,1.0
adriat,0,10,10,1.0
coronari,0,10,10,1.0
nuevament,0,10,10,1.0
garth,0,10,10,1.0
odyssey,1,9,10,0.9
birdbath,0,10,10,1.0
aldermen,0,10,10,1.0
ys,1,9,10,0.9
deltoid,0,10,10,1.0
broadest,7,3,10,0.3
bianchi,10,0,10,0.0
oaxaqueo,0,10,10,1.0
fuell,9,1,10,0.1
cyclotron,0,10,10,1.0
influx,3,7,10,0.7
dunlap,1,9,10,0.9
electress,0,10,10,1.0
amw,10,0,10,0.0
watchmak,0,10,10,1.0
radcliff,0,10,10,1.0
smartphon,0,10,10,1.0
sulfat,0,10,10,1.0
cinerama,0,10,10,1.0
rahim,5,5,10,0.5
aminoglycosid,0,10,10,1.0
ondreko,10,0,10,0.0
condescens,0,10,10,1.0
coia,0,10,10,1.0
hammerschmidt,10,0,10,0.0
diorama,0,10,10,1.0
budgetari,1,9,10,0.9
fang,5,5,10,0.5
posta,0,10,10,1.0
foibl,2,8,10,0.8
bleari,0,10,10,1.0
upstat,0,10,10,1.0
wisecrack,1,9,10,0.9
unspecifi,7,3,10,0.3
tangenti,5,5,10,0.5
bilharziasi,0,10,10,1.0
asper,0,10,10,1.0
myofibril,0,10,10,1.0
conjoin,0,10,10,1.0
calamu,0,10,10,1.0
squad,0,10,10,1.0
daybreak,1,9,10,0.9
lookout,2,8,10,0.8
bangladesh,0,10,10,1.0
votaw,10,0,10,0.0
dineen,10,0,10,0.0
phosphoru,1,9,10,0.9
ntiaiiti,0,10,10,1.0
bullfinch,0,10,10,1.0
ejercicio,0,10,10,1.0
slaga,0,10,10,1.0
statesman,5,5,10,0.5
kimberlit,0,10,10,1.0
hoof,0,10,10,1.0
ener,1,9,10,0.9
tenn,10,0,10,0.0
rekindl,7,3,10,0.3
sorkin,10,0,10,0.0
topanga,2,8,10,0.8
charlemagn,0,10,10,1.0
extrud,0,10,10,1.0
ante,0,10,10,1.0
indexv,0,10,10,1.0
ellstrom,10,0,10,0.0
sbl,4,6,10,0.6
erich,3,7,10,0.7
marol,10,0,10,0.0
crystallin,0,10,10,1.0
rib,0,10,10,1.0
ingrown,0,10,10,1.0
estoqu,0,10,10,1.0
moonlight,5,5,10,0.5
haggard,1,9,10,0.9
fanfar,2,8,10,0.8
bubert,10,0,10,0.0
whack,2,8,10,0.8
thaihotel,0,10,10,1.0
rollin,9,1,10,0.1
charlottesvil,0,10,10,1.0
esmeralda,8,2,10,0.2
cma,1,9,10,0.9
indepth,0,10,10,1.0
accumulativ,0,10,10,1.0
acer,0,10,10,1.0
warden,2,8,10,0.8
honeyweil,0,10,10,1.0
uncensor,0,10,10,1.0
cftc,10,0,10,0.0
brewster,4,6,10,0.6
syria,3,7,10,0.7
mrut,0,10,10,1.0
maue,10,0,10,0.0
horsewomen,0,10,10,1.0
maliss,0,10,10,1.0
jerki,0,10,10,1.0
caiman,0,10,10,1.0
dour,1,9,10,0.9
comentario,0,10,10,1.0
fino,1,9,10,0.9
interess,0,10,10,1.0
scrutabl,0,10,10,1.0
pernoud,10,0,10,0.0
wcg,10,0,10,0.0
dresdner,10,0,10,0.0
confidenci,0,10,10,1.0
salem,3,7,10,0.7
markup,10,0,10,0.0
fibonacci,0,10,10,1.0
icin,0,10,10,1.0
fawn,3,7,10,0.7
bpet,0,10,10,1.0
escribir,0,10,10,1.0
diabolarch,0,10,10,1.0
withstood,4,6,10,0.6
roadway,3,7,10,0.7
nexi,9,1,10,0.1
cursori,2,8,10,0.8
bogl,0,10,10,1.0
cedilla,0,10,10,1.0
electrocardiogram,0,10,10,1.0
brigad,0,10,10,1.0
erilneed,0,10,10,1.0
chalet,0,10,10,1.0
chalic,0,10,10,1.0
cadav,0,10,10,1.0
emmett,2,8,10,0.8
goughari,10,0,10,0.0
lodi,10,0,10,0.0
animos,1,9,10,0.9
tuo,0,10,10,1.0
saxoni,0,10,10,1.0
ogden,5,5,10,0.5
masterpiec,0,10,10,1.0
cred,0,10,10,1.0
drumhead,0,10,10,1.0
backscatt,0,10,10,1.0
mett,10,0,10,0.0
usurp,2,8,10,0.8
ucd,0,10,10,1.0
celeri,0,10,10,1.0
eject,2,8,10,0.8
anorth,0,10,10,1.0
kerrigan,10,0,10,0.0
kasturi,10,0,10,0.0
truman,3,7,10,0.7
chave,2,8,10,0.8
auriga,0,10,10,1.0
alexandr,0,10,10,1.0
pluck,4,6,10,0.6
memoryimprov,0,10,10,1.0
threet,10,0,10,0.0
bologna,0,10,10,1.0
coeffici,3,7,10,0.7
cosmolog,0,10,10,1.0
spheroid,0,10,10,1.0
newfoundland,4,6,10,0.6
sequent,6,4,10,0.4
ductwork,0,10,10,1.0
whore,0,10,10,1.0
rolodex,10,0,10,0.0
ancestor,0,10,10,1.0
mudd,5,5,10,0.5
fecha,0,10,10,1.0
mohawk,5,5,10,0.5
pang,0,10,10,1.0
butterfat,0,10,10,1.0
agri,7,3,10,0.3
faustu,0,10,10,1.0
blackwel,0,10,10,1.0
glan,0,10,10,1.0
collaboratori,10,0,10,0.0
domesday,0,10,10,1.0
cameraman,1,9,10,0.9
urplea,0,10,10,1.0
farcic,3,7,10,0.7
mgi,10,0,10,0.0
philanthropi,1,9,10,0.9
resorb,0,10,10,1.0
raptur,0,10,10,1.0
vertebr,0,10,10,1.0
liff,8,2,10,0.2
midyear,10,0,10,0.0
balzac,0,10,10,1.0
conro,10,0,10,0.0
trad,1,9,10,0.9
quicknet,0,10,10,1.0
cpia,0,10,10,1.0
earnestli,1,9,10,0.9
tntg,0,10,10,1.0
iliad,0,10,10,1.0
charon,0,10,10,1.0
apri,1,9,10,0.9
vprx,0,10,10,1.0
hanz,8,2,10,0.2
parlanc,0,10,10,1.0
leaven,0,10,10,1.0
mullen,2,8,10,0.8
huston,5,5,10,0.5
douro,0,10,10,1.0
kannst,0,10,10,1.0
crutch,0,10,10,1.0
sll,0,10,10,1.0
ordinarili,7,3,10,0.3
hoshino,10,0,10,0.0
parboil,0,10,10,1.0
alcov,0,10,10,1.0
gunfir,0,10,10,1.0
caustic,0,10,10,1.0
teaspoon,0,10,10,1.0
quercetin,0,10,10,1.0
sebastian,3,7,10,0.7
bassinet,0,10,10,1.0
aspart,0,10,10,1.0
allig,0,10,10,1.0
grayson,0,10,10,1.0
igottohavethisnow,0,10,10,1.0
demoniac,0,10,10,1.0
dayton,2,8,10,0.8
ubiquit,2,8,10,0.8
bge,10,0,10,0.0
druid,0,10,10,1.0
snowi,6,4,10,0.4
csu,10,0,10,0.0
pharmsho,0,10,10,1.0
pharmaceu,0,10,10,1.0
legion,3,7,10,0.7
showpiec,2,8,10,0.8
dragonhead,0,10,10,1.0
tyrann,0,10,10,1.0
gti,10,0,10,0.0
bigot,0,10,10,1.0
dvn,10,0,10,0.0
ganguzza,10,0,10,0.0
bendix,0,10,10,1.0
lineinc,0,10,10,1.0
fullerton,0,10,10,1.0
bile,0,10,10,1.0
socrat,2,8,10,0.8
deaf,2,8,10,0.8
viag,0,10,10,1.0
rashe,0,10,10,1.0
fiberboard,0,10,10,1.0
freaki,1,9,10,0.9
handwatch,0,10,10,1.0
intest,0,10,10,1.0
cheeki,0,10,10,1.0
contrato,0,10,10,1.0
febuari,2,8,10,0.8
afar,2,8,10,0.8
sonnenberg,10,0,10,0.0
cowardic,0,10,10,1.0
phonolog,0,10,10,1.0
accusatori,0,10,10,1.0
ealz,0,10,10,1.0
harrow,2,8,10,0.8
misra,10,0,10,0.0
buscador,0,10,10,1.0
dernehl,10,0,10,0.0
taller,0,10,10,1.0
malari,0,10,10,1.0
bipolar,0,10,10,1.0
loaf,1,9,10,0.9
sham,4,6,10,0.6
hemoglobin,0,10,10,1.0
expressiy,0,10,10,1.0
conqueror,0,10,10,1.0
tonerevers,0,10,10,1.0
freeston,3,7,10,0.7
hirko,10,0,10,0.0
dealership,1,9,10,0.9
giraff,6,4,10,0.4
diaphragm,0,10,10,1.0
illog,0,10,10,1.0
buckboard,0,10,10,1.0
palatin,0,10,10,1.0
hoe,2,8,10,0.8
droll,1,9,10,0.9
thousa,0,10,10,1.0
manger,7,3,10,0.3
collegian,0,10,10,1.0
pwx,10,0,10,0.0
glendal,3,7,10,0.7
unanticip,7,3,10,0.3
reiief,0,10,10,1.0
robyn,9,1,10,0.1
electrifi,1,9,10,0.9
canberra,0,10,10,1.0
nazi,2,8,10,0.8
modu,1,9,10,0.9
bottommost,0,10,10,1.0
counterexampl,0,10,10,1.0
joaquin,3,7,10,0.7
primit,2,8,10,0.8
hord,3,7,10,0.7
abrad,0,10,10,1.0
seamlessli,4,6,10,0.6
everglad,0,10,10,1.0
hesperidin,0,10,10,1.0
wildcat,1,9,10,0.9
rfuler,0,10,10,1.0
poindext,10,0,10,0.0
chemisorpt,0,10,10,1.0
gullibl,3,7,10,0.7
paulu,0,10,10,1.0
paralysi,2,8,10,0.8
agress,9,1,10,0.1
oxan,10,0,10,0.0
dressmak,0,10,10,1.0
deux,0,10,10,1.0
duls,0,10,10,1.0
marginalia,0,10,10,1.0
garantía,0,10,10,1.0
brillouin,0,10,10,1.0
longley,10,0,10,0.0
commiser,0,10,10,1.0
dement,0,10,10,1.0
goldfinch,0,10,10,1.0
antigen,1,9,10,0.9
canneri,0,10,10,1.0
conneticut,10,0,10,0.0
phew,10,0,10,0.0
coddin,0,10,10,1.0
pane,5,5,10,0.5
yor,0,10,10,1.0
cordit,0,10,10,1.0
obligatori,5,5,10,0.5
taxonomi,4,6,10,0.6
aleph,0,10,10,1.0
reich,0,10,10,1.0
prescott,1,9,10,0.9
pix,1,9,10,0.9
kat,0,10,10,1.0
briar,1,9,10,0.9
farley,2,8,10,0.8
dicotyledon,0,10,10,1.0
lanki,0,10,10,1.0
hydrophobia,0,10,10,1.0
avarici,0,10,10,1.0
findest,1,9,10,0.9
hw,3,7,10,0.7
bernini,2,8,10,0.8
kuehn,10,0,10,0.0
derrier,0,10,10,1.0
carboy,0,10,10,1.0
interestingli,8,2,10,0.2
otal,0,10,10,1.0
bebould,0,10,10,1.0
serg,0,10,10,1.0
amanuensi,0,10,10,1.0
fnpr,0,10,10,1.0
vlaams,0,10,10,1.0
transient,1,9,10,0.9
outbid,5,5,10,0.5
buttonhol,0,10,10,1.0
grassi,0,10,10,1.0
ksiazki,10,0,10,0.0
electrophoresi,0,10,10,1.0
siberia,0,10,10,1.0
adulteri,0,10,10,1.0
logician,0,10,10,1.0
gerson,2,8,10,0.8
bilay,0,10,10,1.0
realarcad,0,10,10,1.0
distilleri,0,10,10,1.0
concomit,2,8,10,0.8
reorder,0,10,10,1.0
dazu,0,10,10,1.0
vehicular,0,10,10,1.0
iota,4,6,10,0.6
pigeonhol,0,10,10,1.0
vagr,0,10,10,1.0
icicl,0,10,10,1.0
bemadden,0,10,10,1.0
riesz,10,0,10,0.0
meer,6,4,10,0.4
anticipatori,2,8,10,0.8
nato,4,6,10,0.6
stevia,0,10,10,1.0
cadmium,2,8,10,0.8
beirut,0,10,10,1.0
,0,10,10,1.0
moreira,10,0,10,0.0
atwood,1,9,10,0.9
deathb,0,10,10,1.0
jaki,10,0,10,0.0
vouch,2,8,10,0.8
paranoia,4,6,10,0.6
wafer,0,10,10,1.0
coprinu,0,10,10,1.0
adword,0,10,10,1.0
anselmo,0,10,10,1.0
dangl,0,10,10,1.0
licarion,10,0,10,0.0
blum,0,10,10,1.0
pastur,5,5,10,0.5
ctrl,3,7,10,0.7
rishad,10,0,10,0.0
electrolysi,0,10,10,1.0
giuliani,10,0,10,0.0
armco,0,10,10,1.0
maxmoolah,0,10,10,1.0
chey,0,10,10,1.0
stagi,0,10,10,1.0
shandong,0,10,10,1.0
michelson,0,10,10,1.0
tsang,2,8,10,0.8
irismmack,10,0,10,0.0
khoja,10,0,10,0.0
spitfir,0,10,10,1.0
organizar,0,10,10,1.0
inga,9,1,10,0.1
peebl,10,0,10,0.0
litt,4,6,10,0.6
restaurateur,0,10,10,1.0
droplet,0,10,10,1.0
birdlik,0,10,10,1.0
fbgo,0,10,10,1.0
backhaul,10,0,10,0.0
bullwhack,0,10,10,1.0
estudiant,0,10,10,1.0
cosmopolitan,1,9,10,0.9
coor,1,9,10,0.9
yj,2,8,10,0.8
indefens,3,7,10,0.7
buxton,0,10,10,1.0
baseband,0,10,10,1.0
rsausa,10,0,10,0.0
llgm,10,0,10,0.0
ssi,1,9,10,0.9
mypersonalnirvana,0,10,10,1.0
contralto,0,10,10,1.0
furiou,5,5,10,0.5
contemporan,1,9,10,0.9
catti,0,10,10,1.0
stuckey,10,0,10,0.0
chuzzl,0,10,10,1.0
marian,8,2,10,0.2
vertex,0,10,10,1.0
bigelow,1,9,10,0.9
roswel,8,2,10,0.2
wirelessiy,0,10,10,1.0
egocentr,0,10,10,1.0
traine,4,6,10,0.6
overshadow,9,1,10,0.1
prognost,1,9,10,0.9
broomfield,10,0,10,0.0
pantri,0,10,10,1.0
zb,0,10,10,1.0
netwar,10,0,10,0.0
anto,0,10,10,1.0
muench,10,0,10,0.0
runaway,1,9,10,0.9
appliqu,0,10,10,1.0
rcvd,0,10,10,1.0
dunbar,4,6,10,0.6
cranberri,1,9,10,0.9
minnow,3,7,10,0.7
contravari,0,10,10,1.0
loth,0,10,10,1.0
digwe,0,10,10,1.0
solicitar,0,10,10,1.0
formica,0,10,10,1.0
hopper,6,4,10,0.4
rotterdam,6,4,10,0.4
bulblet,0,10,10,1.0
eclect,0,10,10,1.0
dirichlet,0,10,10,1.0
sidearm,0,10,10,1.0
midrang,0,10,10,1.0
cameroun,0,10,10,1.0
flue,0,10,10,1.0
celi,0,10,10,1.0
playa,1,9,10,0.9
thyroid,0,10,10,1.0
aficionado,0,10,10,1.0
kponton,10,0,10,0.0
diffractomet,0,10,10,1.0
baro,0,10,10,1.0
gangplank,0,10,10,1.0
bil,9,1,10,0.1
stamm,10,0,10,0.0
destinatair,6,4,10,0.4
celular,0,10,10,1.0
agricola,0,10,10,1.0
discours,2,8,10,0.8
depred,0,10,10,1.0
febrero,0,10,10,1.0
cacm,0,10,10,1.0
beefsteak,0,10,10,1.0
uproot,0,10,10,1.0
monoton,1,9,10,0.9
blennioid,0,10,10,1.0
silica,4,6,10,0.6
queu,5,5,10,0.5
medial,0,10,10,1.0
moron,0,10,10,1.0
hec,8,2,10,0.2
urjc,0,10,10,1.0
greeter,10,0,10,0.0
yaeger,10,0,10,0.0
cornet,0,10,10,1.0
shalwar,0,10,10,1.0
atreu,0,10,10,1.0
selbst,0,10,10,1.0
wesner,10,0,10,0.0
governmenta,0,10,10,1.0
basetel,0,10,10,1.0
combiplay,0,10,10,1.0
technew,0,10,10,1.0
desecr,0,10,10,1.0
hamlet,0,10,10,1.0
scabbard,0,10,10,1.0
goodwin,1,9,10,0.9
gatwick,10,0,10,0.0
calidad,0,10,10,1.0
walaa,0,10,10,1.0
jeep,1,9,10,0.9
jot,7,3,10,0.3
netcom,10,0,10,0.0
comello,10,0,10,0.0
featherweight,0,10,10,1.0
cameo,1,9,10,0.9
typifi,1,9,10,0.9
gastineau,10,0,10,0.0
knott,7,3,10,0.3
kemm,10,0,10,0.0
qkerr,10,0,10,0.0
campus,9,1,10,0.1
battalion,0,10,10,1.0
pecan,3,7,10,0.7
chelat,0,10,10,1.0
calumet,0,10,10,1.0
contractua,0,10,10,1.0
searchiengin,0,10,10,1.0
golli,3,7,10,0.7
cayley,0,10,10,1.0
seyo,0,10,10,1.0
scapegoat,4,6,10,0.6
shorthand,1,9,10,0.9
wondrou,0,10,10,1.0
lebanes,0,10,10,1.0
splinteri,0,10,10,1.0
sightse,1,9,10,0.9
abierta,0,10,10,1.0
purifi,2,8,10,0.8
orangutan,0,10,10,1.0
alimani,0,10,10,1.0
ossi,0,10,10,1.0
dtl,10,0,10,0.0
beltway,10,0,10,0.0
pillmong,0,10,10,1.0
spectrasensor,0,10,10,1.0
defec,0,10,10,1.0
adi,1,9,10,0.9
chomp,0,10,10,1.0
caseyvil,0,10,10,1.0
neckti,0,10,10,1.0
lotteria,0,10,10,1.0
enertel,0,10,10,1.0
berenson,10,0,10,0.0
ratif,9,1,10,0.1
bothwel,10,0,10,0.0
standardandpoor,10,0,10,0.0
tti,0,10,10,1.0
bridgehead,0,10,10,1.0
meticul,4,6,10,0.6
teesid,10,0,10,0.0
mastectomi,0,10,10,1.0
houstonstreet,10,0,10,0.0
molina,0,10,10,1.0
otani,10,0,10,0.0
cardioid,0,10,10,1.0
deconvolv,0,10,10,1.0
almedz,0,10,10,1.0
ferment,0,10,10,1.0
peyron,0,10,10,1.0
ightn,0,10,10,1.0
metamorphos,2,8,10,0.8
cov,10,0,10,0.0
piss,5,5,10,0.5
pictori,2,8,10,0.8
miiitari,0,10,10,1.0
kindl,1,9,10,0.9
gangster,0,10,10,1.0
underdog,6,4,10,0.4
mnima,0,10,10,1.0
canoscan,0,10,10,1.0
mariticid,0,10,10,1.0
viagraa,0,10,10,1.0
prodig,0,10,10,1.0
slaughterhous,0,10,10,1.0
toodl,0,10,10,1.0
steward,2,8,10,0.8
auma,10,0,10,0.0
ulcer,0,10,10,1.0
cockroach,3,7,10,0.7
brxp,0,10,10,1.0
emend,0,10,10,1.0
cantl,0,10,10,1.0
filibust,0,10,10,1.0
housework,1,9,10,0.9
numb,2,8,10,0.8
malfunct,5,5,10,0.5
savannah,5,5,10,0.5
rawmnv,0,10,10,1.0
collinear,0,10,10,1.0
militar,0,10,10,1.0
weightbuild,0,10,10,1.0
evisp,0,10,10,1.0
qp,0,10,10,1.0
charisma,0,10,10,1.0
breakpoint,3,7,10,0.7
amper,0,10,10,1.0
bloodhound,0,10,10,1.0
backboard,0,10,10,1.0
salami,0,10,10,1.0
troch,10,0,10,0.0
utica,0,10,10,1.0
equatori,1,9,10,0.9
elmhurst,0,10,10,1.0
propuesta,0,10,10,1.0
probationari,10,0,10,0.0
cardroom,0,10,10,1.0
verdict,4,6,10,0.6
untold,7,3,10,0.3
mina,9,1,10,0.1
offlet,0,10,10,1.0
admitt,0,10,10,1.0
autopsi,1,9,10,0.9
abqqw,0,10,10,1.0
vendetta,0,10,10,1.0
muriel,6,4,10,0.4
bismarck,0,10,10,1.0
spew,2,8,10,0.8
minimis,10,0,10,0.0
alfresco,0,10,10,1.0
rhapsod,3,7,10,0.7
scrupl,0,10,10,1.0
thereund,8,2,10,0.2
alluvi,0,10,10,1.0
browni,1,9,10,0.9
goeth,0,10,10,1.0
marron,10,0,10,0.0
coccerin,0,10,10,1.0
blomquist,0,10,10,1.0
cowslip,0,10,10,1.0
sushi,3,7,10,0.7
southernpol,0,10,10,1.0
massand,0,10,10,1.0
markedli,10,0,10,0.0
emascul,0,10,10,1.0
cipa,0,10,10,1.0
sunscreen,0,10,10,1.0
threesom,0,10,10,1.0
ptufano,10,0,10,0.0
kane,3,7,10,0.7
bibb,0,10,10,1.0
designshop,10,0,10,0.0
sampson,3,7,10,0.7
youour,0,10,10,1.0
catbird,0,10,10,1.0
sofa,4,6,10,0.6
cooney,10,0,10,0.0
mayher,10,0,10,0.0
scrawni,0,10,10,1.0
bhex,0,10,10,1.0
comercial,0,10,10,1.0
ctaee,10,0,10,0.0
ambush,0,10,10,1.0
personel,4,6,10,0.6
jackboot,0,10,10,1.0
winton,0,10,10,1.0
wig,0,10,10,1.0
beribbon,0,10,10,1.0
additon,9,1,10,0.1
corrobore,0,10,10,1.0
stash,0,10,10,1.0
femin,0,10,10,1.0
cityscap,0,10,10,1.0
moloss,0,10,10,1.0
pummel,6,4,10,0.4
troubh,10,0,10,0.0
ibl,0,10,10,1.0
gx,3,7,10,0.7
semihard,0,10,10,1.0
psicologia,0,10,10,1.0
breviti,0,10,10,1.0
feki,0,10,10,1.0
pigskin,0,10,10,1.0
catalysi,0,10,10,1.0
eeri,1,9,10,0.9
delinea,0,10,10,1.0
pancho,0,10,10,1.0
tse,6,4,10,0.4
veriti,1,9,10,0.9
scotiabank,0,10,10,1.0
msmail,2,8,10,0.8
concav,0,10,10,1.0
chinatown,0,10,10,1.0
cardiolog,0,10,10,1.0
anamorph,0,10,10,1.0
verlfi,0,10,10,1.0
sonnet,0,10,10,1.0
nevv,0,10,10,1.0
fisk,1,9,10,0.9
unconsci,1,9,10,0.9
latenc,6,4,10,0.4
squishi,0,10,10,1.0
margeri,0,10,10,1.0
bellboy,0,10,10,1.0
danub,0,10,10,1.0
trent,6,4,10,0.4
igreja,0,10,10,1.0
fiash,0,10,10,1.0
profan,1,9,10,0.9
coextens,0,10,10,1.0
já,0,10,10,1.0
bismark,0,10,10,1.0
hock,5,5,10,0.5
changeov,4,6,10,0.6
kahl,8,2,10,0.2
ariv,0,10,10,1.0
blackfeet,0,10,10,1.0
schomer,10,0,10,0.0
schenck,10,0,10,0.0
panti,0,10,10,1.0
cdsnet,0,10,10,1.0
quadrangular,0,10,10,1.0
bergland,0,10,10,1.0
reconnaiss,2,8,10,0.8
pbl,1,9,10,0.9
dragoon,0,10,10,1.0
agleam,0,10,10,1.0
sami,8,2,10,0.2
balletoman,0,10,10,1.0
poultri,2,8,10,0.8
supereva,0,10,10,1.0
hyvl,10,0,10,0.0
letl,0,10,10,1.0
briberi,1,9,10,0.9
pittsburg,1,9,10,0.9
chinchilla,0,10,10,1.0
freefal,10,0,10,0.0
affric,0,10,10,1.0
naiveti,0,10,10,1.0
aj,0,10,10,1.0
biennium,0,10,10,1.0
bij,0,10,10,1.0
effer,0,10,10,1.0
proddl,0,10,10,1.0
susann,4,6,10,0.6
rxrock,0,10,10,1.0
egot,0,10,10,1.0
ksign,0,10,10,1.0
donreidl,10,0,10,0.0
riva,8,2,10,0.2
geneviev,0,10,10,1.0
eyewit,1,9,10,0.9
dioxin,0,10,10,1.0
zelfstandig,0,10,10,1.0
disciplinarian,0,10,10,1.0
national,1,9,10,0.9
circumcircl,0,10,10,1.0
ribeiro,9,1,10,0.1
gunsl,0,10,10,1.0
pharmshop,0,10,10,1.0
posibilidad,0,10,10,1.0
pantheon,0,10,10,1.0
apparantli,10,0,10,0.0
heartbeat,3,7,10,0.7
tq,2,8,10,0.8
misha,6,4,10,0.4
allegretti,10,0,10,0.0
resourcestock,0,10,10,1.0
intellect,0,10,10,1.0
yamin,10,0,10,0.0
mth,6,4,10,0.4
uscard,0,10,10,1.0
psu,9,1,10,0.1
sling,1,9,10,0.9
oversaw,10,0,10,0.0
stt,1,9,10,0.9
fergu,8,2,10,0.2
archdioces,0,10,10,1.0
menor,0,10,10,1.0
adem,1,9,10,0.9
miki,1,9,10,0.9
brandarama,0,10,10,1.0
dorothea,3,7,10,0.7
hannib,0,10,10,1.0
rnoney,0,10,10,1.0
fulfiil,0,10,10,1.0
polach,10,0,10,0.0
rehears,1,9,10,0.9
massif,0,10,10,1.0
bze,0,10,10,1.0
gnome,4,6,10,0.6
tilghman,10,0,10,0.0
laymen,4,6,10,0.6
aenea,0,10,10,1.0
bpd,4,6,10,0.6
giver,2,8,10,0.8
lambino,0,10,10,1.0
repositori,5,5,10,0.5
clinician,0,10,10,1.0
ait,1,9,10,0.9
oin,0,10,10,1.0
vecchio,10,0,10,0.0
soopang,10,0,10,0.0
earthmen,0,10,10,1.0
pelvi,0,10,10,1.0
cubicl,9,1,10,0.1
aureliu,0,10,10,1.0
monad,0,10,10,1.0
hymn,0,10,10,1.0
standart,0,10,10,1.0
bitterli,7,3,10,0.3
ammoniac,0,10,10,1.0
monsieur,0,10,10,1.0
bearer,7,3,10,0.3
cashaw,0,10,10,1.0
chattel,0,10,10,1.0
heft,0,10,10,1.0
oko,0,10,10,1.0
pharmsh,0,10,10,1.0
spciaux,0,10,10,1.0
embellish,1,9,10,0.9
tillison,10,0,10,0.0
leedervil,0,10,10,1.0
adjud,2,8,10,0.8
madonna,0,10,10,1.0
allegro,0,10,10,1.0
limpid,0,10,10,1.0
deuc,0,10,10,1.0
wilk,3,7,10,0.7
nutat,0,10,10,1.0
napkin,0,10,10,1.0
anabol,0,10,10,1.0
erg,4,6,10,0.6
kpaakaula,10,0,10,0.0
selzer,10,0,10,0.0
aboveground,0,10,10,1.0
ramaswami,10,0,10,0.0
jostl,0,10,10,1.0
malpractic,4,6,10,0.6
visag,0,10,10,1.0
pelvic,0,10,10,1.0
citru,0,10,10,1.0
hanagriff,10,0,10,0.0
latham,10,0,10,0.0
hangar,6,4,10,0.4
ggo,0,10,10,1.0
curlew,0,10,10,1.0
ethylen,5,5,10,0.5
bromfield,0,10,10,1.0
diaphan,0,10,10,1.0
kosten,0,10,10,1.0
brini,0,10,10,1.0
vocabulari,3,7,10,0.7
bookshelv,0,10,10,1.0
catabol,0,10,10,1.0
cheapli,4,6,10,0.6
badger,0,10,10,1.0
ingeni,0,10,10,1.0
paneiiz,0,10,10,1.0
penuri,0,10,10,1.0
aroma,0,10,10,1.0
granni,0,10,10,1.0
foal,0,10,10,1.0
upsw,0,10,10,1.0
bygon,0,10,10,1.0
quench,0,10,10,1.0
arenac,0,10,10,1.0
tediou,1,9,10,0.9
seafood,2,8,10,0.8
chromosom,0,10,10,1.0
eunet,0,10,10,1.0
sammi,2,8,10,0.8
nwpl,10,0,10,0.0
securitis,10,0,10,0.0
cyclad,0,10,10,1.0
botswana,0,10,10,1.0
algal,0,10,10,1.0
karim,7,3,10,0.3
mink,0,10,10,1.0
cheapsoft,0,10,10,1.0
chivalr,0,10,10,1.0
tabu,0,10,10,1.0
edson,10,0,10,0.0
spectron,10,0,10,0.0
turori,0,10,10,1.0
knippa,10,0,10,0.0
codeiln,0,10,10,1.0
scourg,0,10,10,1.0
fh,2,8,10,0.8
bacillu,0,10,10,1.0
scuffl,0,10,10,1.0
malwar,0,10,10,1.0
qv,6,4,10,0.4
pax,1,9,10,0.9
apyras,0,10,10,1.0
zeehaven,0,10,10,1.0
admerch,0,10,10,1.0
trio,4,6,10,0.6
scalp,0,10,10,1.0
mxserver,0,10,10,1.0
zeman,10,0,10,0.0
adject,1,9,10,0.9
commissari,0,10,10,1.0
ambival,0,10,10,1.0
lni,0,10,10,1.0
funk,4,6,10,0.6
desiderata,0,10,10,1.0
rg,0,10,10,1.0
hieroglyph,0,10,10,1.0
domicilio,0,10,10,1.0
kontakt,5,5,10,0.5
gough,10,0,10,0.0
aptitud,1,9,10,0.9
xv,0,10,10,1.0
righteou,0,10,10,1.0
archbishop,0,10,10,1.0
cavalri,0,10,10,1.0
mettlesom,0,10,10,1.0
corduroy,0,10,10,1.0
sike,8,2,10,0.2
woefulli,10,0,10,0.0
ecm,10,0,10,0.0
fel,9,1,10,0.1
knot,2,8,10,0.8
affus,0,10,10,1.0
aquascutum,0,10,10,1.0
almanac,0,10,10,1.0
nielsen,5,5,10,0.5
acuiti,0,10,10,1.0
kase,10,0,10,0.0
phenylalanin,0,10,10,1.0
sensori,0,10,10,1.0
haulag,0,10,10,1.0
hocu,0,10,10,1.0
munoz,7,3,10,0.3
contrapt,1,9,10,0.9
inexplicit,0,10,10,1.0
eskimo,0,10,10,1.0
hurwitz,2,8,10,0.8
resubmit,8,2,10,0.2
bemus,0,10,10,1.0
camelback,0,10,10,1.0
puf,5,5,10,0.5
babyhood,0,10,10,1.0
daemon,0,10,10,1.0
laird,10,0,10,0.0
blackman,0,10,10,1.0
matriarch,0,10,10,1.0
gtsak,0,10,10,1.0
bacchu,2,8,10,0.8
winchest,0,10,10,1.0
flown,5,5,10,0.5
bivin,10,0,10,0.0
oilshal,0,10,10,1.0
yq,0,10,10,1.0
raiser,9,1,10,0.1
thwart,6,4,10,0.4
byer,1,9,10,0.9
demetrio,10,0,10,0.0
puccini,0,10,10,1.0
halifax,0,10,10,1.0
porfirio,0,10,10,1.0
cinder,0,10,10,1.0
neufeld,10,0,10,0.0
admix,0,10,10,1.0
mercilessli,0,10,10,1.0
cliickk,0,10,10,1.0
sinus,0,10,10,1.0
partl,0,10,10,1.0
tribal,3,7,10,0.7
rpo,10,0,10,0.0
wjjzz,0,10,10,1.0
frankmul,0,10,10,1.0
lmg,0,10,10,1.0
probatria,0,10,10,1.0
gremlin,0,10,10,1.0
farthest,2,8,10,0.8
taoist,0,10,10,1.0
curricula,0,10,10,1.0
screwbal,0,10,10,1.0
pretext,5,5,10,0.5
burney,0,10,10,1.0
biaxial,0,10,10,1.0
steph,2,8,10,0.8
cockatoo,0,10,10,1.0
genoil,10,0,10,0.0
superintend,2,8,10,0.8
rotor,4,6,10,0.6
bractiv,0,10,10,1.0
basilisk,0,10,10,1.0
trk,1,9,10,0.9
¥,0,10,10,1.0
bask,3,7,10,0.7
melvin,2,8,10,0.8
essentia,0,10,10,1.0
gash,0,10,10,1.0
creditcard,0,10,10,1.0
versen,10,0,10,0.0
fungu,0,10,10,1.0
easygo,0,10,10,1.0
squeak,5,5,10,0.5
lethal,2,8,10,0.8
masoch,0,10,10,1.0
wimberley,10,0,10,0.0
scant,6,4,10,0.4
cloy,0,10,10,1.0
farina,3,7,10,0.7
dziekuj,10,0,10,0.0
smolder,3,7,10,0.7
finn,0,10,10,1.0
bluet,0,10,10,1.0
aplica,0,10,10,1.0
quaint,3,7,10,0.7
opf,10,0,10,0.0
bitran,10,0,10,0.0
beasti,0,10,10,1.0
grandstand,2,8,10,0.8
lanquag,0,10,10,1.0
cerisoli,10,0,10,0.0
sloppi,5,5,10,0.5
aminobenzo,0,10,10,1.0
paraffin,0,10,10,1.0
scoria,0,10,10,1.0
deaco,0,10,10,1.0
imprim,0,10,10,1.0
quadrillion,0,10,10,1.0
biennial,1,9,10,0.9
clickathomepilot,10,0,10,0.0
mehrer,10,0,10,0.0
dal,7,3,10,0.3
candelabra,0,10,10,1.0
reconstitut,5,5,10,0.5
iodin,0,10,10,1.0
cowpea,0,10,10,1.0
condition,7,3,10,0.3
marcel,1,9,10,0.9
mccubbin,10,0,10,0.0
winmail,10,0,10,0.0
conjugaci,0,10,10,1.0
hyperboloid,0,10,10,1.0
metallurgist,2,8,10,0.8
stray,5,5,10,0.5
pvoa,0,10,10,1.0
noticia,0,10,10,1.0
lamay,10,0,10,0.0
música,0,10,10,1.0
mideast,10,0,10,0.0
adposit,0,10,10,1.0
,0,10,10,1.0
biomiracl,0,10,10,1.0
maier,0,10,10,1.0
zeal,1,9,10,0.9
viern,0,10,10,1.0
leviticu,0,10,10,1.0
johansen,6,4,10,0.4
shopkeep,0,10,10,1.0
indisput,3,7,10,0.7
hoopitup,10,0,10,0.0
reclassif,10,0,10,0.0
janissari,0,10,10,1.0
airedal,0,10,10,1.0
vaigra,0,10,10,1.0
centertrtdfont,0,10,10,1.0
refocu,8,2,10,0.2
proclam,4,6,10,0.6
englewood,1,9,10,0.9
nugatori,0,10,10,1.0
stratospher,5,5,10,0.5
wtx,10,0,10,0.0
delirium,0,10,10,1.0
empresari,0,10,10,1.0
nip,1,9,10,0.9
doubleday,0,10,10,1.0
methuen,1,9,10,0.9
upshot,3,7,10,0.7
norwich,0,10,10,1.0
catnip,0,10,10,1.0
squash,0,10,10,1.0
lce,0,10,10,1.0
commendatori,0,10,10,1.0
petal,0,10,10,1.0
reno,4,6,10,0.6
agatha,2,8,10,0.8
gratuito,0,10,10,1.0
dieldrin,0,10,10,1.0
dorset,1,9,10,0.9
srx,0,10,10,1.0
supraexpress,0,10,10,1.0
blockad,0,10,10,1.0
coneflow,0,10,10,1.0
precipic,1,9,10,0.9
travesti,1,9,10,0.9
bawdi,0,10,10,1.0
tailspin,8,2,10,0.2
domainsforeveryon,0,10,10,1.0
sttatmentt,0,10,10,1.0
fascicl,0,10,10,1.0
seraphim,0,10,10,1.0
biltmor,0,10,10,1.0
economa,0,10,10,1.0
curtsey,0,10,10,1.0
embaras,0,10,10,1.0
cattleman,0,10,10,1.0
libya,0,10,10,1.0
rtu,10,0,10,0.0
blemish,0,10,10,1.0
snsta,0,10,10,1.0
ackley,0,10,10,1.0
aisl,1,9,10,0.9
auspici,0,10,10,1.0
devote,1,9,10,0.9
annunci,0,10,10,1.0
ashland,4,6,10,0.6
tasmania,4,6,10,0.6
plume,0,10,10,1.0
mariano,8,2,10,0.2
vkiagra,0,10,10,1.0
startech,10,0,10,0.0
chipboard,0,10,10,1.0
poco,0,10,10,1.0
jazzfest,10,0,10,0.0
workord,10,0,10,0.0
scem,10,0,10,0.0
chinch,0,10,10,1.0
hommel,10,0,10,0.0
growthwrinkl,0,10,10,1.0
edm,9,1,10,0.1
contabilidad,0,10,10,1.0
flora,0,10,10,1.0
motherless,0,10,10,1.0
caucasu,1,9,10,0.9
paakaula,10,0,10,0.0
lockwood,3,7,10,0.7
parenthet,4,6,10,0.6
pessimum,0,10,10,1.0
creosot,0,10,10,1.0
livr,0,10,10,1.0
boob,1,9,10,0.9
baronet,0,10,10,1.0
usn,1,9,10,0.9
cunt,0,10,10,1.0
showsforeveryon,0,10,10,1.0
thm,0,10,10,1.0
nortelnetwork,10,0,10,0.0
lz,3,7,10,0.7
biddabl,0,10,10,1.0
slough,2,8,10,0.8
desultori,0,10,10,1.0
baubl,0,10,10,1.0
visagraph,0,10,10,1.0
caja,0,10,10,1.0
addressograph,0,10,10,1.0
vlida,0,10,10,1.0
fumig,0,10,10,1.0
electret,0,10,10,1.0
romero,4,6,10,0.6
chloralformamid,0,10,10,1.0
belfer,10,0,10,0.0
tucker,8,2,10,0.2
dessic,0,10,10,1.0
hauler,10,0,10,0.0
shoofli,0,10,10,1.0
vallium,0,10,10,1.0
culinari,0,10,10,1.0
daffodil,0,10,10,1.0
mundial,0,10,10,1.0
knuckl,0,10,10,1.0
calend,9,1,10,0.1
tage,8,2,10,0.2
fayettevil,0,10,10,1.0
pitr,10,0,10,0.0
ucr,0,10,10,1.0
vattenfal,10,0,10,0.0
ote,7,3,10,0.3
compl,2,8,10,0.8
thay,1,9,10,0.9
cheekbon,3,7,10,0.7
expressway,3,7,10,0.7
centrex,1,9,10,0.9
depui,0,10,10,1.0
binocyl,0,10,10,1.0
transatlant,7,3,10,0.3
dere,0,10,10,1.0
slurri,3,7,10,0.7
selam,0,10,10,1.0
concuss,0,10,10,1.0
boni,0,10,10,1.0
shuler,10,0,10,0.0
centrix,0,10,10,1.0
outlay,2,8,10,0.8
lkunkel,10,0,10,0.0
runti,0,10,10,1.0
thicket,4,6,10,0.6
wolfin,10,0,10,0.0
additionaili,0,10,10,1.0
geochem,0,10,10,1.0
crawlspac,0,10,10,1.0
grit,2,8,10,0.8
excuria,0,10,10,1.0
peacemak,1,9,10,0.9
gtha,0,10,10,1.0
faso,0,10,10,1.0
propia,0,10,10,1.0
mccartney,10,0,10,0.0
deflect,5,5,10,0.5
warfar,3,7,10,0.7
aud,7,3,10,0.3
footstep,1,9,10,0.9
safest,4,6,10,0.6
curit,0,10,10,1.0
limperi,10,0,10,0.0
skinnew,0,10,10,1.0
cassiopay,0,10,10,1.0
cvrkamat,10,0,10,0.0
rubbish,1,9,10,0.9
surplus,10,0,10,0.0
inextric,2,8,10,0.8
redman,10,0,10,0.0
lineup,2,8,10,0.8
aeolian,0,10,10,1.0
deixar,0,10,10,1.0
uruguay,0,10,10,1.0
barrick,2,8,10,0.8
malt,0,10,10,1.0
actualizada,0,10,10,1.0
anaglyph,0,10,10,1.0
skygen,10,0,10,0.0
chordata,0,10,10,1.0
ute,2,8,10,0.8
mommi,2,8,10,0.8
arequipa,0,10,10,1.0
stormi,1,9,10,0.9
torqu,2,8,10,0.8
eater,1,9,10,0.9
epstein,6,4,10,0.4
hsr,10,0,10,0.0
avea,0,10,10,1.0
pancak,1,9,10,0.9
axolotl,0,10,10,1.0
margarin,0,10,10,1.0
nurseri,0,10,10,1.0
cdrwl,0,10,10,1.0
debonair,0,10,10,1.0
mundan,1,9,10,0.9
afoul,1,9,10,0.9
gettin,1,9,10,0.9
woww,0,10,10,1.0
tablebrt,0,10,10,1.0
interneci,0,10,10,1.0
cinemaelectr,0,10,10,1.0
slb,3,7,10,0.7
bulg,2,8,10,0.8
ihrem,0,10,10,1.0
arp,9,1,10,0.1
conrail,0,10,10,1.0
getnow,0,10,10,1.0
basepl,0,10,10,1.0
cleavag,0,10,10,1.0
attitudin,0,10,10,1.0
cavalcad,0,10,10,1.0
isochron,0,10,10,1.0
southflow,10,0,10,0.0
brrate,0,10,10,1.0
título,0,10,10,1.0
chimer,0,10,10,1.0
artistri,0,10,10,1.0
consular,0,10,10,1.0
solon,7,3,10,0.3
falbaum,10,0,10,0.0
vandor,10,0,10,0.0
azmin,10,0,10,0.0
bloxz,0,10,10,1.0
brice,2,8,10,0.8
impal,0,10,10,1.0
skg,10,0,10,0.0
arum,0,10,10,1.0
sonor,0,10,10,1.0
polaron,0,10,10,1.0
deari,0,10,10,1.0
cantu,8,2,10,0.2
gsc,1,9,10,0.9
ceylon,0,10,10,1.0
ordr,0,10,10,1.0
casework,0,10,10,1.0
permeabl,0,10,10,1.0
expositor,0,10,10,1.0
patriarch,0,10,10,1.0
protea,0,10,10,1.0
resuppli,10,0,10,0.0
girli,0,10,10,1.0
largess,3,7,10,0.7
arcana,0,10,10,1.0
idb,10,0,10,0.0
enserco,10,0,10,0.0
ninefold,0,10,10,1.0
deaden,0,10,10,1.0
reflux,0,10,10,1.0
legato,6,4,10,0.4
vicen,10,0,10,0.0
mecei,0,10,10,1.0
hailston,0,10,10,1.0
disintegr,8,2,10,0.2
actinomet,0,10,10,1.0
samir,10,0,10,0.0
danilov,10,0,10,0.0
deniabl,0,10,10,1.0
clammi,0,10,10,1.0
ariallisav,0,10,10,1.0
thenc,0,10,10,1.0
tso,9,1,10,0.1
mona,2,8,10,0.8
wcast,0,10,10,1.0
affordabi,0,10,10,1.0
synerg,0,10,10,1.0
olivia,0,10,10,1.0
catalpa,0,10,10,1.0
feud,3,7,10,0.7
tablebrbrfont,0,10,10,1.0
friski,0,10,10,1.0
bissau,0,10,10,1.0
gpu,10,0,10,0.0
interoper,6,4,10,0.4
lumen,0,10,10,1.0
elys,10,0,10,0.0
hester,2,8,10,0.8
perminantli,0,10,10,1.0
temporali,0,10,10,1.0
mikael,1,9,10,0.9
austenit,0,10,10,1.0
lifework,10,0,10,0.0
henrietta,1,9,10,0.9
dignitari,0,10,10,1.0
bevi,1,9,10,0.9
unconsolid,10,0,10,0.0
descart,0,10,10,1.0
crematori,0,10,10,1.0
shortnam,10,0,10,0.0
enlac,0,10,10,1.0
murtagh,10,0,10,0.0
morbid,1,9,10,0.9
jerom,3,7,10,0.7
partialiy,0,10,10,1.0
wininstal,10,0,10,0.0
gilda,5,5,10,0.5
rdlook,0,10,10,1.0
heyday,3,7,10,0.7
admonish,1,9,10,0.9
siphoniform,0,10,10,1.0
unnecessarili,9,1,10,0.1
soleil,4,6,10,0.6
rockki,0,10,10,1.0
descripción,0,10,10,1.0
faust,0,10,10,1.0
tholen,10,0,10,0.0
incipi,0,10,10,1.0
bondsman,0,10,10,1.0
silag,0,10,10,1.0
shudder,2,8,10,0.8
edgewis,0,10,10,1.0
conscious,2,8,10,0.8
boxi,0,10,10,1.0
menatep,0,10,10,1.0
dlgg,0,10,10,1.0
craw,0,10,10,1.0
automatisch,0,10,10,1.0
cobbleston,0,10,10,1.0
verisign,4,6,10,0.6
drawdown,6,4,10,0.4
sparki,0,10,10,1.0
posibl,0,10,10,1.0
jaunti,3,7,10,0.7
zmedabsd,0,10,10,1.0
cloven,0,10,10,1.0
mistakenli,9,1,10,0.1
htmlview,0,10,10,1.0
steril,1,9,10,0.9
apparit,0,10,10,1.0
hobart,2,8,10,0.8
bolin,10,0,10,0.0
wherewith,1,9,10,0.9
chordat,0,10,10,1.0
pagar,0,10,10,1.0
pavann,0,10,10,1.0
inexplic,2,8,10,0.8
viva,0,10,10,1.0
billet,0,10,10,1.0
yao,8,2,10,0.2
zine,1,9,10,0.9
incorrupt,0,10,10,1.0
tetra,0,10,10,1.0
lastest,7,3,10,0.3
mediant,0,10,10,1.0
farmington,2,8,10,0.8
homebuiid,0,10,10,1.0
uba,0,10,10,1.0
philli,8,2,10,0.2
nietzsch,0,10,10,1.0
bronchiti,0,10,10,1.0
preparatori,1,9,10,0.9
qwip,0,10,10,1.0
convok,0,10,10,1.0
zs,0,10,10,1.0
mackay,9,1,10,0.1
encontrar,1,9,10,0.9
greer,4,6,10,0.6
epsl,0,10,10,1.0
bellyful,0,10,10,1.0
iijourn,10,0,10,0.0
fgc,0,10,10,1.0
ime,0,10,10,1.0
chartroom,0,10,10,1.0
nettl,1,9,10,0.9
ruler,0,10,10,1.0
ý,0,10,10,1.0
metlif,10,0,10,0.0
breakthru,0,10,10,1.0
zl,8,2,10,0.2
serbia,1,9,10,0.9
katonah,0,10,10,1.0
sarabeth,10,0,10,0.0
coveral,0,10,10,1.0
idiom,2,8,10,0.8
dreg,0,10,10,1.0
timeiy,0,10,10,1.0
poincar,0,10,10,1.0
boldfac,0,10,10,1.0
mcclendon,10,0,10,0.0
muss,0,10,10,1.0
wakeup,1,9,10,0.9
bede,9,1,10,0.1
belgrad,0,10,10,1.0
beauteou,0,10,10,1.0
angelfish,0,10,10,1.0
hebrew,1,9,10,0.9
antithet,0,10,10,1.0
sonni,1,9,10,0.9
ldnl,0,10,10,1.0
elop,0,10,10,1.0
vend,2,8,10,0.8
jealousi,0,10,10,1.0
arialcenterclick,0,10,10,1.0
icbi,9,1,10,0.1
alumina,0,10,10,1.0
dearest,0,10,10,1.0
celandin,0,10,10,1.0
corbel,0,10,10,1.0
chant,0,10,10,1.0
handcuff,1,9,10,0.9
impregn,0,10,10,1.0
promiga,10,0,10,0.0
backd,0,10,10,1.0
aspartyl,0,10,10,1.0
maill,4,6,10,0.6
leit,10,0,10,0.0
acrobaci,0,10,10,1.0
capacitacin,0,10,10,1.0
centripet,0,10,10,1.0
abod,0,10,10,1.0
latex,3,7,10,0.7
soothsay,1,9,10,0.9
obstetr,1,9,10,0.9
limitado,0,10,10,1.0
epiphani,3,7,10,0.7
briton,3,7,10,0.7
yann,10,0,10,0.0
magician,2,8,10,0.8
bewhisk,0,10,10,1.0
atrophi,1,9,10,0.9
tannogen,0,10,10,1.0
hetzel,10,0,10,0.0
bernhard,0,10,10,1.0
depelchin,10,0,10,0.0
sung,4,6,10,0.6
estuarin,0,10,10,1.0
drowsi,0,10,10,1.0
machleit,10,0,10,0.0
jdf,10,0,10,0.0
dumbbel,1,9,10,0.9
ifestyi,0,10,10,1.0
declaim,0,10,10,1.0
bronchial,0,10,10,1.0
sloman,10,0,10,0.0
johanson,7,3,10,0.3
moola,0,10,10,1.0
constip,0,10,10,1.0
conquistador,0,10,10,1.0
wema,0,10,10,1.0
ayh,0,10,10,1.0
myrtl,0,10,10,1.0
honorari,2,8,10,0.8
arber,10,0,10,0.0
atalanta,0,10,10,1.0
everest,10,0,10,0.0
appanag,0,10,10,1.0
harrel,9,1,10,0.1
hsa,0,10,10,1.0
benign,3,7,10,0.7
jegarajah,10,0,10,0.0
reguiar,0,10,10,1.0
redact,4,6,10,0.6
paragon,6,4,10,0.4
ingstad,10,0,10,0.0
bumbl,0,10,10,1.0
clu,6,4,10,0.4
spud,3,7,10,0.7
preillumin,0,10,10,1.0
inj,0,10,10,1.0
streak,4,6,10,0.6
emissari,0,9,9,1.0
ë,0,9,9,1.0
cigna,9,0,9,0.0
dung,0,9,9,1.0
jillian,7,2,9,0.222
crockeri,0,9,9,1.0
mekong,1,8,9,0.889
cauca,0,9,9,1.0
tica,0,9,9,1.0
lummox,0,9,9,1.0
besmirch,1,8,9,0.889
henley,4,5,9,0.556
incauti,0,9,9,1.0
darfur,0,9,9,1.0
edifi,0,9,9,1.0
playth,0,9,9,1.0
iorefi,0,9,9,1.0
bhoy,0,9,9,1.0
dunedin,0,9,9,1.0
concessionair,0,9,9,1.0
solemn,1,8,9,0.889
liquefact,2,7,9,0.778
hager,0,9,9,1.0
felicit,0,9,9,1.0
chlorat,0,9,9,1.0
été,0,9,9,1.0
rial,0,9,9,1.0
radou,9,0,9,0.0
tenuou,4,5,9,0.556
proteolysi,0,9,9,1.0
experiencia,0,9,9,1.0
crosswis,0,9,9,1.0
fetal,0,9,9,1.0
thugge,0,9,9,1.0
earwig,0,9,9,1.0
disfunct,1,8,9,0.889
gilead,2,7,9,0.778
vaya,0,9,9,1.0
glaucou,0,9,9,1.0
hickori,1,8,9,0.889
arquivo,0,9,9,1.0
hydropow,9,0,9,0.0
gasdesk,9,0,9,0.0
ketter,3,6,9,0.667
anisotropi,0,9,9,1.0
hideou,0,9,9,1.0
mandi,5,4,9,0.444
liverymen,0,9,9,1.0
energyclear,9,0,9,0.0
binaur,0,9,9,1.0
crg,0,9,9,1.0
ullman,5,4,9,0.444
griswold,1,8,9,0.889
roxi,1,8,9,0.889
reckless,6,3,9,0.333
churchman,0,9,9,1.0
cryostat,0,9,9,1.0
econo,9,0,9,0.0
farnsworth,5,4,9,0.444
chambermaid,0,9,9,1.0
crayon,0,9,9,1.0
devonshir,0,9,9,1.0
razr,0,9,9,1.0
caten,0,9,9,1.0
persecutori,0,9,9,1.0
simian,0,9,9,1.0
cardbu,0,9,9,1.0
sepol,9,0,9,0.0
ashi,0,9,9,1.0
atapi,0,9,9,1.0
muscovi,0,9,9,1.0
dailyupd,9,0,9,0.0
clergi,0,9,9,1.0
ligu,0,9,9,1.0
ftse,9,0,9,0.0
computador,0,9,9,1.0
bombproof,0,9,9,1.0
angelin,0,9,9,1.0
charleston,2,7,9,0.778
antipasto,0,9,9,1.0
kano,0,9,9,1.0
beech,1,8,9,0.889
florist,1,8,9,0.889
predi,0,9,9,1.0
lear,2,7,9,0.778
kete,0,9,9,1.0
topmost,2,7,9,0.778
tard,0,9,9,1.0
ard,4,5,9,0.556
garnish,0,9,9,1.0
nielson,0,9,9,1.0
calder,0,9,9,1.0
urf,1,8,9,0.889
englishmen,0,9,9,1.0
elyse,1,8,9,0.889
fictiti,2,7,9,0.778
waterdesk,9,0,9,0.0
mbfr,0,9,9,1.0
southernmost,1,8,9,0.889
fulmin,1,8,9,0.889
infoweb,0,9,9,1.0
barfli,0,9,9,1.0
rmr,8,1,9,0.111
oni,6,3,9,0.333
pgf,0,9,9,1.0
glasgow,0,9,9,1.0
apparatu,0,9,9,1.0
cutey,0,9,9,1.0
galaxi,0,9,9,1.0
enceph,0,9,9,1.0
belfast,0,9,9,1.0
constrictor,0,9,9,1.0
galvanomet,0,9,9,1.0
osiri,0,9,9,1.0
italiano,1,8,9,0.889
compiiant,0,9,9,1.0
sedat,0,9,9,1.0
outpick,0,9,9,1.0
uninterrupt,7,2,9,0.222
obo,0,9,9,1.0
pte,4,5,9,0.556
immediaci,1,8,9,0.889
marita,9,0,9,0.0
tsc,6,3,9,0.333
carboloy,0,9,9,1.0
turbo,3,6,9,0.667
horrend,2,7,9,0.778
bicentenni,0,9,9,1.0
brooklin,0,9,9,1.0
ncc,0,9,9,1.0
seventeenth,0,9,9,1.0
globulin,0,9,9,1.0
leonid,0,9,9,1.0
waken,0,9,9,1.0
stammer,0,9,9,1.0
tommorow,3,6,9,0.667
equipamento,0,9,9,1.0
beecham,0,9,9,1.0
lagrang,1,8,9,0.889
pomoc,9,0,9,0.0
obstruct,1,8,9,0.889
crate,0,9,9,1.0
clotheslin,0,9,9,1.0
unambigu,6,3,9,0.333
menn,9,0,9,0.0
ciliat,0,9,9,1.0
inexpress,0,9,9,1.0
jamestown,0,9,9,1.0
anabella,8,1,9,0.111
tomar,0,9,9,1.0
carrageen,0,9,9,1.0
importun,0,9,9,1.0
carburetor,0,9,9,1.0
salvo,1,8,9,0.889
rustic,0,9,9,1.0
phonem,0,9,9,1.0
bradburi,0,9,9,1.0
spartan,0,9,9,1.0
squir,3,6,9,0.667
proffer,1,8,9,0.889
vascular,0,9,9,1.0
envío,0,9,9,1.0
bloodroot,0,9,9,1.0
mim,6,3,9,0.333
espao,0,9,9,1.0
westernsierramin,0,9,9,1.0
lampoon,0,9,9,1.0
overdr,0,9,9,1.0
greenle,9,0,9,0.0
alterc,0,9,9,1.0
alford,9,0,9,0.0
glencor,9,0,9,0.0
heterogam,0,9,9,1.0
yacht,0,9,9,1.0
tute,0,9,9,1.0
breccia,0,9,9,1.0
impoverish,0,9,9,1.0
hen,1,8,9,0.889
nairobi,0,9,9,1.0
nbl,0,9,9,1.0
copia,0,9,9,1.0
jamesl,0,9,9,1.0
largo,1,8,9,0.889
wedg,0,9,9,1.0
supermarket,4,5,9,0.556
hemarthrosi,0,9,9,1.0
newyorkf,9,0,9,0.0
cutan,0,9,9,1.0
capitalis,8,1,9,0.111
handley,9,0,9,0.0
cacophoni,0,9,9,1.0
schultea,9,0,9,0.0
berwick,0,9,9,1.0
circumlocut,2,7,9,0.778
poseur,0,9,9,1.0
pokerish,0,9,9,1.0
occass,4,5,9,0.556
girlish,0,9,9,1.0
germ,3,6,9,0.667
bstj,0,9,9,1.0
técnica,0,9,9,1.0
ivf,0,9,9,1.0
goodi,2,7,9,0.778
cufflink,0,9,9,1.0
folklor,0,9,9,1.0
conhecido,0,9,9,1.0
divinorum,0,9,9,1.0
ccgm,9,0,9,0.0
nagasaki,0,9,9,1.0
persimmon,0,9,9,1.0
atenor,9,0,9,0.0
chromospher,0,9,9,1.0
sperri,1,8,9,0.889
bullsey,0,9,9,1.0
seeherefeelse,0,9,9,1.0
fotiou,9,0,9,0.0
bipe,0,9,9,1.0
viacheslav,9,0,9,0.0
epicurean,0,9,9,1.0
deifi,0,9,9,1.0
giddap,0,9,9,1.0
imaginari,1,8,9,0.889
municp,0,9,9,1.0
protectorsm,0,9,9,1.0
etsmo,9,0,9,0.0
undisput,5,4,9,0.444
glutamin,0,9,9,1.0
operativo,0,9,9,1.0
rtd,0,9,9,1.0
bimolecular,0,9,9,1.0
greenblatt,0,9,9,1.0
jahren,3,6,9,0.667
parastat,0,9,9,1.0
wacm,9,0,9,0.0
doltish,0,9,9,1.0
janitori,0,9,9,1.0
sweetish,0,9,9,1.0
placeabl,0,9,9,1.0
rastu,0,9,9,1.0
minera,0,9,9,1.0
ptp,1,8,9,0.889
dodecahedron,0,9,9,1.0
aspers,0,9,9,1.0
snippi,0,9,9,1.0
bengali,0,9,9,1.0
furrier,0,9,9,1.0
withstay,0,9,9,1.0
rad,6,3,9,0.333
softwood,5,4,9,0.444
sympatico,6,3,9,0.333
circularis,7,2,9,0.222
voss,0,9,9,1.0
pincheck,0,9,9,1.0
jeanni,3,6,9,0.667
suchmaschinen,0,9,9,1.0
fauna,0,9,9,1.0
begotten,0,9,9,1.0
medicn,0,9,9,1.0
drape,0,9,9,1.0
psoriasi,0,9,9,1.0
bolshoi,0,9,9,1.0
elvi,3,6,9,0.667
auri,9,0,9,0.0
decannul,0,9,9,1.0
suffix,0,9,9,1.0
stunden,0,9,9,1.0
akllp,9,0,9,0.0
agouti,0,9,9,1.0
bridl,0,9,9,1.0
hysterectomi,1,8,9,0.889
airmen,1,8,9,0.889
podrá,0,9,9,1.0
phibro,9,0,9,0.0
simunek,9,0,9,0.0
downpour,0,9,9,1.0
seminrio,0,9,9,1.0
quagmir,3,6,9,0.667
windbor,0,9,9,1.0
traction,6,3,9,0.333
mapa,0,9,9,1.0
pterodactyl,0,9,9,1.0
gauntri,0,9,9,1.0
studiou,0,9,9,1.0
wsp,9,0,9,0.0
purslan,0,9,9,1.0
beeb,0,9,9,1.0
silo,2,7,9,0.778
portera,9,0,9,0.0
clotur,0,9,9,1.0
daphn,1,8,9,0.889
herber,9,0,9,0.0
sadec,0,9,9,1.0
lufkin,9,0,9,0.0
chelmsford,9,0,9,0.0
apertur,0,9,9,1.0
dimethyl,0,9,9,1.0
summarili,2,7,9,0.778
simulcast,2,7,9,0.778
freebi,1,8,9,0.889
charismat,0,9,9,1.0
cabinetmak,0,9,9,1.0
eam,8,1,9,0.111
austragen,0,9,9,1.0
marsden,9,0,9,0.0
gambol,0,9,9,1.0
igual,0,9,9,1.0
uncollect,7,2,9,0.222
megaton,0,9,9,1.0
druri,2,7,9,0.778
torah,0,9,9,1.0
abv,0,9,9,1.0
mitcham,9,0,9,0.0
hongkong,0,9,9,1.0
upright,2,7,9,0.778
scholast,0,9,9,1.0
reciba,0,9,9,1.0
poop,0,9,9,1.0
endus,9,0,9,0.0
custsvc,9,0,9,0.0
cobweb,1,8,9,0.889
postprocessor,0,9,9,1.0
maviglio,9,0,9,0.0
doos,0,9,9,1.0
incompar,0,9,9,1.0
foppish,0,9,9,1.0
mite,0,9,9,1.0
majur,9,0,9,0.0
confidencialidad,0,9,9,1.0
condescend,0,9,9,1.0
eerili,1,8,9,0.889
scr,4,5,9,0.556
flintlock,0,9,9,1.0
smu,8,1,9,0.111
infiltr,0,9,9,1.0
autoris,0,9,9,1.0
carbuncl,0,9,9,1.0
indebted,8,1,9,0.111
cayenn,0,9,9,1.0
mailstop,9,0,9,0.0
allyn,0,9,9,1.0
tulip,0,9,9,1.0
widget,0,9,9,1.0
troll,0,9,9,1.0
loya,1,8,9,0.889
pattison,9,0,9,0.0
shilpa,9,0,9,0.0
galact,0,9,9,1.0
unvest,9,0,9,0.0
chemis,0,9,9,1.0
martingal,2,7,9,0.778
uncomminut,0,9,9,1.0
emphysema,0,9,9,1.0
jhtml,9,0,9,0.0
grabadora,0,9,9,1.0
paperi,0,9,9,1.0
clank,0,9,9,1.0
doy,0,9,9,1.0
oncolog,0,9,9,1.0
knotti,0,9,9,1.0
vern,1,8,9,0.889
xnax,0,9,9,1.0
nauseou,0,9,9,1.0
leninist,0,9,9,1.0
counterparol,0,9,9,1.0
idolatri,0,9,9,1.0
keyhol,0,9,9,1.0
calorimet,0,9,9,1.0
tutu,0,9,9,1.0
zz,5,4,9,0.444
loaner,5,4,9,0.444
qwertyl,0,9,9,1.0
lko,8,1,9,0.111
yugoslavia,2,7,9,0.778
befallen,0,9,9,1.0
ttyl,0,9,9,1.0
frab,0,9,9,1.0
bancario,0,9,9,1.0
mide,0,9,9,1.0
technologica,0,9,9,1.0
ranendra,9,0,9,0.0
outbreak,6,3,9,0.333
golfer,9,0,9,0.0
mirv,0,9,9,1.0
grapefruit,0,9,9,1.0
gees,0,9,9,1.0
shadak,0,9,9,1.0
uva,9,0,9,0.0
coa,0,9,9,1.0
pothol,0,9,9,1.0
sane,0,9,9,1.0
anaerob,0,9,9,1.0
atest,0,9,9,1.0
informatica,0,9,9,1.0
dispon,0,9,9,1.0
pthe,0,9,9,1.0
macon,1,8,9,0.889
aldehyd,0,9,9,1.0
imbecil,0,9,9,1.0
aura,3,6,9,0.667
nitrou,0,9,9,1.0
fink,6,3,9,0.333
pickett,2,7,9,0.778
editora,0,9,9,1.0
fulcrum,4,5,9,0.556
klick,0,9,9,1.0
urediniospor,0,9,9,1.0
dioces,0,9,9,1.0
videod,0,9,9,1.0
undress,0,9,9,1.0
fra,5,4,9,0.444
theandric,0,9,9,1.0
pierci,9,0,9,0.0
foro,0,9,9,1.0
wicek,9,0,9,0.0
mchugh,2,7,9,0.778
hiatt,4,5,9,0.556
imageri,4,5,9,0.556
tianh,0,9,9,1.0
bandag,0,9,9,1.0
viagrra,0,9,9,1.0
wordi,0,9,9,1.0
eboni,0,9,9,1.0
morphin,0,9,9,1.0
ceiluiar,0,9,9,1.0
atoka,9,0,9,0.0
inventor,3,6,9,0.667
csc,6,3,9,0.333
swig,0,9,9,1.0
chamberlin,9,0,9,0.0
auc,8,1,9,0.111
bostonian,0,9,9,1.0
lnea,0,9,9,1.0
financialexpress,9,0,9,0.0
oblivion,0,9,9,1.0
unleash,7,2,9,0.222
chaim,7,2,9,0.222
ped,1,8,9,0.889
bushnel,0,9,9,1.0
aneela,9,0,9,0.0
misanthrop,0,9,9,1.0
hexadecim,0,9,9,1.0
alienor,0,9,9,1.0
biweekli,2,7,9,0.778
deafen,0,9,9,1.0
karyatid,0,9,9,1.0
professionaloffic,0,9,9,1.0
celsiu,0,9,9,1.0
rector,0,9,9,1.0
ecoga,9,0,9,0.0
parodi,3,6,9,0.667
honda,0,9,9,1.0
bushi,0,9,9,1.0
exceli,0,9,9,1.0
quibbl,1,8,9,0.889
yassin,0,9,9,1.0
siightiy,0,9,9,1.0
benevol,2,7,9,0.778
sweati,4,5,9,0.556
maceuticai,0,9,9,1.0
grante,0,9,9,1.0
exasper,3,6,9,0.667
resold,5,4,9,0.444
bilabi,0,9,9,1.0
pyracanth,0,9,9,1.0
demultiplex,0,9,9,1.0
threefold,3,6,9,0.667
microwav,6,3,9,0.333
piotr,1,8,9,0.889
compleat,0,9,9,1.0
numerolog,0,9,9,1.0
toddl,0,9,9,1.0
fromdomain,9,0,9,0.0
depressor,0,9,9,1.0
ferdinand,0,9,9,1.0
squabbl,4,5,9,0.556
surowiec,9,0,9,0.0
timeros,0,9,9,1.0
sebastien,9,0,9,0.0
planeacin,0,9,9,1.0
fourcher,0,9,9,1.0
gir,6,3,9,0.333
piccadilli,5,4,9,0.444
flap,4,5,9,0.556
rangeland,0,9,9,1.0
nole,9,0,9,0.0
emss,9,0,9,0.0
aji,0,9,9,1.0
esalesl,0,9,9,1.0
sectarian,0,9,9,1.0
psalteri,0,9,9,1.0
denebola,0,9,9,1.0
inez,7,2,9,0.222
hitter,5,4,9,0.444
exuber,3,6,9,0.667
hypothesi,3,6,9,0.667
exponentia,1,8,9,0.889
clo,9,0,9,0.0
pinkish,1,8,9,0.889
breakwat,0,9,9,1.0
resurg,1,8,9,0.889
anhydr,0,9,9,1.0
mulish,0,9,9,1.0
fortnightli,7,2,9,0.222
spank,0,9,9,1.0
duffel,0,9,9,1.0
actualment,0,9,9,1.0
aer,4,5,9,0.556
blacklin,9,0,9,0.0
hott,9,0,9,0.0
liat,0,9,9,1.0
octet,1,8,9,0.889
medicina,0,9,9,1.0
comma,0,9,9,1.0
temer,1,8,9,0.889
disaggreg,3,6,9,0.667
charania,9,0,9,0.0
babylonian,0,9,9,1.0
paperback,1,8,9,0.889
relacionado,0,9,9,1.0
bustamant,8,1,9,0.111
felin,0,9,9,1.0
monkeyflow,0,9,9,1.0
weatherston,9,0,9,0.0
smallcapreview,0,9,9,1.0
offsaddl,0,9,9,1.0
morril,3,6,9,0.667
otemachi,9,0,9,0.0
livechat,0,9,9,1.0
catalina,4,5,9,0.556
wiesepap,9,0,9,0.0
rante,0,9,9,1.0
canto,0,9,9,1.0
sleepi,4,5,9,0.556
côte,0,9,9,1.0
crewman,0,9,9,1.0
apartado,0,9,9,1.0
chiefdom,0,9,9,1.0
pickford,0,9,9,1.0
altar,3,6,9,0.667
asexu,0,9,9,1.0
ert,0,9,9,1.0
vítima,0,9,9,1.0
pharisa,0,9,9,1.0
nepenthac,0,9,9,1.0
lard,1,8,9,0.889
sloth,0,9,9,1.0
sylvi,2,7,9,0.778
anorthit,0,9,9,1.0
lumbermen,0,9,9,1.0
solec,0,9,9,1.0
berserk,0,9,9,1.0
jonathon,8,1,9,0.111
sleezi,0,9,9,1.0
grissom,9,0,9,0.0
profligaci,0,9,9,1.0
iden,0,9,9,1.0
coot,0,9,9,1.0
berzin,9,0,9,0.0
chismar,9,0,9,0.0
proteranth,0,9,9,1.0
robberi,1,8,9,0.889
purview,6,3,9,0.333
onsit,7,2,9,0.222
osha,0,9,9,1.0
iy,0,9,9,1.0
prximo,0,9,9,1.0
apomecometri,0,9,9,1.0
phr,6,3,9,0.333
evit,7,2,9,0.222
malay,0,9,9,1.0
edwina,0,9,9,1.0
discretli,0,9,9,1.0
rcp,0,9,9,1.0
theke,0,9,9,1.0
pedigre,3,6,9,0.667
municpa,0,9,9,1.0
goliath,5,4,9,0.444
dairyman,0,9,9,1.0
nanett,5,4,9,0.444
sop,2,7,9,0.778
evad,1,8,9,0.889
yd,0,9,9,1.0
serenad,1,8,9,0.889
medley,2,7,9,0.778
contrarieti,0,9,9,1.0
defrost,0,9,9,1.0
dil,0,9,9,1.0
pantomim,0,9,9,1.0
usg,1,8,9,0.889
cyc,0,9,9,1.0
industriai,0,9,9,1.0
clothesbrush,0,9,9,1.0
svcd,0,9,9,1.0
throttl,1,8,9,0.889
dopson,9,0,9,0.0
bicarbon,0,9,9,1.0
nicor,9,0,9,0.0
landri,8,1,9,0.111
legendari,7,2,9,0.222
puriti,0,9,9,1.0
wareh,9,0,9,0.0
axisymmetr,0,9,9,1.0
iw,1,8,9,0.889
cumin,1,8,9,0.889
necrosi,0,9,9,1.0
daffi,0,9,9,1.0
adelia,0,9,9,1.0
strung,0,9,9,1.0
mediz,0,9,9,1.0
hinman,0,9,9,1.0
conta,0,9,9,1.0
degreas,0,9,9,1.0
gratuiti,4,5,9,0.556
positron,1,8,9,0.889
denetsosi,9,0,9,0.0
fairchild,2,7,9,0.778
donc,0,9,9,1.0
frugal,1,8,9,0.889
crystallograph,0,9,9,1.0
servitor,0,9,9,1.0
gthou,9,0,9,0.0
fluke,0,9,9,1.0
invert,1,8,9,0.889
vehement,0,9,9,1.0
uwaterloo,9,0,9,0.0
pae,9,0,9,0.0
brassier,0,9,9,1.0
phosgen,0,9,9,1.0
vtge,0,9,9,1.0
nsc,0,9,9,1.0
smartest,7,2,9,0.222
devolut,1,8,9,0.889
estonia,1,8,9,0.889
tego,9,0,9,0.0
effemin,0,9,9,1.0
schrab,9,0,9,0.0
honolulu,0,9,9,1.0
welt,0,9,9,1.0
broccoli,0,9,9,1.0
hasp,0,9,9,1.0
slender,0,9,9,1.0
sodden,0,9,9,1.0
kour,9,0,9,0.0
nooo,0,9,9,1.0
brothel,0,9,9,1.0
pnt,1,8,9,0.889
amaranth,0,9,9,1.0
summ,0,9,9,1.0
yema,0,9,9,1.0
mrida,0,9,9,1.0
brownfield,9,0,9,0.0
esplanad,0,9,9,1.0
ascomycet,0,9,9,1.0
hnatraj,9,0,9,0.0
walgreen,1,8,9,0.889
gruesom,0,9,9,1.0
pronta,0,9,9,1.0
scurri,0,9,9,1.0
sexo,0,9,9,1.0
etwa,0,9,9,1.0
tcbb,0,9,9,1.0
grenad,0,9,9,1.0
modulo,0,9,9,1.0
tudo,0,9,9,1.0
garch,9,0,9,0.0
confabul,0,9,9,1.0
python,0,9,9,1.0
cancelar,0,9,9,1.0
shipboard,0,9,9,1.0
cowhid,0,9,9,1.0
coolant,0,9,9,1.0
recogniz,5,4,9,0.444
accolad,3,6,9,0.667
athlon,0,9,9,1.0
furbish,0,9,9,1.0
heur,0,9,9,1.0
uninsur,0,9,9,1.0
blurb,0,9,9,1.0
jimenez,5,4,9,0.444
aceton,0,9,9,1.0
dominicano,0,9,9,1.0
evas,4,5,9,0.556
pernici,1,8,9,0.889
dwg,7,2,9,0.222
ameli,0,9,9,1.0
administrativo,0,9,9,1.0
cubbyhol,0,9,9,1.0
storehous,0,9,9,1.0
oyo,0,9,9,1.0
scribe,0,9,9,1.0
unsumptuari,0,9,9,1.0
moslem,0,9,9,1.0
deacon,0,9,9,1.0
beet,0,9,9,1.0
irrepass,0,9,9,1.0
usae,9,0,9,0.0
calfskin,0,9,9,1.0
ruthenium,0,9,9,1.0
muscovit,0,9,9,1.0
blowout,4,5,9,0.556
quail,0,9,9,1.0
necromanc,0,9,9,1.0
torpor,1,8,9,0.889
literari,0,9,9,1.0
verbiag,1,8,9,0.889
susten,0,9,9,1.0
architecton,0,9,9,1.0
woven,0,9,9,1.0
ifestyl,0,9,9,1.0
parr,1,8,9,0.889
trabalho,0,9,9,1.0
affid,0,9,9,1.0
deaton,9,0,9,0.0
tanag,0,9,9,1.0
barnaba,0,9,9,1.0
vuittonet,9,0,9,0.0
selectr,0,9,9,1.0
dalhousi,0,9,9,1.0
subjectlik,0,9,9,1.0
unfaith,1,8,9,0.889
ferrer,4,5,9,0.556
latch,0,9,9,1.0
chieftain,0,9,9,1.0
lacuna,0,9,9,1.0
impercept,2,7,9,0.778
creo,7,2,9,0.222
handwav,0,9,9,1.0
appertain,0,9,9,1.0
placer,2,7,9,0.778
intesa,3,6,9,0.667
hyundai,7,2,9,0.222
butcheri,0,9,9,1.0
assoc,7,2,9,0.222
cranki,0,9,9,1.0
shipshap,0,9,9,1.0
apostol,0,9,9,1.0
dweller,0,9,9,1.0
northampton,0,9,9,1.0
budapest,0,9,9,1.0
gandhi,8,1,9,0.111
intervenor,3,6,9,0.667
marqui,2,7,9,0.778
ferrari,5,4,9,0.444
dallmann,9,0,9,0.0
ratchet,9,0,9,0.0
bacilli,0,9,9,1.0
methuselah,0,9,9,1.0
dido,0,9,9,1.0
stinnett,1,8,9,0.889
arctan,0,9,9,1.0
lundberg,0,9,9,1.0
flint,5,4,9,0.444
trudi,0,9,9,1.0
hyperreson,0,9,9,1.0
celluloid,0,9,9,1.0
whhfu,9,0,9,0.0
bawd,0,9,9,1.0
freckl,0,9,9,1.0
disqu,0,9,9,1.0
mimick,1,8,9,0.889
runswick,9,0,9,0.0
dous,1,8,9,0.889
ladybug,0,9,9,1.0
glatz,9,0,9,0.0
strategica,0,9,9,1.0
bakelit,0,9,9,1.0
improvid,0,9,9,1.0
metropoli,2,7,9,0.778
klystron,0,9,9,1.0
stifi,0,9,9,1.0
comparit,9,0,9,0.0
cachalot,0,9,9,1.0
midcontin,9,0,9,0.0
leben,0,9,9,1.0
tornado,3,6,9,0.667
ofthi,0,9,9,1.0
chania,0,9,9,1.0
degener,4,5,9,0.556
grotesqu,0,9,9,1.0
papel,0,9,9,1.0
scold,1,8,9,0.889
baku,3,6,9,0.667
lve,0,9,9,1.0
samadhi,0,9,9,1.0
slay,1,8,9,0.889
busin,3,6,9,0.667
unthink,2,7,9,0.778
eto,1,8,9,0.889
ruptci,0,9,9,1.0
raam,0,9,9,1.0
includo,0,9,9,1.0
ossifi,0,9,9,1.0
curd,0,9,9,1.0
genotyp,0,9,9,1.0
comun,0,9,9,1.0
adnan,6,3,9,0.333
michioku,9,0,9,0.0
xb,0,9,9,1.0
quart,1,8,9,0.889
boltzmann,0,9,9,1.0
vd,0,9,9,1.0
auditori,0,9,9,1.0
playmat,0,9,9,1.0
bias,9,0,9,0.0
dtopdiv,0,9,9,1.0
whirlwind,4,5,9,0.556
horseback,4,5,9,0.556
topn,9,0,9,0.0
sabo,9,0,9,0.0
conseco,9,0,9,0.0
lusaka,0,9,9,1.0
mckenzi,4,5,9,0.556
thermion,0,9,9,1.0
softwwar,0,9,9,1.0
bimasti,0,9,9,1.0
gallego,3,6,9,0.667
sac,2,7,9,0.778
aerial,6,3,9,0.333
horticultur,4,5,9,0.556
downhearted,0,9,9,1.0
gentil,0,9,9,1.0
shelk,9,0,9,0.0
frihart,9,0,9,0.0
monotherapi,0,9,9,1.0
lavish,5,4,9,0.444
sacrifici,0,9,9,1.0
deceler,0,9,9,1.0
duddi,0,9,9,1.0
allixon,0,9,9,1.0
stapleton,0,9,9,1.0
cognac,0,9,9,1.0
nodular,0,9,9,1.0
hemosiderin,0,9,9,1.0
aspecto,0,9,9,1.0
karp,0,9,9,1.0
cuttlefish,0,9,9,1.0
tetragon,0,9,9,1.0
icf,9,0,9,0.0
cottoni,1,8,9,0.889
meio,0,9,9,1.0
rsa,2,7,9,0.778
croquet,0,9,9,1.0
lathrop,0,9,9,1.0
cassiu,0,9,9,1.0
lib,4,5,9,0.556
crewel,0,9,9,1.0
emmi,5,4,9,0.444
decort,0,9,9,1.0
citroen,0,9,9,1.0
autorespond,0,9,9,1.0
isoclin,0,9,9,1.0
alabamian,0,9,9,1.0
anent,0,9,9,1.0
pontiff,4,5,9,0.556
abramson,0,9,9,1.0
decatur,2,7,9,0.778
antiphon,0,9,9,1.0
lmj,9,0,9,0.0
anz,7,2,9,0.222
aibert,0,9,9,1.0
ccni,0,9,9,1.0
embryoid,0,9,9,1.0
illiteraci,1,8,9,0.889
cityplac,9,0,9,0.0
tomographi,0,9,9,1.0
grunt,0,9,9,1.0
embank,0,9,9,1.0
gainesvil,1,8,9,0.889
lineag,0,9,9,1.0
chute,0,9,9,1.0
cocoon,0,9,9,1.0
forborn,0,9,9,1.0
dtf,9,0,9,0.0
phonebook,0,9,9,1.0
slag,0,9,9,1.0
cuiaba,9,0,9,0.0
bawl,0,9,9,1.0
cowmen,0,9,9,1.0
gerhard,0,9,9,1.0
elfin,0,9,9,1.0
advisabi,0,9,9,1.0
oiiver,0,9,9,1.0
dabbl,1,8,9,0.889
suzuki,1,8,9,0.889
lipshutz,9,0,9,0.0
napl,0,9,9,1.0
wattl,0,9,9,1.0
spuriou,1,8,9,0.889
brightest,8,1,9,0.111
somber,2,7,9,0.778
censor,0,9,9,1.0
maritta,9,0,9,0.0
nicla,9,0,9,0.0
externo,0,9,9,1.0
gown,0,9,9,1.0
tensor,0,9,9,1.0
oppurtun,4,5,9,0.556
vvonder,0,9,9,1.0
darwinian,0,9,9,1.0
morristown,1,8,9,0.889
preen,0,9,9,1.0
sandpap,0,9,9,1.0
parallelepip,0,9,9,1.0
saigon,0,9,9,1.0
quartermast,0,9,9,1.0
interes,0,9,9,1.0
bonita,2,7,9,0.778
debil,0,9,9,1.0
endotheli,0,9,9,1.0
algaecid,0,9,9,1.0
principia,0,9,9,1.0
bau,7,2,9,0.222
oldco,9,0,9,0.0
auditoria,0,9,9,1.0
rediffmail,0,9,9,1.0
sodioplatin,0,9,9,1.0
alprazolam,0,9,9,1.0
ablat,0,9,9,1.0
outset,6,3,9,0.333
elo,9,0,9,0.0
estuari,0,9,9,1.0
lsmoke,0,9,9,1.0
screechi,0,9,9,1.0
pennzoil,9,0,9,0.0
redit,0,9,9,1.0
sanctiti,0,9,9,1.0
cie,4,5,9,0.556
jlshankster,9,0,9,0.0
matagorda,9,0,9,0.0
delacey,9,0,9,0.0
reassembl,0,9,9,1.0
angst,0,9,9,1.0
encorp,9,0,9,0.0
paladino,9,0,9,0.0
tore,1,8,9,0.889
hacen,0,9,9,1.0
reflex,1,8,9,0.889
squirt,0,9,9,1.0
maiden,1,8,9,0.889
pmedbadbu,0,9,9,1.0
capt,1,8,9,0.889
copolym,0,9,9,1.0
dac,3,6,9,0.667
canni,5,4,9,0.444
buckskin,0,9,9,1.0
sepulchr,0,9,9,1.0
activex,1,8,9,0.889
damson,0,9,9,1.0
anabel,1,8,9,0.889
hourglass,0,9,9,1.0
mullet,9,0,9,0.0
bbtec,0,9,9,1.0
suemaur,9,0,9,0.0
sinist,1,8,9,0.889
visti,0,9,9,1.0
musgrov,1,8,9,0.889
sausag,4,5,9,0.556
crocodilian,0,9,9,1.0
brostad,9,0,9,0.0
abovenet,9,0,9,0.0
faldyn,9,0,9,0.0
rumin,0,9,9,1.0
instituto,1,8,9,0.889
flatten,4,5,9,0.556
auger,0,9,9,1.0
cowlick,0,9,9,1.0
bridgeback,9,0,9,0.0
dinh,9,0,9,0.0
alhamd,9,0,9,0.0
extravag,1,8,9,0.889
forwent,0,9,9,1.0
igenc,0,9,9,1.0
sporad,2,7,9,0.778
abner,0,9,9,1.0
dissolut,7,2,9,0.222
vaudevil,0,9,9,1.0
tonsur,0,9,9,1.0
stiffen,0,9,9,1.0
tryst,0,9,9,1.0
aphor,1,8,9,0.889
automata,0,9,9,1.0
cagey,0,9,9,1.0
lineal,0,9,9,1.0
dissatisfact,7,2,9,0.222
dualism,0,9,9,1.0
muzjik,0,9,9,1.0
haystack,2,7,9,0.778
sendout,9,0,9,0.0
redbird,0,9,9,1.0
lacer,0,9,9,1.0
anthracnos,0,9,9,1.0
torino,0,9,9,1.0
halpin,2,7,9,0.778
bicamer,0,9,9,1.0
brazi,0,9,9,1.0
mello,0,9,9,1.0
presentacin,0,9,9,1.0
calabres,9,0,9,0.0
moreee,0,9,9,1.0
whitcomb,0,9,9,1.0
cotang,0,9,9,1.0
karaok,1,8,9,0.889
wuxga,0,9,9,1.0
mosquito,1,8,9,0.889
crosscut,0,9,9,1.0
szajac,9,0,9,0.0
drunken,0,9,9,1.0
benight,0,9,9,1.0
vn,0,9,9,1.0
connolli,4,5,9,0.556
bimod,0,9,9,1.0
crosslink,0,9,9,1.0
bagel,1,8,9,0.889
bullock,1,8,9,0.889
tract,3,6,9,0.667
vertebra,0,9,9,1.0
hinz,9,0,9,0.0
isabella,0,9,9,1.0
bethlehem,4,5,9,0.556
eurodollar,9,0,9,0.0
scooterl,0,9,9,1.0
cage,5,4,9,0.444
proscenium,0,9,9,1.0
disapoint,0,9,9,1.0
betatron,0,9,9,1.0
dropbox,9,0,9,0.0
oregonian,9,0,9,0.0
seashor,1,8,9,0.889
foothold,4,5,9,0.556
ariadn,0,9,9,1.0
linotyp,1,8,9,0.889
nychthem,0,9,9,1.0
bikini,0,9,9,1.0
vigilancia,0,9,9,1.0
grabelski,9,0,9,0.0
okmpoi,0,9,9,1.0
mckenna,3,6,9,0.667
interpolat,0,9,9,1.0
mcnaught,9,0,9,0.0
fortress,1,8,9,0.889
cardiff,0,9,9,1.0
broodi,0,9,9,1.0
seder,0,9,9,1.0
grandchild,0,9,9,1.0
rugbi,0,9,9,1.0
juliana,0,9,9,1.0
youhav,0,9,9,1.0
chemotherapi,1,8,9,0.889
hombr,0,9,9,1.0
unsolubl,0,9,9,1.0
tint,0,9,9,1.0
holdup,3,6,9,0.667
trollop,1,8,9,0.889
gifford,0,9,9,1.0
antiperspir,0,9,9,1.0
sectorar,0,9,9,1.0
ssale,0,9,9,1.0
prissi,0,9,9,1.0
bloodshot,0,9,9,1.0
inadequaci,2,7,9,0.778
closeup,0,9,9,1.0
counterpoint,1,8,9,0.889
ibasco,9,0,9,0.0
houseban,0,9,9,1.0
cheappesst,0,9,9,1.0
calhoun,2,7,9,0.778
dogfight,0,9,9,1.0
carlin,0,9,9,1.0
malon,5,4,9,0.444
biotic,0,9,9,1.0
farfetch,0,9,9,1.0
acycl,0,9,9,1.0
insurrect,0,9,9,1.0
brooksid,2,7,9,0.778
ianquaq,0,9,9,1.0
bujumbura,0,9,9,1.0
mmf,9,0,9,0.0
prometh,0,9,9,1.0
hartman,3,6,9,0.667
woodway,9,0,9,0.0
britch,0,9,9,1.0
aorta,0,9,9,1.0
centigrad,0,9,9,1.0
commodi,0,9,9,1.0
delag,9,0,9,0.0
mol,2,7,9,0.778
overapprais,0,9,9,1.0
xxanax,0,9,9,1.0
highfli,9,0,9,0.0
macedonia,1,8,9,0.889
manur,1,8,9,0.889
lollipop,0,9,9,1.0
garrow,0,9,9,1.0
kalen,9,0,9,0.0
ntermin,0,9,9,1.0
ojea,9,0,9,0.0
windbreak,1,8,9,0.889
patrimoni,0,9,9,1.0
bettor,0,9,9,1.0
nk,0,9,9,1.0
adverbi,0,9,9,1.0
immeasur,1,8,9,0.889
bolivar,0,9,9,1.0
polariton,0,9,9,1.0
hemostat,0,9,9,1.0
szopa,9,0,9,0.0
ebt,0,9,9,1.0
goodday,4,5,9,0.556
darri,0,9,9,1.0
anther,2,7,9,0.778
durke,0,9,9,1.0
callisto,0,9,9,1.0
epenergi,9,0,9,0.0
cit,0,9,9,1.0
usda,2,7,9,0.778
sweetheart,5,4,9,0.444
cte,1,8,9,0.889
aerobact,0,9,9,1.0
supercili,0,9,9,1.0
sauci,0,9,9,1.0
paulett,3,6,9,0.667
supersphenoid,0,9,9,1.0
immoder,0,9,9,1.0
mcclen,9,0,9,0.0
aloof,0,9,9,1.0
privet,0,9,9,1.0
xãnax,0,9,9,1.0
scaup,0,9,9,1.0
piglet,0,9,9,1.0
sorption,0,9,9,1.0
iffi,3,6,9,0.667
opx,0,9,9,1.0
,0,9,9,1.0
riyadh,2,7,9,0.778
hysteron,0,9,9,1.0
maxima,0,9,9,1.0
alwale,9,0,9,0.0
byway,0,9,9,1.0
pinski,6,3,9,0.333
vqpi,0,9,9,1.0
farri,8,1,9,0.111
haffet,0,9,9,1.0
fungicid,0,9,9,1.0
asetar,0,9,9,1.0
escuela,0,9,9,1.0
hvubl,0,9,9,1.0
kdstewart,9,0,9,0.0
armadillo,0,9,9,1.0
breakaway,0,9,9,1.0
rapaci,0,9,9,1.0
shimmer,6,3,9,0.333
hvu,0,9,9,1.0
ostrand,2,7,9,0.778
dittl,9,0,9,0.0
seeligson,9,0,9,0.0
environmentalist,9,0,9,0.0
trata,0,9,9,1.0
conhecimento,0,9,9,1.0
contort,0,9,9,1.0
homeopp,0,9,9,1.0
chelyabinsk,0,9,9,1.0
creme,6,3,9,0.333
carolingian,0,9,9,1.0
auk,0,9,9,1.0
ral,1,8,9,0.889
luge,0,9,9,1.0
qt,0,9,9,1.0
allstat,1,8,9,0.889
oeruw,0,9,9,1.0
molten,0,9,9,1.0
passerbi,0,9,9,1.0
maheshram,9,0,9,0.0
microscop,7,2,9,0.222
bluegrass,0,9,9,1.0
sophomor,1,8,9,0.889
restitut,2,7,9,0.778
munit,0,9,9,1.0
dyad,0,9,9,1.0
fof,0,9,9,1.0
geranium,0,9,9,1.0
calligraphi,0,9,9,1.0
bodili,5,4,9,0.444
repienish,0,9,9,1.0
concurrentiy,0,9,9,1.0
overnit,2,7,9,0.778
wiem,9,0,9,0.0
linepack,9,0,9,0.0
zag,1,8,9,0.889
proclaim,3,6,9,0.667
chinquapin,0,9,9,1.0
avocado,0,9,9,1.0
phoenixl,0,9,9,1.0
reve,9,0,9,0.0
chubbi,0,9,9,1.0
puggi,0,9,9,1.0
bodleian,0,9,9,1.0
cdigo,0,9,9,1.0
reconocimiento,0,9,9,1.0
sprite,1,8,9,0.889
aspbr,0,9,9,1.0
hui,0,9,9,1.0
cicada,0,9,9,1.0
nintendo,3,6,9,0.667
lina,5,4,9,0.444
marsupia,0,9,9,1.0
gong,0,9,9,1.0
privatis,9,0,9,0.0
cambodia,0,9,9,1.0
swear,2,7,9,0.778
chantilli,0,9,9,1.0
scoot,2,7,9,0.778
crabappl,0,9,9,1.0
punki,0,9,9,1.0
insol,0,9,9,1.0
será,0,9,9,1.0
cowl,0,9,9,1.0
geochemistri,0,9,9,1.0
dyadic,0,9,9,1.0
baldi,0,9,9,1.0
slept,1,8,9,0.889
gaggl,0,9,9,1.0
instalacion,0,9,9,1.0
bosch,2,7,9,0.778
rebalanc,6,3,9,0.333
progenitor,0,9,9,1.0
derelict,0,9,9,1.0
catanes,9,0,9,0.0
ondemand,0,9,9,1.0
oxal,0,9,9,1.0
fahnestock,9,0,9,0.0
sellinternetaccess,0,9,9,1.0
caledonia,8,1,9,0.111
axiomat,0,9,9,1.0
crowder,7,2,9,0.222
caeo,0,9,9,1.0
unmix,0,9,9,1.0
dinghi,0,9,9,1.0
isaiah,1,8,9,0.889
guisepp,9,0,9,0.0
eurasia,4,5,9,0.556
assai,0,9,9,1.0
metreon,9,0,9,0.0
lena,0,9,9,1.0
athwart,0,9,9,1.0
safari,6,3,9,0.333
tidal,5,4,9,0.444
catabay,9,0,9,0.0
frye,0,9,9,1.0
jq,0,9,9,1.0
cowman,0,9,9,1.0
blueback,0,9,9,1.0
cmte,9,0,9,0.0
aerogen,0,9,9,1.0
tableet,0,9,9,1.0
henahan,9,0,9,0.0
gymnast,1,8,9,0.889
tegen,0,9,9,1.0
conexión,0,9,9,1.0
chiton,0,9,9,1.0
geko,0,9,9,1.0
footwear,0,9,9,1.0
mcdougal,0,9,9,1.0
prettier,1,8,9,0.889
prong,5,4,9,0.444
ardmor,9,0,9,0.0
schooi,0,9,9,1.0
proviso,3,6,9,0.667
spillov,4,5,9,0.556
deadwood,0,9,9,1.0
gourmet,2,7,9,0.778
deliri,0,9,9,1.0
scenic,1,8,9,0.889
pubiiciy,0,9,9,1.0
ozark,0,9,9,1.0
maclean,9,0,9,0.0
cuni,0,9,9,1.0
repsect,0,9,9,1.0
victual,0,9,9,1.0
aviod,0,9,9,1.0
bloodstain,0,9,9,1.0
requier,0,9,9,1.0
dapper,0,9,9,1.0
unesco,0,9,9,1.0
debussi,0,9,9,1.0
baudelair,0,9,9,1.0
tonic,0,9,9,1.0
determinist,7,2,9,0.222
portugu,0,9,9,1.0
piatform,0,9,9,1.0
vid,0,9,9,1.0
enzymolog,0,9,9,1.0
stg,9,0,9,0.0
zimentwat,0,9,9,1.0
catex,9,0,9,0.0
stratifi,5,4,9,0.444
wiredmag,9,0,9,0.0
sober,1,8,9,0.889
glasswar,0,9,9,1.0
claudett,9,0,9,0.0
ciiick,0,9,9,1.0
adder,8,1,9,0.111
marchand,9,0,9,0.0
auschwitz,0,9,9,1.0
approva,0,9,9,1.0
iimb,9,0,9,0.0
registrada,0,9,9,1.0
harrisburg,0,9,9,1.0
lair,5,4,9,0.444
ungruff,0,9,9,1.0
cga,9,0,9,0.0
cusso,0,9,9,1.0
canst,0,9,9,1.0
bariton,0,9,9,1.0
turnabout,3,6,9,0.667
incl,2,7,9,0.778
legalonlin,6,3,9,0.333
eso,2,7,9,0.778
cmec,0,9,9,1.0
drool,0,9,9,1.0
demerit,0,9,9,1.0
cahil,0,9,9,1.0
ret,1,8,9,0.889
gresham,0,9,9,1.0
trippl,0,9,9,1.0
verlag,0,9,9,1.0
halogen,0,9,9,1.0
brushfir,1,8,9,0.889
captiou,0,9,9,1.0
conif,0,9,9,1.0
roberson,8,1,9,0.111
personifi,3,6,9,0.667
melior,0,9,9,1.0
cyanic,0,9,9,1.0
destructor,0,9,9,1.0
burr,0,9,9,1.0
perspicu,0,9,9,1.0
dq,1,8,9,0.889
knob,1,8,9,0.889
habitu,1,8,9,0.889
odbc,6,3,9,0.333
devise,0,9,9,1.0
telmex,0,9,9,1.0
freakish,0,9,9,1.0
baptisteri,0,9,9,1.0
ofir,0,9,9,1.0
potlatch,0,9,9,1.0
uneconom,8,1,9,0.111
revoc,5,4,9,0.444
medico,0,9,9,1.0
agricuitur,0,9,9,1.0
copthal,9,0,9,0.0
eloy,4,5,9,0.556
plymouth,3,6,9,0.667
aust,6,3,9,0.333
vrsl,0,9,9,1.0
bled,0,9,9,1.0
ornat,2,7,9,0.778
lotti,0,9,9,1.0
wlv,4,5,9,0.556
cholesterin,0,9,9,1.0
swat,7,2,9,0.222
caputo,2,7,9,0.778
edemat,0,9,9,1.0
pregunta,5,4,9,0.444
botuliform,0,9,9,1.0
undergaol,0,9,9,1.0
envia,0,9,9,1.0
disambigu,0,9,9,1.0
proust,0,9,9,1.0
ayala,8,1,9,0.111
downtrend,0,9,9,1.0
lametric,9,0,9,0.0
underl,3,6,9,0.667
vesper,0,9,9,1.0
sreet,0,9,9,1.0
uniti,1,8,9,0.889
armistic,0,9,9,1.0
picki,1,8,9,0.889
pujo,0,9,9,1.0
gibt,0,9,9,1.0
qel,7,2,9,0.222
hitachi,0,9,9,1.0
miliiken,0,9,9,1.0
duma,0,9,9,1.0
interdepend,8,1,9,0.111
quasi,4,5,9,0.556
dorland,9,0,9,0.0
bre,0,9,9,1.0
chine,0,9,9,1.0
quadrat,0,9,9,1.0
bolshev,0,9,9,1.0
petr,8,1,9,0.111
pockmark,0,9,9,1.0
hollandais,0,9,9,1.0
adewal,0,9,9,1.0
hatchet,0,9,9,1.0
capo,0,9,9,1.0
kunt,0,9,9,1.0
mensual,0,9,9,1.0
missoula,0,9,9,1.0
cutworm,0,9,9,1.0
agmt,9,0,9,0.0
carmela,0,9,9,1.0
yak,1,8,9,0.889
muzzl,0,9,9,1.0
kiiowatt,0,9,9,1.0
coupi,0,9,9,1.0
cassock,0,9,9,1.0
chaffe,0,9,9,1.0
pueda,0,9,9,1.0
swam,0,9,9,1.0
plausibl,2,7,9,0.778
inaud,2,7,9,0.778
bridgetown,0,9,9,1.0
mme,0,9,9,1.0
landslid,2,7,9,0.778
ziff,9,0,9,0.0
farewel,4,5,9,0.556
alger,0,9,9,1.0
gaieti,0,9,9,1.0
alysia,9,0,9,0.0
horac,0,9,9,1.0
zenker,9,0,9,0.0
musket,0,9,9,1.0
schwarzbach,9,0,9,0.0
ptnl,0,9,9,1.0
careen,0,9,9,1.0
serum,0,9,9,1.0
finan,4,5,9,0.556
eben,0,9,9,1.0
herold,9,0,9,0.0
forehead,1,8,9,0.889
dilettant,0,9,9,1.0
actuel,0,9,9,1.0
obten,0,9,9,1.0
seamonkey,0,9,9,1.0
westheim,9,0,9,0.0
aplomb,0,9,9,1.0
arclength,0,9,9,1.0
trill,2,7,9,0.778
coquina,0,9,9,1.0
quanto,4,5,9,0.556
yg,0,9,9,1.0
arccosin,0,9,9,1.0
hydrochlor,0,9,9,1.0
debunk,0,9,9,1.0
prep,6,3,9,0.333
quantif,9,0,9,0.0
egregi,1,8,9,0.889
doctorz,0,9,9,1.0
chronographi,0,9,9,1.0
pumic,0,9,9,1.0
mcguir,2,7,9,0.778
hamster,0,9,9,1.0
katharin,0,9,9,1.0
mci,7,2,9,0.222
votiv,0,9,9,1.0
sinew,0,9,9,1.0
mtaol,9,0,9,0.0
triglycerid,0,9,9,1.0
lem,3,6,9,0.667
prosthesi,0,9,9,1.0
involut,0,9,9,1.0
bjefladghikm,0,9,9,1.0
burtt,0,9,9,1.0
galt,0,9,9,1.0
unnot,4,5,9,0.556
kedroski,9,0,9,0.0
mosqu,1,8,9,0.889
apotheosi,0,9,9,1.0
joshi,8,1,9,0.111
deuter,0,9,9,1.0
rosenblum,3,6,9,0.667
dunlop,0,9,9,1.0
clairvoy,0,9,9,1.0
protophyta,0,9,9,1.0
irk,1,8,9,0.889
pursuer,0,9,9,1.0
riehm,9,0,9,0.0
kulkarni,7,2,9,0.222
acepta,0,9,9,1.0
konnen,0,9,9,1.0
puddl,0,9,9,1.0
coequal,0,9,9,1.0
seleznov,9,0,9,0.0
taihoa,0,9,9,1.0
churchwoman,0,9,9,1.0
understan,0,9,9,1.0
insupport,0,9,9,1.0
hasan,9,0,9,0.0
barefac,0,9,9,1.0
offspr,2,7,9,0.778
hyne,8,1,9,0.111
yesm,0,9,9,1.0
afterlif,0,9,9,1.0
triniti,4,5,9,0.556
ü,0,9,9,1.0
bloodston,0,9,9,1.0
flout,2,7,9,0.778
bivouac,0,9,9,1.0
centerlin,0,9,9,1.0
solitari,0,9,9,1.0
travelogu,0,9,9,1.0
thrash,4,5,9,0.556
anorexia,0,9,9,1.0
protozoon,0,9,9,1.0
ipso,0,9,9,1.0
electrnica,0,9,9,1.0
garter,0,9,9,1.0
fati,2,7,9,0.778
baltimorean,0,9,9,1.0
firewail,0,9,9,1.0
waltham,5,4,9,0.444
carboxi,0,9,9,1.0
yoda,1,8,9,0.889
buergler,9,0,9,0.0
exch,1,8,9,0.889
earthenwar,0,9,9,1.0
postcondit,0,9,9,1.0
dodecahedra,0,9,9,1.0
wiaggra,0,9,9,1.0
unforgett,6,3,9,0.333
bathrob,0,9,9,1.0
etruscan,0,9,9,1.0
cruso,0,9,9,1.0
fj,0,9,9,1.0
coauthor,1,8,9,0.889
ruck,0,9,9,1.0
ingram,3,6,9,0.667
pacer,1,8,9,0.889
chargeback,9,0,9,0.0
relish,2,7,9,0.778
precambrian,0,9,9,1.0
plasmat,0,9,9,1.0
expector,1,8,9,0.889
feei,0,9,9,1.0
atavist,0,9,9,1.0
cusip,7,2,9,0.222
hydronium,0,9,9,1.0
atrav,0,9,9,1.0
layup,1,8,9,0.889
confidant,1,8,9,0.889
cmp,7,2,9,0.222
dross,0,9,9,1.0
pestilenti,0,9,9,1.0
nonheritor,0,9,9,1.0
paunch,0,9,9,1.0
feldt,9,0,9,0.0
uptown,2,7,9,0.778
lunar,0,9,9,1.0
tpc,9,0,9,0.0
acapulco,0,9,9,1.0
contien,0,9,9,1.0
doublehead,0,9,9,1.0
tacoma,4,5,9,0.556
immut,0,9,9,1.0
plaxo,0,9,9,1.0
berlitz,0,9,9,1.0
fourfold,3,6,9,0.667
revoiv,0,9,9,1.0
whittier,0,9,9,1.0
flipflop,0,9,9,1.0
noteworthi,5,4,9,0.444
sincerli,2,7,9,0.778
hrli,9,0,9,0.0
cladophora,0,9,9,1.0
crdit,0,9,9,1.0
labradorit,0,9,9,1.0
potabl,0,9,9,1.0
scuta,0,9,9,1.0
tapestri,0,9,9,1.0
gusto,0,9,9,1.0
ndjamena,0,9,9,1.0
pntermi,0,9,9,1.0
lioness,0,9,9,1.0
coheirship,0,9,9,1.0
overdid,0,9,9,1.0
wean,0,9,9,1.0
undisinherit,0,9,9,1.0
usedto,0,9,9,1.0
lacimagroup,9,0,9,0.0
countywid,0,9,9,1.0
ligament,0,9,9,1.0
bashaw,0,9,9,1.0
labil,0,9,9,1.0
cardon,9,0,9,0.0
patrimonio,0,9,9,1.0
helmut,0,9,9,1.0
jurid,0,9,9,1.0
selden,9,0,9,0.0
leftov,1,8,9,0.889
kitten,1,8,9,0.889
blab,0,9,9,1.0
kowloon,0,9,9,1.0
koennen,0,9,9,1.0
citisaf,0,9,9,1.0
htmlhead,0,9,9,1.0
microlepidopteron,0,9,9,1.0
hickman,2,7,9,0.778
niedzielski,9,0,9,0.0
methyl,3,6,9,0.667
carolinian,0,9,9,1.0
quasicontinu,0,9,9,1.0
predominantli,7,2,9,0.222
sadden,4,5,9,0.556
wearer,0,9,9,1.0
emplac,0,9,9,1.0
builtin,0,9,9,1.0
oncom,1,8,9,0.889
fgn,0,9,9,1.0
crestfallen,0,9,9,1.0
orographi,0,9,9,1.0
aviso,0,9,9,1.0
wheaton,0,9,9,1.0
topsi,0,9,9,1.0
distribuidora,2,7,9,0.778
avesta,0,9,9,1.0
wheelhors,0,9,9,1.0
seaboard,3,6,9,0.667
ibn,0,9,9,1.0
autosuggest,0,9,9,1.0
shreve,9,0,9,0.0
implacent,0,9,9,1.0
xinlan,0,9,9,1.0
guten,0,9,9,1.0
guerra,8,1,9,0.111
ultima,0,9,9,1.0
innumer,3,6,9,0.667
latitudin,0,9,9,1.0
imman,1,8,9,0.889
candela,0,9,9,1.0
looklng,0,9,9,1.0
pillow,0,9,9,1.0
haha,1,8,9,0.889
ahorro,0,9,9,1.0
wellington,2,7,9,0.778
goer,4,5,9,0.556
exemplo,0,9,9,1.0
gastraden,0,9,9,1.0
lifestyi,0,9,9,1.0
hallway,5,4,9,0.444
oatmeal,1,8,9,0.889
copperhead,0,9,9,1.0
olor,0,9,9,1.0
asphyxi,0,9,9,1.0
anis,0,9,9,1.0
wilmington,1,8,9,0.889
whitlock,0,9,9,1.0
adtran,9,0,9,0.0
cosenti,0,9,9,1.0
curiolog,0,9,9,1.0
pyongyang,0,9,9,1.0
scum,0,9,9,1.0
yore,7,2,9,0.222
litigi,2,7,9,0.778
burnish,1,8,9,0.889
helper,2,7,9,0.778
doria,0,9,9,1.0
risknew,9,0,9,0.0
catholic,0,9,9,1.0
tandem,4,5,9,0.556
rudimentari,3,6,9,0.667
duchess,0,9,9,1.0
gnomon,0,9,9,1.0
shulklapp,9,0,9,0.0
sicherheit,0,9,9,1.0
prerog,3,6,9,0.667
ectpdx,9,0,9,0.0
nieuw,0,9,9,1.0
abdullah,8,1,9,0.111
arpeggio,0,9,9,1.0
easel,0,9,9,1.0
nhl,1,8,9,0.889
mahmassani,9,0,9,0.0
htmlbodi,0,9,9,1.0
itt,0,9,9,1.0
compriest,0,9,9,1.0
unhasti,0,9,9,1.0
basica,0,9,9,1.0
elisa,7,2,9,0.222
lioudmila,0,9,9,1.0
magistr,0,9,9,1.0
gerbil,0,9,9,1.0
okamura,0,9,9,1.0
autocraci,0,9,9,1.0
allentown,2,7,9,0.778
donot,0,9,9,1.0
stokley,8,1,9,0.111
mustapha,0,9,9,1.0
sewn,0,9,9,1.0
yearn,0,9,9,1.0
trushar,9,0,9,0.0
aqueduct,1,8,9,0.889
lice,0,9,9,1.0
yp,0,9,9,1.0
ballmer,9,0,9,0.0
scroog,3,6,9,0.667
forearm,0,9,9,1.0
brainwash,0,9,9,1.0
trapezoid,0,9,9,1.0
salon,4,5,9,0.556
raker,9,0,9,0.0
fiil,0,9,9,1.0
manyoth,0,9,9,1.0
syn,4,5,9,0.556
ntativ,0,9,9,1.0
iberia,0,9,9,1.0
arbitrarili,1,8,9,0.889
boyt,9,0,9,0.0
wrapper,6,3,9,0.333
decaffein,0,9,9,1.0
skinni,2,7,9,0.778
responsiblefor,0,9,9,1.0
sistem,0,9,9,1.0
chasm,0,9,9,1.0
fuddi,0,9,9,1.0
lsoft,9,0,9,0.0
dreari,0,9,9,1.0
sphing,0,9,9,1.0
geometrician,0,9,9,1.0
powerpl,9,0,9,0.0
dlnbsp,0,9,9,1.0
adriana,8,1,9,0.111
homemak,0,9,9,1.0
polski,9,0,9,0.0
copen,9,0,9,0.0
stong,0,9,9,1.0
exclusiva,0,9,9,1.0
lucci,9,0,9,0.0
foliag,1,8,9,0.889
domiciliari,0,9,9,1.0
rummag,0,9,9,1.0
ignomini,3,6,9,0.667
moen,5,4,9,0.444
oliveira,9,0,9,0.0
protrus,0,9,9,1.0
archaism,0,9,9,1.0
surveyor,4,5,9,0.556
magnolia,5,4,9,0.444
maiil,0,9,9,1.0
marigold,0,9,9,1.0
fuifiil,0,9,9,1.0
leadsmen,0,9,9,1.0
moistur,3,6,9,0.667
seriat,0,9,9,1.0
bourgeoi,4,5,9,0.556
wintri,0,9,9,1.0
unmar,0,9,9,1.0
cwip,9,0,9,0.0
bhp,4,5,9,0.556
decolletag,0,9,9,1.0
bullhead,0,9,9,1.0
buckhorn,0,9,9,1.0
butter,3,6,9,0.667
comeback,1,8,9,0.889
malic,0,9,9,1.0
twh,9,0,9,0.0
yon,0,9,9,1.0
errant,3,6,9,0.667
knive,1,8,9,0.889
wachter,8,1,9,0.111
ninfa,9,0,9,0.0
squawk,4,5,9,0.556
ariz,7,2,9,0.222
dillingham,9,0,9,0.0
cenozo,0,9,9,1.0
coddington,0,9,9,1.0
merl,1,8,9,0.889
montali,9,0,9,0.0
vba,9,0,9,0.0
macht,3,6,9,0.667
pedant,2,7,9,0.778
itnreset,0,9,9,1.0
interdesk,9,0,9,0.0
bridgework,0,9,9,1.0
nationalist,6,3,9,0.333
ferric,0,9,9,1.0
nuptial,0,9,9,1.0
draco,0,9,9,1.0
resiz,7,2,9,0.222
beograd,0,9,9,1.0
gurunath,9,0,9,0.0
ameslan,0,9,9,1.0
toa,0,9,9,1.0
barberri,0,9,9,1.0
chartr,0,9,9,1.0
plg,8,1,9,0.111
officexp,0,9,9,1.0
diesen,1,8,9,0.889
asm,0,9,9,1.0
pocu,0,9,9,1.0
fayett,5,4,9,0.444
accompt,0,9,9,1.0
administrador,0,9,9,1.0
biscuit,0,9,9,1.0
kraus,3,6,9,0.667
gothic,0,9,9,1.0
resuscit,1,8,9,0.889
quadril,0,9,9,1.0
alsop,0,9,9,1.0
muir,0,9,9,1.0
loma,6,3,9,0.333
antacid,0,9,9,1.0
pranc,0,9,9,1.0
tym,9,0,9,0.0
talley,7,2,9,0.222
mule,2,7,9,0.778
imp,1,8,9,0.889
mantralaya,9,0,9,0.0
ciao,3,6,9,0.667
tatti,0,9,9,1.0
danubian,0,9,9,1.0
agribusi,1,8,9,0.889
getwebrx,0,9,9,1.0
textarea,0,9,9,1.0
progeni,0,9,9,1.0
miley,9,0,9,0.0
harcourt,0,9,9,1.0
unconson,0,9,9,1.0
barbour,3,6,9,0.667
transship,0,9,9,1.0
doot,9,0,9,0.0
drib,1,8,9,0.889
mitochondria,0,9,9,1.0
kirsti,9,0,9,0.0
larval,0,9,9,1.0
colo,7,2,9,0.222
iiiustrat,0,9,9,1.0
deathward,0,9,9,1.0
bolo,0,9,9,1.0
esd,9,0,9,0.0
woodcarv,0,9,9,1.0
diffserv,9,0,9,0.0
bitumen,0,9,9,1.0
nucleic,0,9,9,1.0
monstros,0,9,9,1.0
burro,0,9,9,1.0
eyedropp,0,9,9,1.0
detoxifi,0,9,9,1.0
kyli,0,9,9,1.0
kilo,0,9,9,1.0
affi,0,9,9,1.0
gin,2,7,9,0.778
mist,0,9,9,1.0
argonaut,0,9,9,1.0
enigma,3,6,9,0.667
contralater,0,9,9,1.0
rtner,0,9,9,1.0
attaind,0,9,9,1.0
clapeyron,0,9,9,1.0
insincer,0,9,9,1.0
metroguid,0,9,9,1.0
cookeri,0,9,9,1.0
cryptanalyst,0,9,9,1.0
pantywaist,0,9,9,1.0
sylvania,0,9,9,1.0
jgsfss,9,0,9,0.0
deby,0,9,9,1.0
abler,8,1,9,0.111
mcomber,9,0,9,0.0
joli,1,8,9,0.889
jawbon,0,9,9,1.0
cinch,1,8,9,0.889
buick,0,9,9,1.0
libero,0,9,9,1.0
algun,0,9,9,1.0
lakho,9,0,9,0.0
caucasian,0,9,9,1.0
randl,9,0,9,0.0
menshealth,0,9,9,1.0
babyhom,0,9,9,1.0
oti,4,5,9,0.556
woodard,2,7,9,0.778
informerci,0,9,9,1.0
mckeel,9,0,9,0.0
vang,0,9,9,1.0
carabao,0,9,9,1.0
mussuk,0,9,9,1.0
dirigido,0,9,9,1.0
specimen,0,9,9,1.0
psychopompo,0,9,9,1.0
tether,0,9,9,1.0
overdraft,3,6,9,0.667
aureomycin,0,9,9,1.0
voir,0,9,9,1.0
reattain,0,9,9,1.0
nuthatch,0,9,9,1.0
prescriptlon,0,9,9,1.0
ashmolean,0,9,9,1.0
teamleadership,9,0,9,0.0
solvenc,7,2,9,0.222
nwn,8,1,9,0.111
grandnephew,0,9,9,1.0
etechmedia,0,9,9,1.0
lodeston,0,9,9,1.0
wisent,0,9,9,1.0
globetech,0,9,9,1.0
aristocraci,0,9,9,1.0
disson,0,9,9,1.0
kramer,3,6,9,0.667
verbos,0,9,9,1.0
dada,0,9,9,1.0
electricidad,5,4,9,0.444
mh,2,7,9,0.778
voeux,0,9,9,1.0
companionway,0,9,9,1.0
snooperscop,0,9,9,1.0
soviet,2,7,9,0.778
zlu,8,1,9,0.111
craggi,0,9,9,1.0
teckn,0,9,9,1.0
gaur,0,9,9,1.0
thermo,2,7,9,0.778
cecropia,0,9,9,1.0
clatter,0,9,9,1.0
fk,0,9,9,1.0
mutat,0,9,9,1.0
trastorno,0,9,9,1.0
icodin,0,9,9,1.0
respectiveiy,0,9,9,1.0
venom,2,7,9,0.778
inclement,4,5,9,0.556
bhatnagar,9,0,9,0.0
ernet,9,0,9,0.0
promoo,0,9,9,1.0
slocum,7,2,9,0.222
cae,2,7,9,0.778
anorthosit,0,9,9,1.0
columnar,0,9,9,1.0
freuen,0,9,9,1.0
khanna,9,0,9,0.0
burri,7,2,9,0.222
alcmena,0,9,9,1.0
desegreg,1,8,9,0.889
incommensur,0,9,9,1.0
chaplin,0,9,9,1.0
berkowitz,1,8,9,0.889
handycam,0,9,9,1.0
harmaceut,0,9,9,1.0
overspecul,0,9,9,1.0
micrographi,0,9,9,1.0
brusqu,0,9,9,1.0
spindl,0,9,9,1.0
mihura,9,0,9,0.0
dictum,0,9,9,1.0
doneck,0,9,9,1.0
askanc,1,8,9,0.889
officem,0,9,9,1.0
satir,0,9,9,1.0
brassi,0,9,9,1.0
gemma,4,5,9,0.556
plt,8,1,9,0.111
yother,0,9,9,1.0
porterhous,0,9,9,1.0
familiarli,0,9,9,1.0
haggl,3,6,9,0.667
shulaw,9,0,9,0.0
oaf,0,9,9,1.0
antik,0,9,9,1.0
cipco,9,0,9,0.0
augustan,0,9,9,1.0
stencil,0,9,9,1.0
enunci,0,9,9,1.0
boxwood,0,9,9,1.0
shrivel,1,8,9,0.889
linea,0,9,9,1.0
ciceronian,0,9,9,1.0
encript,0,9,9,1.0
mischief,0,9,9,1.0
sunflow,0,9,9,1.0
trounc,1,8,9,0.889
tam,1,8,9,0.889
carpentri,0,9,9,1.0
citigroupenergi,9,0,9,0.0
christiansen,6,3,9,0.333
pounc,4,5,9,0.556
reverend,0,9,9,1.0
blomberg,0,9,9,1.0
congiomer,0,9,9,1.0
arriba,0,9,9,1.0
slur,0,9,9,1.0
crass,0,9,9,1.0
automak,8,1,9,0.111
locksmith,3,6,9,0.667
gaull,0,9,9,1.0
gimbal,0,9,9,1.0
nauseat,0,8,8,1.0
peasant,1,7,8,0.875
ksige,0,8,8,1.0
playhous,0,8,8,1.0
gibbi,0,8,8,1.0
klau,3,5,8,0.625
rez,0,8,8,1.0
pyknot,0,8,8,1.0
cosi,0,8,8,1.0
patronato,0,8,8,1.0
tomlinson,2,6,8,0.75
apoyo,0,8,8,1.0
navitouch,0,8,8,1.0
profitbann,0,8,8,1.0
escalant,3,5,8,0.625
saxophon,0,8,8,1.0
undercloth,0,8,8,1.0
zj,0,8,8,1.0
hangabl,0,8,8,1.0
unplumb,0,8,8,1.0
zh,1,7,8,0.875
jng,8,0,8,0.0
willey,2,6,8,0.75
objectifi,0,8,8,1.0
belladonna,0,8,8,1.0
kinda,7,1,8,0.125
piazza,1,7,8,0.875
clockwatch,0,8,8,1.0
bride,2,6,8,0.75
escadril,0,8,8,1.0
ditto,4,4,8,0.5
alton,1,7,8,0.875
coolli,3,5,8,0.625
numerix,8,0,8,0.0
slater,0,8,8,1.0
equilibrist,0,8,8,1.0
irreproduc,0,8,8,1.0
southland,4,4,8,0.5
readout,0,8,8,1.0
cardiod,0,8,8,1.0
inver,0,8,8,1.0
goren,3,5,8,0.625
autism,0,8,8,1.0
meed,0,8,8,1.0
crip,0,8,8,1.0
bookplat,0,8,8,1.0
clovel,8,0,8,0.0
sox,8,0,8,0.0
monocotyledon,0,8,8,1.0
absentia,4,4,8,0.5
profission,0,8,8,1.0
silki,0,8,8,1.0
filmdom,0,8,8,1.0
tut,6,2,8,0.25
hollowwar,0,8,8,1.0
realiza,0,8,8,1.0
knudson,2,6,8,0.75
sextet,0,8,8,1.0
frustum,0,8,8,1.0
bergermontagu,8,0,8,0.0
inestim,0,8,8,1.0
francoi,5,3,8,0.375
ssssss,0,8,8,1.0
glaze,0,8,8,1.0
afterword,1,7,8,0.875
gunner,2,6,8,0.75
undon,6,2,8,0.25
litmu,2,6,8,0.75
preoccupi,1,7,8,0.875
caret,0,8,8,1.0
racerx,0,8,8,1.0
helena,0,8,8,1.0
misaffect,0,8,8,1.0
extant,2,6,8,0.75
cominform,0,8,8,1.0
bruegel,0,8,8,1.0
interconnector,8,0,8,0.0
propo,0,8,8,1.0
lumpish,0,8,8,1.0
mulch,1,7,8,0.875
bator,0,8,8,1.0
runner,6,2,8,0.25
lohr,0,8,8,1.0
slippag,4,4,8,0.5
raquel,5,3,8,0.375
damask,0,8,8,1.0
watersh,4,4,8,0.5
unvot,0,8,8,1.0
pth,0,8,8,1.0
kant,0,8,8,1.0
antietam,0,8,8,1.0
simplicident,0,8,8,1.0
sunoco,8,0,8,0.0
jumbl,1,7,8,0.875
bookshelf,1,7,8,0.875
finanza,0,8,8,1.0
topeka,1,7,8,0.875
thayer,3,5,8,0.625
graff,2,6,8,0.75
testosteron,0,8,8,1.0
aau,0,8,8,1.0
reticulum,0,8,8,1.0
bangui,0,8,8,1.0
cowponi,0,8,8,1.0
consti,0,8,8,1.0
trtdtabl,0,8,8,1.0
greyhound,0,8,8,1.0
subdepress,0,8,8,1.0
shylock,0,8,8,1.0
merat,8,0,8,0.0
bidstogo,0,8,8,1.0
spokan,1,7,8,0.875
elus,2,6,8,0.75
countryman,0,8,8,1.0
botfli,0,8,8,1.0
utilitiesal,0,8,8,1.0
estudiar,0,8,8,1.0
honeycomb,0,8,8,1.0
inman,4,4,8,0.5
wini,0,8,8,1.0
histórico,0,8,8,1.0
actualis,0,8,8,1.0
italia,3,5,8,0.625
crowley,1,7,8,0.875
pericl,0,8,8,1.0
memoir,1,7,8,0.875
sparg,0,8,8,1.0
childbirth,0,8,8,1.0
chalkboard,0,8,8,1.0
groupoid,0,8,8,1.0
gloat,5,3,8,0.375
seadrift,8,0,8,0.0
depoi,0,8,8,1.0
gadfli,3,5,8,0.625
pedicur,2,6,8,0.75
schoolroom,0,8,8,1.0
cyberstor,0,8,8,1.0
dragonfl,0,8,8,1.0
euphorbia,0,8,8,1.0
vapor,2,6,8,0.75
eucr,0,8,8,1.0
frangipani,0,8,8,1.0
highfalutin,0,8,8,1.0
zzo,0,8,8,1.0
pacifi,2,6,8,0.75
checkup,2,6,8,0.75
plover,0,8,8,1.0
cotman,0,8,8,1.0
farsight,0,8,8,1.0
schwertner,8,0,8,0.0
koin,8,0,8,0.0
vise,1,7,8,0.875
corrado,0,8,8,1.0
blusoft,0,8,8,1.0
jobslog,0,8,8,1.0
frm,5,3,8,0.375
wattag,1,7,8,0.875
skirmish,2,6,8,0.75
gigabit,1,7,8,0.875
calotteri,0,8,8,1.0
overshoot,0,8,8,1.0
pnter,0,8,8,1.0
serverl,0,8,8,1.0
dogtrot,0,8,8,1.0
flick,0,8,8,1.0
fanat,0,8,8,1.0
sourdough,0,8,8,1.0
vibracular,0,8,8,1.0
è,0,8,8,1.0
selma,0,8,8,1.0
cornish,0,8,8,1.0
ordonez,8,0,8,0.0
sagittariu,0,8,8,1.0
sundar,8,0,8,0.0
playroom,0,8,8,1.0
basswood,0,8,8,1.0
serpent,0,8,8,1.0
crc,8,0,8,0.0
eydeland,8,0,8,0.0
strata,3,5,8,0.625
cwd,0,8,8,1.0
fugal,0,8,8,1.0
matu,8,0,8,0.0
belveder,0,8,8,1.0
margret,6,2,8,0.25
recient,1,7,8,0.875
jasper,3,5,8,0.625
antonym,0,8,8,1.0
mtao,0,8,8,1.0
cauter,0,8,8,1.0
itu,3,5,8,0.625
tequila,2,6,8,0.75
theti,0,8,8,1.0
malley,8,0,8,0.0
oat,2,6,8,0.75
pric,0,8,8,1.0
colloquia,0,8,8,1.0
circumflex,0,8,8,1.0
lavend,1,7,8,0.875
skrco,0,8,8,1.0
lightsab,0,8,8,1.0
qbr,8,0,8,0.0
repugn,0,8,8,1.0
extran,0,8,8,1.0
praseodymium,0,8,8,1.0
shahnaz,8,0,8,0.0
jackknif,0,8,8,1.0
ducat,0,8,8,1.0
eleventh,1,7,8,0.875
gnostic,0,8,8,1.0
devin,4,4,8,0.5
minuet,0,8,8,1.0
xunepa,0,8,8,1.0
lenticula,0,8,8,1.0
gigahertz,0,8,8,1.0
abryou,0,8,8,1.0
autotransfus,0,8,8,1.0
lacan,0,8,8,1.0
xcol,8,0,8,0.0
quad,2,6,8,0.75
chunki,0,8,8,1.0
dfbe,0,8,8,1.0
phentermiin,0,8,8,1.0
pakistani,4,4,8,0.5
picket,0,8,8,1.0
engrav,1,7,8,0.875
spars,0,8,8,1.0
feudal,1,7,8,0.875
iridium,3,5,8,0.625
pincushion,0,8,8,1.0
troika,1,7,8,0.875
deepak,8,0,8,0.0
inexpedi,0,8,8,1.0
hoider,0,8,8,1.0
omnipot,3,5,8,0.625
milf,0,8,8,1.0
littleton,2,6,8,0.75
prognosi,0,8,8,1.0
lager,0,8,8,1.0
tainti,0,8,8,1.0
croupier,0,8,8,1.0
infotex,0,8,8,1.0
bistineau,8,0,8,0.0
hypnosi,0,8,8,1.0
privatefirm,8,0,8,0.0
isssu,7,1,8,0.125
hdaf,8,0,8,0.0
ridgepol,0,8,8,1.0
unmingl,0,8,8,1.0
noviembr,0,8,8,1.0
teppco,8,0,8,0.0
schroeding,0,8,8,1.0
rai,6,2,8,0.25
colorblindt,0,8,8,1.0
costopleur,0,8,8,1.0
recomplet,0,8,8,1.0
meilo,0,8,8,1.0
gadget,2,6,8,0.75
luisa,0,8,8,1.0
masi,0,8,8,1.0
scc,4,4,8,0.5
tolr,0,8,8,1.0
datsun,0,8,8,1.0
cinemat,0,8,8,1.0
mailcomesandgo,0,8,8,1.0
windowswindow,0,8,8,1.0
horolog,0,8,8,1.0
cremat,0,8,8,1.0
yv,0,8,8,1.0
sailfish,0,8,8,1.0
burg,0,8,8,1.0
peck,1,7,8,0.875
synthesi,0,8,8,1.0
painlessli,0,8,8,1.0
boorish,0,8,8,1.0
ezequiel,8,0,8,0.0
erad,2,6,8,0.75
pinhol,0,8,8,1.0
aac,0,8,8,1.0
turpentin,1,7,8,0.875
bartholomew,0,8,8,1.0
sect,1,7,8,0.875
avici,8,0,8,0.0
reflector,0,8,8,1.0
bater,0,8,8,1.0
devout,0,8,8,1.0
salient,1,7,8,0.875
heresi,0,8,8,1.0
rigg,0,8,8,1.0
orillion,8,0,8,0.0
zac,4,4,8,0.5
profileswindow,0,8,8,1.0
rift,3,5,8,0.625
ratemak,8,0,8,0.0
plaid,3,5,8,0.625
transcontinent,1,7,8,0.875
wop,1,7,8,0.875
inan,0,8,8,1.0
ladin,8,0,8,0.0
venetian,3,5,8,0.625
laocoon,0,8,8,1.0
lithic,0,8,8,1.0
downslop,0,8,8,1.0
bessik,8,0,8,0.0
councilmen,0,8,8,1.0
mawr,0,8,8,1.0
humu,0,8,8,1.0
genset,8,0,8,0.0
hollow,0,8,8,1.0
scotsman,1,7,8,0.875
jju,0,8,8,1.0
irishman,0,8,8,1.0
ccheck,0,8,8,1.0
lube,1,7,8,0.875
effluvium,0,8,8,1.0
colloq,0,8,8,1.0
diccionario,0,8,8,1.0
physiqu,0,8,8,1.0
currant,0,8,8,1.0
lcra,8,0,8,0.0
inop,0,8,8,1.0
edgerton,0,8,8,1.0
augit,0,8,8,1.0
pensiv,0,8,8,1.0
parcela,0,8,8,1.0
dvol,8,0,8,0.0
sixtieth,0,8,8,1.0
pubiicli,0,8,8,1.0
dextros,0,8,8,1.0
irreguiar,0,8,8,1.0
grommet,0,8,8,1.0
deathridg,8,0,8,0.0
bourbaki,0,8,8,1.0
huo,7,1,8,0.125
reindeer,1,7,8,0.875
yabloko,0,8,8,1.0
annulu,0,8,8,1.0
multimillion,7,1,8,0.125
dilatori,0,8,8,1.0
bobbl,0,8,8,1.0
,0,8,8,1.0
ihii,7,1,8,0.125
muffler,0,8,8,1.0
bitternut,0,8,8,1.0
coquett,0,8,8,1.0
mathematician,1,7,8,0.875
monitori,0,8,8,1.0
knell,3,5,8,0.625
vermoegen,0,8,8,1.0
dehumidif,0,8,8,1.0
turtleback,0,8,8,1.0
disconcert,7,1,8,0.125
adicional,0,8,8,1.0
octavia,1,7,8,0.875
rhett,6,2,8,0.25
lino,0,8,8,1.0
remonstr,0,8,8,1.0
parvenu,0,8,8,1.0
papier,7,1,8,0.125
cystein,0,8,8,1.0
monro,4,4,8,0.5
coppera,0,8,8,1.0
quinta,8,0,8,0.0
bessi,0,8,8,1.0
yavlinski,0,8,8,1.0
salud,0,8,8,1.0
jewelleri,0,8,8,1.0
althau,8,0,8,0.0
env,0,8,8,1.0
strow,0,8,8,1.0
giovanni,0,8,8,1.0
stroboscop,0,8,8,1.0
anyt,0,8,8,1.0
whoa,0,8,8,1.0
tradeweb,8,0,8,0.0
general,3,5,8,0.625
knick,4,4,8,0.5
printout,5,3,8,0.375
condiment,1,7,8,0.875
forethought,0,8,8,1.0
willamett,8,0,8,0.0
raincoat,0,8,8,1.0
lakh,8,0,8,0.0
vodafon,6,2,8,0.25
martyrdom,1,7,8,0.875
pseudoviaduct,0,8,8,1.0
zymg,0,8,8,1.0
fmrc,8,0,8,0.0
naax,0,8,8,1.0
seep,2,6,8,0.75
posterior,0,8,8,1.0
dickenson,8,0,8,0.0
shar,0,8,8,1.0
squander,1,7,8,0.875
woksal,0,8,8,1.0
wardlook,0,8,8,1.0
enmiti,0,8,8,1.0
flexdex,0,8,8,1.0
vocabl,0,8,8,1.0
evoc,0,8,8,1.0
nya,7,1,8,0.125
wein,0,8,8,1.0
apresentado,0,8,8,1.0
astra,8,0,8,0.0
modulu,0,8,8,1.0
sgibner,8,0,8,0.0
tav,0,8,8,1.0
habitat,1,7,8,0.875
carmona,8,0,8,0.0
catech,0,8,8,1.0
tant,0,8,8,1.0
kudzu,1,7,8,0.875
beadl,0,8,8,1.0
agrimoni,0,8,8,1.0
earner,1,7,8,0.875
bream,1,7,8,0.875
classact,8,0,8,0.0
summat,2,6,8,0.75
ladonna,7,1,8,0.125
airplu,0,8,8,1.0
whaley,8,0,8,0.0
hifalutin,0,8,8,1.0
alexia,6,2,8,0.25
zhou,8,0,8,0.0
jouk,0,8,8,1.0
galleryfurnitur,8,0,8,0.0
chatti,0,8,8,1.0
abogado,0,8,8,1.0
octubr,0,8,8,1.0
kissimme,0,8,8,1.0
ezra,0,8,8,1.0
baggi,0,8,8,1.0
iber,0,8,8,1.0
aboveboard,3,5,8,0.625
ultramodernist,0,8,8,1.0
bassett,1,7,8,0.875
jangl,0,8,8,1.0
dromedari,0,8,8,1.0
goodwayz,0,8,8,1.0
gnat,1,7,8,0.875
somer,1,7,8,0.875
bondag,0,8,8,1.0
unhcr,0,8,8,1.0
calamit,2,6,8,0.75
summertim,0,8,8,1.0
glucosamin,0,8,8,1.0
mccarrol,8,0,8,0.0
tripromoconsult,0,8,8,1.0
astatin,0,8,8,1.0
rung,3,5,8,0.625
tuxedo,0,8,8,1.0
lila,3,5,8,0.625
bexp,8,0,8,0.0
quirki,1,7,8,0.875
cinquefoil,0,8,8,1.0
algonquin,0,8,8,1.0
looksmart,0,8,8,1.0
centena,4,4,8,0.5
nonlinear,7,1,8,0.125
ogica,0,8,8,1.0
armament,0,8,8,1.0
invo,0,8,8,1.0
deber,0,8,8,1.0
lactos,0,8,8,1.0
grievou,0,8,8,1.0
ging,4,4,8,0.5
msdw,8,0,8,0.0
babbitt,0,8,8,1.0
holometabol,0,8,8,1.0
umload,0,8,8,1.0
germanium,0,8,8,1.0
demá,0,8,8,1.0
fondl,0,8,8,1.0
amorrortu,0,8,8,1.0
kinja,0,8,8,1.0
bandb,0,8,8,1.0
wachtendorf,8,0,8,0.0
cannonbal,0,8,8,1.0
sodium,1,7,8,0.875
calligraph,0,8,8,1.0
casteth,0,8,8,1.0
revelatori,0,8,8,1.0
confiscatori,0,8,8,1.0
highbal,0,8,8,1.0
bestial,0,8,8,1.0
ker,3,5,8,0.625
css,0,8,8,1.0
semora,8,0,8,0.0
hme,0,8,8,1.0
melon,0,8,8,1.0
migratori,0,8,8,1.0
corval,0,8,8,1.0
urethra,0,8,8,1.0
tith,0,8,8,1.0
elephantin,0,8,8,1.0
pyroxenit,0,8,8,1.0
giambron,8,0,8,0.0
paddl,1,7,8,0.875
frostbit,0,8,8,1.0
councilwomen,0,8,8,1.0
finer,0,8,8,1.0
config,2,6,8,0.75
countervail,0,8,8,1.0
vernal,0,8,8,1.0
rivotril,0,8,8,1.0
earthen,0,8,8,1.0
stickl,0,8,8,1.0
schist,0,8,8,1.0
escola,0,8,8,1.0
illum,0,8,8,1.0
ellagitannin,0,8,8,1.0
perk,2,6,8,0.75
quadric,0,8,8,1.0
lynett,8,0,8,0.0
organizacji,8,0,8,0.0
taft,4,4,8,0.5
hx,0,8,8,1.0
greener,4,4,8,0.5
compensa,0,8,8,1.0
hosieri,0,8,8,1.0
czechoslovakia,0,8,8,1.0
acqu,0,8,8,1.0
gwarzo,0,8,8,1.0
eurydic,0,8,8,1.0
bisect,0,8,8,1.0
havetherefor,0,8,8,1.0
frontiersman,0,8,8,1.0
bich,8,0,8,0.0
schlieren,0,8,8,1.0
flirtati,1,7,8,0.875
gheit,8,0,8,0.0
plantain,0,8,8,1.0
waldo,2,6,8,0.75
lacross,0,8,8,1.0
leatherfish,0,8,8,1.0
dissent,8,0,8,0.0
uld,0,8,8,1.0
rum,1,7,8,0.875
fuscesc,0,8,8,1.0
dax,8,0,8,0.0
elia,4,4,8,0.5
centiped,0,8,8,1.0
cho,3,5,8,0.625
huron,0,8,8,1.0
pitchston,0,8,8,1.0
piano,0,8,8,1.0
southpaw,0,8,8,1.0
purhas,2,6,8,0.75
eyou,0,8,8,1.0
pallet,1,7,8,0.875
ergnot,8,0,8,0.0
hairpin,0,8,8,1.0
falconri,0,8,8,1.0
kenob,3,5,8,0.625
jigsaw,1,7,8,0.875
lark,0,8,8,1.0
pennysto,0,8,8,1.0
fib,0,8,8,1.0
libidodur,0,8,8,1.0
dukedom,0,8,8,1.0
penicillin,0,8,8,1.0
polyglot,0,8,8,1.0
schumach,1,7,8,0.875
schwartzenburg,8,0,8,0.0
oben,0,8,8,1.0
eap,0,8,8,1.0
obliqu,0,8,8,1.0
laval,0,8,8,1.0
sidewal,0,8,8,1.0
oomiak,0,8,8,1.0
quaiifi,0,8,8,1.0
tau,1,7,8,0.875
pinehurst,0,8,8,1.0
glade,0,8,8,1.0
postbu,0,8,8,1.0
kaolinit,0,8,8,1.0
jardim,0,8,8,1.0
carnat,0,8,8,1.0
bootlegg,0,8,8,1.0
berea,0,8,8,1.0
abcsearch,0,8,8,1.0
traips,0,8,8,1.0
fete,1,7,8,0.875
wegen,1,7,8,0.875
aesc,8,0,8,0.0
prevacid,0,8,8,1.0
rbzxgv,8,0,8,0.0
desouza,8,0,8,0.0
bachillerato,0,8,8,1.0
bannerco,0,8,8,1.0
yazilimi,0,8,8,1.0
additionaliy,0,8,8,1.0
seiko,0,8,8,1.0
bema,0,8,8,1.0
affabl,0,8,8,1.0
utopian,2,6,8,0.75
mozambiqu,7,1,8,0.125
preemin,3,5,8,0.625
tesi,0,8,8,1.0
faad,0,8,8,1.0
ibuprofen,0,8,8,1.0
gannet,0,8,8,1.0
plato,0,8,8,1.0
dalrada,0,8,8,1.0
creditmetr,8,0,8,0.0
poderá,0,8,8,1.0
mrp,8,0,8,0.0
dietet,0,8,8,1.0
lenci,6,2,8,0.25
mcbride,5,3,8,0.375
viscer,2,6,8,0.75
uday,0,8,8,1.0
mullah,1,7,8,0.875
betoni,0,8,8,1.0
sprout,2,6,8,0.75
lauderdai,0,8,8,1.0
footpac,0,8,8,1.0
lundstrom,8,0,8,0.0
coli,0,8,8,1.0
icrosoft,0,8,8,1.0
hemorrhoid,0,8,8,1.0
husbandmen,0,8,8,1.0
norfolk,2,6,8,0.75
agglutinin,0,8,8,1.0
thymectomi,0,8,8,1.0
margi,5,3,8,0.375
schism,0,8,8,1.0
galloway,3,5,8,0.625
incbggc,0,8,8,1.0
noll,0,8,8,1.0
oyal,0,8,8,1.0
inaccess,4,4,8,0.5
fortum,8,0,8,0.0
farnel,8,0,8,0.0
residenci,0,8,8,1.0
antiquari,0,8,8,1.0
dowl,0,8,8,1.0
brazaiti,8,0,8,0.0
czarina,0,8,8,1.0
cataton,0,8,8,1.0
mcelroy,1,7,8,0.875
soggili,0,8,8,1.0
harvestman,0,8,8,1.0
annalen,0,8,8,1.0
desta,0,8,8,1.0
effluvia,0,8,8,1.0
forsook,0,8,8,1.0
siiver,0,8,8,1.0
casanova,0,8,8,1.0
craftsman,0,8,8,1.0
oran,0,8,8,1.0
koc,0,8,8,1.0
nunca,0,8,8,1.0
uneasi,4,4,8,0.5
harmonica,0,8,8,1.0
pimco,8,0,8,0.0
dicranoid,0,8,8,1.0
wineri,0,8,8,1.0
tong,1,7,8,0.875
marasca,0,8,8,1.0
infinitesim,1,7,8,0.875
savett,8,0,8,0.0
erectionhealthi,0,8,8,1.0
meteorit,0,8,8,1.0
splat,0,8,8,1.0
enol,0,8,8,1.0
zaziski,0,8,8,1.0
mmfoss,8,0,8,0.0
gloucest,0,8,8,1.0
flareboard,0,8,8,1.0
commissionship,0,8,8,1.0
tical,0,8,8,1.0
diagon,1,7,8,0.875
ncm,8,0,8,0.0
esact,0,8,8,1.0
proprietor,1,7,8,0.875
invoc,1,7,8,0.875
fili,0,8,8,1.0
kapok,0,8,8,1.0
biel,0,8,8,1.0
floridli,0,8,8,1.0
uniformli,8,0,8,0.0
maverick,0,8,8,1.0
pooh,0,8,8,1.0
keaton,0,8,8,1.0
hothead,0,8,8,1.0
oleandrin,0,8,8,1.0
ihop,0,8,8,1.0
rhoda,0,8,8,1.0
impugn,0,8,8,1.0
clipboard,0,8,8,1.0
otid,8,0,8,0.0
flz,0,8,8,1.0
brasileira,2,6,8,0.75
parasol,0,8,8,1.0
buzzsaw,0,8,8,1.0
wanker,0,8,8,1.0
hafnium,0,8,8,1.0
steed,0,8,8,1.0
divelbiss,8,0,8,0.0
abcd,0,8,8,1.0
concubin,0,8,8,1.0
perfunctori,0,8,8,1.0
nadir,2,6,8,0.75
hundredfold,0,8,8,1.0
biocentr,0,8,8,1.0
rolamento,0,8,8,1.0
margem,0,8,8,1.0
matricula,0,8,8,1.0
dayb,0,8,8,1.0
rxspecial,0,8,8,1.0
recomendaton,0,8,8,1.0
biackout,0,8,8,1.0
unintrigu,0,8,8,1.0
impecc,0,8,8,1.0
bigalow,8,0,8,0.0
varieg,0,8,8,1.0
gobbledygook,0,8,8,1.0
waser,8,0,8,0.0
ubspw,8,0,8,0.0
seidman,6,2,8,0.25
propheci,2,6,8,0.75
kohlrabi,0,8,8,1.0
ferrit,0,8,8,1.0
ilgio,0,8,8,1.0
boer,0,8,8,1.0
bimonthli,0,8,8,1.0
sobrinho,8,0,8,0.0
geociti,0,8,8,1.0
regga,0,8,8,1.0
qm,1,7,8,0.875
invesco,8,0,8,0.0
impound,0,8,8,1.0
bethesda,1,7,8,0.875
weav,2,6,8,0.75
grassley,8,0,8,0.0
jovilab,0,8,8,1.0
cornbread,0,8,8,1.0
firmar,0,8,8,1.0
seaward,0,8,8,1.0
feop,0,8,8,1.0
graven,0,8,8,1.0
tortuou,1,7,8,0.875
cmltrochta,8,0,8,0.0
extremist,6,2,8,0.25
philistin,0,8,8,1.0
opac,3,5,8,0.625
substrat,0,8,8,1.0
ellwood,0,8,8,1.0
smatter,1,7,8,0.875
fresnel,0,8,8,1.0
ethiopia,1,7,8,0.875
sallow,1,7,8,0.875
locomot,1,7,8,0.875
ponc,2,6,8,0.75
investorword,8,0,8,0.0
shauywn,8,0,8,0.0
palladia,0,8,8,1.0
epipharma,0,8,8,1.0
kop,3,5,8,0.625
thesecu,0,8,8,1.0
mardi,1,7,8,0.875
maytag,8,0,8,0.0
aviatrix,0,8,8,1.0
hera,0,8,8,1.0
ght,0,8,8,1.0
bushel,2,6,8,0.75
pua,8,0,8,0.0
occlus,0,8,8,1.0
hoi,0,8,8,1.0
responsibl,8,0,8,0.0
electricx,8,0,8,0.0
duasý,0,8,8,1.0
retread,0,8,8,1.0
committeeman,0,8,8,1.0
lola,3,5,8,0.625
converi,8,0,8,0.0
barnet,0,8,8,1.0
aldou,8,0,8,0.0
ganar,0,8,8,1.0
jednak,8,0,8,0.0
wherefor,0,8,8,1.0
okunur,0,8,8,1.0
nautilu,0,8,8,1.0
armonk,0,8,8,1.0
muddi,4,4,8,0.5
contretemp,0,8,8,1.0
etstest,8,0,8,0.0
cto,4,4,8,0.5
commonw,0,8,8,1.0
paye,6,2,8,0.25
strategicaili,0,8,8,1.0
forfend,0,8,8,1.0
socio,0,8,8,1.0
doubloon,0,8,8,1.0
omic,0,8,8,1.0
umption,0,8,8,1.0
undespond,0,8,8,1.0
stefan,2,6,8,0.75
likeiy,0,8,8,1.0
shanti,0,8,8,1.0
vaiuation,0,8,8,1.0
corpoffic,8,0,8,0.0
iaee,8,0,8,0.0
unearth,5,3,8,0.375
finley,3,5,8,0.625
organizacin,0,8,8,1.0
christianson,0,8,8,1.0
hoje,0,8,8,1.0
avf,0,8,8,1.0
stagedom,0,8,8,1.0
quarrymen,0,8,8,1.0
gauleit,0,8,8,1.0
apic,0,8,8,1.0
manumit,0,8,8,1.0
amouth,0,8,8,1.0
bott,8,0,8,0.0
mimetrack,8,0,8,0.0
erlenmey,0,8,8,1.0
crabmeat,0,8,8,1.0
sandblast,0,8,8,1.0
faretrack,8,0,8,0.0
dutchman,0,8,8,1.0
pnte,0,8,8,1.0
rood,0,8,8,1.0
crain,1,7,8,0.875
unsold,3,5,8,0.625
inquisit,0,8,8,1.0
unedit,4,4,8,0.5
misma,0,8,8,1.0
lomb,0,8,8,1.0
nomlog,8,0,8,0.0
corpsmen,0,8,8,1.0
gsvdv,0,8,8,1.0
boathous,0,8,8,1.0
meier,2,6,8,0.75
kerosen,4,4,8,0.5
topographi,0,8,8,1.0
enn,8,0,8,0.0
pharmacolog,0,8,8,1.0
cashbynet,0,8,8,1.0
anyhgh,0,8,8,1.0
follicl,0,8,8,1.0
osier,0,8,8,1.0
sterneb,0,8,8,1.0
alberich,0,8,8,1.0
dumbest,5,3,8,0.375
pontiac,0,8,8,1.0
goatherd,0,8,8,1.0
upholsteri,0,8,8,1.0
succesfu,0,8,8,1.0
pulitz,1,7,8,0.875
roadmat,0,8,8,1.0
foamflow,0,8,8,1.0
charlesworth,0,8,8,1.0
bcv,0,8,8,1.0
westernpoint,0,8,8,1.0
cress,0,8,8,1.0
stalin,4,4,8,0.5
feinstein,7,1,8,0.125
falsehood,0,8,8,1.0
gnaw,0,8,8,1.0
bagley,0,8,8,1.0
uch,0,8,8,1.0
clausura,0,8,8,1.0
suffoc,0,8,8,1.0
tijuana,1,7,8,0.875
commonest,0,8,8,1.0
caspian,2,6,8,0.75
diethylstilbestrol,0,8,8,1.0
doue,0,8,8,1.0
moyer,2,6,8,0.75
innerlogo,0,8,8,1.0
quaver,0,8,8,1.0
triangular,0,8,8,1.0
covert,0,8,8,1.0
pdq,8,0,8,0.0
hitherto,2,6,8,0.75
seanet,0,8,8,1.0
siren,0,8,8,1.0
navighi,0,8,8,1.0
brbrsee,0,8,8,1.0
katya,2,6,8,0.75
upseb,8,0,8,0.0
fincl,8,0,8,0.0
creaki,0,8,8,1.0
menlo,3,5,8,0.625
muck,0,8,8,1.0
lxt,0,8,8,1.0
contributori,0,8,8,1.0
abas,0,8,8,1.0
kothari,8,0,8,0.0
drozdiak,8,0,8,0.0
tement,0,8,8,1.0
cartilagin,0,8,8,1.0
tristatecapit,0,8,8,1.0
apostila,0,8,8,1.0
deterg,2,6,8,0.75
bellatrix,0,8,8,1.0
slightiy,0,8,8,1.0
medicaid,5,3,8,0.375
badminton,0,8,8,1.0
þu,0,8,8,1.0
transcrib,2,6,8,0.75
newlyw,0,8,8,1.0
stoxmarket,0,8,8,1.0
mna,5,3,8,0.375
countrysid,0,8,8,1.0
icip,0,8,8,1.0
cca,6,2,8,0.25
psychoacoust,0,8,8,1.0
masqu,0,8,8,1.0
tempera,1,7,8,0.875
anted,0,8,8,1.0
swath,0,8,8,1.0
grubbi,0,8,8,1.0
hotoshop,0,8,8,1.0
iliti,0,8,8,1.0
paulin,1,7,8,0.875
impractic,0,8,8,1.0
viennes,0,8,8,1.0
decollim,0,8,8,1.0
ravindran,8,0,8,0.0
teahous,0,8,8,1.0
bottomley,8,0,8,0.0
ciudadana,0,8,8,1.0
kilpatrick,0,8,8,1.0
confirmcorp,8,0,8,0.0
chicayot,0,8,8,1.0
tipperi,8,0,8,0.0
comex,8,0,8,0.0
horrif,7,1,8,0.125
mizar,0,8,8,1.0
southard,8,0,8,0.0
pizzicato,0,8,8,1.0
wallboard,1,7,8,0.875
slither,0,8,8,1.0
cch,0,8,8,1.0
whittl,5,3,8,0.375
knowl,3,5,8,0.625
semant,2,6,8,0.75
roomi,4,4,8,0.5
samiel,0,8,8,1.0
rpubliqu,0,8,8,1.0
clarendon,0,8,8,1.0
vasquez,6,2,8,0.25
decisionmak,0,8,8,1.0
prescripti,0,8,8,1.0
verbatim,1,7,8,0.875
hutchison,2,6,8,0.75
honore,0,8,8,1.0
neptunium,0,8,8,1.0
fabless,0,8,8,1.0
nicodemu,0,8,8,1.0
incoher,0,8,8,1.0
biharmon,0,8,8,1.0
diversionari,0,8,8,1.0
hoax,2,6,8,0.75
cipat,0,8,8,1.0
bovin,1,7,8,0.875
dignifi,0,8,8,1.0
expon,0,8,8,1.0
cadastro,0,8,8,1.0
sana,0,8,8,1.0
longfellow,0,8,8,1.0
mutt,0,8,8,1.0
toroid,0,8,8,1.0
alkhayat,8,0,8,0.0
scrubber,7,1,8,0.125
sdi,0,8,8,1.0
cud,0,8,8,1.0
icp,0,8,8,1.0
wyandott,0,8,8,1.0
embow,0,8,8,1.0
flounc,0,8,8,1.0
pilfer,0,8,8,1.0
rewritten,8,0,8,0.0
mutini,0,8,8,1.0
shahdom,0,8,8,1.0
skunkwork,8,0,8,0.0
casbah,0,8,8,1.0
throng,2,6,8,0.75
onlinepharmaci,0,8,8,1.0
cezann,1,7,8,0.875
floridian,0,8,8,1.0
laidlaw,3,5,8,0.625
painewebb,8,0,8,0.0
annuli,0,8,8,1.0
counterfeit,2,6,8,0.75
fullpag,0,8,8,1.0
kalu,4,4,8,0.5
bammelyoungfamili,8,0,8,0.0
empilhadeira,0,8,8,1.0
canker,0,8,8,1.0
cashpromot,0,8,8,1.0
seh,7,1,8,0.125
jorion,8,0,8,0.0
friez,0,8,8,1.0
flaherman,8,0,8,0.0
groat,0,8,8,1.0
bouffant,0,8,8,1.0
homomorph,0,8,8,1.0
pau,0,8,8,1.0
telegram,1,7,8,0.875
arrack,0,8,8,1.0
leander,0,8,8,1.0
signor,0,8,8,1.0
brickbat,0,8,8,1.0
lonesom,0,8,8,1.0
rhodonit,0,8,8,1.0
roach,4,4,8,0.5
xmo,0,8,8,1.0
eggshel,0,8,8,1.0
unblanch,0,8,8,1.0
chloroplatin,0,8,8,1.0
breakag,1,7,8,0.875
pharmo,0,8,8,1.0
slog,0,8,8,1.0
uhcl,8,0,8,0.0
rudwel,8,0,8,0.0
iqu,0,8,8,1.0
fructifi,0,8,8,1.0
gamin,0,8,8,1.0
scincoid,0,8,8,1.0
publicitaria,0,8,8,1.0
idf,8,0,8,0.0
lounsburi,0,8,8,1.0
harish,8,0,8,0.0
botchlett,8,0,8,0.0
onychophyma,0,8,8,1.0
mirth,0,8,8,1.0
whine,5,3,8,0.375
saturn,5,3,8,0.375
flog,0,8,8,1.0
impud,0,8,8,1.0
esmark,0,8,8,1.0
rop,0,8,8,1.0
stepfath,0,8,8,1.0
bathurst,0,8,8,1.0
harbert,8,0,8,0.0
fishpond,0,8,8,1.0
servico,7,1,8,0.125
aforesaid,1,7,8,0.875
toughest,5,3,8,0.375
thomason,8,0,8,0.0
dival,0,8,8,1.0
nospam,0,8,8,1.0
hunaid,8,0,8,0.0
painstak,3,5,8,0.625
gargl,0,8,8,1.0
decasperm,0,8,8,1.0
ovum,0,8,8,1.0
infraestructura,0,8,8,1.0
alcesti,0,8,8,1.0
quarantin,4,4,8,0.5
conferencia,4,4,8,0.5
leah,8,0,8,0.0
maul,0,8,8,1.0
ludicr,5,3,8,0.375
neostriatum,0,8,8,1.0
ntp,8,0,8,0.0
humeru,0,8,8,1.0
cathedra,0,8,8,1.0
nachrichten,0,8,8,1.0
ude,0,8,8,1.0
rosari,0,8,8,1.0
libretto,0,8,8,1.0
payton,7,1,8,0.125
virgil,0,8,8,1.0
ausland,0,8,8,1.0
alveolu,0,8,8,1.0
splint,0,8,8,1.0
texmex,8,0,8,0.0
hrsg,8,0,8,0.0
undo,6,2,8,0.25
megalomania,0,8,8,1.0
slutti,0,8,8,1.0
fcm,0,8,8,1.0
rancid,0,8,8,1.0
buttermilk,0,8,8,1.0
fuss,2,6,8,0.75
quattrocchi,8,0,8,0.0
obelisk,0,8,8,1.0
myel,0,8,8,1.0
dzcv,8,0,8,0.0
mali,0,8,8,1.0
amrresearch,8,0,8,0.0
patrist,0,8,8,1.0
wool,2,6,8,0.75
xcel,8,0,8,0.0
newland,8,0,8,0.0
usc,2,6,8,0.75
disaccharid,0,8,8,1.0
helmet,2,6,8,0.75
mole,1,7,8,0.875
downstair,1,7,8,0.875
schenectadi,0,8,8,1.0
lianc,0,8,8,1.0
nari,1,7,8,0.875
smokescreen,1,7,8,0.875
funtimed,0,8,8,1.0
brazoria,8,0,8,0.0
twc,2,6,8,0.75
baklava,0,8,8,1.0
leeward,0,8,8,1.0
zr,3,5,8,0.625
terrac,2,6,8,0.75
kiva,1,7,8,0.875
glimps,3,5,8,0.625
matchavariani,8,0,8,0.0
tremul,0,8,8,1.0
rucku,1,7,8,0.875
kaul,8,0,8,0.0
quickplac,8,0,8,0.0
dealloc,0,8,8,1.0
urn,0,8,8,1.0
wcom,8,0,8,0.0
humpti,0,8,8,1.0
infiamm,0,8,8,1.0
annapoli,0,8,8,1.0
fossilifer,0,8,8,1.0
maximo,0,8,8,1.0
porch,2,6,8,0.75
sanvido,8,0,8,0.0
bremen,1,7,8,0.875
mmm,3,5,8,0.625
cheesecloth,0,8,8,1.0
qualcomm,5,3,8,0.375
humour,1,7,8,0.875
cpunk,0,8,8,1.0
thereon,1,7,8,0.875
fbo,0,8,8,1.0
cornea,0,8,8,1.0
splay,0,8,8,1.0
boyar,0,8,8,1.0
inhold,0,8,8,1.0
ichneumon,0,8,8,1.0
counterintuit,1,7,8,0.875
californium,0,8,8,1.0
steadfast,2,6,8,0.75
bouncingli,0,8,8,1.0
osteopath,0,8,8,1.0
xango,0,8,8,1.0
spongi,0,8,8,1.0
ibekw,0,8,8,1.0
ipar,0,8,8,1.0
xer,0,8,8,1.0
zimpfer,0,8,8,1.0
goldfish,0,8,8,1.0
wreath,0,8,8,1.0
shin,5,3,8,0.375
okaro,0,8,8,1.0
numismatist,0,8,8,1.0
chinawtc,0,8,8,1.0
swore,0,8,8,1.0
dalal,8,0,8,0.0
boletu,0,8,8,1.0
marston,8,0,8,0.0
anwr,8,0,8,0.0
sylvest,0,8,8,1.0
rtackett,8,0,8,0.0
fusillad,0,8,8,1.0
annonac,0,8,8,1.0
springtim,0,8,8,1.0
ngt,8,0,8,0.0
olin,3,5,8,0.625
muskellung,0,8,8,1.0
dewitt,0,8,8,1.0
direta,0,8,8,1.0
ponderosa,8,0,8,0.0
horrio,0,8,8,1.0
megalomaniac,0,8,8,1.0
chargeabl,0,8,8,1.0
chikhloo,0,8,8,1.0
shareown,3,5,8,0.625
goldwat,0,8,8,1.0
gerhardt,0,8,8,1.0
melodrama,0,8,8,1.0
somalia,2,6,8,0.75
dziadek,8,0,8,0.0
mda,5,3,8,0.375
shrew,0,8,8,1.0
dena,6,2,8,0.25
octenni,0,8,8,1.0
millin,7,1,8,0.125
berniec,0,8,8,1.0
disassoci,0,8,8,1.0
filet,3,5,8,0.625
subprim,1,7,8,0.875
allspic,0,8,8,1.0
sidewalk,1,7,8,0.875
gpo,1,7,8,0.875
sead,8,0,8,0.0
dairylea,0,8,8,1.0
sweepsatstak,0,8,8,1.0
ovat,0,8,8,1.0
helix,0,8,8,1.0
lipsett,8,0,8,0.0
smtpd,1,7,8,0.875
diversa,0,8,8,1.0
amand,1,7,8,0.875
volplan,0,8,8,1.0
cricket,1,7,8,0.875
carleton,0,8,8,1.0
ø,0,8,8,1.0
seroalbumin,0,8,8,1.0
sapl,0,8,8,1.0
countrymen,0,8,8,1.0
scarlet,2,6,8,0.75
finrad,8,0,8,0.0
oxxl,0,8,8,1.0
abdomen,0,8,8,1.0
kneel,1,7,8,0.875
isero,8,0,8,0.0
oldster,0,8,8,1.0
lor,0,8,8,1.0
trespass,0,8,8,1.0
expectat,0,8,8,1.0
dmxp,0,8,8,1.0
labori,0,8,8,1.0
trigonometri,0,8,8,1.0
flippant,0,8,8,1.0
harpoon,0,8,8,1.0
biraci,0,8,8,1.0
creon,0,8,8,1.0
gigavolt,0,8,8,1.0
biotit,0,8,8,1.0
nob,5,3,8,0.375
bz,2,6,8,0.75
sonora,3,5,8,0.625
enjoymedia,0,8,8,1.0
pooch,0,8,8,1.0
hotti,1,7,8,0.875
rmonlin,0,8,8,1.0
throne,0,8,8,1.0
apprentic,0,8,8,1.0
baden,0,8,8,1.0
drizzli,0,8,8,1.0
continuousiy,0,8,8,1.0
orwel,0,8,8,1.0
redtop,0,8,8,1.0
evansvil,0,8,8,1.0
latvia,2,6,8,0.75
rhenn,8,0,8,0.0
trilog,2,6,8,0.75
bastant,0,8,8,1.0
borderlin,2,6,8,0.75
quonset,0,8,8,1.0
joh,7,1,8,0.125
snook,0,8,8,1.0
bedpost,0,8,8,1.0
synneusi,0,8,8,1.0
complexionless,0,8,8,1.0
sextuplet,0,8,8,1.0
ferrul,0,8,8,1.0
pronoun,0,8,8,1.0
skull,0,8,8,1.0
ä,0,8,8,1.0
palfrey,2,6,8,0.75
pompadour,0,8,8,1.0
ideologu,0,8,8,1.0
defa,0,8,8,1.0
surrog,2,6,8,0.75
blip,1,7,8,0.875
calvici,0,8,8,1.0
incas,1,7,8,0.875
recon,3,5,8,0.625
errrect,0,8,8,1.0
therapist,0,8,8,1.0
makinen,8,0,8,0.0
eprim,8,0,8,0.0
indistinguish,0,8,8,1.0
mismat,0,8,8,1.0
autri,8,0,8,0.0
cejf,0,8,8,1.0
shirk,0,8,8,1.0
ashtray,0,8,8,1.0
bloat,0,8,8,1.0
hissproof,0,8,8,1.0
foresightless,0,8,8,1.0
kurth,8,0,8,0.0
thiink,0,8,8,1.0
palazzo,0,8,8,1.0
theo,5,3,8,0.375
chameleon,0,8,8,1.0
zoonomia,0,8,8,1.0
internetcd,0,8,8,1.0
mainstay,2,6,8,0.75
ordeal,3,5,8,0.625
denatur,0,8,8,1.0
characteris,8,0,8,0.0
curium,0,8,8,1.0
leatherback,0,8,8,1.0
staten,0,8,8,1.0
genteel,0,8,8,1.0
especializado,0,8,8,1.0
securi,0,8,8,1.0
toad,0,8,8,1.0
ukrauto,0,8,8,1.0
roughtail,0,8,8,1.0
reuben,1,7,8,0.875
exual,0,8,8,1.0
phytoestrogen,0,8,8,1.0
sadiq,0,8,8,1.0
shampoo,3,5,8,0.625
ineradic,0,8,8,1.0
terrestri,0,8,8,1.0
vine,4,4,8,0.5
hap,2,6,8,0.75
peas,5,3,8,0.375
dicha,0,8,8,1.0
elegiac,0,8,8,1.0
hurtl,0,8,8,1.0
gneiss,0,8,8,1.0
kindest,1,7,8,0.875
walia,8,0,8,0.0
chamberlain,0,8,8,1.0
diurnal,0,8,8,1.0
angstrom,0,8,8,1.0
neanderth,0,8,8,1.0
amazi,0,8,8,1.0
mulholland,8,0,8,0.0
hardin,3,5,8,0.625
camlem,8,0,8,0.0
wartim,4,4,8,0.5
thermoelectr,8,0,8,0.0
totai,0,8,8,1.0
ethyl,1,7,8,0.875
pisanti,8,0,8,0.0
acylogen,0,8,8,1.0
heeft,0,8,8,1.0
ciinica,0,8,8,1.0
commodor,0,8,8,1.0
andorra,0,8,8,1.0
tswg,8,0,8,0.0
sclerot,0,8,8,1.0
buchenwald,0,8,8,1.0
congenit,0,8,8,1.0
floodlight,0,8,8,1.0
potomac,3,5,8,0.625
debauch,0,8,8,1.0
wot,7,1,8,0.125
asept,0,8,8,1.0
mechel,7,1,8,0.125
jako,8,0,8,0.0
flemish,1,7,8,0.875
oferec,0,8,8,1.0
cabaret,0,8,8,1.0
unsimpl,0,8,8,1.0
gallonag,0,8,8,1.0
groggi,0,8,8,1.0
galley,3,5,8,0.625
succumb,4,4,8,0.5
globular,0,8,8,1.0
rtisement,0,8,8,1.0
shifali,8,0,8,0.0
contenu,6,2,8,0.25
fritch,8,0,8,0.0
frazzl,2,6,8,0.75
extrovers,0,8,8,1.0
nemtsov,0,8,8,1.0
sheldon,5,3,8,0.375
gci,0,8,8,1.0
fraisi,8,0,8,0.0
lookback,8,0,8,0.0
letterman,0,8,8,1.0
ameriflash,8,0,8,0.0
plier,2,6,8,0.75
puckish,0,8,8,1.0
peis,0,8,8,1.0
phosphoryl,0,8,8,1.0
homerun,1,7,8,0.875
elat,0,8,8,1.0
misbil,0,8,8,1.0
silt,0,8,8,1.0
emblemat,0,8,8,1.0
doramail,0,8,8,1.0
uphold,6,2,8,0.25
bundu,0,8,8,1.0
cristina,5,3,8,0.375
mtodo,0,8,8,1.0
metroplex,0,8,8,1.0
tumult,5,3,8,0.375
freelinksnetwork,0,8,8,1.0
draemer,8,0,8,0.0
downdraft,1,7,8,0.875
wield,4,4,8,0.5
ruwan,8,0,8,0.0
lattic,1,7,8,0.875
deletedl,0,8,8,1.0
underwat,8,0,8,0.0
reshuffl,5,3,8,0.375
lavabo,0,8,8,1.0
jaedick,8,0,8,0.0
enchant,3,5,8,0.625
highpric,0,8,8,1.0
refractori,0,8,8,1.0
renomin,8,0,8,0.0
lindbergh,0,8,8,1.0
fledgl,5,3,8,0.375
portend,1,7,8,0.875
convieni,2,6,8,0.75
cmht,8,0,8,0.0
callaghan,1,7,8,0.875
alundum,0,8,8,1.0
pkwi,1,7,8,0.875
engl,2,6,8,0.75
planoconvex,0,8,8,1.0
prussia,0,8,8,1.0
investiss,0,8,8,1.0
ncp,8,0,8,0.0
tenneco,2,6,8,0.75
ngw,0,8,8,1.0
compt,0,8,8,1.0
duri,0,8,8,1.0
counterpois,0,8,8,1.0
dodger,2,6,8,0.75
alulet,0,8,8,1.0
breakeven,5,3,8,0.375
rutherford,3,5,8,0.625
writh,0,8,8,1.0
shako,0,8,8,1.0
dampier,0,8,8,1.0
crummi,1,7,8,0.875
chore,1,7,8,0.875
khaki,4,4,8,0.5
nedbank,0,8,8,1.0
serendip,0,8,8,1.0
gantlet,0,8,8,1.0
washburn,0,8,8,1.0
uce,0,8,8,1.0
firefli,0,8,8,1.0
arr,5,3,8,0.375
franker,2,6,8,0.75
ottawa,1,7,8,0.875
icat,0,8,8,1.0
incongru,1,7,8,0.875
sexiest,0,8,8,1.0
firststepsit,8,0,8,0.0
trig,0,8,8,1.0
olivu,0,8,8,1.0
leela,8,0,8,0.0
psychotherapist,0,8,8,1.0
gangway,0,8,8,1.0
dopant,0,8,8,1.0
measl,0,8,8,1.0
conferr,0,8,8,1.0
aryl,0,8,8,1.0
diathesi,0,8,8,1.0
dominio,0,8,8,1.0
kucho,0,8,8,1.0
lerea,8,0,8,0.0
nsw,5,3,8,0.375
midafternoon,8,0,8,0.0
pisd,8,0,8,0.0
countermen,0,8,8,1.0
zp,4,4,8,0.5
apathet,0,8,8,1.0
lookup,0,8,8,1.0
underneath,3,5,8,0.625
infern,0,8,8,1.0
winc,2,6,8,0.75
siempr,0,8,8,1.0
boatyard,0,8,8,1.0
amerex,8,0,8,0.0
coleridg,0,8,8,1.0
fineri,3,5,8,0.625
omnibu,5,3,8,0.375
thom,6,2,8,0.25
repiy,0,8,8,1.0
shriek,1,7,8,0.875
macroscop,0,8,8,1.0
suryan,8,0,8,0.0
gimmickri,0,8,8,1.0
reparación,0,8,8,1.0
enid,1,7,8,0.875
roenz,8,0,8,0.0
thigh,0,8,8,1.0
brimston,0,8,8,1.0
minstrelsi,0,8,8,1.0
swarthmor,0,8,8,1.0
beryl,0,8,8,1.0
nostril,0,8,8,1.0
medel,8,0,8,0.0
gulli,0,8,8,1.0
copybook,0,8,8,1.0
tenemo,0,8,8,1.0
ardenc,0,8,8,1.0
mbeki,0,8,8,1.0
neccessari,1,7,8,0.875
revaccin,0,8,8,1.0
ýngýlýzce,0,8,8,1.0
vonbock,8,0,8,0.0
spn,0,8,8,1.0
fluorid,0,8,8,1.0
archfool,0,8,8,1.0
preempt,4,4,8,0.5
birdse,0,8,8,1.0
moiseyev,0,8,8,1.0
pactiv,0,8,8,1.0
hydroxi,0,8,8,1.0
sulfid,0,8,8,1.0
usjf,8,0,8,0.0
unsurpass,0,8,8,1.0
espaol,0,8,8,1.0
rumpl,0,8,8,1.0
flagston,0,8,8,1.0
lupu,6,2,8,0.25
julho,0,8,8,1.0
altimet,0,8,8,1.0
enclosur,5,3,8,0.375
stunt,2,6,8,0.75
basophil,0,8,8,1.0
gdzie,3,5,8,0.625
hydrant,0,8,8,1.0
archeri,0,8,8,1.0
midwint,0,8,8,1.0
roberta,0,8,8,1.0
masochist,0,8,8,1.0
cranston,0,8,8,1.0
jock,0,8,8,1.0
mississauga,0,8,8,1.0
blandish,0,8,8,1.0
weijun,8,0,8,0.0
franca,0,8,8,1.0
genar,0,8,8,1.0
sincalin,0,8,8,1.0
candlelight,2,6,8,0.75
epsomit,0,8,8,1.0
heaney,8,0,8,0.0
horsehair,0,8,8,1.0
sideman,0,8,8,1.0
llevar,1,7,8,0.875
cnerp,0,8,8,1.0
behr,8,0,8,0.0
advise,0,8,8,1.0
frigga,0,8,8,1.0
thingman,0,8,8,1.0
idealiy,0,8,8,1.0
butcher,3,5,8,0.625
approb,0,8,8,1.0
kemen,8,0,8,0.0
usx,8,0,8,0.0
strongfont,0,8,8,1.0
muzi,0,8,8,1.0
fungibl,2,6,8,0.75
pune,3,5,8,0.625
talcott,8,0,8,0.0
ocai,0,8,8,1.0
physcial,8,0,8,0.0
mothbal,4,4,8,0.5
efectivo,0,8,8,1.0
siphon,1,7,8,0.875
celiu,0,8,8,1.0
haitian,0,8,8,1.0
oswald,0,8,8,1.0
politick,4,4,8,0.5
koka,8,0,8,0.0
vailey,0,8,8,1.0
insouci,3,5,8,0.625
moneywort,0,8,8,1.0
stockmak,0,8,8,1.0
aider,0,8,8,1.0
satx,8,0,8,0.0
ehold,0,8,8,1.0
sanitarium,0,8,8,1.0
ionospher,0,8,8,1.0
flotat,3,5,8,0.625
farouk,8,0,8,0.0
awsuit,0,8,8,1.0
surmount,1,7,8,0.875
needlepoint,0,8,8,1.0
caldera,1,7,8,0.875
rodolfo,7,1,8,0.125
singabl,0,8,8,1.0
transcod,0,8,8,1.0
gumbo,0,8,8,1.0
tallow,0,8,8,1.0
repr,0,8,8,1.0
crone,0,8,8,1.0
vade,0,8,8,1.0
circumscript,0,8,8,1.0
tgp,8,0,8,0.0
christain,1,7,8,0.875
gosl,1,7,8,0.875
eest,0,8,8,1.0
mummi,0,8,8,1.0
organizao,0,8,8,1.0
türkçe,0,8,8,1.0
mooki,0,8,8,1.0
eshopp,0,8,8,1.0
mexicana,0,8,8,1.0
nowis,0,8,8,1.0
magnat,0,8,8,1.0
sidecar,0,8,8,1.0
transitori,3,5,8,0.625
fondli,1,7,8,0.875
daewoo,3,5,8,0.625
oceansid,0,8,8,1.0
stathi,8,0,8,0.0
choreographi,0,8,8,1.0
kokinda,8,0,8,0.0
knack,1,7,8,0.875
burger,2,6,8,0.75
ciimb,0,8,8,1.0
droop,0,8,8,1.0
eavesdropp,1,7,8,0.875
pleistocen,0,8,8,1.0
lmbgfaeh,0,8,8,1.0
vanek,8,0,8,0.0
curli,0,8,8,1.0
geiger,1,7,8,0.875
affer,0,8,8,1.0
matic,0,8,8,1.0
crispin,0,8,8,1.0
redston,0,8,8,1.0
pharrn,0,8,8,1.0
mouthpiec,0,8,8,1.0
mbaban,0,8,8,1.0
interno,0,8,8,1.0
blackrock,8,0,8,0.0
epimorph,0,8,8,1.0
tgc,8,0,8,0.0
lilac,0,8,8,1.0
anatom,0,8,8,1.0
scoreboard,3,5,8,0.625
rockbound,0,8,8,1.0
patio,2,6,8,0.75
wx,2,6,8,0.75
contraven,0,8,8,1.0
magnanim,0,8,8,1.0
authoritarian,0,8,8,1.0
sculptor,0,8,8,1.0
penit,0,8,8,1.0
asiat,0,8,8,1.0
ladwp,8,0,8,0.0
finaiiz,0,8,8,1.0
hyphen,1,7,8,0.875
instanti,0,8,8,1.0
uniphas,8,0,8,0.0
canteen,0,8,8,1.0
credo,0,8,8,1.0
chinamen,0,8,8,1.0
ecumenist,0,8,8,1.0
sullo,8,0,8,0.0
manic,0,8,8,1.0
leer,1,7,8,0.875
caitech,0,8,8,1.0
perihelion,0,8,8,1.0
berglund,0,8,8,1.0
corvoid,0,8,8,1.0
clotho,0,8,8,1.0
jamm,0,8,8,1.0
mizuho,0,8,8,1.0
tradabl,8,0,8,0.0
lora,7,1,8,0.125
clergyman,0,8,8,1.0
falloff,4,4,8,0.5
flak,1,7,8,0.875
kombu,0,8,8,1.0
royc,2,6,8,0.75
workmanlik,0,8,8,1.0
chirp,0,8,8,1.0
przepraszam,8,0,8,0.0
hapsburg,0,8,8,1.0
lqqk,0,8,8,1.0
lett,2,6,8,0.75
epp,7,1,8,0.125
pilll,0,8,8,1.0
instalar,0,8,8,1.0
lineaslada,0,8,8,1.0
bernardino,0,8,8,1.0
grope,0,8,8,1.0
forsak,2,6,8,0.75
escapad,0,8,8,1.0
holyston,0,8,8,1.0
bursti,0,8,8,1.0
bericht,0,8,8,1.0
predictor,1,7,8,0.875
macroprocessor,0,8,8,1.0
fibromyalgia,0,8,8,1.0
bandstand,0,8,8,1.0
persh,0,8,8,1.0
aftermarket,0,8,8,1.0
zoe,3,5,8,0.625
samaniego,8,0,8,0.0
cgt,8,0,8,0.0
armenia,0,8,8,1.0
bitwis,0,8,8,1.0
incalcul,0,8,8,1.0
steami,0,8,8,1.0
hoyt,3,5,8,0.625
xnx,0,8,8,1.0
plowman,0,8,8,1.0
memoranda,1,7,8,0.875
fha,0,8,8,1.0
nico,1,7,8,0.875
handpick,6,2,8,0.25
buchwald,0,8,8,1.0
nightshirt,0,8,8,1.0
leaflet,2,6,8,0.75
erranc,0,8,8,1.0
pvol,8,0,8,0.0
stroll,4,4,8,0.5
dino,2,6,8,0.75
amra,0,8,8,1.0
werbung,0,8,8,1.0
esti,0,8,8,1.0
circ,0,8,8,1.0
afre,0,8,8,1.0
counci,0,8,8,1.0
frock,0,8,8,1.0
epiderm,0,8,8,1.0
orthonorm,0,8,8,1.0
asund,0,8,8,1.0
assylum,0,8,8,1.0
mcrae,5,3,8,0.375
coiffur,0,8,8,1.0
mandola,8,0,8,0.0
calcuiat,0,8,8,1.0
haiku,0,8,8,1.0
madeira,0,8,8,1.0
weblog,0,8,8,1.0
ervin,3,5,8,0.625
preteen,0,8,8,1.0
hater,0,8,8,1.0
captor,0,8,8,1.0
headstand,0,8,8,1.0
wz,0,8,8,1.0
espinosa,0,8,8,1.0
sangwin,8,0,8,0.0
lifeblood,2,6,8,0.75
boredom,0,8,8,1.0
bourgeoisi,0,8,8,1.0
banjo,1,7,8,0.875
normalci,3,5,8,0.625
hesist,0,8,8,1.0
goof,3,5,8,0.625
baud,0,8,8,1.0
bea,2,6,8,0.75
rk,0,8,8,1.0
goldens,0,8,8,1.0
vase,3,5,8,0.625
sussex,0,8,8,1.0
uhmain,8,0,8,0.0
nlbxo,8,0,8,0.0
djw,6,2,8,0.25
ossa,8,0,8,0.0
menschen,0,8,8,1.0
fibertel,0,8,8,1.0
bonné,0,8,8,1.0
slingshot,0,8,8,1.0
yk,0,8,8,1.0
mountainsid,0,8,8,1.0
assam,0,8,8,1.0
serfdom,0,8,8,1.0
abcdef,0,8,8,1.0
zd,0,8,8,1.0
awai,8,0,8,0.0
micron,3,5,8,0.625
diocesan,0,8,8,1.0
channelview,8,0,8,0.0
ubiqu,0,8,8,1.0
regula,0,8,8,1.0
jefe,1,7,8,0.875
entourag,0,8,8,1.0
scrapbook,0,8,8,1.0
edlm,0,8,8,1.0
lithuania,1,7,8,0.875
gubernatori,5,3,8,0.375
blockhous,0,8,8,1.0
ctprti,8,0,8,0.0
paulsen,3,5,8,0.625
gobbl,1,7,8,0.875
sahara,0,8,8,1.0
investigatori,2,6,8,0.75
devolv,0,8,8,1.0
distribucin,0,8,8,1.0
conjunto,0,8,8,1.0
selena,4,4,8,0.5
camarillo,3,5,8,0.625
weatherstrip,0,8,8,1.0
handicraftsmen,0,8,8,1.0
elizabethan,0,8,8,1.0
bagwel,8,0,8,0.0
bluefish,1,7,8,0.875
matilda,0,8,8,1.0
transist,8,0,8,0.0
messagelogin,0,8,8,1.0
townsend,5,3,8,0.375
unwieldi,3,5,8,0.625
forgav,1,7,8,0.875
lenf,0,8,8,1.0
carpool,8,0,8,0.0
handlin,3,5,8,0.625
magi,0,8,8,1.0
lemaistr,8,0,8,0.0
hornmouth,0,8,8,1.0
canari,1,7,8,0.875
humlicek,8,0,8,0.0
appleton,1,7,8,0.875
abstent,0,8,8,1.0
policeman,1,7,8,0.875
goingwiththeflow,0,8,8,1.0
nihilist,0,8,8,1.0
euclidean,0,8,8,1.0
figaro,0,8,8,1.0
khi,0,8,8,1.0
wack,2,6,8,0.75
elong,0,8,8,1.0
nakadia,0,8,8,1.0
pron,0,8,8,1.0
cooley,5,3,8,0.375
declamatori,0,8,8,1.0
eleazar,0,8,8,1.0
digitalgogett,0,8,8,1.0
cravat,0,8,8,1.0
harvil,0,8,8,1.0
dpu,0,8,8,1.0
tellez,8,0,8,0.0
gastrodidymu,0,8,8,1.0
transferr,2,6,8,0.75
raster,0,8,8,1.0
blumenau,0,8,8,1.0
eagan,0,8,8,1.0
downtrodden,0,8,8,1.0
airman,0,8,8,1.0
pll,0,8,8,1.0
subtleti,3,5,8,0.625
sesam,1,7,8,0.875
nebul,1,7,8,0.875
gazel,0,8,8,1.0
erver,0,8,8,1.0
bedstraw,0,8,8,1.0
waterman,4,4,8,0.5
slang,0,8,8,1.0
porject,8,0,8,0.0
mangl,3,5,8,0.625
awn,0,8,8,1.0
gaff,0,8,8,1.0
royalclear,0,8,8,1.0
joni,7,1,8,0.125
fugit,2,6,8,0.75
anythingfory,0,8,8,1.0
cro,3,5,8,0.625
lobotomi,0,8,8,1.0
forehigh,0,8,8,1.0
siev,0,8,8,1.0
voluptu,0,8,8,1.0
gocoug,0,8,8,1.0
kking,0,8,8,1.0
delicaci,1,7,8,0.875
dtt,8,0,8,0.0
namepl,3,5,8,0.625
disprov,3,5,8,0.625
infam,4,4,8,0.5
stung,6,2,8,0.25
strop,0,8,8,1.0
arabi,0,8,8,1.0
acceleromet,0,8,8,1.0
hunk,0,8,8,1.0
congresswomen,0,8,8,1.0
distrust,4,4,8,0.5
economica,0,8,8,1.0
ehrlich,0,8,8,1.0
sultat,0,8,8,1.0
imperish,0,8,8,1.0
asteria,0,8,8,1.0
congeal,0,8,8,1.0
cet,3,5,8,0.625
noncash,8,0,8,0.0
adjudg,0,8,8,1.0
dfgsg,0,8,8,1.0
eletrnica,0,8,8,1.0
demor,5,3,8,0.375
colbert,5,3,8,0.375
southampton,2,6,8,0.75
ocarina,0,8,8,1.0
downbeat,2,6,8,0.75
microsal,0,8,8,1.0
pdh,8,0,8,0.0
hendri,8,0,8,0.0
darlin,0,8,8,1.0
inapt,0,8,8,1.0
potpourri,0,8,8,1.0
shunt,2,6,8,0.75
captech,0,8,8,1.0
homeward,0,8,8,1.0
eurosex,0,8,8,1.0
implemet,8,0,8,0.0
poweriin,0,8,8,1.0
acceptor,0,8,8,1.0
tefogl,8,0,8,0.0
ded,0,8,8,1.0
clicar,0,8,8,1.0
muschar,8,0,8,0.0
epicur,0,8,8,1.0
beebread,0,8,8,1.0
submitplu,0,8,8,1.0
meil,8,0,8,0.0
frenet,4,4,8,0.5
schiavon,3,5,8,0.625
fief,0,8,8,1.0
beachcomb,0,8,8,1.0
invicta,0,8,8,1.0
narr,6,2,8,0.25
truer,8,0,8,0.0
fifteenth,0,8,8,1.0
beggar,0,8,8,1.0
equaliy,0,8,8,1.0
cck,3,5,8,0.625
harem,0,8,8,1.0
stere,0,8,8,1.0
follicular,0,8,8,1.0
basal,0,8,8,1.0
tholt,8,0,8,0.0
anemon,0,8,8,1.0
provi,0,8,8,1.0
statesmoneyz,0,8,8,1.0
allotrop,0,8,8,1.0
whitehal,0,8,8,1.0
whither,0,8,8,1.0
primera,0,8,8,1.0
konrad,0,8,8,1.0
stewardship,7,1,8,0.125
efnplsjupt,0,8,8,1.0
unprofit,8,0,8,0.0
gaudett,8,0,8,0.0
mckee,0,8,8,1.0
ecar,8,0,8,0.0
cleat,0,8,8,1.0
bahrein,0,8,8,1.0
winnetka,1,7,8,0.875
mytholog,1,7,8,0.875
lesse,0,8,8,1.0
sgl,8,0,8,0.0
dihedr,0,8,8,1.0
brontosauru,0,8,8,1.0
treacheri,0,8,8,1.0
igl,0,8,8,1.0
yuck,0,8,8,1.0
extenu,1,7,8,0.875
emer,0,8,8,1.0
borat,0,8,8,1.0
pitcher,1,7,8,0.875
evitra,0,8,8,1.0
jx,0,8,8,1.0
hangmen,0,8,8,1.0
meedic,0,8,8,1.0
oakdal,0,8,8,1.0
havolin,8,0,8,0.0
kirsten,8,0,8,0.0
ù,0,8,8,1.0
leash,5,3,8,0.375
neodymium,0,8,8,1.0
magnesit,0,8,8,1.0
maldonado,8,0,8,0.0
reenter,1,7,8,0.875
sancho,0,8,8,1.0
mysiteinc,0,8,8,1.0
dotat,0,8,8,1.0
shoup,8,0,8,0.0
decenc,4,4,8,0.5
angaria,0,8,8,1.0
tootsi,1,7,8,0.875
pomegran,0,8,8,1.0
accost,0,8,8,1.0
staircas,2,6,8,0.75
regurgit,2,6,8,0.75
intercom,2,6,8,0.75
wrack,0,8,8,1.0
blowup,2,6,8,0.75
deadhead,0,8,8,1.0
rmaghom,8,0,8,0.0
slime,0,8,8,1.0
secondhand,1,7,8,0.875
jobtran,0,8,8,1.0
ydol,8,0,8,0.0
iletisim,0,8,8,1.0
ireiand,0,8,8,1.0
shoestr,0,8,8,1.0
kamara,0,8,8,1.0
alcatel,7,1,8,0.125
mcp,8,0,8,0.0
kimmel,5,3,8,0.375
penh,0,8,8,1.0
wspp,8,0,8,0.0
centaur,1,7,8,0.875
smud,8,0,8,0.0
rrp,0,8,8,1.0
groan,0,8,8,1.0
forney,8,0,8,0.0
herbalist,0,8,8,1.0
pullout,8,0,8,0.0
extinguish,3,5,8,0.625
ott,4,4,8,0.5
ferramenta,0,8,8,1.0
nevi,0,8,8,1.0
sociedad,1,7,8,0.875
nozzl,2,6,8,0.75
xpention,0,8,8,1.0
stadia,0,8,8,1.0
shutter,3,5,8,0.625
shrapnel,0,8,8,1.0
stagnant,0,8,8,1.0
fount,0,8,8,1.0
cholera,0,8,8,1.0
gangland,0,8,8,1.0
hyman,4,4,8,0.5
coltish,0,8,8,1.0
leviti,0,8,8,1.0
crestview,0,8,8,1.0
glom,0,8,8,1.0
cutter,1,7,8,0.875
frontlinefocu,0,8,8,1.0
çevýrý,0,8,8,1.0
prescrip,0,8,8,1.0
cereu,0,8,8,1.0
beechwood,0,8,8,1.0
anh,6,2,8,0.25
mammal,1,7,8,0.875
tarsi,8,0,8,0.0
triplett,0,8,8,1.0
psychiatr,0,8,8,1.0
hologram,0,8,8,1.0
lenor,0,8,8,1.0
apoio,0,8,8,1.0
profe,0,8,8,1.0
elf,6,2,8,0.25
mohav,8,0,8,0.0
meali,0,8,8,1.0
incestu,0,8,8,1.0
marong,8,0,8,0.0
spore,4,4,8,0.5
respit,4,4,8,0.5
causa,0,8,8,1.0
technica,1,7,8,0.875
sunbird,0,8,8,1.0
colli,0,8,8,1.0
saddam,2,6,8,0.75
patrician,0,8,8,1.0
lada,0,8,8,1.0
locut,0,8,8,1.0
eclogu,0,8,8,1.0
rowland,0,8,8,1.0
ying,8,0,8,0.0
obtien,0,8,8,1.0
lhl,0,8,8,1.0
myshoppingplac,0,8,8,1.0
porcupin,0,8,8,1.0
polyhedron,0,8,8,1.0
gangbang,0,8,8,1.0
stalk,4,4,8,0.5
idash,8,0,8,0.0
disculpa,0,8,8,1.0
biopsi,2,6,8,0.75
ytterbium,0,8,8,1.0
airdrop,0,8,8,1.0
flinti,0,8,8,1.0
drows,0,8,8,1.0
myorder,8,0,8,0.0
everhart,0,8,8,1.0
respir,0,8,8,1.0
guanidin,0,8,8,1.0
qoalo,0,8,8,1.0
plaqu,1,7,8,0.875
crackpot,0,8,8,1.0
realopt,8,0,8,0.0
lupe,4,4,8,0.5
whitten,0,8,8,1.0
firesid,0,8,8,1.0
kermit,3,5,8,0.625
infirmari,0,8,8,1.0
snug,0,8,8,1.0
grumula,8,0,8,0.0
animadvert,0,8,8,1.0
sandman,6,2,8,0.25
llustrat,0,8,8,1.0
ilford,0,8,8,1.0
hausdorff,0,8,8,1.0
enrolle,1,7,8,0.875
yamada,8,0,8,0.0
tinydr,0,8,8,1.0
terramail,0,8,8,1.0
pedal,2,6,8,0.75
eyesor,0,8,8,1.0
blare,0,8,8,1.0
turbofan,0,8,8,1.0
hummer,7,1,8,0.125
disband,8,0,8,0.0
headwat,0,8,8,1.0
stier,8,0,8,0.0
mermaid,2,6,8,0.75
morta,0,8,8,1.0
etkt,8,0,8,0.0
cessful,0,8,8,1.0
lovel,7,1,8,0.125
restless,0,8,8,1.0
insensit,0,8,8,1.0
haldenstein,8,0,8,0.0
nissan,0,8,8,1.0
quarrel,1,7,8,0.875
uncer,0,8,8,1.0
accepta,0,8,8,1.0
bartok,0,8,8,1.0
espana,1,7,8,0.875
hmmm,3,5,8,0.625
woodson,7,1,8,0.125
cdu,0,8,8,1.0
eugenia,2,6,8,0.75
violin,0,8,8,1.0
mxarray,0,8,8,1.0
minoan,0,8,8,1.0
verder,0,8,8,1.0
leider,0,8,8,1.0
stallion,0,8,8,1.0
irksom,0,8,8,1.0
csvdfh,0,8,8,1.0
propriocept,0,8,8,1.0
fiftieth,1,7,8,0.875
todayshow,0,8,8,1.0
bloqueo,0,8,8,1.0
emailaddress,0,8,8,1.0
drosophila,0,8,8,1.0
fantasia,0,8,8,1.0
stupor,0,8,8,1.0
antil,1,7,8,0.875
pepperi,0,8,8,1.0
coon,1,7,8,0.875
poffenroth,8,0,8,0.0
ifr,6,2,8,0.25
immisc,0,8,8,1.0
jobgalleriescom,0,8,8,1.0
somerset,1,7,8,0.875
wbradfo,8,0,8,0.0
squezz,0,8,8,1.0
stafford,5,3,8,0.375
dpl,7,1,8,0.125
discanon,0,8,8,1.0
unbear,2,6,8,0.75
prolus,0,8,8,1.0
ecmwf,8,0,8,0.0
pirogu,0,8,8,1.0
fedesarrollo,0,8,8,1.0
chantey,0,8,8,1.0
invstm,0,8,8,1.0
curiti,0,8,8,1.0
kelvin,1,7,8,0.875
geriatr,0,8,8,1.0
comprar,0,8,8,1.0
jamal,7,1,8,0.125
lymph,0,8,8,1.0
recibiendo,0,8,8,1.0
bto,0,8,8,1.0
vveight,0,8,8,1.0
socializ,0,8,8,1.0
juggl,2,6,8,0.75
cadi,1,7,8,0.875
gemin,0,8,8,1.0
appii,0,8,8,1.0
emiratestend,0,8,8,1.0
hrothgar,0,8,8,1.0
usted,0,8,8,1.0
aliceposta,0,8,8,1.0
jod,8,0,8,0.0
algenib,0,8,8,1.0
chrysanthemum,0,8,8,1.0
yx,0,8,8,1.0
puedan,0,8,8,1.0
regierung,0,8,8,1.0
mozart,0,8,8,1.0
mcnalli,0,8,8,1.0
rhea,0,8,8,1.0
confluent,0,8,8,1.0
elkin,8,0,8,0.0
conclu,6,2,8,0.25
aspher,0,8,8,1.0
yoshiura,8,0,8,0.0
pueraria,0,8,8,1.0
jacobson,3,5,8,0.625
teness,0,8,8,1.0
camouflag,2,6,8,0.75
sucker,6,2,8,0.25
inclos,0,8,8,1.0
infield,0,8,8,1.0
swastika,0,8,8,1.0
junctor,0,8,8,1.0
merrymak,0,8,8,1.0
intergr,2,6,8,0.75
hex,3,5,8,0.625
metallgesellschaft,8,0,8,0.0
hara,7,1,8,0.125
lakeland,6,2,8,0.25
graini,0,8,8,1.0
cloddish,0,8,8,1.0
abuild,0,8,8,1.0
cornelio,8,0,8,0.0
smoother,4,4,8,0.5
valenzuela,8,0,8,0.0
planetapprov,0,8,8,1.0
crandel,8,0,8,0.0
geoduck,0,8,8,1.0
gustat,0,8,8,1.0
cupo,0,8,8,1.0
lausann,0,8,8,1.0
mainfram,4,4,8,0.5
nubia,0,8,8,1.0
fermium,0,8,8,1.0
vroooom,0,8,8,1.0
msmswo,8,0,8,0.0
wept,0,8,8,1.0
thirst,1,7,8,0.875
provost,1,7,8,0.875
mll,0,8,8,1.0
incommunic,0,8,8,1.0
yumi,8,0,8,0.0
sappiest,0,8,8,1.0
dostoevski,0,8,8,1.0
ecobank,0,8,8,1.0
drugg,0,8,8,1.0
tart,1,7,8,0.875
nilay,8,0,8,0.0
semirami,0,8,8,1.0
honeyw,0,8,8,1.0
bisop,0,8,8,1.0
varia,0,8,8,1.0
firehous,0,8,8,1.0
ciliata,0,8,8,1.0
drawbaugh,8,0,8,0.0
obedi,0,8,8,1.0
suni,0,8,8,1.0
echinoderm,0,8,8,1.0
motoris,0,8,8,1.0
xnd,0,8,8,1.0
heo,8,0,8,0.0
statuari,0,8,8,1.0
jnl,0,8,8,1.0
rebec,0,8,8,1.0
effluent,0,8,8,1.0
waitress,3,5,8,0.625
aduitcryogen,0,8,8,1.0
pseudo,3,5,8,0.625
shrunken,0,8,8,1.0
cosin,0,8,8,1.0
rocc,8,0,8,0.0
quarrelsom,0,8,8,1.0
julissa,8,0,8,0.0
enamel,0,8,8,1.0
seabreez,8,0,8,0.0
shank,5,3,8,0.375
selen,0,8,8,1.0
bromat,0,8,8,1.0
handicraftsman,0,8,8,1.0
populardrug,0,8,8,1.0
matroid,0,8,8,1.0
creameri,2,6,8,0.75
ampersand,0,8,8,1.0
kindermorgan,8,0,8,0.0
ncl,5,3,8,0.375
uaig,0,8,8,1.0
enjoin,0,8,8,1.0
barrionuevo,8,0,8,0.0
looney,0,8,8,1.0
gander,0,8,8,1.0
tweedi,0,8,8,1.0
brockl,0,8,8,1.0
edata,8,0,8,0.0
moonset,0,8,8,1.0
bagha,8,0,8,0.0
ellipsomet,0,8,8,1.0
seventhpow,0,8,8,1.0
morphem,0,8,8,1.0
turbid,0,8,8,1.0
decaf,7,1,8,0.125
ksiazk,8,0,8,0.0
nordstrom,3,5,8,0.625
hale,3,5,8,0.625
altitud,0,8,8,1.0
byeby,0,8,8,1.0
casebook,1,7,8,0.875
overtak,5,3,8,0.375
nagi,0,7,7,1.0
twaddl,0,7,7,1.0
xanex,0,7,7,1.0
sickroom,0,7,7,1.0
mcintosh,0,7,7,1.0
rencontr,0,7,7,1.0
blg,0,7,7,1.0
mgoa,0,7,7,1.0
obtrus,0,7,7,1.0
stalklet,0,7,7,1.0
withdrawl,7,0,7,0.0
brandt,0,7,7,1.0
grappl,4,3,7,0.429
forbad,0,7,7,1.0
presupuesto,0,7,7,1.0
pomona,0,7,7,1.0
windl,2,5,7,0.714
vax,1,6,7,0.857
illegitim,0,7,7,1.0
chilblain,0,7,7,1.0
ssb,7,0,7,0.0
ozon,1,6,7,0.857
mescal,0,7,7,1.0
eyepiec,0,7,7,1.0
sive,0,7,7,1.0
syllogist,0,7,7,1.0
usuario,0,7,7,1.0
informaçõ,0,7,7,1.0
mailo,1,6,7,0.857
departmentebay,0,7,7,1.0
mindset,3,4,7,0.571
winifr,0,7,7,1.0
sleight,0,7,7,1.0
arya,7,0,7,0.0
solenoid,0,7,7,1.0
foil,0,7,7,1.0
ifont,0,7,7,1.0
cortex,0,7,7,1.0
cowpok,0,7,7,1.0
ruffl,0,7,7,1.0
gantri,0,7,7,1.0
orsak,7,0,7,0.0
meritocrat,7,0,7,0.0
aristotelean,0,7,7,1.0
heptan,0,7,7,1.0
toffe,0,7,7,1.0
abbonati,0,7,7,1.0
sparger,7,0,7,0.0
megabyt,2,5,7,0.714
befel,0,7,7,1.0
csco,7,0,7,0.0
fetu,0,7,7,1.0
vapid,0,7,7,1.0
outcrop,0,7,7,1.0
goblu,0,7,7,1.0
inca,0,7,7,1.0
ephesian,3,4,7,0.571
quod,0,7,7,1.0
cvm,6,1,7,0.143
jpmorganenergi,7,0,7,0.0
galen,1,6,7,0.857
idiomat,0,7,7,1.0
bellingham,2,5,7,0.714
pupil,1,6,7,0.857
pastoralist,0,7,7,1.0
squeege,0,7,7,1.0
comclick,0,7,7,1.0
necklin,0,7,7,1.0
pint,0,7,7,1.0
feldspar,0,7,7,1.0
deuterium,0,7,7,1.0
naden,7,0,7,0.0
prosthes,0,7,7,1.0
verdant,0,7,7,1.0
andscap,0,7,7,1.0
jimboman,7,0,7,0.0
lemuel,0,7,7,1.0
srinstitut,7,0,7,0.0
selldown,7,0,7,0.0
bellicos,0,7,7,1.0
guffaw,0,7,7,1.0
troup,0,7,7,1.0
uriel,0,7,7,1.0
básico,0,7,7,1.0
emba,5,2,7,0.286
prerank,7,0,7,0.0
brbrbrbrbrbr,0,7,7,1.0
diedrich,7,0,7,0.0
bijouteri,0,7,7,1.0
drub,0,7,7,1.0
noetherian,0,7,7,1.0
sinclair,5,2,7,0.286
inexpi,0,7,7,1.0
trebl,6,1,7,0.143
pullman,1,6,7,0.857
deleteri,0,7,7,1.0
aps,0,7,7,1.0
lyett,7,0,7,0.0
chitradurga,7,0,7,0.0
fbuffl,0,7,7,1.0
hungarian,0,7,7,1.0
kafkaesqu,0,7,7,1.0
crux,0,7,7,1.0
dildo,0,7,7,1.0
cursiv,0,7,7,1.0
nite,1,6,7,0.857
coachman,0,7,7,1.0
ranc,5,2,7,0.286
fulsom,0,7,7,1.0
shog,0,7,7,1.0
montros,6,1,7,0.143
mississippian,0,7,7,1.0
carefre,0,7,7,1.0
agway,0,7,7,1.0
epigrammat,0,7,7,1.0
informati,0,7,7,1.0
constantinopl,0,7,7,1.0
skopj,0,7,7,1.0
wardrob,3,4,7,0.571
timid,1,6,7,0.857
garret,1,6,7,0.857
mollusk,0,7,7,1.0
storytel,2,5,7,0.714
womenshealth,0,7,7,1.0
adair,0,7,7,1.0
curious,2,5,7,0.714
knead,1,6,7,0.857
fishman,7,0,7,0.0
inhomogen,0,7,7,1.0
nipsco,7,0,7,0.0
dion,0,7,7,1.0
gorman,2,5,7,0.714
,0,7,7,1.0
gefunden,0,7,7,1.0
karn,1,6,7,0.857
seagul,3,4,7,0.571
faraday,1,6,7,0.857
vq,4,3,7,0.429
cun,0,7,7,1.0
feeney,1,6,7,0.857
plainfield,0,7,7,1.0
inveigl,0,7,7,1.0
professori,2,5,7,0.714
crofton,5,2,7,0.286
zulu,0,7,7,1.0
kwk,7,0,7,0.0
hydrophob,0,7,7,1.0
esperanza,3,4,7,0.571
christlik,0,7,7,1.0
consultar,0,7,7,1.0
crusti,0,7,7,1.0
thunderstorm,0,7,7,1.0
osteoarthr,0,7,7,1.0
saavv,0,7,7,1.0
pgel,7,0,7,0.0
cider,0,7,7,1.0
tualatin,7,0,7,0.0
nape,1,6,7,0.857
trophic,0,7,7,1.0
impresario,0,7,7,1.0
meritori,2,5,7,0.714
bravura,0,7,7,1.0
subsum,0,7,7,1.0
ravin,0,7,7,1.0
sapient,2,5,7,0.714
bpu,7,0,7,0.0
levator,0,7,7,1.0
axiolog,0,7,7,1.0
fehlgeschlagen,0,7,7,1.0
isoverwhelm,0,7,7,1.0
twombl,0,7,7,1.0
jameson,5,2,7,0.286
jacobu,4,3,7,0.429
contr,7,0,7,0.0
perrin,7,0,7,0.0
presario,0,7,7,1.0
pee,0,7,7,1.0
wabash,0,7,7,1.0
inhibitori,0,7,7,1.0
lava,1,6,7,0.857
kosher,1,6,7,0.857
henestrosa,0,7,7,1.0
majest,0,7,7,1.0
sesia,0,7,7,1.0
nucleotid,0,7,7,1.0
photogen,0,7,7,1.0
cytochemistri,0,7,7,1.0
breaux,7,0,7,0.0
epiphysi,0,7,7,1.0
kongolo,0,7,7,1.0
pornograph,0,7,7,1.0
corrug,0,7,7,1.0
fusibl,0,7,7,1.0
chalieng,0,7,7,1.0
vial,0,7,7,1.0
streight,7,0,7,0.0
quak,0,7,7,1.0
opnet,7,0,7,0.0
ift,0,7,7,1.0
reactionari,0,7,7,1.0
unpardon,0,7,7,1.0
jazzfre,0,7,7,1.0
munson,1,6,7,0.857
seismograph,0,7,7,1.0
statesmanlik,0,7,7,1.0
kcc,5,2,7,0.286
cij,0,7,7,1.0
flatteri,0,7,7,1.0
igf,0,7,7,1.0
roadshow,7,0,7,0.0
thirsti,0,7,7,1.0
epigraph,0,7,7,1.0
satisf,0,7,7,1.0
westbound,3,4,7,0.571
matin,0,7,7,1.0
viscomet,0,7,7,1.0
lest,0,7,7,1.0
sabrina,4,3,7,0.429
debera,0,7,7,1.0
radon,0,7,7,1.0
hotli,6,1,7,0.143
rei,3,4,7,0.571
biometrika,0,7,7,1.0
pushpin,0,7,7,1.0
mccamey,7,0,7,0.0
mri,5,2,7,0.286
insofar,1,6,7,0.857
birdwatch,0,7,7,1.0
mishka,0,7,7,1.0
optometri,0,7,7,1.0
incondens,0,7,7,1.0
escritoir,0,7,7,1.0
cominco,2,5,7,0.714
groep,4,3,7,0.429
pearli,0,7,7,1.0
cyz,7,0,7,0.0
acclim,0,7,7,1.0
damnat,0,7,7,1.0
wedelmus,0,7,7,1.0
heureka,0,7,7,1.0
slacker,0,7,7,1.0
slat,0,7,7,1.0
evereadi,0,7,7,1.0
lyr,6,1,7,0.143
irreplac,0,7,7,1.0
indoctrin,0,7,7,1.0
observingli,0,7,7,1.0
tten,6,1,7,0.143
postscript,4,3,7,0.429
bq,0,7,7,1.0
lome,0,7,7,1.0
syo,0,7,7,1.0
comatos,0,7,7,1.0
tributari,2,5,7,0.714
cann,0,7,7,1.0
styptic,0,7,7,1.0
wilhelm,0,7,7,1.0
pinhead,0,7,7,1.0
redir,7,0,7,0.0
rypm,0,7,7,1.0
zesti,0,7,7,1.0
keystrok,1,6,7,0.857
fieri,1,6,7,0.857
parallelogram,0,7,7,1.0
turvi,0,7,7,1.0
waldron,0,7,7,1.0
mccann,0,7,7,1.0
wendel,3,4,7,0.571
contrario,0,7,7,1.0
anachronist,0,7,7,1.0
enfield,0,7,7,1.0
sentient,0,7,7,1.0
jkalbach,7,0,7,0.0
wove,0,7,7,1.0
muffin,3,4,7,0.571
rhombic,0,7,7,1.0
macromolecul,0,7,7,1.0
everytim,2,5,7,0.714
poultic,0,7,7,1.0
giddi,1,6,7,0.857
mojo,7,0,7,0.0
economis,0,7,7,1.0
tonit,6,1,7,0.143
principi,0,7,7,1.0
gardin,6,1,7,0.143
proxad,0,7,7,1.0
casserol,0,7,7,1.0
gelder,6,1,7,0.143
bulkbook,0,7,7,1.0
sech,0,7,7,1.0
lamonsoff,7,0,7,0.0
lithospher,0,7,7,1.0
atheism,0,7,7,1.0
contus,0,7,7,1.0
anda,0,7,7,1.0
dunford,7,0,7,0.0
plr,7,0,7,0.0
princelet,0,7,7,1.0
debugg,0,7,7,1.0
bohemia,0,7,7,1.0
nocera,7,0,7,0.0
atx,0,7,7,1.0
hebben,0,7,7,1.0
streamwort,0,7,7,1.0
suffield,7,0,7,0.0
snuffer,0,7,7,1.0
fussi,1,6,7,0.857
leapt,0,7,7,1.0
evista,0,7,7,1.0
autoclav,0,7,7,1.0
torrid,1,6,7,0.857
esl,1,6,7,0.857
alys,7,0,7,0.0
shutout,3,4,7,0.571
licenti,0,7,7,1.0
gurkha,0,7,7,1.0
currentsupport,0,7,7,1.0
yemen,2,5,7,0.714
cygnu,0,7,7,1.0
livro,0,7,7,1.0
sachem,0,7,7,1.0
sxn,7,0,7,0.0
untouch,2,5,7,0.714
heroism,4,3,7,0.429
eudoramail,0,7,7,1.0
securetim,0,7,7,1.0
posteriori,0,7,7,1.0
powerworld,7,0,7,0.0
jcaruso,7,0,7,0.0
shag,0,7,7,1.0
turbocharg,1,6,7,0.857
punster,0,7,7,1.0
barrera,1,6,7,0.857
noram,7,0,7,0.0
signif,0,7,7,1.0
asses,1,6,7,0.857
grammat,2,5,7,0.714
nahoutrd,7,0,7,0.0
cavit,0,7,7,1.0
bonaventur,0,7,7,1.0
gläubig,0,7,7,1.0
postwar,1,6,7,0.857
sonant,0,7,7,1.0
física,0,7,7,1.0
gtl,1,6,7,0.857
equivoc,1,6,7,0.857
llm,4,3,7,0.429
whimsic,0,7,7,1.0
trainingconsortium,0,7,7,1.0
gdno,0,7,7,1.0
barycentr,0,7,7,1.0
inkassobüro,0,7,7,1.0
jumpychat,0,7,7,1.0
committeewoman,0,7,7,1.0
contamo,0,7,7,1.0
banyo,0,7,7,1.0
joa,7,0,7,0.0
basement,7,0,7,0.0
rachidi,0,7,7,1.0
eglob,1,6,7,0.857
anticrypt,0,7,7,1.0
dosimet,0,7,7,1.0
tockhold,0,7,7,1.0
coproduct,0,7,7,1.0
ablx,7,0,7,0.0
fortran,5,2,7,0.286
heathkit,0,7,7,1.0
totti,0,7,7,1.0
pug,2,5,7,0.714
errantri,0,7,7,1.0
muzo,0,7,7,1.0
nucleo,0,7,7,1.0
negotiationskil,7,0,7,0.0
propylen,5,2,7,0.286
miktex,7,0,7,0.0
sweatband,0,7,7,1.0
disulfid,0,7,7,1.0
klicken,0,7,7,1.0
goodd,0,7,7,1.0
yerk,0,7,7,1.0
hippopotamu,0,7,7,1.0
priggish,0,7,7,1.0
perfectmeet,7,0,7,0.0
fairfield,5,2,7,0.286
chicori,0,7,7,1.0
brainchildren,0,7,7,1.0
raci,0,7,7,1.0
sepo,7,0,7,0.0
booksel,0,7,7,1.0
voraci,1,6,7,0.857
dor,0,7,7,1.0
mallet,0,7,7,1.0
cocksur,0,7,7,1.0
psycho,2,5,7,0.714
mira,1,6,7,0.857
rheum,0,7,7,1.0
hob,0,7,7,1.0
idioci,0,7,7,1.0
atch,0,7,7,1.0
cerebellum,0,7,7,1.0
coypu,0,7,7,1.0
shakeabl,0,7,7,1.0
curbsid,0,7,7,1.0
przede,7,0,7,0.0
swordplay,0,7,7,1.0
roderick,6,1,7,0.143
juana,5,2,7,0.286
excori,0,7,7,1.0
tapa,0,7,7,1.0
horsesho,0,7,7,1.0
norwalk,2,5,7,0.714
smallish,3,4,7,0.571
israni,7,0,7,0.0
drizzl,0,7,7,1.0
tepid,3,4,7,0.571
grandiloqu,0,7,7,1.0
moulag,0,7,7,1.0
recordson,0,7,7,1.0
onrush,0,7,7,1.0
nio,0,7,7,1.0
ducot,7,0,7,0.0
etch,2,5,7,0.714
flatland,0,7,7,1.0
uncanni,0,7,7,1.0
thumbnail,0,7,7,1.0
genv,0,7,7,1.0
pervad,1,6,7,0.857
zwart,0,7,7,1.0
alilum,0,7,7,1.0
wq,0,7,7,1.0
puffi,0,7,7,1.0
palaeographi,0,7,7,1.0
política,0,7,7,1.0
metcalf,2,5,7,0.714
serviceshttp,0,7,7,1.0
fpexmail,7,0,7,0.0
mirag,2,5,7,0.714
pithi,1,6,7,0.857
barbudo,0,7,7,1.0
possvel,0,7,7,1.0
lsi,3,4,7,0.571
aktif,0,7,7,1.0
workbench,3,4,7,0.571
greensward,0,7,7,1.0
trabulsi,7,0,7,0.0
scarciti,6,1,7,0.143
discomfrt,0,7,7,1.0
postord,0,7,7,1.0
hondura,0,7,7,1.0
optin,0,7,7,1.0
slav,0,7,7,1.0
furey,7,0,7,0.0
matchmak,0,7,7,1.0
memento,2,5,7,0.714
telco,1,6,7,0.857
industrialsmonthli,7,0,7,0.0
até,0,7,7,1.0
lundquist,1,6,7,0.857
pintor,0,7,7,1.0
syndyasmian,0,7,7,1.0
sanctifi,0,7,7,1.0
haze,1,6,7,0.857
apl,2,5,7,0.714
nummer,0,7,7,1.0
paleozo,0,7,7,1.0
enthalpi,0,7,7,1.0
muon,0,7,7,1.0
mozesz,2,5,7,0.714
sandton,0,7,7,1.0
morr,0,7,7,1.0
tapi,0,7,7,1.0
cng,7,0,7,0.0
lowland,0,7,7,1.0
minou,0,7,7,1.0
montagn,7,0,7,0.0
forestal,5,2,7,0.286
killam,7,0,7,0.0
bigmac,0,7,7,1.0
smut,0,7,7,1.0
urself,0,7,7,1.0
kemmer,7,0,7,0.0
onomatopo,0,7,7,1.0
matsumoto,2,5,7,0.714
neeed,0,7,7,1.0
kalmia,0,7,7,1.0
geocentr,0,7,7,1.0
gestalt,0,7,7,1.0
flare,1,6,7,0.857
shrilli,1,6,7,0.857
modificacin,0,7,7,1.0
benwick,0,7,7,1.0
impermiss,0,7,7,1.0
abovement,0,7,7,1.0
lavern,1,6,7,0.857
centum,0,7,7,1.0
pgsenergi,7,0,7,0.0
fusti,0,7,7,1.0
sprao,7,0,7,0.0
houstoncellular,7,0,7,0.0
jiffi,0,7,7,1.0
zoroastrian,0,7,7,1.0
bindl,0,7,7,1.0
snif,3,4,7,0.571
polyploidi,0,7,7,1.0
beadi,0,7,7,1.0
srge,0,7,7,1.0
resistor,0,7,7,1.0
languaq,0,7,7,1.0
indiscrimin,0,7,7,1.0
oedipu,0,7,7,1.0
interesa,0,7,7,1.0
olvera,7,0,7,0.0
gryphon,0,7,7,1.0
wann,1,6,7,0.857
explet,1,6,7,0.857
eni,1,6,7,0.857
shrill,2,5,7,0.714
trini,7,0,7,0.0
bannantin,7,0,7,0.0
nonaffili,0,7,7,1.0
bufflehead,0,7,7,1.0
bladderwort,0,7,7,1.0
cepheu,0,7,7,1.0
scud,0,7,7,1.0
triassic,0,7,7,1.0
momenta,0,7,7,1.0
hereabout,0,7,7,1.0
tote,0,7,7,1.0
reub,0,7,7,1.0
triai,0,7,7,1.0
abramo,7,0,7,0.0
subgroup,2,5,7,0.714
breathingli,0,7,7,1.0
paddi,4,3,7,0.429
hobbyhors,0,7,7,1.0
woodwind,0,7,7,1.0
slp,0,7,7,1.0
usuri,0,7,7,1.0
fain,0,7,7,1.0
terramycin,0,7,7,1.0
catia,0,7,7,1.0
participacion,1,6,7,0.857
teléfono,0,7,7,1.0
ledain,7,0,7,0.0
rozycki,7,0,7,0.0
jubile,0,7,7,1.0
finalment,0,7,7,1.0
atn,0,7,7,1.0
yw,0,7,7,1.0
peroxid,0,7,7,1.0
µa,0,7,7,1.0
fz,0,7,7,1.0
daher,0,7,7,1.0
quill,2,5,7,0.714
beagon,0,7,7,1.0
rakhi,7,0,7,0.0
snl,0,7,7,1.0
msword,7,0,7,0.0
rapidsit,3,4,7,0.571
kobayashi,4,3,7,0.429
alyssa,0,7,7,1.0
infonet,2,5,7,0.714
bennick,7,0,7,0.0
eggplant,1,6,7,0.857
unglorifi,0,7,7,1.0
floral,3,4,7,0.571
sra,3,4,7,0.571
parapsycholog,0,7,7,1.0
bichrom,0,7,7,1.0
homo,0,7,7,1.0
bot,4,3,7,0.429
deltec,7,0,7,0.0
jizz,0,7,7,1.0
prizewin,0,7,7,1.0
severin,7,0,7,0.0
dauter,7,0,7,0.0
mcurran,7,0,7,0.0
einsteinium,0,7,7,1.0
coannex,0,7,7,1.0
occipit,0,7,7,1.0
womb,1,6,7,0.857
popuiat,0,7,7,1.0
lyle,2,5,7,0.714
distinta,0,7,7,1.0
kafu,7,0,7,0.0
packer,2,5,7,0.714
frig,0,7,7,1.0
outstrip,7,0,7,0.0
reporti,7,0,7,0.0
iik,0,7,7,1.0
qe,2,5,7,0.714
paregor,0,7,7,1.0
komp,7,0,7,0.0
foliat,0,7,7,1.0
brahmaputra,0,7,7,1.0
garimella,7,0,7,0.0
moonwalk,0,7,7,1.0
asshol,3,4,7,0.571
fickl,4,3,7,0.429
guttur,0,7,7,1.0
gestapo,0,7,7,1.0
viral,0,7,7,1.0
cooperativa,0,7,7,1.0
unmanageabi,0,7,7,1.0
reticul,0,7,7,1.0
hearsay,0,7,7,1.0
narrat,2,5,7,0.714
haddock,0,7,7,1.0
pleat,0,7,7,1.0
qual,3,4,7,0.571
pyre,0,7,7,1.0
moroni,0,7,7,1.0
nostrand,0,7,7,1.0
potentiomet,0,7,7,1.0
swarthout,1,6,7,0.857
qd,0,7,7,1.0
szablya,7,0,7,0.0
meati,0,7,7,1.0
etra,0,7,7,1.0
jgarven,7,0,7,0.0
gevalia,0,7,7,1.0
axelrod,6,1,7,0.143
fzf,0,7,7,1.0
allyl,0,7,7,1.0
cpp,0,7,7,1.0
shyandnot,0,7,7,1.0
greaney,7,0,7,0.0
pgeof,7,0,7,0.0
vandal,1,6,7,0.857
inconsequenti,0,7,7,1.0
diazepam,0,7,7,1.0
bramlett,7,0,7,0.0
sherrick,7,0,7,0.0
otcpk,0,7,7,1.0
brisban,0,7,7,1.0
lawman,0,7,7,1.0
milkwe,0,7,7,1.0
banter,0,7,7,1.0
seraglio,0,7,7,1.0
halley,3,4,7,0.571
qn,0,7,7,1.0
sweatshirt,1,6,7,0.857
identidad,0,7,7,1.0
lutfen,0,7,7,1.0
curlicu,0,7,7,1.0
thane,7,0,7,0.0
karat,0,7,7,1.0
reestablish,6,1,7,0.143
leaseback,7,0,7,0.0
schaffer,7,0,7,0.0
municipa,0,7,7,1.0
doucett,7,0,7,0.0
pupat,0,7,7,1.0
remem,0,7,7,1.0
imri,7,0,7,0.0
lectern,2,5,7,0.714
coder,6,1,7,0.143
engend,3,4,7,0.571
mistleto,0,7,7,1.0
bloch,0,7,7,1.0
quelqu,0,7,7,1.0
dehumidifi,1,6,7,0.857
jade,3,4,7,0.571
forgiven,1,6,7,0.857
cyne,7,0,7,0.0
toru,1,6,7,0.857
nogal,0,7,7,1.0
effortlessli,0,7,7,1.0
minehaul,0,7,7,1.0
preval,1,6,7,0.857
esper,3,4,7,0.571
nterpris,0,7,7,1.0
vitriol,1,6,7,0.857
dissid,0,7,7,1.0
wassup,7,0,7,0.0
yakubu,0,7,7,1.0
nicer,7,0,7,0.0
cfp,6,1,7,0.143
testi,4,3,7,0.429
ruinat,0,7,7,1.0
laad,7,0,7,0.0
zkhokher,7,0,7,0.0
niga,7,0,7,0.0
salaci,1,6,7,0.857
shw,5,2,7,0.286
poignant,0,7,7,1.0
garnt,0,7,7,1.0
quietu,0,7,7,1.0
politico,0,7,7,1.0
linn,6,1,7,0.143
umc,0,7,7,1.0
gusset,0,7,7,1.0
pyrrhic,0,7,7,1.0
isentrop,0,7,7,1.0
necessrio,0,7,7,1.0
wszystkim,7,0,7,0.0
grail,0,7,7,1.0
flavour,0,7,7,1.0
relación,0,7,7,1.0
capa,3,4,7,0.571
rsweb,7,0,7,0.0
schoolteach,0,7,7,1.0
operandi,1,6,7,0.857
stemcel,0,7,7,1.0
gmail,0,7,7,1.0
therei,0,7,7,1.0
truce,0,7,7,1.0
tekmail,0,7,7,1.0
cornbird,0,7,7,1.0
compunctionari,0,7,7,1.0
mckinley,3,4,7,0.571
fffff,0,7,7,1.0
godlik,0,7,7,1.0
broadax,0,7,7,1.0
handgun,0,7,7,1.0
phenter,0,7,7,1.0
twine,0,7,7,1.0
procaci,0,7,7,1.0
cyst,0,7,7,1.0
inopportun,0,7,7,1.0
crum,7,0,7,0.0
sapo,0,7,7,1.0
sherril,5,2,7,0.286
loquat,0,7,7,1.0
jblantonjr,7,0,7,0.0
brasileiro,6,1,7,0.143
clive,2,5,7,0.714
ballfield,0,7,7,1.0
repress,0,7,7,1.0
schoolgirlish,0,7,7,1.0
syntroleum,7,0,7,0.0
marksmen,0,7,7,1.0
immodest,3,4,7,0.571
sandston,0,7,7,1.0
symbian,0,7,7,1.0
guitar,0,7,7,1.0
evenhand,0,7,7,1.0
dwivedi,7,0,7,0.0
overpaid,4,3,7,0.429
bridal,0,7,7,1.0
etal,7,0,7,0.0
andiron,0,7,7,1.0
khrushchev,0,7,7,1.0
parlay,2,5,7,0.714
onomatopoeia,0,7,7,1.0
podr,0,7,7,1.0
capacitor,0,7,7,1.0
cedex,5,2,7,0.286
bono,1,6,7,0.857
liven,0,7,7,1.0
sonoridad,0,7,7,1.0
parakeet,0,7,7,1.0
crewmen,0,7,7,1.0
inexperi,2,5,7,0.714
chomski,0,7,7,1.0
ltcm,7,0,7,0.0
catfac,0,7,7,1.0
sturn,7,0,7,0.0
glum,1,6,7,0.857
mlpf,7,0,7,0.0
consumidor,0,7,7,1.0
wristband,0,7,7,1.0
waskom,7,0,7,0.0
haughti,0,7,7,1.0
improb,2,5,7,0.714
cryptolog,0,7,7,1.0
babylom,0,7,7,1.0
collud,0,7,7,1.0
acosta,1,6,7,0.857
clpartner,7,0,7,0.0
contradistinguish,0,7,7,1.0
whalen,4,3,7,0.429
durward,0,7,7,1.0
showdown,2,5,7,0.714
josé,0,7,7,1.0
concaten,0,7,7,1.0
sz,2,5,7,0.714
xdrug,0,7,7,1.0
vintner,0,7,7,1.0
shatalm,0,7,7,1.0
porphyri,0,7,7,1.0
valhalla,0,7,7,1.0
vide,0,7,7,1.0
leapfrog,2,5,7,0.714
backsid,0,7,7,1.0
counterbal,1,6,7,0.857
asu,0,7,7,1.0
triag,7,0,7,0.0
johanna,0,7,7,1.0
bigfen,0,7,7,1.0
presswir,0,7,7,1.0
sicilian,0,7,7,1.0
washbasin,0,7,7,1.0
cranium,0,7,7,1.0
coda,0,7,7,1.0
micki,0,7,7,1.0
malefactor,0,7,7,1.0
sawfli,0,7,7,1.0
photometri,0,7,7,1.0
informat,0,7,7,1.0
bmrefi,0,7,7,1.0
adagio,0,7,7,1.0
bide,0,7,7,1.0
tribas,0,7,7,1.0
pander,0,7,7,1.0
stag,0,7,7,1.0
inth,1,6,7,0.857
frau,0,7,7,1.0
frees,7,0,7,0.0
isotherm,0,7,7,1.0
jarrow,7,0,7,0.0
awenda,7,0,7,0.0
escutcheon,0,7,7,1.0
cessna,0,7,7,1.0
rehman,5,2,7,0.286
isogen,0,7,7,1.0
kimberley,2,5,7,0.714
untortur,0,7,7,1.0
gam,0,7,7,1.0
boatswain,0,7,7,1.0
massacr,0,7,7,1.0
sexta,0,7,7,1.0
ilgili,0,7,7,1.0
unplan,7,0,7,0.0
tabloid,0,7,7,1.0
honorif,0,7,7,1.0
tatter,5,2,7,0.286
hagstrom,1,6,7,0.857
enso,7,0,7,0.0
smutni,7,0,7,0.0
leatheri,0,7,7,1.0
shreveport,0,7,7,1.0
nof,0,7,7,1.0
sunspot,1,6,7,0.857
barkowski,7,0,7,0.0
vreeland,0,7,7,1.0
fascism,1,6,7,0.857
extensor,0,7,7,1.0
northbound,4,3,7,0.429
blastula,0,7,7,1.0
gump,7,0,7,0.0
hodgson,7,0,7,0.0
oath,1,6,7,0.857
asterix,0,7,7,1.0
removers,0,7,7,1.0
tlmsn,0,7,7,1.0
cosbi,6,1,7,0.143
gulp,1,6,7,0.857
eastwood,1,6,7,0.857
corley,7,0,7,0.0
levit,1,6,7,0.857
jujub,0,7,7,1.0
fica,5,2,7,0.286
jasononlin,0,7,7,1.0
jonah,0,7,7,1.0
amateurish,0,7,7,1.0
outlearn,0,7,7,1.0
inelast,2,5,7,0.714
craftsmanship,0,7,7,1.0
opul,0,7,7,1.0
valiant,0,7,7,1.0
bandpass,0,7,7,1.0
mayeux,7,0,7,0.0
placent,0,7,7,1.0
fior,0,7,7,1.0
muscat,0,7,7,1.0
deluca,7,0,7,0.0
hbcamp,7,0,7,0.0
carcinoma,0,7,7,1.0
vocabularian,0,7,7,1.0
lawal,0,7,7,1.0
ioric,0,7,7,1.0
codetermin,0,7,7,1.0
nia,7,0,7,0.0
thermofax,0,7,7,1.0
ilyushin,0,7,7,1.0
heuser,0,7,7,1.0
slander,0,7,7,1.0
docil,1,6,7,0.857
decidedli,2,5,7,0.714
automaton,0,7,7,1.0
labyrinth,1,6,7,0.857
ayni,0,7,7,1.0
stelli,7,0,7,0.0
cytoplasm,0,7,7,1.0
corvu,0,7,7,1.0
flaccid,0,7,7,1.0
witchcraft,1,6,7,0.857
invitacion,2,5,7,0.714
horsewoman,0,7,7,1.0
participar,0,7,7,1.0
specter,5,2,7,0.286
gmssr,7,0,7,0.0
econometrica,0,7,7,1.0
cistern,0,7,7,1.0
bessem,0,7,7,1.0
rimbau,7,0,7,0.0
rangi,0,7,7,1.0
opticu,7,0,7,0.0
nook,3,4,7,0.571
auckland,0,7,7,1.0
medea,0,7,7,1.0
selector,0,7,7,1.0
toccata,0,7,7,1.0
helmsman,0,7,7,1.0
blackbal,0,7,7,1.0
compton,0,7,7,1.0
knightsbridg,0,7,7,1.0
powerx,7,0,7,0.0
ebulli,0,7,7,1.0
filamentari,0,7,7,1.0
hubl,7,0,7,0.0
goldmin,0,7,7,1.0
gla,1,6,7,0.857
victrola,0,7,7,1.0
karnwea,0,7,7,1.0
tippi,0,7,7,1.0
requlr,0,7,7,1.0
puffin,0,7,7,1.0
iconenet,0,7,7,1.0
environmentaili,0,7,7,1.0
marketwis,0,7,7,1.0
procmail,0,7,7,1.0
fishi,4,3,7,0.429
hondo,0,7,7,1.0
stoppag,3,4,7,0.571
proveedor,0,7,7,1.0
backdat,0,7,7,1.0
mutin,1,6,7,0.857
alvarado,5,2,7,0.286
glassi,0,7,7,1.0
abordar,0,7,7,1.0
teat,0,7,7,1.0
saksena,7,0,7,0.0
gallow,0,7,7,1.0
wacog,7,0,7,0.0
lmi,0,7,7,1.0
depos,0,7,7,1.0
frlee,0,7,7,1.0
neutron,0,7,7,1.0
tass,2,5,7,0.714
chiu,7,0,7,0.0
credent,0,7,7,1.0
usedbr,0,7,7,1.0
whalan,7,0,7,0.0
robl,3,4,7,0.571
thatcher,6,1,7,0.143
perpendicular,0,7,7,1.0
pintail,0,7,7,1.0
malicho,0,7,7,1.0
única,0,7,7,1.0
zimmer,7,0,7,0.0
tacobel,0,7,7,1.0
disloc,5,2,7,0.286
gallinul,0,7,7,1.0
llegar,0,7,7,1.0
springerlink,0,7,7,1.0
feebl,0,7,7,1.0
zvjc,0,7,7,1.0
senatori,0,7,7,1.0
havemor,0,7,7,1.0
blankfont,0,7,7,1.0
shattuck,0,7,7,1.0
supposit,2,5,7,0.714
flageolet,0,7,7,1.0
pilkington,6,1,7,0.143
unari,0,7,7,1.0
basicaliy,0,7,7,1.0
primex,0,7,7,1.0
bombardi,7,0,7,0.0
apprehend,0,7,7,1.0
shuttlecock,0,7,7,1.0
takeaway,7,0,7,0.0
altac,0,7,7,1.0
glaci,0,7,7,1.0
terrapin,0,7,7,1.0
delphinium,0,7,7,1.0
gorham,0,7,7,1.0
parch,0,7,7,1.0
littor,0,7,7,1.0
porcelain,0,7,7,1.0
hoar,0,7,7,1.0
texasex,7,0,7,0.0
mortim,1,6,7,0.857
fiy,0,7,7,1.0
pedagog,2,5,7,0.714
eventid,0,7,7,1.0
reassum,7,0,7,0.0
sall,1,6,7,0.857
mial,7,0,7,0.0
medicat,0,7,7,1.0
sorceri,3,4,7,0.571
medix,0,7,7,1.0
chump,0,7,7,1.0
hotei,0,7,7,1.0
meoh,7,0,7,0.0
mul,0,7,7,1.0
ribbonfish,0,7,7,1.0
cutov,0,7,7,1.0
worktabl,0,7,7,1.0
víagra,0,7,7,1.0
quakeress,0,7,7,1.0
acg,5,2,7,0.286
zebra,1,6,7,0.857
enni,7,0,7,0.0
bogeymen,0,7,7,1.0
fal,0,7,7,1.0
hobson,1,6,7,0.857
gangbust,0,7,7,1.0
tactician,0,7,7,1.0
gabriela,5,2,7,0.286
detalh,0,7,7,1.0
uprais,0,7,7,1.0
maudlin,0,7,7,1.0
treacher,0,7,7,1.0
rifl,0,7,7,1.0
collid,0,7,7,1.0
tlr,1,6,7,0.857
alka,7,0,7,0.0
dowri,0,7,7,1.0
chaotic,3,4,7,0.571
fragrant,1,6,7,0.857
soapsud,0,7,7,1.0
ux,0,7,7,1.0
schoolmat,2,5,7,0.714
desai,7,0,7,0.0
mahayana,0,7,7,1.0
flaman,7,0,7,0.0
anguel,7,0,7,0.0
lamict,0,7,7,1.0
fourier,1,6,7,0.857
cabc,7,0,7,0.0
vortic,0,7,7,1.0
groucho,0,7,7,1.0
bou,7,0,7,0.0
vcf,7,0,7,0.0
bludgeon,1,6,7,0.857
debaucheri,0,7,7,1.0
christenson,2,5,7,0.714
mitral,0,7,7,1.0
gelat,0,7,7,1.0
oxali,0,7,7,1.0
dega,0,7,7,1.0
publico,0,7,7,1.0
indiscreet,0,7,7,1.0
riordan,4,3,7,0.429
figurehead,0,7,7,1.0
overbuild,7,0,7,0.0
patchwork,2,5,7,0.714
proc,3,4,7,0.571
pillar,6,1,7,0.143
wholesom,0,7,7,1.0
arabesqu,0,7,7,1.0
rajah,0,7,7,1.0
dutchmen,0,7,7,1.0
letharg,0,7,7,1.0
quirin,0,7,7,1.0
hoot,1,6,7,0.857
freeweb,0,7,7,1.0
standardis,7,0,7,0.0
instancia,0,7,7,1.0
petunia,0,7,7,1.0
compromiso,0,7,7,1.0
fiendish,0,7,7,1.0
renunci,0,7,7,1.0
caranti,7,0,7,0.0
pieper,7,0,7,0.0
fireston,2,5,7,0.714
lectionari,0,7,7,1.0
celebratori,2,5,7,0.714
campground,1,6,7,0.857
thistledown,0,7,7,1.0
distal,0,7,7,1.0
thiagarajan,7,0,7,0.0
inmat,2,5,7,0.714
için,0,7,7,1.0
blotch,0,7,7,1.0
knop,7,0,7,0.0
schizoid,0,7,7,1.0
melancholi,0,7,7,1.0
cathet,0,7,7,1.0
djakarta,0,7,7,1.0
agarwalla,7,0,7,0.0
gac,7,0,7,0.0
indescrib,1,6,7,0.857
acerca,0,7,7,1.0
moreso,0,7,7,1.0
pappa,3,4,7,0.571
euterp,0,7,7,1.0
onyx,1,6,7,0.857
uvr,0,7,7,1.0
confiabl,0,7,7,1.0
annot,0,7,7,1.0
enclav,0,7,7,1.0
transect,0,7,7,1.0
anhydrid,0,7,7,1.0
clove,0,7,7,1.0
bismuth,0,7,7,1.0
kalbach,7,0,7,0.0
extort,2,5,7,0.714
dnieper,0,7,7,1.0
tanner,2,5,7,0.714
elp,1,6,7,0.857
caprici,2,5,7,0.714
sambur,0,7,7,1.0
hackmatack,0,7,7,1.0
titular,0,7,7,1.0
orvil,0,7,7,1.0
euphor,1,6,7,0.857
wieght,0,7,7,1.0
falla,0,7,7,1.0
prune,1,6,7,0.857
spr,1,6,7,0.857
jcartwright,7,0,7,0.0
eval,7,0,7,0.0
pent,1,6,7,0.857
blubber,0,7,7,1.0
yogi,0,7,7,1.0
discolor,0,7,7,1.0
glycin,0,7,7,1.0
nitti,2,5,7,0.714
choleski,7,0,7,0.0
polygon,0,7,7,1.0
dlt,0,7,7,1.0
precook,0,7,7,1.0
betid,0,7,7,1.0
tice,7,0,7,0.0
schmitt,4,3,7,0.429
lacon,2,5,7,0.714
rocha,7,0,7,0.0
fluorin,0,7,7,1.0
kettler,7,0,7,0.0
laserwrit,0,7,7,1.0
gilbertson,0,7,7,1.0
totter,4,3,7,0.429
clave,0,7,7,1.0
twirli,0,7,7,1.0
swga,7,0,7,0.0
unhedg,7,0,7,0.0
acatando,0,7,7,1.0
deleon,5,2,7,0.286
campanil,0,7,7,1.0
officio,0,7,7,1.0
vatrfac,7,0,7,0.0
qr,1,6,7,0.857
gegenschein,0,7,7,1.0
circulatori,0,7,7,1.0
invinc,0,7,7,1.0
septillion,0,7,7,1.0
ballott,1,6,7,0.857
wozni,7,0,7,0.0
vivek,6,1,7,0.143
diff,5,2,7,0.286
lakist,0,7,7,1.0
colatitud,0,7,7,1.0
scd,1,6,7,0.857
retribut,3,4,7,0.571
dergevorgian,7,0,7,0.0
pbristow,7,0,7,0.0
washier,0,7,7,1.0
eaz,0,7,7,1.0
tableau,0,7,7,1.0
aujob,0,7,7,1.0
interg,7,0,7,0.0
adminstr,5,2,7,0.286
gurante,2,5,7,0.714
matsuyama,7,0,7,0.0
dispiay,0,7,7,1.0
pagenetip,7,0,7,0.0
cajol,2,5,7,0.714
borough,0,7,7,1.0
schnell,1,6,7,0.857
tjacob,7,0,7,0.0
mf,3,4,7,0.571
usmc,0,7,7,1.0
bough,0,7,7,1.0
listo,1,6,7,0.857
cryptanalysi,0,7,7,1.0
mathieu,1,6,7,0.857
indeterminaci,0,7,7,1.0
myrx,0,7,7,1.0
vile,3,4,7,0.571
kilometr,2,5,7,0.714
rohm,7,0,7,0.0
fireproof,0,7,7,1.0
monash,0,7,7,1.0
cosh,0,7,7,1.0
penchant,1,6,7,0.857
painrelief,0,7,7,1.0
depto,0,7,7,1.0
westfield,3,4,7,0.571
renni,7,0,7,0.0
wheelchair,1,6,7,0.857
hertzog,0,7,7,1.0
shhop,0,7,7,1.0
mussal,0,7,7,1.0
embarcadero,0,7,7,1.0
horowitz,0,7,7,1.0
fungoid,0,7,7,1.0
pongo,0,7,7,1.0
easton,6,1,7,0.143
munch,0,7,7,1.0
extraterrestri,0,7,7,1.0
bpserver,0,7,7,1.0
raphael,0,7,7,1.0
guidebook,1,6,7,0.857
decidu,0,7,7,1.0
alai,0,7,7,1.0
parol,1,6,7,0.857
degass,0,7,7,1.0
lasso,0,7,7,1.0
louti,0,7,7,1.0
jeffersonian,0,7,7,1.0
neapolitan,0,7,7,1.0
aibum,0,7,7,1.0
hammock,0,7,7,1.0
chaucer,0,7,7,1.0
glasswort,0,7,7,1.0
lunaci,0,7,7,1.0
fife,0,7,7,1.0
snowfal,1,6,7,0.857
aagrra,0,7,7,1.0
delist,5,2,7,0.286
distraught,0,7,7,1.0
zainteresuj,2,5,7,0.714
gravi,1,6,7,0.857
hoskin,6,1,7,0.143
lalji,7,0,7,0.0
rotenon,0,7,7,1.0
sibyl,0,7,7,1.0
venir,0,7,7,1.0
membro,0,7,7,1.0
edict,1,6,7,0.857
aegi,1,6,7,0.857
xj,0,7,7,1.0
decibel,0,7,7,1.0
messiah,2,5,7,0.714
sampler,3,4,7,0.571
midweek,0,7,7,1.0
racl,0,7,7,1.0
tambien,0,7,7,1.0
ademá,0,7,7,1.0
ingrid,5,2,7,0.286
kopin,7,0,7,0.0
osl,6,1,7,0.143
spallat,0,7,7,1.0
lmmbtu,7,0,7,0.0
resgat,0,7,7,1.0
protean,0,7,7,1.0
despar,1,6,7,0.857
pruett,6,1,7,0.143
gargoyl,0,7,7,1.0
guil,0,7,7,1.0
rxmedic,0,7,7,1.0
schnabel,0,7,7,1.0
offc,0,7,7,1.0
gurley,7,0,7,0.0
repar,0,7,7,1.0
nutriti,1,6,7,0.857
smooch,0,7,7,1.0
preponder,0,7,7,1.0
gunfight,0,7,7,1.0
ballist,1,6,7,0.857
oar,2,5,7,0.714
kensington,3,4,7,0.571
talbot,4,3,7,0.429
jb,2,5,7,0.714
holdout,0,7,7,1.0
breen,7,0,7,0.0
kimberle,7,0,7,0.0
idiosyncrat,3,4,7,0.571
bergamot,0,7,7,1.0
indesir,0,7,7,1.0
finni,0,7,7,1.0
exchequ,2,5,7,0.714
barto,6,1,7,0.143
haplolog,0,7,7,1.0
markdown,4,3,7,0.429
simm,4,3,7,0.429
eclat,0,7,7,1.0
radiogram,0,7,7,1.0
zie,6,1,7,0.143
quir,0,7,7,1.0
norvasc,0,7,7,1.0
quandari,1,6,7,0.857
excursu,0,7,7,1.0
monetar,0,7,7,1.0
syllabu,2,5,7,0.714
glossi,0,7,7,1.0
predisposit,0,7,7,1.0
indira,2,5,7,0.714
pista,0,7,7,1.0
toolsmith,0,7,7,1.0
rbc,6,1,7,0.143
pigtail,0,7,7,1.0
jenuwin,7,0,7,0.0
consistentiy,0,7,7,1.0
asplenium,0,7,7,1.0
soldano,7,0,7,0.0
smudgi,0,7,7,1.0
precoc,0,7,7,1.0
encomia,0,7,7,1.0
tasha,7,0,7,0.0
trc,7,0,7,0.0
aborn,0,7,7,1.0
moreen,0,7,7,1.0
etil,0,7,7,1.0
virtuou,2,5,7,0.714
fossulet,0,7,7,1.0
uitimateiy,0,7,7,1.0
learner,6,1,7,0.143
jurisprud,0,7,7,1.0
irresolv,0,7,7,1.0
benik,7,0,7,0.0
luzon,0,7,7,1.0
intrepid,0,7,7,1.0
pneumonia,1,6,7,0.857
discont,4,3,7,0.429
casein,0,7,7,1.0
bleat,0,7,7,1.0
solarc,7,0,7,0.0
cytosin,0,7,7,1.0
sian,3,4,7,0.571
leu,0,7,7,1.0
divfont,0,7,7,1.0
pey,0,7,7,1.0
glottal,0,7,7,1.0
footbridg,0,7,7,1.0
lub,5,2,7,0.286
whiplash,0,7,7,1.0
orchestra,0,7,7,1.0
nank,1,6,7,0.857
demianen,7,0,7,0.0
osmot,0,7,7,1.0
original,0,7,7,1.0
croe,7,0,7,0.0
prosopopoeia,0,7,7,1.0
combustor,4,3,7,0.429
vronski,0,7,7,1.0
grizzli,0,7,7,1.0
práctica,0,7,7,1.0
crosstalk,0,7,7,1.0
innerhalb,0,7,7,1.0
epitheli,0,7,7,1.0
potion,1,6,7,0.857
tei,0,7,7,1.0
dressi,1,6,7,0.857
unfavor,5,2,7,0.286
aiuminum,0,7,7,1.0
alterman,0,7,7,1.0
sardin,0,7,7,1.0
penmen,0,7,7,1.0
rcotten,7,0,7,0.0
slipper,0,7,7,1.0
cfgl,7,0,7,0.0
kq,0,7,7,1.0
mumbl,0,7,7,1.0
kohlberg,7,0,7,0.0
pharamci,0,7,7,1.0
shaker,1,6,7,0.857
heliotrop,0,7,7,1.0
soiv,0,7,7,1.0
aghast,0,7,7,1.0
chemisorb,0,7,7,1.0
ceutic,0,7,7,1.0
telesi,1,6,7,0.857
nameabl,0,7,7,1.0
sero,0,7,7,1.0
wich,2,5,7,0.714
jy,0,7,7,1.0
fleck,1,6,7,0.857
savonarola,0,7,7,1.0
pki,0,7,7,1.0
jhherbert,7,0,7,0.0
polsc,7,0,7,0.0
obsequy,0,7,7,1.0
deprav,0,7,7,1.0
chanci,1,6,7,0.857
helmholtz,0,7,7,1.0
prisonlik,0,7,7,1.0
pancrea,2,5,7,0.714
losss,0,7,7,1.0
unwelcom,5,2,7,0.286
lighthous,0,7,7,1.0
entro,0,7,7,1.0
nwfusion,7,0,7,0.0
kitti,0,7,7,1.0
diopter,0,7,7,1.0
clothesmen,0,7,7,1.0
schreiben,0,7,7,1.0
barbari,3,4,7,0.571
heatherloch,7,0,7,0.0
isyn,0,7,7,1.0
thither,0,7,7,1.0
reparte,0,7,7,1.0
mercer,3,4,7,0.571
wj,0,7,7,1.0
turquois,0,7,7,1.0
mulet,0,7,7,1.0
psychogenet,0,7,7,1.0
tahoma,0,7,7,1.0
loja,0,7,7,1.0
sangster,7,0,7,0.0
permalloy,0,7,7,1.0
burett,0,7,7,1.0
hereand,0,7,7,1.0
peafowl,0,7,7,1.0
perryton,2,5,7,0.714
milliped,0,7,7,1.0
thati,0,7,7,1.0
mcadam,4,3,7,0.429
gout,0,7,7,1.0
euler,0,7,7,1.0
uninomin,0,7,7,1.0
pensil,0,7,7,1.0
pentan,0,7,7,1.0
lawson,3,4,7,0.571
hoosegow,0,7,7,1.0
plexu,0,7,7,1.0
feverish,3,4,7,0.571
hardtack,0,7,7,1.0
euphrat,0,7,7,1.0
zheng,1,6,7,0.857
ncua,1,6,7,0.857
grassland,0,7,7,1.0
nkanga,0,7,7,1.0
corinth,0,7,7,1.0
dgj,0,7,7,1.0
stevestock,7,0,7,0.0
lutanist,0,7,7,1.0
harsimran,7,0,7,0.0
cramp,1,6,7,0.857
tappet,0,7,7,1.0
stanhop,0,7,7,1.0
introit,0,7,7,1.0
gwk,0,7,7,1.0
tetraval,0,7,7,1.0
impalp,0,7,7,1.0
nettleton,7,0,7,0.0
meme,7,0,7,0.0
quantil,0,7,7,1.0
unido,0,7,7,1.0
gori,2,5,7,0.714
exemplari,6,1,7,0.143
chiller,5,2,7,0.286
stonewal,2,5,7,0.714
hibern,1,6,7,0.857
beetl,0,7,7,1.0
pewter,0,7,7,1.0
knowhow,0,7,7,1.0
slovenia,3,4,7,0.571
breezi,0,7,7,1.0
incommut,0,7,7,1.0
confessor,0,7,7,1.0
tej,6,1,7,0.143
avaya,5,2,7,0.286
abteilung,0,7,7,1.0
concerti,0,7,7,1.0
winnow,1,6,7,0.857
hyperion,6,1,7,0.143
gedanken,0,7,7,1.0
homrig,7,0,7,0.0
inefficaci,0,7,7,1.0
netti,2,5,7,0.714
ventil,5,2,7,0.286
hotelman,0,7,7,1.0
gorst,0,7,7,1.0
tabernacl,0,7,7,1.0
mraymon,7,0,7,0.0
commi,0,7,7,1.0
dodo,0,7,7,1.0
amnesti,3,4,7,0.571
pinochl,1,6,7,0.857
waterg,2,5,7,0.714
adversari,1,6,7,0.857
pnw,7,0,7,0.0
leder,0,7,7,1.0
witcoski,7,0,7,0.0
sudanes,0,7,7,1.0
monik,7,0,7,0.0
thierri,3,4,7,0.571
commando,0,7,7,1.0
reformatori,0,7,7,1.0
tippl,1,6,7,0.857
willoughbi,1,6,7,0.857
tracey,5,2,7,0.286
stereoscopi,0,7,7,1.0
vantag,0,7,7,1.0
forderungen,0,7,7,1.0
redwood,1,6,7,0.857
mcleod,3,4,7,0.571
textron,1,6,7,0.857
transceiv,0,7,7,1.0
cretan,0,7,7,1.0
faulkner,0,7,7,1.0
wiseacr,0,7,7,1.0
exorcis,0,7,7,1.0
rabbl,0,7,7,1.0
signet,0,7,7,1.0
scrip,0,7,7,1.0
prescriptio,0,7,7,1.0
eigenspac,0,7,7,1.0
thereupon,0,7,7,1.0
storyboard,1,6,7,0.857
fleshi,0,7,7,1.0
rhombu,0,7,7,1.0
rerat,7,0,7,0.0
demodul,0,7,7,1.0
pamper,1,6,7,0.857
miembro,0,7,7,1.0
itp,3,4,7,0.571
virul,0,7,7,1.0
extracellular,0,7,7,1.0
siudg,0,7,7,1.0
tuer,7,0,7,0.0
cormor,0,7,7,1.0
xs,3,4,7,0.571
biscayn,2,5,7,0.714
schumann,0,7,7,1.0
hershel,0,7,7,1.0
ucb,0,7,7,1.0
craven,1,6,7,0.857
treatement,1,6,7,0.857
weisel,7,0,7,0.0
patho,0,7,7,1.0
glidden,0,7,7,1.0
sled,0,7,7,1.0
communig,0,7,7,1.0
quixot,1,6,7,0.857
dlscount,0,7,7,1.0
meno,0,7,7,1.0
alternativa,1,6,7,0.857
adicion,0,7,7,1.0
hacksaw,0,7,7,1.0
fugu,0,7,7,1.0
composur,0,7,7,1.0
litepad,0,7,7,1.0
stippler,0,7,7,1.0
thk,7,0,7,0.0
scatterbrain,0,7,7,1.0
runout,2,5,7,0.714
trencherman,0,7,7,1.0
conspiratori,0,7,7,1.0
teraz,7,0,7,0.0
nagoya,0,7,7,1.0
trdt,7,0,7,0.0
goodluck,0,7,7,1.0
nitric,0,7,7,1.0
pyrit,0,7,7,1.0
penney,7,0,7,0.0
emertech,7,0,7,0.0
martia,0,7,7,1.0
posthum,0,7,7,1.0
chiyoda,7,0,7,0.0
goodel,7,0,7,0.0
pokerbook,0,7,7,1.0
wellbor,5,2,7,0.286
pleo,7,0,7,0.0
grigorov,7,0,7,0.0
oresteia,0,7,7,1.0
obligat,0,7,7,1.0
sambuca,7,0,7,0.0
leona,0,7,7,1.0
encomium,0,7,7,1.0
rmin,0,7,7,1.0
tuft,3,4,7,0.571
mrf,7,0,7,0.0
armaceuticai,0,7,7,1.0
workman,0,7,7,1.0
oubadia,7,0,7,0.0
vogu,1,6,7,0.857
ransack,0,7,7,1.0
fredholm,0,7,7,1.0
mediasetshop,0,7,7,1.0
upend,0,7,7,1.0
legislação,0,7,7,1.0
throb,0,7,7,1.0
jefri,0,7,7,1.0
fevereiro,0,7,7,1.0
smtpr,7,0,7,0.0
ppd,0,7,7,1.0
litholog,0,7,7,1.0
calvinist,0,7,7,1.0
miso,7,0,7,0.0
machen,0,7,7,1.0
bougar,0,7,7,1.0
agc,6,1,7,0.143
heirskip,0,7,7,1.0
pier,3,4,7,0.571
carthaginian,0,7,7,1.0
whiteboard,6,1,7,0.143
guenther,0,7,7,1.0
cablevis,7,0,7,0.0
hotrod,0,7,7,1.0
herk,0,7,7,1.0
beefi,0,7,7,1.0
grep,7,0,7,0.0
geral,0,7,7,1.0
fichera,7,0,7,0.0
salal,7,0,7,0.0
polymer,0,7,7,1.0
estop,0,7,7,1.0
monticello,1,6,7,0.857
swedish,4,3,7,0.429
apec,0,7,7,1.0
paperbound,0,7,7,1.0
qsri,7,0,7,0.0
gawab,0,7,7,1.0
naiv,4,3,7,0.429
unlucki,3,4,7,0.571
precoci,0,7,7,1.0
srk,6,1,7,0.143
ajm,0,7,7,1.0
manten,0,7,7,1.0
muong,0,7,7,1.0
kabel,7,0,7,0.0
chaparr,0,7,7,1.0
housebreak,0,7,7,1.0
undercut,7,0,7,0.0
nqb,3,4,7,0.571
guía,0,7,7,1.0
llu,0,7,7,1.0
gebruik,0,7,7,1.0
castagnola,7,0,7,0.0
hauer,7,0,7,0.0
upsurg,2,5,7,0.714
presuppos,1,6,7,0.857
calenergi,7,0,7,0.0
postpaid,0,7,7,1.0
challang,6,1,7,0.143
nightgown,0,7,7,1.0
untrac,0,7,7,1.0
isfahan,0,7,7,1.0
recomenda,0,7,7,1.0
recht,0,7,7,1.0
krislov,7,0,7,0.0
brite,1,6,7,0.857
gogo,0,7,7,1.0
pietism,0,7,7,1.0
vdwb,0,7,7,1.0
squeamish,1,6,7,0.857
amphibi,0,7,7,1.0
bopd,0,7,7,1.0
unimport,5,2,7,0.286
ensr,7,0,7,0.0
damian,7,0,7,0.0
wxget,0,7,7,1.0
unoc,7,0,7,0.0
snafu,3,4,7,0.571
starfish,0,7,7,1.0
experian,5,2,7,0.286
piecewis,0,7,7,1.0
introspect,0,7,7,1.0
bethought,0,7,7,1.0
rotarian,0,7,7,1.0
parabol,0,7,7,1.0
schnapper,7,0,7,0.0
investigacin,0,7,7,1.0
moffob,0,7,7,1.0
petticoat,0,7,7,1.0
ingrat,0,7,7,1.0
número,0,7,7,1.0
reitmey,7,0,7,0.0
bollerslev,7,0,7,0.0
rostrum,0,7,7,1.0
paladin,7,0,7,0.0
hampden,0,7,7,1.0
crafti,0,7,7,1.0
hidebound,0,7,7,1.0
proflig,1,6,7,0.857
kuhn,2,5,7,0.714
opa,2,5,7,0.714
tub,0,7,7,1.0
epoxi,0,7,7,1.0
demijohn,0,7,7,1.0
cutset,0,7,7,1.0
vlm,0,7,7,1.0
delma,7,0,7,0.0
blingsoft,0,7,7,1.0
frige,0,7,7,1.0
gali,0,7,7,1.0
mania,0,7,7,1.0
extremi,0,7,7,1.0
dubit,0,7,7,1.0
eir,0,7,7,1.0
reata,1,6,7,0.857
rmation,0,7,7,1.0
possibilti,1,6,7,0.857
landlin,0,7,7,1.0
katja,7,0,7,0.0
knauer,0,7,7,1.0
vila,0,7,7,1.0
kinross,7,0,7,0.0
incendiari,1,6,7,0.857
riviera,2,5,7,0.714
cowgirl,0,7,7,1.0
lambda,2,5,7,0.714
suffrag,0,7,7,1.0
neuter,1,6,7,0.857
newtonian,0,7,7,1.0
merriss,7,0,7,0.0
arteriol,0,7,7,1.0
glotti,0,7,7,1.0
yuh,0,7,7,1.0
bayberri,0,7,7,1.0
creedal,0,7,7,1.0
ital,4,3,7,0.429
orm,0,7,7,1.0
basl,7,0,7,0.0
hldg,6,1,7,0.143
tshirt,0,7,7,1.0
wap,2,5,7,0.714
ffffa,0,7,7,1.0
hindmost,0,7,7,1.0
worcest,0,7,7,1.0
rupert,4,3,7,0.429
praca,7,0,7,0.0
misbeliev,0,7,7,1.0
shinto,0,7,7,1.0
lob,1,6,7,0.857
handyman,0,7,7,1.0
taunt,0,7,7,1.0
sloe,0,7,7,1.0
shimek,7,0,7,0.0
stile,1,6,7,0.857
ktori,7,0,7,0.0
unschedul,7,0,7,0.0
decivil,0,7,7,1.0
cq,0,7,7,1.0
nelsonb,7,0,7,0.0
lhe,0,7,7,1.0
berryman,7,0,7,0.0
capacitación,0,7,7,1.0
disfigur,0,7,7,1.0
faze,0,7,7,1.0
undul,0,7,7,1.0
arragon,0,7,7,1.0
angular,0,7,7,1.0
bedchamb,0,7,7,1.0
renault,0,7,7,1.0
forcibl,0,7,7,1.0
bruckner,0,7,7,1.0
gml,0,7,7,1.0
gristmil,0,7,7,1.0
activeiy,0,7,7,1.0
sagitt,0,7,7,1.0
thrift,3,4,7,0.571
clang,0,7,7,1.0
iz,1,6,7,0.857
wri,1,6,7,0.857
martini,0,7,7,1.0
insens,0,7,7,1.0
hogu,5,2,7,0.286
equilibria,0,7,7,1.0
pervert,0,7,7,1.0
influent,0,7,7,1.0
barstow,0,7,7,1.0
minefield,3,4,7,0.571
smilow,7,0,7,0.0
gyro,0,7,7,1.0
vestig,3,4,7,0.571
lackawanna,7,0,7,0.0
vengeanc,4,3,7,0.429
tca,1,6,7,0.857
primo,1,6,7,0.857
eiectromagnet,0,7,7,1.0
mercatu,7,0,7,0.0
smailer,0,7,7,1.0
subvers,1,6,7,0.857
zk,0,7,7,1.0
kiddi,0,7,7,1.0
puct,7,0,7,0.0
dynasti,1,6,7,0.857
sunlit,0,7,7,1.0
yellowish,0,7,7,1.0
comqual,0,7,7,1.0
indig,0,7,7,1.0
stripper,0,7,7,1.0
chaw,0,7,7,1.0
lewthwait,7,0,7,0.0
rube,0,7,7,1.0
smother,1,6,7,0.857
gutenberg,0,7,7,1.0
somatotyp,0,7,7,1.0
sadist,1,6,7,0.857
mujer,0,7,7,1.0
buckl,1,6,7,0.857
brockett,7,0,7,0.0
controvert,0,7,7,1.0
internecin,0,7,7,1.0
ehrenberg,7,0,7,0.0
josiah,0,7,7,1.0
chowchilla,0,7,7,1.0
refract,0,7,7,1.0
bachtel,7,0,7,0.0
franciscan,0,7,7,1.0
wimbledon,2,5,7,0.714
poesía,0,7,7,1.0
rushmor,2,5,7,0.714
coff,0,7,7,1.0
epinephrin,0,7,7,1.0
allegori,0,7,7,1.0
flamenca,0,7,7,1.0
seccurrittie,0,7,7,1.0
grizzl,0,7,7,1.0
whit,1,6,7,0.857
póngase,0,7,7,1.0
brit,7,0,7,0.0
reus,4,3,7,0.429
monti,2,5,7,0.714
freyr,7,0,7,0.0
rememdi,0,7,7,1.0
chipmunk,0,7,7,1.0
rosenzweig,1,6,7,0.857
stockad,0,7,7,1.0
donehernow,0,7,7,1.0
selfridg,0,7,7,1.0
rosenth,2,5,7,0.714
worldvideobusi,0,7,7,1.0
bonapart,0,7,7,1.0
prismat,0,7,7,1.0
fresno,0,7,7,1.0
kayn,7,0,7,0.0
suez,3,4,7,0.571
malnutrit,0,7,7,1.0
sorghum,0,7,7,1.0
compositor,0,7,7,1.0
jonesgsm,7,0,7,0.0
inborn,0,7,7,1.0
mortgeg,0,7,7,1.0
bulker,0,7,7,1.0
median,3,4,7,0.571
stolid,3,4,7,0.571
perspectiva,1,6,7,0.857
surpriz,4,3,7,0.429
outpati,0,7,7,1.0
entranceway,0,7,7,1.0
belfri,0,7,7,1.0
quizz,1,6,7,0.857
guitarra,0,7,7,1.0
redshank,0,7,7,1.0
ammend,7,0,7,0.0
corbal,7,0,7,0.0
sutra,0,7,7,1.0
fogarti,0,7,7,1.0
consignor,0,7,7,1.0
surech,7,0,7,0.0
boyer,5,2,7,0.286
beyhum,7,0,7,0.0
jumbo,1,6,7,0.857
smyrna,0,7,7,1.0
tridiagon,0,7,7,1.0
lockian,0,7,7,1.0
superl,0,7,7,1.0
curvilinear,0,7,7,1.0
eightfold,1,6,7,0.857
hemlock,0,7,7,1.0
spaniel,0,7,7,1.0
whale,0,7,7,1.0
swami,1,6,7,0.857
pinwheel,1,6,7,0.857
stocksnut,0,7,7,1.0
inln,7,0,7,0.0
rabbi,0,7,7,1.0
tdi,4,3,7,0.429
masturbación,0,7,7,1.0
wholeheart,0,7,7,1.0
advil,0,7,7,1.0
wen,3,4,7,0.571
girdl,0,7,7,1.0
eril,0,7,7,1.0
presen,7,0,7,0.0
hubris,0,7,7,1.0
jurgen,1,6,7,0.857
safat,0,7,7,1.0
eyberg,7,0,7,0.0
argillac,0,7,7,1.0
compactifi,0,7,7,1.0
detox,5,2,7,0.286
mural,0,7,7,1.0
aad,0,7,7,1.0
raceway,0,7,7,1.0
itch,0,7,7,1.0
pueril,0,7,7,1.0
natarajan,7,0,7,0.0
paraboloid,0,7,7,1.0
facad,0,7,7,1.0
tauzier,7,0,7,0.0
brinkmanship,0,7,7,1.0
hundredth,0,7,7,1.0
untru,4,3,7,0.429
sandal,0,7,7,1.0
jarvi,3,4,7,0.571
excresc,0,7,7,1.0
infrar,0,7,7,1.0
kkr,7,0,7,0.0
trainman,0,7,7,1.0
hideout,0,7,7,1.0
cora,6,1,7,0.143
vampir,2,5,7,0.714
mcmoran,7,0,7,0.0
chanson,0,7,7,1.0
krypton,0,7,7,1.0
greenback,1,6,7,0.857
scutum,0,7,7,1.0
permanent,2,5,7,0.714
skydiv,6,1,7,0.143
mongolia,0,7,7,1.0
quadrangl,0,7,7,1.0
bellyach,0,7,7,1.0
spotti,4,3,7,0.429
squamou,0,7,7,1.0
contrabass,0,7,7,1.0
bubenko,7,0,7,0.0
orderind,0,7,7,1.0
purswel,7,0,7,0.0
sugarcan,7,0,7,0.0
proffession,0,7,7,1.0
orgiast,0,7,7,1.0
medzz,0,7,7,1.0
saucepan,0,7,7,1.0
ejector,0,7,7,1.0
tractlet,0,7,7,1.0
jablonski,0,7,7,1.0
glutam,0,7,7,1.0
mudsl,0,7,7,1.0
exhort,0,7,7,1.0
commis,4,3,7,0.429
pistol,1,6,7,0.857
soludo,0,7,7,1.0
vng,7,0,7,0.0
leitmotiv,0,7,7,1.0
hatton,6,1,7,0.143
arsenid,0,7,7,1.0
asparagu,0,7,7,1.0
lizard,0,7,7,1.0
wingmen,0,7,7,1.0
housebroken,0,7,7,1.0
opiat,0,7,7,1.0
univeristi,2,5,7,0.714
waylaid,1,6,7,0.857
possessor,0,7,7,1.0
meisner,7,0,7,0.0
infanc,2,5,7,0.714
geognost,0,7,7,1.0
welsch,7,0,7,0.0
timmon,5,2,7,0.286
riven,0,7,7,1.0
livid,1,6,7,0.857
mauritania,0,7,7,1.0
filth,0,7,7,1.0
uppercas,0,7,7,1.0
bounci,0,7,7,1.0
defenc,2,5,7,0.714
punctur,2,5,7,0.714
hipster,0,7,7,1.0
amethyst,0,7,7,1.0
mcallen,2,5,7,0.714
webcaf,7,0,7,0.0
comunicacin,0,7,7,1.0
wichita,0,7,7,1.0
acess,0,7,7,1.0
roost,4,3,7,0.429
evzon,0,7,7,1.0
notinus,0,7,7,1.0
becau,1,6,7,0.857
termer,0,7,7,1.0
molybdenit,0,7,7,1.0
matchbook,0,7,7,1.0
indicar,0,7,7,1.0
nana,0,7,7,1.0
neurontin,0,7,7,1.0
marilu,7,0,7,0.0
shrine,1,6,7,0.857
sibil,0,7,7,1.0
jlew,7,0,7,0.0
patern,1,6,7,0.857
fleawort,0,7,7,1.0
vivianc,7,0,7,0.0
shoal,0,7,7,1.0
splotchi,0,7,7,1.0
franai,0,7,7,1.0
incapacit,1,6,7,0.857
snuffl,0,7,7,1.0
buzzer,0,7,7,1.0
ignatia,0,7,7,1.0
prefect,0,7,7,1.0
peal,0,7,7,1.0
blondi,1,6,7,0.857
addtion,7,0,7,0.0
fleec,0,7,7,1.0
yee,5,2,7,0.286
wsbn,0,7,7,1.0
lute,0,7,7,1.0
asinin,0,7,7,1.0
shack,0,7,7,1.0
siegfri,1,6,7,0.857
qx,2,5,7,0.714
secreto,0,7,7,1.0
kravi,7,0,7,0.0
eschalot,0,7,7,1.0
psychopath,0,7,7,1.0
consigne,0,7,7,1.0
speedwel,4,3,7,0.429
hao,6,1,7,0.143
siightli,0,7,7,1.0
saxena,7,0,7,0.0
etho,4,3,7,0.429
taketh,0,7,7,1.0
poppi,0,7,7,1.0
kittenish,0,7,7,1.0
fabricio,7,0,7,0.0
ifci,7,0,7,0.0
grabbl,0,7,7,1.0
lawless,2,5,7,0.714
promulg,6,1,7,0.143
hostelri,0,7,7,1.0
cablefilt,0,7,7,1.0
isonephel,0,7,7,1.0
gpgrm,7,0,7,0.0
kadlec,7,0,7,0.0
stabilis,7,0,7,0.0
oversecur,0,7,7,1.0
tientsin,0,7,7,1.0
coii,0,7,7,1.0
bayreuth,0,7,7,1.0
tassel,0,7,7,1.0
providenti,0,7,7,1.0
enzymat,0,7,7,1.0
bergsiek,7,0,7,0.0
peninsula,2,5,7,0.714
lbp,0,7,7,1.0
cqo,7,0,7,0.0
incit,0,7,7,1.0
entorno,0,7,7,1.0
jambolan,0,7,7,1.0
cetu,0,7,7,1.0
kennan,0,7,7,1.0
defauit,0,7,7,1.0
quel,0,7,7,1.0
nakornthai,7,0,7,0.0
lipton,0,7,7,1.0
ome,0,7,7,1.0
lister,6,1,7,0.143
plat,0,7,7,1.0
umbra,0,7,7,1.0
shirlecl,7,0,7,0.0
sculli,7,0,7,0.0
brushlik,0,7,7,1.0
sutur,0,7,7,1.0
tragen,0,7,7,1.0
jubran,7,0,7,0.0
pdc,6,1,7,0.143
dram,4,3,7,0.429
sheath,0,7,7,1.0
cynet,7,0,7,0.0
multpl,0,7,7,1.0
aldacton,0,7,7,1.0
duracin,0,7,7,1.0
pyromet,0,7,7,1.0
zig,1,6,7,0.857
supercomput,1,6,7,0.857
retailpric,0,7,7,1.0
dimetapp,7,0,7,0.0
phycomycet,0,7,7,1.0
netvis,0,7,7,1.0
embryolog,0,7,7,1.0
taboo,0,7,7,1.0
digi,0,7,7,1.0
pennzenergi,7,0,7,0.0
rangoon,0,7,7,1.0
apothegm,0,7,7,1.0
drophead,0,7,7,1.0
nondescript,1,6,7,0.857
mantl,4,3,7,0.429
scripp,1,6,7,0.857
ffffb,0,7,7,1.0
hildebrand,3,4,7,0.571
fixat,1,6,7,0.857
flagrant,3,4,7,0.571
orthodont,0,7,7,1.0
anethol,0,7,7,1.0
indemnif,7,0,7,0.0
cdp,7,0,7,0.0
muitinationa,0,7,7,1.0
heterostructur,0,7,7,1.0
leeway,3,4,7,0.571
lithographi,0,7,7,1.0
somatotropin,0,7,7,1.0
bifac,0,7,7,1.0
vee,0,7,7,1.0
,0,7,7,1.0
lode,1,6,7,0.857
nether,0,7,7,1.0
viltz,7,0,7,0.0
freaguila,0,7,7,1.0
mateo,1,6,7,0.857
famish,0,7,7,1.0
conifer,0,7,7,1.0
apothecari,0,7,7,1.0
ouch,0,7,7,1.0
rewardsgateway,0,7,7,1.0
especialista,0,7,7,1.0
buscar,0,7,7,1.0
orograph,0,7,7,1.0
xiaojun,7,0,7,0.0
gazett,0,7,7,1.0
inalien,0,7,7,1.0
linkwork,0,7,7,1.0
siberian,0,7,7,1.0
horseflesh,0,7,7,1.0
astronomica,0,7,7,1.0
softw,0,7,7,1.0
workmiracl,0,7,7,1.0
candidato,0,7,7,1.0
unruli,0,7,7,1.0
gst,6,1,7,0.143
frauen,0,7,7,1.0
palermo,0,7,7,1.0
veneer,1,6,7,0.857
odessa,1,6,7,0.857
noonan,7,0,7,0.0
softer,6,1,7,0.143
prob,7,0,7,0.0
adrift,0,7,7,1.0
apollonian,0,7,7,1.0
yawn,4,3,7,0.429
luxo,0,7,7,1.0
pundit,1,6,7,0.857
moratorium,5,2,7,0.286
almagu,7,0,7,0.0
cryptograph,0,7,7,1.0
cheesecak,0,7,7,1.0
kathol,7,0,7,0.0
yeol,7,0,7,0.0
rect,0,7,7,1.0
havard,7,0,7,0.0
fidalgo,0,7,7,1.0
crodrig,7,0,7,0.0
narsimha,7,0,7,0.0
repertoir,1,6,7,0.857
handicapp,0,7,7,1.0
moth,1,6,7,0.857
alvo,0,7,7,1.0
wheelwork,0,7,7,1.0
pinot,1,6,7,0.857
hypochlor,0,7,7,1.0
ganz,0,7,7,1.0
huffman,1,6,7,0.857
pariti,6,1,7,0.143
dah,1,6,7,0.857
emaci,0,7,7,1.0
macgregor,2,5,7,0.714
hspace,0,7,7,1.0
inflect,0,7,7,1.0
hussein,1,6,7,0.857
lockdown,6,1,7,0.143
uncommanded,0,7,7,1.0
faucet,0,7,7,1.0
starvat,0,7,7,1.0
mumm,7,0,7,0.0
madsen,0,7,7,1.0
sequestr,0,7,7,1.0
inscribas,0,7,7,1.0
dropdown,6,1,7,0.143
prm,7,0,7,0.0
ginsberg,1,6,7,0.857
loooook,0,7,7,1.0
epidermi,0,7,7,1.0
avapro,0,7,7,1.0
mabl,5,2,7,0.286
kerchief,0,7,7,1.0
vestri,0,7,7,1.0
frankfort,2,5,7,0.714
pluggabl,0,7,7,1.0
fraley,7,0,7,0.0
farney,7,0,7,0.0
spinal,0,7,7,1.0
bromley,2,5,7,0.714
crear,0,7,7,1.0
whouli,7,0,7,0.0
pugnaci,1,6,7,0.857
interprovinci,0,7,7,1.0
sarma,7,0,7,0.0
winslow,2,5,7,0.714
clomp,0,7,7,1.0
revisionari,0,7,7,1.0
hagerstown,7,0,7,0.0
ithaca,1,6,7,0.857
vite,0,7,7,1.0
ishihara,7,0,7,0.0
hummel,1,6,7,0.857
absoiut,0,7,7,1.0
fluvial,0,7,7,1.0
pozdrowienia,7,0,7,0.0
silti,0,7,7,1.0
pip,0,7,7,1.0
skiff,0,7,7,1.0
erac,7,0,7,0.0
opper,0,7,7,1.0
sda,2,5,7,0.714
creatorstol,0,7,7,1.0
loyalist,7,0,7,0.0
florin,0,7,7,1.0
buddhist,1,6,7,0.857
intoler,1,6,7,0.857
sordid,1,6,7,0.857
insignia,2,5,7,0.714
mcneill,7,0,7,0.0
pouvez,0,7,7,1.0
newborn,3,4,7,0.571
fomd,0,7,7,1.0
pasta,3,4,7,0.571
exculp,0,7,7,1.0
ypsilanti,0,7,7,1.0
coverlet,0,7,7,1.0
wsrefi,0,7,7,1.0
permis,7,0,7,0.0
wadl,7,0,7,0.0
rmt,7,0,7,0.0
swissreenergi,7,0,7,0.0
thunderflow,0,7,7,1.0
stellen,0,7,7,1.0
shadflow,0,7,7,1.0
transcoast,7,0,7,0.0
dasr,7,0,7,0.0
autorepli,2,5,7,0.714
rhapsodi,0,7,7,1.0
aguayo,7,0,7,0.0
insular,1,6,7,0.857
sonata,0,7,7,1.0
drafti,0,7,7,1.0
ccustom,0,7,7,1.0
spica,0,7,7,1.0
deje,0,7,7,1.0
triquint,7,0,7,0.0
autist,0,7,7,1.0
tamper,1,6,7,0.857
bracepatt,7,0,7,0.0
dougherti,0,7,7,1.0
sanborn,2,5,7,0.714
compunct,0,7,7,1.0
,0,7,7,1.0
greenwood,4,3,7,0.429
rinsland,0,7,7,1.0
jmyan,7,0,7,0.0
offertori,0,7,7,1.0
sadli,4,3,7,0.429
fcu,1,6,7,0.857
prosod,0,7,7,1.0
aero,7,0,7,0.0
cochlea,0,7,7,1.0
artilleri,0,7,7,1.0
mirrior,0,7,7,1.0
pion,0,7,7,1.0
fodder,1,6,7,0.857
sanhedrin,0,7,7,1.0
acidul,0,7,7,1.0
catelog,0,7,7,1.0
codic,0,7,7,1.0
meek,3,4,7,0.571
choix,0,7,7,1.0
wiltfong,7,0,7,0.0
rhodesia,0,7,7,1.0
respiratori,0,7,7,1.0
beani,0,7,7,1.0
surceas,0,7,7,1.0
interesant,0,7,7,1.0
corrig,0,7,7,1.0
giantess,0,7,7,1.0
cozaar,0,7,7,1.0
stabi,0,7,7,1.0
energyplu,7,0,7,0.0
lado,0,7,7,1.0
olympia,1,6,7,0.857
bigotri,0,7,7,1.0
shini,2,5,7,0.714
handili,5,2,7,0.286
gawki,0,7,7,1.0
actionlas,0,7,7,1.0
unicom,1,6,7,0.857
comi,3,4,7,0.571
nelli,3,4,7,0.571
tourism,1,6,7,0.857
uat,7,0,7,0.0
wolcott,0,7,7,1.0
fitzsimmon,7,0,7,0.0
embalm,0,7,7,1.0
escherichia,0,7,7,1.0
vielen,1,6,7,0.857
conseguir,0,7,7,1.0
involuntarili,6,1,7,0.143
premia,7,0,7,0.0
junio,0,7,7,1.0
universit,6,1,7,0.143
mandarin,1,6,7,0.857
tollgat,0,7,7,1.0
upkeep,0,7,7,1.0
journeymen,0,7,7,1.0
verdi,0,7,7,1.0
synm,7,0,7,0.0
pillowslip,0,7,7,1.0
clothesman,0,7,7,1.0
merritt,5,2,7,0.286
solament,0,7,7,1.0
beaujolai,0,7,7,1.0
censorship,1,6,7,0.857
burma,0,7,7,1.0
gilsan,7,0,7,0.0
genii,0,7,7,1.0
climatolog,1,6,7,0.857
iol,0,7,7,1.0
scat,0,7,7,1.0
veranda,0,7,7,1.0
apn,0,7,7,1.0
volkswagen,3,4,7,0.571
patagonia,3,4,7,0.571
guidlin,0,7,7,1.0
misstep,6,1,7,0.143
savoyard,0,7,7,1.0
mele,1,6,7,0.857
residuum,0,7,7,1.0
pinchback,0,7,7,1.0
carport,0,7,7,1.0
lection,0,7,7,1.0
gönderilmiþtir,0,7,7,1.0
midsiz,3,4,7,0.571
egotist,1,6,7,0.857
ingot,0,7,7,1.0
noti,7,0,7,0.0
rummi,0,7,7,1.0
quickenloan,7,0,7,0.0
coiumbia,0,7,7,1.0
gunshot,0,7,7,1.0
getrespons,0,7,7,1.0
shd,7,0,7,0.0
aplicacin,0,7,7,1.0
stepson,0,7,7,1.0
pharr,7,0,7,0.0
neva,0,7,7,1.0
septiembr,1,6,7,0.857
tellurium,0,7,7,1.0
modestli,4,3,7,0.429
aspidistra,0,7,7,1.0
ffffffnbsp,0,7,7,1.0
ironwood,0,7,7,1.0
radioshack,7,0,7,0.0
nneed,0,7,7,1.0
banda,0,7,7,1.0
bfp,0,7,7,1.0
uih,0,7,7,1.0
govadv,7,0,7,0.0
bryophyta,0,7,7,1.0
roundoff,3,4,7,0.571
augean,0,7,7,1.0
mantenimiento,0,7,7,1.0
bestxpshop,0,7,7,1.0
olga,2,5,7,0.714
peed,0,7,7,1.0
eitf,7,0,7,0.0
allright,7,0,7,0.0
wardsman,0,7,7,1.0
flawless,5,2,7,0.286
handleabl,0,7,7,1.0
semper,0,7,7,1.0
correnti,7,0,7,0.0
pyroelectr,0,7,7,1.0
tingl,0,7,7,1.0
pao,1,6,7,0.857
swede,0,7,7,1.0
isi,1,6,7,0.857
moresbi,0,7,7,1.0
platen,1,6,7,0.857
huck,0,7,7,1.0
collim,0,7,7,1.0
bluebil,0,7,7,1.0
snark,0,7,7,1.0
kink,5,2,7,0.286
crzo,7,0,7,0.0
formic,0,7,7,1.0
louisvil,1,6,7,0.857
rna,0,7,7,1.0
aperiod,0,7,7,1.0
fzo,0,7,7,1.0
prophylact,0,7,7,1.0
deposito,0,7,7,1.0
monstrou,2,5,7,0.714
digitai,0,7,7,1.0
phdel,7,0,7,0.0
pendulum,2,5,7,0.714
ethnographi,0,7,7,1.0
ooz,0,7,7,1.0
compartir,3,4,7,0.571
hygien,0,7,7,1.0
rov,3,4,7,0.571
ninesigma,0,7,7,1.0
suivant,0,7,7,1.0
lessor,2,5,7,0.714
auroch,0,7,7,1.0
eyelid,0,7,7,1.0
carga,0,7,7,1.0
verdad,0,7,7,1.0
amentifer,0,7,7,1.0
leopard,0,7,7,1.0
temser,0,7,7,1.0
satin,0,7,7,1.0
sanyo,1,6,7,0.857
pittman,4,3,7,0.429
bodhisattva,0,7,7,1.0
chyral,7,0,7,0.0
trimer,0,7,7,1.0
ittl,0,7,7,1.0
piwetz,7,0,7,0.0
fanout,0,7,7,1.0
haunch,0,7,7,1.0
accross,3,4,7,0.571
reklam,0,7,7,1.0
mast,0,7,7,1.0
ciass,0,7,7,1.0
usaf,0,7,7,1.0
checkerboard,0,7,7,1.0
speli,0,7,7,1.0
epsa,7,0,7,0.0
despatch,3,4,7,0.571
molier,1,6,7,0.857
vario,0,7,7,1.0
orr,2,5,7,0.714
loll,0,7,7,1.0
thysanopteran,0,7,7,1.0
cacumin,0,7,7,1.0
trichophor,0,7,7,1.0
stell,0,7,7,1.0
aunqu,0,7,7,1.0
exogen,0,7,7,1.0
obnoxi,0,7,7,1.0
natco,7,0,7,0.0
antipathi,1,6,7,0.857
mound,0,7,7,1.0
pcanywher,0,7,7,1.0
redcoat,0,7,7,1.0
bindwe,0,7,7,1.0
primros,1,6,7,0.857
womencentr,7,0,7,0.0
imprimatur,0,7,7,1.0
capsiz,0,7,7,1.0
concertmast,0,7,7,1.0
inculp,0,7,7,1.0
dumfound,0,7,7,1.0
eet,0,7,7,1.0
sangare,0,7,7,1.0
thaddeu,2,5,7,0.714
bogot,0,7,7,1.0
landfil,3,4,7,0.571
toc,5,2,7,0.286
obsolesc,1,6,7,0.857
ekstrom,0,7,7,1.0
jfk,6,1,7,0.143
inshor,0,7,7,1.0
maori,0,7,7,1.0
dragonfli,1,6,7,0.857
hemp,0,7,7,1.0
sabl,6,1,7,0.143
penelop,0,7,7,1.0
fivefold,0,7,7,1.0
heret,0,7,7,1.0
peacetim,3,4,7,0.571
laddi,0,7,7,1.0
grendel,0,7,7,1.0
swanki,0,7,7,1.0
parliamentarian,0,7,7,1.0
syrinx,0,7,7,1.0
photonephograph,0,7,7,1.0
presbyterian,5,2,7,0.286
oberlin,0,7,7,1.0
uptrend,1,6,7,0.857
potassium,1,6,7,0.857
janitor,0,7,7,1.0
cyanid,0,7,7,1.0
suction,3,4,7,0.571
postimperi,0,7,7,1.0
blasphemi,0,7,7,1.0
croix,1,6,7,0.857
hydroxid,0,7,7,1.0
keavey,7,0,7,0.0
typ,0,7,7,1.0
qg,0,7,7,1.0
overestim,6,1,7,0.143
steepl,0,7,7,1.0
kenseaman,7,0,7,0.0
pittston,0,7,7,1.0
transalpin,0,7,7,1.0
tallymen,0,7,7,1.0
postcod,0,7,7,1.0
hearken,0,7,7,1.0
superorgan,0,7,7,1.0
chiquita,1,6,7,0.857
skiil,0,7,7,1.0
generi,0,7,7,1.0
knowiedg,0,7,7,1.0
gait,0,7,7,1.0
electrónica,0,7,7,1.0
whimper,1,6,7,0.857
discrown,0,7,7,1.0
scintil,2,5,7,0.714
premonitori,0,7,7,1.0
apocalyps,1,6,7,0.857
guillaum,7,0,7,0.0
knobia,0,7,7,1.0
nadziej,7,0,7,0.0
exceptionnel,0,7,7,1.0
seleccionado,0,7,7,1.0
underwear,2,5,7,0.714
nua,0,7,7,1.0
innkeep,0,7,7,1.0
sputter,2,5,7,0.714
foti,7,0,7,0.0
inept,3,4,7,0.571
schoen,7,0,7,0.0
angora,0,7,7,1.0
franco,0,7,7,1.0
kinney,0,7,7,1.0
nanosecond,0,7,7,1.0
cinnamon,0,7,7,1.0
lisl,1,6,7,0.857
jusqu,0,7,7,1.0
vuthi,7,0,7,0.0
unbranch,0,7,7,1.0
foursquar,1,6,7,0.857
marmalad,0,7,7,1.0
everyman,0,7,7,1.0
biplan,0,7,7,1.0
bx,0,7,7,1.0
suspensin,0,7,7,1.0
mannequin,0,7,7,1.0
dif,0,7,7,1.0
biofiavonoid,0,7,7,1.0
fitzroy,1,6,7,0.857
quarri,2,5,7,0.714
youu,0,7,7,1.0
edycja,7,0,7,0.0
billiard,0,7,7,1.0
cortland,0,7,7,1.0
sauerkraut,0,7,7,1.0
enronavailsl,7,0,7,0.0
rhino,0,7,7,1.0
circlet,0,7,7,1.0
shaie,0,7,7,1.0
strychnin,0,7,7,1.0
kreep,0,7,7,1.0
ingli,6,1,7,0.143
tuna,3,4,7,0.571
fileshar,0,7,7,1.0
varian,0,7,7,1.0
monoxid,0,7,7,1.0
ompadec,0,7,7,1.0
kurd,0,7,7,1.0
youcan,0,7,7,1.0
behemoth,6,1,7,0.143
contador,0,7,7,1.0
birgit,0,7,7,1.0
petroleo,7,0,7,0.0
interferomet,0,6,6,1.0
nobleman,0,6,6,1.0
tablebrbrbrbra,0,6,6,1.0
preneur,0,6,6,1.0
highroad,0,6,6,1.0
neufeldt,6,0,6,0.0
paprika,0,6,6,1.0
rapport,1,5,6,0.833
dutta,6,0,6,0.0
microprocesador,0,6,6,1.0
telefunken,0,6,6,1.0
puck,1,5,6,0.833
pumpkin,1,5,6,0.833
minuscul,1,5,6,0.833
giftcent,6,0,6,0.0
streptococcu,0,6,6,1.0
userl,2,4,6,0.667
swish,0,6,6,1.0
binnenkort,0,6,6,1.0
mathi,2,4,6,0.667
klik,0,6,6,1.0
allario,6,0,6,0.0
sudhakar,6,0,6,0.0
effervesc,5,1,6,0.167
enoch,0,6,6,1.0
compadr,0,6,6,1.0
chek,0,6,6,1.0
ueber,0,6,6,1.0
monomer,0,6,6,1.0
incio,0,6,6,1.0
uptak,1,5,6,0.833
packagingshiip,0,6,6,1.0
carpal,2,4,6,0.667
dmshtml,0,6,6,1.0
quadrupol,0,6,6,1.0
gallop,0,6,6,1.0
talc,0,6,6,1.0
niz,6,0,6,0.0
mejorar,0,6,6,1.0
unknowingli,0,6,6,1.0
presens,6,0,6,0.0
moneytback,0,6,6,1.0
loquaci,0,6,6,1.0
vshanbh,6,0,6,0.0
loonkost,0,6,6,1.0
overstat,5,1,6,0.167
uout,0,6,6,1.0
koh,3,3,6,0.5
yourpr,0,6,6,1.0
psychopomp,0,6,6,1.0
riboflavin,0,6,6,1.0
doha,6,0,6,0.0
livonia,6,0,6,0.0
zipmail,0,6,6,1.0
amatori,0,6,6,1.0
spine,1,5,6,0.833
smutti,0,6,6,1.0
borderland,0,6,6,1.0
prealabl,6,0,6,0.0
streetcar,0,6,6,1.0
hygromet,0,6,6,1.0
deconvolut,0,6,6,1.0
stephenson,2,4,6,0.667
malden,2,4,6,0.667
densitomet,0,6,6,1.0
luxembourg,0,6,6,1.0
cbartlett,4,2,6,0.333
mysql,2,4,6,0.667
hazelnut,0,6,6,1.0
twiddl,1,5,6,0.833
sycophant,0,6,6,1.0
sempron,0,6,6,1.0
tbn,5,1,6,0.167
tubul,0,6,6,1.0
tenha,0,6,6,1.0
poelling,6,0,6,0.0
issn,0,6,6,1.0
airpanel,0,6,6,1.0
mcneil,2,4,6,0.667
yoou,0,6,6,1.0
unfairmind,0,6,6,1.0
pungent,0,6,6,1.0
exposición,0,6,6,1.0
quintess,0,6,6,1.0
hardtop,0,6,6,1.0
investinm,6,0,6,0.0
netord,0,6,6,1.0
seventieth,0,6,6,1.0
ghose,6,0,6,0.0
outra,0,6,6,1.0
ouagadoug,0,6,6,1.0
zoisit,0,6,6,1.0
viac,0,6,6,1.0
exogami,0,6,6,1.0
tribesman,0,6,6,1.0
ssz,0,6,6,1.0
lifelik,0,6,6,1.0
iptek,0,6,6,1.0
spif,0,6,6,1.0
parviz,6,0,6,0.0
rhubbard,6,0,6,0.0
chattanooga,1,5,6,0.833
sporti,0,6,6,1.0
souffl,0,6,6,1.0
clytemnestra,0,6,6,1.0
foxhal,0,6,6,1.0
eproject,6,0,6,0.0
rhodolit,0,6,6,1.0
gomedz,0,6,6,1.0
ogress,0,6,6,1.0
phamaci,0,6,6,1.0
patrolman,0,6,6,1.0
scrawler,0,6,6,1.0
remium,0,6,6,1.0
pariah,4,2,6,0.333
baggerli,6,0,6,0.0
trinitroxylol,0,6,6,1.0
coffeepot,0,6,6,1.0
capaz,0,6,6,1.0
sbr,4,2,6,0.333
scarlett,0,6,6,1.0
quito,0,6,6,1.0
indentur,0,6,6,1.0
armageddon,0,6,6,1.0
zachmorri,0,6,6,1.0
dislodg,0,6,6,1.0
nucleolu,0,6,6,1.0
digita,0,6,6,1.0
rosett,0,6,6,1.0
autenticidad,0,6,6,1.0
rádio,0,6,6,1.0
extrapelv,0,6,6,1.0
smartmoney,6,0,6,0.0
bateau,0,6,6,1.0
gorsuch,6,0,6,0.0
bini,0,6,6,1.0
bec,0,6,6,1.0
toren,0,6,6,1.0
polyphenol,0,6,6,1.0
okel,0,6,6,1.0
stohl,6,0,6,0.0
blanton,5,1,6,0.167
toenail,0,6,6,1.0
tristat,0,6,6,1.0
belinski,6,0,6,0.0
croak,0,6,6,1.0
fredrik,6,0,6,0.0
whatsnew,0,6,6,1.0
completley,0,6,6,1.0
thambiah,6,0,6,0.0
sealynx,0,6,6,1.0
gnbsp,0,6,6,1.0
tienda,0,6,6,1.0
dvi,4,2,6,0.333
lideliv,0,6,6,1.0
sacral,0,6,6,1.0
yiddish,0,6,6,1.0
brouhaha,0,6,6,1.0
fission,0,6,6,1.0
saran,1,5,6,0.833
calendarl,0,6,6,1.0
nae,3,3,6,0.5
toadi,0,6,6,1.0
przed,6,0,6,0.0
unmistak,4,2,6,0.333
haudek,6,0,6,0.0
matlab,6,0,6,0.0
showboat,1,5,6,0.833
liebert,6,0,6,0.0
suppl,0,6,6,1.0
eerction,0,6,6,1.0
yourpayp,0,6,6,1.0
gbl,6,0,6,0.0
direcpc,0,6,6,1.0
cem,2,4,6,0.667
sila,0,6,6,1.0
sendo,0,6,6,1.0
softli,0,6,6,1.0
rahmet,0,6,6,1.0
synaps,0,6,6,1.0
indecompos,0,6,6,1.0
effi,0,6,6,1.0
carti,1,5,6,0.833
inees,0,6,6,1.0
sollt,0,6,6,1.0
hew,1,5,6,0.833
saveri,6,0,6,0.0
surtax,0,6,6,1.0
muskrat,0,6,6,1.0
papoos,0,6,6,1.0
sensuou,0,6,6,1.0
roundhous,0,6,6,1.0
,0,6,6,1.0
plenum,1,5,6,0.833
elvira,0,6,6,1.0
snicker,0,6,6,1.0
lubrici,0,6,6,1.0
laguerr,0,6,6,1.0
sundri,2,4,6,0.667
wavenumb,0,6,6,1.0
bboi,0,6,6,1.0
existenti,0,6,6,1.0
sundown,0,6,6,1.0
yellowpag,0,6,6,1.0
confis,0,6,6,1.0
faustian,0,6,6,1.0
gradient,0,6,6,1.0
carreira,0,6,6,1.0
haphazard,0,6,6,1.0
loir,0,6,6,1.0
oyaiti,0,6,6,1.0
blackwood,5,1,6,0.167
sinner,0,6,6,1.0
eck,2,4,6,0.667
medlar,0,6,6,1.0
particulariy,0,6,6,1.0
yyyymmdd,6,0,6,0.0
gibberish,1,5,6,0.833
pz,0,6,6,1.0
einig,0,6,6,1.0
bidiagon,0,6,6,1.0
fundamentai,0,6,6,1.0
queer,0,6,6,1.0
regionsnet,0,6,6,1.0
imf,4,2,6,0.333
superd,0,6,6,1.0
patteson,6,0,6,0.0
kvasir,0,6,6,1.0
placehold,3,3,6,0.5
bugey,0,6,6,1.0
seepag,0,6,6,1.0
transfinit,0,6,6,1.0
epoch,1,5,6,0.833
hippocrat,0,6,6,1.0
bmo,1,5,6,0.833
charcoal,0,6,6,1.0
housefli,0,6,6,1.0
gravel,2,4,6,0.667
pasha,3,3,6,0.5
pim,6,0,6,0.0
motown,6,0,6,0.0
potboil,0,6,6,1.0
seedb,0,6,6,1.0
riser,6,0,6,0.0
espe,6,0,6,0.0
piston,0,6,6,1.0
ï,0,6,6,1.0
ntsc,1,5,6,0.833
reentri,0,6,6,1.0
poros,0,6,6,1.0
buffi,0,6,6,1.0
tware,0,6,6,1.0
ketchup,0,6,6,1.0
obl,1,5,6,0.833
lepidolit,0,6,6,1.0
angier,0,6,6,1.0
fiscu,6,0,6,0.0
donohu,6,0,6,0.0
crucifix,0,6,6,1.0
kitchenett,0,6,6,1.0
jebsen,6,0,6,0.0
workaround,6,0,6,0.0
taciturn,6,0,6,0.0
nge,0,6,6,1.0
ksg,0,6,6,1.0
oaken,0,6,6,1.0
kollegen,0,6,6,1.0
coconutmodem,6,0,6,0.0
inviol,0,6,6,1.0
dryad,0,6,6,1.0
piiii,0,6,6,1.0
buyonlinrm,0,6,6,1.0
runtim,4,2,6,0.333
salamand,0,6,6,1.0
wist,0,6,6,1.0
swindl,1,5,6,0.833
istvan,0,6,6,1.0
deneb,0,6,6,1.0
hyena,0,6,6,1.0
loudli,1,5,6,0.833
underr,1,5,6,0.833
redrum,0,6,6,1.0
larryl,0,6,6,1.0
preaccept,0,6,6,1.0
showstopp,6,0,6,0.0
maak,6,0,6,0.0
hanoverian,0,6,6,1.0
lecher,0,6,6,1.0
reluctantli,4,2,6,0.333
underag,3,3,6,0.5
conciud,0,6,6,1.0
idacorp,6,0,6,0.0
blimp,0,6,6,1.0
andré,0,6,6,1.0
dasilva,6,0,6,0.0
homan,6,0,6,0.0
hogarth,4,2,6,0.333
herringbon,0,6,6,1.0
reguard,3,3,6,0.5
rutland,0,6,6,1.0
dcaf,6,0,6,0.0
thyroidmind,0,6,6,1.0
unequivoc,6,0,6,0.0
midcap,0,6,6,1.0
curio,0,6,6,1.0
werken,0,6,6,1.0
zbaqooqk,0,6,6,1.0
scherzando,0,6,6,1.0
handclasp,0,6,6,1.0
depresss,0,6,6,1.0
wiga,6,0,6,0.0
samoa,0,6,6,1.0
soggi,0,6,6,1.0
zapz,0,6,6,1.0
medicatio,0,6,6,1.0
polarfleec,0,6,6,1.0
sigmund,1,5,6,0.833
sadiqu,0,6,6,1.0
dichlorid,0,6,6,1.0
lunari,0,6,6,1.0
ini,3,3,6,0.5
simuitaneousiy,0,6,6,1.0
rubbermaid,6,0,6,0.0
saltwat,0,6,6,1.0
muess,0,6,6,1.0
acetosolubl,0,6,6,1.0
afft,0,6,6,1.0
gastromenia,0,6,6,1.0
cosmograph,0,6,6,1.0
abreact,0,6,6,1.0
unsesquipedalian,0,6,6,1.0
tcigp,0,6,6,1.0
seced,0,6,6,1.0
hightail,0,6,6,1.0
alameda,0,6,6,1.0
greatnewcar,0,6,6,1.0
coover,6,0,6,0.0
abeg,6,0,6,0.0
inconvenienc,3,3,6,0.5
mohr,0,6,6,1.0
yakima,1,5,6,0.833
murat,6,0,6,0.0
planar,1,5,6,0.833
kassim,4,2,6,0.333
waa,0,6,6,1.0
priapean,0,6,6,1.0
frap,0,6,6,1.0
eolinfo,6,0,6,0.0
interco,6,0,6,0.0
anharmon,0,6,6,1.0
nonchal,0,6,6,1.0
irishmen,0,6,6,1.0
wowserian,0,6,6,1.0
hapdx,6,0,6,0.0
recebeu,0,6,6,1.0
nye,0,6,6,1.0
materialis,6,0,6,0.0
tabular,1,5,6,0.833
darvon,0,6,6,1.0
extranet,0,6,6,1.0
namen,0,6,6,1.0
interscop,0,6,6,1.0
choicesandopt,0,6,6,1.0
strobe,4,2,6,0.333
phish,0,6,6,1.0
gob,0,6,6,1.0
soru,0,6,6,1.0
fim,0,6,6,1.0
dich,0,6,6,1.0
reconfigur,6,0,6,0.0
crl,5,1,6,0.167
ector,0,6,6,1.0
desafio,0,6,6,1.0
gunk,0,6,6,1.0
tcc,5,1,6,0.167
gmii,6,0,6,0.0
jesuit,0,6,6,1.0
anoush,6,0,6,0.0
theotcbb,0,6,6,1.0
dtext,0,6,6,1.0
basisnw,6,0,6,0.0
expioratori,0,6,6,1.0
uaf,6,0,6,0.0
nashua,2,4,6,0.667
oldi,0,6,6,1.0
zenextend,0,6,6,1.0
grillwork,0,6,6,1.0
eckstein,6,0,6,0.0
semaphor,0,6,6,1.0
thud,0,6,6,1.0
stipend,3,3,6,0.5
funciona,0,6,6,1.0
finial,0,6,6,1.0
gooseberri,0,6,6,1.0
waldorf,2,4,6,0.667
bll,0,6,6,1.0
handlowej,6,0,6,0.0
braden,6,0,6,0.0
insuper,0,6,6,1.0
klaxon,0,6,6,1.0
prise,1,5,6,0.833
garlic,0,6,6,1.0
fogl,0,6,6,1.0
shim,3,3,6,0.5
timpowel,6,0,6,0.0
swingopt,6,0,6,0.0
newspaperman,0,6,6,1.0
xsvcd,0,6,6,1.0
resini,0,6,6,1.0
hellbend,0,6,6,1.0
contabl,0,6,6,1.0
highpass,0,6,6,1.0
gesendet,0,6,6,1.0
ewz,6,0,6,0.0
wou,0,6,6,1.0
njabl,0,6,6,1.0
potomu,0,6,6,1.0
beatif,0,6,6,1.0
splurg,1,5,6,0.833
hears,0,6,6,1.0
strawber,0,6,6,1.0
loam,0,6,6,1.0
posabl,0,6,6,1.0
medzstoreonlin,0,6,6,1.0
nestor,0,6,6,1.0
placebo,0,6,6,1.0
quezon,0,6,6,1.0
axford,6,0,6,0.0
quillwort,0,6,6,1.0
aparec,0,6,6,1.0
indefatig,0,6,6,1.0
alphal,0,6,6,1.0
rancor,1,5,6,0.833
norden,6,0,6,0.0
xannax,0,6,6,1.0
khartoum,0,6,6,1.0
volubl,0,6,6,1.0
holmdel,0,6,6,1.0
gird,3,3,6,0.5
loincloth,0,6,6,1.0
mcnabb,6,0,6,0.0
stucco,0,6,6,1.0
leahi,6,0,6,0.0
decenni,0,6,6,1.0
miscommun,6,0,6,0.0
goucher,1,5,6,0.833
fontcolor,0,6,6,1.0
teflon,1,5,6,0.833
antwort,0,6,6,1.0
inexcus,1,5,6,0.833
windowsmobil,0,6,6,1.0
gesamt,0,6,6,1.0
movress,0,6,6,1.0
wlodarski,6,0,6,0.0
airam,6,0,6,0.0
touchdown,1,5,6,0.833
steepest,4,2,6,0.333
ptolemi,0,6,6,1.0
sigilo,0,6,6,1.0
pageant,1,5,6,0.833
cytost,0,6,6,1.0
dgweir,6,0,6,0.0
tigr,1,5,6,0.833
cheetah,0,6,6,1.0
garantir,0,6,6,1.0
ajaokuta,0,6,6,1.0
rava,0,6,6,1.0
farad,0,6,6,1.0
bedfellow,4,2,6,0.333
midband,0,6,6,1.0
dissect,4,2,6,0.333
eft,0,6,6,1.0
kamah,0,6,6,1.0
pejor,0,6,6,1.0
nauauauaghti,0,6,6,1.0
slavic,1,5,6,0.833
stanfield,6,0,6,0.0
cfr,4,2,6,0.333
rasp,0,6,6,1.0
suiphid,0,6,6,1.0
fbbg,0,6,6,1.0
enaresearch,6,0,6,0.0
goforth,6,0,6,0.0
aluko,0,6,6,1.0
minder,0,6,6,1.0
bumblebe,0,6,6,1.0
erstwhil,5,1,6,0.167
hectar,0,6,6,1.0
gulari,0,6,6,1.0
ocn,0,6,6,1.0
ditech,0,6,6,1.0
tedium,0,6,6,1.0
minutia,2,4,6,0.667
pentax,0,6,6,1.0
lyfdad,0,6,6,1.0
pneumococcu,0,6,6,1.0
netspac,0,6,6,1.0
lacew,0,6,6,1.0
telstra,0,6,6,1.0
dsco,6,0,6,0.0
touchton,0,6,6,1.0
identificar,0,6,6,1.0
advogado,0,6,6,1.0
glacial,2,4,6,0.667
pdn,6,0,6,0.0
dgener,0,6,6,1.0
chswiss,0,6,6,1.0
daniela,6,0,6,0.0
timkennedyo,0,6,6,1.0
dyersdal,6,0,6,0.0
jodyanddavid,0,6,6,1.0
baichun,6,0,6,0.0
liggett,0,6,6,1.0
enom,6,0,6,0.0
tabss,0,6,6,1.0
nubil,0,6,6,1.0
ppmg,0,6,6,1.0
firmindex,0,6,6,1.0
mrbndahau,6,0,6,0.0
nug,5,1,6,0.167
mendelevium,0,6,6,1.0
freer,3,3,6,0.5
shiloh,0,6,6,1.0
infarct,0,6,6,1.0
myra,1,5,6,0.833
typhon,0,6,6,1.0
laughabl,3,3,6,0.5
chantelleart,0,6,6,1.0
stopper,4,2,6,0.333
snivel,0,6,6,1.0
activit,2,4,6,0.667
medlcationsno,0,6,6,1.0
deme,3,3,6,0.5
curia,0,6,6,1.0
mesopotamia,0,6,6,1.0
tautophon,0,6,6,1.0
sandbag,0,6,6,1.0
ecrit,6,0,6,0.0
vac,1,5,6,0.833
freereward,0,6,6,1.0
kosecki,6,0,6,0.0
swelt,0,6,6,1.0
hardhat,0,6,6,1.0
isav,4,2,6,0.333
unconvent,0,6,6,1.0
perfectvgr,0,6,6,1.0
loiter,0,6,6,1.0
signin,0,6,6,1.0
shawne,4,2,6,0.333
graf,6,0,6,0.0
shoop,0,6,6,1.0
ciip,0,6,6,1.0
tddiv,0,6,6,1.0
soutan,0,6,6,1.0
stilwel,6,0,6,0.0
sre,6,0,6,0.0
cauldron,0,6,6,1.0
karachi,0,6,6,1.0
remo,0,6,6,1.0
borax,0,6,6,1.0
tkn,0,6,6,1.0
optimizar,0,6,6,1.0
thnx,6,0,6,0.0
rígido,0,6,6,1.0
emphysemat,0,6,6,1.0
markov,1,5,6,0.833
megohm,0,6,6,1.0
subramaniam,6,0,6,0.0
intersearch,0,6,6,1.0
icai,0,6,6,1.0
indium,0,6,6,1.0
raison,0,6,6,1.0
rafferti,2,4,6,0.667
telltal,0,6,6,1.0
ress,1,5,6,0.833
napervil,0,6,6,1.0
randomnameisgood,0,6,6,1.0
kmurray,6,0,6,0.0
calspreadopt,6,0,6,0.0
hoo,5,1,6,0.167
mmail,0,6,6,1.0
zeta,0,6,6,1.0
gladdi,0,6,6,1.0
perhc,0,6,6,1.0
chiang,2,4,6,0.667
khouri,6,0,6,0.0
aak,0,6,6,1.0
kresg,0,6,6,1.0
bridgeabl,0,6,6,1.0
mutad,0,6,6,1.0
retrac,3,3,6,0.5
caliso,6,0,6,0.0
carmella,4,2,6,0.333
tff,6,0,6,0.0
chaeap,0,6,6,1.0
faz,0,6,6,1.0
pgn,6,0,6,0.0
datenfrequenz,6,0,6,0.0
azîm,0,6,6,1.0
servicemen,0,6,6,1.0
pomerantz,6,0,6,0.0
kolay,0,6,6,1.0
anastomot,0,6,6,1.0
onlfor,0,6,6,1.0
montmartr,0,6,6,1.0
horseman,0,6,6,1.0
winnipesauke,0,6,6,1.0
triem,6,0,6,0.0
scythia,0,6,6,1.0
guelph,0,6,6,1.0
monomi,0,6,6,1.0
dobler,6,0,6,0.0
comsouth,0,6,6,1.0
basketb,0,6,6,1.0
twisterburrito,0,6,6,1.0
deidr,6,0,6,0.0
ingreso,0,6,6,1.0
hermanek,6,0,6,0.0
vicar,0,6,6,1.0
preze,0,6,6,1.0
doorman,0,6,6,1.0
shimbun,6,0,6,0.0
foxsport,6,0,6,0.0
zhan,6,0,6,0.0
mobster,0,6,6,1.0
meeeeeeeeeeet,0,6,6,1.0
osaka,1,5,6,0.833
gogreec,0,6,6,1.0
gtvcf,0,6,6,1.0
seaquak,0,6,6,1.0
valuer,4,2,6,0.333
gentlemanli,6,0,6,0.0
bluemountain,6,0,6,0.0
pipsissewa,0,6,6,1.0
irsyou,0,6,6,1.0
lahey,6,0,6,0.0
gnupg,0,6,6,1.0
skunk,1,5,6,0.833
mdt,2,4,6,0.667
dailey,1,5,6,0.833
quarterback,4,2,6,0.333
causholli,6,0,6,0.0
fuzz,0,6,6,1.0
equanim,0,6,6,1.0
slagl,6,0,6,0.0
ramachandran,6,0,6,0.0
prosp,0,6,6,1.0
bellmarket,0,6,6,1.0
merriment,0,6,6,1.0
ppro,0,6,6,1.0
ponchartrain,0,6,6,1.0
zv,0,6,6,1.0
tlp,0,6,6,1.0
wynyc,6,0,6,0.0
thraldom,0,6,6,1.0
metalloid,0,6,6,1.0
simunov,6,0,6,0.0
esposito,1,5,6,0.833
avertir,6,0,6,0.0
trifluourid,0,6,6,1.0
nab,1,5,6,0.833
ison,0,6,6,1.0
leut,0,6,6,1.0
cha,1,5,6,0.833
oswego,1,5,6,0.833
exhilar,0,6,6,1.0
qoph,0,6,6,1.0
regrad,0,6,6,1.0
dyplomowa,6,0,6,0.0
glucos,0,6,6,1.0
prriicegreat,0,6,6,1.0
sarcoma,0,6,6,1.0
postmortem,1,5,6,0.833
aldebaran,0,6,6,1.0
penanc,0,6,6,1.0
hrgi,6,0,6,0.0
nazaren,0,6,6,1.0
natchez,1,5,6,0.833
ganglion,0,6,6,1.0
westchest,0,6,6,1.0
scabrou,0,6,6,1.0
philbin,0,6,6,1.0
fastwebsnet,0,6,6,1.0
teamlead,6,0,6,0.0
alguma,0,6,6,1.0
ginseng,0,6,6,1.0
mavrix,6,0,6,0.0
gottfri,0,6,6,1.0
yep,4,2,6,0.333
sardon,0,6,6,1.0
creol,0,6,6,1.0
inetu,0,6,6,1.0
gila,4,2,6,0.333
priscilla,4,2,6,0.333
informationa,0,6,6,1.0
nihil,0,6,6,1.0
gaspe,0,6,6,1.0
expediteur,6,0,6,0.0
reload,5,1,6,0.167
iniquit,0,6,6,1.0
siltron,6,0,6,0.0
graydon,6,0,6,0.0
juneau,2,4,6,0.667
anglelid,6,0,6,0.0
midterm,1,5,6,0.833
heu,6,0,6,0.0
smartbas,0,6,6,1.0
suppressor,0,6,6,1.0
rye,0,6,6,1.0
oeil,0,6,6,1.0
filehunt,0,6,6,1.0
penguin,0,6,6,1.0
tuner,0,6,6,1.0
preapprov,1,5,6,0.833
downspout,0,6,6,1.0
huong,6,0,6,0.0
mightn,0,6,6,1.0
shiplap,0,6,6,1.0
spectromet,0,6,6,1.0
courrier,0,6,6,1.0
afont,0,6,6,1.0
lias,6,0,6,0.0
punditri,0,6,6,1.0
inscripcin,0,6,6,1.0
icn,0,6,6,1.0
banamex,0,6,6,1.0
iplanet,0,6,6,1.0
clamuko,0,6,6,1.0
bruge,5,1,6,0.167
leboeuf,6,0,6,0.0
worksit,0,6,6,1.0
tritton,0,6,6,1.0
folio,1,5,6,0.833
tgifcam,0,6,6,1.0
cottonmouth,0,6,6,1.0
rican,3,3,6,0.5
wiec,6,0,6,0.0
obliter,0,6,6,1.0
hazar,6,0,6,0.0
auric,0,6,6,1.0
winkelpersoneel,0,6,6,1.0
rewriterl,0,6,6,1.0
sinter,0,6,6,1.0
announcerev,6,0,6,0.0
inequit,0,6,6,1.0
ygo,5,1,6,0.167
terenc,3,3,6,0.5
fritillari,0,6,6,1.0
sketchpad,0,6,6,1.0
fira,0,6,6,1.0
mama,1,5,6,0.833
pitchfork,0,6,6,1.0
dfw,6,0,6,0.0
iritani,6,0,6,0.0
amabil,6,0,6,0.0
zoch,6,0,6,0.0
wichtig,0,6,6,1.0
sehen,0,6,6,1.0
edcc,6,0,6,0.0
proporcionar,0,6,6,1.0
infertil,0,6,6,1.0
gouda,0,6,6,1.0
eluat,0,6,6,1.0
mailserv,5,1,6,0.167
thair,0,6,6,1.0
memb,0,6,6,1.0
synops,0,6,6,1.0
spyzonetown,0,6,6,1.0
garanti,0,6,6,1.0
kale,2,4,6,0.667
hawley,2,4,6,0.667
shipyard,3,3,6,0.5
tacton,6,0,6,0.0
spleen,2,4,6,0.667
noxious,0,6,6,1.0
disavino,6,0,6,0.0
aun,5,1,6,0.167
chicagoan,0,6,6,1.0
paunikar,6,0,6,0.0
craftspeopl,0,6,6,1.0
rayment,0,6,6,1.0
onsight,0,6,6,1.0
lipid,0,6,6,1.0
scarfac,0,6,6,1.0
galton,0,6,6,1.0
ciient,0,6,6,1.0
topmargin,0,6,6,1.0
obter,0,6,6,1.0
valliium,0,6,6,1.0
zimmi,0,6,6,1.0
paulson,0,6,6,1.0
eisenstein,6,0,6,0.0
johnathan,5,1,6,0.167
virgilio,0,6,6,1.0
galway,0,6,6,1.0
predigest,6,0,6,0.0
gutsi,0,6,6,1.0
occlud,0,6,6,1.0
sniff,2,4,6,0.667
syllog,0,6,6,1.0
hijink,0,6,6,1.0
vetch,0,6,6,1.0
prexi,0,6,6,1.0
shend,0,6,6,1.0
pulpit,2,4,6,0.667
amaryl,0,6,6,1.0
yt,0,6,6,1.0
duranc,0,6,6,1.0
planeload,0,6,6,1.0
gard,0,6,6,1.0
malagasi,0,6,6,1.0
muitibiliion,0,6,6,1.0
artículo,0,6,6,1.0
reedi,2,4,6,0.667
imbed,6,0,6,0.0
videox,0,6,6,1.0
onlli,0,6,6,1.0
pellechia,6,0,6,0.0
recklessli,3,3,6,0.5
epcor,6,0,6,0.0
develo,6,0,6,0.0
roughneck,1,5,6,0.833
adjoint,0,6,6,1.0
basichromatin,0,6,6,1.0
encontrara,0,6,6,1.0
smtpsvc,1,5,6,0.833
conferencista,0,6,6,1.0
flutter,0,6,6,1.0
ovenbird,0,6,6,1.0
mida,3,3,6,0.5
thespian,0,6,6,1.0
reserva,0,6,6,1.0
harbing,3,3,6,0.5
qiii,6,0,6,0.0
rebuk,0,6,6,1.0
lorio,6,0,6,0.0
varwork,6,0,6,0.0
garcía,0,6,6,1.0
hurrah,1,5,6,0.833
procura,0,6,6,1.0
iverson,0,6,6,1.0
manvil,0,6,6,1.0
romp,1,5,6,0.833
leviitra,0,6,6,1.0
trinket,0,6,6,1.0
obecni,6,0,6,0.0
crk,0,6,6,1.0
gmr,0,6,6,1.0
kennel,0,6,6,1.0
firemen,1,5,6,0.833
kibbutzim,0,6,6,1.0
bah,0,6,6,1.0
extemporan,0,6,6,1.0
rookverbod,0,6,6,1.0
jinan,0,6,6,1.0
nextday,0,6,6,1.0
mfsa,0,6,6,1.0
maher,6,0,6,0.0
pollack,4,2,6,0.333
stroup,6,0,6,0.0
typolog,0,6,6,1.0
anual,0,6,6,1.0
madhup,6,0,6,0.0
marinov,6,0,6,0.0
tdtda,0,6,6,1.0
swissbank,6,0,6,0.0
moritzburk,6,0,6,0.0
tecnologa,0,6,6,1.0
backwood,0,6,6,1.0
seacoast,0,6,6,1.0
rou,0,6,6,1.0
yone,0,6,6,1.0
hottap,6,0,6,0.0
fueron,0,6,6,1.0
betwixt,0,6,6,1.0
pusey,0,6,6,1.0
wigwam,0,6,6,1.0
gaithersburg,1,5,6,0.833
passband,0,6,6,1.0
rondo,0,6,6,1.0
kudin,6,0,6,0.0
windbag,0,6,6,1.0
balsam,0,6,6,1.0
inbsp,0,6,6,1.0
clipper,1,5,6,0.833
slick,3,3,6,0.5
pinafor,0,6,6,1.0
fdaapprov,0,6,6,1.0
lopsid,0,6,6,1.0
disscount,0,6,6,1.0
orinoco,0,6,6,1.0
kluwer,0,6,6,1.0
spotkac,6,0,6,0.0
diarrhoeal,0,6,6,1.0
crypt,0,6,6,1.0
hattan,0,6,6,1.0
screwworm,0,6,6,1.0
kne,2,4,6,0.667
roduct,0,6,6,1.0
directament,0,6,6,1.0
axthemax,0,6,6,1.0
landrat,0,6,6,1.0
lexicon,0,6,6,1.0
arbeiten,3,3,6,0.5
atl,2,4,6,0.667
picazo,6,0,6,0.0
morel,3,3,6,0.5
mescalin,0,6,6,1.0
avn,5,1,6,0.167
procliv,0,6,6,1.0
myfantasysweep,0,6,6,1.0
participatori,4,2,6,0.333
essec,6,0,6,0.0
fortieth,0,6,6,1.0
eerst,0,6,6,1.0
stagnat,3,3,6,0.5
trefz,6,0,6,0.0
sketchi,3,3,6,0.5
freest,0,6,6,1.0
fiyati,0,6,6,1.0
wiser,3,3,6,0.5
rodino,6,0,6,0.0
rowley,0,6,6,1.0
mawkish,0,6,6,1.0
impervi,0,6,6,1.0
considera,0,6,6,1.0
cotillion,0,6,6,1.0
fillmypocketsful,0,6,6,1.0
responsibilti,6,0,6,0.0
dayli,0,6,6,1.0
lavado,0,6,6,1.0
kalgoorli,0,6,6,1.0
visitant,0,6,6,1.0
diplom,0,6,6,1.0
suav,2,4,6,0.667
mace,1,5,6,0.833
goood,0,6,6,1.0
prattl,0,6,6,1.0
middenstand,0,6,6,1.0
piquant,0,6,6,1.0
washout,1,5,6,0.833
arisman,0,6,6,1.0
helpmat,0,6,6,1.0
lograr,0,6,6,1.0
creditex,6,0,6,0.0
healthyexchang,0,6,6,1.0
amanita,0,6,6,1.0
wirya,6,0,6,0.0
yost,0,6,6,1.0
horeca,0,6,6,1.0
rauscher,6,0,6,0.0
voorinschrijv,0,6,6,1.0
pguiteau,6,0,6,0.0
hankin,5,1,6,0.167
hainsworth,6,0,6,0.0
onslaught,2,4,6,0.667
allum,0,6,6,1.0
boren,6,0,6,0.0
arnel,6,0,6,0.0
delphic,0,6,6,1.0
presag,2,4,6,0.667
newt,0,6,6,1.0
seedl,0,6,6,1.0
aliya,0,6,6,1.0
lete,2,4,6,0.667
retrograd,0,6,6,1.0
parimutuel,0,6,6,1.0
matron,0,6,6,1.0
bulrush,0,6,6,1.0
geraldin,3,3,6,0.5
ninguna,0,6,6,1.0
lascar,0,6,6,1.0
lyserg,0,6,6,1.0
mensualidad,0,6,6,1.0
prescrlpt,0,6,6,1.0
ftware,0,6,6,1.0
outr,1,5,6,0.833
mcmillan,0,6,6,1.0
calmli,1,5,6,0.833
nonogenarian,0,6,6,1.0
wingman,0,6,6,1.0
waxen,0,6,6,1.0
passer,0,6,6,1.0
snvbf,0,6,6,1.0
quasistationari,0,6,6,1.0
queensley,0,6,6,1.0
plainli,0,6,6,1.0
fragen,0,6,6,1.0
asata,0,6,6,1.0
reciv,0,6,6,1.0
dissuas,0,6,6,1.0
shaukiwan,0,6,6,1.0
luskin,6,0,6,0.0
unica,0,6,6,1.0
omma,0,6,6,1.0
scath,0,6,6,1.0
gyroscop,0,6,6,1.0
sapsecur,6,0,6,0.0
balsa,0,6,6,1.0
bioelectron,0,6,6,1.0
nowz,0,6,6,1.0
xstepdown,0,6,6,1.0
hetman,0,6,6,1.0
nsp,4,2,6,0.333
riskbrief,6,0,6,0.0
altarpiec,0,6,6,1.0
guaranteeliwork,0,6,6,1.0
hinduism,0,6,6,1.0
pompos,0,6,6,1.0
nirvan,0,6,6,1.0
farber,1,5,6,0.833
chassi,0,6,6,1.0
shard,0,6,6,1.0
wwwbargin,0,6,6,1.0
rattail,0,6,6,1.0
periódico,0,6,6,1.0
waer,6,0,6,0.0
sijuko,0,6,6,1.0
metallurg,0,6,6,1.0
epilogu,2,4,6,0.667
sullcrom,6,0,6,0.0
prose,0,6,6,1.0
hedgehog,0,6,6,1.0
geisha,0,6,6,1.0
luiz,6,0,6,0.0
zhongxun,0,6,6,1.0
counterargu,0,6,6,1.0
doghous,1,5,6,0.833
ciboul,0,6,6,1.0
sandia,0,6,6,1.0
bestubbl,0,6,6,1.0
viston,6,0,6,0.0
fluoresc,0,6,6,1.0
papal,0,6,6,1.0
ensor,6,0,6,0.0
stormbound,0,6,6,1.0
antoniopilurzo,0,6,6,1.0
sustainabi,0,6,6,1.0
sont,0,6,6,1.0
neeede,0,6,6,1.0
skittl,3,3,6,0.5
chnage,6,0,6,0.0
presbyteri,0,6,6,1.0
stethoscop,0,6,6,1.0
okidata,0,6,6,1.0
ourmail,0,6,6,1.0
phent,0,6,6,1.0
imprec,0,6,6,1.0
connectiv,6,0,6,0.0
wwwo,0,6,6,1.0
flannel,1,5,6,0.833
ignoramu,0,6,6,1.0
gault,6,0,6,0.0
asi,0,6,6,1.0
holler,4,2,6,0.333
quintu,0,6,6,1.0
lapboard,0,6,6,1.0
blackguard,0,6,6,1.0
dcid,0,6,6,1.0
vagin,0,6,6,1.0
carload,0,6,6,1.0
htmlfont,0,6,6,1.0
foradditionalus,0,6,6,1.0
grafic,0,6,6,1.0
magnetron,0,6,6,1.0
glownej,6,0,6,0.0
freightmart,0,6,6,1.0
citrin,0,6,6,1.0
sleepingaid,0,6,6,1.0
justificativa,0,6,6,1.0
longoria,6,0,6,0.0
ipci,0,6,6,1.0
ö,0,6,6,1.0
heirarchi,6,0,6,0.0
nonerron,0,6,6,1.0
oficial,0,6,6,1.0
carbaugh,6,0,6,0.0
eyeglass,2,4,6,0.667
datapest,0,6,6,1.0
milano,0,6,6,1.0
brt,6,0,6,0.0
vestal,1,5,6,0.833
oilcloth,0,6,6,1.0
recriminatori,0,6,6,1.0
henban,0,6,6,1.0
hacemo,0,6,6,1.0
vierg,0,6,6,1.0
completando,0,6,6,1.0
kone,0,6,6,1.0
troca,0,6,6,1.0
puchas,3,3,6,0.5
consideracion,0,6,6,1.0
braedi,6,0,6,0.0
dioxid,0,6,6,1.0
mica,0,6,6,1.0
mien,0,6,6,1.0
wep,0,6,6,1.0
erickson,0,6,6,1.0
syke,1,5,6,0.833
bespectacl,0,6,6,1.0
servitud,0,6,6,1.0
rickett,6,0,6,0.0
tharsilla,6,0,6,0.0
fileplan,6,0,6,0.0
firecrack,0,6,6,1.0
immodesti,0,6,6,1.0
ephm,0,6,6,1.0
keypunch,0,6,6,1.0
carnav,0,6,6,1.0
khalil,0,6,6,1.0
bradstreet,6,0,6,0.0
thebestmortag,0,6,6,1.0
oggi,0,6,6,1.0
trav,0,6,6,1.0
garish,0,6,6,1.0
donaho,6,0,6,0.0
springtail,0,6,6,1.0
adultwebmast,0,6,6,1.0
glycerid,0,6,6,1.0
deerfield,5,1,6,0.167
telephotographi,0,6,6,1.0
ponto,0,6,6,1.0
louvr,0,6,6,1.0
medsfory,0,6,6,1.0
transferor,2,4,6,0.667
patronag,0,6,6,1.0
dsa,0,6,6,1.0
obsidian,0,6,6,1.0
spoed,6,0,6,0.0
kulak,0,6,6,1.0
lantefield,6,0,6,0.0
brunhild,0,6,6,1.0
kullanim,0,6,6,1.0
oportuna,0,6,6,1.0
solac,0,6,6,1.0
plucki,0,6,6,1.0
lomax,6,0,6,0.0
starlight,0,6,6,1.0
bmadesign,0,6,6,1.0
travertin,0,6,6,1.0
denen,0,6,6,1.0
electronical,6,0,6,0.0
penkava,6,0,6,0.0
myopic,0,6,6,1.0
mikel,0,6,6,1.0
ratigan,6,0,6,0.0
oyj,6,0,6,0.0
lerach,6,0,6,0.0
territorio,0,6,6,1.0
odiou,0,6,6,1.0
stripswingopt,6,0,6,0.0
vilifi,5,1,6,0.167
ferrugin,0,6,6,1.0
furthest,0,6,6,1.0
mimet,0,6,6,1.0
respectivo,0,6,6,1.0
tupl,0,6,6,1.0
ellag,0,6,6,1.0
behead,0,6,6,1.0
unintermitt,0,6,6,1.0
teolgico,0,6,6,1.0
hackl,0,6,6,1.0
platzieren,0,6,6,1.0
hydrocodoon,0,6,6,1.0
incurs,0,6,6,1.0
mesenter,0,6,6,1.0
trenton,1,5,6,0.833
crimea,0,6,6,1.0
handkerchief,1,5,6,0.833
sunnyval,0,6,6,1.0
warmli,0,6,6,1.0
fordham,3,3,6,0.5
kellerrohrback,6,0,6,0.0
idri,0,6,6,1.0
nirvana,0,6,6,1.0
vix,5,1,6,0.167
asnsprd,6,0,6,0.0
sourberri,0,6,6,1.0
madrig,0,6,6,1.0
tld,0,6,6,1.0
vermilion,0,6,6,1.0
abstin,0,6,6,1.0
zealot,2,4,6,0.667
eal,1,5,6,0.833
surinam,0,6,6,1.0
nomso,6,0,6,0.0
alliant,6,0,6,0.0
casio,1,5,6,0.833
penat,0,6,6,1.0
scicomp,6,0,6,0.0
experinc,0,6,6,1.0
adamantli,6,0,6,0.0
scrape,4,2,6,0.333
plasm,0,6,6,1.0
mendac,0,6,6,1.0
pediatrician,1,5,6,0.833
jomr,0,6,6,1.0
hitech,0,6,6,1.0
singlet,0,6,6,1.0
eanic,0,6,6,1.0
poiitica,0,6,6,1.0
roadhous,0,6,6,1.0
cipher,0,6,6,1.0
spruiell,6,0,6,0.0
erda,0,6,6,1.0
fescu,0,6,6,1.0
leroux,6,0,6,0.0
mbia,6,0,6,0.0
imperturb,0,6,6,1.0
pheasant,1,5,6,0.833
pliabl,0,6,6,1.0
idealen,6,0,6,0.0
wishbon,0,6,6,1.0
rutledg,0,6,6,1.0
richfield,4,2,6,0.333
cassiopeia,0,6,6,1.0
dworkin,6,0,6,0.0
missss,0,6,6,1.0
cpol,6,0,6,0.0
yaound,0,6,6,1.0
rump,1,5,6,0.833
paralyz,4,2,6,0.333
pastim,1,5,6,0.833
polyphemu,0,6,6,1.0
burundi,0,6,6,1.0
headston,0,6,6,1.0
arcco,0,6,6,1.0
certi,0,6,6,1.0
pdm,1,5,6,0.833
mve,6,0,6,0.0
arteaga,6,0,6,0.0
tereti,0,6,6,1.0
infoprob,0,6,6,1.0
oad,0,6,6,1.0
molehil,0,6,6,1.0
hickok,6,0,6,0.0
kabba,0,6,6,1.0
forklift,0,6,6,1.0
taikoo,0,6,6,1.0
tooday,0,6,6,1.0
revisión,0,6,6,1.0
mirfak,0,6,6,1.0
orangeroot,0,6,6,1.0
dogwood,0,6,6,1.0
mpb,0,6,6,1.0
jure,0,6,6,1.0
hegemoni,0,6,6,1.0
shonni,6,0,6,0.0
serpen,0,6,6,1.0
rambol,0,6,6,1.0
overcrowd,1,5,6,0.833
keef,6,0,6,0.0
rosemead,4,2,6,0.333
scotch,0,6,6,1.0
cytolysi,0,6,6,1.0
guidepost,0,6,6,1.0
dragica,6,0,6,0.0
htmlheadmeta,0,6,6,1.0
heaviest,6,0,6,0.0
esnj,6,0,6,0.0
sleet,0,6,6,1.0
sepur,0,6,6,1.0
assembiy,0,6,6,1.0
peltz,6,0,6,0.0
speil,0,6,6,1.0
tableland,0,6,6,1.0
ineffectu,3,3,6,0.5
aplicaçõ,0,6,6,1.0
jubil,0,6,6,1.0
cyanamid,0,6,6,1.0
psm,1,5,6,0.833
volvo,2,4,6,0.667
miscreant,2,4,6,0.667
gullet,0,6,6,1.0
succinct,2,4,6,0.667
unstemm,0,6,6,1.0
buis,1,5,6,0.833
gleeful,0,6,6,1.0
radium,0,6,6,1.0
hydrolysi,0,6,6,1.0
hashish,0,6,6,1.0
lagerstrom,6,0,6,0.0
bannerghatta,6,0,6,0.0
eosin,0,6,6,1.0
lurid,0,6,6,1.0
josephson,0,6,6,1.0
nautica,0,6,6,1.0
thurman,0,6,6,1.0
nouveau,0,6,6,1.0
lmsp,0,6,6,1.0
corallin,0,6,6,1.0
hanlon,0,6,6,1.0
exclusivament,0,6,6,1.0
chewabl,1,5,6,0.833
seahors,0,6,6,1.0
laallen,6,0,6,0.0
geopolit,1,5,6,0.833
treatmenti,0,6,6,1.0
moonlit,1,5,6,0.833
febo,6,0,6,0.0
transduc,0,6,6,1.0
vagari,2,4,6,0.667
makovich,6,0,6,0.0
snout,0,6,6,1.0
isbn,3,3,6,0.5
exogam,0,6,6,1.0
thereto,1,5,6,0.833
ravel,0,6,6,1.0
amyn,6,0,6,0.0
imperfor,0,6,6,1.0
liniment,0,6,6,1.0
garrul,0,6,6,1.0
auburndal,6,0,6,0.0
statment,1,5,6,0.833
sivaraman,6,0,6,0.0
spat,3,3,6,0.5
gofish,0,6,6,1.0
issi,0,6,6,1.0
kilohm,0,6,6,1.0
micella,0,6,6,1.0
happyday,0,6,6,1.0
moel,0,6,6,1.0
unwis,1,5,6,0.833
texasnf,6,0,6,0.0
gospelc,0,6,6,1.0
abdalla,0,6,6,1.0
flexiforc,0,6,6,1.0
xpforyou,0,6,6,1.0
paesano,6,0,6,0.0
brka,6,0,6,0.0
corrigendum,0,6,6,1.0
adrial,6,0,6,0.0
jumpstart,2,4,6,0.667
xeniic,0,6,6,1.0
graef,6,0,6,0.0
musk,0,6,6,1.0
prei,0,6,6,1.0
millionth,0,6,6,1.0
stanza,0,6,6,1.0
nuzzl,0,6,6,1.0
neuriti,0,6,6,1.0
presentan,0,6,6,1.0
markenwein,0,6,6,1.0
soullier,6,0,6,0.0
nostalgia,0,6,6,1.0
gaberon,0,6,6,1.0
rua,0,6,6,1.0
tofu,1,5,6,0.833
nicholi,6,0,6,0.0
roie,0,6,6,1.0
meastman,6,0,6,0.0
tomograph,0,6,6,1.0
bextra,0,6,6,1.0
breakoff,0,6,6,1.0
codomain,0,6,6,1.0
simpleton,0,6,6,1.0
weill,5,1,6,0.167
arshak,6,0,6,0.0
xrmd,0,6,6,1.0
cassi,1,5,6,0.833
lisi,6,0,6,0.0
blacksmith,0,6,6,1.0
picosecond,0,6,6,1.0
ufo,0,6,6,1.0
jacobit,0,6,6,1.0
mephistophel,0,6,6,1.0
extermin,0,6,6,1.0
lifeguard,0,6,6,1.0
plushi,0,6,6,1.0
bowgun,0,6,6,1.0
alfa,3,3,6,0.5
trsor,0,6,6,1.0
netgraph,6,0,6,0.0
conakri,0,6,6,1.0
foundl,0,6,6,1.0
villar,6,0,6,0.0
hairdress,0,6,6,1.0
neutrino,2,4,6,0.667
ficat,0,6,6,1.0
productivo,0,6,6,1.0
expressea,0,6,6,1.0
childbear,0,6,6,1.0
calibal,0,6,6,1.0
galena,0,6,6,1.0
ejemplo,0,6,6,1.0
flagpol,1,5,6,0.833
generaliy,0,6,6,1.0
kepler,0,6,6,1.0
syou,0,6,6,1.0
topocentr,0,6,6,1.0
hillman,1,5,6,0.833
bestellen,0,6,6,1.0
longterm,5,1,6,0.167
mohammedan,0,6,6,1.0
afin,0,6,6,1.0
tweez,0,6,6,1.0
paí,0,6,6,1.0
gyrocompass,0,6,6,1.0
midget,0,6,6,1.0
drm,0,6,6,1.0
enahnc,0,6,6,1.0
promethium,0,6,6,1.0
obr,0,6,6,1.0
cullen,5,1,6,0.167
gypsum,0,6,6,1.0
boater,0,6,6,1.0
largement,0,6,6,1.0
electragi,0,6,6,1.0
freehold,0,6,6,1.0
tation,0,6,6,1.0
zich,0,6,6,1.0
ruiz,5,1,6,0.167
wsllhk,0,6,6,1.0
fzl,0,6,6,1.0
centroid,0,6,6,1.0
palisad,0,6,6,1.0
pluton,0,6,6,1.0
rebush,0,6,6,1.0
uygulama,0,6,6,1.0
kyl,0,6,6,1.0
mikkelson,6,0,6,0.0
dusenberg,0,6,6,1.0
grimsbi,0,6,6,1.0
theophil,0,6,6,1.0
berkeiey,0,6,6,1.0
sohu,0,6,6,1.0
mcarthi,0,6,6,1.0
cof,6,0,6,0.0
radii,0,6,6,1.0
ataman,0,6,6,1.0
merton,6,0,6,0.0
imbru,0,6,6,1.0
corba,2,4,6,0.667
nationallotteri,0,6,6,1.0
blowjob,0,6,6,1.0
tian,3,3,6,0.5
bohn,6,0,6,0.0
pyritolog,0,6,6,1.0
spald,6,0,6,0.0
osseou,0,6,6,1.0
discoount,0,6,6,1.0
beatriz,0,6,6,1.0
necropsi,0,6,6,1.0
softforfast,0,6,6,1.0
irat,3,3,6,0.5
madeof,0,6,6,1.0
playtim,0,6,6,1.0
bergesen,6,0,6,0.0
shortfa,0,6,6,1.0
esclarecimento,0,6,6,1.0
thunderclap,0,6,6,1.0
executrix,0,6,6,1.0
thousandfold,0,6,6,1.0
xy,0,6,6,1.0
evaluacin,0,6,6,1.0
jilt,0,6,6,1.0
minc,0,6,6,1.0
penson,6,0,6,0.0
guofeng,0,6,6,1.0
heterozyg,0,6,6,1.0
sockmak,0,6,6,1.0
whitselk,6,0,6,0.0
orb,0,6,6,1.0
indiscret,1,5,6,0.833
maryann,3,3,6,0.5
limousin,0,6,6,1.0
trtda,0,6,6,1.0
loeb,0,6,6,1.0
electrod,0,6,6,1.0
traor,0,6,6,1.0
informationen,0,6,6,1.0
trivial,4,2,6,0.333
jaegerlecoultr,0,6,6,1.0
increasingiy,0,6,6,1.0
característica,0,6,6,1.0
chenil,0,6,6,1.0
technocrat,1,5,6,0.833
helcfim,0,6,6,1.0
jansenist,0,6,6,1.0
retaildesk,6,0,6,0.0
workperk,6,0,6,0.0
kilsheim,6,0,6,0.0
hermet,0,6,6,1.0
pyrex,0,6,6,1.0
millineri,0,6,6,1.0
jacobian,0,6,6,1.0
zorn,0,6,6,1.0
jocund,0,6,6,1.0
comerciai,0,6,6,1.0
están,0,6,6,1.0
furl,0,6,6,1.0
anagram,0,6,6,1.0
dialin,0,6,6,1.0
callitrichac,0,6,6,1.0
salti,0,6,6,1.0
sebesta,6,0,6,0.0
twinkl,0,6,6,1.0
dap,0,6,6,1.0
kruse,0,6,6,1.0
middleweight,0,6,6,1.0
pomad,0,6,6,1.0
marketlink,6,0,6,0.0
daddychoic,0,6,6,1.0
presencia,1,5,6,0.833
wideiy,0,6,6,1.0
villahermosa,0,6,6,1.0
ummah,0,6,6,1.0
upstatebeef,0,6,6,1.0
lothian,6,0,6,0.0
jacobf,6,0,6,0.0
moomoo,0,6,6,1.0
emailadl,0,6,6,1.0
xllwj,0,6,6,1.0
kleenex,0,6,6,1.0
amphibolog,0,6,6,1.0
cott,6,0,6,0.0
stalwart,0,6,6,1.0
mbah,0,6,6,1.0
purveyor,0,6,6,1.0
makeov,0,6,6,1.0
pinon,6,0,6,0.0
titti,0,6,6,1.0
jedoch,3,3,6,0.5
purdu,2,4,6,0.667
protoconulid,0,6,6,1.0
doin,0,6,6,1.0
menhaden,0,6,6,1.0
octahedra,0,6,6,1.0
histrion,0,6,6,1.0
halid,0,6,6,1.0
masculin,0,6,6,1.0
ingrati,0,6,6,1.0
cinemark,6,0,6,0.0
hybeammail,0,6,6,1.0
rediff,6,0,6,0.0
eapa,0,6,6,1.0
normandi,0,6,6,1.0
nineteenshot,0,6,6,1.0
guarda,0,6,6,1.0
yearend,6,0,6,0.0
homebrew,0,6,6,1.0
preconfer,6,0,6,0.0
aural,0,6,6,1.0
ivr,4,2,6,0.333
mutuel,0,6,6,1.0
circumpolar,0,6,6,1.0
gideon,0,6,6,1.0
huxtabl,0,6,6,1.0
bhutan,0,6,6,1.0
poach,3,3,6,0.5
roma,1,5,6,0.833
haryono,6,0,6,0.0
asdokm,0,6,6,1.0
sizeabl,4,2,6,0.333
findgoodstuffher,0,6,6,1.0
immer,0,6,6,1.0
fplo,6,0,6,0.0
sonanc,0,6,6,1.0
recrimin,1,5,6,0.833
formação,0,6,6,1.0
counteract,1,5,6,0.833
honer,0,6,6,1.0
brlr,0,6,6,1.0
ouster,6,0,6,0.0
souvenir,0,6,6,1.0
amston,0,6,6,1.0
foxhound,0,6,6,1.0
metamorph,0,6,6,1.0
waren,0,6,6,1.0
reto,0,6,6,1.0
maurin,2,4,6,0.667
rme,1,5,6,0.833
dirig,0,6,6,1.0
goggl,0,6,6,1.0
hailson,0,6,6,1.0
variac,0,6,6,1.0
cordoba,1,5,6,0.833
meretrici,0,6,6,1.0
traylor,6,0,6,0.0
homeownernew,6,0,6,0.0
evidencia,0,6,6,1.0
turpsz,0,6,6,1.0
amfor,6,0,6,0.0
zn,4,2,6,0.333
assasin,0,6,6,1.0
vestibul,0,6,6,1.0
unlead,6,0,6,0.0
highboy,0,6,6,1.0
cajon,6,0,6,0.0
caretak,2,4,6,0.667
uneven,2,4,6,0.667
duba,0,6,6,1.0
arialbvnbsp,0,6,6,1.0
canin,3,3,6,0.5
bigman,0,6,6,1.0
possibii,0,6,6,1.0
pancreat,0,6,6,1.0
reman,0,6,6,1.0
olkusz,0,6,6,1.0
haus,0,6,6,1.0
ragout,0,6,6,1.0
esenjay,6,0,6,0.0
pedimo,0,6,6,1.0
germantown,0,6,6,1.0
qwpoazrrn,0,6,6,1.0
tempestu,0,6,6,1.0
funki,2,4,6,0.667
jettison,0,6,6,1.0
erreichen,0,6,6,1.0
ordway,6,0,6,0.0
nondefault,6,0,6,0.0
wxgal,0,6,6,1.0
reav,1,5,6,0.833
tendon,0,6,6,1.0
chard,0,6,6,1.0
glazier,6,0,6,0.0
myfreegiftcard,0,6,6,1.0
sunantha,0,6,6,1.0
postdoctor,3,3,6,0.5
myle,1,5,6,0.833
reek,1,5,6,0.833
dough,0,6,6,1.0
hermosa,0,6,6,1.0
meistersing,0,6,6,1.0
kieth,5,1,6,0.167
reced,4,2,6,0.333
kogko,0,6,6,1.0
krishnar,6,0,6,0.0
plough,4,2,6,0.333
manley,0,6,6,1.0
reactor,5,1,6,0.167
incaut,0,6,6,1.0
infatu,0,6,6,1.0
portia,2,4,6,0.667
idper,0,6,6,1.0
belsha,6,0,6,0.0
tired,0,6,6,1.0
diffswap,6,0,6,0.0
koko,1,5,6,0.833
propens,1,5,6,0.833
dresner,6,0,6,0.0
curless,6,0,6,0.0
martian,0,6,6,1.0
interregnum,0,6,6,1.0
toxin,0,6,6,1.0
stockspromot,0,6,6,1.0
oq,0,6,6,1.0
hyad,0,6,6,1.0
netconnect,6,0,6,0.0
lanett,6,0,6,0.0
ibank,2,4,6,0.667
rux,0,6,6,1.0
dunc,0,6,6,1.0
trrc,6,0,6,0.0
oboist,0,6,6,1.0
jwilliamson,6,0,6,0.0
allmerica,0,6,6,1.0
pricedesk,6,0,6,0.0
kamela,0,6,6,1.0
satiabl,0,6,6,1.0
monic,0,6,6,1.0
whitehors,0,6,6,1.0
dmt,6,0,6,0.0
findikkiran,0,6,6,1.0
bargaain,0,6,6,1.0
moribund,1,5,6,0.833
bandsmen,0,6,6,1.0
geehrt,0,6,6,1.0
extrema,0,6,6,1.0
confrim,6,0,6,0.0
às,0,6,6,1.0
transmogrifi,0,6,6,1.0
woodsid,2,4,6,0.667
xbl,0,6,6,1.0
parsnip,0,6,6,1.0
harker,2,4,6,0.667
manageabi,0,6,6,1.0
foreseen,4,2,6,0.333
naturopath,0,6,6,1.0
diaaf,0,6,6,1.0
bluebook,0,6,6,1.0
wilt,0,6,6,1.0
octahedr,0,6,6,1.0
christodoul,6,0,6,0.0
sucess,3,3,6,0.5
trucker,6,0,6,0.0
masonri,0,6,6,1.0
purcha,0,6,6,1.0
disyl,0,6,6,1.0
excitatori,0,6,6,1.0
manitowich,6,0,6,0.0
londr,0,6,6,1.0
lrmc,6,0,6,0.0
uymail,0,6,6,1.0
musicnetwork,0,6,6,1.0
asl,0,6,6,1.0
cleverli,2,4,6,0.667
quiera,0,6,6,1.0
gusmer,0,6,6,1.0
horsedom,0,6,6,1.0
herasimchuk,6,0,6,0.0
oscillatori,0,6,6,1.0
didrex,0,6,6,1.0
vivaci,0,6,6,1.0
affymetrix,6,0,6,0.0
etg,6,0,6,0.0
ribald,0,6,6,1.0
hatem,1,5,6,0.833
forderung,0,6,6,1.0
tdtdfont,0,6,6,1.0
devour,1,5,6,0.833
pearlston,0,6,6,1.0
peritoneomuscular,0,6,6,1.0
elektronisch,0,6,6,1.0
nippl,0,6,6,1.0
rivulet,0,6,6,1.0
mcknight,3,3,6,0.5
breakneck,4,2,6,0.333
shonikon,0,6,6,1.0
flowerpot,0,6,6,1.0
portlanddev,6,0,6,0.0
portag,0,6,6,1.0
allpennystock,0,6,6,1.0
indochina,0,6,6,1.0
elemento,0,6,6,1.0
mvittal,6,0,6,0.0
starlet,0,6,6,1.0
canadlan,0,6,6,1.0
brisco,6,0,6,0.0
rainstorm,1,5,6,0.833
kashiwamura,6,0,6,0.0
vasp,0,6,6,1.0
heatherlock,6,0,6,0.0
wealdsman,0,6,6,1.0
slapstick,0,6,6,1.0
kolkhoz,0,6,6,1.0
evitar,0,6,6,1.0
vignaroli,6,0,6,0.0
nmppenergi,6,0,6,0.0
freio,0,6,6,1.0
perciv,0,6,6,1.0
heiress,0,6,6,1.0
alphons,0,6,6,1.0
ief,0,6,6,1.0
couldnt,2,4,6,0.667
synopt,0,6,6,1.0
sleigh,0,6,6,1.0
humpback,0,6,6,1.0
whig,0,6,6,1.0
lunchroom,0,6,6,1.0
marjoram,0,6,6,1.0
onion,2,4,6,0.667
furri,0,6,6,1.0
purr,0,6,6,1.0
gertrud,0,6,6,1.0
peijin,0,6,6,1.0
hartsfield,6,0,6,0.0
tryout,0,6,6,1.0
irrupt,0,6,6,1.0
thrice,1,5,6,0.833
rmove,0,6,6,1.0
berk,6,0,6,0.0
librettist,0,6,6,1.0
oilmen,4,2,6,0.333
nooooo,0,6,6,1.0
borrars,0,6,6,1.0
bhushan,6,0,6,0.0
shaggi,0,6,6,1.0
abmelden,0,6,6,1.0
jakarta,0,6,6,1.0
millard,0,6,6,1.0
leicest,0,6,6,1.0
nonimmun,0,6,6,1.0
inund,2,4,6,0.667
busier,6,0,6,0.0
hempstead,1,5,6,0.833
erasmu,0,6,6,1.0
garantizado,0,6,6,1.0
gentian,0,6,6,1.0
bieniawski,6,0,6,0.0
stopcock,0,6,6,1.0
countrifi,0,6,6,1.0
otisa,0,6,6,1.0
nevin,0,6,6,1.0
pfennig,0,6,6,1.0
umsatzsteuernumm,0,6,6,1.0
foz,0,6,6,1.0
gebhardt,6,0,6,0.0
foulmouth,0,6,6,1.0
chalmer,0,6,6,1.0
chantri,0,6,6,1.0
gripp,0,6,6,1.0
clump,0,6,6,1.0
mcafeecent,0,6,6,1.0
schoolmast,0,6,6,1.0
valida,0,6,6,1.0
bedava,0,6,6,1.0
triangulum,0,6,6,1.0
lookdog,0,6,6,1.0
kumquat,0,6,6,1.0
monogami,0,6,6,1.0
dilworth,6,0,6,0.0
dietspeci,0,6,6,1.0
enpep,6,0,6,0.0
introvert,0,6,6,1.0
intransig,0,6,6,1.0
pif,0,6,6,1.0
pith,0,6,6,1.0
sonogram,0,6,6,1.0
liqueur,0,6,6,1.0
glücklichen,0,6,6,1.0
euphem,1,5,6,0.833
neath,0,6,6,1.0
partout,0,6,6,1.0
cheungpui,0,6,6,1.0
maio,0,6,6,1.0
celesta,0,6,6,1.0
partia,0,6,6,1.0
koinonia,0,6,6,1.0
comenzar,0,6,6,1.0
yam,0,6,6,1.0
andel,6,0,6,0.0
disapprov,4,2,6,0.333
pianist,0,6,6,1.0
ineluct,0,6,6,1.0
squirrel,1,5,6,0.833
rlink,0,6,6,1.0
anhui,0,6,6,1.0
querul,0,6,6,1.0
guis,2,4,6,0.667
verpflichtungen,0,6,6,1.0
missin,0,6,6,1.0
jacm,0,6,6,1.0
stoll,6,0,6,0.0
whar,5,1,6,0.167
ffvol,6,0,6,0.0
illusori,0,6,6,1.0
acomodaçõ,0,6,6,1.0
khttp,0,6,6,1.0
bingolin,0,6,6,1.0
sedimentari,2,4,6,0.667
skitter,6,0,6,0.0
hothous,3,3,6,0.5
importncia,0,6,6,1.0
pecherski,6,0,6,0.0
spokespeopl,6,0,6,0.0
spav,6,0,6,0.0
pentecost,0,6,6,1.0
tez,6,0,6,0.0
rhine,0,6,6,1.0
chamfer,0,6,6,1.0
aditya,6,0,6,0.0
dleftstrongemfont,0,6,6,1.0
consejo,0,6,6,1.0
rhenium,0,6,6,1.0
enronfcu,6,0,6,0.0
syncrud,6,0,6,0.0
rpinoniv,6,0,6,0.0
bethani,4,2,6,0.333
sisyphean,0,6,6,1.0
praiseworthi,0,6,6,1.0
lichen,0,6,6,1.0
knnen,0,6,6,1.0
philpott,6,0,6,0.0
unturn,3,3,6,0.5
blindli,3,3,6,0.5
toqetherwith,0,6,6,1.0
nicaragua,0,6,6,1.0
maldiv,0,6,6,1.0
pretenti,2,4,6,0.667
troubador,0,6,6,1.0
zt,0,6,6,1.0
junkerdom,0,6,6,1.0
cialll,0,6,6,1.0
catechol,0,6,6,1.0
judiciari,0,6,6,1.0
nance,0,6,6,1.0
huski,3,3,6,0.5
adaptabi,0,6,6,1.0
tempestividad,0,6,6,1.0
coercion,0,6,6,1.0
suscripción,0,6,6,1.0
pantheism,0,6,6,1.0
zeitraum,6,0,6,0.0
periscop,2,4,6,0.667
glit,0,6,6,1.0
schmuel,6,0,6,0.0
phipp,1,5,6,0.833
ismael,0,6,6,1.0
latino,4,2,6,0.333
weinstein,0,6,6,1.0
prem,2,4,6,0.667
exoticswap,6,0,6,0.0
dpt,2,4,6,0.667
toothbrush,2,4,6,0.667
retaliatori,4,2,6,0.333
excretori,0,6,6,1.0
achil,1,5,6,0.833
glaciat,0,6,6,1.0
proteg,3,3,6,0.5
ironston,0,6,6,1.0
radix,0,6,6,1.0
furlough,0,6,6,1.0
valparaiso,0,6,6,1.0
gren,0,6,6,1.0
kzl,0,6,6,1.0
embrass,0,6,6,1.0
piscataway,0,6,6,1.0
leandro,5,1,6,0.167
subjunct,0,6,6,1.0
erglib,6,0,6,0.0
steffanmul,0,6,6,1.0
iegsearch,6,0,6,0.0
cynergi,6,0,6,0.0
softshop,0,6,6,1.0
aliant,6,0,6,0.0
norwood,5,1,6,0.167
deseo,0,6,6,1.0
prim,0,6,6,1.0
emessag,0,6,6,1.0
jut,0,6,6,1.0
exceil,0,6,6,1.0
uao,0,6,6,1.0
tellab,6,0,6,0.0
ditt,6,0,6,0.0
sucha,2,4,6,0.667
inextinguish,0,6,6,1.0
brochau,6,0,6,0.0
staminaincreas,0,6,6,1.0
carb,0,6,6,1.0
unbidden,0,6,6,1.0
loquac,0,6,6,1.0
rizzi,6,0,6,0.0
schweitzer,0,6,6,1.0
sixteenth,0,6,6,1.0
garten,3,3,6,0.5
krueger,0,6,6,1.0
zanzibar,0,6,6,1.0
siteion,0,6,6,1.0
winckowski,6,0,6,0.0
wyman,4,2,6,0.333
alpbach,6,0,6,0.0
feffer,6,0,6,0.0
burnertip,6,0,6,0.0
reginald,3,3,6,0.5
discreeeeet,0,6,6,1.0
raz,5,1,6,0.167
fieldston,0,6,6,1.0
vardýr,0,6,6,1.0
trudg,0,6,6,1.0
esh,0,6,6,1.0
posses,1,5,6,0.833
highfield,6,0,6,0.0
epitaph,0,6,6,1.0
knowingli,4,2,6,0.333
sarko,6,0,6,0.0
clotheshors,0,6,6,1.0
eulerian,0,6,6,1.0
electrobolt,6,0,6,0.0
unjustifi,1,5,6,0.833
mediamax,0,6,6,1.0
reliaquot,0,6,6,1.0
opossum,0,6,6,1.0
bastid,0,6,6,1.0
kenagi,6,0,6,0.0
anneal,1,5,6,0.833
overdeliv,6,0,6,0.0
rebuf,6,0,6,0.0
cyan,0,6,6,1.0
bmlm,0,6,6,1.0
enriqu,4,2,6,0.333
moschatellin,0,6,6,1.0
rampart,0,6,6,1.0
mater,2,4,6,0.667
mito,0,6,6,1.0
sax,0,6,6,1.0
uprc,6,0,6,0.0
gosh,1,5,6,0.833
fleetboston,6,0,6,0.0
chicano,0,6,6,1.0
judit,6,0,6,0.0
boal,6,0,6,0.0
muffl,2,4,6,0.667
sockey,0,6,6,1.0
tockhoid,0,6,6,1.0
comcalib,6,0,6,0.0
preallow,0,6,6,1.0
jonquil,0,6,6,1.0
dinah,0,6,6,1.0
recompens,1,5,6,0.833
stylographi,0,6,6,1.0
uaredo,0,6,6,1.0
gile,0,6,6,1.0
kinemat,0,6,6,1.0
guaiiti,0,6,6,1.0
brg,6,0,6,0.0
oakwood,0,6,6,1.0
destaqu,0,6,6,1.0
parentag,0,6,6,1.0
glisten,0,6,6,1.0
nightingal,0,6,6,1.0
vgra,0,6,6,1.0
olefin,3,3,6,0.5
messieur,0,6,6,1.0
pharmrightnow,0,6,6,1.0
bresnan,6,0,6,0.0
sheenier,0,6,6,1.0
regassif,6,0,6,0.0
politiqu,0,6,6,1.0
phiiip,0,6,6,1.0
untri,0,6,6,1.0
drrug,0,6,6,1.0
icor,0,6,6,1.0
eletricidad,6,0,6,0.0
ldere,0,6,6,1.0
fredericton,0,6,6,1.0
mcn,6,0,6,0.0
mayhem,0,6,6,1.0
otter,1,5,6,0.833
indicador,0,6,6,1.0
prefab,0,6,6,1.0
chavan,6,0,6,0.0
µµ,0,6,6,1.0
capss,0,6,6,1.0
minimax,0,6,6,1.0
godfath,4,2,6,0.333
priviledg,0,6,6,1.0
inscreva,0,6,6,1.0
afriqu,0,6,6,1.0
adso,0,6,6,1.0
ganymed,0,6,6,1.0
utilidad,0,6,6,1.0
latit,0,6,6,1.0
inexact,0,6,6,1.0
supercharg,0,6,6,1.0
kund,0,6,6,1.0
succubu,0,6,6,1.0
presion,0,6,6,1.0
geez,1,5,6,0.833
dandydom,0,6,6,1.0
schwarzkopf,6,0,6,0.0
tvlr,6,0,6,0.0
sunsweetwin,0,6,6,1.0
inalter,0,6,6,1.0
dermal,0,6,6,1.0
unrest,5,1,6,0.167
desic,0,6,6,1.0
hellodo,0,6,6,1.0
regístrat,0,6,6,1.0
aberden,0,6,6,1.0
unship,6,0,6,0.0
flaxen,0,6,6,1.0
mog,6,0,6,0.0
pollen,1,5,6,0.833
insubstanti,2,4,6,0.667
solent,6,0,6,0.0
vorac,0,6,6,1.0
almuerzo,0,6,6,1.0
premonit,0,6,6,1.0
dort,0,6,6,1.0
epfl,0,6,6,1.0
bluejacket,0,6,6,1.0
polia,0,6,6,1.0
rensink,6,0,6,0.0
loehr,6,0,6,0.0
osmium,0,6,6,1.0
bunker,0,6,6,1.0
beardsley,0,6,6,1.0
rgua,0,6,6,1.0
mpa,5,1,6,0.167
knockdown,0,6,6,1.0
init,3,3,6,0.5
aro,0,6,6,1.0
ortemeca,0,6,6,1.0
shing,0,6,6,1.0
hydrospher,0,6,6,1.0
emce,0,6,6,1.0
atomis,0,6,6,1.0
foursom,1,5,6,0.833
evanesc,0,6,6,1.0
isador,0,6,6,1.0
migrant,0,6,6,1.0
potenci,0,6,6,1.0
spragu,3,3,6,0.5
kemper,5,1,6,0.167
crayfish,0,6,6,1.0
gourd,0,6,6,1.0
egghead,0,6,6,1.0
ozarchuk,6,0,6,0.0
bandstop,0,6,6,1.0
severetens,0,6,6,1.0
donaldabeki,0,6,6,1.0
szilard,0,6,6,1.0
evensong,0,6,6,1.0
fern,0,6,6,1.0
cloister,0,6,6,1.0
haffez,0,6,6,1.0
insipid,0,6,6,1.0
abdelaziz,0,6,6,1.0
councilman,0,6,6,1.0
metzler,1,5,6,0.833
skyhook,0,6,6,1.0
conzelmann,6,0,6,0.0
counterpropos,0,6,6,1.0
snorkel,0,6,6,1.0
uncap,1,5,6,0.833
mynah,0,6,6,1.0
grimm,2,4,6,0.667
assit,1,5,6,0.833
kass,6,0,6,0.0
irrever,0,6,6,1.0
bagot,6,0,6,0.0
hexahydr,0,6,6,1.0
hydrochlorid,0,6,6,1.0
xylophon,0,6,6,1.0
hark,4,2,6,0.333
crepe,0,6,6,1.0
oge,6,0,6,0.0
cruickshank,0,6,6,1.0
lisbon,1,5,6,0.833
brevit,0,6,6,1.0
reme,0,6,6,1.0
girish,6,0,6,0.0
oakvil,2,4,6,0.667
misogynist,0,6,6,1.0
grwhit,6,0,6,0.0
shoelac,1,5,6,0.833
produccion,0,6,6,1.0
perfumeri,0,6,6,1.0
inflationari,0,6,6,1.0
expl,6,0,6,0.0
appet,6,0,6,0.0
psychophysiolog,0,6,6,1.0
congeni,0,6,6,1.0
halluin,6,0,6,0.0
interstiti,0,6,6,1.0
aria,0,6,6,1.0
hermeneut,0,6,6,1.0
terpsichorean,0,6,6,1.0
ultracomput,0,6,6,1.0
promethean,0,6,6,1.0
mila,0,6,6,1.0
polyurea,0,6,6,1.0
hovad,0,6,6,1.0
drogi,6,0,6,0.0
nolog,0,6,6,1.0
periclean,0,6,6,1.0
manchesterwould,0,6,6,1.0
camelopard,0,6,6,1.0
jorgenson,0,6,6,1.0
boehm,6,0,6,0.0
silhouett,0,6,6,1.0
colarusso,6,0,6,0.0
mango,0,6,6,1.0
aylesburi,0,6,6,1.0
damhsa,0,6,6,1.0
immunolog,0,6,6,1.0
globalview,6,0,6,0.0
parley,3,3,6,0.5
nemesi,2,4,6,0.667
primeiro,0,6,6,1.0
rubro,0,6,6,1.0
loq,0,6,6,1.0
jessel,6,0,6,0.0
amethystin,0,6,6,1.0
furz,0,6,6,1.0
handiwork,1,5,6,0.833
frailti,0,6,6,1.0
sunphol,6,0,6,0.0
atten,0,6,6,1.0
qing,6,0,6,0.0
polytypi,0,6,6,1.0
trickster,0,6,6,1.0
hove,2,4,6,0.667
tuttl,0,6,6,1.0
mmewatch,0,6,6,1.0
pulsat,0,6,6,1.0
phon,0,6,6,1.0
midtexa,6,0,6,0.0
fungal,0,6,6,1.0
milt,1,5,6,0.833
vassar,1,5,6,0.833
minot,0,6,6,1.0
fathom,1,5,6,0.833
compaa,0,6,6,1.0
hidrulico,0,6,6,1.0
shubh,6,0,6,0.0
tobago,1,5,6,0.833
rmonmib,6,0,6,0.0
stutter,0,6,6,1.0
plugin,0,6,6,1.0
psychometri,0,6,6,1.0
weatherproof,1,5,6,0.833
inscrib,0,6,6,1.0
kwitcoski,6,0,6,0.0
octo,6,0,6,0.0
realizaran,0,6,6,1.0
smaliest,0,6,6,1.0
arn,1,5,6,0.833
greylag,0,6,6,1.0
infel,0,6,6,1.0
olden,0,6,6,1.0
robila,6,0,6,0.0
cheapmarket,0,6,6,1.0
funforeveryon,0,6,6,1.0
sainthood,0,6,6,1.0
operon,0,6,6,1.0
mezzo,0,6,6,1.0
physicist,3,3,6,0.5
epsilon,1,5,6,0.833
brood,0,6,6,1.0
partiel,6,0,6,0.0
willard,1,5,6,0.833
dlcatlon,0,6,6,1.0
optoacoust,0,6,6,1.0
guilford,0,6,6,1.0
brazier,0,6,6,1.0
nair,2,4,6,0.667
morocco,1,5,6,0.833
anticompetit,6,0,6,0.0
eidet,0,6,6,1.0
mitten,0,6,6,1.0
mackey,4,2,6,0.333
skimpi,3,3,6,0.5
melethil,6,0,6,0.0
malton,0,6,6,1.0
ento,0,6,6,1.0
ninetieth,0,6,6,1.0
globalflash,6,0,6,0.0
imb,6,0,6,0.0
farka,0,6,6,1.0
aula,0,6,6,1.0
wretch,1,5,6,0.833
weal,0,6,6,1.0
vill,5,1,6,0.167
spumoni,0,6,6,1.0
glaswegian,0,6,6,1.0
yaqui,0,6,6,1.0
faro,0,6,6,1.0
hankam,6,0,6,0.0
unison,0,6,6,1.0
weathet,6,0,6,0.0
sanskrit,0,6,6,1.0
nostalg,0,6,6,1.0
aerat,0,6,6,1.0
failsaf,1,5,6,0.833
turkcel,0,6,6,1.0
swett,6,0,6,0.0
fillet,0,6,6,1.0
enbank,6,0,6,0.0
ephemer,0,6,6,1.0
nobr,0,6,6,1.0
tanto,0,6,6,1.0
sczykutowicz,6,0,6,0.0
worldwin,0,6,6,1.0
dicuss,5,1,6,0.167
ldupmn,0,6,6,1.0
twosom,0,6,6,1.0
fourteenth,0,6,6,1.0
thereb,0,6,6,1.0
slecht,0,6,6,1.0
þù,0,6,6,1.0
celer,0,6,6,1.0
mmbtud,6,0,6,0.0
mevc,6,0,6,0.0
dcontent,0,6,6,1.0
mellow,0,6,6,1.0
vagrant,0,6,6,1.0
prescr,0,6,6,1.0
physiognomi,0,6,6,1.0
novembr,0,6,6,1.0
schweiger,6,0,6,0.0
bodyt,0,6,6,1.0
candor,6,0,6,0.0
aquir,0,6,6,1.0
echemist,0,6,6,1.0
zg,2,4,6,0.667
paracorolla,0,6,6,1.0
miimiz,6,0,6,0.0
aca,3,3,6,0.5
stealthi,0,6,6,1.0
graduacin,0,6,6,1.0
quai,0,6,6,1.0
hoooooooooook,0,6,6,1.0
dialer,0,6,6,1.0
mrportland,6,0,6,0.0
mantic,0,6,6,1.0
snuggl,0,6,6,1.0
ahmadabad,0,6,6,1.0
oclp,6,0,6,0.0
goober,0,6,6,1.0
mglatz,6,0,6,0.0
hardt,6,0,6,0.0
persia,0,6,6,1.0
savd,0,6,6,1.0
maim,0,6,6,1.0
towboat,0,6,6,1.0
beneficl,0,6,6,1.0
trea,4,2,6,0.333
fleaban,0,6,6,1.0
optdiffswap,6,0,6,0.0
tabor,6,0,6,0.0
lucil,1,5,6,0.833
tuscon,1,5,6,0.833
quiero,0,6,6,1.0
papaw,0,6,6,1.0
nautic,1,5,6,0.833
rsk,0,6,6,1.0
copernicu,0,6,6,1.0
bacterium,0,6,6,1.0
tompaidi,6,0,6,0.0
uad,0,6,6,1.0
tragedian,0,6,6,1.0
sensationincreas,0,6,6,1.0
microsoftsf,6,0,6,0.0
omicron,2,4,6,0.667
verlfl,0,6,6,1.0
friee,0,6,6,1.0
microdr,0,6,6,1.0
outermost,0,6,6,1.0
somb,0,6,6,1.0
nig,0,6,6,1.0
freni,6,0,6,0.0
benner,6,0,6,0.0
procedimento,0,6,6,1.0
bellhop,0,6,6,1.0
ningún,0,6,6,1.0
sparta,0,6,6,1.0
armonlin,0,6,6,1.0
olugbad,0,6,6,1.0
cwtc,0,6,6,1.0
heredia,0,6,6,1.0
spc,4,2,6,0.333
unobserv,3,3,6,0.5
refina,0,6,6,1.0
valoracion,0,6,6,1.0
gaffney,6,0,6,0.0
gsi,0,6,6,1.0
worldwi,0,6,6,1.0
ghetto,0,6,6,1.0
chimera,0,6,6,1.0
goff,0,6,6,1.0
lqol,6,0,6,0.0
trnsito,0,6,6,1.0
despic,0,6,6,1.0
trench,2,4,6,0.667
cabana,0,6,6,1.0
cutlass,0,6,6,1.0
iid,3,3,6,0.5
renssela,2,4,6,0.667
nmero,0,6,6,1.0
quaff,0,6,6,1.0
reevalu,5,1,6,0.167
alcantara,5,1,6,0.167
epithet,1,5,6,0.833
kinkl,0,6,6,1.0
murk,1,5,6,0.833
fuifi,0,6,6,1.0
overappl,6,0,6,0.0
agt,6,0,6,0.0
forgeri,0,6,6,1.0
eccl,0,6,6,1.0
ebayisapi,0,6,6,1.0
herculean,0,6,6,1.0
virgul,0,6,6,1.0
hotlink,1,5,6,0.833
akili,0,6,6,1.0
qué,0,6,6,1.0
crupper,0,6,6,1.0
podium,0,6,6,1.0
frase,0,6,6,1.0
probler,0,6,6,1.0
slte,0,6,6,1.0
nakedmail,0,6,6,1.0
chartreus,0,6,6,1.0
ldl,1,5,6,0.833
eriksson,6,0,6,0.0
pookiel,0,6,6,1.0
impur,0,6,6,1.0
clmp,6,0,6,0.0
wehner,6,0,6,0.0
ult,0,6,6,1.0
arrheniu,0,6,6,1.0
moneey,0,6,6,1.0
supers,1,5,6,0.833
smco,0,6,6,1.0
excruci,3,3,6,0.5
apocrypha,0,6,6,1.0
nitrid,0,6,6,1.0
avanzada,0,6,6,1.0
obtrud,0,6,6,1.0
chenoweth,6,0,6,0.0
commercialiy,0,6,6,1.0
fredrickson,0,6,6,1.0
webber,2,4,6,0.667
corpjobsl,6,0,6,0.0
mortician,0,6,6,1.0
oas,0,6,6,1.0
xain,0,6,6,1.0
sediment,1,5,6,0.833
verna,0,6,6,1.0
peoplewil,0,6,6,1.0
turban,0,6,6,1.0
misinform,6,0,6,0.0
wile,2,4,6,0.667
fusaro,6,0,6,0.0
mmbut,6,0,6,0.0
powerless,3,3,6,0.5
mallard,0,6,6,1.0
allâhümm,0,6,6,1.0
squint,0,6,6,1.0
puesto,0,6,6,1.0
bullcomb,0,6,6,1.0
viftxtol,0,6,6,1.0
enronr,6,0,6,0.0
schuyler,0,6,6,1.0
inadvis,1,5,6,0.833
lavarato,6,0,6,0.0
bhutya,0,6,6,1.0
leftmost,0,6,6,1.0
munific,2,4,6,0.667
joslyn,6,0,6,0.0
pirouett,0,6,6,1.0
neustaedt,6,0,6,0.0
avista,6,0,6,0.0
teles,0,6,6,1.0
increibl,0,6,6,1.0
henn,5,1,6,0.167
bershad,6,0,6,0.0
elaborar,0,6,6,1.0
vonderheid,6,0,6,0.0
volit,0,6,6,1.0
huff,5,1,6,0.167
celestica,6,0,6,0.0
crankshaft,1,5,6,0.833
atmic,6,0,6,0.0
boor,0,6,6,1.0
modesto,3,3,6,0.5
ochoa,0,6,6,1.0
sherwood,1,5,6,0.833
crock,0,6,6,1.0
gma,0,6,6,1.0
pvrefi,0,6,6,1.0
brassfield,6,0,6,0.0
forsgren,6,0,6,0.0
herzlichen,3,3,6,0.5
impawn,0,6,6,1.0
henequen,0,6,6,1.0
clannish,0,6,6,1.0
zimi,6,0,6,0.0
produccin,0,6,6,1.0
tbalestreri,6,0,6,0.0
cerca,0,6,6,1.0
huzzah,0,6,6,1.0
ammonium,0,6,6,1.0
metodologia,0,6,6,1.0
tikn,0,6,6,1.0
conseil,0,6,6,1.0
acrobaat,0,6,6,1.0
inmanchest,0,6,6,1.0
hercul,1,5,6,0.833
geadresseerd,0,6,6,1.0
zoolant,0,6,6,1.0
nearsight,0,6,6,1.0
superstit,0,6,6,1.0
cbinet,6,0,6,0.0
waistlin,0,6,6,1.0
fulfi,0,6,6,1.0
snappi,0,6,6,1.0
mayeaux,6,0,6,0.0
dnya,0,6,6,1.0
foreclos,3,3,6,0.5
dilediginiz,0,6,6,1.0
peckel,6,0,6,0.0
sphagnum,0,6,6,1.0
verso,0,6,6,1.0
hemolyt,0,6,6,1.0
wald,6,0,6,0.0
optindexswap,6,0,6,0.0
irr,5,1,6,0.167
probiti,1,5,6,0.833
adib,6,0,6,0.0
americium,0,6,6,1.0
torna,0,6,6,1.0
aken,0,6,6,1.0
overrul,5,1,6,0.167
oraz,6,0,6,0.0
schilmoel,6,0,6,0.0
shingl,2,4,6,0.667
qda,0,6,6,1.0
taient,0,6,6,1.0
búsqueda,0,6,6,1.0
erec,3,3,6,0.5
deben,0,6,6,1.0
orific,0,6,6,1.0
splatter,0,6,6,1.0
inequival,0,6,6,1.0
inur,1,5,6,0.833
minerva,0,6,6,1.0
olivetea,0,6,6,1.0
spivey,4,2,6,0.333
epigram,0,6,6,1.0
rte,1,5,6,0.833
mckey,6,0,6,0.0
footmen,0,6,6,1.0
homeownership,0,6,6,1.0
foolproof,1,5,6,0.833
mckean,6,0,6,0.0
alphonso,4,2,6,0.333
sollicit,0,6,6,1.0
amiri,6,0,6,0.0
burlap,0,6,6,1.0
krieger,0,6,6,1.0
demostrado,0,6,6,1.0
phentremin,0,6,6,1.0
cour,0,6,6,1.0
chickade,0,6,6,1.0
niestrath,6,0,6,0.0
leskowitz,6,0,6,0.0
unbelieb,0,6,6,1.0
protozoan,0,6,6,1.0
alizarin,0,6,6,1.0
diophantin,0,6,6,1.0
laminar,0,6,6,1.0
destinado,0,6,6,1.0
instapay,0,6,6,1.0
palmetto,1,5,6,0.833
egnr,0,6,6,1.0
undecid,3,3,6,0.5
azym,0,6,6,1.0
mjsteven,6,0,6,0.0
numero,0,6,6,1.0
irredeem,0,6,6,1.0
alyson,6,0,6,0.0
weatherwav,0,6,6,1.0
landivar,6,0,6,0.0
baughpdx,6,0,6,0.0
verwandt,0,6,6,1.0
judicatur,0,6,6,1.0
octal,0,6,6,1.0
huthmach,6,0,6,0.0
masterdisc,0,6,6,1.0
lettermen,0,6,6,1.0
petroglyph,0,6,6,1.0
gibraltar,1,5,6,0.833
fractiou,0,6,6,1.0
solidu,0,6,6,1.0
lemma,1,5,6,0.833
riner,0,6,6,1.0
getmeoff,0,6,6,1.0
virtuous,6,0,6,0.0
tlf,0,6,6,1.0
colicki,0,6,6,1.0
pellet,0,6,6,1.0
phentrimin,0,6,6,1.0
saffron,0,6,6,1.0
arid,0,6,6,1.0
cicutoxin,0,6,6,1.0
gta,1,5,6,0.833
apric,0,6,6,1.0
piscicultur,0,6,6,1.0
resurfac,6,0,6,0.0
ncreas,0,6,6,1.0
acquitt,0,6,6,1.0
ramrod,0,6,6,1.0
cellaret,0,6,6,1.0
stoni,0,6,6,1.0
mangement,5,1,6,0.167
ywca,0,6,6,1.0
pathutil,6,0,6,0.0
retri,0,6,6,1.0
memphi,0,6,6,1.0
advalva,0,6,6,1.0
compensatori,2,4,6,0.667
nnaji,0,6,6,1.0
cattiesinc,0,6,6,1.0
ruse,0,6,6,1.0
moniey,0,6,6,1.0
scot,2,4,6,0.667
operacin,0,6,6,1.0
capestani,6,0,6,0.0
sturmwass,6,0,6,0.0
midmorn,4,2,6,0.333
nonputresc,0,6,6,1.0
lightproof,0,6,6,1.0
mbpsu,0,6,6,1.0
reunit,0,6,6,1.0
doorknob,1,5,6,0.833
ananzi,0,6,6,1.0
atlanci,6,0,6,0.0
rabbil,0,6,6,1.0
raber,6,0,6,0.0
willowi,0,6,6,1.0
peddl,2,4,6,0.667
moko,0,6,6,1.0
powercalib,6,0,6,0.0
applan,0,6,6,1.0
yz,0,6,6,1.0
erotica,0,6,6,1.0
superfici,1,5,6,0.833
qed,0,6,6,1.0
horehound,0,6,6,1.0
funkhous,6,0,6,0.0
axlet,0,6,6,1.0
autenticao,0,6,6,1.0
gozk,0,6,6,1.0
mshtml,0,6,6,1.0
blm,5,1,6,0.167
kwesi,0,6,6,1.0
infimum,0,6,6,1.0
dovetail,1,5,6,0.833
ilâh,0,6,6,1.0
eduat,0,6,6,1.0
countersink,0,6,6,1.0
raffia,0,6,6,1.0
archa,0,6,6,1.0
salesian,0,6,6,1.0
charteron,0,6,6,1.0
tanaka,1,5,6,0.833
bassal,6,0,6,0.0
wanton,0,6,6,1.0
langeland,6,0,6,0.0
truley,0,6,6,1.0
lijst,0,6,6,1.0
felicidad,0,6,6,1.0
mynheer,0,6,6,1.0
snob,0,6,6,1.0
webtext,6,0,6,0.0
staunch,2,4,6,0.667
wat,1,5,6,0.833
signag,3,3,6,0.5
dronet,6,0,6,0.0
malevol,1,5,6,0.833
bingl,0,6,6,1.0
seaquot,0,6,6,1.0
diphthong,0,6,6,1.0
milkeninstitut,6,0,6,0.0
xxl,4,2,6,0.333
graminifoli,0,6,6,1.0
illiter,0,6,6,1.0
hingoran,6,0,6,0.0
footwork,2,4,6,0.667
pogrom,0,6,6,1.0
embarras,0,6,6,1.0
tablecloth,0,6,6,1.0
deweb,0,6,6,1.0
rebrand,2,4,6,0.667
interlud,2,4,6,0.667
tirrel,6,0,6,0.0
huor,0,6,6,1.0
acesso,0,6,6,1.0
jederzeit,3,3,6,0.5
threadbar,0,6,6,1.0
gabl,0,6,6,1.0
maraud,0,6,6,1.0
bak,0,6,6,1.0
triceratop,0,6,6,1.0
vigilant,0,6,6,1.0
mullion,0,6,6,1.0
nachling,6,0,6,0.0
sternberg,0,6,6,1.0
rejoin,4,2,6,0.333
fornaio,6,0,6,0.0
darci,2,4,6,0.667
motel,0,6,6,1.0
neuropsychiatr,0,6,6,1.0
niobium,0,6,6,1.0
geralynn,6,0,6,0.0
libertin,0,6,6,1.0
ppo,1,5,6,0.833
patryk,6,0,6,0.0
warszawa,6,0,6,0.0
quantin,6,0,6,0.0
sunlight,0,6,6,1.0
hostmast,6,0,6,0.0
topromot,0,6,6,1.0
alzheim,3,3,6,0.5
tipsi,0,6,6,1.0
antonionuezc,0,6,6,1.0
mami,5,1,6,0.167
brackish,0,6,6,1.0
aycel,0,6,6,1.0
iption,0,6,6,1.0
mydebtsit,0,6,6,1.0
altadena,0,6,6,1.0
autorise,6,0,6,0.0
tenspot,0,6,6,1.0
gunderson,0,6,6,1.0
ranganathan,6,0,6,0.0
dieu,0,6,6,1.0
plumbat,0,6,6,1.0
mapsourc,0,6,6,1.0
aliyu,0,6,6,1.0
benevil,6,0,6,0.0
hamat,0,6,6,1.0
fairmont,5,1,6,0.167
tradingexhang,0,6,6,1.0
absoluteiy,0,6,6,1.0
expr,1,5,6,0.833
samaniec,6,0,6,0.0
chromatin,0,6,6,1.0
ritchi,1,5,6,0.833
conclut,0,6,6,1.0
cebryk,6,0,6,0.0
gors,0,6,6,1.0
spastic,0,6,6,1.0
storeroom,0,6,6,1.0
shinyseek,0,6,6,1.0
clatteri,0,6,6,1.0
misiniz,0,6,6,1.0
numro,0,6,6,1.0
mesaj,0,6,6,1.0
asesor,0,6,6,1.0
ioan,0,6,6,1.0
sturbridg,0,6,6,1.0
ciudadano,0,6,6,1.0
peoni,0,6,6,1.0
knowlton,1,5,6,0.833
holt,2,4,6,0.667
etatist,0,6,6,1.0
fijo,0,6,6,1.0
cheaep,0,6,6,1.0
ebrochur,2,4,6,0.667
cornmeal,0,6,6,1.0
microcosm,0,6,6,1.0
juxtapos,3,3,6,0.5
itg,1,5,6,0.833
twig,0,6,6,1.0
macho,4,2,6,0.333
espaa,0,6,6,1.0
chaxel,6,0,6,0.0
utilicon,6,0,6,0.0
dwp,2,4,6,0.667
ombudsman,0,6,6,1.0
bonusdex,0,6,6,1.0
mizuhobanklotto,0,6,6,1.0
boxx,6,0,6,0.0
compañía,0,6,6,1.0
promissori,6,0,6,0.0
sawhors,0,6,6,1.0
kirchoff,0,6,6,1.0
adbfaksaqw,0,6,6,1.0
propio,0,6,6,1.0
grammarian,0,6,6,1.0
serena,5,1,6,0.167
dtn,0,6,6,1.0
stylit,0,6,6,1.0
paraphras,2,4,6,0.667
foolhardi,3,3,6,0.5
prostrat,0,6,6,1.0
flabbergast,0,6,6,1.0
calaluna,0,6,6,1.0
runnymed,0,6,6,1.0
tripartit,0,6,6,1.0
aguilera,2,4,6,0.667
armshop,0,6,6,1.0
henzel,6,0,6,0.0
stymi,3,3,6,0.5
bakr,6,0,6,0.0
banczak,6,0,6,0.0
hackberri,1,5,6,0.833
gustavu,0,6,6,1.0
sanatorium,0,6,6,1.0
exegesi,0,6,6,1.0
gehl,6,0,6,0.0
shr,4,2,6,0.333
berkelium,0,6,6,1.0
starch,0,6,6,1.0
gabon,0,6,6,1.0
numvett,0,6,6,1.0
revista,0,6,6,1.0
ncheat,0,6,6,1.0
tomu,0,6,6,1.0
implantao,0,6,6,1.0
porsch,6,0,6,0.0
superssal,0,6,6,1.0
fioriceet,0,6,6,1.0
octopu,2,4,6,0.667
regener,0,6,6,1.0
securitytip,0,6,6,1.0
yahoobb,0,6,6,1.0
paysit,0,6,6,1.0
responsi,6,0,6,0.0
steev,0,6,6,1.0
liechtenstein,0,6,6,1.0
kelemen,6,0,6,0.0
ppmc,6,0,6,0.0
wannab,5,1,6,0.167
lefti,0,6,6,1.0
actinium,0,6,6,1.0
tangent,0,6,6,1.0
raroc,6,0,6,0.0
zealou,4,2,6,0.333
smholden,6,0,6,0.0
ransom,1,5,6,0.833
unrust,0,6,6,1.0
ubr,0,6,6,1.0
scranni,0,6,6,1.0
haddad,0,6,6,1.0
schlampen,0,6,6,1.0
revuls,1,5,6,0.833
mayfair,0,6,6,1.0
fwi,5,1,6,0.167
ood,0,6,6,1.0
mantissa,0,6,6,1.0
polkadot,0,6,6,1.0
manabu,6,0,6,0.0
biopharmaceut,4,2,6,0.333
realitytvaudit,0,6,6,1.0
cine,0,6,6,1.0
festuca,0,6,6,1.0
oomph,0,6,6,1.0
exemplar,2,4,6,0.667
okura,6,0,6,0.0
mishap,2,4,6,0.667
ima,5,1,6,0.167
sportsbook,0,6,6,1.0
blissfullifestyl,0,6,6,1.0
junto,0,6,6,1.0
sdram,1,5,6,0.833
practis,1,5,6,0.833
plagiarist,0,6,6,1.0
ciebi,6,0,6,0.0
tratamiento,0,6,6,1.0
rq,0,6,6,1.0
psico,0,6,6,1.0
connubi,0,6,6,1.0
participl,0,6,6,1.0
acai,0,6,6,1.0
oratori,0,6,6,1.0
ministro,0,6,6,1.0
circumfer,0,6,6,1.0
jobsonlin,6,0,6,0.0
pandanu,0,6,6,1.0
equilibr,0,6,6,1.0
ifax,0,6,6,1.0
stockhous,0,6,6,1.0
debian,3,3,6,0.5
deferenti,1,5,6,0.833
chandelett,0,6,6,1.0
journales,0,6,6,1.0
faça,0,6,6,1.0
dingi,0,6,6,1.0
horrid,1,5,6,0.833
fetter,0,6,6,1.0
lingua,0,6,6,1.0
toi,0,6,6,1.0
perdit,0,6,6,1.0
thefront,0,6,6,1.0
mcgill,0,6,6,1.0
sexohol,0,6,6,1.0
enzymologist,0,6,6,1.0
caplan,3,3,6,0.5
iink,0,6,6,1.0
swizzl,0,6,6,1.0
equidist,0,6,6,1.0
tfont,0,6,6,1.0
teardrop,0,6,6,1.0
jule,1,5,6,0.833
dnsbl,0,6,6,1.0
utilizando,0,6,6,1.0
papaci,0,6,6,1.0
vlagara,0,6,6,1.0
abramowicz,6,0,6,0.0
makeshift,0,6,6,1.0
faun,0,6,6,1.0
mhh,6,0,6,0.0
cyberad,0,6,6,1.0
zumali,0,6,6,1.0
pepcoenergi,6,0,6,0.0
jolyon,6,0,6,0.0
novellu,6,0,6,0.0
sixnet,0,6,6,1.0
ticketmast,2,4,6,0.667
deerstalk,0,6,6,1.0
gerund,0,6,6,1.0
blox,0,6,6,1.0
insuppress,0,6,6,1.0
unequ,6,0,6,0.0
interesado,0,6,6,1.0
teal,0,6,6,1.0
bespok,0,6,6,1.0
orthophosph,0,6,6,1.0
confidentiel,6,0,6,0.0
gotham,0,6,6,1.0
unfoundedli,0,6,6,1.0
rivalri,0,6,6,1.0
orderstatu,0,6,6,1.0
viaduct,0,6,6,1.0
monoid,0,6,6,1.0
appalachian,5,1,6,0.167
fatuou,0,6,6,1.0
astor,0,6,6,1.0
samarium,0,6,6,1.0
ragno,0,6,6,1.0
showi,0,6,6,1.0
sann,0,6,6,1.0
meniscu,0,6,6,1.0
oppressor,0,6,6,1.0
fugazi,0,6,6,1.0
satcher,6,0,6,0.0
novamedia,0,6,6,1.0
leucit,0,6,6,1.0
aumentar,0,6,6,1.0
phonet,0,6,6,1.0
pitman,3,3,6,0.5
admoredontmor,0,6,6,1.0
untup,0,6,6,1.0
margo,1,5,6,0.833
postlethwait,6,0,6,0.0
hospitai,0,6,6,1.0
drizzlier,0,6,6,1.0
icodiin,0,6,6,1.0
adjunto,1,5,6,0.833
lint,0,6,6,1.0
shortlist,5,1,6,0.167
sideband,0,6,6,1.0
juda,0,6,6,1.0
philolog,0,6,6,1.0
harshen,0,6,6,1.0
preposter,3,3,6,0.5
mslia,0,6,6,1.0
louver,0,6,6,1.0
cytolog,0,6,6,1.0
phalarop,0,6,6,1.0
flomax,0,6,6,1.0
hplol,6,0,6,0.0
malta,0,6,6,1.0
uterointestin,0,6,6,1.0
bourqu,6,0,6,0.0
brownbag,6,0,6,0.0
zottermj,6,0,6,0.0
envolvido,0,6,6,1.0
inconspicu,0,6,6,1.0
cunard,0,6,6,1.0
childlik,0,6,6,1.0
immobil,0,6,6,1.0
stale,4,2,6,0.333
gasmsgboard,6,0,6,0.0
getlaidnow,0,6,6,1.0
clamav,0,6,6,1.0
healthlin,0,6,6,1.0
qcf,6,0,6,0.0
heartili,3,3,6,0.5
nne,0,6,6,1.0
ola,2,4,6,0.667
indec,0,6,6,1.0
cortez,3,3,6,0.5
lieferung,6,0,6,0.0
nonsuggest,0,6,6,1.0
saddlebag,0,6,6,1.0
asdf,0,6,6,1.0
toon,0,6,6,1.0
lamaquina,6,0,6,0.0
tienen,0,6,6,1.0
gudget,0,6,6,1.0
bookiyour,0,6,6,1.0
dither,1,5,6,0.833
intimat,0,6,6,1.0
probusinesstax,6,0,6,0.0
popuiar,0,6,6,1.0
squall,0,6,6,1.0
prendr,0,6,6,1.0
pharmz,0,6,6,1.0
sbi,6,0,6,0.0
bst,0,6,6,1.0
scion,0,6,6,1.0
lourd,0,6,6,1.0
disgrac,1,5,6,0.833
oid,0,6,6,1.0
electricit,6,0,6,0.0
aevanloon,6,0,6,0.0
indexswap,6,0,6,0.0
barbera,0,6,6,1.0
thyronin,0,6,6,1.0
trtdimg,0,6,6,1.0
dautel,6,0,6,0.0
venic,0,6,6,1.0
saloon,0,6,6,1.0
fosterl,0,6,6,1.0
mitt,0,6,6,1.0
vni,6,0,6,0.0
lumpi,2,4,6,0.667
checkmat,1,5,6,0.833
stngvaol,0,6,6,1.0
forrwarrrd,0,6,6,1.0
drinker,0,6,6,1.0
gwynn,6,0,6,0.0
mustard,1,5,6,0.833
aldr,0,6,6,1.0
wilbeck,6,0,6,0.0
ciaim,0,6,6,1.0
talu,0,6,6,1.0
flatu,0,6,6,1.0
abril,0,6,6,1.0
tsx,0,6,6,1.0
carola,0,6,6,1.0
trainabl,1,5,6,0.833
logarithm,0,6,6,1.0
squashberri,0,6,6,1.0
vaiid,0,6,6,1.0
clonic,0,6,6,1.0
primordi,0,6,6,1.0
pineappl,0,6,6,1.0
vacationland,0,6,6,1.0
decathlon,0,6,6,1.0
powerman,0,6,6,1.0
swarthi,0,6,6,1.0
hydrodynam,0,6,6,1.0
knoweth,0,6,6,1.0
tlphonez,0,6,6,1.0
cornstarch,0,6,6,1.0
chw,0,6,6,1.0
reclin,0,6,6,1.0
ribonucl,0,6,6,1.0
tgo,0,6,6,1.0
bulgarian,2,4,6,0.667
strum,0,6,6,1.0
yoshida,6,0,6,0.0
potbelli,0,6,6,1.0
inauspici,0,6,6,1.0
cdollar,6,0,6,0.0
frieda,5,1,6,0.167
precisa,0,6,6,1.0
epdc,6,0,6,0.0
eazel,6,0,6,0.0
involutori,0,6,6,1.0
winnipeg,0,6,6,1.0
gorgon,0,6,6,1.0
enronanywher,6,0,6,0.0
horria,0,6,6,1.0
valld,0,6,6,1.0
leighton,0,6,6,1.0
firepow,3,3,6,0.5
ustrat,0,6,6,1.0
mastermind,3,3,6,0.5
planetoid,0,6,6,1.0
repin,6,0,6,0.0
detiveaux,6,0,6,0.0
ideabank,6,0,6,0.0
harrelson,6,0,6,0.0
esecur,0,6,6,1.0
holdco,6,0,6,0.0
tullman,6,0,6,0.0
holmium,0,6,6,1.0
meinem,0,6,6,1.0
retrait,0,6,6,1.0
ruff,1,5,6,0.833
mensagen,0,6,6,1.0
edad,0,6,6,1.0
pilferag,0,6,6,1.0
acit,6,0,6,0.0
cabello,0,6,6,1.0
psuedo,6,0,6,0.0
cordin,2,4,6,0.667
permeat,1,5,6,0.833
belvieu,6,0,6,0.0
nottingham,0,6,6,1.0
summitri,0,6,6,1.0
phan,6,0,6,0.0
ogr,1,5,6,0.833
palett,0,6,6,1.0
serverbr,0,6,6,1.0
giesen,5,1,6,0.167
canu,6,0,6,0.0
bvargo,6,0,6,0.0
simplemind,0,6,6,1.0
prevatt,6,0,6,0.0
esprit,0,6,6,1.0
proton,2,4,6,0.667
vertraulich,0,6,6,1.0
nai,5,1,6,0.167
sla,5,1,6,0.167
lebran,6,0,6,0.0
volcano,1,5,6,0.833
minsk,0,6,6,1.0
implementor,0,6,6,1.0
incredibili,0,6,6,1.0
selectman,0,6,6,1.0
railhead,0,6,6,1.0
ultrason,5,1,6,0.167
morgen,0,6,6,1.0
chfc,6,0,6,0.0
uremia,0,6,6,1.0
cybervers,0,6,6,1.0
asti,0,6,6,1.0
duanýn,0,6,6,1.0
shoo,2,4,6,0.667
subsidis,6,0,6,0.0
funcion,0,6,6,1.0
scamp,0,6,6,1.0
bretail,0,6,6,1.0
rococo,0,6,6,1.0
moncrieff,6,0,6,0.0
tsa,4,2,6,0.333
phylacteri,0,6,6,1.0
screwdriv,1,5,6,0.833
stablemen,0,6,6,1.0
holstein,0,6,6,1.0
buffoon,0,6,6,1.0
brrjmsbroderick,0,6,6,1.0
pennisi,6,0,6,0.0
myelodiastasi,0,6,6,1.0
equin,1,5,6,0.833
cose,6,0,6,0.0
alken,0,6,6,1.0
starkey,0,6,6,1.0
thien,6,0,6,0.0
ruscitti,6,0,6,0.0
senorita,0,6,6,1.0
ugo,0,6,6,1.0
thirdli,4,2,6,0.333
psychobiolog,0,6,6,1.0
spurg,0,6,6,1.0
hotfix,0,6,6,1.0
ophthalmolog,0,6,6,1.0
hn,0,6,6,1.0
shone,1,5,6,0.833
perkcard,6,0,6,0.0
faiiur,0,6,6,1.0
knobbi,0,6,6,1.0
goi,5,1,6,0.167
rollick,0,6,6,1.0
physiotherapist,0,6,6,1.0
saturnin,0,6,6,1.0
carnal,0,6,6,1.0
stp,5,1,6,0.167
glebou,0,6,6,1.0
opportuneless,0,6,6,1.0
prreexxxxiscrlpt,0,6,6,1.0
torranc,0,6,6,1.0
estimado,1,5,6,0.833
hyanni,0,6,6,1.0
priya,6,0,6,0.0
fmw,0,6,6,1.0
anthracit,0,6,6,1.0
prsidentiel,0,6,6,1.0
pulley,0,6,6,1.0
prophesi,0,6,6,1.0
lwl,4,2,6,0.333
imbu,0,6,6,1.0
disrepect,3,3,6,0.5
ordabl,0,6,6,1.0
dnabri,0,6,6,1.0
plebeian,0,6,6,1.0
harriman,1,5,6,0.833
galea,6,0,6,0.0
wasp,0,6,6,1.0
usero,0,6,6,1.0
cardmemb,6,0,6,0.0
gritti,3,3,6,0.5
canela,0,6,6,1.0
forswear,0,6,6,1.0
dataroom,6,0,6,0.0
switchgear,5,1,6,0.167
hive,0,6,6,1.0
zing,1,5,6,0.833
rhesu,0,6,6,1.0
basso,0,6,6,1.0
beater,0,6,6,1.0
interé,0,6,6,1.0
polymorph,0,6,6,1.0
aller,0,6,6,1.0
boycott,0,6,6,1.0
temat,6,0,6,0.0
muezzin,0,6,6,1.0
lanthanid,0,6,6,1.0
terrel,5,1,6,0.167
macassar,0,6,6,1.0
fowl,0,6,6,1.0
zal,3,3,6,0.5
noy,0,6,6,1.0
haynesvili,0,6,6,1.0
yanello,6,0,6,0.0
gravid,0,6,6,1.0
earcockl,0,6,6,1.0
unfavour,3,3,6,0.5
marque,2,4,6,0.667
degeorg,6,0,6,0.0
ntri,0,6,6,1.0
truant,0,6,6,1.0
sbm,0,6,6,1.0
hangman,0,6,6,1.0
mzzzzzzz,0,6,6,1.0
topaz,0,6,6,1.0
frmli,6,0,6,0.0
thambo,0,6,6,1.0
jovial,0,6,6,1.0
butteri,1,5,6,0.833
cailer,0,6,6,1.0
tiv,0,6,6,1.0
stayatloch,0,6,6,1.0
boarder,1,5,6,0.833
sedul,0,6,6,1.0
pianism,0,6,6,1.0
carrera,1,5,6,0.833
conservativeiy,0,6,6,1.0
esop,6,0,6,0.0
cgc,0,6,6,1.0
laredo,0,6,6,1.0
chancel,0,6,6,1.0
wharf,0,6,6,1.0
setran,6,0,6,0.0
fumbl,1,5,6,0.833
jerzi,6,0,6,0.0
yarrow,0,6,6,1.0
hered,0,6,6,1.0
maintan,4,2,6,0.333
jew,3,3,6,0.5
picturesqu,1,5,6,0.833
okoy,0,6,6,1.0
disinfect,0,6,6,1.0
rxonlinen,0,6,6,1.0
spooki,1,5,6,0.833
fluenci,1,5,6,0.833
arellano,0,6,6,1.0
woolworth,1,5,6,0.833
duski,0,6,6,1.0
mukden,0,6,6,1.0
daron,6,0,6,0.0
shibuichi,0,6,6,1.0
confederaci,0,6,6,1.0
funcionamiento,0,6,6,1.0
fontbrbr,0,6,6,1.0
wordperfect,2,4,6,0.667
koroma,0,6,6,1.0
juliusz,6,0,6,0.0
volta,0,6,6,1.0
hlb,6,0,6,0.0
kiowa,0,6,6,1.0
wardroom,0,6,6,1.0
upriv,0,6,6,1.0
inconclus,0,6,6,1.0
brakeman,0,6,6,1.0
tamez,6,0,6,0.0
essful,0,6,6,1.0
labia,0,6,6,1.0
catarina,1,5,6,0.833
indstria,0,6,6,1.0
illallâhul,0,6,6,1.0
vinegar,0,6,6,1.0
rosetta,1,5,6,0.833
dosebr,0,6,6,1.0
giacomo,0,6,6,1.0
sjox,0,6,6,1.0
dehi,6,0,6,0.0
watchband,0,6,6,1.0
cypherpunk,0,6,6,1.0
pattichi,0,6,6,1.0
scissor,0,6,6,1.0
xvcd,0,6,6,1.0
oglethorp,0,6,6,1.0
grosbeak,0,6,6,1.0
duda,0,6,6,1.0
becket,0,6,6,1.0
whiff,0,6,6,1.0
forerunn,1,5,6,0.833
gaat,0,6,6,1.0
redress,1,5,6,0.833
shellack,0,6,6,1.0
necrot,0,6,6,1.0
mortag,0,6,6,1.0
hoang,6,0,6,0.0
trot,0,6,6,1.0
superimpos,1,5,6,0.833
dewat,6,0,6,0.0
vouchsaf,0,6,6,1.0
switzeriand,0,6,6,1.0
chirac,0,6,6,1.0
obeis,0,6,6,1.0
reprimand,1,5,6,0.833
oxyzon,0,6,6,1.0
severepain,0,6,6,1.0
epsom,0,6,6,1.0
bhi,0,6,6,1.0
myabsinth,0,6,6,1.0
morrissey,0,6,6,1.0
chenopod,0,6,6,1.0
euclid,0,6,6,1.0
lamela,0,6,6,1.0
furthermost,0,6,6,1.0
penthous,1,5,6,0.833
worldaccessnet,0,6,6,1.0
respuesta,0,6,6,1.0
midshipman,0,6,6,1.0
spock,0,6,6,1.0
osonenko,6,0,6,0.0
gtb,1,5,6,0.833
tmp,4,2,6,0.333
panjandrum,0,6,6,1.0
fora,0,6,6,1.0
augend,0,6,6,1.0
oprefi,0,6,6,1.0
xptpc,0,6,6,1.0
rbac,6,0,6,0.0
parágrafo,0,6,6,1.0
tamp,1,5,6,0.833
tmc,2,4,6,0.667
balden,0,6,6,1.0
seesaw,6,0,6,0.0
saiba,0,6,6,1.0
tiresom,4,2,6,0.333
dingl,0,6,6,1.0
dayn,6,0,6,0.0
qri,0,6,6,1.0
pascal,1,5,6,0.833
powley,6,0,6,0.0
buret,0,6,6,1.0
labaum,6,0,6,0.0
trilobit,0,6,6,1.0
ronan,6,0,6,0.0
neptun,2,4,6,0.667
onlinegenericrx,0,6,6,1.0
thereat,0,6,6,1.0
ciassic,0,6,6,1.0
mosbach,6,0,6,0.0
rnbsp,0,6,6,1.0
unbeleiv,0,6,6,1.0
kayla,6,0,6,0.0
hummingbird,0,6,6,1.0
nolan,1,5,6,0.833
movil,1,5,6,0.833
breadboard,0,6,6,1.0
jamar,0,6,6,1.0
kirkwood,6,0,6,0.0
kip,5,1,6,0.167
darlington,0,6,6,1.0
firew,0,6,6,1.0
parallelotrop,0,6,6,1.0
alhibklb,6,0,6,0.0
patil,6,0,6,0.0
animist,0,6,6,1.0
swipe,4,2,6,0.333
oday,0,6,6,1.0
xoxo,1,5,6,0.833
jenna,0,6,6,1.0
biom,0,6,6,1.0
payless,2,4,6,0.667
microjoul,0,6,6,1.0
indors,0,6,6,1.0
amant,0,6,6,1.0
telfax,0,6,6,1.0
mgrn,0,6,6,1.0
mollyl,0,6,6,1.0
reiy,0,6,6,1.0
fluorit,0,6,6,1.0
incluso,0,6,6,1.0
cambel,0,6,6,1.0
pandemonium,1,5,6,0.833
puddli,0,6,6,1.0
weedmail,0,6,6,1.0
dividida,0,6,6,1.0
astonishingli,6,0,6,0.0
bhavna,6,0,6,0.0
juiy,0,6,6,1.0
flashi,0,6,6,1.0
sengchen,0,6,6,1.0
cavanaugh,3,3,6,0.5
itst,0,6,6,1.0
attica,0,6,6,1.0
velaw,6,0,6,0.0
hesitat,0,6,6,1.0
languid,0,6,6,1.0
optimización,0,6,6,1.0
recurr,1,5,6,0.833
compania,0,6,6,1.0
sunbonnet,0,6,6,1.0
sophism,0,6,6,1.0
scanti,0,6,6,1.0
meachim,6,0,6,0.0
detm,6,0,6,0.0
contrata,0,6,6,1.0
immediat,6,0,6,0.0
saliva,1,5,6,0.833
pleasureincreas,0,6,6,1.0
dilogarithm,0,6,6,1.0
cml,3,3,6,0.5
poorer,2,4,6,0.667
swart,0,5,5,1.0
extramur,0,5,5,1.0
kiff,0,5,5,1.0
unexecut,5,0,5,0.0
postgradu,0,5,5,1.0
negotiat,5,0,5,0.0
pharmaceuti,0,5,5,1.0
milliken,0,5,5,1.0
vasectomi,0,5,5,1.0
grous,5,0,5,0.0
ogic,0,5,5,1.0
clavi,0,5,5,1.0
brandenburg,0,5,5,1.0
remass,0,5,5,1.0
nilpot,0,5,5,1.0
pacbel,0,5,5,1.0
mlb,1,4,5,0.8
anaconda,0,5,5,1.0
requiir,0,5,5,1.0
croucher,5,0,5,0.0
transfert,0,5,5,1.0
calll,0,5,5,1.0
kma,2,3,5,0.6
appurten,4,1,5,0.2
pradesh,5,0,5,0.0
bouak,0,5,5,1.0
mow,0,5,5,1.0
antigon,0,5,5,1.0
hrap,5,0,5,0.0
annualis,2,3,5,0.6
buccan,1,4,5,0.8
ruffian,0,5,5,1.0
plod,0,5,5,1.0
reduccin,0,5,5,1.0
sugiura,5,0,5,0.0
medellin,0,5,5,1.0
dawac,0,5,5,1.0
htmcomp,0,5,5,1.0
shakedown,1,4,5,0.8
comapni,1,4,5,0.8
compiex,0,5,5,1.0
plankton,0,5,5,1.0
imponder,0,5,5,1.0
fortin,1,4,5,0.8
reliv,1,4,5,0.8
periclit,0,5,5,1.0
reeeliefff,0,5,5,1.0
muskmelon,0,5,5,1.0
draught,0,5,5,1.0
hondal,0,5,5,1.0
mourdant,5,0,5,0.0
silldorff,5,0,5,0.0
rhineston,0,5,5,1.0
bonner,2,3,5,0.6
kayo,0,5,5,1.0
sautern,0,5,5,1.0
universitat,0,5,5,1.0
symm,5,0,5,0.0
managua,0,5,5,1.0
rhoe,0,5,5,1.0
pradyumna,5,0,5,0.0
cowpunch,0,5,5,1.0
possemen,0,5,5,1.0
isdn,5,0,5,0.0
overtax,5,0,5,0.0
congruent,0,5,5,1.0
perseu,0,5,5,1.0
middlesex,0,5,5,1.0
bellinghausen,5,0,5,0.0
nolo,0,5,5,1.0
nuclid,0,5,5,1.0
affil,0,5,5,1.0
cfb,3,2,5,0.4
amoin,5,0,5,0.0
passo,0,5,5,1.0
pharrnaci,0,5,5,1.0
lkitchen,5,0,5,0.0
teiegeographi,0,5,5,1.0
fluorspar,0,5,5,1.0
gingko,0,5,5,1.0
labdunum,0,5,5,1.0
ater,1,4,5,0.8
nuisanc,1,4,5,0.8
fut,0,5,5,1.0
stinston,5,0,5,0.0
hollingsworth,0,5,5,1.0
cest,0,5,5,1.0
voluntaria,0,5,5,1.0
doubtless,2,3,5,0.6
ricochet,0,5,5,1.0
harlem,0,5,5,1.0
unsightli,0,5,5,1.0
misguid,4,1,5,0.2
tomh,0,5,5,1.0
radial,0,5,5,1.0
sonoran,5,0,5,0.0
lotz,5,0,5,0.0
nger,0,5,5,1.0
razon,0,5,5,1.0
schoolboy,0,5,5,1.0
hydrophil,0,5,5,1.0
disinterest,0,5,5,1.0
dekatherm,5,0,5,0.0
fuckpol,0,5,5,1.0
gwel,0,5,5,1.0
tiber,0,5,5,1.0
tactual,0,5,5,1.0
tombal,3,2,5,0.4
pandol,5,0,5,0.0
siena,0,5,5,1.0
papav,0,5,5,1.0
bannerman,5,0,5,0.0
tachomet,0,5,5,1.0
skindiv,0,5,5,1.0
udo,0,5,5,1.0
expurg,0,5,5,1.0
wvb,0,5,5,1.0
sententi,0,5,5,1.0
zabriski,5,0,5,0.0
aluno,0,5,5,1.0
rickettsia,0,5,5,1.0
clt,1,4,5,0.8
realoemsal,0,5,5,1.0
binki,1,4,5,0.8
bahia,3,2,5,0.4
pocketpc,0,5,5,1.0
roundabout,1,4,5,0.8
sybarit,0,5,5,1.0
ethnolog,0,5,5,1.0
rittenhous,5,0,5,0.0
ignobl,0,5,5,1.0
voicestream,2,3,5,0.6
overhear,3,2,5,0.4
planetaria,0,5,5,1.0
spelt,4,1,5,0.2
faceti,0,5,5,1.0
dheinek,5,0,5,0.0
colorless,0,5,5,1.0
riskfre,3,2,5,0.4
empower,5,0,5,0.0
hattera,0,5,5,1.0
lcn,0,5,5,1.0
choong,0,5,5,1.0
stokin,0,5,5,1.0
provencaux,0,5,5,1.0
lsluk,0,5,5,1.0
hbsp,5,0,5,0.0
powderpuff,0,5,5,1.0
fisticuff,0,5,5,1.0
weiteren,0,5,5,1.0
echostar,4,1,5,0.2
habea,0,5,5,1.0
hnol,0,5,5,1.0
sodergreen,5,0,5,0.0
bjarn,5,0,5,0.0
tyco,5,0,5,0.0
scorch,0,5,5,1.0
fiducial,0,5,5,1.0
cranelik,0,5,5,1.0
rrr,0,5,5,1.0
praci,5,0,5,0.0
excelsior,0,5,5,1.0
jozef,5,0,5,0.0
edgecliff,5,0,5,0.0
ugi,4,1,5,0.2
interrogatori,1,4,5,0.8
depech,0,5,5,1.0
comdex,1,4,5,0.8
telegraphi,0,5,5,1.0
pickax,0,5,5,1.0
hypothalamu,0,5,5,1.0
adarsh,5,0,5,0.0
cico,5,0,5,0.0
wisenheim,0,5,5,1.0
wolfman,0,5,5,1.0
jeannett,5,0,5,0.0
twi,0,5,5,1.0
lowden,5,0,5,0.0
ritter,0,5,5,1.0
sternum,0,5,5,1.0
realhomeown,0,5,5,1.0
outhit,0,5,5,1.0
honshu,0,5,5,1.0
iladiba,0,5,5,1.0
mltrochta,5,0,5,0.0
bherod,5,0,5,0.0
celebrityfuckfest,0,5,5,1.0
monochrom,0,5,5,1.0
longo,0,5,5,1.0
noncompet,5,0,5,0.0
otb,0,5,5,1.0
faciiit,0,5,5,1.0
mariguana,0,5,5,1.0
quartil,0,5,5,1.0
triplex,0,5,5,1.0
negociacin,0,5,5,1.0
teasel,0,5,5,1.0
ripper,0,5,5,1.0
chondroit,0,5,5,1.0
upbraid,0,5,5,1.0
sgovenar,5,0,5,0.0
jacinto,5,0,5,0.0
preci,0,5,5,1.0
thedeal,5,0,5,0.0
dfbeki,0,5,5,1.0
norsk,5,0,5,0.0
avonmor,0,5,5,1.0
purgat,0,5,5,1.0
mafia,0,5,5,1.0
fungi,0,5,5,1.0
elledg,5,0,5,0.0
shanker,5,0,5,0.0
stockpromot,0,5,5,1.0
estaremo,0,5,5,1.0
billiton,1,4,5,0.8
behrend,5,0,5,0.0
quintessenti,2,3,5,0.6
battenberg,0,5,5,1.0
radiophys,0,5,5,1.0
ggrant,5,0,5,0.0
lasallebank,0,5,5,1.0
trancript,0,5,5,1.0
exxonkati,5,0,5,0.0
foosbal,5,0,5,0.0
jameika,5,0,5,0.0
procain,0,5,5,1.0
lenticular,0,5,5,1.0
talal,5,0,5,0.0
naeem,0,5,5,1.0
middleeast,0,5,5,1.0
bushmast,0,5,5,1.0
kingman,5,0,5,0.0
greenzer,0,5,5,1.0
seward,0,5,5,1.0
vz,0,5,5,1.0
weyerhaus,0,5,5,1.0
funcionando,0,5,5,1.0
alexandrovich,0,5,5,1.0
caan,0,5,5,1.0
waddl,0,5,5,1.0
turnera,0,5,5,1.0
killerzxss,0,5,5,1.0
aangekondigd,0,5,5,1.0
genesco,0,5,5,1.0
noodl,3,2,5,0.4
prefatori,0,5,5,1.0
plaetzen,0,5,5,1.0
autoregress,5,0,5,0.0
raisin,0,5,5,1.0
cwomack,5,0,5,0.0
unseemli,5,0,5,0.0
uccessful,0,5,5,1.0
theologian,0,5,5,1.0
kassi,5,0,5,0.0
solvat,0,5,5,1.0
stadler,5,0,5,0.0
hai,3,2,5,0.4
cometari,0,5,5,1.0
cuatro,0,5,5,1.0
plasmon,0,5,5,1.0
larsson,2,3,5,0.6
denali,0,5,5,1.0
bernal,3,2,5,0.4
acefbogota,0,5,5,1.0
geodesi,0,5,5,1.0
previa,0,5,5,1.0
quadrenni,0,5,5,1.0
scop,0,5,5,1.0
himalaya,0,5,5,1.0
vasvir,0,5,5,1.0
mascara,0,5,5,1.0
melpomen,0,5,5,1.0
multinationa,0,5,5,1.0
wrought,0,5,5,1.0
peke,0,5,5,1.0
unalloc,5,0,5,0.0
kimaeva,0,5,5,1.0
empt,4,1,5,0.2
trazer,0,5,5,1.0
becloud,0,5,5,1.0
haakon,5,0,5,0.0
wingd,0,5,5,1.0
sowa,0,5,5,1.0
mso,0,5,5,1.0
nenhum,0,5,5,1.0
bie,2,3,5,0.6
croon,0,5,5,1.0
comita,5,0,5,0.0
konstroi,0,5,5,1.0
fluorescein,0,5,5,1.0
hetrick,5,0,5,0.0
enviamo,0,5,5,1.0
ectrl,5,0,5,0.0
trouv,0,5,5,1.0
beehiv,0,5,5,1.0
millennia,1,4,5,0.8
anticoagul,0,5,5,1.0
cordillera,5,0,5,0.0
mccoppin,5,0,5,0.0
sloven,0,5,5,1.0
wanp,0,5,5,1.0
gunman,0,5,5,1.0
agreeemnt,5,0,5,0.0
famtriptravel,0,5,5,1.0
hadron,0,5,5,1.0
parekh,5,0,5,0.0
andar,0,5,5,1.0
penitentiari,0,5,5,1.0
erectionsbest,0,5,5,1.0
skar,5,0,5,0.0
blameworthi,0,5,5,1.0
altecom,0,5,5,1.0
mclane,5,0,5,0.0
madan,1,4,5,0.8
olav,0,5,5,1.0
momentarili,5,0,5,0.0
kasper,5,0,5,0.0
stroni,5,0,5,0.0
costi,0,5,5,1.0
chargeless,0,5,5,1.0
prie,0,5,5,1.0
technetium,0,5,5,1.0
tenfold,2,3,5,0.6
lizbeth,0,5,5,1.0
krakatoa,0,5,5,1.0
peregrin,0,5,5,1.0
heater,1,4,5,0.8
olkjer,5,0,5,0.0
meryl,4,1,5,0.2
glycogen,0,5,5,1.0
consolidationhom,0,5,5,1.0
rive,5,0,5,0.0
tempest,0,5,5,1.0
warp,1,4,5,0.8
suckl,0,5,5,1.0
infantri,0,5,5,1.0
lide,0,5,5,1.0
tconveri,5,0,5,0.0
tibet,0,5,5,1.0
quickinksonlin,0,5,5,1.0
rectori,0,5,5,1.0
wkd,5,0,5,0.0
gauteng,0,5,5,1.0
autier,5,0,5,0.0
tpnet,0,5,5,1.0
ndf,3,2,5,0.4
exet,1,4,5,0.8
logjam,2,3,5,0.6
cbp,0,5,5,1.0
demisc,0,5,5,1.0
dowitch,0,5,5,1.0
suffolk,2,3,5,0.6
discountinu,0,5,5,1.0
fnc,5,0,5,0.0
burbank,1,4,5,0.8
eslick,5,0,5,0.0
yucca,0,5,5,1.0
echidna,0,5,5,1.0
axcp,0,5,5,1.0
dishearten,2,3,5,0.6
mondial,0,5,5,1.0
midmonth,5,0,5,0.0
camper,3,2,5,0.4
tundra,0,5,5,1.0
marketmak,1,4,5,0.8
paperless,4,1,5,0.2
westlak,5,0,5,0.0
madamu,0,5,5,1.0
corzin,5,0,5,0.0
guali,5,0,5,0.0
bylem,5,0,5,0.0
hexachlorid,0,5,5,1.0
ningun,0,5,5,1.0
sempratrad,5,0,5,0.0
alias,1,4,5,0.8
optica,0,5,5,1.0
sorkina,5,0,5,0.0
dueli,0,5,5,1.0
plowshar,0,5,5,1.0
hund,1,4,5,0.8
reintroduc,4,1,5,0.2
colter,5,0,5,0.0
zco,4,1,5,0.2
conclusion,0,5,5,1.0
ombudsperson,0,5,5,1.0
istediginiz,0,5,5,1.0
ennron,5,0,5,0.0
qcc,0,5,5,1.0
tansil,0,5,5,1.0
doer,3,2,5,0.4
greeley,0,5,5,1.0
monasteri,0,5,5,1.0
pctv,0,5,5,1.0
tular,0,5,5,1.0
unqualifi,1,4,5,0.8
lander,2,3,5,0.6
teh,5,0,5,0.0
resubstanti,5,0,5,0.0
pimpl,0,5,5,1.0
swank,3,2,5,0.4
soccerl,0,5,5,1.0
ecstat,1,4,5,0.8
dtop,0,5,5,1.0
soundless,0,5,5,1.0
apb,4,1,5,0.2
similiar,5,0,5,0.0
trichloroethan,0,5,5,1.0
desej,0,5,5,1.0
slaveri,0,5,5,1.0
eservic,1,4,5,0.8
retort,0,5,5,1.0
femenino,0,5,5,1.0
lude,0,5,5,1.0
izatt,5,0,5,0.0
besten,3,2,5,0.4
conteúdo,0,5,5,1.0
clausen,1,4,5,0.8
otaylor,5,0,5,0.0
platitudin,0,5,5,1.0
lurch,2,3,5,0.6
pennington,5,0,5,0.0
storyclick,0,5,5,1.0
asher,0,5,5,1.0
insidi,0,5,5,1.0
malaria,0,5,5,1.0
fermion,0,5,5,1.0
shakespearian,0,5,5,1.0
peggotti,0,5,5,1.0
lamer,0,5,5,1.0
asc,0,5,5,1.0
defibril,5,0,5,0.0
seexx,0,5,5,1.0
lascivi,0,5,5,1.0
xaa,3,2,5,0.4
histo,0,5,5,1.0
ethica,0,5,5,1.0
downriv,0,5,5,1.0
kerygma,0,5,5,1.0
phyla,0,5,5,1.0
zacalechichi,0,5,5,1.0
jeszcz,5,0,5,0.0
steliar,0,5,5,1.0
offfmeebabyy,0,5,5,1.0
scrim,0,5,5,1.0
moderna,0,5,5,1.0
whomsoev,0,5,5,1.0
millman,0,5,5,1.0
shatavari,0,5,5,1.0
inord,0,5,5,1.0
partenair,0,5,5,1.0
wpe,0,5,5,1.0
veatch,5,0,5,0.0
trodden,0,5,5,1.0
alcoh,0,5,5,1.0
infocastinc,5,0,5,0.0
nexu,4,1,5,0.2
plastron,0,5,5,1.0
slung,0,5,5,1.0
koenigsberg,0,5,5,1.0
tenaci,1,4,5,0.8
knockout,1,4,5,0.8
karol,0,5,5,1.0
flimsi,1,4,5,0.8
edum,0,5,5,1.0
warnig,0,5,5,1.0
besstt,0,5,5,1.0
spinod,0,5,5,1.0
bohemian,0,5,5,1.0
reinhold,0,5,5,1.0
bridgewat,1,4,5,0.8
nog,0,5,5,1.0
harbach,5,0,5,0.0
hurta,5,0,5,0.0
dotcool,0,5,5,1.0
umbow,5,0,5,0.0
grumpi,1,4,5,0.8
viaggra,0,5,5,1.0
scubal,0,5,5,1.0
cacti,0,5,5,1.0
halsteadr,5,0,5,0.0
crud,0,5,5,1.0
smock,3,2,5,0.4
fascist,0,5,5,1.0
ogenyi,5,0,5,0.0
grvisit,0,5,5,1.0
handmaiden,0,5,5,1.0
boeotia,0,5,5,1.0
verstorben,0,5,5,1.0
scowl,1,4,5,0.8
dewhurst,5,0,5,0.0
bjd,5,0,5,0.0
frick,0,5,5,1.0
inderp,5,0,5,0.0
codeposit,0,5,5,1.0
rlm,5,0,5,0.0
iion,0,5,5,1.0
drumlin,0,5,5,1.0
unsign,4,1,5,0.2
laissez,2,3,5,0.6
iki,0,5,5,1.0
quay,0,5,5,1.0
alltheweb,0,5,5,1.0
symptomat,0,5,5,1.0
wastag,0,5,5,1.0
invertebr,0,5,5,1.0
lusti,0,5,5,1.0
bilgisayar,0,5,5,1.0
fistiana,0,5,5,1.0
unbil,5,0,5,0.0
machiavelli,0,5,5,1.0
dichondra,0,5,5,1.0
toastmast,0,5,5,1.0
sneer,0,5,5,1.0
hoodlum,0,5,5,1.0
hdmso,0,5,5,1.0
drugi,5,0,5,0.0
philodendron,0,5,5,1.0
snowden,4,1,5,0.2
aquarium,3,2,5,0.4
herschel,1,4,5,0.8
heaith,0,5,5,1.0
insecticid,0,5,5,1.0
frigidair,0,5,5,1.0
vacacion,0,5,5,1.0
splatterdash,0,5,5,1.0
ferneri,0,5,5,1.0
klussman,5,0,5,0.0
upn,0,5,5,1.0
biconcav,0,5,5,1.0
ispat,5,0,5,0.0
xanaxm,0,5,5,1.0
mandeep,5,0,5,0.0
maldistribut,0,5,5,1.0
stork,0,5,5,1.0
thabo,0,5,5,1.0
marrietta,0,5,5,1.0
pyrotechn,0,5,5,1.0
mmo,0,5,5,1.0
atención,0,5,5,1.0
decook,5,0,5,0.0
flujo,0,5,5,1.0
barium,0,5,5,1.0
experto,0,5,5,1.0
kudossweep,0,5,5,1.0
courtyard,1,4,5,0.8
vendredi,0,5,5,1.0
abboni,0,5,5,1.0
removall,0,5,5,1.0
adren,0,5,5,1.0
hansom,0,5,5,1.0
grover,0,5,5,1.0
painless,4,1,5,0.2
misinterpret,3,2,5,0.4
zahwa,0,5,5,1.0
parsley,0,5,5,1.0
tradicion,0,5,5,1.0
xmim,5,0,5,0.0
isranir,5,0,5,0.0
sarkissian,5,0,5,0.0
reiativ,0,5,5,1.0
yuobyher,0,5,5,1.0
ftn,5,0,5,0.0
ausnit,5,0,5,0.0
meador,5,0,5,0.0
postul,0,5,5,1.0
superannu,0,5,5,1.0
operationa,0,5,5,1.0
handsfre,0,5,5,1.0
whihc,5,0,5,0.0
woesom,0,5,5,1.0
synchroni,0,5,5,1.0
millar,5,0,5,0.0
cheater,0,5,5,1.0
vellum,0,5,5,1.0
inscribir,0,5,5,1.0
brainer,2,3,5,0.6
toothpick,0,5,5,1.0
icebox,0,5,5,1.0
sonya,3,2,5,0.4
podemo,0,5,5,1.0
sagaci,0,5,5,1.0
zotter,5,0,5,0.0
fialka,5,0,5,0.0
datenbank,0,5,5,1.0
sincerel,0,5,5,1.0
issyo,0,5,5,1.0
ludlow,0,5,5,1.0
biomedicom,0,5,5,1.0
zócalo,0,5,5,1.0
equipot,0,5,5,1.0
wexvd,0,5,5,1.0
incorrig,0,5,5,1.0
ono,2,3,5,0.6
neuhau,5,0,5,0.0
ploma,0,5,5,1.0
gasohol,0,5,5,1.0
wainwright,0,5,5,1.0
cascara,0,5,5,1.0
khake,5,0,5,0.0
utilizado,0,5,5,1.0
chome,5,0,5,0.0
sayl,5,0,5,0.0
seroiu,0,5,5,1.0
texlan,5,0,5,0.0
lombard,0,5,5,1.0
thrifti,2,3,5,0.6
sluic,0,5,5,1.0
dsbl,0,5,5,1.0
mgm,1,4,5,0.8
jowl,0,5,5,1.0
tamarack,0,5,5,1.0
mutandi,0,5,5,1.0
journa,0,5,5,1.0
tiim,0,5,5,1.0
footfal,0,5,5,1.0
gauguin,0,5,5,1.0
cowen,4,1,5,0.2
garvey,1,4,5,0.8
wheedl,0,5,5,1.0
heidelberg,0,5,5,1.0
nnco,0,5,5,1.0
realment,0,5,5,1.0
phthalat,0,5,5,1.0
galatia,0,5,5,1.0
viejo,0,5,5,1.0
claimer,0,5,5,1.0
tinsley,5,0,5,0.0
sicklewort,0,5,5,1.0
pail,0,5,5,1.0
pigpen,0,5,5,1.0
electronico,0,5,5,1.0
degiac,5,0,5,0.0
administración,0,5,5,1.0
koran,0,5,5,1.0
redskin,5,0,5,0.0
floc,0,5,5,1.0
toth,2,3,5,0.6
mrsa,0,5,5,1.0
planter,0,5,5,1.0
assetmain,0,5,5,1.0
secu,0,5,5,1.0
stl,0,5,5,1.0
mung,0,5,5,1.0
rutkowski,5,0,5,0.0
laplacian,0,5,5,1.0
krista,2,3,5,0.6
webd,0,5,5,1.0
sermocin,0,5,5,1.0
everson,0,5,5,1.0
simpiy,0,5,5,1.0
rafal,5,0,5,0.0
courson,0,5,5,1.0
firstworld,5,0,5,0.0
teapot,1,4,5,0.8
salutari,0,5,5,1.0
houten,5,0,5,0.0
johnna,5,0,5,0.0
rapier,0,5,5,1.0
pricest,0,5,5,1.0
atur,0,5,5,1.0
butternut,0,5,5,1.0
kraut,0,5,5,1.0
spindletop,5,0,5,0.0
twofold,1,4,5,0.8
lovelorn,0,5,5,1.0
rayleigh,0,5,5,1.0
tobiasmunk,5,0,5,0.0
unreport,3,2,5,0.4
schoolmarm,0,5,5,1.0
tho,3,2,5,0.4
hornblend,0,5,5,1.0
thrip,0,5,5,1.0
swerv,0,5,5,1.0
feagan,5,0,5,0.0
necklac,0,5,5,1.0
backhom,0,5,5,1.0
othello,1,4,5,0.8
zhiyun,5,0,5,0.0
bilhet,0,5,5,1.0
gadgetri,1,4,5,0.8
sarcast,0,5,5,1.0
falconbridg,0,5,5,1.0
nth,0,5,5,1.0
reinstaur,0,5,5,1.0
welton,5,0,5,0.0
firstipag,0,5,5,1.0
sinuou,0,5,5,1.0
nobil,0,5,5,1.0
kpeterso,5,0,5,0.0
molass,0,5,5,1.0
affor,0,5,5,1.0
nesta,0,5,5,1.0
heterodyn,0,5,5,1.0
lubel,0,5,5,1.0
infract,0,5,5,1.0
chooseno,0,5,5,1.0
arredondo,0,5,5,1.0
leafi,0,5,5,1.0
nveer,0,5,5,1.0
dcenterstrongfont,0,5,5,1.0
achat,0,5,5,1.0
millenia,0,5,5,1.0
gwihgwih,0,5,5,1.0
incandesc,0,5,5,1.0
garantia,0,5,5,1.0
alianza,0,5,5,1.0
semioblivi,0,5,5,1.0
thriti,0,5,5,1.0
stuffi,1,4,5,0.8
kormo,5,0,5,0.0
churchwomen,0,5,5,1.0
remodelación,0,5,5,1.0
ccmail,5,0,5,0.0
epilept,0,5,5,1.0
inboard,0,5,5,1.0
rubberi,0,5,5,1.0
yalta,0,5,5,1.0
arcado,0,5,5,1.0
uti,5,0,5,0.0
thirteenth,1,4,5,0.8
randa,5,0,5,0.0
blesi,5,0,5,0.0
jestesmi,5,0,5,0.0
chmielewski,5,0,5,0.0
spong,0,5,5,1.0
soliloquy,0,5,5,1.0
neater,0,5,5,1.0
ceck,0,5,5,1.0
zydeco,5,0,5,0.0
slosh,0,5,5,1.0
telefax,0,5,5,1.0
microcentrosom,0,5,5,1.0
holbrook,0,5,5,1.0
sidewis,0,5,5,1.0
scranton,0,5,5,1.0
engg,5,0,5,0.0
exorcist,0,5,5,1.0
jz,0,5,5,1.0
zucchini,0,5,5,1.0
siderit,0,5,5,1.0
kertz,5,0,5,0.0
hesperu,0,5,5,1.0
asx,0,5,5,1.0
entrar,0,5,5,1.0
scrotum,0,5,5,1.0
gasif,2,3,5,0.6
mycena,0,5,5,1.0
psychologist,0,5,5,1.0
brandnam,0,5,5,1.0
cpl,2,3,5,0.6
ciialli,0,5,5,1.0
ubswarburgenergi,5,0,5,0.0
speedo,0,5,5,1.0
pupal,0,5,5,1.0
shamrock,0,5,5,1.0
maricela,5,0,5,0.0
caseybil,0,5,5,1.0
lanam,5,0,5,0.0
urbana,0,5,5,1.0
nonrefund,5,0,5,0.0
inaptitud,0,5,5,1.0
slouch,2,3,5,0.6
multinomi,0,5,5,1.0
mealtim,0,5,5,1.0
fpua,5,0,5,0.0
hilar,0,5,5,1.0
larceni,0,5,5,1.0
bandyopadhyay,5,0,5,0.0
udoh,0,5,5,1.0
fercsr,5,0,5,0.0
neuroanatom,0,5,5,1.0
rkm,3,2,5,0.4
concierto,0,5,5,1.0
invitamo,0,5,5,1.0
godkin,0,5,5,1.0
theorem,1,4,5,0.8
solidli,5,0,5,0.0
baixar,0,5,5,1.0
lavel,1,4,5,0.8
serendipit,0,5,5,1.0
shortstop,0,5,5,1.0
stratum,0,5,5,1.0
fonga,0,5,5,1.0
garman,5,0,5,0.0
ddd,1,4,5,0.8
fortunemail,5,0,5,0.0
hooligan,0,5,5,1.0
immov,0,5,5,1.0
guuaarante,0,5,5,1.0
sawfish,0,5,5,1.0
tort,2,3,5,0.6
lethbridg,5,0,5,0.0
sotwar,0,5,5,1.0
cwihost,0,5,5,1.0
warmong,1,4,5,0.8
severest,0,5,5,1.0
stannic,0,5,5,1.0
sothebi,5,0,5,0.0
glv,0,5,5,1.0
brenton,3,2,5,0.4
ouut,0,5,5,1.0
mulct,0,5,5,1.0
foregang,0,5,5,1.0
bdgevorgian,5,0,5,0.0
exercício,0,5,5,1.0
olympu,0,5,5,1.0
ginni,3,2,5,0.4
lca,5,0,5,0.0
uranc,0,5,5,1.0
pragu,0,5,5,1.0
unassign,5,0,5,0.0
geaccon,5,0,5,0.0
strove,0,5,5,1.0
bipartisanship,5,0,5,0.0
zionism,0,5,5,1.0
viruz,0,5,5,1.0
magnu,0,5,5,1.0
searchlight,0,5,5,1.0
endevor,0,5,5,1.0
determinar,0,5,5,1.0
wuwei,5,0,5,0.0
posner,0,5,5,1.0
silveri,0,5,5,1.0
postfach,0,5,5,1.0
prihoda,5,0,5,0.0
fibrat,0,5,5,1.0
rosado,4,1,5,0.2
shovvroom,0,5,5,1.0
shyness,0,5,5,1.0
gaul,0,5,5,1.0
ofu,0,5,5,1.0
featherbrain,0,5,5,1.0
doehrman,5,0,5,0.0
tittl,5,0,5,0.0
midori,1,4,5,0.8
spinoff,3,2,5,0.4
midcoast,5,0,5,0.0
aradigm,5,0,5,0.0
bookservic,0,5,5,1.0
forrwarrd,0,5,5,1.0
airfield,0,5,5,1.0
sago,0,5,5,1.0
sinh,0,5,5,1.0
duse,0,5,5,1.0
kirchner,0,5,5,1.0
squibb,4,1,5,0.2
tenga,0,5,5,1.0
plafond,0,5,5,1.0
shortwav,0,5,5,1.0
gargantuan,0,5,5,1.0
sonnier,5,0,5,0.0
lookln,0,5,5,1.0
eigenst,0,5,5,1.0
outwardli,3,2,5,0.4
moto,0,5,5,1.0
zwischen,3,2,5,0.4
shaven,0,5,5,1.0
unitarian,0,5,5,1.0
scala,0,5,5,1.0
hotpop,0,5,5,1.0
nomenclatur,0,5,5,1.0
emarket,0,5,5,1.0
incluyen,0,5,5,1.0
uitim,0,5,5,1.0
wheatley,5,0,5,0.0
adedeji,5,0,5,0.0
typescript,0,5,5,1.0
topnotch,0,5,5,1.0
huxley,0,5,5,1.0
lymphoma,0,5,5,1.0
bollom,5,0,5,0.0
evolutionari,0,5,5,1.0
sativa,0,5,5,1.0
sandherr,5,0,5,0.0
jurass,0,5,5,1.0
robinhoo,0,5,5,1.0
aplic,0,5,5,1.0
adicionai,0,5,5,1.0
michelin,1,4,5,0.8
actipatch,0,5,5,1.0
ultrasound,2,3,5,0.6
overallot,5,0,5,0.0
gurgl,0,5,5,1.0
hydromet,0,5,5,1.0
corrigan,4,1,5,0.2
staccato,0,5,5,1.0
underw,3,2,5,0.4
moir,0,5,5,1.0
szkole,5,0,5,0.0
ctma,5,0,5,0.0
cadena,3,2,5,0.4
unsuccesful,0,5,5,1.0
accion,0,5,5,1.0
tivoli,5,0,5,0.0
piddl,0,5,5,1.0
sociabl,0,5,5,1.0
clapton,0,5,5,1.0
mcmorrow,5,0,5,0.0
manohar,5,0,5,0.0
maley,5,0,5,0.0
fealti,0,5,5,1.0
trashi,0,5,5,1.0
monsanto,0,5,5,1.0
reisz,5,0,5,0.0
dendrobian,0,5,5,1.0
arrestor,0,5,5,1.0
whup,0,5,5,1.0
carrefour,0,5,5,1.0
swindon,5,0,5,0.0
sicili,0,5,5,1.0
serviceberri,0,5,5,1.0
ctrc,5,0,5,0.0
tesco,2,3,5,0.6
hardscrabbl,0,5,5,1.0
frei,0,5,5,1.0
manna,0,5,5,1.0
scratchi,0,5,5,1.0
applicatiion,4,1,5,0.2
amarillonet,0,5,5,1.0
bandeja,0,5,5,1.0
spb,1,4,5,0.8
encumbr,0,5,5,1.0
allerd,1,4,5,0.8
tenormin,0,5,5,1.0
jefferid,5,0,5,0.0
dillig,2,3,5,0.6
aeruginosa,0,5,5,1.0
thuban,0,5,5,1.0
forbor,0,5,5,1.0
freethink,0,5,5,1.0
salesladi,0,5,5,1.0
histochem,0,5,5,1.0
honeysuckl,0,5,5,1.0
nlimit,0,5,5,1.0
onu,2,3,5,0.6
lowercas,4,1,5,0.2
shelia,3,2,5,0.4
stearon,0,5,5,1.0
symanteec,0,5,5,1.0
ó,0,5,5,1.0
laotian,0,5,5,1.0
corwin,3,2,5,0.4
poplar,1,4,5,0.8
cta,1,4,5,0.8
ringblom,5,0,5,0.0
gaudi,0,5,5,1.0
automática,0,5,5,1.0
doggett,5,0,5,0.0
abelson,0,5,5,1.0
hoyl,5,0,5,0.0
ladl,0,5,5,1.0
romulu,1,4,5,0.8
sumter,0,5,5,1.0
pompey,0,5,5,1.0
introducida,0,5,5,1.0
htmfont,0,5,5,1.0
punk,0,5,5,1.0
médico,0,5,5,1.0
duplicat,0,5,5,1.0
nix,3,2,5,0.4
serviett,0,5,5,1.0
religios,0,5,5,1.0
portraitur,0,5,5,1.0
emetra,5,0,5,0.0
jurisprudenti,0,5,5,1.0
webserv,0,5,5,1.0
rossi,2,3,5,0.6
proscript,0,5,5,1.0
vosko,5,0,5,0.0
contracted,0,5,5,1.0
gerenciador,0,5,5,1.0
opium,0,5,5,1.0
congen,0,5,5,1.0
tigress,0,5,5,1.0
euthanasia,0,5,5,1.0
edisonmiss,5,0,5,0.0
soldw,0,5,5,1.0
indentifi,2,3,5,0.6
esc,4,1,5,0.2
hysteria,1,4,5,0.8
hyacinth,0,5,5,1.0
franzen,2,3,5,0.6
lehr,5,0,5,0.0
euphoni,0,5,5,1.0
freemail,0,5,5,1.0
protozoa,0,5,5,1.0
directeur,0,5,5,1.0
hafslund,5,0,5,0.0
sheidun,5,0,5,0.0
decant,0,5,5,1.0
potenzon,5,0,5,0.0
orbitari,0,5,5,1.0
loy,0,5,5,1.0
polyhedra,0,5,5,1.0
kazarian,0,5,5,1.0
sifi,0,5,5,1.0
solch,3,2,5,0.4
desfibrilação,0,5,5,1.0
finaci,1,4,5,0.8
pullicino,5,0,5,0.0
leta,0,5,5,1.0
barrington,1,4,5,0.8
emitra,5,0,5,0.0
gilford,0,5,5,1.0
gratuita,0,5,5,1.0
spiel,1,4,5,0.8
furor,5,0,5,0.0
prosym,5,0,5,0.0
expoprod,0,5,5,1.0
switchman,0,5,5,1.0
dair,3,2,5,0.4
rumania,0,5,5,1.0
quetzal,0,5,5,1.0
transocean,1,4,5,0.8
haja,0,5,5,1.0
biometri,0,5,5,1.0
epperson,5,0,5,0.0
epistolatori,0,5,5,1.0
optizen,0,5,5,1.0
munt,5,0,5,0.0
chinastar,0,5,5,1.0
floweri,0,5,5,1.0
thatch,0,5,5,1.0
heusen,0,5,5,1.0
unscath,4,1,5,0.2
cohr,5,0,5,0.0
twitch,0,5,5,1.0
samuelson,2,3,5,0.6
lacerta,0,5,5,1.0
gambit,1,4,5,0.8
tindal,5,0,5,0.0
tuni,0,5,5,1.0
railbird,0,5,5,1.0
haydn,0,5,5,1.0
lotonazo,0,5,5,1.0
chaileng,0,5,5,1.0
plnnaccl,0,5,5,1.0
rozdzia,5,0,5,0.0
findet,0,5,5,1.0
narcosi,0,5,5,1.0
publicitario,0,5,5,1.0
hzol,0,5,5,1.0
legibl,0,5,5,1.0
mambo,0,5,5,1.0
latent,1,4,5,0.8
huntco,5,0,5,0.0
femur,0,5,5,1.0
wrw,0,5,5,1.0
odysseu,0,5,5,1.0
woodcock,1,4,5,0.8
wng,0,5,5,1.0
marcha,0,5,5,1.0
marlborough,0,5,5,1.0
descontado,0,5,5,1.0
alth,0,5,5,1.0
derbyshir,0,5,5,1.0
mare,0,5,5,1.0
dahlberg,5,0,5,0.0
speckl,0,5,5,1.0
poloponi,0,5,5,1.0
mathia,0,5,5,1.0
customerss,0,5,5,1.0
phosphat,0,5,5,1.0
antiterror,5,0,5,0.0
línea,0,5,5,1.0
flycatch,0,5,5,1.0
eshopkey,0,5,5,1.0
daño,0,5,5,1.0
heckerman,5,0,5,0.0
overvveight,0,5,5,1.0
znalezc,5,0,5,0.0
precancel,0,5,5,1.0
rubicund,0,5,5,1.0
lewiston,0,5,5,1.0
metabolit,0,5,5,1.0
cuilla,5,0,5,0.0
oint,0,5,5,1.0
osu,3,2,5,0.4
hoppl,0,5,5,1.0
audiovox,0,5,5,1.0
whosoev,0,5,5,1.0
embarss,0,5,5,1.0
perforc,0,5,5,1.0
repetiti,0,5,5,1.0
koninklijk,1,4,5,0.8
qeti,0,5,5,1.0
polyhymnia,0,5,5,1.0
grindston,0,5,5,1.0
isinglass,0,5,5,1.0
illusionari,0,5,5,1.0
fotografía,0,5,5,1.0
savoy,1,4,5,0.8
paranoid,2,3,5,0.6
ffree,0,5,5,1.0
glaucophanit,0,5,5,1.0
obduraci,0,5,5,1.0
insuffer,0,5,5,1.0
shifti,0,5,5,1.0
noticepend,0,5,5,1.0
maurer,4,1,5,0.2
cavendish,1,4,5,0.8
helic,0,5,5,1.0
imperm,0,5,5,1.0
heraclitu,0,5,5,1.0
endogenet,0,5,5,1.0
wehn,4,1,5,0.2
telphon,0,5,5,1.0
affilli,0,5,5,1.0
dikeman,5,0,5,0.0
dembo,5,0,5,0.0
naviga,0,5,5,1.0
freepag,0,5,5,1.0
sollen,0,5,5,1.0
unfin,5,0,5,0.0
outta,3,2,5,0.4
somal,0,5,5,1.0
seinen,0,5,5,1.0
iom,4,1,5,0.2
dagogo,4,1,5,0.2
rime,0,5,5,1.0
ontogeni,0,5,5,1.0
printmak,2,3,5,0.6
justificacion,0,5,5,1.0
dicarlo,4,1,5,0.2
thosand,0,5,5,1.0
dooryard,0,5,5,1.0
camelish,0,5,5,1.0
skibbi,0,5,5,1.0
abona,0,5,5,1.0
bestimmt,3,2,5,0.4
mountaintop,5,0,5,0.0
kazoo,0,5,5,1.0
campfir,0,5,5,1.0
sergeant,0,5,5,1.0
elec,4,1,5,0.2
grocer,0,5,5,1.0
anomi,0,5,5,1.0
citric,0,5,5,1.0
reec,4,1,5,0.2
pajama,0,5,5,1.0
exurban,0,5,5,1.0
haritaki,0,5,5,1.0
tarri,0,5,5,1.0
coachabl,0,5,5,1.0
vocat,4,1,5,0.2
parkinson,0,5,5,1.0
opuc,5,0,5,0.0
modo,0,5,5,1.0
heterosexu,0,5,5,1.0
glycosid,0,5,5,1.0
bandini,5,0,5,0.0
armour,0,5,5,1.0
investec,3,2,5,0.4
lennox,1,4,5,0.8
medtron,1,4,5,0.8
demographi,0,5,5,1.0
bubba,5,0,5,0.0
royalm,0,5,5,1.0
irremedi,0,5,5,1.0
maildrop,0,5,5,1.0
brbrbrbrbrbrbr,0,5,5,1.0
agrmt,5,0,5,0.0
chilton,5,0,5,0.0
specular,0,5,5,1.0
pmh,4,1,5,0.2
tsteel,5,0,5,0.0
menial,0,5,5,1.0
buttrick,0,5,5,1.0
trb,1,4,5,0.8
nordest,3,2,5,0.4
marseil,0,5,5,1.0
qaeda,5,0,5,0.0
hardboil,0,5,5,1.0
parabola,0,5,5,1.0
tenderfoot,0,5,5,1.0
berkin,0,5,5,1.0
exclusionari,0,5,5,1.0
arguijo,5,0,5,0.0
bmar,5,0,5,0.0
theretofor,0,5,5,1.0
vatican,0,5,5,1.0
hippo,0,5,5,1.0
pressroom,5,0,5,0.0
worldpow,5,0,5,0.0
grist,0,5,5,1.0
monmouth,1,4,5,0.8
thymin,0,5,5,1.0
midc,5,0,5,0.0
pelham,0,5,5,1.0
vakharia,5,0,5,0.0
florentin,0,5,5,1.0
frostbitten,0,5,5,1.0
ethnobotan,0,5,5,1.0
convair,0,5,5,1.0
stalford,5,0,5,0.0
overpul,5,0,5,0.0
molestia,0,5,5,1.0
assembi,0,5,5,1.0
beter,1,4,5,0.8
seigl,5,0,5,0.0
prebon,5,0,5,0.0
ketosi,0,5,5,1.0
tbal,5,0,5,0.0
brlearn,0,5,5,1.0
hyewon,0,5,5,1.0
pokerunn,0,5,5,1.0
ningn,0,5,5,1.0
chaaaaang,0,5,5,1.0
myopia,0,5,5,1.0
wlasni,0,5,5,1.0
notorieti,1,4,5,0.8
cge,5,0,5,0.0
aviv,0,5,5,1.0
fiori,0,5,5,1.0
eratosthen,0,5,5,1.0
gigh,0,5,5,1.0
politburo,0,5,5,1.0
wilbur,1,4,5,0.8
billionth,0,5,5,1.0
directhttp,0,5,5,1.0
cpt,5,0,5,0.0
muhl,5,0,5,0.0
stronk,0,5,5,1.0
cntimo,0,5,5,1.0
metasolv,5,0,5,0.0
clanci,0,5,5,1.0
sonic,0,5,5,1.0
tuscarora,1,4,5,0.8
sovereignti,0,5,5,1.0
discu,1,4,5,0.8
considerar,0,5,5,1.0
epr,4,1,5,0.2
moser,0,5,5,1.0
roddick,1,4,5,0.8
maw,2,3,5,0.6
txuenergi,5,0,5,0.0
wolni,1,4,5,0.8
gmac,5,0,5,0.0
oerst,0,5,5,1.0
breathi,0,5,5,1.0
meinen,1,4,5,0.8
kmow,5,0,5,0.0
psychiatrist,0,5,5,1.0
epipi,0,5,5,1.0
ginti,5,0,5,0.0
bistat,0,5,5,1.0
underclassmen,0,5,5,1.0
upton,0,5,5,1.0
sharecrop,0,5,5,1.0
berm,0,5,5,1.0
hardboard,0,5,5,1.0
clamb,0,5,5,1.0
ziemlich,0,5,5,1.0
splice,1,4,5,0.8
glutin,0,5,5,1.0
huckleberri,0,5,5,1.0
extirp,0,5,5,1.0
mutagen,0,5,5,1.0
mucilag,0,5,5,1.0
varsiti,2,3,5,0.6
aunti,0,5,5,1.0
ibg,0,5,5,1.0
bankrol,0,5,5,1.0
lolli,0,5,5,1.0
thorstein,0,5,5,1.0
seaborn,0,5,5,1.0
confist,0,5,5,1.0
adambob,5,0,5,0.0
wien,4,1,5,0.2
yarmouth,0,5,5,1.0
lightfac,0,5,5,1.0
bmc,5,0,5,0.0
prologu,0,5,5,1.0
quadratur,1,4,5,0.8
loni,0,5,5,1.0
alleghenyenergi,5,0,5,0.0
hoofmark,0,5,5,1.0
functori,0,5,5,1.0
lossi,0,5,5,1.0
tideland,0,5,5,1.0
volatilit,5,0,5,0.0
scull,0,5,5,1.0
ueckert,5,0,5,0.0
brysch,5,0,5,0.0
lyne,4,1,5,0.2
utilizam,0,5,5,1.0
strate,5,0,5,0.0
ringlet,0,5,5,1.0
orthant,0,5,5,1.0
ucu,5,0,5,0.0
pgl,4,1,5,0.2
registerd,0,5,5,1.0
kaseko,0,5,5,1.0
conic,0,5,5,1.0
soidier,0,5,5,1.0
strident,0,5,5,1.0
hovv,0,5,5,1.0
vito,0,5,5,1.0
gfergu,5,0,5,0.0
verisimilitud,0,5,5,1.0
hereditari,0,5,5,1.0
vann,4,1,5,0.2
filmi,0,5,5,1.0
rockk,0,5,5,1.0
overwork,1,4,5,0.8
psychotherapeut,0,5,5,1.0
roic,5,0,5,0.0
saln,0,5,5,1.0
loess,0,5,5,1.0
transgress,1,4,5,0.8
drachasha,0,5,5,1.0
authorityt,0,5,5,1.0
unita,0,5,5,1.0
postadr,0,5,5,1.0
spici,1,4,5,0.8
gbi,0,5,5,1.0
niagara,4,1,5,0.2
peaceabl,0,5,5,1.0
mortgage,0,5,5,1.0
stylelog,5,0,5,0.0
jeder,0,5,5,1.0
flacon,0,5,5,1.0
mervin,0,5,5,1.0
phagocyt,0,5,5,1.0
balko,0,5,5,1.0
plagiar,0,5,5,1.0
algin,0,5,5,1.0
scotiamocatta,5,0,5,0.0
equaili,0,5,5,1.0
fielder,5,0,5,0.0
mee,2,3,5,0.6
gulfstream,5,0,5,0.0
lavoro,3,2,5,0.4
bodikin,0,5,5,1.0
cathedral,0,5,5,1.0
anwalt,0,5,5,1.0
sputnik,0,5,5,1.0
tsj,0,5,5,1.0
fone,0,5,5,1.0
midtown,3,2,5,0.4
capstan,0,5,5,1.0
chrisman,5,0,5,0.0
farragut,0,5,5,1.0
saron,0,5,5,1.0
halit,0,5,5,1.0
oftentim,0,5,5,1.0
decemberl,1,4,5,0.8
noowe,0,5,5,1.0
guignol,0,5,5,1.0
srv,0,5,5,1.0
columbin,0,5,5,1.0
hazili,5,0,5,0.0
hotbot,1,4,5,0.8
quer,0,5,5,1.0
sellout,1,4,5,0.8
ultimateiy,0,5,5,1.0
iliac,0,5,5,1.0
goggin,0,5,5,1.0
thoriat,0,5,5,1.0
lla,4,1,5,0.2
savel,0,5,5,1.0
thermogen,0,5,5,1.0
hinet,0,5,5,1.0
scallop,0,5,5,1.0
rabv,0,5,5,1.0
uptick,3,2,5,0.4
spiki,0,5,5,1.0
kissner,5,0,5,0.0
pritchard,2,3,5,0.6
hereadv,0,5,5,1.0
strongiy,0,5,5,1.0
zloti,1,4,5,0.8
discord,0,5,5,1.0
policemen,0,5,5,1.0
pagin,0,5,5,1.0
yeap,0,5,5,1.0
shockley,0,5,5,1.0
peritect,0,5,5,1.0
iepa,5,0,5,0.0
proteas,0,5,5,1.0
mozliwosci,5,0,5,0.0
yearbook,0,5,5,1.0
aderso,0,5,5,1.0
unattend,2,3,5,0.6
inclua,0,5,5,1.0
pujol,0,5,5,1.0
telkom,0,5,5,1.0
sista,5,0,5,0.0
noos,0,5,5,1.0
reprov,1,4,5,0.8
houlihan,4,1,5,0.2
ideaili,0,5,5,1.0
subdirectori,5,0,5,0.0
broil,0,5,5,1.0
presscippt,0,5,5,1.0
miocen,0,5,5,1.0
axel,2,3,5,0.6
flashback,1,4,5,0.8
meow,0,5,5,1.0
johnsen,0,5,5,1.0
tnob,5,0,5,0.0
standish,1,4,5,0.8
pseudomorph,0,5,5,1.0
emeka,0,5,5,1.0
plantz,0,5,5,1.0
prig,0,5,5,1.0
pillag,1,4,5,0.8
tektronix,3,2,5,0.4
valedictorian,0,5,5,1.0
hillsid,0,5,5,1.0
tailorless,0,5,5,1.0
etoco,5,0,5,0.0
frosti,0,5,5,1.0
ubn,0,5,5,1.0
autorizacin,0,5,5,1.0
trolley,3,2,5,0.4
hinterland,0,5,5,1.0
businesslin,5,0,5,0.0
atencin,0,5,5,1.0
paddock,2,3,5,0.6
widowhood,0,5,5,1.0
sipc,3,2,5,0.4
solarisexpert,0,5,5,1.0
inhospit,0,5,5,1.0
unveii,0,5,5,1.0
mullein,0,5,5,1.0
computadora,0,5,5,1.0
guadett,5,0,5,0.0
fiefdom,1,4,5,0.8
wearisom,0,5,5,1.0
paaaaain,0,5,5,1.0
ino,1,4,5,0.8
jag,0,5,5,1.0
gullah,0,5,5,1.0
willperiod,0,5,5,1.0
incentr,5,0,5,0.0
atentament,0,5,5,1.0
stingl,0,5,5,1.0
colectiva,0,5,5,1.0
lazybon,0,5,5,1.0
lovingli,5,0,5,0.0
ectoderm,0,5,5,1.0
especia,0,5,5,1.0
bharsh,5,0,5,0.0
gdo,0,5,5,1.0
powermod,5,0,5,0.0
wrt,5,0,5,0.0
glue,1,4,5,0.8
geeet,0,5,5,1.0
nader,5,0,5,0.0
precinct,3,2,5,0.4
titil,0,5,5,1.0
recei,0,5,5,1.0
locutor,0,5,5,1.0
doldan,0,5,5,1.0
formeriy,0,5,5,1.0
inr,3,2,5,0.4
histogram,2,3,5,0.6
juiceman,0,5,5,1.0
ubu,0,5,5,1.0
dogfish,0,5,5,1.0
grovel,0,5,5,1.0
applym,0,5,5,1.0
webschedul,5,0,5,0.0
protestor,4,1,5,0.2
isom,0,5,5,1.0
analizi,5,0,5,0.0
underweight,5,0,5,0.0
ledieskey,0,5,5,1.0
dubious,3,2,5,0.4
mpl,2,3,5,0.6
dezemb,3,2,5,0.4
similitud,0,5,5,1.0
gscm,5,0,5,0.0
jojo,0,5,5,1.0
lufthansa,2,3,5,0.6
mmx,0,5,5,1.0
erleb,0,5,5,1.0
hellish,1,4,5,0.8
rebirth,1,4,5,0.8
glossa,0,5,5,1.0
esca,5,0,5,0.0
nwp,5,0,5,0.0
strabism,0,5,5,1.0
examen,0,5,5,1.0
secess,2,3,5,0.6
middlesboro,0,5,5,1.0
rooftre,0,5,5,1.0
bigwig,4,1,5,0.2
scooter,2,3,5,0.6
shepard,2,3,5,0.6
replicca,0,5,5,1.0
havent,3,2,5,0.4
nwa,0,5,5,1.0
halverson,0,5,5,1.0
roomer,5,0,5,0.0
inconvien,1,4,5,0.8
responsevivek,0,5,5,1.0
wendt,5,0,5,0.0
colvil,0,5,5,1.0
mysexgirli,0,5,5,1.0
fogi,0,5,5,1.0
directorship,5,0,5,0.0
navel,0,5,5,1.0
gluey,0,5,5,1.0
cartero,0,5,5,1.0
tripod,0,5,5,1.0
fireboat,0,5,5,1.0
marcinkowski,5,0,5,0.0
signpost,4,1,5,0.2
antihemagglutinin,0,5,5,1.0
trytophan,0,5,5,1.0
mendelssohn,0,5,5,1.0
garvin,5,0,5,0.0
associao,0,5,5,1.0
milenia,5,0,5,0.0
seiection,0,5,5,1.0
shibboleth,0,5,5,1.0
licciardo,5,0,5,0.0
cadeau,0,5,5,1.0
profesor,0,5,5,1.0
alittl,2,3,5,0.6
bourga,0,5,5,1.0
charliel,0,5,5,1.0
satieti,0,5,5,1.0
trailhead,0,5,5,1.0
comit,0,5,5,1.0
shadi,1,4,5,0.8
omnipres,1,4,5,0.8
scylla,0,5,5,1.0
northerli,0,5,5,1.0
hunek,5,0,5,0.0
costantino,5,0,5,0.0
ballad,0,5,5,1.0
kiefner,0,5,5,1.0
cpprove,0,5,5,1.0
gusti,0,5,5,1.0
ampute,0,5,5,1.0
poinsettia,0,5,5,1.0
salisha,5,0,5,0.0
logit,3,2,5,0.4
api,3,2,5,0.4
fahey,1,4,5,0.8
bfi,0,5,5,1.0
ize,0,5,5,1.0
histamin,0,5,5,1.0
aggr,5,0,5,0.0
steen,3,2,5,0.4
runic,0,5,5,1.0
rakish,2,3,5,0.6
netherworld,0,5,5,1.0
cripp,5,0,5,0.0
ecpc,5,0,5,0.0
vlagro,0,5,5,1.0
ballestero,1,4,5,0.8
rewrot,5,0,5,0.0
mccoll,0,5,5,1.0
hunan,0,5,5,1.0
sibb,0,5,5,1.0
shoud,5,0,5,0.0
nonreg,0,5,5,1.0
jurvetson,5,0,5,0.0
gipson,5,0,5,0.0
luebber,5,0,5,0.0
dungeon,0,5,5,1.0
frey,0,5,5,1.0
seq,4,1,5,0.2
quizzic,0,5,5,1.0
darmow,0,5,5,1.0
inexhaust,0,5,5,1.0
nyg,4,1,5,0.2
sniffl,0,5,5,1.0
mtl,4,1,5,0.2
dewbr,5,0,5,0.0
sergei,0,5,5,1.0
leftward,0,5,5,1.0
jturco,0,5,5,1.0
ecstasi,0,5,5,1.0
bcu,4,1,5,0.2
fischbein,0,5,5,1.0
lonsdal,5,0,5,0.0
fapsa,5,0,5,0.0
winstal,5,0,5,0.0
ownerstoshiba,0,5,5,1.0
dayonlin,0,5,5,1.0
resp,4,1,5,0.2
somali,0,5,5,1.0
homm,0,5,5,1.0
commercialis,5,0,5,0.0
sentir,0,5,5,1.0
industrialinfo,5,0,5,0.0
judah,4,1,5,0.2
onpeak,5,0,5,0.0
uter,0,5,5,1.0
wsengi,5,0,5,0.0
papillari,0,5,5,1.0
oblong,0,5,5,1.0
oratorio,0,5,5,1.0
hernia,1,4,5,0.8
throwback,1,4,5,0.8
grower,2,3,5,0.6
bogota,0,5,5,1.0
zachariah,0,5,5,1.0
fio,0,5,5,1.0
salsifi,0,5,5,1.0
jolla,1,4,5,0.8
beinterrupt,0,5,5,1.0
aggrag,5,0,5,0.0
tetanu,0,5,5,1.0
reinstal,5,0,5,0.0
solventar,0,5,5,1.0
hysteresi,0,5,5,1.0
eminem,0,5,5,1.0
queasi,0,5,5,1.0
probl,0,5,5,1.0
knave,0,5,5,1.0
mailroom,5,0,5,0.0
llfe,0,5,5,1.0
seater,0,5,5,1.0
yardstick,3,2,5,0.4
karolyi,5,0,5,0.0
sinistr,0,5,5,1.0
truro,5,0,5,0.0
quadripartit,0,5,5,1.0
paterson,1,4,5,0.8
anapterygot,0,5,5,1.0
rebacke,0,5,5,1.0
comr,0,5,5,1.0
waymark,5,0,5,0.0
hiram,0,5,5,1.0
preset,2,3,5,0.6
iag,0,5,5,1.0
mccallum,0,5,5,1.0
baumann,5,0,5,0.0
ubsintegr,5,0,5,0.0
subroto,5,0,5,0.0
rhododendron,0,5,5,1.0
roustabout,0,5,5,1.0
warhead,0,5,5,1.0
humidifi,0,5,5,1.0
vacuol,0,5,5,1.0
mycont,5,0,5,0.0
javascript,0,5,5,1.0
plumbago,0,5,5,1.0
schooner,0,5,5,1.0
cheapsoftshop,0,5,5,1.0
salvator,0,5,5,1.0
enfrentar,0,5,5,1.0
rudder,1,4,5,0.8
stereognost,0,5,5,1.0
flnanc,0,5,5,1.0
serap,0,5,5,1.0
lodowick,0,5,5,1.0
dayangd,5,0,5,0.0
parameter,0,5,5,1.0
gruber,5,0,5,0.0
runneth,0,5,5,1.0
palmpilot,0,5,5,1.0
shill,1,4,5,0.8
horbal,0,5,5,1.0
sidney,4,1,5,0.2
locknut,0,5,5,1.0
octav,0,5,5,1.0
smallcompani,0,5,5,1.0
algol,0,5,5,1.0
hjm,5,0,5,0.0
skulk,0,5,5,1.0
raheem,3,2,5,0.4
pawar,5,0,5,0.0
ncar,0,5,5,1.0
enr,5,0,5,0.0
stio,0,5,5,1.0
emchombo,5,0,5,0.0
fuchsia,1,4,5,0.8
glaa,5,0,5,0.0
olivustea,0,5,5,1.0
cataiyst,0,5,5,1.0
fuera,0,5,5,1.0
harman,4,1,5,0.2
humankind,0,5,5,1.0
odi,0,5,5,1.0
boettcher,5,0,5,0.0
poc,3,2,5,0.4
rocker,1,4,5,0.8
charrg,0,5,5,1.0
sturgeon,0,5,5,1.0
munarin,0,5,5,1.0
sensorimotor,0,5,5,1.0
noeoo,0,5,5,1.0
yardag,0,5,5,1.0
flit,0,5,5,1.0
gardena,0,5,5,1.0
fierob,0,5,5,1.0
presumptu,0,5,5,1.0
brushwork,0,5,5,1.0
amiray,0,5,5,1.0
fairgoer,0,5,5,1.0
touchston,0,5,5,1.0
stirrup,0,5,5,1.0
radiotelephon,0,5,5,1.0
urchin,0,5,5,1.0
nco,0,5,5,1.0
relihan,5,0,5,0.0
huffsmith,5,0,5,0.0
ingdirect,0,5,5,1.0
experienti,0,5,5,1.0
hymen,0,5,5,1.0
sulphoazot,0,5,5,1.0
collateralis,5,0,5,0.0
mcvey,5,0,5,0.0
duquesn,0,5,5,1.0
chmn,5,0,5,0.0
sandpoint,0,5,5,1.0
alvaro,0,5,5,1.0
assetid,0,5,5,1.0
flnanclng,0,5,5,1.0
thunderbal,5,0,5,0.0
psychoanalyst,0,5,5,1.0
aql,0,5,5,1.0
riverin,0,5,5,1.0
polarogram,0,5,5,1.0
anteroom,0,5,5,1.0
spaeth,5,0,5,0.0
humboldt,0,5,5,1.0
frambesia,0,5,5,1.0
dreamwork,0,5,5,1.0
maktoob,0,5,5,1.0
juju,0,5,5,1.0
nothin,4,1,5,0.2
middleburi,3,2,5,0.4
lyonnais,5,0,5,0.0
fak,0,5,5,1.0
leadersx,0,5,5,1.0
dollarmonst,0,5,5,1.0
refectori,0,5,5,1.0
leavenworth,1,4,5,0.8
leadlng,0,5,5,1.0
nlb,0,5,5,1.0
mili,1,4,5,0.8
ivor,0,5,5,1.0
lcl,0,5,5,1.0
altemu,0,5,5,1.0
febril,0,5,5,1.0
merlyn,5,0,5,0.0
bentham,0,5,5,1.0
madro,5,0,5,0.0
freewheel,4,1,5,0.2
swahili,0,5,5,1.0
hideaway,0,5,5,1.0
referenti,2,3,5,0.6
tangi,3,2,5,0.4
junket,3,2,5,0.4
nfj,0,5,5,1.0
apropo,0,5,5,1.0
levasseur,0,5,5,1.0
weierstrass,0,5,5,1.0
wapiti,0,5,5,1.0
hotvsnot,0,5,5,1.0
snp,1,4,5,0.8
deprec,0,5,5,1.0
belshazzar,0,5,5,1.0
belohnung,0,5,5,1.0
hemingway,0,5,5,1.0
indochines,0,5,5,1.0
benzedrin,0,5,5,1.0
nitroglycerin,0,5,5,1.0
galliv,0,5,5,1.0
nodul,0,5,5,1.0
daria,0,5,5,1.0
sinai,0,5,5,1.0
woodsh,0,5,5,1.0
lite,3,2,5,0.4
sorti,0,5,5,1.0
sophoclean,0,5,5,1.0
ultraenthusiast,0,5,5,1.0
sworn,1,4,5,0.8
selenium,0,5,5,1.0
montar,0,5,5,1.0
rectangl,0,5,5,1.0
republish,1,4,5,0.8
znalazlam,0,5,5,1.0
wieder,0,5,5,1.0
noxiou,1,4,5,0.8
healthiest,1,4,5,0.8
asb,5,0,5,0.0
singla,5,0,5,0.0
mday,5,0,5,0.0
vislt,0,5,5,1.0
brae,0,5,5,1.0
lobat,0,5,5,1.0
barfield,0,5,5,1.0
summerholiday,0,5,5,1.0
paperlesspobox,0,5,5,1.0
nowspec,0,5,5,1.0
recast,2,3,5,0.6
cuprou,0,5,5,1.0
titleal,0,5,5,1.0
ritual,0,5,5,1.0
sextillion,0,5,5,1.0
cashmer,0,5,5,1.0
cbo,4,1,5,0.2
gunflint,0,5,5,1.0
lank,0,5,5,1.0
skidoo,0,5,5,1.0
capistrano,0,5,5,1.0
gestin,0,5,5,1.0
myocardi,0,5,5,1.0
landhold,0,5,5,1.0
amla,0,5,5,1.0
infinitum,0,5,5,1.0
antrag,0,5,5,1.0
regulu,0,5,5,1.0
hazi,0,5,5,1.0
visita,0,5,5,1.0
elrod,5,0,5,0.0
tuscaloosa,0,5,5,1.0
knurl,0,5,5,1.0
agenzia,0,5,5,1.0
strabismu,0,5,5,1.0
ejot,5,0,5,0.0
metarout,5,0,5,0.0
necessist,0,5,5,1.0
teensi,0,5,5,1.0
decipher,0,5,5,1.0
ilustrativo,0,5,5,1.0
ahold,4,1,5,0.2
glandular,0,5,5,1.0
charitywerk,0,5,5,1.0
fuehn,5,0,5,0.0
galactos,0,5,5,1.0
szanowni,5,0,5,0.0
lakeisha,0,5,5,1.0
koskin,0,5,5,1.0
smelt,2,3,5,0.6
hre,0,5,5,1.0
maitr,0,5,5,1.0
woch,0,5,5,1.0
amtel,5,0,5,0.0
lehigh,0,5,5,1.0
whish,0,5,5,1.0
carlen,1,4,5,0.8
sonneborn,5,0,5,0.0
trigram,0,5,5,1.0
quimica,0,5,5,1.0
nkosi,0,5,5,1.0
dtel,0,5,5,1.0
manriqu,5,0,5,0.0
incombust,0,5,5,1.0
stoplight,4,1,5,0.2
oyou,0,5,5,1.0
metallographi,0,5,5,1.0
divulgao,0,5,5,1.0
calai,0,5,5,1.0
stoner,0,5,5,1.0
britann,0,5,5,1.0
genius,3,2,5,0.4
pilger,0,5,5,1.0
havertown,0,5,5,1.0
labrador,1,4,5,0.8
etf,0,5,5,1.0
bofa,5,0,5,0.0
mailhost,1,4,5,0.8
sayr,5,0,5,0.0
moat,0,5,5,1.0
localización,0,5,5,1.0
flashnet,5,0,5,0.0
surest,3,2,5,0.4
pedobaptist,0,5,5,1.0
puckett,5,0,5,0.0
dwl,0,5,5,1.0
clothbound,0,5,5,1.0
stubborn,1,4,5,0.8
aall,0,5,5,1.0
masterl,0,5,5,1.0
kearney,4,1,5,0.2
incrimin,1,4,5,0.8
milder,4,1,5,0.2
ironsid,0,5,5,1.0
elifrit,5,0,5,0.0
carranza,4,1,5,0.2
ssist,1,4,5,0.8
fovea,0,5,5,1.0
sauna,0,5,5,1.0
rxbarginz,0,5,5,1.0
shachov,5,0,5,0.0
pettit,5,0,5,0.0
troglodyt,0,5,5,1.0
tenac,1,4,5,0.8
jettk,5,0,5,0.0
mbothwel,5,0,5,0.0
neurophysiolog,0,5,5,1.0
zunaechst,3,2,5,0.4
vishnu,0,5,5,1.0
sab,1,4,5,0.8
soundli,1,4,5,0.8
stocksolut,0,5,5,1.0
icaru,1,4,5,0.8
gemacht,0,5,5,1.0
machinelik,0,5,5,1.0
muriat,0,5,5,1.0
apk,5,0,5,0.0
sprdopt,5,0,5,0.0
flail,0,5,5,1.0
sophocl,0,5,5,1.0
conveyor,0,5,5,1.0
aftershock,4,1,5,0.2
pumper,5,0,5,0.0
predessor,0,5,5,1.0
syntact,0,5,5,1.0
exasperat,0,5,5,1.0
hesr,0,5,5,1.0
highhand,0,5,5,1.0
gesticul,0,5,5,1.0
idahopow,5,0,5,0.0
junta,0,5,5,1.0
wicku,5,0,5,0.0
stannou,0,5,5,1.0
interplay,4,1,5,0.2
hagelman,5,0,5,0.0
buhler,5,0,5,0.0
livingston,2,3,5,0.6
brokaw,3,2,5,0.4
sobriquet,0,5,5,1.0
mandela,2,3,5,0.6
kikuyu,0,5,5,1.0
gypsi,0,5,5,1.0
enpwer,5,0,5,0.0
verdienst,0,5,5,1.0
wisp,0,5,5,1.0
ginn,0,5,5,1.0
haploid,0,5,5,1.0
lda,1,4,5,0.8
sophia,0,5,5,1.0
netout,5,0,5,0.0
gog,0,5,5,1.0
fudici,0,5,5,1.0
sewerag,0,5,5,1.0
enronexec,5,0,5,0.0
cholo,0,5,5,1.0
nextcard,5,0,5,0.0
renom,5,0,5,0.0
trendi,0,5,5,1.0
principio,0,5,5,1.0
taiichi,5,0,5,0.0
sawtooth,0,5,5,1.0
petul,0,5,5,1.0
bbq,4,1,5,0.2
caixa,0,5,5,1.0
vec,0,5,5,1.0
objector,0,5,5,1.0
flyway,0,5,5,1.0
heroicli,0,5,5,1.0
dalecka,5,0,5,0.0
maggot,0,5,5,1.0
hardcov,0,5,5,1.0
ineff,0,5,5,1.0
sightseer,0,5,5,1.0
rpt,5,0,5,0.0
sib,0,5,5,1.0
zion,1,4,5,0.8
tradeoff,2,3,5,0.6
dolium,0,5,5,1.0
junek,5,0,5,0.0
marguerit,0,5,5,1.0
localidad,0,5,5,1.0
rockford,2,3,5,0.6
interlink,4,1,5,0.2
scarsdal,0,5,5,1.0
keynesian,0,5,5,1.0
soror,0,5,5,1.0
stardom,0,5,5,1.0
weg,0,5,5,1.0
stow,1,4,5,0.8
willb,0,5,5,1.0
ostrich,1,4,5,0.8
sprain,0,5,5,1.0
wyli,3,2,5,0.4
grinch,2,3,5,0.6
metallica,0,5,5,1.0
mycobacteria,0,5,5,1.0
smug,1,4,5,0.8
enviarno,0,5,5,1.0
sse,0,5,5,1.0
methacryl,0,5,5,1.0
businessito,0,5,5,1.0
loglin,0,5,5,1.0
corrient,0,5,5,1.0
venlo,0,5,5,1.0
inculc,0,5,5,1.0
almi,0,5,5,1.0
featheri,0,5,5,1.0
martn,0,5,5,1.0
rimer,5,0,5,0.0
hershkovitz,5,0,5,0.0
spacesuit,0,5,5,1.0
unpopular,4,1,5,0.2
transpacif,0,5,5,1.0
snowbird,5,0,5,0.0
wacki,2,3,5,0.6
swanlik,0,5,5,1.0
citifi,0,5,5,1.0
nardi,5,0,5,0.0
chacun,0,5,5,1.0
filmset,0,5,5,1.0
highwayman,0,5,5,1.0
jhender,5,0,5,0.0
dhjommto,0,5,5,1.0
tintin,0,5,5,1.0
hinton,2,3,5,0.6
doole,0,5,5,1.0
seiten,0,5,5,1.0
jac,5,0,5,0.0
naranja,0,5,5,1.0
churchgoer,0,5,5,1.0
istor,0,5,5,1.0
henriqu,4,1,5,0.2
evo,0,5,5,1.0
factiou,0,5,5,1.0
crossway,0,5,5,1.0
spyglass,1,4,5,0.8
gladston,1,4,5,0.8
quilt,0,5,5,1.0
noontim,0,5,5,1.0
anno,0,5,5,1.0
ters,4,1,5,0.2
roobaert,5,0,5,0.0
aprovecha,0,5,5,1.0
steamboat,0,5,5,1.0
autismo,0,5,5,1.0
tehran,0,5,5,1.0
niesteti,5,0,5,0.0
dishevel,0,5,5,1.0
pagerank,0,5,5,1.0
waveform,0,5,5,1.0
hudler,5,0,5,0.0
magicstor,0,5,5,1.0
lumbar,0,5,5,1.0
hookworm,0,5,5,1.0
vidor,5,0,5,0.0
cambiar,0,5,5,1.0
kreg,5,0,5,0.0
phrasemak,0,5,5,1.0
inset,0,5,5,1.0
esophagectomi,0,5,5,1.0
responsabilidad,0,5,5,1.0
pel,0,5,5,1.0
redrock,5,0,5,0.0
misgiv,2,3,5,0.6
vprofil,0,5,5,1.0
kola,0,5,5,1.0
bechler,0,5,5,1.0
ventricl,0,5,5,1.0
nevrl,5,0,5,0.0
nitpick,0,5,5,1.0
olabilir,0,5,5,1.0
salmonella,0,5,5,1.0
lutetium,0,5,5,1.0
kwashiorkor,0,5,5,1.0
neurosmith,0,5,5,1.0
rinehart,1,4,5,0.8
loook,0,5,5,1.0
serrano,2,3,5,0.6
mcquad,5,0,5,0.0
holdov,0,5,5,1.0
quaiit,0,5,5,1.0
dastard,0,5,5,1.0
wah,0,5,5,1.0
jermakyan,5,0,5,0.0
tonal,0,5,5,1.0
retinu,0,5,5,1.0
pricey,3,2,5,0.4
troutman,3,2,5,0.4
mailout,5,0,5,0.0
danilochkina,5,0,5,0.0
wth,0,5,5,1.0
minal,5,0,5,0.0
fash,5,0,5,0.0
qii,5,0,5,0.0
mhm,2,3,5,0.6
scholarli,1,4,5,0.8
skean,5,0,5,0.0
spatula,0,5,5,1.0
terbium,0,5,5,1.0
tnt,0,5,5,1.0
workmen,0,5,5,1.0
efectiva,0,5,5,1.0
mnemon,0,5,5,1.0
zack,4,1,5,0.2
colegio,0,5,5,1.0
twix,4,1,5,0.2
calier,0,5,5,1.0
etccarri,0,5,5,1.0
mfa,3,2,5,0.4
sssmith,5,0,5,0.0
taipei,1,4,5,0.8
licoric,0,5,5,1.0
emilia,0,5,5,1.0
marginheight,0,5,5,1.0
eschew,0,5,5,1.0
monika,5,0,5,0.0
cher,0,5,5,1.0
hellol,0,5,5,1.0
superbowl,4,1,5,0.2
virtuos,0,5,5,1.0
egov,5,0,5,0.0
threshingtim,0,5,5,1.0
lpc,0,5,5,1.0
arachnophag,0,5,5,1.0
goodli,0,5,5,1.0
fluff,1,4,5,0.8
dustbin,0,5,5,1.0
unearli,0,5,5,1.0
featherbed,0,5,5,1.0
reprehens,0,5,5,1.0
vário,0,5,5,1.0
parac,0,5,5,1.0
unguid,0,5,5,1.0
racketi,0,5,5,1.0
wif,0,5,5,1.0
medida,0,5,5,1.0
hillel,0,5,5,1.0
uxuri,0,5,5,1.0
scheuer,5,0,5,0.0
movimiento,0,5,5,1.0
jute,0,5,5,1.0
midshipmen,0,5,5,1.0
fanfold,0,5,5,1.0
fundamento,0,5,5,1.0
camoglu,5,0,5,0.0
bloke,1,4,5,0.8
enronl,5,0,5,0.0
puddingston,0,5,5,1.0
matosinho,0,5,5,1.0
laureat,2,3,5,0.6
uyumlu,0,5,5,1.0
devitofranceschi,5,0,5,0.0
substat,5,0,5,0.0
credito,0,5,5,1.0
impromptu,1,4,5,0.8
watkiss,5,0,5,0.0
chil,0,5,5,1.0
jazzi,0,5,5,1.0
shaffer,0,5,5,1.0
chariotway,0,5,5,1.0
setoff,5,0,5,0.0
loe,5,0,5,0.0
czasu,5,0,5,0.0
dougi,0,5,5,1.0
offbeat,0,5,5,1.0
kz,1,4,5,0.8
botul,0,5,5,1.0
yodel,0,5,5,1.0
sanctuari,0,5,5,1.0
snick,0,5,5,1.0
mcname,5,0,5,0.0
guo,5,0,5,0.0
peoplesoft,5,0,5,0.0
expeci,0,5,5,1.0
suffus,0,5,5,1.0
hackmypsp,0,5,5,1.0
wakerobin,0,5,5,1.0
iasa,5,0,5,0.0
genial,0,5,5,1.0
pulmonari,0,5,5,1.0
bivari,0,5,5,1.0
tosco,5,0,5,0.0
chanut,5,0,5,0.0
vate,0,5,5,1.0
makkai,5,0,5,0.0
forthrightli,5,0,5,0.0
gauz,0,5,5,1.0
ashton,4,1,5,0.2
riparian,0,5,5,1.0
marykay,5,0,5,0.0
oranj,0,5,5,1.0
pathogenesi,0,5,5,1.0
nnw,0,5,5,1.0
aceptar,0,5,5,1.0
prash,0,5,5,1.0
mulberri,0,5,5,1.0
theorizi,0,5,5,1.0
indispos,0,5,5,1.0
loanx,5,0,5,0.0
gjohnson,5,0,5,0.0
handlebar,1,4,5,0.8
woebegon,0,5,5,1.0
dickhead,0,5,5,1.0
strode,0,5,5,1.0
trisodium,0,5,5,1.0
unansw,5,0,5,0.0
seismographi,0,5,5,1.0
wearabl,0,5,5,1.0
nightmarish,0,5,5,1.0
truanci,0,5,5,1.0
cuban,2,3,5,0.6
gbmdc,5,0,5,0.0
misnom,0,5,5,1.0
highqual,0,5,5,1.0
itiner,0,5,5,1.0
rnore,0,5,5,1.0
neik,0,5,5,1.0
genealog,0,5,5,1.0
laughingstock,0,5,5,1.0
irredentist,0,5,5,1.0
ellh,0,5,5,1.0
alterao,0,5,5,1.0
gab,0,5,5,1.0
soth,1,4,5,0.8
xerx,0,5,5,1.0
blazer,3,2,5,0.4
rant,2,3,5,0.6
gett,0,5,5,1.0
peggott,0,5,5,1.0
irradi,0,5,5,1.0
ipfinanceink,0,5,5,1.0
spire,0,5,5,1.0
autosign,0,5,5,1.0
burru,4,1,5,0.2
gaurav,4,1,5,0.2
mrrefinanc,0,5,5,1.0
madagascar,0,5,5,1.0
innuendo,1,4,5,0.8
dxg,0,5,5,1.0
philadelphian,0,5,5,1.0
stargaz,1,4,5,0.8
calea,0,5,5,1.0
assyriolog,0,5,5,1.0
iev,0,5,5,1.0
sitter,3,2,5,0.4
mpg,3,2,5,0.4
escher,0,5,5,1.0
lebanon,2,3,5,0.6
sicken,1,4,5,0.8
gridco,5,0,5,0.0
oblat,0,5,5,1.0
gimbl,5,0,5,0.0
maillet,5,0,5,0.0
galapago,0,5,5,1.0
molin,0,5,5,1.0
ontolog,0,5,5,1.0
leif,1,4,5,0.8
symposia,0,5,5,1.0
ipfinans,0,5,5,1.0
aiignment,0,5,5,1.0
afteral,4,1,5,0.2
hypocrisi,0,5,5,1.0
spoilag,0,5,5,1.0
spinster,0,5,5,1.0
relacion,0,5,5,1.0
abierto,0,5,5,1.0
tanh,0,5,5,1.0
neuroanatomi,0,5,5,1.0
nyquist,0,5,5,1.0
enva,0,5,5,1.0
nanomet,0,5,5,1.0
joust,0,5,5,1.0
washi,0,5,5,1.0
egresado,0,5,5,1.0
personaili,0,5,5,1.0
constancia,0,5,5,1.0
haberdasheri,0,5,5,1.0
csgu,0,5,5,1.0
burley,0,5,5,1.0
whizz,0,5,5,1.0
bethel,1,4,5,0.8
composé,0,5,5,1.0
seksaria,5,0,5,0.0
mmore,4,1,5,0.2
totalitarian,1,4,5,0.8
bailiff,0,5,5,1.0
jaundic,0,5,5,1.0
sankey,5,0,5,0.0
masfr,0,5,5,1.0
nucredit,0,5,5,1.0
cza,5,0,5,0.0
estratgico,0,5,5,1.0
qal,0,5,5,1.0
gruel,3,2,5,0.4
awea,3,2,5,0.4
pompeu,0,5,5,1.0
padlock,1,4,5,0.8
kauf,0,5,5,1.0
observatori,1,4,5,0.8
raoul,0,5,5,1.0
rowboat,0,5,5,1.0
shipley,0,5,5,1.0
moo,0,5,5,1.0
foci,0,5,5,1.0
maxwellian,0,5,5,1.0
consulag,0,5,5,1.0
froehl,5,0,5,0.0
styli,0,5,5,1.0
inadmiss,0,5,5,1.0
portman,0,5,5,1.0
krava,5,0,5,0.0
effic,0,5,5,1.0
vanston,5,0,5,0.0
veya,0,5,5,1.0
branom,5,0,5,0.0
adrrf,5,0,5,0.0
murr,0,5,5,1.0
kf,1,4,5,0.8
insinu,0,5,5,1.0
enchantress,0,5,5,1.0
mockeri,0,5,5,1.0
slimi,1,4,5,0.8
camellia,0,5,5,1.0
joinlb,5,0,5,0.0
unstopp,4,1,5,0.2
sak,4,1,5,0.2
pansi,0,5,5,1.0
wpm,2,3,5,0.6
hehe,0,5,5,1.0
zantac,0,5,5,1.0
palczer,5,0,5,0.0
hemisher,5,0,5,0.0
cookoff,5,0,5,0.0
southward,1,4,5,0.8
glr,0,5,5,1.0
velutin,0,5,5,1.0
pharmacyfory,0,5,5,1.0
sondra,3,2,5,0.4
affordabowl,0,5,5,1.0
frate,5,0,5,0.0
gaugeabl,0,5,5,1.0
naacp,0,5,5,1.0
lemonad,1,4,5,0.8
lak,4,1,5,0.2
blankenship,1,4,5,0.8
lisk,5,0,5,0.0
wht,1,4,5,0.8
husbandman,0,5,5,1.0
lissaj,0,5,5,1.0
nepalesian,0,5,5,1.0
masseur,0,5,5,1.0
shoulda,5,0,5,0.0
granola,0,5,5,1.0
whitefac,0,5,5,1.0
vassal,0,5,5,1.0
lousewort,0,5,5,1.0
abrbrfont,0,5,5,1.0
aleksandra,3,2,5,0.4
octoroon,0,5,5,1.0
podg,0,5,5,1.0
capex,4,1,5,0.2
sdsc,5,0,5,0.0
zij,0,5,5,1.0
toggl,1,4,5,0.8
olex,0,5,5,1.0
kaskaskia,0,5,5,1.0
rdio,0,5,5,1.0
sooo,2,3,5,0.6
somat,0,5,5,1.0
giganticne,0,5,5,1.0
sulli,1,4,5,0.8
rsultat,0,5,5,1.0
corbitt,5,0,5,0.0
saturnalia,0,5,5,1.0
wadsworth,0,5,5,1.0
dimli,0,5,5,1.0
tyrannicid,0,5,5,1.0
typographi,1,4,5,0.8
resuem,5,0,5,0.0
consignar,0,5,5,1.0
hereford,0,5,5,1.0
harangu,2,3,5,0.6
nel,3,2,5,0.4
uxga,0,5,5,1.0
yhdo,0,5,5,1.0
capacidad,0,5,5,1.0
equestrian,0,5,5,1.0
halvah,0,5,5,1.0
smelteri,0,5,5,1.0
amedeo,0,5,5,1.0
intelligentsia,0,5,5,1.0
ajudar,0,5,5,1.0
grater,0,5,5,1.0
pios,0,5,5,1.0
yarmulk,0,5,5,1.0
taffeta,0,5,5,1.0
shortsight,2,3,5,0.6
sawdust,1,4,5,0.8
isaacson,1,4,5,0.8
mudguard,0,5,5,1.0
kaplanfox,5,0,5,0.0
preacher,4,1,5,0.2
unperm,0,5,5,1.0
splotch,0,5,5,1.0
optimizacin,0,5,5,1.0
unsuperscrib,0,5,5,1.0
waal,4,1,5,0.2
stegosauru,0,5,5,1.0
perrot,0,5,5,1.0
axa,4,1,5,0.2
vesicular,0,5,5,1.0
hedon,0,5,5,1.0
coga,5,0,5,0.0
unitari,0,5,5,1.0
laurentii,0,5,5,1.0
skyjack,0,5,5,1.0
coroutin,0,5,5,1.0
spangl,1,4,5,0.8
lieskovski,5,0,5,0.0
infosel,4,1,5,0.2
batho,0,5,5,1.0
corpuscular,0,5,5,1.0
whistleabl,0,5,5,1.0
morgu,0,5,5,1.0
wortham,5,0,5,0.0
dnb,4,1,5,0.2
algum,0,5,5,1.0
ofa,0,5,5,1.0
galiot,0,5,5,1.0
mailbag,0,5,5,1.0
incontrovert,0,5,5,1.0
platonist,0,5,5,1.0
preposit,0,5,5,1.0
mooresourc,5,0,5,0.0
nonexist,5,0,5,0.0
pushbutton,0,5,5,1.0
devoid,1,4,5,0.8
upt,0,5,5,1.0
pestil,0,5,5,1.0
strengthless,0,5,5,1.0
bladdernut,0,5,5,1.0
luminari,0,5,5,1.0
childish,0,5,5,1.0
seminarian,0,5,5,1.0
enogex,5,0,5,0.0
shay,0,5,5,1.0
sprung,0,5,5,1.0
anaysi,0,5,5,1.0
longleg,0,5,5,1.0
petzoldt,0,5,5,1.0
ejacult,0,5,5,1.0
artik,0,5,5,1.0
roeder,5,0,5,0.0
doric,0,5,5,1.0
windshield,0,5,5,1.0
bwnbsp,0,5,5,1.0
mrtg,0,5,5,1.0
zelda,5,0,5,0.0
privaten,0,5,5,1.0
midspan,0,5,5,1.0
amphisbaenian,0,5,5,1.0
smokin,0,5,5,1.0
mcafpre,0,5,5,1.0
breeder,0,5,5,1.0
casadelaciudad,0,5,5,1.0
afeet,0,5,5,1.0
igneou,0,5,5,1.0
putti,0,5,5,1.0
tobe,0,5,5,1.0
mstibolt,5,0,5,0.0
endicott,0,5,5,1.0
sycoph,0,5,5,1.0
hotpick,0,5,5,1.0
avaliação,0,5,5,1.0
transvers,0,5,5,1.0
porcin,0,5,5,1.0
vermouth,0,5,5,1.0
counterman,0,5,5,1.0
justinl,0,5,5,1.0
oddli,4,1,5,0.2
frail,1,4,5,0.8
kareem,0,5,5,1.0
atendimento,0,5,5,1.0
augusto,0,5,5,1.0
bluebush,0,5,5,1.0
kjeldahl,0,5,5,1.0
indisposit,0,5,5,1.0
jerami,0,5,5,1.0
xerographi,0,5,5,1.0
tarot,0,5,5,1.0
metalwork,1,4,5,0.8
anaspec,0,5,5,1.0
xvid,0,5,5,1.0
squawbush,0,5,5,1.0
cirqu,4,1,5,0.2
stoic,3,2,5,0.4
aprov,1,4,5,0.8
pelot,5,0,5,0.0
incarn,1,4,5,0.8
aeolu,0,5,5,1.0
ratner,5,0,5,0.0
impieti,0,5,5,1.0
osc,2,3,5,0.6
jackup,5,0,5,0.0
gell,1,4,5,0.8
squeaki,1,4,5,0.8
nlwbio,5,0,5,0.0
hartland,0,5,5,1.0
superstiti,1,4,5,0.8
procyon,0,5,5,1.0
moneyhon,0,5,5,1.0
retro,5,0,5,0.0
excellen,0,5,5,1.0
recuit,5,0,5,0.0
recevoir,0,5,5,1.0
tanzania,0,5,5,1.0
transduct,0,5,5,1.0
pong,0,5,5,1.0
havilland,0,5,5,1.0
walkout,0,5,5,1.0
penna,0,5,5,1.0
hirsut,0,5,5,1.0
militiamen,0,5,5,1.0
stereographi,0,5,5,1.0
rsn,5,0,5,0.0
itiv,0,5,5,1.0
nitrit,0,5,5,1.0
howsomev,0,5,5,1.0
engross,0,5,5,1.0
yomama,0,5,5,1.0
plop,0,5,5,1.0
huckster,0,5,5,1.0
pimp,0,5,5,1.0
hopewel,0,5,5,1.0
yarn,0,5,5,1.0
sommerfeld,0,5,5,1.0
mwi,1,4,5,0.8
dicho,0,5,5,1.0
heh,0,5,5,1.0
ansonsten,3,2,5,0.4
synesthesia,0,5,5,1.0
kimat,5,0,5,0.0
photodynam,0,5,5,1.0
anschrift,0,5,5,1.0
ipg,0,5,5,1.0
overarch,0,5,5,1.0
cheep,0,5,5,1.0
barrymor,0,5,5,1.0
dormitori,0,5,5,1.0
rpc,0,5,5,1.0
indoeuropean,0,5,5,1.0
hiemstra,5,0,5,0.0
trenkl,0,5,5,1.0
tigri,0,5,5,1.0
divorce,0,5,5,1.0
duopoli,0,5,5,1.0
breadroot,0,5,5,1.0
ieta,1,4,5,0.8
adbahadur,0,5,5,1.0
peppi,0,5,5,1.0
ohm,0,5,5,1.0
recevez,0,5,5,1.0
desire,2,3,5,0.6
dahlig,0,5,5,1.0
researc,0,5,5,1.0
helplessli,3,2,5,0.4
imperceiv,0,5,5,1.0
nepirem,0,5,5,1.0
gude,5,0,5,0.0
arctang,0,5,5,1.0
magma,1,4,5,0.8
mayst,0,5,5,1.0
hydrofluor,0,5,5,1.0
velasquez,2,3,5,0.6
meadowtre,5,0,5,0.0
bop,0,5,5,1.0
trikatu,0,5,5,1.0
eyadema,0,5,5,1.0
outli,2,3,5,0.6
flirtat,0,5,5,1.0
fanc,5,0,5,0.0
liasion,3,2,5,0.4
wuhan,0,5,5,1.0
insemin,0,5,5,1.0
tarmac,3,2,5,0.4
comfi,4,1,5,0.2
nigh,0,5,5,1.0
nordhoff,0,5,5,1.0
hellfir,0,5,5,1.0
glib,0,5,5,1.0
leaki,0,5,5,1.0
outlandish,1,4,5,0.8
sunda,3,2,5,0.4
mori,2,3,5,0.6
aeecent,5,0,5,0.0
usub,0,5,5,1.0
coltsfoot,0,5,5,1.0
cosa,0,5,5,1.0
tattler,0,5,5,1.0
frist,3,2,5,0.4
flaxse,0,5,5,1.0
entre,4,1,5,0.2
manda,0,5,5,1.0
habla,0,5,5,1.0
azteca,2,3,5,0.6
youngster,0,5,5,1.0
onemain,5,0,5,0.0
harmshop,0,5,5,1.0
gypsit,0,5,5,1.0
priv,0,5,5,1.0
bestcheapstuff,0,5,5,1.0
sstore,0,5,5,1.0
inmobiliam,0,5,5,1.0
mag,1,4,5,0.8
ogloszenia,0,5,5,1.0
morew,0,5,5,1.0
workhors,1,4,5,0.8
buiness,2,3,5,0.6
escondido,5,0,5,0.0
screech,0,5,5,1.0
lippincott,0,5,5,1.0
darzustellen,3,2,5,0.4
tavern,0,5,5,1.0
mutton,0,5,5,1.0
naivet,0,5,5,1.0
serifno,0,5,5,1.0
whisk,1,4,5,0.8
septat,0,5,5,1.0
medir,0,5,5,1.0
innatpenn,5,0,5,0.0
radford,5,0,5,0.0
unsubstanti,3,2,5,0.4
medzmail,0,5,5,1.0
glassin,0,5,5,1.0
rorschach,4,1,5,0.2
aplicar,0,5,5,1.0
wbm,0,5,5,1.0
snuffi,0,5,5,1.0
ticnet,5,0,5,0.0
suzerain,0,5,5,1.0
sul,1,4,5,0.8
triennial,4,1,5,0.2
ceyhan,5,0,5,0.0
phosphoresc,0,5,5,1.0
enerfax,5,0,5,0.0
dbt,0,5,5,1.0
avantageux,0,5,5,1.0
roda,0,5,5,1.0
headstrong,0,5,5,1.0
withi,0,5,5,1.0
unlog,0,5,5,1.0
menscar,0,5,5,1.0
resound,5,0,5,0.0
tessandori,5,0,5,0.0
irvingwac,0,5,5,1.0
calypso,0,5,5,1.0
ontvangen,0,5,5,1.0
hanoi,0,5,5,1.0
diffusa,0,5,5,1.0
wonderfulm,0,5,5,1.0
popu,0,5,5,1.0
octil,0,5,5,1.0
tumblewe,5,0,5,0.0
onlln,0,5,5,1.0
texasmonthli,5,0,5,0.0
strongstrongemfont,0,5,5,1.0
squid,0,5,5,1.0
navidad,1,4,5,0.8
polecat,0,5,5,1.0
moneeyi,0,5,5,1.0
macromolecular,0,5,5,1.0
salish,0,5,5,1.0
divan,0,5,5,1.0
triumphant,0,5,5,1.0
waterburi,0,5,5,1.0
rabat,0,5,5,1.0
menac,0,5,5,1.0
mypic,0,5,5,1.0
knickerbock,0,5,5,1.0
phonographi,0,5,5,1.0
nondisclosur,5,0,5,0.0
contraremonstr,0,5,5,1.0
sweater,0,5,5,1.0
ashor,0,5,5,1.0
headland,0,5,5,1.0
ittasteslikeappl,0,5,5,1.0
miteproof,0,5,5,1.0
necesaria,0,5,5,1.0
couscou,0,5,5,1.0
wxgatru,0,5,5,1.0
jerusalem,1,4,5,0.8
accomplic,1,4,5,0.8
mallam,0,5,5,1.0
clubroom,0,5,5,1.0
cbl,0,5,5,1.0
stibolt,5,0,5,0.0
friar,0,5,5,1.0
watersinfo,5,0,5,0.0
retdehola,0,5,5,1.0
eadership,0,5,5,1.0
markwart,5,0,5,0.0
ceridian,5,0,5,0.0
olfactori,0,5,5,1.0
larkspur,0,5,5,1.0
lth,0,5,5,1.0
oxcart,0,5,5,1.0
dgo,0,5,5,1.0
sleeper,0,5,5,1.0
excalibu,0,5,5,1.0
slightest,5,0,5,0.0
captulo,0,5,5,1.0
mahonia,5,0,5,0.0
sayer,3,2,5,0.4
voicenet,1,4,5,0.8
jayshre,5,0,5,0.0
harpi,0,5,5,1.0
salesgirl,0,5,5,1.0
pergunta,0,5,5,1.0
raccoon,0,5,5,1.0
metallurgi,0,5,5,1.0
oro,0,5,5,1.0
forbish,5,0,5,0.0
ilen,4,1,5,0.2
celexa,0,5,5,1.0
gridflorida,5,0,5,0.0
teem,0,5,5,1.0
maltos,0,5,5,1.0
testicl,0,5,5,1.0
antioquia,0,5,5,1.0
facult,0,5,5,1.0
electrif,2,3,5,0.6
fabra,0,5,5,1.0
igservic,5,0,5,0.0
alpert,0,5,5,1.0
ajit,5,0,5,0.0
neuen,0,5,5,1.0
trame,0,5,5,1.0
kowalewski,0,5,5,1.0
tarif,0,5,5,1.0
erogen,0,5,5,1.0
chrysalid,0,5,5,1.0
refrigerio,0,5,5,1.0
burchett,5,0,5,0.0
rote,0,5,5,1.0
ezekiel,0,5,5,1.0
driveimprov,0,5,5,1.0
schill,4,1,5,0.2
unforseen,0,5,5,1.0
subterfug,1,4,5,0.8
watermelon,0,5,5,1.0
nmrc,0,5,5,1.0
innard,0,5,5,1.0
magdalen,0,5,5,1.0
shrewish,0,5,5,1.0
saratoga,0,5,5,1.0
slimp,5,0,5,0.0
questoil,0,5,5,1.0
yourr,0,5,5,1.0
correspondingli,4,1,5,0.2
hacerlo,0,5,5,1.0
immemori,0,5,5,1.0
exciton,0,5,5,1.0
crítica,0,5,5,1.0
macmilli,5,0,5,0.0
kostya,5,0,5,0.0
gammal,5,0,5,0.0
milieu,0,5,5,1.0
rowadi,5,0,5,0.0
crochet,0,5,5,1.0
graveyard,0,5,5,1.0
melio,0,5,5,1.0
eyelash,0,5,5,1.0
inteliectu,0,5,5,1.0
sadi,0,5,5,1.0
vitr,0,5,5,1.0
sharess,0,5,5,1.0
stablil,5,0,5,0.0
tabitha,0,5,5,1.0
reissu,5,0,5,0.0
viewabl,3,2,5,0.4
rodrigu,5,0,5,0.0
especial,0,5,5,1.0
kremlin,0,5,5,1.0
pinscher,0,5,5,1.0
montenegrin,0,5,5,1.0
undeni,1,4,5,0.8
mcdonough,3,2,5,0.4
arriesgar,0,5,5,1.0
johnstown,0,5,5,1.0
partsong,0,5,5,1.0
coffl,0,5,5,1.0
miejsc,0,5,5,1.0
casamento,0,5,5,1.0
knopick,0,5,5,1.0
aredit,0,5,5,1.0
minski,0,5,5,1.0
graveur,0,5,5,1.0
pyrolysi,0,5,5,1.0
occid,0,5,5,1.0
chau,0,5,5,1.0
racheal,2,3,5,0.6
taub,5,0,5,0.0
correspondient,0,5,5,1.0
lifeboat,0,5,5,1.0
tyburn,0,5,5,1.0
cir,2,3,5,0.6
tinkl,0,5,5,1.0
pledelo,0,5,5,1.0
referenda,2,3,5,0.6
moe,0,5,5,1.0
kajar,0,5,5,1.0
jou,0,5,5,1.0
landwehr,5,0,5,0.0
kimono,0,5,5,1.0
medg,0,5,5,1.0
tarifa,0,5,5,1.0
distinctli,1,4,5,0.8
vorschlag,0,5,5,1.0
tabletalk,5,0,5,0.0
jockstrap,0,5,5,1.0
horesho,0,5,5,1.0
plaisir,0,5,5,1.0
termini,0,5,5,1.0
monaur,0,5,5,1.0
firmi,5,0,5,0.0
turnback,5,0,5,0.0
wishi,0,5,5,1.0
outreach,4,1,5,0.2
oblivi,1,4,5,0.8
sherbet,0,5,5,1.0
pareja,0,5,5,1.0
acn,1,4,5,0.8
mod,5,0,5,0.0
dermatolog,0,5,5,1.0
hypertext,0,5,5,1.0
repossess,0,5,5,1.0
rangler,0,5,5,1.0
fring,1,4,5,0.8
maledict,0,5,5,1.0
titu,0,5,5,1.0
superfin,0,5,5,1.0
tcnico,0,5,5,1.0
ottoman,0,5,5,1.0
deiiv,0,5,5,1.0
malabar,0,5,5,1.0
ocena,5,0,5,0.0
malfeas,2,3,5,0.6
tantamount,2,3,5,0.6
photomot,0,5,5,1.0
mshop,0,5,5,1.0
glft,0,5,5,1.0
bolling,5,0,5,0.0
ackermann,5,0,5,0.0
referencia,0,5,5,1.0
gullion,5,0,5,0.0
empleado,0,5,5,1.0
vulneros,0,5,5,1.0
gauntlet,0,5,5,1.0
accuweath,5,0,5,0.0
cuz,0,5,5,1.0
metamorphosi,0,5,5,1.0
mariana,2,3,5,0.6
ýle,0,5,5,1.0
ncaa,0,5,5,1.0
retainag,5,0,5,0.0
florio,5,0,5,0.0
gruessen,0,5,5,1.0
spheric,2,3,5,0.6
jefford,5,0,5,0.0
penumbra,0,5,5,1.0
neroli,0,5,5,1.0
diciaccio,0,5,5,1.0
lycopodium,0,5,5,1.0
analista,0,5,5,1.0
vitiat,0,5,5,1.0
romain,2,3,5,0.6
excalibur,4,1,5,0.2
mentorso,0,5,5,1.0
chavana,0,5,5,1.0
inbre,0,5,5,1.0
destec,5,0,5,0.0
administrar,0,5,5,1.0
sok,0,5,5,1.0
madr,0,5,5,1.0
rollup,5,0,5,0.0
enpip,5,0,5,0.0
izbz,0,5,5,1.0
luken,5,0,5,0.0
indestruct,0,5,5,1.0
trefoil,0,5,5,1.0
eulog,0,5,5,1.0
embryo,0,5,5,1.0
profoundli,1,4,5,0.8
carruth,0,5,5,1.0
foist,1,4,5,0.8
tinto,1,4,5,0.8
vessei,0,5,5,1.0
olli,1,4,5,0.8
hadrian,0,5,5,1.0
hearth,0,5,5,1.0
monaco,2,3,5,0.6
risklimit,5,0,5,0.0
synthes,2,3,5,0.6
halpern,0,5,5,1.0
residuari,0,5,5,1.0
modena,0,5,5,1.0
sojourn,0,5,5,1.0
amoxil,0,5,5,1.0
grandniec,0,5,5,1.0
ã,0,5,5,1.0
payyless,0,5,5,1.0
momentari,0,5,5,1.0
lipread,0,5,5,1.0
yve,0,5,5,1.0
foodstuff,0,5,5,1.0
loosestrif,0,5,5,1.0
estudo,0,5,5,1.0
prescrlptlon,0,5,5,1.0
formaldehyd,0,5,5,1.0
dictatorship,0,5,5,1.0
misogyni,0,5,5,1.0
keddah,0,5,5,1.0
imprimir,3,2,5,0.4
inerti,0,5,5,1.0
corrigenda,0,5,5,1.0
propyno,0,5,5,1.0
onnliin,0,5,5,1.0
weve,0,5,5,1.0
nihk,0,5,5,1.0
dundalk,0,5,5,1.0
ufc,0,5,5,1.0
swapsmonitor,5,0,5,0.0
zombi,2,3,5,0.6
magicprint,0,5,5,1.0
reredo,0,5,5,1.0
medco,5,0,5,0.0
relentlessli,5,0,5,0.0
overgrown,0,5,5,1.0
hopkinsvil,5,0,5,0.0
kauffman,3,2,5,0.4
walcott,0,5,5,1.0
multimdia,0,5,5,1.0
fomalhaut,0,5,5,1.0
incluir,0,5,5,1.0
hitler,0,5,5,1.0
underrecov,5,0,5,0.0
rankl,1,4,5,0.8
rutabaga,0,5,5,1.0
herren,0,5,5,1.0
buxom,0,5,5,1.0
srpnet,5,0,5,0.0
womanhood,0,5,5,1.0
pentiumc,5,0,5,0.0
todavia,0,5,5,1.0
successfuili,0,5,5,1.0
ypl,0,5,5,1.0
stahl,0,5,5,1.0
roundhead,0,5,5,1.0
possui,0,5,5,1.0
bozano,5,0,5,0.0
swine,0,5,5,1.0
confoc,0,5,5,1.0
cendant,5,0,5,0.0
neslag,5,0,5,0.0
acima,0,5,5,1.0
nextpart,2,3,5,0.6
bombet,0,5,5,1.0
lise,2,3,5,0.6
twila,0,5,5,1.0
nameistr,0,5,5,1.0
reddish,2,3,5,0.6
hotwir,0,5,5,1.0
peppermint,0,5,5,1.0
shedir,0,5,5,1.0
croatian,4,1,5,0.2
mobcap,0,5,5,1.0
schertz,0,5,5,1.0
quillaia,0,5,5,1.0
pandem,0,5,5,1.0
dealsuw,0,5,5,1.0
kaleidoscop,0,5,5,1.0
comvers,3,2,5,0.4
synod,0,5,5,1.0
cigarettez,0,5,5,1.0
pemmican,0,5,5,1.0
envoic,5,0,5,0.0
jebong,5,0,5,0.0
thconfsess,5,0,5,0.0
entrevista,0,5,5,1.0
encycloped,0,5,5,1.0
zzn,1,4,5,0.8
aquilino,0,5,5,1.0
mvsn,1,4,5,0.8
mahmoud,5,0,5,0.0
sepa,2,3,5,0.6
dpo,0,5,5,1.0
fsu,4,1,5,0.2
jano,3,2,5,0.4
neurosi,0,5,5,1.0
fhilton,5,0,5,0.0
rachmaninoff,0,5,5,1.0
cinicia,0,5,5,1.0
gummi,2,3,5,0.6
netlimit,0,5,5,1.0
skelet,0,5,5,1.0
enstatit,0,5,5,1.0
wtco,5,0,5,0.0
peugeot,0,5,5,1.0
idiosyncrasi,0,5,5,1.0
